0 -436.27026367 -7.03661716
1 -436.27478027 -7.03669000
2 -436.27661133 -7.03671954
3 -436.27899170 -7.03675793
4 -436.28042603 -7.03678106
5 -436.28186035 -7.03680420
6 -436.28350830 -7.03683078
7 -436.28430176 -7.03684358
8 -436.28549194 -7.03686277
9 -436.28686523 -7.03688492
10 -436.28814697 -7.03690560
11 -436.28887939 -7.03691741
12 -436.28979492 -7.03693218
13 -436.29046631 -7.03694300
14 -436.29147339 -7.03695925
15 -436.29187012 -7.03696565
16 -436.29306030 -7.03698484
17 -436.29351807 -7.03699223
18 -436.29449463 -7.03700798
19 -436.29589844 -7.03703062
20 -436.29641724 -7.03703899
21 -436.29742432 -7.03705523
22 -436.29803467 -7.03706508
23 -436.29852295 -7.03707295
24 -436.29946899 -7.03708821
25 -436.29986572 -7.03709461
26 -436.30087280 -7.03711085
27 -436.30114746 -7.03711528
28 -436.30200195 -7.03712906
29 -436.30267334 -7.03713989
30 -436.30310059 -7.03714678
31 -436.30358887 -7.03715466
32 -436.30435181 -7.03716696
33 -436.30505371 -7.03717829
34 -436.30511475 -7.03717927
35 -436.30560303 -7.03718715
36 -436.30682373 -7.03720683
