0 -480.66400146 -6.86662859
1 -480.68734741 -6.86696211
2 -480.70108032 -6.86715829
3 -480.70935059 -6.86727644
4 -480.71615601 -6.86737366
5 -480.72094727 -6.86744210
6 -480.72430420 -6.86749006
7 -480.72695923 -6.86752799
8 -480.72970581 -6.86756723
9 -480.73150635 -6.86759295
10 -480.73333740 -6.86761911
11 -480.73468018 -6.86763829
12 -480.73651123 -6.86766445
13 -480.73757935 -6.86767970
14 -480.73864746 -6.86769496
15 -480.73947144 -6.86770673
16 -480.74032593 -6.86771894
17 -480.74172974 -6.86773900
