0 -743.96166992 -6.88853398
1 -744.00854492 -6.88896801
2 -744.04559326 -6.88931105
3 -744.07684326 -6.88960040
4 -744.09942627 -6.88980950
5 -744.12268066 -6.89002482
6 -744.14141846 -6.89019832
7 -744.15960693 -6.89036673
8 -744.17333984 -6.89049389
9 -744.18359375 -6.89058883
10 -744.19488525 -6.89069338
11 -744.20318604 -6.89077024
12 -744.21166992 -6.89084880
13 -744.21887207 -6.89091548
14 -744.22363281 -6.89095956
15 -744.22656250 -6.89098669
16 -744.23114014 -6.89102908
17 -744.23413086 -6.89105677
18 -744.23779297 -6.89109068
19 -744.24139404 -6.89112402
20 -744.24414062 -6.89114945
21 -744.24682617 -6.89117432
22 -744.24816895 -6.89118675
23 -744.24938965 -6.89119805
24 -744.25085449 -6.89121162
25 -744.25134277 -6.89121614
26 -744.25268555 -6.89122857
27 -744.25433350 -6.89124383
28 -744.25524902 -6.89125231
29 -744.25756836 -6.89127378
30 -744.25805664 -6.89127830
31 -744.25909424 -6.89128791
32 -744.25854492 -6.89128282
33 -744.26019287 -6.89129808
34 -744.25964355 -6.89129300
35 -744.26104736 -6.89130599
36 -744.26184082 -6.89131334
37 -744.26257324 -6.89132012
38 -744.26196289 -6.89131447
39 -744.26275635 -6.89132182
40 -744.26171875 -6.89131221
41 -744.26141357 -6.89130938
42 -744.26257324 -6.89132012
43 -744.26330566 -6.89132690
44 -744.26245117 -6.89131899
45 -744.26300049 -6.89132408
46 -744.26452637 -6.89133821
47 -744.26519775 -6.89134442
48 -744.26452637 -6.89133821
49 -744.26452637 -6.89133821
50 -744.26525879 -6.89134499
51 -744.26580811 -6.89135008
52 -744.26562500 -6.89134838
53 -744.26611328 -6.89135290
54 -744.26708984 -6.89136194
55 -744.26763916 -6.89136703
56 -744.26782227 -6.89136872
57 -744.26727295 -6.89136364
58 -744.26684570 -6.89135968
59 -744.26696777 -6.89136081
60 -744.26806641 -6.89137099
61 -744.26794434 -6.89136985
62 -744.26757812 -6.89136646
63 -744.26794434 -6.89136985
64 -744.26818848 -6.89137212
65 -744.26794434 -6.89136985
66 -744.26696777 -6.89136081
67 -744.26599121 -6.89135177
68 -744.26647949 -6.89135629
69 -744.26721191 -6.89136307
70 -744.26666260 -6.89135799
71 -744.26593018 -6.89135121
72 -744.26721191 -6.89136307
73 -744.26544189 -6.89134668
74 -744.26605225 -6.89135234
75 -744.26568604 -6.89134894
76 -744.26733398 -6.89136420
77 -744.26562500 -6.89134838
78 -744.26611328 -6.89135290
79 -744.26721191 -6.89136307
80 -744.26696777 -6.89136081
81 -744.26739502 -6.89136477
82 -744.26599121 -6.89135177
83 -744.26727295 -6.89136364
84 -744.26770020 -6.89136759
85 -744.26770020 -6.89136759
86 -744.26672363 -6.89135855
87 -744.26562500 -6.89134838
88 -744.26538086 -6.89134612
89 -744.26416016 -6.89133482
90 -744.26354980 -6.89132916
91 -744.26531982 -6.89134555
92 -744.26623535 -6.89135403
93 -744.26477051 -6.89134047
94 -744.26416016 -6.89133482
95 -744.26416016 -6.89133482
96 -744.26361084 -6.89132973
97 -744.26391602 -6.89133256
98 -744.26458740 -6.89133877
99 -744.26409912 -6.89133425
100 -744.26452637 -6.89133821
101 -744.26428223 -6.89133595
102 -744.26391602 -6.89133256
103 -744.26409912 -6.89133425
104 -744.26397705 -6.89133312
105 -744.26391602 -6.89133256
106 -744.26470947 -6.89133990
107 -744.26489258 -6.89134160
108 -744.26470947 -6.89133990
109 -744.26574707 -6.89134951
110 -744.26422119 -6.89133538
111 -744.26336670 -6.89132747
112 -744.26336670 -6.89132747
113 -744.26403809 -6.89133369
114 -744.26361084 -6.89132973
115 -744.26470947 -6.89133990
116 -744.26531982 -6.89134555
117 -744.26513672 -6.89134386
118 -744.26342773 -6.89132803
119 -744.26281738 -6.89132238
120 -744.26196289 -6.89131447
121 -744.26208496 -6.89131560
122 -744.26153564 -6.89131052
123 -744.26232910 -6.89131786
124 -744.26293945 -6.89132351
125 -744.26354980 -6.89132916
126 -744.26373291 -6.89133086
127 -744.26177979 -6.89131278
128 -744.26208496 -6.89131560
129 -744.26147461 -6.89130995
130 -744.26165771 -6.89131165
131 -744.25946045 -6.89129130
132 -744.26086426 -6.89130430
133 -744.26208496 -6.89131560
134 -744.26129150 -6.89130825
135 -744.26104736 -6.89130599
136 -744.26129150 -6.89130825
137 -744.26086426 -6.89130430
138 -744.26208496 -6.89131560
139 -744.26147461 -6.89130995
140 -744.26110840 -6.89130656
141 -744.26013184 -6.89129752
142 -744.26007080 -6.89129695
143 -744.26049805 -6.89130091
144 -744.26037598 -6.89129978
145 -744.26171875 -6.89131221
146 -744.26098633 -6.89130543
147 -744.26080322 -6.89130373
148 -744.26098633 -6.89130543
149 -744.26123047 -6.89130769
150 -744.26147461 -6.89130995
151 -744.26031494 -6.89129921
152 -744.26037598 -6.89129978
153 -744.26135254 -6.89130882
154 -744.26275635 -6.89132182
155 -744.26129150 -6.89130825
156 -744.26123047 -6.89130769
157 -744.26281738 -6.89132238
158 -744.26220703 -6.89131673
159 -744.26312256 -6.89132521
160 -744.26300049 -6.89132408
161 -744.26269531 -6.89132125
162 -744.26293945 -6.89132351
163 -744.26220703 -6.89131673
164 -744.26293945 -6.89132351
165 -744.26306152 -6.89132464
166 -744.26275635 -6.89132182
167 -744.26104736 -6.89130599
168 -744.26147461 -6.89130995
169 -744.26232910 -6.89131786
170 -744.26202393 -6.89131504
171 -744.26269531 -6.89132125
172 -744.26275635 -6.89132182
173 -744.26269531 -6.89132125
174 -744.26391602 -6.89133256
175 -744.26275635 -6.89132182
176 -744.26306152 -6.89132464
177 -744.26367188 -6.89133030
178 -744.26348877 -6.89132860
179 -744.26330566 -6.89132690
180 -744.26373291 -6.89133086
181 -744.26293945 -6.89132351
182 -744.26263428 -6.89132069
183 -744.26391602 -6.89133256
184 -744.26403809 -6.89133369
185 -744.26306152 -6.89132464
186 -744.26159668 -6.89131108
187 -744.26141357 -6.89130938
188 -744.26306152 -6.89132464
189 -744.26342773 -6.89132803
190 -744.26300049 -6.89132408
191 -744.26220703 -6.89131673
192 -744.26361084 -6.89132973
193 -744.26574707 -6.89134951
194 -744.26562500 -6.89134838
195 -744.26568604 -6.89134894
196 -744.26519775 -6.89134442
197 -744.26440430 -6.89133708
198 -744.26519775 -6.89134442
199 -744.26403809 -6.89133369
200 -744.26483154 -6.89134103
201 -744.26562500 -6.89134838
202 -744.26599121 -6.89135177
203 -744.26617432 -6.89135347
204 -744.26678467 -6.89135912
205 -744.26806641 -6.89137099
206 -744.26684570 -6.89135968
207 -744.26458740 -6.89133877
208 -744.26593018 -6.89135121
209 -744.26660156 -6.89135742
210 -744.26751709 -6.89136590
211 -744.26495361 -6.89134216
212 -744.26574707 -6.89134951
213 -744.26538086 -6.89134612
214 -744.26586914 -6.89135064
215 -744.26586914 -6.89135064
216 -744.26641846 -6.89135573
217 -744.26733398 -6.89136420
218 -744.26708984 -6.89136194
219 -744.26568604 -6.89134894
220 -744.26574707 -6.89134951
221 -744.26696777 -6.89136081
222 -744.26715088 -6.89136251
223 -744.26733398 -6.89136420
224 -744.26770020 -6.89136759
225 -744.26879883 -6.89137777
226 -744.26782227 -6.89136872
227 -744.26849365 -6.89137494
228 -744.26916504 -6.89138116
229 -744.26782227 -6.89136872
230 -744.26855469 -6.89137551
231 -744.26928711 -6.89138229
232 -744.26965332 -6.89138568
233 -744.26843262 -6.89137438
234 -744.26782227 -6.89136872
235 -744.26824951 -6.89137268
236 -744.26776123 -6.89136816
237 -744.26879883 -6.89137777
238 -744.26971436 -6.89138624
239 -744.26953125 -6.89138455
240 -744.26806641 -6.89137099
241 -744.27001953 -6.89138907
242 -744.27026367 -6.89139133
243 -744.26818848 -6.89137212
244 -744.26763916 -6.89136703
245 -744.26672363 -6.89135855
246 -744.26971436 -6.89138624
247 -744.27032471 -6.89139190
248 -744.27081299 -6.89139642
249 -744.26916504 -6.89138116
250 -744.26953125 -6.89138455
251 -744.26947021 -6.89138398
252 -744.26989746 -6.89138794
253 -744.26928711 -6.89138229
254 -744.26916504 -6.89138116
255 -744.26910400 -6.89138059
256 -744.26916504 -6.89138116
257 -744.26989746 -6.89138794
258 -744.26959229 -6.89138511
259 -744.26971436 -6.89138624
260 -744.27148438 -6.89140263
261 -744.26989746 -6.89138794
262 -744.26947021 -6.89138398
263 -744.26898193 -6.89137946
264 -744.26916504 -6.89138116
265 -744.27075195 -6.89139585
266 -744.26953125 -6.89138455
267 -744.26788330 -6.89136929
268 -744.26947021 -6.89138398
269 -744.26940918 -6.89138342
270 -744.26898193 -6.89137946
271 -744.26959229 -6.89138511
272 -744.27008057 -6.89138963
273 -744.26818848 -6.89137212
274 -744.26922607 -6.89138172
275 -744.27020264 -6.89139077
276 -744.27142334 -6.89140207
277 -744.27160645 -6.89140376
278 -744.27093506 -6.89139755
279 -744.27026367 -6.89139133
280 -744.27148438 -6.89140263
281 -744.27062988 -6.89139472
282 -744.27160645 -6.89140376
283 -744.27081299 -6.89139642
284 -744.27178955 -6.89140546
285 -744.27319336 -6.89141846
286 -744.27325439 -6.89141902
287 -744.27227783 -6.89140998
288 -744.27264404 -6.89141337
289 -744.27294922 -6.89141620
290 -744.27264404 -6.89141337
291 -744.27221680 -6.89140941
292 -744.27233887 -6.89141055
293 -744.27148438 -6.89140263
294 -744.27215576 -6.89140885
295 -744.27239990 -6.89141111
296 -744.27044678 -6.89139303
297 -744.27258301 -6.89141281
298 -744.27270508 -6.89141394
299 -744.27227783 -6.89140998
300 -744.27172852 -6.89140489
301 -744.27319336 -6.89141846
302 -744.27264404 -6.89141337
303 -744.27069092 -6.89139529
304 -744.27252197 -6.89141224
305 -744.27270508 -6.89141394
306 -744.27197266 -6.89140715
307 -744.27331543 -6.89141959
308 -744.27398682 -6.89142580
309 -744.27416992 -6.89142750
310 -744.27398682 -6.89142580
311 -744.27478027 -6.89143315
312 -744.27502441 -6.89143541
313 -744.27502441 -6.89143541
314 -744.27661133 -6.89145010
315 -744.27569580 -6.89144163
316 -744.27478027 -6.89143315
317 -744.27465820 -6.89143202
318 -744.27471924 -6.89143259
319 -744.27581787 -6.89144276
320 -744.27392578 -6.89142524
321 -744.27368164 -6.89142298
322 -744.27355957 -6.89142185
323 -744.27386475 -6.89142467
324 -744.27496338 -6.89143485
325 -744.27465820 -6.89143202
326 -744.27563477 -6.89144106
327 -744.27612305 -6.89144558
328 -744.27648926 -6.89144897
329 -744.27551270 -6.89143993
330 -744.27459717 -6.89143146
331 -744.27624512 -6.89144671
332 -744.27630615 -6.89144728
333 -744.27636719 -6.89144784
334 -744.27606201 -6.89144502
335 -744.27740479 -6.89145745
336 -744.27697754 -6.89145350
337 -744.27587891 -6.89144332
338 -744.27728271 -6.89145632
339 -744.27807617 -6.89146367
340 -744.27819824 -6.89146480
341 -744.27819824 -6.89146480
342 -744.27856445 -6.89146819
343 -744.27911377 -6.89147328
344 -744.27850342 -6.89146762
345 -744.27819824 -6.89146480
346 -744.27954102 -6.89147723
347 -744.28002930 -6.89148175
348 -744.27917480 -6.89147384
349 -744.27990723 -6.89148062
350 -744.27911377 -6.89147328
351 -744.27947998 -6.89147667
352 -744.28039551 -6.89148514
353 -744.28076172 -6.89148853
354 -744.27972412 -6.89147893
355 -744.27844238 -6.89146706
356 -744.27844238 -6.89146706
357 -744.27856445 -6.89146819
358 -744.28015137 -6.89148288
359 -744.27966309 -6.89147836
360 -744.27984619 -6.89148006
361 -744.27941895 -6.89147610
362 -744.28002930 -6.89148175
363 -744.27978516 -6.89147949
364 -744.28002930 -6.89148175
365 -744.27954102 -6.89147723
366 -744.27935791 -6.89147554
367 -744.27990723 -6.89148062
368 -744.28125000 -6.89149306
369 -744.28076172 -6.89148853
370 -744.28033447 -6.89148458
371 -744.28039551 -6.89148514
372 -744.28076172 -6.89148853
373 -744.28039551 -6.89148514
374 -744.28094482 -6.89149023
375 -744.27972412 -6.89147893
376 -744.27972412 -6.89147893
377 -744.28222656 -6.89150210
378 -744.28283691 -6.89150775
379 -744.28271484 -6.89150662
380 -744.28082275 -6.89148910
381 -744.28002930 -6.89148175
382 -744.28118896 -6.89149249
383 -744.28222656 -6.89150210
384 -744.28289795 -6.89150831
385 -744.28332520 -6.89151227
386 -744.28198242 -6.89149984
387 -744.28131104 -6.89149362
388 -744.28186035 -6.89149871
389 -744.28210449 -6.89150097
390 -744.28204346 -6.89150040
391 -744.28210449 -6.89150097
392 -744.28271484 -6.89150662
393 -744.28369141 -6.89151566
394 -744.28265381 -6.89150605
395 -744.28247070 -6.89150436
396 -744.28179932 -6.89149814
397 -744.28137207 -6.89149419
398 -744.28436279 -6.89152188
399 -744.28283691 -6.89150775
400 -744.28265381 -6.89150605
401 -744.28271484 -6.89150662
402 -744.28302002 -6.89150944
403 -744.28051758 -6.89148627
404 -744.28222656 -6.89150210
405 -744.28405762 -6.89151905
406 -744.28210449 -6.89150097
407 -744.28295898 -6.89150888
408 -744.28356934 -6.89151453
409 -744.28222656 -6.89150210
410 -744.28222656 -6.89150210
411 -744.28295898 -6.89150888
412 -744.28314209 -6.89151057
413 -744.28186035 -6.89149871
414 -744.28314209 -6.89151057
415 -744.28283691 -6.89150775
416 -744.28375244 -6.89151623
417 -744.28259277 -6.89150549
418 -744.28338623 -6.89151284
419 -744.28265381 -6.89150605
420 -744.28411865 -6.89151962
421 -744.28479004 -6.89152583
422 -744.28485107 -6.89152640
423 -744.28167725 -6.89149701
424 -744.28527832 -6.89153035
425 -744.28430176 -6.89152131
426 -744.28454590 -6.89152357
427 -744.28466797 -6.89152470
428 -744.28417969 -6.89152018
429 -744.28466797 -6.89152470
430 -744.28509521 -6.89152866
431 -744.28302002 -6.89150944
432 -744.28240967 -6.89150379
433 -744.28393555 -6.89151792
434 -744.28546143 -6.89153205
435 -744.28503418 -6.89152809
436 -744.28503418 -6.89152809
437 -744.28442383 -6.89152244
438 -744.28448486 -6.89152301
439 -744.28393555 -6.89151792
440 -744.28540039 -6.89153149
441 -744.28479004 -6.89152583
442 -744.28546143 -6.89153205
443 -744.28631592 -6.89153996
444 -744.28485107 -6.89152640
445 -744.28527832 -6.89153035
446 -744.28625488 -6.89153940
447 -744.28527832 -6.89153035
448 -744.28570557 -6.89153431
449 -744.28625488 -6.89153940
450 -744.28668213 -6.89154335
451 -744.28582764 -6.89153544
452 -744.28564453 -6.89153375
453 -744.28625488 -6.89153940
454 -744.28723145 -6.89154844
455 -744.28680420 -6.89154448
456 -744.28686523 -6.89154505
457 -744.28649902 -6.89154166
458 -744.28564453 -6.89153375
459 -744.28576660 -6.89153488
460 -744.28631592 -6.89153996
461 -744.28710938 -6.89154731
462 -744.28833008 -6.89155861
463 -744.28790283 -6.89155466
464 -744.28637695 -6.89154053
465 -744.28784180 -6.89155409
466 -744.28833008 -6.89155861
467 -744.28845215 -6.89155974
468 -744.28857422 -6.89156087
469 -744.28845215 -6.89155974
470 -744.28912354 -6.89156596
471 -744.28906250 -6.89156539
472 -744.28881836 -6.89156313
473 -744.28894043 -6.89156426
474 -744.29003906 -6.89157444
475 -744.28961182 -6.89157048
476 -744.28906250 -6.89156539
477 -744.28967285 -6.89157104
478 -744.28997803 -6.89157387
479 -744.29046631 -6.89157839
480 -744.28948975 -6.89156935
481 -744.29003906 -6.89157444
482 -744.29003906 -6.89157444
483 -744.28936768 -6.89156822
484 -744.29083252 -6.89158178
485 -744.29174805 -6.89159026
486 -744.29138184 -6.89158687
487 -744.29052734 -6.89157896
488 -744.29089355 -6.89158235
489 -744.29235840 -6.89159591
490 -744.29150391 -6.89158800
491 -744.29199219 -6.89159252
492 -744.29022217 -6.89157613
493 -744.29064941 -6.89158009
494 -744.29077148 -6.89158122
495 -744.29077148 -6.89158122
496 -744.29034424 -6.89157726
497 -744.29052734 -6.89157896
498 -744.29040527 -6.89157783
499 -744.29052734 -6.89157896
500 -744.29046631 -6.89157839
501 -744.29119873 -6.89158517
502 -744.29028320 -6.89157670
503 -744.28918457 -6.89156652
504 -744.28900146 -6.89156483
505 -744.29003906 -6.89157444
506 -744.29016113 -6.89157557
507 -744.29040527 -6.89157783
508 -744.29089355 -6.89158235
509 -744.29132080 -6.89158630
510 -744.29089355 -6.89158235
511 -744.29101562 -6.89158348
512 -744.29034424 -6.89157726
513 -744.29101562 -6.89158348
514 -744.28979492 -6.89157218
515 -744.29064941 -6.89158009
516 -744.29034424 -6.89157726
517 -744.28997803 -6.89157387
518 -744.29046631 -6.89157839
519 -744.28942871 -6.89156878
520 -744.28967285 -6.89157104
521 -744.28918457 -6.89156652
522 -744.28875732 -6.89156257
523 -744.29040527 -6.89157783
524 -744.29077148 -6.89158122
525 -744.29058838 -6.89157952
526 -744.28997803 -6.89157387
527 -744.28918457 -6.89156652
528 -744.29003906 -6.89157444
529 -744.29034424 -6.89157726
530 -744.29010010 -6.89157500
531 -744.29028320 -6.89157670
532 -744.29034424 -6.89157726
533 -744.29010010 -6.89157500
534 -744.28918457 -6.89156652
535 -744.28991699 -6.89157331
536 -744.28857422 -6.89156087
537 -744.28881836 -6.89156313
538 -744.28924561 -6.89156709
539 -744.28869629 -6.89156200
540 -744.28961182 -6.89157048
541 -744.29016113 -6.89157557
542 -744.28924561 -6.89156709
543 -744.28991699 -6.89157331
544 -744.28857422 -6.89156087
545 -744.28869629 -6.89156200
546 -744.28814697 -6.89155692
547 -744.28906250 -6.89156539
548 -744.28887939 -6.89156370
549 -744.28973389 -6.89157161
550 -744.29046631 -6.89157839
551 -744.29052734 -6.89157896
552 -744.28881836 -6.89156313
553 -744.28985596 -6.89157274
554 -744.29193115 -6.89159196
555 -744.29211426 -6.89159365
556 -744.29058838 -6.89157952
557 -744.28997803 -6.89157387
558 -744.29040527 -6.89157783
559 -744.29052734 -6.89157896
560 -744.29083252 -6.89158178
561 -744.29095459 -6.89158291
562 -744.29101562 -6.89158348
563 -744.29077148 -6.89158122
564 -744.29119873 -6.89158517
565 -744.29284668 -6.89160043
566 -744.29174805 -6.89159026
567 -744.29162598 -6.89158913
568 -744.29052734 -6.89157896
569 -744.29315186 -6.89160326
570 -744.29309082 -6.89160269
571 -744.29394531 -6.89161060
572 -744.29284668 -6.89160043
573 -744.29296875 -6.89160156
574 -744.29406738 -6.89161174
575 -744.29431152 -6.89161400
576 -744.29400635 -6.89161117
577 -744.29437256 -6.89161456
578 -744.29406738 -6.89161174
579 -744.29382324 -6.89160947
580 -744.29443359 -6.89161513
581 -744.29473877 -6.89161795
582 -744.29479980 -6.89161852
583 -744.29528809 -6.89162304
584 -744.29547119 -6.89162473
585 -744.29571533 -6.89162699
586 -744.29553223 -6.89162530
587 -744.29418945 -6.89161287
588 -744.29547119 -6.89162473
589 -744.29510498 -6.89162134
590 -744.29522705 -6.89162247
591 -744.29443359 -6.89161513
592 -744.29504395 -6.89162078
593 -744.29541016 -6.89162417
594 -744.29528809 -6.89162304
595 -744.29492188 -6.89161965
596 -744.29541016 -6.89162417
597 -744.29486084 -6.89161908
598 -744.29541016 -6.89162417
599 -744.29455566 -6.89161626
600 -744.29248047 -6.89159704
601 -744.29467773 -6.89161739
602 -744.29504395 -6.89162078
603 -744.29406738 -6.89161174
604 -744.29498291 -6.89162021
605 -744.29437256 -6.89161456
606 -744.29516602 -6.89162191
607 -744.29516602 -6.89162191
608 -744.29394531 -6.89161060
609 -744.29431152 -6.89161400
610 -744.29479980 -6.89161852
611 -744.29455566 -6.89161626
612 -744.29418945 -6.89161287
613 -744.29418945 -6.89161287
614 -744.29455566 -6.89161626
615 -744.29382324 -6.89160947
616 -744.29260254 -6.89159817
617 -744.29187012 -6.89159139
618 -744.29321289 -6.89160382
619 -744.29296875 -6.89160156
620 -744.29278564 -6.89159987
621 -744.29241943 -6.89159648
622 -744.29138184 -6.89158687
623 -744.29150391 -6.89158800
624 -744.29174805 -6.89159026
625 -744.29064941 -6.89158009
626 -744.28967285 -6.89157104
627 -744.29003906 -6.89157444
628 -744.29095459 -6.89158291
629 -744.29022217 -6.89157613
630 -744.28918457 -6.89156652
631 -744.28857422 -6.89156087
632 -744.28991699 -6.89157331
633 -744.29016113 -6.89157557
634 -744.28857422 -6.89156087
635 -744.28918457 -6.89156652
636 -744.28955078 -6.89156991
637 -744.29028320 -6.89157670
638 -744.28991699 -6.89157331
639 -744.28808594 -6.89155635
640 -744.28851318 -6.89156031
641 -744.28924561 -6.89156709
642 -744.28698730 -6.89154618
643 -744.28759766 -6.89155183
644 -744.28686523 -6.89154505
645 -744.28851318 -6.89156031
646 -744.28747559 -6.89155070
647 -744.28790283 -6.89155466
648 -744.28906250 -6.89156539
649 -744.28997803 -6.89157387
650 -744.28942871 -6.89156878
651 -744.28857422 -6.89156087
652 -744.29010010 -6.89157500
653 -744.29144287 -6.89158743
654 -744.29125977 -6.89158574
655 -744.28979492 -6.89157218
656 -744.29150391 -6.89158800
657 -744.29199219 -6.89159252
658 -744.29284668 -6.89160043
659 -744.29095459 -6.89158291
660 -744.29107666 -6.89158404
661 -744.28979492 -6.89157218
662 -744.29162598 -6.89158913
663 -744.29095459 -6.89158291
664 -744.28991699 -6.89157331
665 -744.29003906 -6.89157444
666 -744.28936768 -6.89156822
667 -744.29003906 -6.89157444
668 -744.29064941 -6.89158009
669 -744.28894043 -6.89156426
670 -744.28955078 -6.89156991
671 -744.28894043 -6.89156426
672 -744.29003906 -6.89157444
673 -744.28851318 -6.89156031
674 -744.28955078 -6.89156991
675 -744.29034424 -6.89157726
676 -744.28771973 -6.89155296
677 -744.28814697 -6.89155692
678 -744.29040527 -6.89157783
679 -744.28851318 -6.89156031
680 -744.28839111 -6.89155918
681 -744.28833008 -6.89155861
682 -744.28820801 -6.89155748
683 -744.28710938 -6.89154731
684 -744.28881836 -6.89156313
685 -744.28771973 -6.89155296
686 -744.28759766 -6.89155183
687 -744.28784180 -6.89155409
688 -744.28808594 -6.89155635
689 -744.28863525 -6.89156144
690 -744.28820801 -6.89155748
691 -744.28759766 -6.89155183
692 -744.28692627 -6.89154561
693 -744.28717041 -6.89154787
694 -744.28747559 -6.89155070
695 -744.28735352 -6.89154957
696 -744.28735352 -6.89154957
697 -744.28826904 -6.89155805
698 -744.28808594 -6.89155635
699 -744.28839111 -6.89155918
700 -744.28802490 -6.89155579
701 -744.28863525 -6.89156144
702 -744.28674316 -6.89154392
703 -744.28759766 -6.89155183
704 -744.28637695 -6.89154053
705 -744.28802490 -6.89155579
706 -744.28820801 -6.89155748
707 -744.28698730 -6.89154618
708 -744.28784180 -6.89155409
709 -744.28796387 -6.89155522
710 -744.28649902 -6.89154166
711 -744.28649902 -6.89154166
712 -744.28759766 -6.89155183
713 -744.28857422 -6.89156087
