0 -728.15734863 -6.61961226
1 -728.18151855 -6.61983199
2 -728.19598389 -6.61996349
3 -728.20465088 -6.62004228
4 -728.21081543 -6.62009832
5 -728.21545410 -6.62014049
6 -728.21905518 -6.62017323
7 -728.22167969 -6.62019709
8 -728.22595215 -6.62023593
9 -728.22888184 -6.62026256
10 -728.23272705 -6.62029752
11 -728.23559570 -6.62032360
12 -728.23791504 -6.62034468
13 -728.24060059 -6.62036910
14 -728.24291992 -6.62039018
15 -728.24560547 -6.62041460
16 -728.24798584 -6.62043623
17 -728.25036621 -6.62045787
18 -728.25183105 -6.62047119
19 -728.25360107 -6.62048728
20 -728.25543213 -6.62050393
21 -728.25659180 -6.62051447
22 -728.25897217 -6.62053611
23 -728.26049805 -6.62054998
24 -728.26220703 -6.62056552
25 -728.26403809 -6.62058216
26 -728.26611328 -6.62060103
27 -728.26794434 -6.62061768
28 -728.26922607 -6.62062933
29 -728.27136230 -6.62064875
30 -728.27392578 -6.62067205
31 -728.27606201 -6.62069147
32 -728.27740479 -6.62070368
33 -728.27832031 -6.62071200
34 -728.28051758 -6.62073198
35 -728.28265381 -6.62075140
36 -728.28405762 -6.62076416
37 -728.28491211 -6.62077193
38 -728.28613281 -6.62078303
39 -728.28845215 -6.62080411
40 -728.28985596 -6.62081687
41 -728.29138184 -6.62083074
42 -728.29266357 -6.62084240
43 -728.29406738 -6.62085516
44 -728.29602051 -6.62087291
45 -728.29675293 -6.62087957
46 -728.29870605 -6.62089733
47 -728.30041504 -6.62091286
48 -728.30157471 -6.62092341
49 -728.30249023 -6.62093173
50 -728.30371094 -6.62094283
51 -728.30584717 -6.62096225
52 -728.30639648 -6.62096724
53 -728.30920410 -6.62099276
54 -728.31048584 -6.62100442
55 -728.31195068 -6.62101773
56 -728.31329346 -6.62102994
57 -728.31402588 -6.62103660
58 -728.31616211 -6.62105602
59 -728.31799316 -6.62107267
60 -728.31848145 -6.62107710
61 -728.31921387 -6.62108376
62 -728.32128906 -6.62110263
63 -728.32153320 -6.62110485
64 -728.32415771 -6.62112871
65 -728.32446289 -6.62113148
66 -728.32574463 -6.62114313
67 -728.32629395 -6.62114813
68 -728.32891846 -6.62117199
69 -728.33020020 -6.62118364
70 -728.33294678 -6.62120861
71 -728.33306885 -6.62120972
72 -728.33526611 -6.62122969
73 -728.33532715 -6.62123025
74 -728.33764648 -6.62125133
75 -728.33825684 -6.62125688
76 -728.33978271 -6.62127075
77 -728.33972168 -6.62127020
78 -728.34149170 -6.62128629
79 -728.34301758 -6.62130016
80 -728.34417725 -6.62131070
81 -728.34576416 -6.62132513
82 -728.34655762 -6.62133234
83 -728.34759521 -6.62134177
84 -728.34887695 -6.62135343
85 -728.35009766 -6.62136452
86 -728.35095215 -6.62137229
87 -728.35247803 -6.62138616
88 -728.35534668 -6.62141224
89 -728.35559082 -6.62141446
90 -728.35668945 -6.62142445
91 -728.35809326 -6.62143721
92 -728.35833740 -6.62143943
93 -728.36004639 -6.62145497
94 -728.36108398 -6.62146440
95 -728.36193848 -6.62147217
96 -728.36346436 -6.62148604
97 -728.36425781 -6.62149325
98 -728.36608887 -6.62150990
99 -728.36700439 -6.62151822
100 -728.36883545 -6.62153487
101 -728.37036133 -6.62154874
102 -728.37084961 -6.62155318
103 -728.37213135 -6.62156483
104 -728.37371826 -6.62157926
105 -728.37445068 -6.62158592
106 -728.37536621 -6.62159424
107 -728.37640381 -6.62160367
108 -728.37786865 -6.62161699
109 -728.37878418 -6.62162531
110 -728.38000488 -6.62163641
111 -728.38012695 -6.62163752
112 -728.38287354 -6.62166249
113 -728.38409424 -6.62167358
114 -728.38378906 -6.62167081
115 -728.38671875 -6.62169744
116 -728.38824463 -6.62171131
117 -728.38964844 -6.62172408
118 -728.39038086 -6.62173074
119 -728.39141846 -6.62174017
120 -728.39276123 -6.62175237
121 -728.39343262 -6.62175848
122 -728.39410400 -6.62176458
123 -728.39495850 -6.62177235
124 -728.39581299 -6.62178012
125 -728.39648438 -6.62178622
126 -728.39819336 -6.62180176
127 -728.39880371 -6.62180731
128 -728.40014648 -6.62181951
129 -728.40075684 -6.62182506
130 -728.40155029 -6.62183228
131 -728.40197754 -6.62183616
132 -728.40313721 -6.62184670
133 -728.40466309 -6.62186057
134 -728.40576172 -6.62187056
135 -728.40692139 -6.62188110
136 -728.40740967 -6.62188554
137 -728.40979004 -6.62190718
138 -728.40985107 -6.62190774
139 -728.41174316 -6.62192494
140 -728.41259766 -6.62193271
141 -728.41333008 -6.62193936
142 -728.41503906 -6.62195490
143 -728.41491699 -6.62195379
144 -728.41650391 -6.62196822
145 -728.41546631 -6.62195878
146 -728.41839600 -6.62198542
147 -728.41900635 -6.62199097
148 -728.41937256 -6.62199430
149 -728.41955566 -6.62199596
150 -728.42163086 -6.62201483
151 -728.42181396 -6.62201649
152 -728.42193604 -6.62201760
153 -728.42230225 -6.62202093
154 -728.42248535 -6.62202259
155 -728.42541504 -6.62204923
156 -728.42590332 -6.62205367
157 -728.42742920 -6.62206754
158 -728.42767334 -6.62206976
159 -728.42883301 -6.62208030
160 -728.42993164 -6.62209029
161 -728.43084717 -6.62209861
162 -728.43078613 -6.62209806
163 -728.43218994 -6.62211082
164 -728.43304443 -6.62211859
165 -728.43408203 -6.62212802
166 -728.43554688 -6.62214134
167 -728.43524170 -6.62213856
168 -728.43652344 -6.62215021
169 -728.43774414 -6.62216131
170 -728.43688965 -6.62215354
171 -728.43914795 -6.62217407
172 -728.44006348 -6.62218240
173 -728.44140625 -6.62219460
174 -728.44226074 -6.62220237
175 -728.44317627 -6.62221069
176 -728.44403076 -6.62221846
177 -728.44506836 -6.62222789
178 -728.44604492 -6.62223677
179 -728.44702148 -6.62224565
180 -728.44787598 -6.62225342
181 -728.44885254 -6.62226230
182 -728.45117188 -6.62228338
