0 -624.03027344 -6.11794386
1 -624.03515625 -6.11799173
2 -624.03417969 -6.11798215
3 -624.03735352 -6.11801327
4 -624.03686523 -6.11800848
5 -624.03662109 -6.11800609
6 -624.03979492 -6.11803721
7 -624.03833008 -6.11802284
8 -624.04248047 -6.11806353
9 -624.03930664 -6.11803242
10 -624.03942871 -6.11803361
11 -624.03955078 -6.11803481
12 -624.03759766 -6.11801566
13 -624.03497314 -6.11798993
14 -624.03637695 -6.11800370
15 -624.02905273 -6.11793189
16 -624.02697754 -6.11791154
17 -624.02038574 -6.11784692
18 -624.03039551 -6.11794505
19 -624.03344727 -6.11797497
20 -624.02685547 -6.11791035
21 -624.02453613 -6.11788761
22 -624.02539062 -6.11789599
23 -624.02575684 -6.11789958
24 -624.02178955 -6.11786068
25 -624.01757812 -6.11781939
26 -624.01837158 -6.11782717
27 -624.01623535 -6.11780623
28 -624.01220703 -6.11776674
29 -624.01019287 -6.11774699
30 -624.00781250 -6.11772365
31 -624.00646973 -6.11771049
32 -624.00573730 -6.11770331
33 -624.00268555 -6.11767339
34 -624.00274658 -6.11767399
35 -623.99975586 -6.11764467
36 -623.99810791 -6.11762851
37 -623.99707031 -6.11761834
38 -623.99902344 -6.11763748
39 -623.99249268 -6.11757346
40 -623.98974609 -6.11754653
41 -623.99261475 -6.11757465
42 -623.98760986 -6.11752559
43 -623.98284912 -6.11747891
44 -623.97875977 -6.11743882
45 -623.97332764 -6.11738557
46 -623.97161865 -6.11736881
47 -623.97351074 -6.11738736
48 -623.96643066 -6.11731795
49 -623.96136475 -6.11726828
50 -623.96472168 -6.11730119
51 -623.96215820 -6.11727606
52 -623.94732666 -6.11713065
53 -623.95050049 -6.11716177
54 -623.94763184 -6.11713365
55 -623.94537354 -6.11711151
56 -623.94146729 -6.11707321
57 -623.93969727 -6.11705586
58 -623.94091797 -6.11706782
59 -623.92767334 -6.11693797
60 -623.92138672 -6.11687634
61 -623.91717529 -6.11683505
62 -623.92089844 -6.11687155
63 -623.91973877 -6.11686018
64 -623.91259766 -6.11679017
65 -623.91320801 -6.11679616
66 -623.91552734 -6.11681890
67 -623.90344238 -6.11670042
68 -623.89324951 -6.11660049
69 -623.89135742 -6.11658194
70 -623.89239502 -6.11659211
71 -623.88391113 -6.11650893
72 -623.88110352 -6.11648141
73 -623.88195801 -6.11648978
74 -623.88116455 -6.11648201
75 -623.86853027 -6.11635814
76 -623.86645508 -6.11633779
77 -623.86657715 -6.11633899
78 -623.85858154 -6.11626060
79 -623.85021973 -6.11617862
80 -623.86596680 -6.11633301
81 -623.85815430 -6.11625641
82 -623.84790039 -6.11615589
83 -623.84014893 -6.11607989
84 -623.84362793 -6.11611400
85 -623.84161377 -6.11609425
86 -623.83605957 -6.11603980
87 -623.83001709 -6.11598056
88 -623.83093262 -6.11598954
89 -623.83282471 -6.11600809
90 -623.83117676 -6.11599193
91 -623.83819580 -6.11606074
92 -623.83947754 -6.11607331
93 -623.82336426 -6.11591534
94 -623.83221436 -6.11600210
95 -623.82623291 -6.11594346
96 -623.82934570 -6.11597398
97 -623.82806396 -6.11596141
98 -623.83593750 -6.11603860
99 -623.83239746 -6.11600390
100 -623.83996582 -6.11607810
101 -623.83325195 -6.11601227
102 -623.82397461 -6.11592132
103 -623.83215332 -6.11600150
104 -623.83929443 -6.11607151
105 -623.83300781 -6.11600988
106 -623.83270264 -6.11600689
107 -623.82672119 -6.11594825
108 -623.82299805 -6.11591175
109 -623.81982422 -6.11588063
110 -623.81311035 -6.11581481
111 -623.81066895 -6.11579087
112 -623.80981445 -6.11578249
113 -623.80371094 -6.11572266
114 -623.80261230 -6.11571189
115 -623.80273438 -6.11571308
116 -623.79650879 -6.11565205
117 -623.79052734 -6.11559341
118 -623.78802490 -6.11556887
119 -623.79077148 -6.11559580
120 -623.79589844 -6.11564606
121 -623.80065918 -6.11569274
122 -623.78460693 -6.11553536
123 -623.78222656 -6.11551203
124 -623.78778076 -6.11556648
125 -623.78881836 -6.11557665
126 -623.78692627 -6.11555810
127 -623.78137207 -6.11550365
128 -623.78125000 -6.11550245
129 -623.77593994 -6.11545039
130 -623.77539062 -6.11544501
131 -623.76794434 -6.11537200
132 -623.75939941 -6.11528823
133 -623.75372314 -6.11523258
134 -623.75085449 -6.11520446
135 -623.75439453 -6.11523916
136 -623.75244141 -6.11522001
137 -623.74621582 -6.11515898
138 -623.75726318 -6.11526729
139 -623.75860596 -6.11528045
140 -623.75555420 -6.11525053
141 -623.75659180 -6.11526070
142 -623.75622559 -6.11525711
143 -623.74737549 -6.11517035
144 -623.74914551 -6.11518770
145 -623.73632812 -6.11506204
146 -623.72680664 -6.11496869
147 -623.72216797 -6.11492322
148 -623.73791504 -6.11507760
149 -623.74426270 -6.11513983
150 -623.73297119 -6.11502913
151 -623.72961426 -6.11499622
152 -623.72216797 -6.11492322
153 -623.71539307 -6.11485679
154 -623.70874023 -6.11479157
155 -623.71264648 -6.11482987
156 -623.70642090 -6.11476883
157 -623.70733643 -6.11477781
158 -623.72692871 -6.11496989
159 -623.71765137 -6.11487893
160 -623.71343994 -6.11483765
161 -623.71313477 -6.11483465
162 -623.69934082 -6.11469942
163 -623.69793701 -6.11468566
164 -623.70043945 -6.11471019
165 -623.70446777 -6.11474968
166 -623.69140625 -6.11462163
167 -623.69372559 -6.11464437
168 -623.70086670 -6.11471438
169 -623.69775391 -6.11468386
170 -623.68927002 -6.11460069
171 -623.69348145 -6.11464197
172 -623.68981934 -6.11460607
173 -623.69543457 -6.11466112
174 -623.69140625 -6.11462163
175 -623.69201660 -6.11462761
176 -623.67968750 -6.11450674
177 -623.67932129 -6.11450315
178 -623.65960693 -6.11430987
179 -623.67089844 -6.11442057
180 -623.66687012 -6.11438108
181 -623.66516113 -6.11436432
182 -623.67297363 -6.11444092
183 -623.66894531 -6.11440142
184 -623.65795898 -6.11429372
185 -623.66796875 -6.11439185
186 -623.66094971 -6.11432304
187 -623.65203857 -6.11423567
188 -623.64868164 -6.11420276
189 -623.64160156 -6.11413335
190 -623.65435791 -6.11425841
191 -623.65917969 -6.11430568
192 -623.65966797 -6.11431047
193 -623.66442871 -6.11435714
194 -623.66394043 -6.11435236
195 -623.66479492 -6.11436073
196 -623.66149902 -6.11432842
197 -623.64025879 -6.11412018
198 -623.64813232 -6.11419738
199 -623.64416504 -6.11415848
200 -623.63885498 -6.11410642
201 -623.64672852 -6.11418361
202 -623.64300537 -6.11414711
203 -623.63909912 -6.11410881
204 -623.63720703 -6.11409027
205 -623.63128662 -6.11403222
206 -623.62243652 -6.11394546
207 -623.61999512 -6.11392152
208 -623.61999512 -6.11392152
209 -623.62530518 -6.11397358
210 -623.62005615 -6.11392212
211 -623.61730957 -6.11389519
212 -623.61010742 -6.11382458
213 -623.62219238 -6.11394306
214 -623.61633301 -6.11388562
215 -623.62237549 -6.11394486
216 -623.62927246 -6.11401248
217 -623.62774658 -6.11399752
218 -623.63018799 -6.11402145
219 -623.63146973 -6.11403402
220 -623.62548828 -6.11397538
221 -623.61694336 -6.11389160
222 -623.61877441 -6.11390955
223 -623.61999512 -6.11392152
224 -623.61059570 -6.11382937
225 -623.62304688 -6.11395144
226 -623.61340332 -6.11385690
227 -623.60595703 -6.11378389
228 -623.60485840 -6.11377312
229 -623.60974121 -6.11382099
230 -623.60913086 -6.11381501
231 -623.59893799 -6.11371508
232 -623.61193848 -6.11384253
233 -623.60717773 -6.11379586
234 -623.60113525 -6.11373662
235 -623.60693359 -6.11379347
236 -623.60754395 -6.11379945
237 -623.60528564 -6.11377731
238 -623.60015869 -6.11372705
239 -623.59802246 -6.11370610
240 -623.60424805 -6.11376714
241 -623.61224365 -6.11384553
242 -623.62023926 -6.11392391
243 -623.62426758 -6.11396341
244 -623.63330078 -6.11405197
245 -623.64294434 -6.11414651
246 -623.64904785 -6.11420635
247 -623.63671875 -6.11408548
248 -623.64172363 -6.11413455
249 -623.65124512 -6.11422789
250 -623.64746094 -6.11419079
251 -623.65655518 -6.11427995
252 -623.65563965 -6.11427098
253 -623.65869141 -6.11430090
254 -623.66333008 -6.11434637
255 -623.65856934 -6.11429970
256 -623.66748047 -6.11438706
257 -623.67028809 -6.11441459
258 -623.67907715 -6.11450076
259 -623.68133545 -6.11452290
260 -623.66662598 -6.11437869
261 -623.67529297 -6.11446366
262 -623.66900635 -6.11440202
263 -623.66937256 -6.11440561
264 -623.67553711 -6.11446605
265 -623.66705322 -6.11438287
266 -623.66387939 -6.11435176
267 -623.66821289 -6.11439424
268 -623.66577148 -6.11437031
269 -623.66748047 -6.11438706
270 -623.65856934 -6.11429970
271 -623.67224121 -6.11443374
272 -623.65911865 -6.11430508
273 -623.67401123 -6.11445109
274 -623.65802002 -6.11429431
275 -623.66186523 -6.11433201
276 -623.67175293 -6.11442895
277 -623.67645264 -6.11447503
278 -623.65710449 -6.11428534
279 -623.65246582 -6.11423986
280 -623.65991211 -6.11431286
281 -623.65026855 -6.11421832
282 -623.65478516 -6.11426260
283 -623.63909912 -6.11410881
284 -623.66723633 -6.11438467
285 -623.66436768 -6.11435655
286 -623.64642334 -6.11418062
287 -623.65295410 -6.11424465
288 -623.66113281 -6.11432483
289 -623.65777588 -6.11429192
290 -623.65222168 -6.11423747
291 -623.64715576 -6.11418780
292 -623.63391113 -6.11405795
293 -623.62591553 -6.11397956
294 -623.63641357 -6.11408249
295 -623.63159180 -6.11403521
296 -623.60375977 -6.11376235
297 -623.59899902 -6.11371568
298 -623.59722900 -6.11369832
299 -623.60870361 -6.11381082
300 -623.60968018 -6.11382039
301 -623.60729980 -6.11379706
302 -623.62298584 -6.11395084
303 -623.60205078 -6.11374560
304 -623.62414551 -6.11396221
305 -623.62200928 -6.11394127
306 -623.61993408 -6.11392092
307 -623.61022949 -6.11382578
308 -623.61743164 -6.11389639
309 -623.61700439 -6.11389220
310 -623.60321045 -6.11375697
311 -623.60321045 -6.11375697
312 -623.60980225 -6.11382159
313 -623.60626221 -6.11378688
314 -623.59497070 -6.11367618
315 -623.58282471 -6.11355710
316 -623.58074951 -6.11353676
317 -623.57293701 -6.11346017
318 -623.59204102 -6.11364746
319 -623.58471680 -6.11357565
320 -623.60296631 -6.11375457
321 -623.60345459 -6.11375936
322 -623.60778809 -6.11380184
323 -623.60736084 -6.11379766
324 -623.60510254 -6.11377552
325 -623.58593750 -6.11358762
326 -623.60070801 -6.11373243
327 -623.58007812 -6.11353018
328 -623.58477783 -6.11357625
329 -623.59735107 -6.11369952
330 -623.59191895 -6.11364626
331 -623.60327148 -6.11375756
332 -623.59820557 -6.11370790
333 -623.60205078 -6.11374560
334 -623.60064697 -6.11373183
335 -623.59332275 -6.11366003
336 -623.59600830 -6.11368636
