0 -441.99407959 -6.49991294
1 -442.02905273 -6.50042725
2 -442.05303955 -6.50077999
3 -442.07287598 -6.50107171
4 -442.08767700 -6.50128937
5 -442.09906006 -6.50145677
6 -442.10873413 -6.50159903
7 -442.11703491 -6.50172110
8 -442.12509155 -6.50183958
9 -442.13299561 -6.50195582
10 -442.13943481 -6.50205051
11 -442.14642334 -6.50215328
12 -442.15216064 -6.50223766
13 -442.15747070 -6.50231575
14 -442.16201782 -6.50238262
15 -442.16668701 -6.50245128
16 -442.17080688 -6.50251187
17 -442.17483521 -6.50257111
18 -442.17840576 -6.50262361
19 -442.18096924 -6.50266131
20 -442.18551636 -6.50272818
21 -442.18902588 -6.50277979
22 -442.19180298 -6.50282063
23 -442.19506836 -6.50286865
24 -442.19842529 -6.50291802
25 -442.20037842 -6.50294674
26 -442.20333862 -6.50299027
27 -442.20571899 -6.50302528
28 -442.20742798 -6.50305041
29 -442.20980835 -6.50308542
30 -442.21118164 -6.50310561
31 -442.21331787 -6.50313703
32 -442.21539307 -6.50316755
33 -442.21752930 -6.50319896
34 -442.21917725 -6.50322319
35 -442.22088623 -6.50324833
36 -442.22189331 -6.50326314
37 -442.22280884 -6.50327660
38 -442.22369385 -6.50328962
39 -442.22531128 -6.50331340
40 -442.22625732 -6.50332731
41 -442.22763062 -6.50334751
42 -442.22900391 -6.50336770
43 -442.23034668 -6.50338745
44 -442.23162842 -6.50340630
45 -442.23211670 -6.50341348
46 -442.23330688 -6.50343098
47 -442.23245239 -6.50341842
48 -442.23492432 -6.50345477
49 -442.23538208 -6.50346150
50 -442.23583984 -6.50346823
51 -442.23693848 -6.50348439
52 -442.23696899 -6.50348484
53 -442.23767090 -6.50349516
54 -442.23861694 -6.50350907
55 -442.23968506 -6.50352478
56 -442.24060059 -6.50353824
57 -442.24111938 -6.50354587
58 -442.24096680 -6.50354363
59 -442.24191284 -6.50355754
60 -442.24301147 -6.50357370
61 -442.24316406 -6.50357594
62 -442.24392700 -6.50358716
63 -442.24346924 -6.50358043
64 -442.24493408 -6.50360197
65 -442.24566650 -6.50361274
66 -442.24594116 -6.50361678
67 -442.24584961 -6.50361544
68 -442.24597168 -6.50361723
69 -442.24694824 -6.50363159
70 -442.24746704 -6.50363922
71 -442.24697876 -6.50363204
72 -442.24783325 -6.50364461
73 -442.24752808 -6.50364012
74 -442.24862671 -6.50365628
75 -442.24893188 -6.50366076
76 -442.24893188 -6.50366076
77 -442.24914551 -6.50366390
78 -442.24960327 -6.50367064
79 -442.25076294 -6.50368769
80 -442.25094604 -6.50369038
81 -442.25076294 -6.50368769
82 -442.25137329 -6.50369667
83 -442.25183105 -6.50370340
84 -442.25155640 -6.50369936
85 -442.25112915 -6.50369308
86 -442.25234985 -6.50371103
87 -442.25198364 -6.50370564
88 -442.25286865 -6.50371866
89 -442.25314331 -6.50372270
90 -442.25308228 -6.50372180
91 -442.25360107 -6.50372943
92 -442.25354004 -6.50372853
93 -442.25393677 -6.50373436
94 -442.25384521 -6.50373302
95 -442.25381470 -6.50373257
96 -442.25363159 -6.50372988
97 -442.25433350 -6.50374020
98 -442.25427246 -6.50373930
99 -442.25363159 -6.50372988
100 -442.25454712 -6.50374334
101 -442.25436401 -6.50374065
102 -442.25439453 -6.50374110
103 -442.25570679 -6.50376039
104 -442.25524902 -6.50375366
105 -442.25567627 -6.50375995
106 -442.25604248 -6.50376533
107 -442.25576782 -6.50376129
108 -442.25613403 -6.50376668
109 -442.25662231 -6.50377386
110 -442.25607300 -6.50376578
111 -442.25711060 -6.50378104
112 -442.25775146 -6.50379046
113 -442.25732422 -6.50378418
114 -442.25750732 -6.50378687
115 -442.25845337 -6.50380078
116 -442.25820923 -6.50379719
117 -442.25839233 -6.50379989
118 -442.25866699 -6.50380393
119 -442.25836182 -6.50379944
120 -442.25833130 -6.50379899
121 -442.25903320 -6.50380931
122 -442.25930786 -6.50381335
123 -442.25897217 -6.50380841
124 -442.25961304 -6.50381784
125 -442.26022339 -6.50382681
126 -442.26019287 -6.50382637
127 -442.26037598 -6.50382906
128 -442.25994873 -6.50382278
129 -442.26074219 -6.50383444
130 -442.26028442 -6.50382771
131 -442.26095581 -6.50383759
132 -442.26086426 -6.50383624
133 -442.26049805 -6.50383085
134 -442.26007080 -6.50382457
135 -442.26065063 -6.50383310
136 -442.26089478 -6.50383669
137 -442.26080322 -6.50383534
138 -442.26062012 -6.50383265
139 -442.26058960 -6.50383220
140 -442.26104736 -6.50383893
141 -442.26086426 -6.50383624
142 -442.26129150 -6.50384252
143 -442.26205444 -6.50385374
144 -442.26177979 -6.50384970
145 -442.26104736 -6.50383893
146 -442.26177979 -6.50384970
147 -442.26046753 -6.50383040
148 -442.26138306 -6.50384387
149 -442.26098633 -6.50383803
150 -442.26098633 -6.50383803
151 -442.26184082 -6.50385060
152 -442.26181030 -6.50385015
153 -442.26107788 -6.50383938
154 -442.26190186 -6.50385150
155 -442.26159668 -6.50384701
156 -442.26232910 -6.50385778
157 -442.26156616 -6.50384656
158 -442.26135254 -6.50384342
159 -442.26174927 -6.50384925
160 -442.26208496 -6.50385419
161 -442.26162720 -6.50384746
162 -442.26245117 -6.50385958
163 -442.26141357 -6.50384432
164 -442.26199341 -6.50385284
165 -442.26272583 -6.50386362
166 -442.26245117 -6.50385958
167 -442.26303101 -6.50386810
168 -442.26272583 -6.50386362
169 -442.26318359 -6.50387035
