0 -417.91998291 -6.14588210
1 -417.91809082 -6.14585428
2 -417.92025757 -6.14588614
3 -417.92013550 -6.14588435
4 -417.91482544 -6.14580626
5 -417.91549683 -6.14581613
6 -417.91238403 -6.14577035
7 -417.91351318 -6.14578696
8 -417.91256714 -6.14577305
9 -417.91436768 -6.14579952
10 -417.91268921 -6.14577484
11 -417.91284180 -6.14577709
12 -417.91195679 -6.14576407
13 -417.90985107 -6.14573310
14 -417.90551758 -6.14566938
15 -417.90295410 -6.14563168
16 -417.90490723 -6.14566040
17 -417.90472412 -6.14565771
18 -417.90347290 -6.14563931
19 -417.90136719 -6.14560834
20 -417.89855957 -6.14556705
21 -417.89636230 -6.14553474
22 -417.89251709 -6.14547819
23 -417.89184570 -6.14546832
24 -417.88970947 -6.14543690
25 -417.89144897 -6.14546248
26 -417.88751221 -6.14540459
27 -417.89202881 -6.14547101
28 -417.88806152 -6.14541267
29 -417.88888550 -6.14542479
30 -417.88647461 -6.14538933
31 -417.88180542 -6.14532067
32 -417.88024902 -6.14529778
33 -417.88223267 -6.14532695
34 -417.88143921 -6.14531528
35 -417.87695312 -6.14524931
36 -417.87683105 -6.14524752
37 -417.87380981 -6.14520309
38 -417.87084961 -6.14515955
39 -417.86968994 -6.14514250
40 -417.86538696 -6.14507922
41 -417.86486816 -6.14507159
42 -417.86788940 -6.14511602
43 -417.86666870 -6.14509807
44 -417.86459351 -6.14506755
45 -417.86502075 -6.14507383
46 -417.85571289 -6.14493695
47 -417.85848999 -6.14497779
48 -417.85522461 -6.14492977
49 -417.85525513 -6.14493022
50 -417.84667969 -6.14480411
51 -417.84747314 -6.14481578
52 -417.84274292 -6.14474622
53 -417.83908081 -6.14469236
54 -417.84146118 -6.14472737
55 -417.83706665 -6.14466274
56 -417.83889771 -6.14468967
57 -417.84265137 -6.14474487
58 -417.84243774 -6.14474173
59 -417.84439087 -6.14477045
60 -417.84277344 -6.14474667
61 -417.84103394 -6.14472109
62 -417.83697510 -6.14466140
63 -417.83203125 -6.14458869
64 -417.83239746 -6.14459408
65 -417.83053589 -6.14456670
66 -417.82583618 -6.14449759
67 -417.82885742 -6.14454202
68 -417.82281494 -6.14445316
69 -417.81930542 -6.14440155
70 -417.81164551 -6.14428890
71 -417.81234741 -6.14429923
72 -417.80511475 -6.14419286
73 -417.80245972 -6.14415382
74 -417.79138184 -6.14399091
75 -417.79544067 -6.14405060
76 -417.79589844 -6.14405733
77 -417.79110718 -6.14398687
78 -417.79162598 -6.14399450
79 -417.79022217 -6.14397386
80 -417.78186035 -6.14385089
81 -417.77951050 -6.14381633
82 -417.77813721 -6.14379614
83 -417.77496338 -6.14374946
84 -417.77346802 -6.14372747
85 -417.76861572 -6.14365611
86 -417.76809692 -6.14364848
87 -417.76504517 -6.14360361
88 -417.76763916 -6.14364175
89 -417.75918579 -6.14351744
90 -417.76034546 -6.14353449
91 -417.75344849 -6.14343307
92 -417.74969482 -6.14337787
93 -417.74908447 -6.14336889
94 -417.74771118 -6.14334869
95 -417.74774170 -6.14334914
96 -417.74328613 -6.14328362
97 -417.74133301 -6.14325490
98 -417.74472046 -6.14330471
99 -417.73974609 -6.14323156
100 -417.73471069 -6.14315751
101 -417.72705078 -6.14304486
102 -417.73538208 -6.14316738
103 -417.73352051 -6.14314001
104 -417.73364258 -6.14314180
105 -417.73495483 -6.14316110
106 -417.73202515 -6.14311802
107 -417.72729492 -6.14304845
108 -417.72412109 -6.14300178
109 -417.72085571 -6.14295376
110 -417.71939087 -6.14293222
111 -417.71554565 -6.14287567
112 -417.71395874 -6.14285233
113 -417.70690918 -6.14274866
114 -417.70455933 -6.14271411
115 -417.70147705 -6.14266878
116 -417.69863892 -6.14262704
117 -417.69509888 -6.14257498
118 -417.69607544 -6.14258934
119 -417.69491577 -6.14257229
120 -417.68878174 -6.14248208
121 -417.68548584 -6.14243362
122 -417.68133545 -6.14237258
123 -417.68267822 -6.14239233
124 -417.67883301 -6.14233578
125 -417.67749023 -6.14231603
126 -417.68002319 -6.14235328
127 -417.67330933 -6.14225455
128 -417.67712402 -6.14231065
129 -417.67086792 -6.14221865
130 -417.67388916 -6.14226308
131 -417.67218018 -6.14223794
132 -417.66946411 -6.14219800
133 -417.66882324 -6.14218858
134 -417.66500854 -6.14213248
135 -417.66180420 -6.14208536
136 -417.65911865 -6.14204586
137 -417.65243530 -6.14194758
138 -417.65280151 -6.14195296
139 -417.64865112 -6.14189193
140 -417.64581299 -6.14185019
141 -417.64697266 -6.14186724
142 -417.64306641 -6.14180980
143 -417.64154053 -6.14178736
144 -417.63989258 -6.14176313
145 -417.63665771 -6.14171555
146 -417.63070679 -6.14162804
147 -417.63476562 -6.14168773
148 -417.63821411 -6.14173844
149 -417.63220215 -6.14165003
150 -417.62570190 -6.14155444
151 -417.62362671 -6.14152392
152 -417.62741089 -6.14157957
153 -417.62576294 -6.14155534
154 -417.62286377 -6.14151270
155 -417.61935425 -6.14146109
156 -417.61483765 -6.14139467
157 -417.61605835 -6.14141262
158 -417.61721802 -6.14142968
159 -417.61663818 -6.14142115
160 -417.61383057 -6.14137986
161 -417.61465454 -6.14139198
162 -417.61254883 -6.14136101
163 -417.60830688 -6.14129863
164 -417.60992432 -6.14132242
165 -417.60629272 -6.14126901
166 -417.60229492 -6.14121022
167 -417.60247803 -6.14121291
168 -417.59857178 -6.14115547
169 -417.60455322 -6.14124343
170 -417.60198975 -6.14120573
171 -417.60586548 -6.14126273
172 -417.60641479 -6.14127081
173 -417.60241699 -6.14121201
174 -417.59951782 -6.14116938
175 -417.60028076 -6.14118060
176 -417.59707642 -6.14113348
177 -417.59664917 -6.14112719
178 -417.59289551 -6.14107199
179 -417.58917236 -6.14101724
180 -417.58938599 -6.14102038
181 -417.58789062 -6.14099839
182 -417.58126831 -6.14090100
183 -417.58248901 -6.14091896
184 -417.58090210 -6.14089562
185 -417.58270264 -6.14092210
186 -417.57415771 -6.14079644
187 -417.57891846 -6.14086645
188 -417.57464600 -6.14080362
189 -417.57534790 -6.14081394
190 -417.57394409 -6.14079330
191 -417.56918335 -6.14072328
192 -417.57366943 -6.14078926
193 -417.57089233 -6.14074842
194 -417.56863403 -6.14071521
195 -417.57009888 -6.14073675
196 -417.57043457 -6.14074168
197 -417.56646729 -6.14068334
198 -417.56649780 -6.14068379
199 -417.56918335 -6.14072328
200 -417.56848145 -6.14071296
201 -417.56414795 -6.14064923
202 -417.56088257 -6.14060121
203 -417.56137085 -6.14060839
204 -417.55462646 -6.14050921
205 -417.55429077 -6.14050428
206 -417.56405640 -6.14064789
207 -417.56240845 -6.14062365
208 -417.56390381 -6.14064564
209 -417.56338501 -6.14063801
210 -417.56185913 -6.14061558
211 -417.55776978 -6.14055544
212 -417.55145264 -6.14046254
213 -417.54824829 -6.14041542
214 -417.54843140 -6.14041811
215 -417.54602051 -6.14038265
216 -417.54815674 -6.14041407
217 -417.54669189 -6.14039253
218 -417.54522705 -6.14037099
219 -417.54101562 -6.14030905
220 -417.53613281 -6.14023725
221 -417.53332520 -6.14019596
222 -417.52648926 -6.14009543
223 -417.52972412 -6.14014300
224 -417.52655029 -6.14009633
225 -417.52880859 -6.14012954
226 -417.52529907 -6.14007793
227 -417.52517700 -6.14007613
228 -417.52822876 -6.14012101
229 -417.52471924 -6.14006940
230 -417.52096558 -6.14001420
231 -417.51940918 -6.13999131
232 -417.51907349 -6.13998637
233 -417.51889038 -6.13998368
234 -417.51553345 -6.13993432
235 -417.50793457 -6.13982257
236 -417.50381470 -6.13976198
237 -417.50698853 -6.13980865
238 -417.50277710 -6.13974672
239 -417.49887085 -6.13968928
240 -417.49484253 -6.13963004
241 -417.48806763 -6.13953041
242 -417.48562622 -6.13949450
243 -417.48156738 -6.13943481
244 -417.48187256 -6.13943930
245 -417.47961426 -6.13940609
246 -417.47634888 -6.13935807
247 -417.47439575 -6.13932935
248 -417.46926880 -6.13925395
249 -417.46215820 -6.13914939
250 -417.46218872 -6.13914983
251 -417.46438599 -6.13918215
252 -417.46942139 -6.13925620
253 -417.46536255 -6.13919651
254 -417.47167969 -6.13928941
255 -417.46533203 -6.13919606
256 -417.45947266 -6.13910989
257 -417.46347046 -6.13916868
258 -417.46746826 -6.13922747
259 -417.46588135 -6.13920414
260 -417.46481323 -6.13918843
261 -417.45977783 -6.13911438
262 -417.45315552 -6.13901699
263 -417.45831299 -6.13909284
264 -417.46051025 -6.13912515
265 -417.45941162 -6.13910899
266 -417.45736694 -6.13907893
267 -417.45932007 -6.13910765
268 -417.45822144 -6.13909149
269 -417.45819092 -6.13909104
270 -417.45449829 -6.13903674
271 -417.45050049 -6.13897795
272 -417.44445801 -6.13888909
273 -417.45031738 -6.13897526
274 -417.45578003 -6.13905559
275 -417.44946289 -6.13896269
276 -417.44918823 -6.13895865
277 -417.45156860 -6.13899366
278 -417.44525146 -6.13890076
279 -417.44259644 -6.13886171
280 -417.44348145 -6.13887473
281 -417.44381714 -6.13887966
282 -417.44683838 -6.13892409
283 -417.44268799 -6.13886306
284 -417.44387817 -6.13888056
285 -417.44253540 -6.13886081
286 -417.44006348 -6.13882446
287 -417.43432617 -6.13874009
288 -417.43426514 -6.13873919
289 -417.43472290 -6.13874593
290 -417.42990112 -6.13867502
291 -417.43133545 -6.13869611
292 -417.42803955 -6.13864764
293 -417.42730713 -6.13863687
294 -417.43096924 -6.13869072
295 -417.43115234 -6.13869342
296 -417.42843628 -6.13865347
297 -417.42633057 -6.13862251
298 -417.42837524 -6.13865258
299 -417.42462158 -6.13859738
300 -417.42544556 -6.13860949
301 -417.42617798 -6.13862026
302 -417.42736816 -6.13863777
303 -417.42379761 -6.13858526
304 -417.42276001 -6.13857000
305 -417.42242432 -6.13856506
306 -417.42202759 -6.13855923
307 -417.41751099 -6.13849281
308 -417.41955566 -6.13852288
309 -417.41635132 -6.13847575
310 -417.41827393 -6.13850403
311 -417.41744995 -6.13849191
312 -417.41973877 -6.13852557
313 -417.42053223 -6.13853724
314 -417.41735840 -6.13849056
315 -417.41326904 -6.13843043
316 -417.40646362 -6.13833035
317 -417.40399170 -6.13829400
318 -417.40423584 -6.13829759
319 -417.40206909 -6.13826572
320 -417.40316772 -6.13828188
321 -417.40173340 -6.13826079
322 -417.39923096 -6.13822398
323 -417.39733887 -6.13819616
324 -417.39495850 -6.13816115
325 -417.39172363 -6.13811358
326 -417.38757324 -6.13805255
327 -417.38436890 -6.13800542
328 -417.37750244 -6.13790445
329 -417.37350464 -6.13784566
330 -417.37252808 -6.13783130
331 -417.37118530 -6.13781155
332 -417.36587524 -6.13773346
333 -417.35983276 -6.13764460
334 -417.35879517 -6.13762934
335 -417.35311890 -6.13754587
336 -417.35168457 -6.13752477
337 -417.35263062 -6.13753869
338 -417.34530640 -6.13743098
339 -417.33688354 -6.13730711
340 -417.33511353 -6.13728108
341 -417.32788086 -6.13717472
342 -417.32571411 -6.13714285
343 -417.32711792 -6.13716350
344 -417.32638550 -6.13715273
345 -417.32583618 -6.13714465
346 -417.33139038 -6.13722633
347 -417.32598877 -6.13714689
348 -417.33221436 -6.13723845
349 -417.33084106 -6.13721825
350 -417.32495117 -6.13713163
351 -417.32546997 -6.13713926
352 -417.32174683 -6.13708451
353 -417.31909180 -6.13704547
354 -417.32461548 -6.13712670
355 -417.32940674 -6.13719716
356 -417.32952881 -6.13719895
357 -417.32208252 -6.13708945
358 -417.32098389 -6.13707329
359 -417.32440186 -6.13712356
360 -417.32598877 -6.13714689
361 -417.31799316 -6.13702931
362 -417.31997681 -6.13705848
363 -417.31051636 -6.13691936
364 -417.30944824 -6.13690365
365 -417.30184937 -6.13679190
366 -417.30206299 -6.13679504
367 -417.29721069 -6.13672369
368 -417.29800415 -6.13673536
369 -417.29251099 -6.13665457
370 -417.28610229 -6.13656033
371 -417.28259277 -6.13650872
