0 -596.71569824 -6.78086021
1 -596.73162842 -6.78104123
2 -596.74304199 -6.78117093
3 -596.75207520 -6.78127358
4 -596.75878906 -6.78134988
5 -596.76422119 -6.78141160
6 -596.76843262 -6.78145946
7 -596.77331543 -6.78151495
8 -596.77703857 -6.78155726
9 -596.78094482 -6.78160165
10 -596.78381348 -6.78163424
11 -596.78656006 -6.78166546
12 -596.78900146 -6.78169320
13 -596.79125977 -6.78171886
14 -596.79345703 -6.78174383
15 -596.79559326 -6.78176811
16 -596.79687500 -6.78178267
17 -596.79870605 -6.78180348
18 -596.80090332 -6.78182845
19 -596.80187988 -6.78183954
20 -596.80310059 -6.78185342
21 -596.80419922 -6.78186590
22 -596.80621338 -6.78188879
23 -596.80700684 -6.78189780
24 -596.80822754 -6.78191168
25 -596.80944824 -6.78192555
26 -596.81024170 -6.78193456
27 -596.81079102 -6.78194081
28 -596.81201172 -6.78195468
29 -596.81250000 -6.78196023
30 -596.81353760 -6.78197202
