0 -502.38287354 -5.98074849
1 -502.40957642 -5.98106639
2 -502.43041992 -5.98131452
3 -502.44818115 -5.98152597
4 -502.46188354 -5.98168909
5 -502.47412109 -5.98183477
6 -502.48489380 -5.98196302
7 -502.49496460 -5.98208291
8 -502.50405884 -5.98219118
9 -502.51043701 -5.98226711
10 -502.51806641 -5.98235793
11 -502.52493286 -5.98243968
12 -502.53073120 -5.98250870
13 -502.53692627 -5.98258246
14 -502.54187012 -5.98264131
15 -502.54650879 -5.98269653
16 -502.55020142 -5.98274049
17 -502.55468750 -5.98279390
18 -502.55908203 -5.98284621
19 -502.56326294 -5.98289599
20 -502.56695557 -5.98293995
21 -502.57122803 -5.98299081
22 -502.57427979 -5.98302714
23 -502.57742310 -5.98306456
24 -502.58004761 -5.98309580
25 -502.58276367 -5.98312814
26 -502.58657837 -5.98317355
27 -502.58883667 -5.98320044
28 -502.59136963 -5.98323059
29 -502.59405518 -5.98326256
30 -502.59622192 -5.98328836
31 -502.59848022 -5.98331524
32 -502.60070801 -5.98334176
33 -502.60238647 -5.98336174
34 -502.60440063 -5.98338572
35 -502.60653687 -5.98341115
36 -502.60864258 -5.98343622
37 -502.61099243 -5.98346420
38 -502.61331177 -5.98349181
39 -502.61489868 -5.98351070
40 -502.61621094 -5.98352632
41 -502.61840820 -5.98355248
42 -502.62005615 -5.98357210
43 -502.62249756 -5.98360116
44 -502.62469482 -5.98362732
45 -502.62603760 -5.98364330
46 -502.62780762 -5.98366438
47 -502.62847900 -5.98367237
48 -502.63024902 -5.98369344
49 -502.63171387 -5.98371088
50 -502.63372803 -5.98373486
51 -502.63467407 -5.98374612
52 -502.63601685 -5.98376211
53 -502.63751221 -5.98377991
54 -502.63876343 -5.98379480
55 -502.63989258 -5.98380824
56 -502.64086914 -5.98381987
57 -502.64166260 -5.98382932
58 -502.64282227 -5.98384312
59 -502.64370728 -5.98385366
60 -502.64523315 -5.98387182
61 -502.64611816 -5.98388236
62 -502.64715576 -5.98389471
63 -502.64764404 -5.98390052
64 -502.64877319 -5.98391397
65 -502.64959717 -5.98392378
66 -502.65036011 -5.98393286
67 -502.65124512 -5.98394339
68 -502.65225220 -5.98395538
