0 -614.30651855 -6.26843386
1 -614.26562500 -6.26801658
2 -614.23284912 -6.26768213
3 -614.17736816 -6.26711600
4 -614.14660645 -6.26680211
5 -614.09020996 -6.26622663
6 -614.03540039 -6.26566735
7 -614.00891113 -6.26539705
8 -613.99066162 -6.26521083
9 -613.94616699 -6.26475681
10 -613.92333984 -6.26452388
11 -613.88562012 -6.26413898
12 -613.85766602 -6.26385373
13 -613.85113525 -6.26378709
14 -613.79473877 -6.26321162
15 -613.75714111 -6.26282797
16 -613.76361084 -6.26289399
17 -613.73083496 -6.26255954
18 -613.69683838 -6.26221264
19 -613.64312744 -6.26166457
20 -613.63439941 -6.26157550
21 -613.61016846 -6.26132825
22 -613.55261230 -6.26074094
23 -613.50152588 -6.26021965
24 -613.46636963 -6.25986091
25 -613.41943359 -6.25938198
26 -613.37298584 -6.25890802
27 -613.30163574 -6.25817996
28 -613.16577148 -6.25679359
29 -613.14721680 -6.25660425
30 -613.11712646 -6.25629721
31 -613.08282471 -6.25594719
32 -613.05725098 -6.25568623
33 -613.05059814 -6.25561835
34 -613.03961182 -6.25550624
35 -612.99737549 -6.25507526
36 -613.00378418 -6.25514065
37 -613.02423096 -6.25534930
38 -612.95556641 -6.25464864
39 -612.96496582 -6.25474455
40 -612.99475098 -6.25504848
41 -612.88989258 -6.25397850
42 -612.85882568 -6.25366149
43 -612.89666748 -6.25404763
44 -612.80407715 -6.25310283
45 -612.76397705 -6.25269364
46 -612.69598389 -6.25199984
47 -612.64233398 -6.25145239
48 -612.48101807 -6.24980631
49 -612.38806152 -6.24885777
50 -612.31829834 -6.24814590
51 -612.31152344 -6.24807677
52 -612.35504150 -6.24852083
53 -612.28125000 -6.24776786
54 -612.10345459 -6.24595362
55 -612.13092041 -6.24623388
56 -612.03271484 -6.24523178
57 -612.00543213 -6.24495339
58 -611.92431641 -6.24412568
59 -611.82006836 -6.24306192
60 -611.69897461 -6.24182627
61 -611.48114014 -6.23960347
62 -611.47662354 -6.23955738
63 -611.42736816 -6.23905478
64 -611.44055176 -6.23918930
65 -611.42480469 -6.23902862
66 -611.48913574 -6.23968506
67 -611.49060059 -6.23970001
68 -611.43994141 -6.23918308
69 -611.27062988 -6.23745541
70 -611.12261963 -6.23594510
71 -611.10461426 -6.23576137
72 -610.96185303 -6.23430462
73 -611.09027100 -6.23561501
74 -610.91333008 -6.23380949
75 -610.95837402 -6.23426912
76 -610.88018799 -6.23347131
77 -610.94763184 -6.23415951
78 -610.86755371 -6.23334238
79 -610.83026123 -6.23296185
80 -610.77453613 -6.23239323
81 -610.65307617 -6.23115384
82 -610.50476074 -6.22964042
83 -610.31823730 -6.22773712
84 -610.13146973 -6.22583132
85 -610.12292480 -6.22574413
86 -610.13885498 -6.22590668
87 -610.03063965 -6.22480245
88 -609.88366699 -6.22330272
89 -609.73791504 -6.22181546
90 -609.51165771 -6.21950671
91 -609.49505615 -6.21933731
92 -609.18627930 -6.21618652
93 -609.21972656 -6.21652782
94 -609.04943848 -6.21479019
95 -609.00836182 -6.21437104
96 -608.86553955 -6.21291367
97 -608.73089600 -6.21153976
98 -608.58984375 -6.21010045
99 -608.40112305 -6.20817472
100 -608.20898438 -6.20621413
101 -608.09674072 -6.20506878
102 -607.83551025 -6.20240317
103 -607.99877930 -6.20406918
104 -607.79003906 -6.20193917
105 -607.76135254 -6.20164645
106 -607.68701172 -6.20088787
107 -607.42089844 -6.19817243
108 -607.15820312 -6.19549187
109 -607.20043945 -6.19592285
110 -607.07922363 -6.19468596
111 -607.07116699 -6.19460374
112 -606.74755859 -6.19130162
113 -606.65557861 -6.19036305
114 -606.51910400 -6.18897045
115 -606.24682617 -6.18619210
116 -606.36425781 -6.18739039
117 -606.24072266 -6.18612982
118 -606.18316650 -6.18554252
119 -606.28955078 -6.18662807
120 -605.98010254 -6.18347043
121 -606.06152344 -6.18430126
122 -605.93896484 -6.18305066
123 -605.87402344 -6.18238799
124 -605.93908691 -6.18305191
125 -605.85925293 -6.18223727
126 -605.39721680 -6.17752262
127 -605.47094727 -6.17827497
128 -605.38549805 -6.17740304
129 -605.20361328 -6.17554707
130 -605.28021240 -6.17632870
131 -605.15557861 -6.17505692
132 -605.15112305 -6.17501146
133 -604.96008301 -6.17306207
134 -604.68121338 -6.17021646
135 -604.44738770 -6.16783049
136 -604.21008301 -6.16540901
137 -604.37329102 -6.16707440
138 -604.34008789 -6.16673559
139 -604.26464844 -6.16596580
140 -604.31494141 -6.16647899
141 -604.51361084 -6.16850623
142 -604.21051025 -6.16541337
143 -603.86639404 -6.16190198
144 -603.34252930 -6.15655642
145 -603.11102295 -6.15419411
146 -603.19866943 -6.15508846
147 -602.50891113 -6.14805011
148 -602.10522461 -6.14393086
149 -601.73425293 -6.14014544
150 -601.84082031 -6.14123286
151 -601.54156494 -6.13817923
152 -601.17889404 -6.13447851
153 -601.21984863 -6.13489641
154 -601.26220703 -6.13532864
155 -601.65942383 -6.13938188
156 -601.28063965 -6.13551673
157 -601.00268555 -6.13268046
158 -601.06378174 -6.13330390
159 -600.94604492 -6.13210250
160 -600.89257812 -6.13155692
161 -601.02221680 -6.13287976
162 -601.11755371 -6.13385259
163 -600.84429932 -6.13106428
164 -600.95568848 -6.13220090
165 -600.85662842 -6.13119009
166 -600.95605469 -6.13220464
167 -600.59838867 -6.12855499
168 -600.15838623 -6.12406517
169 -600.16577148 -6.12414053
170 -599.49536133 -6.11729961
171 -599.54821777 -6.11783896
172 -599.60644531 -6.11843312
173 -599.99798584 -6.12242843
174 -599.80554199 -6.12046471
175 -599.44805908 -6.11681693
176 -599.12176514 -6.11348740
177 -598.49786377 -6.10712106
178 -598.59857178 -6.10814869
179 -598.57293701 -6.10788711
180 -598.41687012 -6.10629459
181 -597.99511719 -6.10199099
182 -597.90307617 -6.10105180
183 -597.46038818 -6.09653457
184 -597.45495605 -6.09647914
185 -597.62976074 -6.09826286
186 -597.69274902 -6.09890560
187 -597.99499512 -6.10198975
188 -597.24633789 -6.09435039
189 -596.90875244 -6.09090564
190 -596.65826416 -6.08834963
191 -596.69799805 -6.08875508
192 -596.41333008 -6.08585031
193 -596.15319824 -6.08319590
194 -595.65820312 -6.07814493
195 -595.25781250 -6.07405931
196 -595.11682129 -6.07262063
197 -594.88305664 -6.07023527
198 -594.77233887 -6.06910550
199 -594.13922119 -6.06264511
200 -593.48413086 -6.05596052
201 -593.11010742 -6.05214395
202 -592.68029785 -6.04775814
203 -593.23266602 -6.05339455
204 -593.54730225 -6.05660512
205 -593.55212402 -6.05665433
206 -593.17700195 -6.05282655
207 -594.10894775 -6.06233620
208 -593.15295410 -6.05258116
209 -592.67565918 -6.04771081
210 -592.91375732 -6.05014038
211 -593.19860840 -6.05304702
212 -593.30957031 -6.05417929
213 -593.74279785 -6.05859998
214 -593.91577148 -6.06036502
215 -593.59295654 -6.05707099
216 -594.01647949 -6.06139265
217 -593.09973145 -6.05203808
218 -592.24389648 -6.04330507
219 -591.61914062 -6.03693001
220 -591.93334961 -6.04013622
221 -591.58020020 -6.03653266
222 -591.14532471 -6.03209515
223 -591.89038086 -6.03969776
224 -591.31799316 -6.03385707
225 -591.81762695 -6.03895538
226 -592.33697510 -6.04425485
227 -592.58489990 -6.04678469
228 -591.55151367 -6.03623994
229 -591.09063721 -6.03153711
230 -591.62536621 -6.03699353
231 -592.32080078 -6.04408980
232 -591.98883057 -6.04070235
233 -591.34399414 -6.03412239
234 -591.06518555 -6.03127740
235 -590.35784912 -6.02405968
236 -590.31811523 -6.02365424
237 -590.37994385 -6.02428514
238 -589.88629150 -6.01924787
239 -589.70776367 -6.01742616
240 -589.29614258 -6.01322594
241 -588.75244141 -6.00767797
242 -588.78161621 -6.00797568
243 -589.16577148 -6.01189563
244 -589.13049316 -6.01153564
245 -589.53613281 -6.01567482
246 -590.43048096 -6.02480083
247 -589.86029053 -6.01898256
248 -588.95678711 -6.00976313
249 -588.70593262 -6.00720339
250 -589.74322510 -6.01778801
251 -590.73406982 -6.02789867
252 -589.97692871 -6.02017274
253 -589.43896484 -6.01468331
254 -590.07958984 -6.02122030
255 -590.60906982 -6.02662316
256 -590.16162109 -6.02205736
257 -589.53607178 -6.01567420
258 -589.25128174 -6.01276818
259 -589.47216797 -6.01502212
260 -588.40270996 -6.00410929
261 -588.64105225 -6.00654135
262 -588.69073486 -6.00704831
263 -587.51678467 -5.99506923
264 -587.36193848 -5.99348917
265 -587.80712891 -5.99803193
266 -587.82824707 -5.99824742
267 -586.78271484 -5.98757872
268 -586.91101074 -5.98888786
269 -587.10015869 -5.99081795
270 -587.31903076 -5.99305133
271 -586.99389648 -5.98973364
272 -587.65313721 -5.99646058
273 -586.94158936 -5.98919989
274 -586.51983643 -5.98489629
275 -586.77496338 -5.98749963
276 -587.05407715 -5.99034773
277 -587.24182129 -5.99226348
278 -586.15399170 -5.98116318
279 -584.24926758 -5.96172722
280 -584.93469238 -5.96872135
281 -585.17767334 -5.97120075
282 -584.87402344 -5.96810228
283 -584.33404541 -5.96259230
284 -584.62255859 -5.96553631
285 -585.52514648 -5.97474639
286 -586.62048340 -5.98592330
287 -586.29339600 -5.98258567
288 -584.70404053 -5.96636776
289 -584.25012207 -5.96173594
290 -583.42736816 -5.95334049
291 -584.01434326 -5.95933003
292 -585.28063965 -5.97225142
293 -584.48980713 -5.96418171
294 -582.26177979 -5.94144673
295 -580.65582275 -5.92505942
296 -579.99926758 -5.91835987
297 -579.92852783 -5.91763804
298 -580.11962891 -5.91958805
299 -581.08538818 -5.92944274
300 -580.58135986 -5.92429959
301 -580.86279297 -5.92717136
302 -580.04705811 -5.91884753
303 -579.86993408 -5.91704014
304 -578.10095215 -5.89898931
305 -578.32305908 -5.90125570
306 -577.82849121 -5.89620909
307 -576.03198242 -5.87787737
308 -576.11499023 -5.87872439
309 -577.38177490 -5.89165076
310 -577.85815430 -5.89651178
311 -577.04077148 -5.88817114
312 -577.42956543 -5.89213842
313 -576.93505859 -5.88709243
314 -577.64746094 -5.89436185
315 -577.04718018 -5.88823653
316 -575.43603516 -5.87179628
317 -574.46630859 -5.86190111
318 -574.97625732 -5.86710467
319 -575.92742920 -5.87681050
320 -575.74932861 -5.87499315
321 -574.80139160 -5.86532032
322 -575.31384277 -5.87054942
323 -577.03735352 -5.88813626
324 -578.11083984 -5.89909020
325 -577.69427490 -5.89483954
326 -576.76629639 -5.88537037
327 -576.78381348 -5.88554912
328 -576.22418213 -5.87983859
329 -575.92175293 -5.87675258
330 -575.48425293 -5.87228830
331 -575.32043457 -5.87061668
332 -573.28643799 -5.84986161
333 -571.58447266 -5.83249462
334 -572.13153076 -5.83807684
335 -570.58367920 -5.82228244
336 -571.27770996 -5.82936439
337 -571.00683594 -5.82660037
338 -570.09442139 -5.81729001
339 -571.05590820 -5.82710110
340 -571.50671387 -5.83170116
341 -570.92089844 -5.82572345
342 -569.50640869 -5.81128988
343 -568.51092529 -5.80113189
344 -570.09564209 -5.81730247
345 -569.25964355 -5.80877187
346 -568.42077637 -5.80021200
347 -568.96423340 -5.80575748
348 -568.57055664 -5.80174037
349 -569.48590088 -5.81108062
350 -567.84387207 -5.79432523
351 -566.71649170 -5.78282134
352 -568.15209961 -5.79747040
353 -569.61517334 -5.81239973
354 -569.20892334 -5.80825432
355 -569.69671631 -5.81323180
356 -569.91754150 -5.81548512
357 -570.83898926 -5.82488765
358 -569.16326904 -5.80778846
359 -570.36773682 -5.82007895
360 -570.45715332 -5.82099136
361 -570.01049805 -5.81643365
362 -569.51672363 -5.81139514
363 -568.31298828 -5.79911213
364 -567.02172852 -5.78593601
365 -566.94055176 -5.78510767
366 -565.55609131 -5.77098052
367 -564.90264893 -5.76431274
368 -566.12353516 -5.77677077
369 -568.12469482 -5.79719076
370 -567.84521484 -5.79433893
371 -568.59570312 -5.80199697
372 -569.18652344 -5.80802575
373 -569.12585449 -5.80740668
374 -569.64483643 -5.81270241
375 -567.82702637 -5.79415333
376 -568.61944580 -5.80223924
377 -569.23413086 -5.80851154
378 -570.40295410 -5.82043831
379 -571.65844727 -5.83324946
380 -571.18139648 -5.82838160
381 -570.07977295 -5.81714054
382 -569.96093750 -5.81592793
383 -570.94152832 -5.82593396
384 -571.08258057 -5.82737327
385 -570.93133545 -5.82582995
386 -570.23864746 -5.81876171
387 -571.73553467 -5.83403607
388 -572.26464844 -5.83943519
389 -571.51916504 -5.83182821
390 -571.36383057 -5.83024317
391 -570.74017334 -5.82387932
392 -569.69006348 -5.81316391
393 -570.21972656 -5.81856864
394 -569.93981934 -5.81571244
395 -569.09759521 -5.80711832
396 -568.45104980 -5.80052092
397 -568.80877686 -5.80417119
398 -568.60400391 -5.80208167
399 -567.86657715 -5.79455691
400 -566.92004395 -5.78489841
401 -566.16815186 -5.77722604
402 -566.54711914 -5.78109305
403 -567.45220947 -5.79032867
404 -566.38360596 -5.77942455
405 -566.98468018 -5.78555796
406 -566.63824463 -5.78202290
407 -566.75451660 -5.78320935
408 -566.78649902 -5.78353570
409 -567.12170410 -5.78695616
410 -566.48962402 -5.78050637
411 -567.50891113 -5.79090726
412 -568.22698975 -5.79823459
413 -567.63110352 -5.79215412
414 -567.93450928 -5.79525009
415 -566.42633057 -5.77986052
416 -565.60540771 -5.77148375
417 -565.25439453 -5.76790199
418 -564.34326172 -5.75860471
419 -565.19079590 -5.76725302
420 -565.48712158 -5.77027675
421 -566.12518311 -5.77678758
422 -565.24938965 -5.76785091
423 -567.21264648 -5.78788415
424 -567.04064941 -5.78612908
425 -566.79089355 -5.78358055
426 -565.16326904 -5.76697213
427 -563.86938477 -5.75376923
428 -564.98913574 -5.76519526
429 -565.60339355 -5.77146320
430 -566.71575928 -5.78281387
431 -567.92700195 -5.79517349
432 -567.81994629 -5.79408108
433 -568.24694824 -5.79843825
434 -568.82958984 -5.80438357
435 -569.28039551 -5.80898363
436 -567.94805908 -5.79538836
437 -568.08251953 -5.79676040
438 -567.86737061 -5.79456501
439 -568.08679199 -5.79680400
440 -567.84716797 -5.79435886
441 -567.37890625 -5.78958068
442 -566.87841797 -5.78447365
443 -567.63140869 -5.79215723
444 -566.65008545 -5.78214373
445 -566.81958008 -5.78387327
446 -567.14624023 -5.78720653
447 -565.09075928 -5.76623224
448 -564.55920410 -5.76080821
449 -564.43554688 -5.75954640
450 -566.09375000 -5.77646684
451 -566.00219727 -5.77553263
452 -567.43151855 -5.79011754
453 -567.96618652 -5.79557333
454 -568.50219727 -5.80104283
455 -566.87902832 -5.78447988
456 -566.22137451 -5.77776913
457 -565.80175781 -5.77348732
458 -565.99536133 -5.77546287
459 -566.36157227 -5.77919972
460 -565.79791260 -5.77344809
461 -565.99877930 -5.77549775
462 -567.21704102 -5.78792899
463 -566.56884766 -5.78131477
464 -567.25732422 -5.78834004
465 -566.04528809 -5.77597233
466 -564.90808105 -5.76436817
467 -565.40270996 -5.76941541
468 -565.40197754 -5.76940793
469 -565.59503174 -5.77137787
470 -564.06146240 -5.75572921
471 -563.16949463 -5.74662750
472 -563.03302002 -5.74523490
473 -562.40295410 -5.73880565
474 -562.04101562 -5.73511240
475 -560.22167969 -5.71654775
476 -559.48522949 -5.70903295
477 -558.70776367 -5.70109963
478 -555.37304688 -5.66707191
479 -556.58349609 -5.67942343
480 -555.99169922 -5.67338469
481 -554.94641113 -5.66271848
482 -555.34301758 -5.66676549
483 -555.89794922 -5.67242805
484 -555.94366455 -5.67289454
485 -556.74029541 -5.68102342
486 -557.57037354 -5.68949361
487 -555.79785156 -5.67140665
488 -557.77642822 -5.69159621
489 -558.03314209 -5.69421574
490 -558.01818848 -5.69406315
491 -557.02270508 -5.68390515
492 -558.20831299 -5.69600319
493 -556.64929199 -5.68009482
494 -554.56597900 -5.65883652
495 -554.65032959 -5.65969724
496 -553.22143555 -5.64511669
497 -553.33618164 -5.64628757
498 -551.31158447 -5.62562841
499 -549.75488281 -5.60974370
500 -548.92938232 -5.60132023
