0 -690.29754639 -6.90297546
1 -690.25134277 -6.90251343
2 -690.21044922 -6.90210449
3 -690.16961670 -6.90169617
4 -690.11956787 -6.90119568
5 -690.06079102 -6.90060791
6 -690.00183105 -6.90001831
7 -689.97619629 -6.89976196
8 -689.90686035 -6.89906860
9 -689.87927246 -6.89879272
10 -689.86071777 -6.89860718
11 -689.84405518 -6.89844055
12 -689.83410645 -6.89834106
13 -689.80053711 -6.89800537
14 -689.75140381 -6.89751404
15 -689.69036865 -6.89690369
16 -689.64257812 -6.89642578
17 -689.53857422 -6.89538574
18 -689.41241455 -6.89412415
19 -689.37341309 -6.89373413
20 -689.36602783 -6.89366028
21 -689.35705566 -6.89357056
22 -689.31933594 -6.89319336
23 -689.24780273 -6.89247803
24 -689.20422363 -6.89204224
25 -689.08129883 -6.89081299
26 -689.07000732 -6.89070007
27 -688.92175293 -6.88921753
28 -688.86907959 -6.88869080
29 -688.78594971 -6.88785950
30 -688.72039795 -6.88720398
31 -688.58728027 -6.88587280
32 -688.54565430 -6.88545654
33 -688.40698242 -6.88406982
34 -688.45281982 -6.88452820
35 -688.30883789 -6.88308838
36 -688.29797363 -6.88297974
37 -688.17956543 -6.88179565
38 -688.06201172 -6.88062012
39 -687.96545410 -6.87965454
40 -687.86657715 -6.87866577
41 -687.88635254 -6.87886353
42 -687.83142090 -6.87831421
43 -687.71710205 -6.87717102
44 -687.86871338 -6.87868713
45 -687.88195801 -6.87881958
46 -687.96313477 -6.87963135
47 -687.87200928 -6.87872009
48 -687.78149414 -6.87781494
49 -687.70544434 -6.87705444
50 -687.43664551 -6.87436646
51 -687.32360840 -6.87323608
52 -687.21435547 -6.87214355
53 -687.20739746 -6.87207397
54 -687.13610840 -6.87136108
55 -687.11584473 -6.87115845
56 -687.07043457 -6.87070435
57 -687.06652832 -6.87066528
58 -686.90911865 -6.86909119
59 -686.94219971 -6.86942200
60 -686.86688232 -6.86866882
61 -686.86206055 -6.86862061
62 -686.66467285 -6.86664673
63 -686.49963379 -6.86499634
64 -686.39129639 -6.86391296
65 -686.25750732 -6.86257507
66 -686.41784668 -6.86417847
67 -686.27874756 -6.86278748
68 -686.28088379 -6.86280884
69 -686.33105469 -6.86331055
70 -686.38061523 -6.86380615
71 -686.07226562 -6.86072266
72 -686.02429199 -6.86024292
73 -685.89550781 -6.85895508
74 -685.62817383 -6.85628174
75 -685.55285645 -6.85552856
76 -685.55981445 -6.85559814
77 -685.36218262 -6.85362183
78 -685.13433838 -6.85134338
79 -685.19360352 -6.85193604
80 -685.18969727 -6.85189697
81 -685.24176025 -6.85241760
82 -685.22912598 -6.85229126
83 -685.10644531 -6.85106445
84 -685.01501465 -6.85015015
85 -684.97534180 -6.84975342
86 -684.97314453 -6.84973145
87 -684.87268066 -6.84872681
88 -684.70349121 -6.84703491
89 -684.50402832 -6.84504028
90 -684.30383301 -6.84303833
91 -684.17492676 -6.84174927
92 -684.01788330 -6.84017883
93 -684.16015625 -6.84160156
94 -683.77447510 -6.83774475
95 -683.88305664 -6.83883057
96 -683.80798340 -6.83807983
97 -683.65759277 -6.83657593
98 -683.65191650 -6.83651917
99 -683.69934082 -6.83699341
100 -683.55566406 -6.83555664
101 -683.51965332 -6.83519653
102 -683.00524902 -6.83005249
103 -683.01379395 -6.83013794
104 -682.61816406 -6.82618164
105 -682.39709473 -6.82397095
106 -682.19598389 -6.82195984
107 -681.86608887 -6.81866089
108 -681.77966309 -6.81779663
109 -681.25646973 -6.81256470
110 -680.92407227 -6.80924072
111 -680.58581543 -6.80585815
112 -680.51989746 -6.80519897
113 -680.97778320 -6.80977783
114 -680.39038086 -6.80390381
115 -680.08984375 -6.80089844
116 -680.00775146 -6.80007751
117 -679.63867188 -6.79638672
118 -679.72241211 -6.79722412
119 -679.61389160 -6.79613892
120 -679.26025391 -6.79260254
121 -679.12402344 -6.79124023
122 -678.56567383 -6.78565674
123 -678.83135986 -6.78831360
124 -678.66339111 -6.78663391
125 -678.44812012 -6.78448120
126 -678.25720215 -6.78257202
127 -678.23681641 -6.78236816
128 -678.01440430 -6.78014404
129 -677.96539307 -6.77965393
130 -677.87524414 -6.77875244
131 -677.15283203 -6.77152832
132 -677.30364990 -6.77303650
133 -676.98852539 -6.76988525
134 -676.54968262 -6.76549683
135 -676.23913574 -6.76239136
136 -675.83703613 -6.75837036
137 -675.27172852 -6.75271729
138 -675.14984131 -6.75149841
139 -674.61999512 -6.74619995
140 -674.24291992 -6.74242920
141 -674.55261230 -6.74552612
142 -674.81262207 -6.74812622
143 -674.74694824 -6.74746948
144 -674.91510010 -6.74915100
145 -674.59655762 -6.74596558
146 -674.39855957 -6.74398560
147 -674.48950195 -6.74489502
148 -674.69091797 -6.74690918
149 -674.00549316 -6.74005493
150 -673.70190430 -6.73701904
151 -673.66345215 -6.73663452
152 -673.35070801 -6.73350708
153 -673.25280762 -6.73252808
154 -673.05035400 -6.73050354
155 -673.22772217 -6.73227722
156 -672.82287598 -6.72822876
157 -672.86169434 -6.72861694
158 -672.97094727 -6.72970947
159 -672.26641846 -6.72266418
160 -672.20910645 -6.72209106
161 -672.43676758 -6.72436768
162 -672.04803467 -6.72048035
163 -671.43884277 -6.71438843
164 -671.49487305 -6.71494873
165 -671.40100098 -6.71401001
166 -671.25354004 -6.71253540
167 -671.12487793 -6.71124878
168 -670.95141602 -6.70951416
169 -670.96179199 -6.70961792
170 -670.87152100 -6.70871521
171 -670.99285889 -6.70992859
172 -670.99627686 -6.70996277
173 -670.59228516 -6.70592285
174 -669.72155762 -6.69721558
175 -670.03833008 -6.70038330
176 -669.96350098 -6.69963501
177 -670.04675293 -6.70046753
178 -669.89129639 -6.69891296
179 -669.48907471 -6.69489075
180 -669.25781250 -6.69257812
181 -669.00610352 -6.69006104
182 -669.26184082 -6.69261841
183 -668.99255371 -6.68992554
184 -668.97216797 -6.68972168
185 -668.31896973 -6.68318970
186 -667.96411133 -6.67964111
187 -666.87261963 -6.66872620
188 -666.55773926 -6.66557739
189 -666.77612305 -6.66776123
190 -666.90637207 -6.66906372
191 -667.45269775 -6.67452698
192 -667.30541992 -6.67305420
193 -666.83789062 -6.66837891
194 -666.92663574 -6.66926636
195 -666.64825439 -6.66648254
196 -666.61260986 -6.66612610
197 -666.93444824 -6.66934448
198 -666.41284180 -6.66412842
199 -665.68896484 -6.65688965
200 -664.70642090 -6.64706421
201 -664.06127930 -6.64061279
202 -663.15612793 -6.63156128
203 -662.12060547 -6.62120605
204 -661.50335693 -6.61503357
205 -661.36633301 -6.61366333
206 -660.97949219 -6.60979492
207 -660.21014404 -6.60210144
208 -659.89685059 -6.59896851
209 -659.10113525 -6.59101135
210 -658.27203369 -6.58272034
211 -658.35266113 -6.58352661
212 -659.45336914 -6.59453369
213 -660.01959229 -6.60019592
214 -660.70465088 -6.60704651
215 -660.88812256 -6.60888123
216 -659.71801758 -6.59718018
217 -659.53692627 -6.59536926
218 -659.02899170 -6.59028992
219 -657.73828125 -6.57738281
220 -657.18304443 -6.57183044
221 -657.86590576 -6.57865906
222 -658.31097412 -6.58310974
223 -658.01269531 -6.58012695
224 -657.26153564 -6.57261536
225 -656.88049316 -6.56880493
226 -655.68096924 -6.55680969
227 -655.18237305 -6.55182373
228 -655.58843994 -6.55588440
229 -655.06909180 -6.55069092
230 -654.13073730 -6.54130737
231 -654.82647705 -6.54826477
232 -654.24487305 -6.54244873
233 -654.92053223 -6.54920532
234 -654.48419189 -6.54484192
235 -653.71777344 -6.53717773
236 -654.04278564 -6.54042786
237 -655.08923340 -6.55089233
238 -654.90814209 -6.54908142
239 -654.93896484 -6.54938965
240 -655.54046631 -6.55540466
241 -655.32830811 -6.55328308
242 -654.47625732 -6.54476257
243 -654.82800293 -6.54828003
244 -654.69061279 -6.54690613
245 -654.07153320 -6.54071533
246 -654.03662109 -6.54036621
247 -653.69067383 -6.53690674
248 -653.82409668 -6.53824097
249 -652.66564941 -6.52665649
250 -651.92474365 -6.51924744
251 -651.92578125 -6.51925781
252 -651.31469727 -6.51314697
253 -650.38977051 -6.50389771
254 -650.54345703 -6.50543457
255 -651.05804443 -6.51058044
256 -651.24114990 -6.51241150
257 -650.62939453 -6.50629395
258 -650.24676514 -6.50246765
259 -650.16259766 -6.50162598
260 -648.65917969 -6.48659180
261 -647.89477539 -6.47894775
262 -647.35510254 -6.47355103
263 -647.12097168 -6.47120972
264 -647.36853027 -6.47368530
265 -647.35351562 -6.47353516
266 -647.09753418 -6.47097534
267 -647.47436523 -6.47474365
268 -646.03295898 -6.46032959
269 -645.87634277 -6.45876343
270 -646.41857910 -6.46418579
271 -646.40277100 -6.46402771
272 -646.40563965 -6.46405640
273 -646.86993408 -6.46869934
274 -647.07769775 -6.47077698
275 -646.19213867 -6.46192139
276 -644.94439697 -6.44944397
277 -645.59326172 -6.45593262
278 -645.76354980 -6.45763550
279 -645.84863281 -6.45848633
280 -647.33203125 -6.47332031
281 -645.39343262 -6.45393433
282 -644.68255615 -6.44682556
283 -643.41381836 -6.43413818
284 -643.26885986 -6.43268860
285 -643.10870361 -6.43108704
286 -642.46087646 -6.42460876
287 -643.41516113 -6.43415161
288 -643.45617676 -6.43456177
289 -643.12445068 -6.43124451
290 -643.34985352 -6.43349854
291 -643.02655029 -6.43026550
292 -643.20001221 -6.43200012
293 -643.34289551 -6.43342896
294 -644.25445557 -6.44254456
295 -644.39172363 -6.44391724
296 -643.56054688 -6.43560547
297 -642.58514404 -6.42585144
298 -642.36151123 -6.42361511
299 -643.25390625 -6.43253906
300 -641.89721680 -6.41897217
301 -641.20776367 -6.41207764
302 -640.63702393 -6.40637024
303 -641.28973389 -6.41289734
304 -641.45715332 -6.41457153
305 -640.62390137 -6.40623901
306 -641.14245605 -6.41142456
307 -640.38305664 -6.40383057
308 -639.31494141 -6.39314941
309 -639.70397949 -6.39703979
310 -640.18884277 -6.40188843
311 -640.75830078 -6.40758301
312 -640.91571045 -6.40915710
313 -642.35455322 -6.42354553
