0 -429.48498535 -6.50734826
1 -429.49942017 -6.50756697
2 -429.51007080 -6.50772835
3 -429.51742554 -6.50783978
4 -429.52380371 -6.50793642
5 -429.53033447 -6.50803537
6 -429.53479004 -6.50810288
7 -429.53942871 -6.50817316
8 -429.54406738 -6.50824345
9 -429.54907227 -6.50831928
10 -429.55181885 -6.50836089
11 -429.55563354 -6.50841869
12 -429.55865479 -6.50846447
13 -429.56137085 -6.50850562
14 -429.56469727 -6.50855602
15 -429.56753540 -6.50859902
16 -429.57012939 -6.50863832
17 -429.57269287 -6.50867716
18 -429.57501221 -6.50871231
19 -429.57635498 -6.50873265
20 -429.57794189 -6.50875670
21 -429.58001709 -6.50878814
22 -429.58074951 -6.50879924
23 -429.58239746 -6.50882420
24 -429.58361816 -6.50884270
25 -429.58535767 -6.50886906
26 -429.58624268 -6.50888246
27 -429.58737183 -6.50889957
28 -429.58825684 -6.50891298
29 -429.58935547 -6.50892963
30 -429.59008789 -6.50894073
31 -429.59143066 -6.50896107
32 -429.59259033 -6.50897864
33 -429.59310913 -6.50898650
34 -429.59368896 -6.50899529
35 -429.59500122 -6.50901517
36 -429.59576416 -6.50902673
37 -429.59585571 -6.50902812
38 -429.59698486 -6.50904523
39 -429.59802246 -6.50906095
40 -429.59899902 -6.50907574
41 -429.59902954 -6.50907621
42 -429.60015869 -6.50909331
43 -429.60052490 -6.50909886
44 -429.60241699 -6.50912753
45 -429.60339355 -6.50914233
46 -429.60363770 -6.50914603
47 -429.60357666 -6.50914510
48 -429.60534668 -6.50917192
49 -429.60598755 -6.50918163
50 -429.60650635 -6.50918949
51 -429.60736084 -6.50920244
52 -429.60845947 -6.50921908
53 -429.60891724 -6.50922602
54 -429.61004639 -6.50924313
55 -429.61096191 -6.50925700
56 -429.61083984 -6.50925515
57 -429.61148071 -6.50926486
58 -429.61199951 -6.50927272
59 -429.61331177 -6.50929260
60 -429.61425781 -6.50930694
61 -429.61477661 -6.50931480
62 -429.61499023 -6.50931803
63 -429.61462402 -6.50931249
64 -429.61602783 -6.50933376
65 -429.61624146 -6.50933699
66 -429.61608887 -6.50933468
67 -429.61743164 -6.50935502
68 -429.61767578 -6.50935872
69 -429.61795044 -6.50936289
70 -429.61798096 -6.50936335
71 -429.61914062 -6.50938092
72 -429.61920166 -6.50938184
73 -429.61920166 -6.50938184
74 -429.61968994 -6.50938924
75 -429.62036133 -6.50939941
76 -429.62072754 -6.50940496
77 -429.62182617 -6.50942161
78 -429.62237549 -6.50942993
79 -429.62185669 -6.50942207
80 -429.62231445 -6.50942901
81 -429.62179565 -6.50942115
82 -429.62255859 -6.50943271
83 -429.62350464 -6.50944704
84 -429.62316895 -6.50944195
85 -429.62249756 -6.50943178
86 -429.62286377 -6.50943733
87 -429.62387085 -6.50945259
88 -429.62408447 -6.50945583
89 -429.62423706 -6.50945814
90 -429.62359619 -6.50944843
91 -429.62426758 -6.50945860
92 -429.62463379 -6.50946415
93 -429.62521362 -6.50947293
94 -429.62512207 -6.50947155
95 -429.62500000 -6.50946970
96 -429.62438965 -6.50946045
97 -429.62527466 -6.50947386
98 -429.62542725 -6.50947617
99 -429.62545776 -6.50947663
100 -429.62615967 -6.50948727
101 -429.62640381 -6.50949097
102 -429.62622070 -6.50948819
103 -429.62603760 -6.50948542
104 -429.62725830 -6.50950391
105 -429.62777710 -6.50951177
106 -429.62774658 -6.50951131
107 -429.62765503 -6.50950992
108 -429.62750244 -6.50950761
109 -429.62811279 -6.50951686
110 -429.62860107 -6.50952426
111 -429.62854004 -6.50952333
112 -429.62969971 -6.50954090
113 -429.62994385 -6.50954460
114 -429.63037109 -6.50955108
115 -429.63067627 -6.50955570
116 -429.63113403 -6.50956264
117 -429.63220215 -6.50957882
118 -429.63214111 -6.50957790
119 -429.63238525 -6.50958159
120 -429.63259888 -6.50958483
121 -429.63342285 -6.50959732
122 -429.63409424 -6.50960749
123 -429.63476562 -6.50961766
