0 -596.07690430 -6.62307671
1 -594.15478516 -6.60171984
2 -591.08312988 -6.56759033
3 -587.58099365 -6.52867771
4 -583.41619873 -6.48240221
5 -578.53845215 -6.42820502
6 -572.68798828 -6.36319987
7 -566.26745605 -6.29186062
8 -558.98217773 -6.21091309
9 -550.66955566 -6.11855062
10 -542.45428467 -6.02726983
11 -533.43231201 -5.92702569
12 -526.66284180 -5.85180935
13 -520.32666016 -5.78140734
14 -512.65399170 -5.69615546
15 -507.31896973 -5.63687744
16 -502.71429443 -5.58571438
17 -496.23614502 -5.51373494
18 -492.59265137 -5.47325168
19 -487.06762695 -5.41186252
20 -482.99938965 -5.36665988
21 -479.33178711 -5.32590875
22 -475.46179199 -5.28290880
23 -472.42004395 -5.24911160
24 -469.34796143 -5.21497735
25 -465.15258789 -5.16836209
26 -461.11212158 -5.12346802
27 -455.85760498 -5.06508450
28 -452.56292725 -5.02847697
29 -448.03887939 -4.97820977
30 -446.62365723 -4.96248508
31 -441.91735840 -4.91019287
32 -442.29833984 -4.91442600
33 -441.37298584 -4.90414429
34 -440.62182617 -4.89579807
35 -437.67846680 -4.86309408
36 -432.83587646 -4.80928752
37 -428.81250000 -4.76458333
38 -424.02954102 -4.71143934
39 -421.76916504 -4.68632406
40 -416.91998291 -4.63244425
41 -413.04107666 -4.58934530
42 -403.31756592 -4.48130629
43 -395.91079712 -4.39900886
