0 -402.46231079 -6.28847361
1 -402.47525024 -6.28867579
2 -402.48071289 -6.28876114
3 -402.49099731 -6.28892183
4 -402.50103760 -6.28907871
5 -402.50741577 -6.28917837
6 -402.51373291 -6.28927708
7 -402.51385498 -6.28927898
8 -402.51562500 -6.28930664
9 -402.51699829 -6.28932810
10 -402.51849365 -6.28935146
11 -402.52325439 -6.28942585
12 -402.52606201 -6.28946972
13 -402.52523804 -6.28945684
14 -402.52801514 -6.28950024
15 -402.52874756 -6.28951168
16 -402.53112793 -6.28954887
17 -402.52917480 -6.28951836
18 -402.53289795 -6.28957653
19 -402.53570557 -6.28962040
20 -402.53369141 -6.28958893
21 -402.53695679 -6.28963995
22 -402.53775024 -6.28965235
23 -402.53701782 -6.28964090
24 -402.53845215 -6.28966331
25 -402.53369141 -6.28958893
26 -402.53100586 -6.28954697
27 -402.53512573 -6.28961134
28 -402.53137207 -6.28955269
29 -402.53292847 -6.28957701
30 -402.53042603 -6.28953791
31 -402.53176880 -6.28955889
32 -402.53155518 -6.28955555
33 -402.52856445 -6.28950882
34 -402.53262329 -6.28957224
35 -402.52981567 -6.28952837
36 -402.52783203 -6.28949738
37 -402.52713013 -6.28948641
38 -402.52749634 -6.28949213
39 -402.52471924 -6.28944874
40 -402.52182007 -6.28940344
41 -402.52185059 -6.28940392
42 -402.52230835 -6.28941107
43 -402.52038574 -6.28938103
44 -402.51922607 -6.28936291
45 -402.51974487 -6.28937101
46 -402.52001953 -6.28937531
47 -402.51779175 -6.28934050
48 -402.51849365 -6.28935146
49 -402.51879883 -6.28935623
50 -402.52011108 -6.28937674
51 -402.51559448 -6.28930616
52 -402.51501465 -6.28929710
53 -402.51211548 -6.28925180
54 -402.51235962 -6.28925562
55 -402.51385498 -6.28927898
56 -402.51593018 -6.28931141
57 -402.51388550 -6.28927946
58 -402.51452637 -6.28928947
59 -402.51144409 -6.28924131
60 -402.51129150 -6.28923893
61 -402.51037598 -6.28922462
62 -402.50637817 -6.28916216
63 -402.50311279 -6.28911114
64 -402.50576782 -6.28915262
65 -402.50439453 -6.28913116
66 -402.50454712 -6.28913355
67 -402.50234985 -6.28909922
68 -402.49938965 -6.28905296
69 -402.50051880 -6.28907061
70 -402.50323486 -6.28911304
71 -402.50054932 -6.28907108
72 -402.49929810 -6.28905153
73 -402.50128174 -6.28908253
74 -402.49874878 -6.28904295
75 -402.50186157 -6.28909159
76 -402.50347900 -6.28911686
77 -402.49978638 -6.28905916
78 -402.50076294 -6.28907442
79 -402.50064087 -6.28907251
80 -402.50125122 -6.28908205
81 -402.49597168 -6.28899956
82 -402.49652100 -6.28900814
83 -402.49414062 -6.28897095
84 -402.49295044 -6.28895235
85 -402.48815918 -6.28887749
86 -402.48907471 -6.28889179
87 -402.49078369 -6.28891850
88 -402.48995972 -6.28890562
89 -402.49038696 -6.28891230
90 -402.48757935 -6.28886843
91 -402.48944092 -6.28889751
92 -402.48687744 -6.28885746
93 -402.48373413 -6.28880835
94 -402.47973633 -6.28874588
95 -402.48123169 -6.28876925
96 -402.48114014 -6.28876781
97 -402.47677612 -6.28869963
98 -402.47436523 -6.28866196
99 -402.47772217 -6.28871441
100 -402.47363281 -6.28865051
101 -402.47821045 -6.28872204
102 -402.47525024 -6.28867579
103 -402.47552490 -6.28868008
104 -402.47573853 -6.28868341
105 -402.47067261 -6.28860426
106 -402.47247314 -6.28863239
107 -402.46731567 -6.28855181
108 -402.47027588 -6.28859806
109 -402.46926880 -6.28858232
110 -402.46704102 -6.28854752
111 -402.46432495 -6.28850508
112 -402.46685791 -6.28854465
113 -402.47113037 -6.28861141
114 -402.46139526 -6.28845930
115 -402.46185303 -6.28846645
116 -402.46652222 -6.28853941
117 -402.46380615 -6.28849697
118 -402.46264648 -6.28847885
119 -402.45901489 -6.28842211
120 -402.46090698 -6.28845167
121 -402.45758057 -6.28839970
122 -402.46136475 -6.28845882
123 -402.46035767 -6.28844309
124 -402.46237183 -6.28847456
125 -402.45922852 -6.28842545
126 -402.45904541 -6.28842258
127 -402.46008301 -6.28843880
128 -402.45953369 -6.28843021
129 -402.46096802 -6.28845263
130 -402.45962524 -6.28843164
131 -402.45373535 -6.28833961
132 -402.45233154 -6.28831768
133 -402.45404053 -6.28834438
134 -402.45330811 -6.28833294
135 -402.44812012 -6.28825188
136 -402.45205688 -6.28831339
137 -402.44976807 -6.28827763
138 -402.45483398 -6.28835678
139 -402.44833374 -6.28825521
140 -402.44384766 -6.28818512
141 -402.44107056 -6.28814173
142 -402.44546509 -6.28821039
143 -402.44287109 -6.28816986
144 -402.44808960 -6.28825140
145 -402.43615723 -6.28806496
146 -402.44055176 -6.28813362
147 -402.44412231 -6.28818941
148 -402.43914795 -6.28811169
149 -402.43222046 -6.28800344
150 -402.42822266 -6.28794098
151 -402.42599487 -6.28790617
152 -402.42541504 -6.28789711
153 -402.42279053 -6.28785610
154 -402.42694092 -6.28792095
155 -402.42361450 -6.28786898
156 -402.42572021 -6.28790188
157 -402.42312622 -6.28786135
158 -402.42352295 -6.28786755
159 -402.41458130 -6.28772783
160 -402.41824341 -6.28778505
161 -402.41452026 -6.28772688
162 -402.41522217 -6.28773785
163 -402.41098022 -6.28767157
164 -402.40985107 -6.28765392
165 -402.41659546 -6.28775930
166 -402.41500854 -6.28773451
167 -402.40594482 -6.28759289
168 -402.40881348 -6.28763771
169 -402.40301514 -6.28754711
170 -402.40277100 -6.28754330
171 -402.40167236 -6.28752613
172 -402.39642334 -6.28744411
173 -402.39987183 -6.28749800
174 -402.39419556 -6.28740931
175 -402.40130615 -6.28752041
176 -402.40045166 -6.28750706
177 -402.40112305 -6.28751755
178 -402.40090942 -6.28751421
179 -402.39785767 -6.28746653
180 -402.40274048 -6.28754282
181 -402.40151978 -6.28752375
182 -402.40130615 -6.28752041
183 -402.39620972 -6.28744078
184 -402.39062500 -6.28735352
185 -402.40109253 -6.28751707
186 -402.39724731 -6.28745699
187 -402.39984131 -6.28749752
188 -402.39315796 -6.28739309
189 -402.39920044 -6.28748751
190 -402.39440918 -6.28741264
191 -402.39123535 -6.28736305
192 -402.39846802 -6.28747606
193 -402.39550781 -6.28742981
194 -402.39385986 -6.28740406
195 -402.38873291 -6.28732395
196 -402.38955688 -6.28733683
197 -402.39657593 -6.28744650
198 -402.39932251 -6.28748941
199 -402.40081787 -6.28751278
200 -402.39602661 -6.28743792
201 -402.39611816 -6.28743935
202 -402.39517212 -6.28742456
203 -402.38757324 -6.28730583
204 -402.38320923 -6.28723764
205 -402.37716675 -6.28714323
206 -402.38296509 -6.28723383
207 -402.37985229 -6.28718519
208 -402.37960815 -6.28718138
209 -402.37271118 -6.28707361
210 -402.37197876 -6.28706217
211 -402.36581421 -6.28696585
212 -402.36834717 -6.28700542
213 -402.36676025 -6.28698063
214 -402.37020874 -6.28703451
215 -402.36746216 -6.28699160
216 -402.37060547 -6.28704071
217 -402.37612915 -6.28712702
218 -402.38485718 -6.28726339
219 -402.39340210 -6.28739691
220 -402.39450073 -6.28741407
221 -402.39257812 -6.28738403
222 -402.38388062 -6.28724813
223 -402.37756348 -6.28714943
224 -402.37103271 -6.28704739
225 -402.37216187 -6.28706503
226 -402.37683105 -6.28713799
227 -402.36975098 -6.28702736
228 -402.37756348 -6.28714943
229 -402.36672974 -6.28698015
230 -402.37518311 -6.28711224
231 -402.36801147 -6.28700018
232 -402.37353516 -6.28708649
233 -402.37725830 -6.28714466
234 -402.38122559 -6.28720665
235 -402.37646484 -6.28713226
236 -402.36901855 -6.28701591
237 -402.37664795 -6.28713512
238 -402.37887573 -6.28716993
239 -402.38589478 -6.28727961
240 -402.39001465 -6.28734398
241 -402.37719727 -6.28714371
242 -402.38366699 -6.28724480
243 -402.37994385 -6.28718662
244 -402.38488770 -6.28726387
245 -402.38992310 -6.28734255
246 -402.37893677 -6.28717089
247 -402.38696289 -6.28729630
248 -402.38833618 -6.28731775
249 -402.38455200 -6.28725863
250 -402.37326050 -6.28708220
251 -402.38461304 -6.28725958
252 -402.38183594 -6.28721619
253 -402.38076782 -6.28719950
254 -402.37918091 -6.28717470
255 -402.37551880 -6.28711748
256 -402.37982178 -6.28718472
257 -402.37628174 -6.28712940
258 -402.37902832 -6.28717232
259 -402.38003540 -6.28718805
260 -402.39636230 -6.28744316
261 -402.38949585 -6.28733587
262 -402.39309692 -6.28739214
263 -402.39038086 -6.28734970
264 -402.39678955 -6.28744984
265 -402.39413452 -6.28740835
266 -402.40859985 -6.28763437
267 -402.40347290 -6.28755426
268 -402.38973999 -6.28733969
269 -402.39855957 -6.28747749
270 -402.39471436 -6.28741741
271 -402.39593506 -6.28743649
272 -402.39569092 -6.28743267
273 -402.39978027 -6.28749657
274 -402.39871216 -6.28747988
275 -402.39929199 -6.28748894
276 -402.40438843 -6.28756857
277 -402.39807129 -6.28746986
278 -402.39233398 -6.28738022
279 -402.40362549 -6.28755665
280 -402.40512085 -6.28758001
281 -402.40866089 -6.28763533
282 -402.40408325 -6.28756380
283 -402.41351318 -6.28771114
284 -402.40521240 -6.28758144
285 -402.41497803 -6.28773403
286 -402.41641235 -6.28775644
287 -402.41479492 -6.28773117
288 -402.42715454 -6.28792429
289 -402.42791748 -6.28793621
290 -402.43353271 -6.28802395
291 -402.43481445 -6.28804398
292 -402.43395996 -6.28803062
293 -402.43505859 -6.28804779
294 -402.43463135 -6.28804111
295 -402.43679810 -6.28807497
296 -402.43978882 -6.28812170
297 -402.43914795 -6.28811169
298 -402.43203735 -6.28800058
299 -402.44302368 -6.28817225
300 -402.43530273 -6.28805161
301 -402.43853760 -6.28810215
302 -402.43090820 -6.28798294
303 -402.43218994 -6.28800297
304 -402.42340088 -6.28786564
305 -402.42196655 -6.28784323
306 -402.42098999 -6.28782797
307 -402.42477417 -6.28788710
308 -402.42208862 -6.28784513
309 -402.42987061 -6.28796673
310 -402.43112183 -6.28798628
311 -402.42779541 -6.28793430
312 -402.43179321 -6.28799677
313 -402.43121338 -6.28798771
314 -402.42138672 -6.28783417
315 -402.41986084 -6.28781033
316 -402.43090820 -6.28798294
317 -402.42517090 -6.28789330
318 -402.43609619 -6.28806400
319 -402.42065430 -6.28782272
320 -402.43002319 -6.28796911
321 -402.42874146 -6.28794909
322 -402.42440796 -6.28788137
323 -402.43447876 -6.28803873
324 -402.43472290 -6.28804255
325 -402.43838501 -6.28809977
326 -402.44430542 -6.28819227
327 -402.44174194 -6.28815222
328 -402.44232178 -6.28816128
329 -402.44195557 -6.28815556
330 -402.44567871 -6.28821373
331 -402.44113159 -6.28814268
332 -402.44775391 -6.28824615
333 -402.43222046 -6.28800344
334 -402.44476318 -6.28819942
