0 -555.53979492 -6.17266439
1 -554.80169678 -6.16446330
2 -552.57275391 -6.13969727
3 -551.29406738 -6.12548964
4 -550.28906250 -6.11432292
5 -550.02368164 -6.11137424
6 -548.50091553 -6.09445462
7 -547.09643555 -6.07884928
8 -546.75177002 -6.07501967
9 -545.37139893 -6.05968221
10 -544.31835938 -6.04798177
11 -543.21563721 -6.03572930
12 -543.26354980 -6.03626166
13 -540.36193848 -6.00402154
14 -538.95166016 -5.98835178
15 -539.55865479 -5.99509616
16 -537.21972656 -5.96910807
17 -537.19982910 -5.96888699
18 -536.59436035 -5.96215956
19 -534.51177979 -5.93901978
20 -533.74761963 -5.93052911
21 -532.88610840 -5.92095676
22 -534.19946289 -5.93554959
23 -533.37329102 -5.92636990
24 -531.68243408 -5.90758260
25 -531.06207275 -5.90068970
26 -529.56854248 -5.88409492
27 -531.32073975 -5.90356377
28 -531.80908203 -5.90898980
29 -530.59826660 -5.89553630
30 -528.83575439 -5.87595283
31 -525.12304688 -5.83470052
32 -524.89099121 -5.83212212
33 -522.91625977 -5.81018066
34 -519.58837891 -5.77320421
35 -514.46191406 -5.71624349
36 -512.06042480 -5.68956028
37 -510.58038330 -5.67311537
38 -507.50552368 -5.63895026
39 -503.54016113 -5.59489068
40 -508.55755615 -5.65063951
41 -508.32464600 -5.64805162
42 -511.27093506 -5.68078817
43 -508.68887329 -5.65209859
44 -506.15277100 -5.62391968
45 -501.75665283 -5.57507392
46 -502.38284302 -5.58203159
47 -502.90902710 -5.58787808
48 -502.17562866 -5.57972921
49 -497.78695679 -5.53096619
50 -497.38479614 -5.52649773
51 -491.92938232 -5.46588203
52 -489.86389160 -5.44293213
53 -493.17004395 -5.47966715
54 -488.35733032 -5.42619256
55 -492.19595337 -5.46884393
56 -492.35504150 -5.47061157
57 -485.62075806 -5.39578620
58 -475.83572388 -5.28706360
59 -474.37927246 -5.27088081
60 -473.97006226 -5.26633403
61 -466.47021484 -5.18300239
62 -462.21539307 -5.13572659
63 -460.43933105 -5.11599257
64 -464.59680176 -5.16218669
65 -465.81369019 -5.17570767
66 -466.98431396 -5.18871460
67 -463.83004761 -5.15366720
68 -464.08502197 -5.15650024
69 -464.49234009 -5.16102600
70 -464.95956421 -5.16621738
71 -465.44711304 -5.17163459
72 -462.82577515 -5.14250861
73 -452.18829346 -5.02431437
74 -453.48544312 -5.03872715
75 -452.96630859 -5.03295898
76 -445.22595215 -4.94695502
77 -441.89294434 -4.90992160
78 -430.98120117 -4.78868001
79 -434.47467041 -4.82749634
80 -427.24737549 -4.74719306
81 -429.77236938 -4.77524855
82 -417.51147461 -4.63901638
83 -427.60803223 -4.75120036
84 -427.57452393 -4.75082804
85 -415.96102905 -4.62178921
86 -422.68829346 -4.69653659
87 -417.85720825 -4.64285787
88 -419.28753662 -4.65875041
89 -421.86737061 -4.68741523
90 -423.28173828 -4.70313043
91 -419.04724121 -4.65608046
92 -414.03845215 -4.60042725
93 -419.36016846 -4.65955743
94 -418.82327271 -4.65359192
95 -419.33761597 -4.65930684
96 -423.61236572 -4.70680406
97 -418.11453247 -4.64571703
98 -414.04248047 -4.60047201
99 -419.75241089 -4.66391568
100 -425.47439575 -4.72749329
101 -426.59478760 -4.73994208
102 -417.61846924 -4.64020521
103 -418.28417969 -4.64760200
104 -403.64425659 -4.48493618
105 -413.27935791 -4.59199287
106 -403.92855835 -4.48809509
107 -403.91690063 -4.48796556
108 -402.31164551 -4.47012939
109 -387.74395752 -4.30826619
110 -394.23226929 -4.38035855
111 -384.34472656 -4.27049696
112 -386.01028442 -4.28900316
113 -396.23937988 -4.40265978
114 -400.04629517 -4.44495884
115 -401.38766479 -4.45986294
116 -405.92550659 -4.51028341
117 -394.58666992 -4.38429633
118 -378.06219482 -4.20069105
119 -376.23168945 -4.18035211
120 -382.53323364 -4.25036926
121 -382.45736694 -4.24952630
122 -375.47167969 -4.17190755
123 -376.38650513 -4.18207228
124 -360.72918701 -4.00810208
125 -370.46582031 -4.11628689
126 -375.16287231 -4.16847636
127 -371.05789185 -4.12286546
128 -366.12091064 -4.06801012
129 -368.86730957 -4.09852566
130 -365.42343140 -4.06026035
131 -370.82699585 -4.12029995
132 -349.20822144 -3.88009135
133 -348.08160400 -3.86757338
134 -362.02246094 -4.02247179
135 -373.28271484 -4.14758572
136 -370.81927490 -4.12021417
137 -365.80145264 -4.06446058
138 -366.60217285 -4.07335748
139 -371.60260010 -4.12891778
140 -380.46829224 -4.22742547
141 -385.37518311 -4.28194648
142 -391.50073242 -4.35000814
143 -382.03375244 -4.24481947
144 -376.94787598 -4.18830973
145 -370.87384033 -4.12082045
146 -351.44372559 -3.90493028
147 -359.38208008 -3.99313422
148 -366.39166260 -4.07101847
149 -376.28436279 -4.18093736
150 -382.44381714 -4.24937575
151 -366.62084961 -4.07356500
152 -365.06860352 -4.05631782
153 -355.48828125 -3.94986979
154 -348.71902466 -3.87465583
155 -344.08792114 -3.82319912
156 -354.73461914 -3.94149577
157 -363.44287109 -4.03825412
158 -346.22348022 -3.84692756
159 -360.57244873 -4.00636054
160 -361.94961548 -4.02166239
161 -351.13717651 -3.90152418
162 -363.95312500 -4.04392361
163 -373.19085693 -4.14656508
164 -366.33062744 -4.07034030
165 -363.87512207 -4.04305691
166 -356.20458984 -3.95782878
167 -351.63647461 -3.90707194
168 -360.96765137 -4.01075168
169 -353.50311279 -3.92781236
170 -340.11181641 -3.77902018
171 -329.01147461 -3.65568305
172 -296.76403809 -3.29737820
173 -339.39099121 -3.77101101
174 -191.46640015 -2.12740445
175 -297.27133179 -3.30301480
176 -274.83038330 -3.05367093
177 -330.86669922 -3.67629666
178 -314.12548828 -3.49028320
179 -315.87640381 -3.50973782
180 -319.41815186 -3.54909058
181 -333.03527832 -3.70039198
182 -344.51861572 -3.82798462
183 -350.26373291 -3.89181925
184 -345.98962402 -3.84432916
185 -343.34942627 -3.81499363
186 -350.75961304 -3.89732903
187 -351.65600586 -3.90728895
188 -344.07568359 -3.82306315
189 -332.77856445 -3.69753961
190 -311.77465820 -3.46416287
191 -307.81634521 -3.42018161
192 -329.55316162 -3.66170180
193 -344.48471069 -3.82760790
194 -324.12747192 -3.60141635
195 -314.59716797 -3.49552409
196 -311.92565918 -3.46584066
197 -312.73092651 -3.47478807
198 -318.77703857 -3.54196710
199 -297.50354004 -3.30559489
200 -304.04965210 -3.37832947
201 -299.00299072 -3.32225545
202 -300.06530762 -3.33405897
203 -296.69067383 -3.29656304
204 -319.95947266 -3.55510525
205 -312.84295654 -3.47603285
206 -310.14935303 -3.44610392
207 -322.03527832 -3.57816976
208 -328.97851562 -3.65531684
209 -311.43847656 -3.46042752
210 -313.04037476 -3.47822639
211 -304.90954590 -3.38788384
212 -324.12609863 -3.60140110
213 -315.89193726 -3.50991041
214 -306.56011963 -3.40622355
215 -321.05154419 -3.56723938
216 -309.50280762 -3.43892008
217 -313.04620361 -3.47829115
218 -321.61114502 -3.57345717
219 -311.48571777 -3.46095242
220 -304.78375244 -3.38648614
221 -286.23937988 -3.18043755
222 -275.93920898 -3.06599121
223 -289.50054932 -3.21667277
224 -283.87762451 -3.15419583
225 -289.51208496 -3.21680094
226 -298.07498169 -3.31194424
227 -307.17327881 -3.41303643
228 -321.02282715 -3.56692030
229 -320.46905518 -3.56076728
230 -324.24679565 -3.60274217
231 -319.22576904 -3.54695299
232 -317.86236572 -3.53180406
233 -321.28839111 -3.56987101
234 -312.23077393 -3.46923082
235 -296.70944214 -3.29677158
236 -332.69616699 -3.69662408
237 -344.93914795 -3.83265720
238 -339.16027832 -3.76844754
239 -330.46231079 -3.67180345
240 -268.14624023 -2.97940267
241 -309.30505371 -3.43672282
242 -325.63641357 -3.61818237
243 -314.18493652 -3.49094374
244 -278.02499390 -3.08916660
245 -275.34442139 -3.05938246
246 -298.52590942 -3.31695455
247 -298.84140015 -3.32046000
248 -287.43823242 -3.19375814
249 -307.32745361 -3.41474948
250 -307.93878174 -3.42154202
251 -306.73529053 -3.40816989
252 -310.35800171 -3.44842224
253 -303.36511230 -3.37072347
254 -298.90173340 -3.32113037
255 -297.26235962 -3.30291511
256 -284.29696655 -3.15885518
257 -321.07427979 -3.56749200
258 -321.55871582 -3.57287462
259 -311.93060303 -3.46589559
260 -291.79852295 -3.24220581
261 -268.48907471 -2.98321194
262 -290.31109619 -3.22567885
263 -292.36340332 -3.24848226
264 -276.01187134 -3.06679857
265 -263.52713013 -2.92807922
266 -235.03102112 -2.61145579
267 -221.57427979 -2.46193644
268 -211.63943481 -2.35154928
269 -219.26522827 -2.43628031
270 -223.94860840 -2.48831787
271 -191.10301208 -2.12336680
272 -196.12620544 -2.17918006
273 -237.34158325 -2.63712870
274 -220.39450073 -2.44882779
275 -239.11489868 -2.65683221
276 -268.03402710 -2.97815586
277 -254.53604126 -2.82817824
278 -253.87251282 -2.82080570
279 -254.44035339 -2.82711504
280 -262.68450928 -2.91871677
281 -259.11309814 -2.87903442
282 -259.72537231 -2.88583747
283 -255.86920166 -2.84299113
284 -271.83340454 -3.02037116
285 -247.60205078 -2.75113390
286 -268.63854980 -2.98487278
287 -270.39938354 -3.00443759
288 -267.22769165 -2.96919657
289 -272.87948608 -3.03199429
290 -258.90087891 -2.87667643
291 -244.76483154 -2.71960924
292 -248.84436035 -2.76493734
293 -254.09846497 -2.82331628
294 -277.71038818 -3.08567098
295 -269.97225952 -2.99969177
296 -255.13253784 -2.83480598
297 -240.55172729 -2.67279697
298 -228.45864868 -2.53842943
299 -124.81451416 -1.38682794
300 -149.91505432 -1.66572283
301 -271.42156982 -3.01579522
302 -269.08755493 -2.98986172
303 -256.18142700 -2.84646030
304 -263.78692627 -2.93096585
305 -279.52343750 -3.10581597
306 -276.12561035 -3.06806234
307 -260.31198120 -2.89235535
308 -266.70800781 -2.96342231
309 -255.29421997 -2.83660244
310 -246.78768921 -2.74208544
311 -242.78440857 -2.69760454
312 -264.41369629 -2.93792996
313 -273.17813110 -3.03531257
314 -279.67163086 -3.10746257
315 -289.89996338 -3.22111070
316 -268.49612427 -2.98329027
317 -216.60565186 -2.40672947
318 -276.38427734 -3.07093641
319 -274.33267212 -3.04814080
320 -294.89605713 -3.27662286
321 -279.73681641 -3.10818685
322 -245.45739746 -2.72730442
323 124.36163330 1.38179593
324 246.12194824 2.73468831
