0 -414.71771240 -5.45681201
1 -414.85247803 -5.45858524
2 -414.98870850 -5.46037774
3 -415.11288452 -5.46201164
4 -415.21481323 -5.46335281
5 -415.32601929 -5.46481604
6 -415.43505859 -5.46625077
7 -415.53228760 -5.46753010
8 -415.63131714 -5.46883312
9 -415.71517944 -5.46993657
10 -415.79336548 -5.47096534
11 -415.87091064 -5.47198567
12 -415.94235229 -5.47292569
13 -416.00628662 -5.47376693
14 -416.06140137 -5.47449212
15 -416.11151123 -5.47515146
16 -416.15466309 -5.47571925
17 -416.19183350 -5.47620834
18 -416.22442627 -5.47663719
19 -416.25091553 -5.47698573
20 -416.27636719 -5.47732062
21 -416.29690552 -5.47759086
22 -416.31530762 -5.47783299
23 -416.33038330 -5.47803136
24 -416.34289551 -5.47819599
25 -416.35403442 -5.47834256
26 -416.36315918 -5.47846262
27 -416.37109375 -5.47856702
28 -416.37963867 -5.47867946
29 -416.38647461 -5.47876940
30 -416.39276123 -5.47885212
31 -416.39837646 -5.47892601
32 -416.40429688 -5.47900391
33 -416.40905762 -5.47906655
34 -416.41351318 -5.47912517
35 -416.41870117 -5.47919344
36 -416.42333984 -5.47925447
37 -416.42764282 -5.47931109
38 -416.43206787 -5.47936931
39 -416.43591309 -5.47941991
40 -416.44049072 -5.47948014
41 -416.44406128 -5.47952712
42 -416.44824219 -5.47958213
43 -416.45223999 -5.47963474
44 -416.45623779 -5.47968734
45 -416.45974731 -5.47973352
46 -416.46356201 -5.47978371
47 -416.46710205 -5.47983029
48 -416.47003174 -5.47986884
49 -416.47381592 -5.47991863
50 -416.47717285 -5.47996280
51 -416.48077393 -5.48001018
52 -416.48376465 -5.48004953
53 -416.48712158 -5.48009371
54 -416.49026489 -5.48013506
55 -416.49322510 -5.48017401
56 -416.49615479 -5.48021256
57 -416.49890137 -5.48024870
58 -416.50219727 -5.48029207
59 -416.50531006 -5.48033303
60 -416.50781250 -5.48036595
61 -416.51037598 -5.48039968
62 -416.51281738 -5.48043181
63 -416.51599121 -5.48047357
64 -416.51931763 -5.48051734
65 -416.52194214 -5.48055187
66 -416.52423096 -5.48058199
67 -416.52740479 -5.48062375
68 -416.53042603 -5.48066350
69 -416.53302002 -5.48069763
70 -416.53524780 -5.48072694
71 -416.53759766 -5.48075786
72 -416.54043579 -5.48079521
73 -416.54296875 -5.48082854
74 -416.54495239 -5.48085464
75 -416.54779053 -5.48089198
76 -416.55050659 -5.48092772
77 -416.55282593 -5.48095824
78 -416.55560303 -5.48099478
79 -416.55786133 -5.48102449
80 -416.56051636 -5.48105943
81 -416.56329346 -5.48109597
82 -416.56527710 -5.48112207
83 -416.56713867 -5.48114656
84 -416.56954956 -5.48117828
85 -416.57150269 -5.48120398
86 -416.57424927 -5.48124012
87 -416.57653809 -5.48127024
88 -416.57882690 -5.48130035
89 -416.58087158 -5.48132726
90 -416.58264160 -5.48135055
91 -416.58459473 -5.48137625
92 -416.58657837 -5.48140235
93 -416.58865356 -5.48142965
94 -416.59091187 -5.48145937
95 -416.59313965 -5.48148868
96 -416.59527588 -5.48151679
97 -416.59713745 -5.48154128
