0 -756.98956299 -6.64025932
1 -755.02331543 -6.62301154
2 -752.92163086 -6.60457571
3 -751.67175293 -6.59361187
4 -751.02166748 -6.58790936
5 -748.91589355 -6.56943766
6 -746.62243652 -6.54931962
7 -745.60681152 -6.54041063
8 -744.76025391 -6.53298468
9 -743.14440918 -6.51881061
10 -741.81030273 -6.50710792
11 -739.65173340 -6.48817310
12 -739.27880859 -6.48490183
13 -739.83337402 -6.48976644
14 -739.55969238 -6.48736572
15 -738.64331055 -6.47932729
16 -736.58746338 -6.46129354
17 -735.37390137 -6.45064826
18 -736.12695312 -6.45725397
19 -736.54370117 -6.46090966
20 -735.61901855 -6.45279841
21 -735.77087402 -6.45413047
22 -735.45471191 -6.45135712
23 -733.42565918 -6.43355841
24 -732.59863281 -6.42630380
25 -730.55310059 -6.40836053
26 -728.56506348 -6.39092161
27 -728.01196289 -6.38606985
28 -729.37768555 -6.39804987
29 -728.93322754 -6.39415112
30 -727.47033691 -6.38131874
31 -728.45397949 -6.38994719
32 -727.11914062 -6.37823808
33 -727.61169434 -6.38255872
34 -726.04968262 -6.36885687
35 -725.19750977 -6.36138166
36 -724.91113281 -6.35886959
37 -723.87854004 -6.34981175
38 -723.37255859 -6.34537332
39 -719.79785156 -6.31401624
40 -718.78466797 -6.30512867
41 -718.81207275 -6.30536906
42 -717.85760498 -6.29699653
43 -715.54479980 -6.27670877
44 -714.27532959 -6.26557307
45 -714.10815430 -6.26410662
46 -713.58068848 -6.25947972
47 -713.79309082 -6.26134290
48 -714.84289551 -6.27055171
49 -715.29003906 -6.27447403
50 -713.48028564 -6.25859900
51 -711.04309082 -6.23722009
52 -711.43945312 -6.24069696
53 -710.54443359 -6.23284591
54 -709.68933105 -6.22534501
55 -707.35925293 -6.20490573
56 -706.56451416 -6.19793433
57 -706.43041992 -6.19675807
58 -705.17492676 -6.18574497
59 -705.08032227 -6.18491511
60 -704.76104736 -6.18211445
61 -702.54571533 -6.16268171
62 -701.45263672 -6.15309330
63 -702.67144775 -6.16378463
64 -701.88452148 -6.15688177
65 -700.92852783 -6.14849586
66 -702.44793701 -6.16182401
67 -703.23468018 -6.16872526
68 -703.46453857 -6.17074157
69 -702.87963867 -6.16561087
70 -700.92004395 -6.14842144
71 -700.87322998 -6.14801079
72 -699.18890381 -6.13323600
73 -697.71759033 -6.12032974
74 -694.48229980 -6.09195000
75 -696.42797852 -6.10901736
76 -695.86083984 -6.10404245
77 -694.00268555 -6.08774286
78 -689.97277832 -6.05239279
79 -690.34667969 -6.05567263
80 -687.57965088 -6.03140045
81 -687.57250977 -6.03133780
82 -687.61975098 -6.03175220
83 -687.25531006 -6.02855535
84 -690.22351074 -6.05459220
85 -688.26623535 -6.03742312
86 -687.59368896 -6.03152359
87 -687.97155762 -6.03483822
88 -687.25225830 -6.02852858
89 -689.18139648 -6.04545085
90 -689.39208984 -6.04729903
91 -687.89941406 -6.03420539
92 -686.93103027 -6.02571079
93 -686.74011230 -6.02403607
94 -685.24157715 -6.01089103
95 -684.92810059 -6.00814123
96 -685.02929688 -6.00902892
97 -683.32531738 -5.99408173
98 -680.22253418 -5.96686433
99 -680.78186035 -5.97177070
100 -680.65979004 -5.97069991
101 -678.86437988 -5.95495070
102 -681.63452148 -5.97925019
103 -681.67211914 -5.97957999
104 -682.20678711 -5.98427006
105 -678.55029297 -5.95219555
106 -680.44665527 -5.96883031
107 -680.05456543 -5.96539092
108 -680.71484375 -5.97118284
109 -681.70886230 -5.97990230
110 -681.29211426 -5.97624662
111 -680.88769531 -5.97269908
112 -682.81701660 -5.98962295
113 -681.34484863 -5.97670920
114 -681.63098145 -5.97921914
115 -680.44421387 -5.96880889
116 -679.16137695 -5.95755594
117 -679.97778320 -5.96471740
118 -680.33264160 -5.96783019
119 -679.35595703 -5.95926278
120 -680.85742188 -5.97243353
121 -679.78906250 -5.96306195
122 -679.95166016 -5.96448825
123 -679.48229980 -5.96037105
124 -678.60620117 -5.95268598
125 -677.19079590 -5.94027014
126 -677.81616211 -5.94575581
127 -679.93664551 -5.96435654
128 -680.82122803 -5.97211604
129 -682.42504883 -5.98618464
130 -682.29699707 -5.98506138
131 -681.45214844 -5.97765042
132 -681.42987061 -5.97745501
133 -680.17773438 -5.96647135
134 -681.09973145 -5.97455905
135 -682.17675781 -5.98400665
136 -679.90002441 -5.96403530
137 -679.27313232 -5.95853625
138 -679.28906250 -5.95867599
139 -676.80981445 -5.93692820
140 -675.08459473 -5.92179469
141 -673.86621094 -5.91110711
142 -673.70507812 -5.90969367
143 -673.01025391 -5.90359872
144 -671.12097168 -5.88702607
145 -669.97070312 -5.87693599
146 -668.52770996 -5.86427816
147 -668.10070801 -5.86053253
148 -668.49450684 -5.86398690
149 -668.95617676 -5.86803664
150 -668.11767578 -5.86068137
151 -667.63183594 -5.85641961
152 -670.32067871 -5.88000595
153 -670.91296387 -5.88520144
154 -672.86547852 -5.90232876
155 -673.14978027 -5.90482263
156 -673.58728027 -5.90866035
157 -673.63562012 -5.90908439
158 -674.53393555 -5.91696435
159 -672.61578369 -5.90013845
160 -671.65783691 -5.89173541
161 -672.02929688 -5.89499383
162 -670.82299805 -5.88441226
163 -668.83129883 -5.86694122
164 -669.94396973 -5.87670149
165 -667.71154785 -5.85711884
166 -669.81396484 -5.87556110
167 -670.18798828 -5.87884200
168 -669.80957031 -5.87552255
169 -668.47717285 -5.86383485
170 -667.97045898 -5.85938999
171 -666.95812988 -5.85050991
172 -666.20300293 -5.84388599
173 -667.37145996 -5.85413561
174 -665.54632568 -5.83812566
175 -664.96655273 -5.83303994
176 -665.73999023 -5.83982448
177 -666.09655762 -5.84295226
178 -665.28564453 -5.83583899
179 -664.77172852 -5.83133095
180 -667.05114746 -5.85132585
181 -667.59277344 -5.85607696
182 -666.88525391 -5.84987065
183 -666.55700684 -5.84699129
184 -667.25183105 -5.85308624
185 -666.95043945 -5.85044245
186 -666.90942383 -5.85008267
187 -665.36657715 -5.83654892
188 -665.59326172 -5.83853738
189 -665.84118652 -5.84071216
190 -667.26123047 -5.85316869
191 -668.81250000 -5.86677632
192 -669.12500000 -5.86951754
193 -667.77062988 -5.85763710
194 -667.57788086 -5.85594632
195 -667.83984375 -5.85824424
196 -666.78991699 -5.84903436
197 -667.39208984 -5.85431658
198 -667.68518066 -5.85688755
199 -666.99597168 -5.85084186
200 -665.37951660 -5.83666243
201 -662.73303223 -5.81344765
202 -663.44494629 -5.81969251
203 -662.51849365 -5.81156573
204 -661.96197510 -5.80668399
205 -661.76953125 -5.80499589
206 -660.77868652 -5.79630427
207 -661.77819824 -5.80507191
208 -659.81896973 -5.78788570
209 -660.31604004 -5.79224597
210 -661.83178711 -5.80554199
211 -661.22363281 -5.80020731
212 -659.23773193 -5.78278712
213 -657.54077148 -5.76790150
214 -655.07098389 -5.74623670
215 -654.07110596 -5.73746584
216 -654.61029053 -5.74219553
217 -652.46911621 -5.72341330
218 -649.69775391 -5.69910310
219 -648.93310547 -5.69239566
220 -648.49810791 -5.68857989
221 -648.27746582 -5.68664444
222 -646.46173096 -5.67071694
223 -647.02331543 -5.67564312
224 -648.88433838 -5.69196788
225 -648.75781250 -5.69085800
226 -648.90740967 -5.69217026
227 -647.50146484 -5.67983741
228 -649.44281006 -5.69686675
229 -649.73583984 -5.69943719
230 -650.08874512 -5.70253285
231 -651.33428955 -5.71345868
232 -652.79315186 -5.72625572
233 -652.83941650 -5.72666155
234 -652.80023193 -5.72631782
235 -654.09375000 -5.73766447
236 -652.93469238 -5.72749730
237 -651.39105225 -5.71395660
238 -651.69134521 -5.71659075
239 -651.55426025 -5.71538825
240 -651.71258545 -5.71677707
241 -650.21752930 -5.70366254
242 -651.11206055 -5.71150930
243 -652.23236084 -5.72133650
244 -651.92211914 -5.71861508
245 -652.10668945 -5.72023412
246 -652.37030029 -5.72254649
247 -653.00244141 -5.72809159
248 -653.28283691 -5.73055120
249 -653.92663574 -5.73619856
250 -652.41369629 -5.72292716
251 -650.19256592 -5.70344356
252 -649.05236816 -5.69344183
253 -648.04534912 -5.68460833
254 -648.89471436 -5.69205890
255 -649.45324707 -5.69695831
256 -650.11975098 -5.70280483
257 -649.07952881 -5.69368008
258 -652.22546387 -5.72127600
259 -650.47509766 -5.70592191
260 -650.29528809 -5.70434463
261 -648.45562744 -5.68820726
262 -649.38122559 -5.69632654
263 -649.96710205 -5.70146581
264 -648.60711670 -5.68953611
265 -648.95025635 -5.69254611
266 -648.99530029 -5.69294123
267 -649.04083252 -5.69334064
268 -649.69573975 -5.69908544
269 -649.77111816 -5.69974665
270 -650.24920654 -5.70394041
271 -649.41912842 -5.69665902
272 -647.71533203 -5.68171344
273 -646.42950439 -5.67043425
274 -644.88696289 -5.65690318
275 -643.65222168 -5.64607212
276 -641.53631592 -5.62751154
277 -639.88269043 -5.61300606
278 -640.59832764 -5.61928358
279 -639.88952637 -5.61306602
280 -641.94775391 -5.63112065
281 -639.68774414 -5.61129600
282 -639.90411377 -5.61319398
283 -639.12219238 -5.60633502
284 -638.08618164 -5.59724721
285 -637.87835693 -5.59542418
286 -636.72570801 -5.58531323
287 -636.07690430 -5.57962197
288 -634.08123779 -5.56211612
289 -636.16070557 -5.58035707
290 -634.50103760 -5.56579858
291 -634.14465332 -5.56267240
292 -635.06066895 -5.57070762
293 -634.92346191 -5.56950405
294 -636.09259033 -5.57975956
295 -637.12145996 -5.58878474
296 -637.76470947 -5.59442728
297 -637.14099121 -5.58895606
298 -638.01995850 -5.59666630
299 -639.24877930 -5.60744543
300 -640.80816650 -5.62112427
301 -640.13128662 -5.61518672
302 -640.25909424 -5.61630784
303 -639.13104248 -5.60641265
304 -639.66601562 -5.61110540
305 -640.64862061 -5.61972474
306 -642.53350830 -5.63625884
307 -641.15356445 -5.62415407
308 -640.75183105 -5.62063010
309 -639.36785889 -5.60848999
310 -637.45886230 -5.59174441
311 -639.69226074 -5.61133562
312 -639.14727783 -5.60655507
313 -639.41503906 -5.60890385
314 -640.72796631 -5.62042076
