0 -713.71801758 -6.99723547
1 -713.75219727 -6.99757056
2 -713.77465820 -6.99779077
3 -713.79046631 -6.99794575
4 -713.80218506 -6.99806064
5 -713.81060791 -6.99814321
6 -713.81945801 -6.99822998
7 -713.82672119 -6.99830119
8 -713.83239746 -6.99835684
9 -713.83868408 -6.99841847
10 -713.84387207 -6.99846933
11 -713.84918213 -6.99852139
12 -713.85388184 -6.99856747
13 -713.85894775 -6.99861713
14 -713.86376953 -6.99866441
15 -713.86737061 -6.99869971
16 -713.87139893 -6.99873921
17 -713.87493896 -6.99877391
18 -713.87768555 -6.99880084
19 -713.88055420 -6.99882896
20 -713.88397217 -6.99886247
21 -713.88745117 -6.99889658
22 -713.89038086 -6.99892530
23 -713.89276123 -6.99894864
24 -713.89532471 -6.99897377
25 -713.89807129 -6.99900070
26 -713.90051270 -6.99902463
27 -713.90289307 -6.99904797
28 -713.90563965 -6.99907490
29 -713.90740967 -6.99909225
30 -713.90972900 -6.99911499
31 -713.91162109 -6.99913354
32 -713.91326904 -6.99914970
33 -713.91564941 -6.99917303
34 -713.91723633 -6.99918859
35 -713.91839600 -6.99919996
36 -713.91986084 -6.99921432
37 -713.92150879 -6.99923048
38 -713.92376709 -6.99925262
39 -713.92535400 -6.99926818
40 -713.92626953 -6.99927715
41 -713.92749023 -6.99928912
42 -713.92901611 -6.99930408
43 -713.93048096 -6.99931844
44 -713.93176270 -6.99933101
45 -713.93316650 -6.99934477
46 -713.93457031 -6.99935853
47 -713.93572998 -6.99936990
48 -713.93798828 -6.99939204
49 -713.93914795 -6.99940341
50 -713.94042969 -6.99941598
51 -713.94183350 -6.99942974
52 -713.94238281 -6.99943513
53 -713.94317627 -6.99944290
54 -713.94470215 -6.99945786
55 -713.94580078 -6.99946864
56 -713.94689941 -6.99947941
57 -713.94818115 -6.99949197
58 -713.94885254 -6.99949855
59 -713.94958496 -6.99950573
60 -713.95031738 -6.99951292
61 -713.95086670 -6.99951830
62 -713.95214844 -6.99953087
63 -713.95343018 -6.99954343
64 -713.95416260 -6.99955061
65 -713.95477295 -6.99955660
66 -713.95593262 -6.99956797
