0 -572.98675537 -6.82127090
1 -572.99938965 -6.82142131
2 -573.00665283 -6.82150777
3 -573.01190186 -6.82157026
4 -573.01477051 -6.82160441
5 -573.01812744 -6.82164437
6 -573.01995850 -6.82166617
7 -573.02264404 -6.82169814
8 -573.02429199 -6.82171776
9 -573.02532959 -6.82173011
10 -573.02709961 -6.82175119
11 -573.02813721 -6.82176354
12 -573.02917480 -6.82177589
13 -573.03033447 -6.82178970
14 -573.03106689 -6.82179842
15 -573.03186035 -6.82180786
16 -573.03277588 -6.82181876
17 -573.03405762 -6.82183402
