0 -702.56506348 -6.88789278
1 -702.51232910 -6.88737578
2 -702.51080322 -6.88736082
3 -702.50848389 -6.88733808
4 -702.50659180 -6.88731953
5 -702.50628662 -6.88731654
6 -702.50677490 -6.88732132
7 -702.48828125 -6.88714001
8 -702.48474121 -6.88710531
9 -702.48266602 -6.88708496
10 -702.48162842 -6.88707479
11 -702.48199463 -6.88707838
12 -702.47869873 -6.88704607
13 -702.47741699 -6.88703350
14 -702.47473145 -6.88700717
15 -702.47418213 -6.88700179
16 -702.47113037 -6.88697187
17 -702.46740723 -6.88693536
18 -702.46185303 -6.88688091
19 -702.45959473 -6.88685877
20 -702.45483398 -6.88681210
21 -702.45239258 -6.88678816
22 -702.44366455 -6.88670259
23 -702.43695068 -6.88663677
24 -702.43212891 -6.88658950
25 -702.42938232 -6.88656257
26 -702.42578125 -6.88652727
27 -702.42114258 -6.88648179
28 -702.41870117 -6.88645785
29 -702.41674805 -6.88643871
30 -702.41131592 -6.88638545
31 -702.40789795 -6.88635194
32 -702.40179443 -6.88629210
33 -702.39904785 -6.88626518
34 -702.39685059 -6.88624363
35 -702.39288330 -6.88620474
36 -702.38653564 -6.88614251
37 -702.38269043 -6.88610481
38 -702.37493896 -6.88602881
39 -702.37231445 -6.88600308
40 -702.37066650 -6.88598693
41 -702.36431885 -6.88592469
42 -702.35638428 -6.88584690
43 -702.35180664 -6.88580203
44 -702.34741211 -6.88575894
45 -702.34301758 -6.88571586
46 -702.33520508 -6.88563927
47 -702.33197021 -6.88560755
48 -702.32867432 -6.88557524
49 -702.32702637 -6.88555908
50 -702.32458496 -6.88553515
51 -702.31982422 -6.88548847
52 -702.31463623 -6.88543761
53 -702.31066895 -6.88539872
54 -702.30633545 -6.88535623
55 -702.30194092 -6.88531315
56 -702.29693604 -6.88526408
57 -702.28973389 -6.88519347
58 -702.27996826 -6.88509773
59 -702.27459717 -6.88504507
60 -702.26928711 -6.88499301
61 -702.26263428 -6.88492779
62 -702.25744629 -6.88487692
63 -702.24871826 -6.88479136
64 -702.24023438 -6.88470818
65 -702.23437500 -6.88465074
66 -702.23168945 -6.88462441
67 -702.22424316 -6.88455140
68 -702.22259521 -6.88453525
69 -702.21563721 -6.88446703
70 -702.21099854 -6.88442155
71 -702.20721436 -6.88438445
72 -702.20129395 -6.88432641
73 -702.19744873 -6.88428871
74 -702.19116211 -6.88422708
75 -702.18310547 -6.88414809
76 -702.18048096 -6.88412236
77 -702.17584229 -6.88407689
78 -702.16094971 -6.88393088
79 -702.15875244 -6.88390934
80 -702.14855957 -6.88380941
81 -702.14434814 -6.88376812
82 -702.13989258 -6.88372444
83 -702.12042236 -6.88353355
84 -702.11083984 -6.88343961
85 -702.10217285 -6.88335464
86 -702.09820557 -6.88331574
87 -702.09204102 -6.88325530
88 -702.08264160 -6.88316315
89 -702.07434082 -6.88308177
90 -702.06689453 -6.88300877
91 -702.06036377 -6.88294474
92 -702.05078125 -6.88285080
93 -702.04577637 -6.88280173
94 -702.04400635 -6.88278438
95 -702.03741455 -6.88271975
96 -702.03265381 -6.88267308
97 -702.02429199 -6.88259110
98 -702.01654053 -6.88251510
99 -702.01049805 -6.88245586
100 -701.99768066 -6.88233020
101 -701.99133301 -6.88226797
102 -701.97839355 -6.88214111
103 -701.96801758 -6.88203939
104 -701.96228027 -6.88198314
105 -701.96002197 -6.88196100
106 -701.95452881 -6.88190715
107 -701.93762207 -6.88174139
108 -701.92181396 -6.88158641
109 -701.91900635 -6.88155889
110 -701.90625000 -6.88143382
111 -701.89984131 -6.88137099
112 -701.89190674 -6.88129320
113 -701.88336182 -6.88120943
114 -701.87567139 -6.88113403
115 -701.86767578 -6.88105564
116 -701.85394287 -6.88092101
117 -701.83905029 -6.88077500
118 -701.83166504 -6.88070260
119 -701.82232666 -6.88061105
120 -701.81530762 -6.88054223
121 -701.80773926 -6.88046803
122 -701.80175781 -6.88040939
123 -701.79504395 -6.88034357
124 -701.78759766 -6.88027057
125 -701.77691650 -6.88016585
126 -701.77264404 -6.88012396
127 -701.76605225 -6.88005934
128 -701.76007080 -6.88000069
129 -701.75646973 -6.87996539
130 -701.75341797 -6.87993547
131 -701.74176025 -6.87982118
132 -701.73687744 -6.87977331
133 -701.73040771 -6.87970988
134 -701.72436523 -6.87965064
135 -701.71258545 -6.87953515
136 -701.70428467 -6.87945377
137 -701.69964600 -6.87940829
138 -701.69323730 -6.87934546
139 -701.68267822 -6.87924194
140 -701.67633057 -6.87917971
141 -701.66925049 -6.87911030
142 -701.65936279 -6.87901336
143 -701.65173340 -6.87893856
144 -701.64227295 -6.87884581
145 -701.63140869 -6.87873930
146 -701.62396240 -6.87866630
147 -701.61846924 -6.87861244
148 -701.60589600 -6.87848918
149 -701.59991455 -6.87843053
150 -701.58996582 -6.87833300
151 -701.58239746 -6.87825880
152 -701.57495117 -6.87818580
153 -701.56121826 -6.87805116
154 -701.55468750 -6.87798713
155 -701.54809570 -6.87792251
156 -701.53784180 -6.87782198
157 -701.51953125 -6.87764246
158 -701.51269531 -6.87757544
159 -701.49877930 -6.87743901
160 -701.49176025 -6.87737020
161 -701.48248291 -6.87727924
162 -701.47277832 -6.87718410
163 -701.46838379 -6.87714102
164 -701.46112061 -6.87706981
165 -701.44781494 -6.87693936
166 -701.43798828 -6.87684302
167 -701.42755127 -6.87674070
168 -701.41326904 -6.87660068
169 -701.40423584 -6.87651212
170 -701.38940430 -6.87636671
171 -701.37792969 -6.87625421
172 -701.36798096 -6.87615668
173 -701.35241699 -6.87600409
174 -701.34051514 -6.87588740
175 -701.33172607 -6.87580124
176 -701.30755615 -6.87556428
177 -701.29998779 -6.87549008
178 -701.29418945 -6.87543323
179 -701.28527832 -6.87534587
180 -701.27264404 -6.87522200
181 -701.25714111 -6.87507001
182 -701.24731445 -6.87497367
183 -701.24011230 -6.87490306
184 -701.23120117 -6.87481570
185 -701.21527100 -6.87465952
186 -701.20568848 -6.87456557
187 -701.19891357 -6.87449915
188 -701.18975830 -6.87440940
189 -701.17864990 -6.87430049
190 -701.16815186 -6.87419757
191 -701.15875244 -6.87410542
192 -701.14996338 -6.87401925
193 -701.14385986 -6.87395941
194 -701.13226318 -6.87384572
195 -701.12432861 -6.87376793
196 -701.12109375 -6.87373621
197 -701.11602783 -6.87368655
198 -701.11090088 -6.87363628
199 -701.09893799 -6.87351900
200 -701.08734131 -6.87340531
201 -701.08276367 -6.87336043
202 -701.07843018 -6.87331794
203 -701.07214355 -6.87325631
204 -701.06591797 -6.87319527
205 -701.05737305 -6.87311150
206 -701.04638672 -6.87300379
207 -701.03698730 -6.87291164
208 -701.02734375 -6.87281710
209 -701.01672363 -6.87271298
210 -701.00311279 -6.87257954
211 -700.98870850 -6.87243832
212 -700.98352051 -6.87238746
213 -700.96832275 -6.87223846
214 -700.95495605 -6.87210741
215 -700.94525146 -6.87201227
216 -700.93023682 -6.87186507
217 -700.91815186 -6.87174659
218 -700.91217041 -6.87168795
219 -700.89746094 -6.87154373
220 -700.88476562 -6.87141927
221 -700.87243652 -6.87129840
222 -700.86218262 -6.87119787
223 -700.84967041 -6.87107520
224 -700.84649658 -6.87104408
225 -700.83752441 -6.87095612
226 -700.82263184 -6.87081012
227 -700.81103516 -6.87069642
228 -700.80181885 -6.87060607
229 -700.79064941 -6.87049656
230 -700.78265381 -6.87041817
231 -700.76873779 -6.87028174
232 -700.75970459 -6.87019318
233 -700.75341797 -6.87013155
234 -700.74694824 -6.87006812
235 -700.74139404 -6.87001367
236 -700.73016357 -6.86990356
237 -700.72277832 -6.86983116
238 -700.71655273 -6.86977012
239 -700.70739746 -6.86968037
240 -700.69982910 -6.86960617
241 -700.68957520 -6.86950564
242 -700.67816162 -6.86939374
243 -700.67669678 -6.86937938
244 -700.66644287 -6.86927885
245 -700.65460205 -6.86916277
246 -700.64947510 -6.86911250
247 -700.63745117 -6.86899462
248 -700.61395264 -6.86876424
249 -700.60443115 -6.86867089
250 -700.59490967 -6.86857755
251 -700.59008789 -6.86853027
252 -700.57904053 -6.86842197
253 -700.56634521 -6.86829750
254 -700.54077148 -6.86804678
255 -700.53576660 -6.86799771
256 -700.52343750 -6.86787684
257 -700.50708008 -6.86771647
258 -700.49426270 -6.86759081
259 -700.48040771 -6.86745498
260 -700.46545410 -6.86730837
261 -700.45300293 -6.86718630
262 -700.43664551 -6.86702594
263 -700.42364502 -6.86689848
264 -700.41162109 -6.86678060
265 -700.40295410 -6.86669563
266 -700.39282227 -6.86659630
267 -700.37432861 -6.86641499
268 -700.36431885 -6.86631685
269 -700.35485840 -6.86622410
270 -700.34954834 -6.86617204
271 -700.34393311 -6.86611699
272 -700.33190918 -6.86599911
273 -700.31890869 -6.86587165
274 -700.31036377 -6.86578788
275 -700.29791260 -6.86566581
276 -700.28802490 -6.86556887
277 -700.27349854 -6.86542646
278 -700.26574707 -6.86535046
279 -700.25958252 -6.86529002
280 -700.24487305 -6.86514581
281 -700.23504639 -6.86504947
282 -700.22473145 -6.86494835
283 -700.21002197 -6.86480414
284 -700.19708252 -6.86467728
285 -700.18536377 -6.86456239
286 -700.17504883 -6.86446126
287 -700.15887451 -6.86430269
288 -700.14276123 -6.86414472
289 -700.12713623 -6.86399153
290 -700.11828613 -6.86390477
291 -700.10015869 -6.86372705
292 -700.07739258 -6.86350385
293 -700.06060791 -6.86333929
294 -700.04418945 -6.86317833
295 -700.01873779 -6.86292880
296 -700.00341797 -6.86277861
297 -699.99688721 -6.86271458
298 -699.98236084 -6.86257217
299 -699.97192383 -6.86246984
300 -699.95190430 -6.86227357
301 -699.93273926 -6.86208568
302 -699.92059326 -6.86196660
303 -699.91265869 -6.86188881
304 -699.90246582 -6.86178888
305 -699.89227295 -6.86168895
306 -699.88391113 -6.86160697
307 -699.87225342 -6.86149268
308 -699.85229492 -6.86129701
309 -699.84399414 -6.86121563
310 -699.82525635 -6.86103192
311 -699.81213379 -6.86090327
312 -699.80187988 -6.86080274
313 -699.79278564 -6.86071358
314 -699.78063965 -6.86059451
315 -699.76757812 -6.86046645
316 -699.74633789 -6.86025821
317 -699.72735596 -6.86007212
318 -699.70544434 -6.85985730
319 -699.69018555 -6.85970770
320 -699.67468262 -6.85955571
321 -699.66168213 -6.85942826
322 -699.65240479 -6.85933730
323 -699.63726807 -6.85918890
324 -699.62524414 -6.85907102
325 -699.61486816 -6.85896930
326 -699.60229492 -6.85884603
327 -699.57708740 -6.85859890
