0 -433.25762939 -6.98802628
1 -430.13500977 -6.93766145
2 -425.85906982 -6.86869467
3 -423.24108887 -6.82646918
4 -421.32186890 -6.79551401
5 -418.98605347 -6.75783957
6 -414.62710571 -6.68753396
7 -411.71905518 -6.64062992
8 -409.65322876 -6.60731014
9 -407.39541626 -6.57089381
10 -406.69125366 -6.55953635
11 -402.66757202 -6.49463826
12 -404.57971191 -6.52547922
13 -402.11798096 -6.48577389
14 -401.37213135 -6.47374405
15 -399.84918213 -6.44918036
16 -396.93212891 -6.40213111
17 -395.14172363 -6.37325361
18 -393.62924194 -6.34885874
19 -391.65243530 -6.31697476
20 -385.35910034 -6.21546936
21 -382.69305420 -6.17246862
22 -386.01477051 -6.22604469
23 -383.40582275 -6.18396488
24 -384.60317993 -6.20327710
25 -384.62069702 -6.20355963
26 -384.94482422 -6.20878749
27 -381.83749390 -6.15866926
28 -387.38409424 -6.24813055
29 -386.03158569 -6.22631590
30 -383.01138306 -6.17760295
31 -378.70849609 -6.10820155
32 -373.89791870 -6.03061159
33 -373.67288208 -6.02698197
34 -367.53118896 -5.92792240
35 -365.76635742 -5.89945738
36 -369.39263916 -5.95794579
37 -372.50442505 -6.00813589
38 -372.83810425 -6.01351781
39 -372.70251465 -6.01133088
40 -371.85748291 -5.99770134
41 -368.40942383 -5.94208748
42 -370.57153320 -5.97696021
43 -366.57440186 -5.91249035
44 -363.67260742 -5.86568722
45 -359.95462036 -5.80571968
46 -357.11325073 -5.75989114
47 -357.48123169 -5.76582632
48 -353.82968140 -5.70693035
49 -356.39077759 -5.74823835
50 -356.22814941 -5.74561531
51 -352.39450073 -5.68378227
52 -357.83496094 -5.77153163
53 -356.07357788 -5.74312222
54 -352.59979248 -5.68709343
55 -344.28890991 -5.55304693
56 -341.23242188 -5.50374874
57 -339.41448975 -5.47442725
58 -340.60977173 -5.49370600
59 -336.51028442 -5.42758523
60 -327.21112061 -5.27759872
61 -321.22244263 -5.18100714
62 -325.58096313 -5.25130586
63 -329.44647217 -5.31365278
64 -327.07604980 -5.27542016
65 -325.77200317 -5.25438715
66 -329.72930908 -5.31821466
67 -332.08059692 -5.35613866
68 -325.80731201 -5.25495665
