0 -572.06097412 -6.21805407
1 -572.07879639 -6.21824779
2 -572.09100342 -6.21838047
3 -572.10083008 -6.21848728
4 -572.10864258 -6.21857220
5 -572.11468506 -6.21863788
6 -572.12023926 -6.21869825
7 -572.12530518 -6.21875332
8 -572.12884521 -6.21879180
9 -572.13323975 -6.21883956
10 -572.13659668 -6.21887605
11 -572.14062500 -6.21891984
12 -572.14379883 -6.21895434
13 -572.14672852 -6.21898618
14 -572.14990234 -6.21902068
15 -572.15203857 -6.21904390
16 -572.15393066 -6.21906446
17 -572.15679932 -6.21909564
18 -572.15936279 -6.21912351
19 -572.16082764 -6.21913943
20 -572.16302490 -6.21916331
21 -572.16394043 -6.21917327
22 -572.16595459 -6.21919516
23 -572.16796875 -6.21921705
24 -572.16925049 -6.21923098
25 -572.17071533 -6.21924691
26 -572.17181396 -6.21925885
27 -572.17340088 -6.21927610
28 -572.17437744 -6.21928671
29 -572.17553711 -6.21929932
30 -572.17657471 -6.21931059
31 -572.17791748 -6.21932519
32 -572.17877197 -6.21933448
33 -572.17913818 -6.21933846
34 -572.18066406 -6.21935504
35 -572.18194580 -6.21936898
36 -572.18261719 -6.21937627
37 -572.18371582 -6.21938822
38 -572.18469238 -6.21939883
39 -572.18524170 -6.21940480
40 -572.18603516 -6.21941343
41 -572.18743896 -6.21942868
42 -572.18786621 -6.21943333
43 -572.18872070 -6.21944262
44 -572.18908691 -6.21944660
45 -572.19000244 -6.21945655
46 -572.19122314 -6.21946982
47 -572.19134521 -6.21947114
48 -572.19219971 -6.21948043
49 -572.19311523 -6.21949038
50 -572.19372559 -6.21949702
51 -572.19470215 -6.21950763
52 -572.19519043 -6.21951294
53 -572.19519043 -6.21951294
54 -572.19683838 -6.21953085
55 -572.19763184 -6.21953948
56 -572.19805908 -6.21954412
57 -572.19903564 -6.21955474
58 -572.19891357 -6.21955341
59 -572.19897461 -6.21955407
60 -572.20050049 -6.21957066
61 -572.20111084 -6.21957729
62 -572.20147705 -6.21958127
63 -572.20184326 -6.21958525
64 -572.20214844 -6.21958857
65 -572.20269775 -6.21959454
66 -572.20263672 -6.21959388
67 -572.20373535 -6.21960582
68 -572.20410156 -6.21960980
69 -572.20361328 -6.21960449
70 -572.20446777 -6.21961378
71 -572.20495605 -6.21961909
72 -572.20477295 -6.21961710
73 -572.20556641 -6.21962572
74 -572.20599365 -6.21963037
75 -572.20587158 -6.21962904
76 -572.20666504 -6.21963766
77 -572.20678711 -6.21963899
78 -572.20812988 -6.21965359
79 -572.20776367 -6.21964961
80 -572.20788574 -6.21965093
81 -572.20861816 -6.21965889
82 -572.20867920 -6.21965956
83 -572.20825195 -6.21965491
84 -572.20928955 -6.21966619
85 -572.20874023 -6.21966022
86 -572.20904541 -6.21966354
87 -572.20910645 -6.21966420
88 -572.20935059 -6.21966685
89 -572.20935059 -6.21966685
90 -572.21044922 -6.21967880
91 -572.21044922 -6.21967880
92 -572.21118164 -6.21968676
93 -572.21130371 -6.21968808
94 -572.21160889 -6.21969140
95 -572.21173096 -6.21969273
96 -572.21203613 -6.21969604
97 -572.21228027 -6.21969870
98 -572.21295166 -6.21970600
99 -572.21313477 -6.21970799
100 -572.21337891 -6.21971064
101 -572.21331787 -6.21970998
102 -572.21337891 -6.21971064
103 -572.21368408 -6.21971396
104 -572.21417236 -6.21971926
105 -572.21417236 -6.21971926
106 -572.21392822 -6.21971661
107 -572.21405029 -6.21971794
108 -572.21459961 -6.21972391
109 -572.21472168 -6.21972524
110 -572.21514893 -6.21972988
111 -572.21527100 -6.21973121
112 -572.21551514 -6.21973386
113 -572.21594238 -6.21973850
114 -572.21588135 -6.21973784
115 -572.21636963 -6.21974315
116 -572.21685791 -6.21974846
117 -572.21734619 -6.21975376
118 -572.21728516 -6.21975310
119 -572.21710205 -6.21975111
120 -572.21777344 -6.21975841
121 -572.21771240 -6.21975774
122 -572.21801758 -6.21976106
123 -572.21838379 -6.21976504
124 -572.21826172 -6.21976371
125 -572.21777344 -6.21975841
126 -572.21862793 -6.21976769
127 -572.21807861 -6.21976172
128 -572.21832275 -6.21976438
129 -572.21905518 -6.21977234
130 -572.21850586 -6.21976637
131 -572.21862793 -6.21976769
132 -572.21893311 -6.21977101
133 -572.21905518 -6.21977234
134 -572.21929932 -6.21977499
135 -572.22009277 -6.21978362
