0 -501.18713379 -7.15981620
1 -501.24230957 -7.16060442
2 -501.28826904 -7.16126099
3 -501.32788086 -7.16182687
4 -501.36499023 -7.16235700
5 -501.39727783 -7.16281825
6 -501.42687988 -7.16324114
7 -501.45321655 -7.16361738
8 -501.47427368 -7.16391820
9 -501.49679565 -7.16423994
10 -501.51718140 -7.16453116
11 -501.53582764 -7.16479754
12 -501.55453491 -7.16506478
13 -501.57125854 -7.16530369
14 -501.58660889 -7.16552298
15 -501.60107422 -7.16572963
16 -501.61389160 -7.16591274
17 -501.62661743 -7.16609453
18 -501.64074707 -7.16629639
19 -501.65231323 -7.16646162
20 -501.66226196 -7.16660374
21 -501.67193604 -7.16674194
22 -501.68212891 -7.16688756
23 -501.69042969 -7.16700614
24 -501.70016479 -7.16714521
25 -501.70916748 -7.16727382
26 -501.71633911 -7.16737627
27 -501.72427368 -7.16748962
28 -501.73229980 -7.16760428
29 -501.73977661 -7.16771109
30 -501.74658203 -7.16780831
31 -501.75335693 -7.16790510
32 -501.75961304 -7.16799447
33 -501.76525879 -7.16807513
34 -501.77090454 -7.16815578
35 -501.77774048 -7.16825344
36 -501.78298950 -7.16832842
37 -501.78857422 -7.16840820
38 -501.79376221 -7.16848232
39 -501.79913330 -7.16855905
40 -501.80398560 -7.16862837
41 -501.80856323 -7.16869376
42 -501.81329346 -7.16876134
43 -501.81793213 -7.16882760
44 -501.82244873 -7.16889212
45 -501.82650757 -7.16895011
46 -501.83074951 -7.16901071
47 -501.83456421 -7.16906520
48 -501.83853149 -7.16912188
49 -501.84204102 -7.16917201
50 -501.84613037 -7.16923043
51 -501.85064697 -7.16929496
52 -501.85394287 -7.16934204
53 -501.85739136 -7.16939131
54 -501.86254883 -7.16946498
55 -501.86584473 -7.16951207
56 -501.86947632 -7.16956395
57 -501.87268066 -7.16960972
58 -501.87512207 -7.16964460
59 -501.87847900 -7.16969256
60 -501.88174438 -7.16973921
61 -501.88552856 -7.16979327
62 -501.88790894 -7.16982727
63 -501.89184570 -7.16988351
64 -501.89419556 -7.16991708
65 -501.89675903 -7.16995370
66 -501.90078735 -7.17001125
67 -501.90173340 -7.17002476
68 -501.90484619 -7.17006923
69 -501.90826416 -7.17011806
70 -501.91079712 -7.17015424
71 -501.91348267 -7.17019261
72 -501.91598511 -7.17022836
73 -501.91864014 -7.17026629
74 -501.92068481 -7.17029550
75 -501.92306519 -7.17032950
76 -501.92443848 -7.17034912
77 -501.92721558 -7.17038879
78 -501.92974854 -7.17042498
79 -501.93231201 -7.17046160
80 -501.93527222 -7.17050389
81 -501.93765259 -7.17053789
82 -501.93984985 -7.17056928
83 -501.94177246 -7.17059675
84 -501.94369507 -7.17062422
85 -501.94592285 -7.17065604
86 -501.94708252 -7.17067261
87 -501.94876099 -7.17069659
88 -501.95031738 -7.17071882
89 -501.95223999 -7.17074629
90 -501.95431519 -7.17077593
91 -501.95690918 -7.17081299
92 -501.95803833 -7.17082912
93 -501.95980835 -7.17085440
94 -501.96139526 -7.17087708
95 -501.96423340 -7.17091762
96 -501.96640015 -7.17094857
97 -501.96844482 -7.17097778
98 -501.96920776 -7.17098868
99 -501.97216797 -7.17103097
100 -501.97406006 -7.17105800
101 -501.97491455 -7.17107021
102 -501.97695923 -7.17109942
103 -501.97882080 -7.17112601
104 -501.97958374 -7.17113691
105 -501.98199463 -7.17117135
106 -501.98275757 -7.17118225
107 -501.98516846 -7.17121669
108 -501.98632812 -7.17123326
109 -501.98779297 -7.17125419
110 -501.98806763 -7.17125811
111 -501.98989868 -7.17128427
112 -501.99142456 -7.17130607
113 -501.99298096 -7.17132830
114 -501.99496460 -7.17135664
115 -501.99554443 -7.17136492
116 -501.99810791 -7.17140154
117 -502.00006104 -7.17142944
118 -502.00164795 -7.17145211
119 -502.00363159 -7.17148045
120 -502.00509644 -7.17150138
121 -502.00753784 -7.17153625
122 -502.01010132 -7.17157288
123 -502.01199341 -7.17159991
124 -502.01303101 -7.17161473
125 -502.01455688 -7.17163653
126 -502.01544189 -7.17164917
127 -502.01751709 -7.17167882
128 -502.01867676 -7.17169538
129 -502.02041626 -7.17172023
130 -502.02206421 -7.17174377
131 -502.02239990 -7.17174857
132 -502.02374268 -7.17176775
133 -502.02502441 -7.17178606
134 -502.02603149 -7.17180045
135 -502.02795410 -7.17182792
136 -502.02917480 -7.17184535
137 -502.03094482 -7.17187064
138 -502.03237915 -7.17189113
139 -502.03396606 -7.17191380
140 -502.03607178 -7.17194388
141 -502.03643799 -7.17194911
142 -502.03881836 -7.17198312
143 -502.04034424 -7.17200492
144 -502.04122925 -7.17201756
145 -502.04159546 -7.17202279
146 -502.04342651 -7.17204895
147 -502.04537964 -7.17207685
148 -502.04675293 -7.17209647
149 -502.04812622 -7.17211609
150 -502.05007935 -7.17214399
151 -502.05087280 -7.17215533
152 -502.05261230 -7.17218018
153 -502.05380249 -7.17219718
154 -502.05465698 -7.17220939
155 -502.05621338 -7.17223162
156 -502.05740356 -7.17224862
157 -502.05920410 -7.17227434
158 -502.06057739 -7.17229396
159 -502.06127930 -7.17230399
160 -502.06225586 -7.17231794
161 -502.06359863 -7.17233712
162 -502.06478882 -7.17235413
163 -502.06604004 -7.17237200
164 -502.06808472 -7.17240121
165 -502.06909180 -7.17241560
166 -502.06921387 -7.17241734
167 -502.07192993 -7.17245614
168 -502.07238770 -7.17246268
169 -502.07348633 -7.17247838
170 -502.07385254 -7.17248361
171 -502.07571411 -7.17251020
172 -502.07528687 -7.17250410
173 -502.07803345 -7.17254333
174 -502.07882690 -7.17255467
175 -502.07971191 -7.17256731
176 -502.08184814 -7.17259783
177 -502.08184814 -7.17259783
178 -502.08404541 -7.17262922
179 -502.08566284 -7.17265233
180 -502.08584595 -7.17265494
181 -502.08764648 -7.17268066
182 -502.08862305 -7.17269461
183 -502.09002686 -7.17271467
184 -502.09042358 -7.17272034
185 -502.09152222 -7.17273603
186 -502.09216309 -7.17274519
187 -502.09396362 -7.17277091
188 -502.09445190 -7.17277788
189 -502.09573364 -7.17279619
190 -502.09735107 -7.17281930
191 -502.09884644 -7.17284066
192 -502.09927368 -7.17284677
193 -502.10015869 -7.17285941
194 -502.10119629 -7.17287423
195 -502.10214233 -7.17288775
196 -502.10241699 -7.17289167
197 -502.10433960 -7.17291914
198 -502.10574341 -7.17293919
199 -502.10565186 -7.17293788
200 -502.10702515 -7.17295750
201 -502.10821533 -7.17297450
202 -502.10980225 -7.17299717
203 -502.11053467 -7.17300764
204 -502.10986328 -7.17299805
205 -502.11209106 -7.17302987
206 -502.11157227 -7.17302246
207 -502.11370850 -7.17305298
208 -502.11422729 -7.17306039
209 -502.11489868 -7.17306998
210 -502.11575317 -7.17308219
211 -502.11712646 -7.17310181
212 -502.11746216 -7.17310660
213 -502.11938477 -7.17313407
214 -502.12036133 -7.17314802
215 -502.12066650 -7.17315238
216 -502.12051392 -7.17315020
217 -502.12164307 -7.17316633
218 -502.12219238 -7.17317418
219 -502.12332153 -7.17319031
220 -502.12335205 -7.17319074
221 -502.12512207 -7.17321603
222 -502.12490845 -7.17321298
223 -502.12680054 -7.17324001
224 -502.12609863 -7.17322998
225 -502.12826538 -7.17326093
226 -502.12850952 -7.17326442
227 -502.12963867 -7.17328055
228 -502.13055420 -7.17329363
229 -502.13162231 -7.17330889
230 -502.13308716 -7.17332982
231 -502.13308716 -7.17332982
232 -502.13400269 -7.17334290
233 -502.13525391 -7.17336077
234 -502.13668823 -7.17338126
235 -502.13702393 -7.17338606
236 -502.13796997 -7.17339957
237 -502.13931274 -7.17341875
238 -502.14041138 -7.17343445
239 -502.14123535 -7.17344622
240 -502.14138794 -7.17344840
241 -502.14242554 -7.17346322
242 -502.14407349 -7.17348676
243 -502.14498901 -7.17349984
244 -502.14483643 -7.17349766
245 -502.14627075 -7.17351815
246 -502.14736938 -7.17353385
247 -502.14819336 -7.17354562
248 -502.14834595 -7.17354780
249 -502.14916992 -7.17355957
250 -502.15039062 -7.17357701
251 -502.14984131 -7.17356916
252 -502.15075684 -7.17358224
253 -502.15084839 -7.17358355
254 -502.15219116 -7.17360273
255 -502.15200806 -7.17360012
256 -502.15328979 -7.17361843
257 -502.15393066 -7.17362758
258 -502.15478516 -7.17363979
259 -502.15563965 -7.17365199
260 -502.15661621 -7.17366595
261 -502.15719604 -7.17367423
262 -502.15728760 -7.17367554
263 -502.15704346 -7.17367205
264 -502.15841675 -7.17369167
265 -502.15847778 -7.17369254
266 -502.15927124 -7.17370387
267 -502.16085815 -7.17372655
268 -502.16107178 -7.17372960
269 -502.16091919 -7.17372742
270 -502.16165161 -7.17373788
271 -502.16165161 -7.17373788
272 -502.16174316 -7.17373919
273 -502.16250610 -7.17375009
274 -502.16357422 -7.17376535
275 -502.16384888 -7.17376927
276 -502.16470337 -7.17378148
277 -502.16595459 -7.17379935
278 -502.16531372 -7.17379020
279 -502.16619873 -7.17380284
280 -502.16741943 -7.17382028
281 -502.16833496 -7.17383336
282 -502.16867065 -7.17383815
283 -502.16891479 -7.17384164
284 -502.16955566 -7.17385080
285 -502.17028809 -7.17386126
286 -502.16973877 -7.17385341
287 -502.17056274 -7.17386518
288 -502.17132568 -7.17387608
289 -502.17211914 -7.17388742
290 -502.17221069 -7.17388872
291 -502.17266846 -7.17389526
292 -502.17309570 -7.17390137
293 -502.17395020 -7.17391357
294 -502.17391968 -7.17391314
295 -502.17453003 -7.17392186
296 -502.17480469 -7.17392578
297 -502.17495728 -7.17392796
298 -502.17504883 -7.17392927
299 -502.17483521 -7.17392622
300 -502.17578125 -7.17393973
301 -502.17602539 -7.17394322
302 -502.17675781 -7.17395368
303 -502.17764282 -7.17396633
304 -502.17721558 -7.17396022
305 -502.17803955 -7.17397199
306 -502.17797852 -7.17397112
307 -502.17846680 -7.17397810
308 -502.17926025 -7.17398943
309 -502.17950439 -7.17399292
310 -502.17855835 -7.17397940
311 -502.17886353 -7.17398376
312 -502.18035889 -7.17400513
313 -502.18072510 -7.17401036
314 -502.17980957 -7.17399728
315 -502.17974854 -7.17399641
316 -502.18142700 -7.17402039
317 -502.18203735 -7.17402911
318 -502.18182373 -7.17402605
319 -502.18215942 -7.17403085
320 -502.18307495 -7.17404393
321 -502.18331909 -7.17404742
322 -502.18377686 -7.17405396
323 -502.18438721 -7.17406267
324 -502.18414307 -7.17405919
325 -502.18435669 -7.17406224
326 -502.18475342 -7.17406791
327 -502.18576050 -7.17408229
328 -502.18585205 -7.17408360
329 -502.18551636 -7.17407881
330 -502.18667603 -7.17409537
331 -502.18664551 -7.17409494
332 -502.18765259 -7.17410932
333 -502.18795776 -7.17411368
334 -502.18859863 -7.17412284
335 -502.18865967 -7.17412371
336 -502.18923950 -7.17413199
337 -502.18927002 -7.17413243
338 -502.18988037 -7.17414115
339 -502.18978882 -7.17413984
340 -502.18978882 -7.17413984
341 -502.19122314 -7.17416033
342 -502.19186401 -7.17416949
343 -502.19192505 -7.17417036
344 -502.19241333 -7.17417733
345 -502.19256592 -7.17417951
346 -502.19262695 -7.17418039
347 -502.19354248 -7.17419346
348 -502.19354248 -7.17419346
349 -502.19442749 -7.17420611
350 -502.19403076 -7.17420044
351 -502.19525146 -7.17421788
352 -502.19564819 -7.17422355
353 -502.19583130 -7.17422616
354 -502.19647217 -7.17423532
355 -502.19677734 -7.17423968
356 -502.19631958 -7.17423314
357 -502.19769287 -7.17425276
358 -502.19766235 -7.17425232
359 -502.19879150 -7.17426845
360 -502.19909668 -7.17427281
361 -502.19949341 -7.17427848
362 -502.19955444 -7.17427935
363 -502.19949341 -7.17427848
364 -502.20004272 -7.17428632
365 -502.20010376 -7.17428720
366 -502.19949341 -7.17427848
367 -502.20062256 -7.17429461
368 -502.20062256 -7.17429461
369 -502.20040894 -7.17429156
370 -502.20083618 -7.17429766
371 -502.20108032 -7.17430115
372 -502.20071411 -7.17429592
373 -502.20156860 -7.17430812
374 -502.20120239 -7.17430289
375 -502.20101929 -7.17430028
376 -502.20089722 -7.17429853
377 -502.20123291 -7.17430333
378 -502.20132446 -7.17430464
379 -502.20187378 -7.17431248
380 -502.20205688 -7.17431510
381 -502.20257568 -7.17432251
382 -502.20211792 -7.17431597
383 -502.20202637 -7.17431466
384 -502.20272827 -7.17432469
385 -502.20251465 -7.17432164
386 -502.20440674 -7.17434867
387 -502.20382690 -7.17434038
388 -502.20404053 -7.17434344
389 -502.20401001 -7.17434300
390 -502.20425415 -7.17434649
391 -502.20477295 -7.17435390
392 -502.20492554 -7.17435608
393 -502.20489502 -7.17435564
394 -502.20614624 -7.17437352
395 -502.20541382 -7.17436305
396 -502.20559692 -7.17436567
397 -502.20544434 -7.17436349
398 -502.20706177 -7.17438660
399 -502.20718384 -7.17438834
400 -502.20700073 -7.17438572
401 -502.20703125 -7.17438616
402 -502.20678711 -7.17438267
403 -502.20697021 -7.17438529
404 -502.20654297 -7.17437919
405 -502.20712280 -7.17438747
406 -502.20703125 -7.17438616
407 -502.20666504 -7.17438093
408 -502.20669556 -7.17438137
409 -502.20730591 -7.17439008
410 -502.20779419 -7.17439706
411 -502.20831299 -7.17440447
412 -502.20870972 -7.17441014
413 -502.20870972 -7.17441014
414 -502.20803833 -7.17440055
415 -502.20892334 -7.17441319
416 -502.20892334 -7.17441319
417 -502.20901489 -7.17441450
418 -502.20880127 -7.17441145
419 -502.20925903 -7.17441799
420 -502.20907593 -7.17441537
421 -502.20996094 -7.17442801
422 -502.21008301 -7.17442976
423 -502.21075439 -7.17443935
424 -502.21127319 -7.17444676
425 -502.21142578 -7.17444894
426 -502.21139526 -7.17444850
427 -502.21102905 -7.17444327
428 -502.21163940 -7.17445199
429 -502.21173096 -7.17445330
430 -502.21237183 -7.17446245
431 -502.21218872 -7.17445984
432 -502.21228027 -7.17446115
433 -502.21212769 -7.17445897
434 -502.21298218 -7.17447117
435 -502.21228027 -7.17446115
436 -502.21258545 -7.17446551
437 -502.21334839 -7.17447641
438 -502.21322632 -7.17447466
439 -502.21304321 -7.17447205
440 -502.21447754 -7.17449254
441 -502.21401978 -7.17448600
442 -502.21298218 -7.17447117
443 -502.21362305 -7.17448033
444 -502.21426392 -7.17448948
445 -502.21432495 -7.17449036
446 -502.21417236 -7.17448818
447 -502.21505737 -7.17450082
448 -502.21453857 -7.17449341
449 -502.21505737 -7.17450082
450 -502.21505737 -7.17450082
451 -502.21450806 -7.17449297
452 -502.21466064 -7.17449515
453 -502.21545410 -7.17450649
454 -502.21646118 -7.17452087
455 -502.21667480 -7.17452393
456 -502.21633911 -7.17451913
457 -502.21670532 -7.17452436
458 -502.21664429 -7.17452349
459 -502.21649170 -7.17452131
460 -502.21652222 -7.17452175
461 -502.21636963 -7.17451957
462 -502.21704102 -7.17452916
463 -502.21707153 -7.17452959
464 -502.21752930 -7.17453613
465 -502.21734619 -7.17453352
466 -502.21774292 -7.17453918
467 -502.21798706 -7.17454267
468 -502.21759033 -7.17453700
469 -502.21820068 -7.17454572
470 -502.21823120 -7.17454616
471 -502.21832275 -7.17454747
472 -502.21813965 -7.17454485
473 -502.21841431 -7.17454878
474 -502.21926880 -7.17456098
475 -502.21929932 -7.17456142
476 -502.21887207 -7.17455532
477 -502.21853638 -7.17455052
478 -502.21884155 -7.17455488
479 -502.21908569 -7.17455837
480 -502.22030640 -7.17457581
481 -502.22052002 -7.17457886
482 -502.22091675 -7.17458452
483 -502.22097778 -7.17458540
484 -502.22146606 -7.17459237
485 -502.22088623 -7.17458409
486 -502.22052002 -7.17457886
487 -502.22064209 -7.17458060
488 -502.22134399 -7.17459063
489 -502.22094727 -7.17458496
490 -502.22094727 -7.17458496
491 -502.22119141 -7.17458845
492 -502.22116089 -7.17458801
493 -502.22131348 -7.17459019
494 -502.22183228 -7.17459760
495 -502.22235107 -7.17460502
496 -502.22143555 -7.17459194
497 -502.22131348 -7.17459019
498 -502.22131348 -7.17459019
499 -502.22216797 -7.17460240
500 -502.22244263 -7.17460632
501 -502.22259521 -7.17460850
502 -502.22323608 -7.17461766
503 -502.22299194 -7.17461417
504 -502.22366333 -7.17462376
505 -502.22314453 -7.17461635
506 -502.22299194 -7.17461417
507 -502.22363281 -7.17462333
508 -502.22360229 -7.17462289
509 -502.22335815 -7.17461940
510 -502.22323608 -7.17461766
511 -502.22369385 -7.17462420
512 -502.22457886 -7.17463684
513 -502.22406006 -7.17462943
514 -502.22418213 -7.17463117
515 -502.22421265 -7.17463161
516 -502.22421265 -7.17463161
517 -502.22396851 -7.17462812
518 -502.22424316 -7.17463205
519 -502.22369385 -7.17462420
520 -502.22409058 -7.17462987
521 -502.22384644 -7.17462638
522 -502.22399902 -7.17462856
523 -502.22305298 -7.17461504
524 -502.22390747 -7.17462725
525 -502.22363281 -7.17462333
526 -502.22378540 -7.17462551
527 -502.22406006 -7.17462943
528 -502.22406006 -7.17462943
529 -502.22421265 -7.17463161
530 -502.22457886 -7.17463684
531 -502.22393799 -7.17462769
532 -502.22421265 -7.17463161
533 -502.22421265 -7.17463161
534 -502.22329712 -7.17461853
535 -502.22448730 -7.17463553
536 -502.22393799 -7.17462769
537 -502.22335815 -7.17461940
538 -502.22467041 -7.17463815
539 -502.22439575 -7.17463423
540 -502.22424316 -7.17463205
541 -502.22415161 -7.17463074
542 -502.22460938 -7.17463728
543 -502.22433472 -7.17463335
544 -502.22491455 -7.17464164
545 -502.22509766 -7.17464425
546 -502.22479248 -7.17463989
547 -502.22442627 -7.17463466
548 -502.22384644 -7.17462638
549 -502.22402954 -7.17462899
550 -502.22302246 -7.17461461
551 -502.22406006 -7.17462943
552 -502.22348022 -7.17462115
553 -502.22378540 -7.17462551
554 -502.22442627 -7.17463466
555 -502.22351074 -7.17462158
556 -502.22302246 -7.17461461
557 -502.22348022 -7.17462115
558 -502.22253418 -7.17460763
559 -502.22305298 -7.17461504
560 -502.22341919 -7.17462027
561 -502.22378540 -7.17462551
562 -502.22354126 -7.17462202
563 -502.22302246 -7.17461461
564 -502.22351074 -7.17462158
565 -502.22357178 -7.17462245
566 -502.22244263 -7.17460632
567 -502.22415161 -7.17463074
568 -502.22393799 -7.17462769
569 -502.22390747 -7.17462725
570 -502.22433472 -7.17463335
571 -502.22399902 -7.17462856
572 -502.22485352 -7.17464076
573 -502.22460938 -7.17463728
574 -502.22375488 -7.17462507
575 -502.22463989 -7.17463771
576 -502.22488403 -7.17464120
577 -502.22470093 -7.17463858
578 -502.22412109 -7.17463030
579 -502.22512817 -7.17464469
580 -502.22479248 -7.17463989
581 -502.22525024 -7.17464643
582 -502.22409058 -7.17462987
583 -502.22482300 -7.17464033
584 -502.22427368 -7.17463248
585 -502.22375488 -7.17462507
586 -502.22412109 -7.17463030
587 -502.22497559 -7.17464251
588 -502.22488403 -7.17464120
589 -502.22460938 -7.17463728
590 -502.22537231 -7.17464818
591 -502.22436523 -7.17463379
592 -502.22424316 -7.17463205
593 -502.22454834 -7.17463640
594 -502.22451782 -7.17463597
595 -502.22354126 -7.17462202
596 -502.22494507 -7.17464207
597 -502.22525024 -7.17464643
598 -502.22485352 -7.17464076
599 -502.22546387 -7.17464948
600 -502.22525024 -7.17464643
601 -502.22604370 -7.17465777
602 -502.22463989 -7.17463771
603 -502.22491455 -7.17464164
604 -502.22457886 -7.17463684
605 -502.22531128 -7.17464730
606 -502.22488403 -7.17464120
607 -502.22482300 -7.17464033
608 -502.22552490 -7.17465036
609 -502.22573853 -7.17465341
610 -502.22543335 -7.17464905
611 -502.22583008 -7.17465472
612 -502.22586060 -7.17465515
613 -502.22564697 -7.17465210
614 -502.22647095 -7.17466387
615 -502.22604370 -7.17465777
616 -502.22677612 -7.17466823
617 -502.22711182 -7.17467303
618 -502.22671509 -7.17466736
619 -502.22744751 -7.17467782
620 -502.22799683 -7.17468567
621 -502.22729492 -7.17467564
622 -502.22708130 -7.17467259
623 -502.22674561 -7.17466779
624 -502.22760010 -7.17468000
625 -502.22689819 -7.17466997
626 -502.22683716 -7.17466910
627 -502.22711182 -7.17467303
628 -502.22750854 -7.17467869
629 -502.22808838 -7.17468698
630 -502.22842407 -7.17469177
631 -502.22814941 -7.17468785
632 -502.22824097 -7.17468916
633 -502.22787476 -7.17468393
634 -502.22778320 -7.17468262
635 -502.22753906 -7.17467913
636 -502.22787476 -7.17468393
637 -502.22772217 -7.17468175
638 -502.22732544 -7.17467608
639 -502.22772217 -7.17468175
640 -502.22814941 -7.17468785
641 -502.22817993 -7.17468828
642 -502.22927856 -7.17470398
643 -502.22900391 -7.17470006
644 -502.22952271 -7.17470747
645 -502.22900391 -7.17470006
646 -502.22866821 -7.17469526
647 -502.22830200 -7.17469003
648 -502.22909546 -7.17470136
649 -502.22906494 -7.17470093
650 -502.22952271 -7.17470747
651 -502.22958374 -7.17470834
652 -502.22857666 -7.17469395
653 -502.22863770 -7.17469482
654 -502.22940063 -7.17470572
655 -502.22924805 -7.17470354
656 -502.23025513 -7.17471793
657 -502.22988892 -7.17471270
658 -502.23025513 -7.17471793
659 -502.22955322 -7.17470790
660 -502.22940063 -7.17470572
661 -502.22943115 -7.17470616
662 -502.23010254 -7.17471575
663 -502.22918701 -7.17470267
664 -502.22903442 -7.17470049
665 -502.22900391 -7.17470006
666 -502.22982788 -7.17471183
667 -502.22903442 -7.17470049
668 -502.22891235 -7.17469875
669 -502.22988892 -7.17471270
670 -502.23013306 -7.17471619
671 -502.22918701 -7.17470267
672 -502.23025513 -7.17471793
673 -502.22985840 -7.17471226
674 -502.23013306 -7.17471619
675 -502.22949219 -7.17470703
676 -502.23016357 -7.17471662
677 -502.23059082 -7.17472273
678 -502.23083496 -7.17472621
679 -502.23114014 -7.17473057
680 -502.23077393 -7.17472534
681 -502.23016357 -7.17471662
682 -502.23095703 -7.17472796
683 -502.23068237 -7.17472403
684 -502.23049927 -7.17472142
685 -502.23080444 -7.17472578
686 -502.23117065 -7.17473101
687 -502.23062134 -7.17472316
688 -502.23037720 -7.17471967
689 -502.23062134 -7.17472316
690 -502.23114014 -7.17473057
691 -502.23059082 -7.17472273
692 -502.23156738 -7.17473668
693 -502.23129272 -7.17473275
694 -502.23220825 -7.17474583
695 -502.23062134 -7.17472316
696 -502.23104858 -7.17472927
697 -502.23181152 -7.17474016
698 -502.23211670 -7.17474452
699 -502.23135376 -7.17473363
700 -502.23135376 -7.17473363
701 -502.23181152 -7.17474016
702 -502.23205566 -7.17474365
703 -502.23202515 -7.17474322
704 -502.23156738 -7.17473668
705 -502.23190308 -7.17474147
706 -502.23242188 -7.17474888
707 -502.23171997 -7.17473886
708 -502.23086548 -7.17472665
709 -502.23141479 -7.17473450
710 -502.23162842 -7.17473755
711 -502.23196411 -7.17474234
712 -502.23242188 -7.17474888
713 -502.23147583 -7.17473537
714 -502.23257446 -7.17475106
715 -502.23217773 -7.17474540
716 -502.23236084 -7.17474801
717 -502.23242188 -7.17474888
718 -502.23205566 -7.17474365
719 -502.23120117 -7.17473145
720 -502.23187256 -7.17474104
721 -502.23159790 -7.17473711
722 -502.23171997 -7.17473886
723 -502.23193359 -7.17474191
724 -502.23199463 -7.17474278
725 -502.23211670 -7.17474452
726 -502.23257446 -7.17475106
727 -502.23202515 -7.17474322
728 -502.23233032 -7.17474758
729 -502.23208618 -7.17474409
730 -502.23260498 -7.17475150
731 -502.23074341 -7.17472491
732 -502.23223877 -7.17474627
733 -502.23254395 -7.17475063
734 -502.23300171 -7.17475717
735 -502.23187256 -7.17474104
736 -502.23245239 -7.17474932
737 -502.23239136 -7.17474845
738 -502.23184204 -7.17474060
739 -502.23239136 -7.17474845
740 -502.23187256 -7.17474104
741 -502.23141479 -7.17473450
742 -502.23193359 -7.17474191
743 -502.23217773 -7.17474540
744 -502.23199463 -7.17474278
745 -502.23251343 -7.17475019
746 -502.23242188 -7.17474888
747 -502.23202515 -7.17474322
748 -502.23266602 -7.17475237
749 -502.23309326 -7.17475848
750 -502.23358154 -7.17476545
751 -502.23342896 -7.17476327
752 -502.23333740 -7.17476196
753 -502.23416138 -7.17477373
754 -502.23315430 -7.17475935
755 -502.23236084 -7.17474801
756 -502.23333740 -7.17476196
757 -502.23327637 -7.17476109
758 -502.23416138 -7.17477373
759 -502.23382568 -7.17476894
760 -502.23428345 -7.17477548
761 -502.23504639 -7.17478638
762 -502.23461914 -7.17478027
763 -502.23510742 -7.17478725
764 -502.23464966 -7.17478071
765 -502.23455811 -7.17477940
766 -502.23544312 -7.17479204
767 -502.23510742 -7.17478725
768 -502.23477173 -7.17478245
769 -502.23437500 -7.17477679
770 -502.23526001 -7.17478943
771 -502.23464966 -7.17478071
772 -502.23382568 -7.17476894
773 -502.23428345 -7.17477548
774 -502.23455811 -7.17477940
775 -502.23410034 -7.17477286
776 -502.23529053 -7.17478986
777 -502.23431396 -7.17477591
778 -502.23446655 -7.17477809
779 -502.23474121 -7.17478202
780 -502.23501587 -7.17478594
781 -502.23379517 -7.17476850
782 -502.23452759 -7.17477897
783 -502.23416138 -7.17477373
784 -502.23410034 -7.17477286
785 -502.23318481 -7.17475978
786 -502.23492432 -7.17478463
787 -502.23419189 -7.17477417
788 -502.23388672 -7.17476981
789 -502.23458862 -7.17477984
790 -502.23477173 -7.17478245
791 -502.23464966 -7.17478071
792 -502.23449707 -7.17477853
793 -502.23406982 -7.17477243
794 -502.23461914 -7.17478027
795 -502.23446655 -7.17477809
796 -502.23391724 -7.17477025
797 -502.23483276 -7.17478333
798 -502.23483276 -7.17478333
799 -502.23385620 -7.17476937
800 -502.23477173 -7.17478245
801 -502.23461914 -7.17478027
802 -502.23510742 -7.17478725
803 -502.23446655 -7.17477809
804 -502.23440552 -7.17477722
805 -502.23382568 -7.17476894
806 -502.23471069 -7.17478158
807 -502.23413086 -7.17477330
808 -502.23461914 -7.17478027
809 -502.23483276 -7.17478333
810 -502.23513794 -7.17478768
811 -502.23480225 -7.17478289
812 -502.23532104 -7.17479030
813 -502.23541260 -7.17479161
814 -502.23544312 -7.17479204
815 -502.23461914 -7.17478027
816 -502.23550415 -7.17479292
817 -502.23513794 -7.17478768
818 -502.23480225 -7.17478289
819 -502.23455811 -7.17477940
820 -502.23422241 -7.17477461
821 -502.23422241 -7.17477461
