0 -358.82836914 -5.98047282
1 -358.83380127 -5.98056335
2 -358.83776855 -5.98062948
3 -358.84246826 -5.98070780
4 -358.84558105 -5.98075968
5 -358.84790039 -5.98079834
6 -358.85021973 -5.98083700
7 -358.85247803 -5.98087463
8 -358.85443115 -5.98090719
9 -358.85607910 -5.98093465
10 -358.85882568 -5.98098043
11 -358.86096191 -5.98101603
12 -358.86260986 -5.98104350
13 -358.86419678 -5.98106995
14 -358.86529541 -5.98108826
15 -358.86633301 -5.98110555
16 -358.86834717 -5.98113912
17 -358.86932373 -5.98115540
18 -358.87091064 -5.98118184
19 -358.87219238 -5.98120321
20 -358.87322998 -5.98122050
21 -358.87408447 -5.98123474
22 -358.87561035 -5.98126017
23 -358.87628174 -5.98127136
24 -358.87725830 -5.98128764
25 -358.87683105 -5.98128052
26 -358.87829590 -5.98130493
27 -358.87939453 -5.98132324
28 -358.87969971 -5.98132833
29 -358.88085938 -5.98134766
30 -358.88116455 -5.98135274
31 -358.88183594 -5.98136393
32 -358.88256836 -5.98137614
33 -358.88281250 -5.98138021
34 -358.88360596 -5.98139343
35 -358.88470459 -5.98141174
36 -358.88470459 -5.98141174
37 -358.88586426 -5.98143107
38 -358.88623047 -5.98143717
39 -358.88616943 -5.98143616
40 -358.88671875 -5.98144531
41 -358.88720703 -5.98145345
42 -358.88775635 -5.98146261
43 -358.88775635 -5.98146261
44 -358.88836670 -5.98147278
45 -358.88824463 -5.98147074
46 -358.88830566 -5.98147176
47 -358.88867188 -5.98147786
48 -358.88897705 -5.98148295
49 -358.88891602 -5.98148193
50 -358.88934326 -5.98148905
51 -358.88888550 -5.98148142
52 -358.88946533 -5.98149109
53 -358.88934326 -5.98148905
54 -358.88922119 -5.98148702
55 -358.88961792 -5.98149363
56 -358.88867188 -5.98147786
57 -358.88928223 -5.98148804
58 -358.88964844 -5.98149414
59 -358.88818359 -5.98146973
60 -358.88879395 -5.98147990
61 -358.88952637 -5.98149211
62 -358.88934326 -5.98148905
63 -358.88903809 -5.98148397
64 -358.88934326 -5.98148905
65 -358.88952637 -5.98149211
66 -358.88922119 -5.98148702
67 -358.89028931 -5.98150482
68 -358.88970947 -5.98149516
69 -358.88897705 -5.98148295
70 -358.88940430 -5.98149007
71 -358.88836670 -5.98147278
72 -358.88775635 -5.98146261
73 -358.88806152 -5.98146769
74 -358.88745117 -5.98145752
75 -358.88867188 -5.98147786
76 -358.88873291 -5.98147888
77 -358.88830566 -5.98147176
78 -358.88818359 -5.98146973
79 -358.88912964 -5.98148549
80 -358.88842773 -5.98147380
81 -358.88867188 -5.98147786
82 -358.88818359 -5.98146973
83 -358.88900757 -5.98148346
84 -358.88830566 -5.98147176
85 -358.88806152 -5.98146769
86 -358.88879395 -5.98147990
87 -358.88830566 -5.98147176
88 -358.88781738 -5.98146362
89 -358.88751221 -5.98145854
90 -358.88842773 -5.98147380
91 -358.88778687 -5.98146311
92 -358.88793945 -5.98146566
93 -358.88690186 -5.98144836
94 -358.88708496 -5.98145142
95 -358.88723755 -5.98145396
96 -358.88781738 -5.98146362
97 -358.88763428 -5.98146057
98 -358.88714600 -5.98145243
99 -358.88650513 -5.98144175
100 -358.88659668 -5.98144328
101 -358.88690186 -5.98144836
102 -358.88684082 -5.98144735
103 -358.88607788 -5.98143463
104 -358.88623047 -5.98143717
105 -358.88598633 -5.98143311
106 -358.88592529 -5.98143209
107 -358.88540649 -5.98142344
108 -358.88537598 -5.98142293
109 -358.88446045 -5.98140767
110 -358.88464355 -5.98141073
111 -358.88424683 -5.98140411
112 -358.88354492 -5.98139242
113 -358.88354492 -5.98139242
114 -358.88360596 -5.98139343
115 -358.88320923 -5.98138682
116 -358.88305664 -5.98138428
117 -358.88293457 -5.98138224
118 -358.88232422 -5.98137207
119 -358.88256836 -5.98137614
120 -358.88232422 -5.98137207
121 -358.88269043 -5.98137817
122 -358.88201904 -5.98136698
123 -358.88296509 -5.98138275
124 -358.88311768 -5.98138529
125 -358.88299561 -5.98138326
126 -358.88281250 -5.98138021
127 -358.88281250 -5.98138021
128 -358.88214111 -5.98136902
129 -358.88171387 -5.98136190
130 -358.88079834 -5.98134664
131 -358.87915039 -5.98131917
132 -358.87939453 -5.98132324
133 -358.88104248 -5.98135071
134 -358.88122559 -5.98135376
135 -358.88003540 -5.98133392
136 -358.87951660 -5.98132528
137 -358.87969971 -5.98132833
138 -358.87994385 -5.98133240
139 -358.87908936 -5.98131816
140 -358.87896729 -5.98131612
141 -358.87908936 -5.98131816
142 -358.87841797 -5.98130697
143 -358.87789917 -5.98129832
144 -358.87896729 -5.98131612
145 -358.87835693 -5.98130595
146 -358.87817383 -5.98130290
147 -358.87783813 -5.98129730
148 -358.87780762 -5.98129679
149 -358.87750244 -5.98129171
150 -358.87646484 -5.98127441
151 -358.87728882 -5.98128815
152 -358.87591553 -5.98126526
153 -358.87542725 -5.98125712
154 -358.87561035 -5.98126017
155 -358.87527466 -5.98125458
156 -358.87640381 -5.98127340
157 -358.87554932 -5.98125916
158 -358.87530518 -5.98125509
159 -358.87509155 -5.98125153
160 -358.87536621 -5.98125610
161 -358.87445068 -5.98124084
162 -358.87457275 -5.98124288
163 -358.87374878 -5.98122915
164 -358.87475586 -5.98124593
165 -358.87432861 -5.98123881
166 -358.87408447 -5.98123474
167 -358.87350464 -5.98122508
168 -358.87384033 -5.98123067
169 -358.87329102 -5.98122152
170 -358.87298584 -5.98121643
171 -358.87225342 -5.98120422
172 -358.87249756 -5.98120829
173 -358.87213135 -5.98120219
174 -358.87182617 -5.98119710
175 -358.87149048 -5.98119151
176 -358.87182617 -5.98119710
177 -358.87109375 -5.98118490
178 -358.87176514 -5.98119609
179 -358.87026978 -5.98117116
180 -358.87030029 -5.98117167
181 -358.86901855 -5.98115031
182 -358.86932373 -5.98115540
183 -358.87023926 -5.98117065
184 -358.86962891 -5.98116048
185 -358.86962891 -5.98116048
186 -358.86883545 -5.98114726
187 -358.86770630 -5.98112844
188 -358.86859131 -5.98114319
189 -358.86895752 -5.98114929
190 -358.86889648 -5.98114827
191 -358.86862183 -5.98114370
192 -358.86816406 -5.98113607
193 -358.86724854 -5.98112081
194 -358.86755371 -5.98112590
195 -358.86737061 -5.98112284
196 -358.86645508 -5.98110758
197 -358.86578369 -5.98109639
198 -358.86633301 -5.98110555
199 -358.86483765 -5.98108063
200 -358.86535645 -5.98108927
201 -358.86706543 -5.98111776
202 -358.86663818 -5.98111064
203 -358.86633301 -5.98110555
204 -358.86578369 -5.98109639
205 -358.86511230 -5.98108521
206 -358.86529541 -5.98108826
207 -358.86511230 -5.98108521
208 -358.86450195 -5.98107503
209 -358.86444092 -5.98107402
210 -358.86395264 -5.98106588
211 -358.86401367 -5.98106689
212 -358.86346436 -5.98105774
213 -358.86437988 -5.98107300
214 -358.86389160 -5.98106486
215 -358.86358643 -5.98105977
216 -358.86383057 -5.98106384
217 -358.86328125 -5.98105469
218 -358.86254883 -5.98104248
219 -358.86343384 -5.98105723
220 -358.86181641 -5.98103027
221 -358.86230469 -5.98103841
222 -358.86309814 -5.98105164
223 -358.86215210 -5.98103587
224 -358.86273193 -5.98104553
225 -358.86145020 -5.98102417
226 -358.86132812 -5.98102214
227 -358.86157227 -5.98102620
228 -358.86132812 -5.98102214
229 -358.86114502 -5.98101908
230 -358.86071777 -5.98101196
231 -358.86138916 -5.98102315
232 -358.86071777 -5.98101196
233 -358.86041260 -5.98100688
234 -358.86035156 -5.98100586
235 -358.85906982 -5.98098450
236 -358.85845947 -5.98097432
237 -358.85974121 -5.98099569
238 -358.85919189 -5.98098653
239 -358.85925293 -5.98098755
240 -358.85900879 -5.98098348
241 -358.85839844 -5.98097331
242 -358.85882568 -5.98098043
243 -358.85797119 -5.98096619
244 -358.85870361 -5.98097839
245 -358.85772705 -5.98096212
246 -358.85864258 -5.98097738
247 -358.85784912 -5.98096415
248 -358.85772705 -5.98096212
249 -358.85772705 -5.98096212
250 -358.85784912 -5.98096415
251 -358.85699463 -5.98094991
252 -358.85607910 -5.98093465
253 -358.85632324 -5.98093872
254 -358.85571289 -5.98092855
255 -358.85638428 -5.98093974
256 -358.85644531 -5.98094076
257 -358.85662842 -5.98094381
258 -358.85681152 -5.98094686
259 -358.85668945 -5.98094482
260 -358.85650635 -5.98094177
261 -358.85522461 -5.98092041
262 -358.85540771 -5.98092346
263 -358.85452271 -5.98090871
264 -358.85314941 -5.98088582
265 -358.85449219 -5.98090820
266 -358.85479736 -5.98091329
267 -358.85302734 -5.98088379
268 -358.85394287 -5.98089905
269 -358.85272217 -5.98087870
270 -358.85253906 -5.98087565
271 -358.85226440 -5.98087107
272 -358.85247803 -5.98087463
273 -358.85198975 -5.98086650
274 -358.85198975 -5.98086650
275 -358.85198975 -5.98086650
276 -358.85180664 -5.98086344
277 -358.85272217 -5.98087870
278 -358.85144043 -5.98085734
279 -358.85168457 -5.98086141
280 -358.85058594 -5.98084310
281 -358.84985352 -5.98083089
282 -358.85058594 -5.98084310
283 -358.85012817 -5.98083547
284 -358.85070801 -5.98084513
285 -358.85009766 -5.98083496
286 -358.84991455 -5.98083191
287 -358.84979248 -5.98082987
288 -358.84930420 -5.98082174
289 -358.84851074 -5.98080851
290 -358.84826660 -5.98080444
291 -358.84704590 -5.98078410
292 -358.84747314 -5.98079122
293 -358.84680176 -5.98078003
294 -358.84649658 -5.98077494
295 -358.84671021 -5.98077850
296 -358.84667969 -5.98077799
297 -358.84600830 -5.98076681
298 -358.84490967 -5.98074849
299 -358.84558105 -5.98075968
300 -358.84417725 -5.98073629
301 -358.84405518 -5.98073425
302 -358.84344482 -5.98072408
303 -358.84317017 -5.98071950
304 -358.84326172 -5.98072103
305 -358.84283447 -5.98071391
306 -358.84216309 -5.98070272
307 -358.84185791 -5.98069763
308 -358.84240723 -5.98070679
309 -358.84100342 -5.98068339
310 -358.83990479 -5.98066508
311 -358.83972168 -5.98066203
312 -358.84014893 -5.98066915
313 -358.84069824 -5.98067830
314 -358.83941650 -5.98065694
315 -358.83871460 -5.98064524
316 -358.83868408 -5.98064473
317 -358.83868408 -5.98064473
318 -358.83703613 -5.98061727
319 -358.83834839 -5.98063914
320 -358.83801270 -5.98063354
321 -358.83642578 -5.98060710
322 -358.83538818 -5.98058980
323 -358.83627319 -5.98060455
324 -358.83636475 -5.98060608
325 -358.83630371 -5.98060506
326 -358.83630371 -5.98060506
327 -358.83605957 -5.98060099
328 -358.83526611 -5.98058777
329 -358.83551025 -5.98059184
330 -358.83447266 -5.98057454
331 -358.83557129 -5.98059285
332 -358.83410645 -5.98056844
333 -358.83386230 -5.98056437
334 -358.83282471 -5.98054708
335 -358.83334351 -5.98055573
336 -358.83428955 -5.98057149
337 -358.83422852 -5.98057048
338 -358.83319092 -5.98055318
339 -358.83251953 -5.98054199
340 -358.83361816 -5.98056030
341 -358.83312988 -5.98055216
342 -358.83337402 -5.98055623
343 -358.83230591 -5.98053843
344 -358.83300781 -5.98055013
345 -358.83239746 -5.98053996
346 -358.83203125 -5.98053385
347 -358.83160400 -5.98052673
348 -358.83154297 -5.98052572
349 -358.83099365 -5.98051656
350 -358.83184814 -5.98053080
351 -358.83157349 -5.98052622
352 -358.83087158 -5.98051453
353 -358.83203125 -5.98053385
354 -358.83184814 -5.98053080
355 -358.83111572 -5.98051860
356 -358.83233643 -5.98053894
357 -358.83172607 -5.98052877
358 -358.83087158 -5.98051453
359 -358.82995605 -5.98049927
360 -358.82983398 -5.98049723
361 -358.82946777 -5.98049113
362 -358.82727051 -5.98045451
363 -358.82669067 -5.98044484
364 -358.82617188 -5.98043620
365 -358.82702637 -5.98045044
366 -358.82519531 -5.98041992
367 -358.82647705 -5.98044128
368 -358.82672119 -5.98044535
369 -358.82678223 -5.98044637
370 -358.82702637 -5.98045044
371 -358.82754517 -5.98045909
372 -358.82684326 -5.98044739
373 -358.82629395 -5.98043823
374 -358.82617188 -5.98043620
375 -358.82571411 -5.98042857
376 -358.82550049 -5.98042501
377 -358.82519531 -5.98041992
378 -358.82501221 -5.98041687
379 -358.82540894 -5.98042348
380 -358.82446289 -5.98040771
381 -358.82397461 -5.98039958
382 -358.82342529 -5.98039042
383 -358.82299805 -5.98038330
384 -358.82318115 -5.98038635
385 -358.82373047 -5.98039551
386 -358.82287598 -5.98038127
387 -358.82360840 -5.98039347
388 -358.82299805 -5.98038330
389 -358.82214355 -5.98036906
390 -358.82214355 -5.98036906
391 -358.82275391 -5.98037923
392 -358.82250977 -5.98037516
393 -358.82189941 -5.98036499
394 -358.82110596 -5.98035177
395 -358.82180786 -5.98036346
396 -358.82165527 -5.98036092
397 -358.82220459 -5.98037008
398 -358.82098389 -5.98034973
399 -358.82202148 -5.98036702
400 -358.82141113 -5.98035685
401 -358.82171631 -5.98036194
402 -358.82299805 -5.98038330
403 -358.82257080 -5.98037618
404 -358.82214355 -5.98036906
405 -358.82171631 -5.98036194
406 -358.82202148 -5.98036702
407 -358.82141113 -5.98035685
408 -358.82171631 -5.98036194
409 -358.82147217 -5.98035787
410 -358.82128906 -5.98035482
411 -358.82125854 -5.98035431
412 -358.82061768 -5.98034363
413 -358.82165527 -5.98036092
414 -358.82104492 -5.98035075
415 -358.82177734 -5.98036296
416 -358.82165527 -5.98036092
417 -358.81988525 -5.98033142
418 -358.82098389 -5.98034973
419 -358.82125854 -5.98035431
420 -358.82122803 -5.98035380
421 -358.82153320 -5.98035889
422 -358.82116699 -5.98035278
423 -358.82144165 -5.98035736
424 -358.82019043 -5.98033651
425 -358.82086182 -5.98034770
426 -358.82098389 -5.98034973
427 -358.82104492 -5.98035075
428 -358.82092285 -5.98034871
429 -358.82098389 -5.98034973
430 -358.82098389 -5.98034973
431 -358.82043457 -5.98034058
432 -358.82019043 -5.98033651
433 -358.81866455 -5.98031108
434 -358.81872559 -5.98031209
435 -358.81927490 -5.98032125
436 -358.81970215 -5.98032837
437 -358.81939697 -5.98032328
438 -358.81872559 -5.98031209
439 -358.81869507 -5.98031158
440 -358.81909180 -5.98031820
441 -358.82006836 -5.98033447
442 -358.81988525 -5.98033142
443 -358.82083130 -5.98034719
444 -358.82086182 -5.98034770
445 -358.82000732 -5.98033346
446 -358.82006836 -5.98033447
447 -358.82073975 -5.98034566
448 -358.81964111 -5.98032735
449 -358.82128906 -5.98035482
450 -358.82104492 -5.98035075
451 -358.82012939 -5.98033549
452 -358.81878662 -5.98031311
453 -358.81860352 -5.98031006
454 -358.81872559 -5.98031209
455 -358.81811523 -5.98030192
456 -358.81805420 -5.98030090
457 -358.81842041 -5.98030701
458 -358.81701660 -5.98028361
459 -358.81747437 -5.98029124
460 -358.81750488 -5.98029175
461 -358.81732178 -5.98028870
462 -358.81695557 -5.98028259
463 -358.81726074 -5.98028768
464 -358.81658936 -5.98027649
465 -358.81652832 -5.98027547
466 -358.81634521 -5.98027242
467 -358.81649780 -5.98027496
468 -358.81579590 -5.98026326
469 -358.81622314 -5.98027039
470 -358.81622314 -5.98027039
471 -358.81686401 -5.98028107
472 -358.81604004 -5.98026733
473 -358.81652832 -5.98027547
474 -358.81597900 -5.98026632
475 -358.81610107 -5.98026835
476 -358.81640625 -5.98027344
477 -358.81567383 -5.98026123
478 -358.81555176 -5.98025920
479 -358.81585693 -5.98026428
480 -358.81536865 -5.98025614
481 -358.81457520 -5.98024292
482 -358.81359863 -5.98022664
483 -358.81201172 -5.98020020
484 -358.81372070 -5.98022868
485 -358.81304932 -5.98021749
486 -358.81341553 -5.98022359
487 -358.81439209 -5.98023987
488 -358.81475830 -5.98024597
489 -358.81408691 -5.98023478
490 -358.81378174 -5.98022970
491 -358.81378174 -5.98022970
492 -358.81390381 -5.98023173
493 -358.81323242 -5.98022054
494 -358.81353760 -5.98022563
495 -358.81307983 -5.98021800
496 -358.81286621 -5.98021444
497 -358.81256104 -5.98020935
498 -358.81225586 -5.98020426
499 -358.81179810 -5.98019663
500 -358.81103516 -5.98018392
501 -358.81219482 -5.98020325
502 -358.81182861 -5.98019714
503 -358.81027222 -5.98017120
504 -358.81176758 -5.98019613
505 -358.81201172 -5.98020020
506 -358.81280518 -5.98021342
507 -358.81292725 -5.98021545
508 -358.81219482 -5.98020325
509 -358.81225586 -5.98020426
510 -358.81274414 -5.98021240
511 -358.81277466 -5.98021291
512 -358.81280518 -5.98021342
513 -358.81298828 -5.98021647
514 -358.81329346 -5.98022156
515 -358.81283569 -5.98021393
516 -358.81329346 -5.98022156
517 -358.81341553 -5.98022359
518 -358.81286621 -5.98021444
519 -358.81298828 -5.98021647
520 -358.81268311 -5.98021139
521 -358.81292725 -5.98021545
522 -358.81329346 -5.98022156
523 -358.81274414 -5.98021240
524 -358.81353760 -5.98022563
525 -358.81268311 -5.98021139
526 -358.81243896 -5.98020732
527 -358.81341553 -5.98022359
528 -358.81341553 -5.98022359
529 -358.81372070 -5.98022868
530 -358.81347656 -5.98022461
531 -358.81274414 -5.98021240
532 -358.81365967 -5.98022766
533 -358.81311035 -5.98021851
534 -358.81280518 -5.98021342
535 -358.81265259 -5.98021088
536 -358.81335449 -5.98022257
537 -358.81414795 -5.98023580
538 -358.81445312 -5.98024089
539 -358.81549072 -5.98025818
540 -358.81396484 -5.98023275
541 -358.81414795 -5.98023580
542 -358.81451416 -5.98024190
543 -358.81411743 -5.98023529
544 -358.81323242 -5.98022054
545 -358.81347656 -5.98022461
546 -358.81365967 -5.98022766
547 -358.81289673 -5.98021495
548 -358.81359863 -5.98022664
549 -358.81359863 -5.98022664
550 -358.81451416 -5.98024190
551 -358.81503296 -5.98025055
552 -358.81512451 -5.98025208
553 -358.81506348 -5.98025106
554 -358.81433105 -5.98023885
555 -358.81454468 -5.98024241
556 -358.81365967 -5.98022766
557 -358.81384277 -5.98023071
558 -358.81347656 -5.98022461
559 -358.81478882 -5.98024648
560 -358.81378174 -5.98022970
561 -358.81475830 -5.98024597
562 -358.81524658 -5.98025411
563 -358.81497192 -5.98024953
564 -358.81506348 -5.98025106
565 -358.81506348 -5.98025106
566 -358.81634521 -5.98027242
567 -358.81594849 -5.98026581
568 -358.81555176 -5.98025920
569 -358.81616211 -5.98026937
570 -358.81567383 -5.98026123
571 -358.81503296 -5.98025055
572 -358.81500244 -5.98025004
573 -358.81573486 -5.98026225
574 -358.81555176 -5.98025920
575 -358.81427002 -5.98023783
576 -358.81610107 -5.98026835
577 -358.81640625 -5.98027344
578 -358.81610107 -5.98026835
579 -358.81600952 -5.98026683
580 -358.81579590 -5.98026326
581 -358.81549072 -5.98025818
582 -358.81500244 -5.98025004
583 -358.81546021 -5.98025767
584 -358.81481934 -5.98024699
585 -358.81451416 -5.98024190
586 -358.81384277 -5.98023071
587 -358.81439209 -5.98023987
588 -358.81396484 -5.98023275
589 -358.81378174 -5.98022970
590 -358.81335449 -5.98022257
591 -358.81350708 -5.98022512
592 -358.81427002 -5.98023783
593 -358.81439209 -5.98023987
594 -358.81463623 -5.98024394
595 -358.81515503 -5.98025258
596 -358.81408691 -5.98023478
597 -358.81408691 -5.98023478
598 -358.81506348 -5.98025106
599 -358.81457520 -5.98024292
600 -358.81561279 -5.98026021
601 -358.81469727 -5.98024495
602 -358.81488037 -5.98024801
603 -358.81546021 -5.98025767
604 -358.81536865 -5.98025614
605 -358.81481934 -5.98024699
606 -358.81494141 -5.98024902
607 -358.81491089 -5.98024851
608 -358.81365967 -5.98022766
609 -358.81445312 -5.98024089
610 -358.81475830 -5.98024597
611 -358.81488037 -5.98024801
612 -358.81518555 -5.98025309
613 -358.81475830 -5.98024597
614 -358.81475830 -5.98024597
615 -358.81552124 -5.98025869
616 -358.81591797 -5.98026530
617 -358.81622314 -5.98027039
618 -358.81567383 -5.98026123
619 -358.81500244 -5.98025004
620 -358.81610107 -5.98026835
621 -358.81555176 -5.98025920
622 -358.81579590 -5.98026326
623 -358.81600952 -5.98026683
624 -358.81622314 -5.98027039
625 -358.81579590 -5.98026326
626 -358.81658936 -5.98027649
627 -358.81674194 -5.98027903
628 -358.81652832 -5.98027547
629 -358.81634521 -5.98027242
630 -358.81597900 -5.98026632
631 -358.81732178 -5.98028870
632 -358.81750488 -5.98029175
633 -358.81787109 -5.98029785
634 -358.81799316 -5.98029989
635 -358.81777954 -5.98029633
636 -358.81707764 -5.98028463
637 -358.81695557 -5.98028259
638 -358.81762695 -5.98029378
639 -358.81738281 -5.98028971
640 -358.81781006 -5.98029683
641 -358.81884766 -5.98031413
642 -358.81726074 -5.98028768
643 -358.81866455 -5.98031108
644 -358.81793213 -5.98029887
645 -358.81958008 -5.98032633
646 -358.81951904 -5.98032532
647 -358.81851196 -5.98030853
648 -358.81945801 -5.98032430
649 -358.81958008 -5.98032633
650 -358.81970215 -5.98032837
651 -358.81973267 -5.98032888
652 -358.81939697 -5.98032328
653 -358.81903076 -5.98031718
654 -358.81835938 -5.98030599
655 -358.81756592 -5.98029277
656 -358.81829834 -5.98030497
657 -358.81805420 -5.98030090
658 -358.81909180 -5.98031820
659 -358.81921387 -5.98032023
660 -358.82037354 -5.98033956
661 -358.81964111 -5.98032735
662 -358.82037354 -5.98033956
663 -358.82049561 -5.98034159
664 -358.82086182 -5.98034770
665 -358.82019043 -5.98033651
666 -358.82092285 -5.98034871
667 -358.82083130 -5.98034719
668 -358.82055664 -5.98034261
669 -358.82128906 -5.98035482
670 -358.82116699 -5.98035278
671 -358.82177734 -5.98036296
672 -358.82214355 -5.98036906
673 -358.82220459 -5.98037008
674 -358.82196045 -5.98036601
675 -358.82238770 -5.98037313
676 -358.82208252 -5.98036804
677 -358.82287598 -5.98038127
678 -358.82202148 -5.98036702
679 -358.82247925 -5.98037465
680 -358.82348633 -5.98039144
681 -358.82275391 -5.98037923
682 -358.82293701 -5.98038228
683 -358.82235718 -5.98037262
684 -358.82263184 -5.98037720
685 -358.82147217 -5.98035787
686 -358.82257080 -5.98037618
687 -358.82192993 -5.98036550
688 -358.82165527 -5.98036092
689 -358.82153320 -5.98035889
690 -358.82208252 -5.98036804
691 -358.82220459 -5.98037008
692 -358.82293701 -5.98038228
693 -358.82324219 -5.98038737
694 -358.82287598 -5.98038127
695 -358.82260132 -5.98037669
696 -358.82226562 -5.98037109
697 -358.82220459 -5.98037008
698 -358.82208252 -5.98036804
699 -358.82186890 -5.98036448
700 -358.82250977 -5.98037516
701 -358.82232666 -5.98037211
702 -358.82299805 -5.98038330
703 -358.82351685 -5.98039195
704 -358.82421875 -5.98040365
705 -358.82391357 -5.98039856
706 -358.82330322 -5.98038839
707 -358.82363892 -5.98039398
708 -358.82226562 -5.98037109
709 -358.82293701 -5.98038228
710 -358.82330322 -5.98038839
711 -358.82287598 -5.98038127
712 -358.82287598 -5.98038127
713 -358.82275391 -5.98037923
714 -358.82177734 -5.98036296
715 -358.82272339 -5.98037872
716 -358.82281494 -5.98038025
717 -358.82330322 -5.98038839
718 -358.82354736 -5.98039246
719 -358.82330322 -5.98038839
720 -358.82366943 -5.98039449
721 -358.82299805 -5.98038330
722 -358.82220459 -5.98037008
723 -358.82107544 -5.98035126
724 -358.82196045 -5.98036601
725 -358.82202148 -5.98036702
726 -358.82098389 -5.98034973
727 -358.82128906 -5.98035482
728 -358.82086182 -5.98034770
729 -358.82135010 -5.98035583
730 -358.82128906 -5.98035482
731 -358.82116699 -5.98035278
732 -358.82122803 -5.98035380
733 -358.82165527 -5.98036092
734 -358.82220459 -5.98037008
735 -358.82135010 -5.98035583
736 -358.82165527 -5.98036092
737 -358.82141113 -5.98035685
738 -358.82189941 -5.98036499
739 -358.82220459 -5.98037008
740 -358.82238770 -5.98037313
741 -358.82244873 -5.98037415
742 -358.82232666 -5.98037211
743 -358.82229614 -5.98037160
744 -358.82250977 -5.98037516
745 -358.82171631 -5.98036194
746 -358.82214355 -5.98036906
747 -358.82308960 -5.98038483
748 -358.82342529 -5.98039042
749 -358.82281494 -5.98038025
750 -358.82446289 -5.98040771
751 -358.82373047 -5.98039551
752 -358.82409668 -5.98040161
753 -358.82446289 -5.98040771
754 -358.82373047 -5.98039551
755 -358.82467651 -5.98041128
756 -358.82299805 -5.98038330
757 -358.82421875 -5.98040365
758 -358.82489014 -5.98041484
759 -358.82446289 -5.98040771
760 -358.82495117 -5.98041585
761 -358.82489014 -5.98041484
762 -358.82501221 -5.98041687
763 -358.82531738 -5.98042196
764 -358.82531738 -5.98042196
765 -358.82513428 -5.98041890
766 -358.82592773 -5.98043213
767 -358.82601929 -5.98043365
768 -358.82580566 -5.98043009
769 -358.82611084 -5.98043518
770 -358.82647705 -5.98044128
771 -358.82608032 -5.98043467
772 -358.82678223 -5.98044637
773 -358.82763672 -5.98046061
774 -358.82696533 -5.98044942
775 -358.82766724 -5.98046112
776 -358.82775879 -5.98046265
777 -358.82739258 -5.98045654
778 -358.82818604 -5.98046977
779 -358.82806396 -5.98046773
780 -358.82775879 -5.98046265
781 -358.82897949 -5.98048299
782 -358.82910156 -5.98048503
783 -358.82946777 -5.98049113
784 -358.82989502 -5.98049825
785 -358.82983398 -5.98049723
786 -358.83013916 -5.98050232
787 -358.83044434 -5.98050741
788 -358.83081055 -5.98051351
789 -358.83087158 -5.98051453
790 -358.83038330 -5.98050639
791 -358.83233643 -5.98053894
792 -358.83239746 -5.98053996
793 -358.83239746 -5.98053996
794 -358.83319092 -5.98055318
795 -358.83325195 -5.98055420
796 -358.83361816 -5.98056030
797 -358.83331299 -5.98055522
798 -358.83392334 -5.98056539
799 -358.83398438 -5.98056641
800 -358.83447266 -5.98057454
801 -358.83453369 -5.98057556
802 -358.83489990 -5.98058167
803 -358.83520508 -5.98058675
804 -358.83569336 -5.98059489
805 -358.83587646 -5.98059794
806 -358.83557129 -5.98059285
807 -358.83514404 -5.98058573
808 -358.83496094 -5.98058268
809 -358.83477783 -5.98057963
810 -358.83447266 -5.98057454
811 -358.83465576 -5.98057760
812 -358.83544922 -5.98059082
813 -358.83532715 -5.98058879
814 -358.83630371 -5.98060506
815 -358.83560181 -5.98059336
816 -358.83551025 -5.98059184
817 -358.83630371 -5.98060506
818 -358.83599854 -5.98059998
819 -358.83654785 -5.98060913
820 -358.83660889 -5.98061015
821 -358.83599854 -5.98059998
822 -358.83630371 -5.98060506
823 -358.83621216 -5.98060354
824 -358.83569336 -5.98059489
825 -358.83599854 -5.98059998
826 -358.83587646 -5.98059794
827 -358.83566284 -5.98059438
828 -358.83636475 -5.98060608
829 -358.83630371 -5.98060506
830 -358.83557129 -5.98059285
831 -358.83520508 -5.98058675
832 -358.83612061 -5.98060201
833 -358.83642578 -5.98060710
834 -358.83648682 -5.98060811
835 -358.83737183 -5.98062286
836 -358.83703613 -5.98061727
837 -358.83636475 -5.98060608
838 -358.83703613 -5.98061727
839 -358.83697510 -5.98061625
840 -358.83703613 -5.98061727
841 -358.83673096 -5.98061218
842 -358.83789062 -5.98063151
843 -358.83743286 -5.98062388
844 -358.83746338 -5.98062439
845 -358.83789062 -5.98063151
846 -358.83752441 -5.98062541
847 -358.83724976 -5.98062083
848 -358.83843994 -5.98064067
849 -358.83837891 -5.98063965
850 -358.83825684 -5.98063761
851 -358.83801270 -5.98063354
852 -358.83868408 -5.98064473
853 -358.83898926 -5.98064982
854 -358.83929443 -5.98065491
855 -358.83908081 -5.98065135
856 -358.83831787 -5.98063863
857 -358.83880615 -5.98064677
858 -358.83856201 -5.98064270
859 -358.83953857 -5.98065898
860 -358.83898926 -5.98064982
861 -358.83978271 -5.98066305
862 -358.83972168 -5.98066203
863 -358.83892822 -5.98064880
864 -358.83892822 -5.98064880
865 -358.83892822 -5.98064880
866 -358.83966064 -5.98066101
867 -358.84048462 -5.98067474
868 -358.83984375 -5.98066406
869 -358.83959961 -5.98065999
870 -358.83959961 -5.98065999
871 -358.84078979 -5.98067983
872 -358.84014893 -5.98066915
873 -358.83984375 -5.98066406
874 -358.84002686 -5.98066711
875 -358.83953857 -5.98065898
876 -358.83972168 -5.98066203
877 -358.84014893 -5.98066915
878 -358.84057617 -5.98067627
879 -358.83938599 -5.98065643
880 -358.84002686 -5.98066711
881 -358.83978271 -5.98066305
882 -358.83990479 -5.98066508
883 -358.84002686 -5.98066711
884 -358.84027100 -5.98067118
885 -358.83862305 -5.98064372
886 -358.83978271 -5.98066305
887 -358.84063721 -5.98067729
888 -358.83984375 -5.98066406
889 -358.83978271 -5.98066305
890 -358.83898926 -5.98064982
891 -358.83877563 -5.98064626
892 -358.83935547 -5.98065592
893 -358.83886719 -5.98064779
894 -358.83843994 -5.98064067
895 -358.83929443 -5.98065491
896 -358.83886719 -5.98064779
897 -358.83874512 -5.98064575
898 -358.83862305 -5.98064372
899 -358.83993530 -5.98066559
900 -358.83929443 -5.98065491
901 -358.83947754 -5.98065796
902 -358.83959961 -5.98065999
903 -358.84017944 -5.98066966
904 -358.83978271 -5.98066305
905 -358.83898926 -5.98064982
906 -358.83886719 -5.98064779
907 -358.83908081 -5.98065135
908 -358.83953857 -5.98065898
909 -358.83911133 -5.98065186
910 -358.83996582 -5.98066610
911 -358.83984375 -5.98066406
912 -358.83996582 -5.98066610
913 -358.83935547 -5.98065592
914 -358.84014893 -5.98066915
915 -358.83920288 -5.98065338
916 -358.84020996 -5.98067017
917 -358.84039307 -5.98067322
918 -358.83935547 -5.98065592
919 -358.84060669 -5.98067678
920 -358.84039307 -5.98067322
921 -358.84106445 -5.98068441
922 -358.84106445 -5.98068441
923 -358.84027100 -5.98067118
924 -358.84082031 -5.98068034
925 -358.84094238 -5.98068237
926 -358.84069824 -5.98067830
927 -358.83923340 -5.98065389
928 -358.83947754 -5.98065796
929 -358.83966064 -5.98066101
930 -358.83862305 -5.98064372
931 -358.83969116 -5.98066152
932 -358.83996582 -5.98066610
933 -358.83917236 -5.98065287
934 -358.83978271 -5.98066305
935 -358.84060669 -5.98067678
936 -358.84057617 -5.98067627
937 -358.84002686 -5.98066711
938 -358.84020996 -5.98067017
939 -358.83972168 -5.98066203
940 -358.83929443 -5.98065491
941 -358.83929443 -5.98065491
942 -358.83923340 -5.98065389
943 -358.83862305 -5.98064372
944 -358.83880615 -5.98064677
945 -358.83966064 -5.98066101
946 -358.84039307 -5.98067322
947 -358.83990479 -5.98066508
948 -358.83990479 -5.98066508
949 -358.83947754 -5.98065796
950 -358.83898926 -5.98064982
951 -358.83947754 -5.98065796
952 -358.83892822 -5.98064880
953 -358.83819580 -5.98063660
954 -358.83856201 -5.98064270
955 -358.83825684 -5.98063761
956 -358.83782959 -5.98063049
957 -358.83886719 -5.98064779
958 -358.83862305 -5.98064372
959 -358.83816528 -5.98063609
960 -358.83856201 -5.98064270
961 -358.83856201 -5.98064270
962 -358.83874512 -5.98064575
963 -358.83932495 -5.98065542
964 -358.83880615 -5.98064677
965 -358.83978271 -5.98066305
966 -358.84020996 -5.98067017
967 -358.83993530 -5.98066559
968 -358.84027100 -5.98067118
969 -358.84039307 -5.98067322
970 -358.84039307 -5.98067322
971 -358.84024048 -5.98067067
972 -358.84082031 -5.98068034
973 -358.84045410 -5.98067424
974 -358.84020996 -5.98067017
975 -358.84069824 -5.98067830
976 -358.84014893 -5.98066915
977 -358.84027100 -5.98067118
978 -358.84014893 -5.98066915
979 -358.84069824 -5.98067830
980 -358.84039307 -5.98067322
981 -358.84094238 -5.98068237
982 -358.84082031 -5.98068034
983 -358.83972168 -5.98066203
984 -358.83978271 -5.98066305
985 -358.83953857 -5.98065898
986 -358.83868408 -5.98064473
987 -358.83840942 -5.98064016
988 -358.83874512 -5.98064575
989 -358.83850098 -5.98064168
990 -358.83874512 -5.98064575
991 -358.83880615 -5.98064677
992 -358.83856201 -5.98064270
993 -358.83831787 -5.98063863
994 -358.83843994 -5.98064067
995 -358.83859253 -5.98064321
996 -358.83813477 -5.98063558
997 -358.83801270 -5.98063354
998 -358.83837891 -5.98063965
999 -358.83853149 -5.98064219
