0 -435.74960327 -6.31521164
1 -434.62765503 -6.29895152
2 -434.06072998 -6.29073522
3 -433.09582520 -6.27675109
4 -432.64495850 -6.27021679
5 -431.88024902 -6.25913404
6 -430.81820679 -6.24374213
7 -430.20718384 -6.23488672
8 -430.10751343 -6.23344222
9 -428.52899170 -6.21056510
10 -427.39907837 -6.19418954
11 -426.20330811 -6.17685954
12 -425.88037109 -6.17217929
13 -424.59509277 -6.15355207
14 -423.21945190 -6.13361524
15 -423.20849609 -6.13345647
16 -423.81976318 -6.14231541
17 -423.70950317 -6.14071744
18 -424.09301758 -6.14627562
19 -423.05480957 -6.13122912
20 -422.09210205 -6.11727684
21 -420.87930298 -6.09970004
22 -419.86810303 -6.08504497
23 -420.40466309 -6.09282120
24 -419.64303589 -6.08178313
25 -417.83560181 -6.05558843
26 -415.23303223 -6.01787003
27 -415.37814331 -6.01997309
28 -414.75939941 -6.01100579
29 -413.71527100 -5.99587349
30 -412.57690430 -5.97937542
31 -411.89297485 -5.96946340
32 -412.24118042 -5.97450986
33 -410.51531982 -5.94949739
34 -411.09066772 -5.95783576
35 -410.98663330 -5.95632802
36 -410.04574585 -5.94269197
37 -409.21990967 -5.93072333
38 -409.01055908 -5.92768926
39 -408.19677734 -5.91589532
40 -404.97149658 -5.86915212
41 -403.75952148 -5.85158727
42 -402.27508545 -5.83007370
43 -401.81542969 -5.82341202
44 -402.43734741 -5.83242532
45 -401.42822266 -5.81780033
46 -400.30523682 -5.80152517
47 -400.50814819 -5.80446592
48 -401.14358521 -5.81367515
49 -397.96093750 -5.76754982
50 -397.61193848 -5.76249186
51 -398.38735962 -5.77372985
52 -396.67572021 -5.74892348
53 -397.50842285 -5.76099164
54 -399.84606934 -5.79487057
55 -398.65914917 -5.77766883
56 -397.52117920 -5.76117651
57 -394.54388428 -5.71802731
58 -392.78915405 -5.69259644
59 -391.76068115 -5.67769103
60 -390.21472168 -5.65528582
61 -384.38574219 -5.57080786
62 -384.34005737 -5.57014576
63 -382.14758301 -5.53837077
64 -373.50866699 -5.41316909
65 -372.54595947 -5.39921680
66 -365.51489258 -5.29731728
67 -366.21823120 -5.30751060
68 -366.52801514 -5.31200022
69 -369.73992920 -5.35854970
70 -366.21435547 -5.30745443
71 -366.98632812 -5.31864244
72 -365.74993896 -5.30072375
73 -369.60354614 -5.35657313
74 -368.00759888 -5.33344346
75 -363.64627075 -5.27023581
76 -366.61178589 -5.31321429
77 -367.14593506 -5.32095558
78 -370.48529053 -5.36935204
79 -374.18676758 -5.42299663
80 -374.12448120 -5.42209393
81 -374.21664429 -5.42342963
82 -368.12371826 -5.33512635
83 -367.58425903 -5.32730810
84 -371.75952148 -5.38781915
85 -369.06634521 -5.34878761
86 -370.07180786 -5.36335953
87 -366.48382568 -5.31135979
88 -366.33364868 -5.30918331
89 -361.66897583 -5.24157936
90 -363.85699463 -5.27328978
91 -365.65701294 -5.29937700
92 -367.50506592 -5.32616038
93 -365.28005981 -5.29391391
94 -359.50671387 -5.21024223
95 -362.80871582 -5.25809733
96 -364.40869141 -5.28128538
97 -368.99035645 -5.34768633
98 -368.66461182 -5.34296539
99 -367.86657715 -5.33139967
100 -367.25360107 -5.32251596
101 -367.82376099 -5.33077914
102 -367.89468384 -5.33180701
103 -365.85711670 -5.30227705
104 -365.65130615 -5.29929429
105 -367.72143555 -5.32929617
106 -367.57452393 -5.32716701
107 -366.61697388 -5.31328948
108 -365.62585449 -5.29892543
109 -365.25747681 -5.29358662
110 -365.40270996 -5.29569145
111 -364.51721191 -5.28285814
112 -364.77459717 -5.28658836
113 -361.26739502 -5.23575935
114 -360.07684326 -5.21850497
115 -360.84350586 -5.22961603
116 -359.57458496 -5.21122587
117 -356.93161011 -5.17292189
118 -357.10812378 -5.17548005
119 -355.44717407 -5.15140832
120 -352.91998291 -5.11478236
121 -350.16595459 -5.07486891
122 -350.45642090 -5.07907856
123 -349.39923096 -5.06375697
124 -352.35937500 -5.10665761
125 -352.34188843 -5.10640418
126 -349.76745605 -5.06909357
127 -351.64535522 -5.09630950
128 -351.45016479 -5.09348065
129 -351.75173950 -5.09785130
130 -351.18994141 -5.08970930
131 -349.61859131 -5.06693611
132 -349.13476562 -5.05992414
133 -348.22662354 -5.04676266
134 -350.02999878 -5.07289853
135 -347.43450928 -5.03528274
136 -348.02783203 -5.04388162
137 -348.69885254 -5.05360656
138 -350.09802246 -5.07388438
139 -349.70727539 -5.06822138
140 -354.20999146 -5.13347814
141 -356.83187866 -5.17147650
142 -354.62091064 -5.13943349
143 -352.85968018 -5.11390841
144 -351.61956787 -5.09593577
145 -345.06967163 -5.00100973
146 -345.69738770 -5.01010707
147 -346.93121338 -5.02798860
148 -345.99981689 -5.01449010
149 -342.97460938 -4.97064651
150 -337.97277832 -4.89815621
151 -340.53747559 -4.93532573
152 -344.29153442 -4.98973238
153 -340.99810791 -4.94200156
154 -342.80822754 -4.96823518
155 -347.05126953 -5.02972854
156 -344.01074219 -4.98566293
157 -340.75177002 -4.93843145
158 -336.11090088 -4.87117248
159 -333.60888672 -4.83491140
160 -326.88726807 -4.73749664
161 -328.45742798 -4.76025258
162 -330.65359497 -4.79208109
163 -328.72424316 -4.76411947
164 -324.43676758 -4.70198214
165 -325.23919678 -4.71361155
166 -328.83572388 -4.76573513
167 -328.99765015 -4.76808189
168 -323.37451172 -4.68658713
169 -321.56665039 -4.66038624
170 -319.74896240 -4.63404293
171 -319.83843994 -4.63533971
172 -318.83325195 -4.62077177
173 -319.45837402 -4.62983151
174 -321.66754150 -4.66184843
175 -319.93716431 -4.63677050
176 -318.13244629 -4.61061516
177 -323.06610107 -4.68211741
178 -322.46679688 -4.67343184
179 -323.65615845 -4.69066896
180 -321.96069336 -4.66609701
181 -324.90115356 -4.70871237
182 -320.45571899 -4.64428578
183 -318.30261230 -4.61308134
184 -317.91784668 -4.60750502
185 -316.03045654 -4.58015154
186 -308.73513794 -4.47442229
187 -310.35824585 -4.49794559
188 -304.94445801 -4.41948490
189 -306.04751587 -4.43547124
190 -303.67547607 -4.40109386
191 -303.28585815 -4.39544722
192 -302.19241333 -4.37960019
193 -301.43218994 -4.36858246
194 -303.21795654 -4.39446314
195 -298.41668701 -4.32487952
196 -296.71911621 -4.30027705
197 -297.68902588 -4.31433371
198 -296.29730225 -4.29416380
199 -292.89465332 -4.24485005
200 -292.52362061 -4.23947276
201 -288.53472900 -4.18166274
202 -285.89764404 -4.14344412
203 -290.59622192 -4.21153945
204 -287.99633789 -4.17385997
205 -288.67715454 -4.18372688
206 -284.63891602 -4.12520168
207 -286.01473999 -4.14514116
208 -286.00048828 -4.14493461
209 -284.19366455 -4.11874876
210 -285.14096069 -4.13247769
211 -287.78912354 -4.17085686
212 -285.31790161 -4.13504205
213 -284.48168945 -4.12292304
214 -280.34777832 -4.06301128
215 -273.11822510 -3.95823515
216 -265.07287598 -3.84163588
217 -270.68615723 -3.92298779
218 -273.17333984 -3.95903391
219 -276.94641113 -4.01371610
220 -282.19775391 -4.08982252
221 -281.04150391 -4.07306527
222 -282.31301880 -4.09149303
223 -286.11431885 -4.14658433
224 -289.23199463 -4.19176804
225 -291.30780029 -4.22185218
226 -292.20816040 -4.23490088
227 -278.34591675 -4.03399879
228 -278.89874268 -4.04201076
229 -277.80267334 -4.02612570
230 -275.64471436 -3.99485093
231 -281.54595947 -4.08037622
232 -274.72344971 -3.98149927
233 -269.18127441 -3.90117789
234 -273.50915527 -3.96390080
235 -278.18267822 -4.03163302
236 -278.53445435 -4.03673122
237 -276.58496094 -4.00847769
238 -277.93130493 -4.02798993
239 -275.06143188 -3.98639756
240 -273.73443604 -3.96716574
241 -274.04879761 -3.97172170
242 -280.71749878 -4.06836955
243 -272.00201416 -3.94205818
244 -275.53829956 -3.99330869
245 -278.01495361 -4.02920223
246 -278.54022217 -4.03681481
247 -279.75308228 -4.05439250
248 -282.40905762 -4.09288489
249 -281.23632812 -4.07588881
250 -279.05783081 -4.04431639
251 -279.13317871 -4.04540839
252 -280.09509277 -4.05934917
253 -278.66140747 -4.03857112
254 -274.84906006 -3.98331971
255 -278.56344604 -4.03715139
256 -277.27978516 -4.01854761
257 -273.69540405 -3.96660006
258 -267.59628296 -3.87820700
259 -267.72763062 -3.88011059
260 -259.10177612 -3.75509820
261 -259.09628296 -3.75501859
262 -263.46878052 -3.81838812
263 -259.53991699 -3.76144807
264 -254.89334106 -3.69410639
265 -252.11846924 -3.65389086
266 -250.15289307 -3.62540425
267 -244.14251709 -3.53829735
268 -248.77796936 -3.60547782
269 -252.80197144 -3.66379669
270 -239.36184692 -3.46901227
271 -230.98867798 -3.34766200
272 -238.08485413 -3.45050513
273 -211.21359253 -3.06106656
274 -195.32177734 -2.83075040
275 -224.65942383 -3.25593368
276 -234.60882568 -3.40012791
277 -243.86959839 -3.53434201
278 -244.63369751 -3.54541591
279 -228.96594238 -3.31834699
280 -237.42959595 -3.44100864
281 -230.73858643 -3.34403748
282 -200.43260193 -2.90482032
283 -198.29824829 -2.87388766
284 -177.43373108 -2.57150335
285 -179.96174622 -2.60814125
286 -173.40045166 -2.51305002
287 -185.39277649 -2.68685183
288 -206.22607422 -2.98878368
289 -206.90272522 -2.99859022
290 -169.78894043 -2.46070928
291 -169.07882690 -2.45041778
292 -149.52735901 -2.16706317
293 -173.46879578 -2.51404052
294 -217.26229858 -3.14872896
295 -230.38500977 -3.33891319
296 -249.07144165 -3.60973104
297 -259.57455444 -3.76195006
298 -264.25128174 -3.82972872
299 -267.11444092 -3.87122378
300 -265.38513184 -3.84616133
