0 -489.35552979 -7.19640485
1 -489.33813477 -7.19614904
2 -489.33154297 -7.19605210
3 -489.31930542 -7.19587214
4 -489.29702759 -7.19554452
5 -489.29010010 -7.19544265
6 -489.27282715 -7.19518863
7 -489.25732422 -7.19496065
8 -489.25512695 -7.19492834
9 -489.23141479 -7.19457963
10 -489.21224976 -7.19429779
11 -489.18966675 -7.19396569
12 -489.17410278 -7.19373681
13 -489.18161011 -7.19384721
14 -489.14117432 -7.19325256
15 -489.12847900 -7.19306587
16 -489.11251831 -7.19283115
17 -489.10165405 -7.19267138
18 -489.10531616 -7.19272524
19 -489.10934448 -7.19278448
20 -489.11593628 -7.19288142
21 -489.09506226 -7.19257444
22 -489.11141968 -7.19281500
23 -489.10736084 -7.19275531
24 -489.10104370 -7.19266241
25 -489.08319092 -7.19239987
26 -489.08297729 -7.19239672
27 -489.09573364 -7.19258432
28 -489.08822632 -7.19247392
29 -489.07168579 -7.19223067
30 -489.06265259 -7.19209783
31 -489.05279541 -7.19195287
32 -489.02664185 -7.19156826
33 -489.01031494 -7.19132816
34 -488.99084473 -7.19104183
35 -488.98193359 -7.19091079
36 -488.93969727 -7.19028967
37 -488.91632080 -7.18994589
38 -488.89468384 -7.18962770
39 -488.89089966 -7.18957205
40 -488.86065674 -7.18912730
41 -488.85839844 -7.18909409
42 -488.77209473 -7.18782492
43 -488.72570801 -7.18714276
44 -488.73626709 -7.18729805
45 -488.69338989 -7.18666750
46 -488.68963623 -7.18661230
47 -488.67602539 -7.18641214
48 -488.69171143 -7.18664282
49 -488.70385742 -7.18682143
50 -488.68194580 -7.18649920
51 -488.64074707 -7.18589334
52 -488.66589355 -7.18626314
53 -488.65209961 -7.18606029
54 -488.63513184 -7.18581076
55 -488.62332153 -7.18563708
56 -488.58206177 -7.18503032
57 -488.56622314 -7.18479740
58 -488.55541992 -7.18463853
59 -488.51614380 -7.18406094
60 -488.50219727 -7.18385584
61 -488.47079468 -7.18339404
62 -488.46520996 -7.18331191
63 -488.45831299 -7.18321049
64 -488.42572021 -7.18273118
65 -488.39749146 -7.18231605
66 -488.33041382 -7.18132961
67 -488.35272217 -7.18165768
68 -488.34924316 -7.18160652
69 -488.36950684 -7.18190451
70 -488.38125610 -7.18207730
71 -488.35400391 -7.18167653
72 -488.34133911 -7.18149028
73 -488.29882812 -7.18086512
74 -488.24816895 -7.18012013
75 -488.19686890 -7.17936572
76 -488.20974731 -7.17955511
77 -488.20495605 -7.17948465
78 -488.20782471 -7.17952683
79 -488.23062134 -7.17986208
80 -488.20733643 -7.17951965
81 -488.19317627 -7.17931142
82 -488.14801025 -7.17864721
83 -488.14413452 -7.17859021
84 -488.16522217 -7.17890033
85 -488.12542725 -7.17831511
86 -488.08432007 -7.17771059
87 -488.07144165 -7.17752120
88 -488.06500244 -7.17742651
89 -488.08361816 -7.17770027
90 -488.05398560 -7.17726449
91 -488.03607178 -7.17700106
92 -487.92105103 -7.17530957
93 -487.93728638 -7.17554833
94 -487.91766357 -7.17525976
95 -487.94561768 -7.17567085
96 -487.98498535 -7.17624978
97 -487.97903442 -7.17616227
98 -487.93615723 -7.17553172
99 -487.96276855 -7.17592307
100 -487.95687866 -7.17583645
101 -487.93902588 -7.17557391
102 -487.85748291 -7.17437475
103 -487.96264648 -7.17592127
104 -487.97558594 -7.17611156
105 -487.95333862 -7.17578439
106 -487.97753906 -7.17614028
107 -487.93435669 -7.17550525
108 -487.91003418 -7.17514756
109 -487.82818604 -7.17394391
110 -487.74777222 -7.17276136
111 -487.72085571 -7.17236553
112 -487.70819092 -7.17217928
113 -487.67376709 -7.17167305
114 -487.60702515 -7.17069155
115 -487.60177612 -7.17061435
116 -487.62100220 -7.17089709
117 -487.59643555 -7.17053582
118 -487.56906128 -7.17013325
119 -487.53912354 -7.16969299
120 -487.49597168 -7.16905841
121 -487.46166992 -7.16855397
122 -487.42663574 -7.16803876
123 -487.34585571 -7.16685082
124 -487.38482666 -7.16742392
125 -487.38461304 -7.16742078
126 -487.33325195 -7.16666547
127 -487.33322144 -7.16666502
128 -487.30047607 -7.16618347
129 -487.28134155 -7.16590208
130 -487.32031250 -7.16647518
131 -487.27285767 -7.16577732
132 -487.32537842 -7.16654968
133 -487.34335327 -7.16681402
134 -487.30712891 -7.16628131
135 -487.23220825 -7.16517953
136 -487.19912720 -7.16469305
137 -487.17343140 -7.16431517
138 -487.15222168 -7.16400326
139 -487.09814453 -7.16320801
140 -487.07696533 -7.16289655
141 -487.08792114 -7.16305766
142 -487.17385864 -7.16432145
143 -487.05581665 -7.16258554
144 -486.96347046 -7.16122751
145 -486.95162964 -7.16105338
146 -486.90563965 -7.16037705
147 -486.91027832 -7.16044527
148 -486.83984375 -7.15940947
149 -486.87194824 -7.15988159
150 -486.92327881 -7.16063645
151 -486.94342041 -7.16093265
152 -486.93572998 -7.16081956
153 -486.92529297 -7.16066607
154 -486.84231567 -7.15944582
155 -486.83914185 -7.15939914
156 -486.87518311 -7.15992916
157 -486.83926392 -7.15940094
158 -486.86538696 -7.15978510
159 -486.83676147 -7.15936414
160 -486.83465576 -7.15933317
161 -486.95974731 -7.16117275
162 -486.95248413 -7.16106594
163 -486.99819946 -7.16173823
164 -486.77957153 -7.15852311
165 -486.75085449 -7.15810080
166 -486.64550781 -7.15655159
167 -486.59194946 -7.15576396
168 -486.49694824 -7.15436689
169 -486.50012207 -7.15441356
170 -486.55014038 -7.15514912
171 -486.37188721 -7.15252775
172 -486.40789795 -7.15305732
173 -486.27755737 -7.15114055
174 -486.35971069 -7.15234869
175 -486.28744507 -7.15128596
176 -486.34664917 -7.15215661
177 -486.20849609 -7.15012494
178 -486.06250000 -7.14797794
179 -485.98138428 -7.14678506
180 -485.92919922 -7.14601764
181 -485.89419556 -7.14550288
182 -485.96228027 -7.14650412
183 -486.03063965 -7.14750941
184 -485.92642212 -7.14597680
185 -485.89755249 -7.14555224
186 -485.77856445 -7.14380242
187 -485.69714355 -7.14260505
188 -485.80316162 -7.14416414
189 -485.75872803 -7.14351071
190 -485.78601074 -7.14391192
191 -485.73406982 -7.14314809
192 -485.64797974 -7.14188205
193 -485.66857910 -7.14218499
194 -485.58050537 -7.14088978
195 -485.46881104 -7.13924722
196 -485.47137451 -7.13928492
197 -485.45971680 -7.13911348
198 -485.58505249 -7.14095665
199 -485.57849121 -7.14086016
200 -485.55307007 -7.14048632
201 -485.52615356 -7.14009049
202 -485.60876465 -7.14130536
203 -485.62194824 -7.14149924
204 -485.57751465 -7.14084580
205 -485.50048828 -7.13971306
206 -485.48065186 -7.13942135
207 -485.52166748 -7.14002452
208 -485.51055908 -7.13986116
209 -485.42456055 -7.13859648
210 -485.30258179 -7.13680267
211 -485.37728882 -7.13790131
212 -485.20407104 -7.13535399
213 -485.14212036 -7.13444295
214 -485.13894653 -7.13439627
215 -485.14929199 -7.13454841
216 -485.08724976 -7.13363603
217 -484.99325562 -7.13225376
218 -484.92706299 -7.13128034
219 -484.83065796 -7.12986262
220 -484.88299561 -7.13063229
221 -484.95266724 -7.13165687
222 -484.88851929 -7.13071352
223 -485.01174927 -7.13252572
224 -485.05166626 -7.13311274
225 -485.03707886 -7.13289822
226 -485.01544189 -7.13258003
227 -484.95626831 -7.13170983
228 -484.83508301 -7.12992769
229 -484.89489746 -7.13080732
230 -484.93264771 -7.13136247
231 -484.92056274 -7.13118475
232 -484.76651001 -7.12891926
233 -484.80987549 -7.12955699
234 -484.62759399 -7.12687638
235 -484.57601929 -7.12611793
236 -484.46240234 -7.12444709
237 -484.58236694 -7.12621128
238 -484.55233765 -7.12576967
239 -484.40991211 -7.12367518
240 -484.30581665 -7.12214436
241 -484.14477539 -7.11977611
242 -483.86727905 -7.11569528
243 -483.63421631 -7.11226789
244 -483.71371460 -7.11343698
245 -483.81195068 -7.11488163
246 -483.47064209 -7.10986238
247 -483.37902832 -7.10851512
248 -483.19189453 -7.10576315
249 -483.27432251 -7.10697533
250 -483.06164551 -7.10384773
251 -482.97576904 -7.10258484
252 -482.74380493 -7.09917360
253 -482.58807373 -7.09688344
254 -482.57739258 -7.09672636
255 -482.61700439 -7.09730889
256 -482.59109497 -7.09692787
257 -482.51928711 -7.09587187
258 -482.58273315 -7.09680490
259 -482.73510742 -7.09904570
260 -482.47576904 -7.09523190
261 -482.40213013 -7.09414897
262 -482.46484375 -7.09507123
263 -482.65911865 -7.09792822
264 -482.68423462 -7.09829757
265 -482.83874512 -7.10056978
266 -482.92184448 -7.10179183
267 -482.86608887 -7.10097190
268 -483.01641846 -7.10318262
269 -482.68984985 -7.09838014
270 -482.69613647 -7.09847260
271 -482.58312988 -7.09681073
272 -482.67718506 -7.09819390
273 -482.62948608 -7.09749244
274 -482.54391479 -7.09623404
275 -482.66921997 -7.09807676
276 -482.56472778 -7.09654011
277 -482.64172363 -7.09767241
278 -482.58175659 -7.09679054
279 -482.56637573 -7.09656435
280 -482.37210083 -7.09370737
281 -482.36077881 -7.09354086
282 -482.33312988 -7.09313426
283 -482.36975098 -7.09367281
284 -482.18048096 -7.09088943
285 -482.16220093 -7.09062060
286 -481.99230957 -7.08812220
287 -481.84674072 -7.08598148
288 -481.64086914 -7.08295396
289 -481.43273926 -7.07989322
290 -481.50799561 -7.08099994
291 -481.69326782 -7.08372453
292 -481.64797974 -7.08305853
293 -481.64041138 -7.08294723
294 -481.33599854 -7.07847057
295 -481.39367676 -7.07931878
296 -481.58105469 -7.08207433
297 -481.34179688 -7.07855584
298 -481.28204346 -7.07767711
299 -481.33154297 -7.07840504
300 -481.31799316 -7.07820578
301 -480.83636475 -7.07112301
302 -480.79608154 -7.07053061
303 -480.91583252 -7.07229165
304 -481.08117676 -7.07472319
