0 -653.88775635 -6.67232404
1 -653.91125488 -6.67256383
2 -653.92614746 -6.67271579
3 -653.93823242 -6.67283911
4 -653.94818115 -6.67294062
5 -653.95758057 -6.67303654
6 -653.96606445 -6.67312311
7 -653.97436523 -6.67320781
8 -653.98193359 -6.67328504
9 -653.98999023 -6.67336725
10 -653.99804688 -6.67344946
11 -654.00512695 -6.67352170
12 -654.01184082 -6.67359021
13 -654.01885986 -6.67366184
14 -654.02557373 -6.67373034
15 -654.03167725 -6.67379262
16 -654.03796387 -6.67385677
17 -654.04376221 -6.67391594
18 -654.05017090 -6.67398134
19 -654.05572510 -6.67403801
20 -654.06109619 -6.67409282
21 -654.06750488 -6.67415821
22 -654.07250977 -6.67420928
23 -654.07830811 -6.67426845
24 -654.08349609 -6.67432139
25 -654.08886719 -6.67437620
26 -654.09368896 -6.67442540
27 -654.09820557 -6.67447149
28 -654.10357666 -6.67452629
29 -654.10797119 -6.67457113
30 -654.11248779 -6.67461722
31 -654.11718750 -6.67466518
32 -654.12188721 -6.67471313
33 -654.12683105 -6.67476358
34 -654.13085938 -6.67480469
35 -654.13598633 -6.67485700
36 -654.13922119 -6.67489001
37 -654.14349365 -6.67493361
38 -654.14715576 -6.67497098
39 -654.15142822 -6.67501457
40 -654.15515137 -6.67505256
41 -654.15899658 -6.67509180
42 -654.16271973 -6.67512979
43 -654.16650391 -6.67516841
44 -654.16931152 -6.67519706
45 -654.17279053 -6.67523256
46 -654.17614746 -6.67526681
47 -654.17962646 -6.67530231
48 -654.18261719 -6.67533283
49 -654.18548584 -6.67536210
50 -654.18872070 -6.67539511
51 -654.19201660 -6.67542874
52 -654.19500732 -6.67545926
53 -654.19848633 -6.67549476
54 -654.20172119 -6.67552777
55 -654.20513916 -6.67556264
56 -654.20782471 -6.67559005
57 -654.21087646 -6.67562119
58 -654.21362305 -6.67564921
59 -654.21643066 -6.67567786
60 -654.21948242 -6.67570900
61 -654.22204590 -6.67573516
62 -654.22509766 -6.67576630
63 -654.22717285 -6.67578748
64 -654.23016357 -6.67581800
65 -654.23242188 -6.67584104
66 -654.23504639 -6.67586782
67 -654.23779297 -6.67589585
68 -654.24017334 -6.67592014
69 -654.24291992 -6.67594816
70 -654.24530029 -6.67597245
71 -654.24737549 -6.67599363
72 -654.25036621 -6.67602415
73 -654.25244141 -6.67604532
74 -654.25457764 -6.67606712
75 -654.25653076 -6.67608705
76 -654.25933838 -6.67611570
77 -654.26141357 -6.67613687
78 -654.26312256 -6.67615431
79 -654.26611328 -6.67618483
80 -654.26788330 -6.67620289
81 -654.26989746 -6.67622344
82 -654.27197266 -6.67624462
83 -654.27459717 -6.67627140
84 -654.27716064 -6.67629756
85 -654.27911377 -6.67631749
86 -654.28143311 -6.67634115
87 -654.28314209 -6.67635859
88 -654.28540039 -6.67638164
89 -654.28747559 -6.67640281
90 -654.28906250 -6.67641901
91 -654.29089355 -6.67643769
92 -654.29284668 -6.67645762
93 -654.29516602 -6.67648129
94 -654.29632568 -6.67649312
95 -654.29827881 -6.67651305
96 -654.29974365 -6.67652800
97 -654.30126953 -6.67654357
98 -654.30322266 -6.67656350
99 -654.30523682 -6.67658405
100 -654.30712891 -6.67660336
101 -654.30883789 -6.67662079
102 -654.31060791 -6.67663886
103 -654.31219482 -6.67665505
104 -654.31341553 -6.67666751
105 -654.31524658 -6.67668619
106 -654.31726074 -6.67670674
107 -654.31854248 -6.67671982
108 -654.32012939 -6.67673601
109 -654.32147217 -6.67674972
110 -654.32348633 -6.67677027
111 -654.32574463 -6.67679331
112 -654.32684326 -6.67680452
113 -654.32861328 -6.67682258
114 -654.33044434 -6.67684127
115 -654.33190918 -6.67685622
116 -654.33312988 -6.67686867
117 -654.33459473 -6.67688362
118 -654.33581543 -6.67689608
119 -654.33740234 -6.67691227
120 -654.33825684 -6.67692099
121 -654.33990479 -6.67693780
122 -654.34112549 -6.67695026
123 -654.34289551 -6.67696832
124 -654.34429932 -6.67698265
125 -654.34533691 -6.67699323
126 -654.34686279 -6.67700880
127 -654.34796143 -6.67702001
128 -654.34960938 -6.67703683
129 -654.35089111 -6.67704991
130 -654.35229492 -6.67706423
131 -654.35357666 -6.67707731
132 -654.35479736 -6.67708977
133 -654.35607910 -6.67710285
134 -654.35717773 -6.67711406
135 -654.35833740 -6.67712589
136 -654.35968018 -6.67713959
137 -654.36157227 -6.67715890
138 -654.36254883 -6.67716887
139 -654.36303711 -6.67717385
140 -654.36407471 -6.67718444
141 -654.36566162 -6.67720063
142 -654.36724854 -6.67721682
143 -654.36810303 -6.67722554
144 -654.36920166 -6.67723675
145 -654.37017822 -6.67724672
146 -654.37139893 -6.67725917
147 -654.37231445 -6.67726851
148 -654.37347412 -6.67728035
149 -654.37377930 -6.67728346
150 -654.37506104 -6.67729654
151 -654.37640381 -6.67731024
152 -654.37707520 -6.67731709
153 -654.37884521 -6.67733516
154 -654.37994385 -6.67734637
155 -654.38098145 -6.67735695
156 -654.38232422 -6.67737066
157 -654.38299561 -6.67737751
158 -654.38348389 -6.67738249
159 -654.38446045 -6.67739245
160 -654.38525391 -6.67740055
161 -654.38604736 -6.67740865
162 -654.38726807 -6.67742110
163 -654.38775635 -6.67742609
164 -654.38891602 -6.67743792
165 -654.38977051 -6.67744664
166 -654.39019775 -6.67745100
167 -654.39123535 -6.67746159
168 -654.39251709 -6.67747466
169 -654.39312744 -6.67748089
170 -654.39434814 -6.67749335
171 -654.39532471 -6.67750331
172 -654.39593506 -6.67750954
173 -654.39721680 -6.67752262
174 -654.39776611 -6.67752823
175 -654.39874268 -6.67753819
176 -654.39923096 -6.67754317
177 -654.40039062 -6.67755501
