0 -767.98394775 -6.39986623
1 -767.93084717 -6.39942373
2 -767.86627197 -6.39888560
3 -767.81878662 -6.39848989
4 -767.77258301 -6.39810486
5 -767.73486328 -6.39779053
6 -767.68072510 -6.39733938
7 -767.65319824 -6.39710999
8 -767.55493164 -6.39629110
9 -767.45947266 -6.39549561
10 -767.43377686 -6.39528147
11 -767.38366699 -6.39486389
12 -767.30853271 -6.39423777
13 -767.20843506 -6.39340363
14 -767.14343262 -6.39286194
15 -767.04748535 -6.39206238
16 -766.95556641 -6.39129639
17 -766.88720703 -6.39072673
18 -766.83831787 -6.39031932
19 -766.77319336 -6.38977661
20 -766.72650146 -6.38938751
21 -766.69128418 -6.38909403
22 -766.60711670 -6.38839264
23 -766.51818848 -6.38765157
24 -766.45251465 -6.38710429
25 -766.47473145 -6.38728943
26 -766.50061035 -6.38750509
27 -766.44927979 -6.38707733
28 -766.33056641 -6.38608805
29 -766.25646973 -6.38547058
30 -766.29467773 -6.38578898
31 -766.15747070 -6.38464559
32 -766.07409668 -6.38395081
33 -766.07897949 -6.38399150
34 -766.02606201 -6.38355052
35 -766.04553223 -6.38371277
36 -765.91870117 -6.38265584
37 -765.86480713 -6.38220673
38 -765.90368652 -6.38253072
39 -765.83911133 -6.38199259
40 -765.92755127 -6.38272959
41 -765.88952637 -6.38241272
42 -765.87402344 -6.38228353
43 -765.73010254 -6.38108419
44 -765.76745605 -6.38139547
45 -765.74035645 -6.38116964
46 -765.65124512 -6.38042704
47 -765.55871582 -6.37965597
48 -765.45898438 -6.37882487
49 -765.29089355 -6.37742411
50 -765.11865234 -6.37598877
51 -765.10089111 -6.37584076
52 -765.08825684 -6.37573547
53 -764.93432617 -6.37445272
54 -764.87561035 -6.37396342
55 -764.88415527 -6.37403463
56 -764.67932129 -6.37232768
57 -764.61529541 -6.37179413
58 -764.43878174 -6.37032318
59 -764.38531494 -6.36987762
60 -764.23760986 -6.36864675
61 -764.20141602 -6.36834513
62 -764.16442871 -6.36803691
63 -764.11114502 -6.36759288
64 -764.10595703 -6.36754964
65 -764.01269531 -6.36677246
66 -763.98144531 -6.36651204
67 -763.87475586 -6.36562297
68 -763.75207520 -6.36460063
69 -763.71075439 -6.36425629
70 -763.54394531 -6.36286621
71 -763.67242432 -6.36393687
72 -763.60125732 -6.36334381
73 -763.73596191 -6.36446635
74 -763.70806885 -6.36423391
75 -763.64318848 -6.36369324
76 -763.71228027 -6.36426900
77 -763.71337891 -6.36427816
78 -763.66058350 -6.36383820
79 -763.58551025 -6.36321259
80 -763.42248535 -6.36185404
81 -763.40472412 -6.36170603
82 -763.18481445 -6.35987345
83 -762.94287109 -6.35785726
84 -762.85052490 -6.35708771
85 -762.51141357 -6.35426178
86 -762.42041016 -6.35350342
87 -762.49890137 -6.35415751
88 -762.39721680 -6.35331014
89 -762.35675049 -6.35297292
90 -762.30981445 -6.35258179
91 -762.01226807 -6.35010223
92 -761.57458496 -6.34645487
93 -761.46740723 -6.34556173
94 -761.34313965 -6.34452616
95 -761.31115723 -6.34425964
96 -760.96441650 -6.34137014
97 -761.00634766 -6.34171956
98 -760.60705566 -6.33839213
99 -760.64001465 -6.33866679
100 -760.33850098 -6.33615417
101 -760.12414551 -6.33436788
102 -760.12353516 -6.33436279
103 -759.82525635 -6.33187714
104 -759.76513672 -6.33137614
105 -759.70104980 -6.33084208
106 -759.48400879 -6.32903341
107 -759.23883057 -6.32699025
108 -759.16485596 -6.32637380
109 -759.05114746 -6.32542623
110 -758.67834473 -6.32231954
111 -758.61413574 -6.32178446
112 -758.39086914 -6.31992391
113 -758.21075439 -6.31842295
114 -758.02459717 -6.31687164
115 -757.96112061 -6.31634267
116 -758.01507568 -6.31679230
117 -757.68011475 -6.31400096
118 -757.28118896 -6.31067657
119 -757.20086670 -6.31000722
120 -757.01037598 -6.30841980
121 -757.04821777 -6.30873515
122 -756.88922119 -6.30741018
123 -757.07946777 -6.30899556
124 -757.11486816 -6.30929057
125 -756.85131836 -6.30709432
126 -757.05871582 -6.30882263
127 -756.94781494 -6.30789846
128 -756.69439697 -6.30578664
129 -756.60754395 -6.30506287
130 -756.15417480 -6.30128479
131 -756.13159180 -6.30109660
132 -756.41259766 -6.30343831
133 -756.44439697 -6.30370331
134 -756.38018799 -6.30316823
135 -756.22271729 -6.30185598
136 -756.48815918 -6.30406799
137 -756.22521973 -6.30187683
138 -755.90173340 -6.29918111
139 -755.90356445 -6.29919637
140 -755.92993164 -6.29941610
141 -755.66076660 -6.29717306
142 -755.55273438 -6.29627279
143 -755.16723633 -6.29306030
144 -755.16595459 -6.29304962
145 -755.06042480 -6.29217021
146 -754.83886719 -6.29032389
147 -754.70001221 -6.28916677
148 -754.56396484 -6.28803304
149 -754.20556641 -6.28504639
150 -754.34423828 -6.28620199
151 -754.33508301 -6.28612569
152 -754.33453369 -6.28612111
153 -754.26007080 -6.28550059
154 -754.15142822 -6.28459524
155 -754.02288818 -6.28352407
156 -753.98571777 -6.28321431
157 -753.98254395 -6.28318787
158 -754.00683594 -6.28339030
159 -753.70080566 -6.28084005
160 -753.73645020 -6.28113708
161 -753.72747803 -6.28106232
162 -753.80908203 -6.28174235
163 -753.83782959 -6.28198191
164 -753.65820312 -6.28048503
165 -753.77136230 -6.28142802
166 -753.51776123 -6.27931468
167 -753.12799072 -6.27606659
168 -753.25500488 -6.27712504
169 -753.07324219 -6.27561035
170 -752.88110352 -6.27400920
171 -753.12500000 -6.27604167
172 -753.13171387 -6.27609762
173 -752.80261230 -6.27335510
174 -752.68524170 -6.27237701
175 -752.35815430 -6.26965129
176 -752.31848145 -6.26932068
177 -751.95452881 -6.26628774
178 -751.80364990 -6.26503042
179 -751.53448486 -6.26278737
180 -751.48468018 -6.26237233
181 -751.64501953 -6.26370850
182 -751.78686523 -6.26489054
183 -751.20678711 -6.26005656
184 -751.27142334 -6.26059519
185 -750.83898926 -6.25699158
186 -750.85351562 -6.25711263
187 -750.46539307 -6.25387828
188 -750.40710449 -6.25339254
189 -750.13635254 -6.25113627
190 -750.01794434 -6.25014954
191 -750.25646973 -6.25213725
192 -749.78137207 -6.24817810
193 -749.41888428 -6.24515737
194 -749.25885010 -6.24382375
195 -749.46539307 -6.24554494
196 -749.13916016 -6.24282633
197 -748.85028076 -6.24041901
198 -749.01947021 -6.24182892
199 -748.83544922 -6.24029541
200 -748.76245117 -6.23968709
201 -748.99005127 -6.24158376
202 -748.95782471 -6.24131521
203 -749.23913574 -6.24365946
204 -748.70129395 -6.23917745
205 -748.19653320 -6.23497111
206 -747.68872070 -6.23073934
207 -747.72558594 -6.23104655
208 -748.24017334 -6.23533478
209 -748.05847168 -6.23382060
210 -748.23730469 -6.23531087
211 -748.78955078 -6.23991292
212 -748.78088379 -6.23984070
213 -748.59692383 -6.23830770
214 -748.46435547 -6.23720296
215 -748.19348145 -6.23494568
216 -748.13159180 -6.23442993
217 -748.67297363 -6.23894145
218 -749.03277588 -6.24193980
219 -749.06420898 -6.24220174
220 -748.79656982 -6.23997142
221 -748.35040283 -6.23625336
222 -748.34985352 -6.23624878
223 -747.79290771 -6.23160756
224 -747.46368408 -6.22886403
225 -747.79656982 -6.23163808
226 -747.77661133 -6.23147176
227 -747.60119629 -6.23000997
228 -747.64721680 -6.23039347
229 -747.35345459 -6.22794545
230 -747.04162598 -6.22534688
231 -746.33459473 -6.21945496
232 -746.46276855 -6.22052307
233 -746.62719727 -6.22189331
234 -746.01300049 -6.21677500
235 -746.02514648 -6.21687622
236 -745.20880127 -6.21007334
237 -744.60491943 -6.20504100
238 -743.96337891 -6.19969482
239 -744.32019043 -6.20266825
240 -744.73486328 -6.20612386
241 -744.77307129 -6.20644226
242 -744.70294189 -6.20585785
243 -744.05993652 -6.20049947
244 -743.80157471 -6.19834646
245 -743.40380859 -6.19503174
246 -742.35833740 -6.18631948
247 -743.03588867 -6.19196574
248 -742.21722412 -6.18514353
249 -741.89910889 -6.18249257
250 -741.74041748 -6.18117015
251 -741.81201172 -6.18176676
252 -741.74975586 -6.18124797
253 -741.73278809 -6.18110657
254 -742.05865479 -6.18382212
255 -741.80041504 -6.18167013
256 -741.95538330 -6.18296153
257 -742.03985596 -6.18366547
258 -742.18957520 -6.18491313
259 -741.66125488 -6.18051046
260 -742.07501221 -6.18395844
261 -741.47680664 -6.17897339
262 -741.70275879 -6.18085632
263 -741.84515381 -6.18204295
264 -740.81018066 -6.17341817
265 -741.06298828 -6.17552490
266 -740.99914551 -6.17499288
267 -741.11059570 -6.17592163
268 -741.57641602 -6.17980347
269 -741.54040527 -6.17950338
270 -741.61059570 -6.18008830
271 -740.94885254 -6.17457377
272 -740.77026367 -6.17308553
273 -740.58752441 -6.17156270
274 -741.07604980 -6.17563375
275 -740.62274170 -6.17185618
276 -740.70581055 -6.17254842
277 -740.53845215 -6.17115377
278 -741.16052246 -6.17633769
279 -741.71380615 -6.18094838
280 -740.76745605 -6.17306213
281 -740.80780029 -6.17339834
282 -741.12329102 -6.17602743
283 -740.54968262 -6.17124736
284 -740.38452148 -6.16987101
285 -740.51971436 -6.17099762
286 -740.05255127 -6.16710459
287 -739.23193359 -6.16026611
288 -738.70703125 -6.15589193
289 -738.70977783 -6.15591482
290 -738.83917236 -6.15699310
291 -739.29797363 -6.16081645
292 -738.70825195 -6.15590210
293 -738.48065186 -6.15400543
294 -737.60485840 -6.14670715
295 -736.75207520 -6.13960063
296 -736.17950439 -6.13482920
297 -736.22222900 -6.13518524
298 -736.25360107 -6.13544668
299 -735.39111328 -6.12825928
300 -735.16162109 -6.12634684
301 -735.49853516 -6.12915446
302 -735.39270020 -6.12827250
303 -735.17333984 -6.12644450
304 -735.35449219 -6.12795410
305 -735.29455566 -6.12745463
306 -735.48779297 -6.12906494
307 -735.56152344 -6.12967936
308 -734.93798828 -6.12448324
309 -733.90832520 -6.11590271
310 -733.54431152 -6.11286926
311 -733.35815430 -6.11131795
312 -733.67614746 -6.11396790
313 -732.63421631 -6.10528514
314 -731.25885010 -6.09382375
315 -730.60980225 -6.08841502
316 -730.90319824 -6.09085999
317 -730.49975586 -6.08749797
318 -730.30334473 -6.08586121
319 -730.18920898 -6.08491007
320 -730.16308594 -6.08469238
321 -729.71539307 -6.08096161
322 -729.18597412 -6.07654978
323 -728.36926270 -6.06974386
324 -727.70678711 -6.06422323
325 -727.51159668 -6.06259664
326 -727.32519531 -6.06104329
327 -727.17932129 -6.05982768
328 -726.55120850 -6.05459340
329 -727.20800781 -6.06006673
330 -726.58074951 -6.05483958
331 -726.00677490 -6.05005646
332 -725.67858887 -6.04732157
333 -726.30554199 -6.05254618
334 -727.06445312 -6.05887044
335 -727.74560547 -6.06454671
336 -727.40948486 -6.06174571
337 -726.67486572 -6.05562388
338 -726.31567383 -6.05263062
339 -725.63763428 -6.04698029
340 -725.07409668 -6.04228414
341 -725.12756348 -6.04272970
342 -725.21270752 -6.04343923
343 -725.25347900 -6.04377899
344 -725.11273193 -6.04260610
345 -724.85681152 -6.04047343
346 -725.09381104 -6.04244843
347 -724.63494873 -6.03862457
348 -723.25817871 -6.02715149
349 -722.64227295 -6.02201894
350 -722.59375000 -6.02161458
351 -721.99365234 -6.01661377
352 -721.89819336 -6.01581828
353 -721.36151123 -6.01134593
354 -720.69989014 -6.00583242
355 -721.04693604 -6.00872447
356 -720.85400391 -6.00711670
357 -721.82507324 -6.01520894
358 -721.39294434 -6.01160787
359 -721.53509521 -6.01279246
360 -721.25933838 -6.01049449
361 -721.87084961 -6.01559041
362 -722.39221191 -6.01993510
363 -720.99761963 -6.00831350
364 -720.16625977 -6.00138550
365 -720.89025879 -6.00741882
366 -721.03173828 -6.00859782
367 -720.75091553 -6.00625763
368 -721.36132812 -6.01134440
369 -720.85693359 -6.00714111
370 -721.22283936 -6.01019033
371 -722.32434082 -6.01936951
372 -722.07373047 -6.01728109
373 -721.57434082 -6.01311951
374 -719.63964844 -5.99699707
375 -718.80291748 -5.99002431
376 -719.20355225 -5.99336294
377 -719.23333740 -5.99361115
378 -719.32440186 -5.99437002
379 -717.41882324 -5.97849019
380 -716.56091309 -5.97134094
381 -716.65246582 -5.97210388
382 -716.19458008 -5.96828817
383 -715.16497803 -5.95970815
384 -714.00622559 -5.95005188
385 -713.64196777 -5.94701640
386 -712.94598389 -5.94121653
387 -710.00402832 -5.91670024
388 -710.66961670 -5.92224681
389 -710.66418457 -5.92220154
390 -710.26208496 -5.91885071
391 -708.39147949 -5.90326233
392 -709.62573242 -5.91354777
393 -710.81091309 -5.92342428
394 -709.36865234 -5.91140544
395 -707.74560547 -5.89788005
396 -706.15710449 -5.88464254
397 -707.12152100 -5.89267934
398 -707.66992188 -5.89724935
399 -705.83520508 -5.88196004
400 -706.62866211 -5.88857218
401 -707.04498291 -5.89204152
402 -705.76562500 -5.88138021
403 -706.21722412 -5.88514353
404 -707.78112793 -5.89817607
405 -706.76556396 -5.88971303
406 -707.25048828 -5.89375407
407 -706.58935547 -5.88824463
408 -706.14556885 -5.88454641
409 -707.52770996 -5.89606425
410 -706.63525391 -5.88862712
411 -704.46356201 -5.87052968
412 -703.11010742 -5.85925090
413 -702.65313721 -5.85544281
414 -702.08374023 -5.85069784
415 -700.95581055 -5.84129842
416 -699.53515625 -5.82945964
417 -699.97357178 -5.83311310
418 -699.07385254 -5.82561544
419 -698.82904053 -5.82357534
420 -700.57824707 -5.83815206
421 -701.05761719 -5.84214681
422 -701.79455566 -5.84828796
423 -700.59423828 -5.83828532
424 -700.88641357 -5.84072011
425 -702.02917480 -5.85024312
426 -701.55932617 -5.84632772
427 -704.74621582 -5.87288513
428 -705.02685547 -5.87522380
429 -704.99560547 -5.87496338
430 -704.51416016 -5.87095133
431 -703.96624756 -5.86638540
432 -703.86334229 -5.86552785
433 -702.34741211 -5.85289510
434 -703.35845947 -5.86132050
435 -703.87951660 -5.86566264
436 -702.08703613 -5.85072530
437 -703.49078369 -5.86242320
438 -702.78515625 -5.85654297
439 -703.40832520 -5.86173604
440 -700.49853516 -5.83748779
441 -701.66198730 -5.84718323
442 -702.92010498 -5.85766754
443 -702.96398926 -5.85803324
444 -702.00543213 -5.85004527
