0 -366.40698242 -5.38833798
1 -366.39938354 -5.38822623
2 -366.38943481 -5.38807992
3 -366.37896729 -5.38792599
4 -366.36770630 -5.38776039
5 -366.35772705 -5.38761363
6 -366.34548950 -5.38743367
7 -366.32174683 -5.38708451
8 -366.30496216 -5.38683768
9 -366.29238892 -5.38665278
10 -366.27044678 -5.38633010
11 -366.25018311 -5.38603210
12 -366.23757935 -5.38584676
13 -366.23150635 -5.38575745
14 -366.20584106 -5.38538002
15 -366.17776489 -5.38496713
16 -366.15914917 -5.38469337
17 -366.15939331 -5.38469696
18 -366.13067627 -5.38427465
19 -366.10321045 -5.38387074
20 -366.06652832 -5.38333130
21 -366.03558350 -5.38287623
22 -366.00448608 -5.38241891
23 -365.97280884 -5.38195307
24 -365.94433594 -5.38153435
25 -365.90844727 -5.38100658
26 -365.86953735 -5.38043437
27 -365.83737183 -5.37996135
28 -365.77099609 -5.37898524
29 -365.70547485 -5.37802169
30 -365.67678833 -5.37759983
31 -365.62097168 -5.37677900
32 -365.56408691 -5.37594245
33 -365.53521729 -5.37551790
34 -365.48629761 -5.37479849
35 -365.43383789 -5.37402703
36 -365.38644409 -5.37333006
