0 -602.51196289 -6.84672685
1 -602.52374268 -6.84686071
2 -602.53125000 -6.84694602
3 -602.53674316 -6.84700845
4 -602.54125977 -6.84705977
5 -602.54504395 -6.84710277
6 -602.54711914 -6.84712635
7 -602.55029297 -6.84716242
8 -602.55279541 -6.84719086
9 -602.55529785 -6.84721929
10 -602.55798340 -6.84724981
11 -602.55908203 -6.84726230
12 -602.56176758 -6.84729281
13 -602.56359863 -6.84731362
14 -602.56506348 -6.84733027
15 -602.56622314 -6.84734344
16 -602.56774902 -6.84736078
17 -602.56890869 -6.84737396
18 -602.56970215 -6.84738298
19 -602.57080078 -6.84739546
20 -602.57147217 -6.84740309
21 -602.57214355 -6.84741072
22 -602.57305908 -6.84742113
23 -602.57397461 -6.84743153
24 -602.57470703 -6.84743985
25 -602.57574463 -6.84745164
26 -602.57647705 -6.84745997
27 -602.57775879 -6.84747453
