0 -686.56805420 -6.47705712
1 -686.59271240 -6.47728974
2 -686.60760498 -6.47743024
3 -686.61773682 -6.47752582
4 -686.62664795 -6.47760989
5 -686.63372803 -6.47767668
6 -686.63916016 -6.47772793
7 -686.64459229 -6.47777917
8 -686.64941406 -6.47782466
9 -686.65362549 -6.47786439
10 -686.65740967 -6.47790009
11 -686.66040039 -6.47792831
12 -686.66400146 -6.47796228
13 -686.66778564 -6.47799798
14 -686.67083740 -6.47802677
15 -686.67279053 -6.47804519
16 -686.67633057 -6.47807859
17 -686.67864990 -6.47810047
18 -686.68139648 -6.47812638
