0 -519.75006104 -5.90625069
1 -516.32324219 -5.86730957
2 -514.20422363 -5.84322981
3 -510.31115723 -5.79899042
4 -507.14218140 -5.76297933
5 -499.83984375 -5.67999822
6 -496.73730469 -5.64474210
7 -495.76065063 -5.63364376
8 -492.58035278 -5.59750401
9 -488.78799438 -5.55440903
10 -485.95272827 -5.52219009
11 -487.42810059 -5.53895569
12 -481.72619629 -5.47416132
13 -477.35263062 -5.42446171
14 -475.78179932 -5.40661136
15 -476.00296021 -5.40912455
16 -475.74337769 -5.40617475
17 -476.03350830 -5.40947169
18 -471.30117798 -5.35569520
19 -466.64382935 -5.30277079
20 -464.89428711 -5.28288963
21 -461.32437134 -5.24232240
22 -457.21899414 -5.19567039
23 -454.47415161 -5.16447900
24 -449.97698975 -5.11337488
25 -440.94998169 -5.01079525
26 -439.62252808 -4.99571055
27 -424.50738525 -4.82394756
28 -416.32827759 -4.73100315
29 -414.07269287 -4.70537151
30 -414.04248047 -4.70502819
31 -407.88360596 -4.63504098
32 -405.05865479 -4.60293926
33 -404.72125244 -4.59910514
