0 -526.25415039 -6.83446949
1 -526.28387451 -6.83485551
2 -526.30023193 -6.83506795
3 -526.31237793 -6.83522569
4 -526.32171631 -6.83534697
5 -526.33062744 -6.83546269
6 -526.33764648 -6.83555385
7 -526.34143066 -6.83560300
8 -526.34582520 -6.83566007
9 -526.34973145 -6.83571080
10 -526.35363770 -6.83576153
11 -526.35614014 -6.83579403
12 -526.35888672 -6.83582970
13 -526.36303711 -6.83588360
14 -526.36468506 -6.83590500
15 -526.36621094 -6.83592482
16 -526.36932373 -6.83596524
17 -526.37084961 -6.83598506
18 -526.37310791 -6.83601439
19 -526.37384033 -6.83602390
20 -526.37554932 -6.83604610
21 -526.37585449 -6.83605006
22 -526.37792969 -6.83607701
23 -526.37719727 -6.83606750
24 -526.37811279 -6.83607939
25 -526.37921143 -6.83609365
26 -526.37963867 -6.83609920
27 -526.38226318 -6.83613329
28 -526.38391113 -6.83615469
29 -526.38256836 -6.83613725
30 -526.38446045 -6.83616182
31 -526.38360596 -6.83615073
32 -526.38360596 -6.83615073
33 -526.38336182 -6.83614756
34 -526.38421631 -6.83615865
35 -526.38653564 -6.83618877
36 -526.38690186 -6.83619353
37 -526.38665771 -6.83619036
38 -526.38781738 -6.83620542
39 -526.38739014 -6.83619987
40 -526.39086914 -6.83624505
41 -526.38922119 -6.83622365
42 -526.39001465 -6.83623396
43 -526.38995361 -6.83623316
44 -526.38824463 -6.83621097
45 -526.38854980 -6.83621493
46 -526.38641357 -6.83618719
47 -526.38928223 -6.83622444
48 -526.38818359 -6.83621018
49 -526.39062500 -6.83624188
50 -526.39044189 -6.83623951
51 -526.39013672 -6.83623554
52 -526.39025879 -6.83623713
53 -526.39196777 -6.83625932
54 -526.39111328 -6.83624822
55 -526.38995361 -6.83623316
56 -526.39074707 -6.83624347
57 -526.39105225 -6.83624743
58 -526.39135742 -6.83625140
59 -526.39208984 -6.83626091
60 -526.39001465 -6.83623396
61 -526.39190674 -6.83625853
62 -526.39239502 -6.83626487
63 -526.39331055 -6.83627676
64 -526.39154053 -6.83625377
65 -526.39300537 -6.83627280
66 -526.39355469 -6.83627993
67 -526.39312744 -6.83627438
68 -526.39526367 -6.83630213
69 -526.39324951 -6.83627597
70 -526.39428711 -6.83628944
71 -526.39379883 -6.83628310
72 -526.39422607 -6.83628865
73 -526.39263916 -6.83626804
74 -526.39447021 -6.83629182
75 -526.39514160 -6.83630054
76 -526.39416504 -6.83628786
77 -526.39520264 -6.83630133
78 -526.39562988 -6.83630688
79 -526.39685059 -6.83632273
80 -526.39556885 -6.83630609
81 -526.39581299 -6.83630926
82 -526.39312744 -6.83627438
83 -526.39697266 -6.83632432
84 -526.39721680 -6.83632749
85 -526.39715576 -6.83632670
86 -526.39666748 -6.83632036
87 -526.39788818 -6.83633621
88 -526.39758301 -6.83633225
89 -526.39648438 -6.83631798
90 -526.39910889 -6.83635206
91 -526.39825439 -6.83634097
92 -526.39788818 -6.83633621
93 -526.39801025 -6.83633780
94 -526.39666748 -6.83632036
95 -526.39733887 -6.83632908
96 -526.39752197 -6.83633145
97 -526.39556885 -6.83630609
98 -526.39672852 -6.83632115
99 -526.39447021 -6.83629182
100 -526.39593506 -6.83631084
101 -526.39550781 -6.83630530
102 -526.39385986 -6.83628389
103 -526.39331055 -6.83627676
104 -526.39324951 -6.83627597
105 -526.39080811 -6.83624426
106 -526.39184570 -6.83625774
107 -526.38861084 -6.83621573
108 -526.39044189 -6.83623951
109 -526.38842773 -6.83621335
110 -526.38635254 -6.83618640
111 -526.38781738 -6.83620542
112 -526.38549805 -6.83617530
113 -526.38726807 -6.83619829
114 -526.38800049 -6.83620780
115 -526.38470459 -6.83616499
116 -526.38549805 -6.83617530
117 -526.38739014 -6.83619987
118 -526.38732910 -6.83619908
119 -526.38757324 -6.83620225
120 -526.38708496 -6.83619591
121 -526.38787842 -6.83620621
122 -526.38659668 -6.83618957
123 -526.38745117 -6.83620066
124 -526.38580322 -6.83617926
125 -526.38610840 -6.83618323
126 -526.38610840 -6.83618323
127 -526.38458252 -6.83616341
128 -526.38317871 -6.83614518
129 -526.38372803 -6.83615231
130 -526.38378906 -6.83615310
131 -526.38531494 -6.83617292
132 -526.38580322 -6.83617926
133 -526.38470459 -6.83616499
134 -526.38287354 -6.83614121
135 -526.38378906 -6.83615310
136 -526.38220215 -6.83613250
137 -526.38433838 -6.83616024
138 -526.38342285 -6.83614835
139 -526.38366699 -6.83615152
140 -526.38378906 -6.83615310
141 -526.38372803 -6.83615231
142 -526.38391113 -6.83615469
143 -526.38201904 -6.83613012
144 -526.38140869 -6.83612219
145 -526.38024902 -6.83610713
146 -526.38116455 -6.83611902
147 -526.38067627 -6.83611268
148 -526.38073730 -6.83611347
149 -526.37927246 -6.83609445
150 -526.37902832 -6.83609128
151 -526.37982178 -6.83610158
152 -526.37902832 -6.83609128
153 -526.37829590 -6.83608176
154 -526.37951660 -6.83609762
155 -526.37847900 -6.83608414
156 -526.37976074 -6.83610079
157 -526.37774658 -6.83607463
158 -526.37957764 -6.83609841
159 -526.37811279 -6.83607939
160 -526.37939453 -6.83609603
161 -526.38134766 -6.83612140
162 -526.38079834 -6.83611426
163 -526.38110352 -6.83611823
164 -526.38092041 -6.83611585
165 -526.38208008 -6.83613091
166 -526.38055420 -6.83611109
167 -526.38085938 -6.83611506
168 -526.38128662 -6.83612061
169 -526.38232422 -6.83613408
170 -526.38195801 -6.83612932
171 -526.38116455 -6.83611902
172 -526.38110352 -6.83611823
173 -526.38018799 -6.83610634
174 -526.38159180 -6.83612457
175 -526.38000488 -6.83610396
176 -526.38201904 -6.83613012
177 -526.38006592 -6.83610475
178 -526.38269043 -6.83613884
179 -526.38098145 -6.83611664
180 -526.38153076 -6.83612378
181 -526.38201904 -6.83613012
182 -526.38323975 -6.83614597
183 -526.38366699 -6.83615152
184 -526.38348389 -6.83614914
185 -526.38519287 -6.83617134
186 -526.38470459 -6.83616499
187 -526.38482666 -6.83616658
188 -526.38238525 -6.83613487
189 -526.38238525 -6.83613487
190 -526.38275146 -6.83613963
191 -526.38476562 -6.83616579
192 -526.38079834 -6.83611426
193 -526.38250732 -6.83613646
194 -526.38323975 -6.83614597
195 -526.38226318 -6.83613329
196 -526.38354492 -6.83614993
197 -526.38317871 -6.83614518
198 -526.38214111 -6.83613170
199 -526.38354492 -6.83614993
200 -526.38342285 -6.83614835
201 -526.38128662 -6.83612061
202 -526.37994385 -6.83610317
203 -526.38183594 -6.83612774
204 -526.38146973 -6.83612298
205 -526.38171387 -6.83612615
206 -526.38079834 -6.83611426
207 -526.38104248 -6.83611743
208 -526.38037109 -6.83610872
209 -526.38079834 -6.83611426
210 -526.37860107 -6.83608573
211 -526.37969971 -6.83610000
212 -526.37860107 -6.83608573
213 -526.37921143 -6.83609365
214 -526.37902832 -6.83609128
215 -526.37762451 -6.83607305
216 -526.37615967 -6.83605402
217 -526.37554932 -6.83604610
218 -526.37542725 -6.83604451
219 -526.37469482 -6.83603500
220 -526.37481689 -6.83603658
221 -526.37518311 -6.83604134
222 -526.37445068 -6.83603183
223 -526.37365723 -6.83602152
224 -526.37420654 -6.83602866
225 -526.37359619 -6.83602073
226 -526.37359619 -6.83602073
227 -526.37341309 -6.83601835
228 -526.37347412 -6.83601914
229 -526.37255859 -6.83600725
230 -526.37176514 -6.83599695
231 -526.37097168 -6.83598665
232 -526.37286377 -6.83601122
233 -526.37213135 -6.83600171
234 -526.37194824 -6.83599933
235 -526.37158203 -6.83599457
236 -526.37194824 -6.83599933
237 -526.37182617 -6.83599774
238 -526.37115479 -6.83598902
239 -526.37249756 -6.83600646
240 -526.37603760 -6.83605244
241 -526.37268066 -6.83600884
242 -526.37341309 -6.83601835
243 -526.37518311 -6.83604134
244 -526.37280273 -6.83601043
245 -526.37377930 -6.83602311
246 -526.37298584 -6.83601280
247 -526.37304688 -6.83601360
248 -526.37304688 -6.83601360
249 -526.37298584 -6.83601280
250 -526.37567139 -6.83604768
251 -526.37341309 -6.83601835
252 -526.37341309 -6.83601835
253 -526.37390137 -6.83602469
254 -526.37304688 -6.83601360
255 -526.37554932 -6.83604610
256 -526.37298584 -6.83601280
257 -526.37341309 -6.83601835
258 -526.37457275 -6.83603341
259 -526.37457275 -6.83603341
260 -526.37463379 -6.83603421
261 -526.37652588 -6.83605878
262 -526.37457275 -6.83603341
263 -526.37402344 -6.83602628
264 -526.37457275 -6.83603341
265 -526.37512207 -6.83604055
266 -526.37432861 -6.83603024
267 -526.37353516 -6.83601994
268 -526.37518311 -6.83604134
269 -526.37646484 -6.83605798
270 -526.37603760 -6.83605244
271 -526.37536621 -6.83604372
272 -526.37579346 -6.83604927
273 -526.37548828 -6.83604530
274 -526.37359619 -6.83602073
275 -526.37384033 -6.83602390
276 -526.37390137 -6.83602469
277 -526.37548828 -6.83604530
278 -526.37316895 -6.83601518
279 -526.37567139 -6.83604768
280 -526.37310791 -6.83601439
281 -526.37194824 -6.83599933
282 -526.37573242 -6.83604847
283 -526.37536621 -6.83604372
284 -526.37609863 -6.83605323
285 -526.37518311 -6.83604134
286 -526.37738037 -6.83606987
287 -526.37695312 -6.83606433
288 -526.37713623 -6.83606670
289 -526.37609863 -6.83605323
290 -526.37664795 -6.83606036
291 -526.37597656 -6.83605164
292 -526.37524414 -6.83604213
293 -526.37463379 -6.83603421
294 -526.37561035 -6.83604689
295 -526.37591553 -6.83605085
296 -526.37603760 -6.83605244
297 -526.37695312 -6.83606433
298 -526.37664795 -6.83606036
299 -526.37353516 -6.83601994
300 -526.37579346 -6.83604927
301 -526.37322998 -6.83601597
302 -526.37493896 -6.83603817
303 -526.37487793 -6.83603738
304 -526.37365723 -6.83602152
305 -526.37377930 -6.83602311
306 -526.37384033 -6.83602390
307 -526.37438965 -6.83603103
308 -526.37298584 -6.83601280
309 -526.37310791 -6.83601439
310 -526.37390137 -6.83602469
311 -526.37261963 -6.83600805
312 -526.37194824 -6.83599933
313 -526.37384033 -6.83602390
314 -526.37286377 -6.83601122
315 -526.37426758 -6.83602945
316 -526.37500000 -6.83603896
317 -526.37640381 -6.83605719
318 -526.37561035 -6.83604689
319 -526.37756348 -6.83607225
320 -526.37622070 -6.83605481
321 -526.37646484 -6.83605798
322 -526.37670898 -6.83606116
323 -526.37500000 -6.83603896
324 -526.37561035 -6.83604689
325 -526.37548828 -6.83604530
326 -526.37652588 -6.83605878
327 -526.37762451 -6.83607305
328 -526.37512207 -6.83604055
329 -526.37585449 -6.83605006
330 -526.37792969 -6.83607701
331 -526.37786865 -6.83607622
332 -526.37811279 -6.83607939
333 -526.37701416 -6.83606512
334 -526.37634277 -6.83605640
335 -526.37774658 -6.83607463
336 -526.37750244 -6.83607146
337 -526.37677002 -6.83606195
338 -526.37603760 -6.83605244
339 -526.37646484 -6.83605798
340 -526.37664795 -6.83606036
341 -526.37634277 -6.83605640
342 -526.37768555 -6.83607384
343 -526.37591553 -6.83605085
344 -526.37512207 -6.83604055
345 -526.37774658 -6.83607463
346 -526.37591553 -6.83605085
347 -526.37426758 -6.83602945
348 -526.37445068 -6.83603183
349 -526.37176514 -6.83599695
350 -526.37347412 -6.83601914
351 -526.37133789 -6.83599140
352 -526.37371826 -6.83602232
353 -526.37359619 -6.83602073
354 -526.37524414 -6.83604213
355 -526.37475586 -6.83603579
356 -526.37603760 -6.83605244
357 -526.37561035 -6.83604689
358 -526.37603760 -6.83605244
359 -526.37628174 -6.83605561
360 -526.37695312 -6.83606433
361 -526.37506104 -6.83603975
362 -526.37432861 -6.83603024
363 -526.37304688 -6.83601360
364 -526.37524414 -6.83604213
365 -526.37414551 -6.83602786
366 -526.37408447 -6.83602707
367 -526.37420654 -6.83602866
368 -526.37487793 -6.83603738
369 -526.37438965 -6.83603103
370 -526.37335205 -6.83601756
371 -526.37310791 -6.83601439
372 -526.37268066 -6.83600884
373 -526.37310791 -6.83601439
374 -526.37420654 -6.83602866
375 -526.37475586 -6.83603579
376 -526.37524414 -6.83604213
377 -526.37420654 -6.83602866
378 -526.37518311 -6.83604134
379 -526.37396240 -6.83602549
380 -526.37481689 -6.83603658
381 -526.37377930 -6.83602311
382 -526.37371826 -6.83602232
383 -526.37316895 -6.83601518
384 -526.37463379 -6.83603421
385 -526.37390137 -6.83602469
386 -526.37524414 -6.83604213
387 -526.37402344 -6.83602628
388 -526.37292480 -6.83601201
389 -526.37164307 -6.83599536
390 -526.37207031 -6.83600091
391 -526.37237549 -6.83600488
392 -526.37225342 -6.83600329
393 -526.37121582 -6.83598982
394 -526.37164307 -6.83599536
395 -526.37133789 -6.83599140
396 -526.37103271 -6.83598744
397 -526.36999512 -6.83597396
398 -526.36907959 -6.83596207
399 -526.36865234 -6.83595652
400 -526.36846924 -6.83595415
401 -526.36816406 -6.83595018
402 -526.36724854 -6.83593829
403 -526.36791992 -6.83594701
404 -526.36663818 -6.83593037
405 -526.36694336 -6.83593433
406 -526.36694336 -6.83593433
407 -526.36553955 -6.83591610
408 -526.36505127 -6.83590976
409 -526.36328125 -6.83588677
410 -526.36346436 -6.83588915
411 -526.36273193 -6.83587964
412 -526.36096191 -6.83585665
413 -526.36163330 -6.83586537
414 -526.36041260 -6.83584951
415 -526.36090088 -6.83585586
416 -526.35815430 -6.83582019
417 -526.35784912 -6.83581622
418 -526.35845947 -6.83582415
419 -526.35693359 -6.83580433
420 -526.35821533 -6.83582098
421 -526.35900879 -6.83583128
422 -526.35668945 -6.83580116
423 -526.35742188 -6.83581067
424 -526.35791016 -6.83581702
425 -526.35534668 -6.83578372
426 -526.35504150 -6.83577976
427 -526.35552979 -6.83578610
428 -526.35552979 -6.83578610
429 -526.35449219 -6.83577263
430 -526.35473633 -6.83577580
431 -526.35430908 -6.83577025
432 -526.35437012 -6.83577104
433 -526.35345459 -6.83575915
434 -526.35363770 -6.83576153
435 -526.35516357 -6.83578135
436 -526.35437012 -6.83577104
437 -526.35449219 -6.83577263
438 -526.35333252 -6.83575757
439 -526.35119629 -6.83572982
440 -526.35150146 -6.83573379
441 -526.35229492 -6.83574409
442 -526.35296631 -6.83575281
443 -526.35321045 -6.83575598
444 -526.35223389 -6.83574330
445 -526.35369873 -6.83576232
446 -526.35192871 -6.83573933
447 -526.35241699 -6.83574568
448 -526.35198975 -6.83574013
449 -526.35168457 -6.83573616
450 -526.35089111 -6.83572586
451 -526.35253906 -6.83574726
452 -526.35089111 -6.83572586
453 -526.35266113 -6.83574885
454 -526.35321045 -6.83575598
455 -526.35424805 -6.83576946
456 -526.35174561 -6.83573696
457 -526.35363770 -6.83576153
458 -526.35327148 -6.83575677
459 -526.35192871 -6.83573933
460 -526.35491943 -6.83577817
461 -526.35382080 -6.83576391
462 -526.35424805 -6.83576946
463 -526.35565186 -6.83578769
464 -526.35455322 -6.83577342
465 -526.35528564 -6.83578293
466 -526.35546875 -6.83578531
467 -526.35522461 -6.83578214
468 -526.35510254 -6.83578055
469 -526.35327148 -6.83575677
470 -526.35235596 -6.83574488
471 -526.35260010 -6.83574805
472 -526.35308838 -6.83575439
473 -526.35156250 -6.83573458
474 -526.35021973 -6.83571714
475 -526.34973145 -6.83571080
476 -526.34960938 -6.83570921
477 -526.35107422 -6.83572824
478 -526.35205078 -6.83574092
479 -526.35211182 -6.83574171
480 -526.35021973 -6.83571714
481 -526.35089111 -6.83572586
482 -526.35076904 -6.83572427
483 -526.34954834 -6.83570842
484 -526.35058594 -6.83572190
485 -526.34973145 -6.83571080
486 -526.35040283 -6.83571952
487 -526.34948730 -6.83570763
488 -526.34820557 -6.83569098
489 -526.34661865 -6.83567037
490 -526.34771729 -6.83568464
491 -526.34759521 -6.83568305
492 -526.34576416 -6.83565927
493 -526.34820557 -6.83569098
494 -526.34875488 -6.83569812
495 -526.34802246 -6.83568860
496 -526.34747314 -6.83568147
497 -526.34893799 -6.83570049
498 -526.34814453 -6.83569019
499 -526.34606934 -6.83566324
500 -526.34570312 -6.83565848
501 -526.34429932 -6.83564025
502 -526.34393311 -6.83563549
503 -526.34527588 -6.83565293
504 -526.34576416 -6.83565927
505 -526.34844971 -6.83569415
506 -526.34588623 -6.83566086
507 -526.34698486 -6.83567513
