0 -668.16821289 -7.26269797
1 -668.17822266 -7.26280677
2 -668.19018555 -7.26293680
3 -668.19781494 -7.26301973
4 -668.20672607 -7.26311659
5 -668.21118164 -7.26316502
6 -668.21624756 -7.26322008
7 -668.22094727 -7.26327117
8 -668.22515869 -7.26331694
9 -668.22943115 -7.26336338
10 -668.23382568 -7.26341115
11 -668.23724365 -7.26344830
12 -668.24072266 -7.26348612
13 -668.24328613 -7.26351398
14 -668.24707031 -7.26355511
15 -668.24932861 -7.26357966
16 -668.25219727 -7.26361084
17 -668.25384521 -7.26362875
18 -668.25683594 -7.26366126
19 -668.26025391 -7.26369841
20 -668.26348877 -7.26373357
21 -668.26568604 -7.26375746
22 -668.26721191 -7.26377404
23 -668.26989746 -7.26380323
24 -668.27227783 -7.26382911
25 -668.27264404 -7.26383309
26 -668.27636719 -7.26387356
27 -668.27746582 -7.26388550
28 -668.27984619 -7.26391137
29 -668.28222656 -7.26393725
30 -668.28448486 -7.26396179
31 -668.28692627 -7.26398833
32 -668.28930664 -7.26401420
33 -668.29150391 -7.26403809
34 -668.29211426 -7.26404472
35 -668.29406738 -7.26406595
36 -668.29644775 -7.26409182
37 -668.29876709 -7.26411703
38 -668.29943848 -7.26412433
39 -668.30212402 -7.26415352
40 -668.30413818 -7.26417542
41 -668.30645752 -7.26420063
42 -668.30712891 -7.26420792
43 -668.30920410 -7.26423048
44 -668.30969238 -7.26423579
45 -668.31250000 -7.26426630
46 -668.31396484 -7.26428223
47 -668.31524658 -7.26429616
48 -668.31683350 -7.26431341
49 -668.31811523 -7.26432734
50 -668.31921387 -7.26433928
51 -668.32086182 -7.26435719
52 -668.32073975 -7.26435587
53 -668.32141113 -7.26436316
54 -668.32318115 -7.26438240
55 -668.32434082 -7.26439501
56 -668.32647705 -7.26441823
57 -668.32751465 -7.26442951
58 -668.32940674 -7.26445007
59 -668.33050537 -7.26446201
60 -668.33129883 -7.26447064
61 -668.33270264 -7.26448590
62 -668.33343506 -7.26449386
63 -668.33569336 -7.26451841
64 -668.33612061 -7.26452305
65 -668.33593750 -7.26452106
66 -668.33770752 -7.26454030
67 -668.33905029 -7.26455489
68 -668.33984375 -7.26456352
69 -668.33959961 -7.26456087
70 -668.33966064 -7.26456153
71 -668.34197998 -7.26458674
72 -668.34204102 -7.26458740
73 -668.34252930 -7.26459271
74 -668.34368896 -7.26460531
75 -668.34527588 -7.26462256
76 -668.34527588 -7.26462256
77 -668.34643555 -7.26463517
78 -668.34674072 -7.26463849
79 -668.34777832 -7.26464976
80 -668.34857178 -7.26465839
81 -668.34918213 -7.26466502
82 -668.35125732 -7.26468758
83 -668.35150146 -7.26469023
84 -668.35174561 -7.26469289
85 -668.35253906 -7.26470151
86 -668.35333252 -7.26471014
87 -668.35485840 -7.26472672
88 -668.35565186 -7.26473535
89 -668.35571289 -7.26473601
90 -668.35662842 -7.26474596
91 -668.35760498 -7.26475658
92 -668.35833740 -7.26476454
93 -668.35839844 -7.26476520
94 -668.36010742 -7.26478378
95 -668.36096191 -7.26479306
96 -668.36065674 -7.26478975
97 -668.36224365 -7.26480700
98 -668.36206055 -7.26480501
99 -668.36328125 -7.26481827
100 -668.36401367 -7.26482624
101 -668.36444092 -7.26483088
102 -668.36486816 -7.26483552
103 -668.36529541 -7.26484017
104 -668.36450195 -7.26483154
105 -668.36651611 -7.26485344
106 -668.36669922 -7.26485543
107 -668.36743164 -7.26486339
108 -668.36791992 -7.26486869
109 -668.36865234 -7.26487666
110 -668.36920166 -7.26488263
111 -668.37011719 -7.26489258
112 -668.37097168 -7.26490187
113 -668.37097168 -7.26490187
114 -668.37066650 -7.26489855
115 -668.37280273 -7.26492177
116 -668.37304688 -7.26492442
117 -668.37475586 -7.26494300
118 -668.37493896 -7.26494499
119 -668.37493896 -7.26494499
120 -668.37573242 -7.26495361
121 -668.37579346 -7.26495428
122 -668.37640381 -7.26496091
123 -668.37823486 -7.26498081
124 -668.37792969 -7.26497750
125 -668.37847900 -7.26498347
126 -668.37786865 -7.26497683
127 -668.37927246 -7.26499209
128 -668.37890625 -7.26498811
129 -668.38006592 -7.26500072
130 -668.38153076 -7.26501664
131 -668.38208008 -7.26502261
132 -668.38214111 -7.26502327
133 -668.38244629 -7.26502659
134 -668.38146973 -7.26501598
135 -668.38299561 -7.26503256
136 -668.38354492 -7.26503853
137 -668.38427734 -7.26504649
138 -668.38470459 -7.26505114
139 -668.38446045 -7.26504848
140 -668.38555908 -7.26506042
141 -668.38568115 -7.26506175
142 -668.38635254 -7.26506905
143 -668.38574219 -7.26506242
144 -668.38726807 -7.26507900
145 -668.38885498 -7.26509625
146 -668.38775635 -7.26508431
147 -668.38934326 -7.26510156
148 -668.38922119 -7.26510023
149 -668.39007568 -7.26510952
150 -668.38940430 -7.26510222
151 -668.39080811 -7.26511748
152 -668.39129639 -7.26512279
153 -668.39056396 -7.26511483
154 -668.39263916 -7.26513738
155 -668.39312744 -7.26514269
156 -668.39349365 -7.26514667
157 -668.39385986 -7.26515065
158 -668.39459229 -7.26515861
159 -668.39465332 -7.26515928
160 -668.39483643 -7.26516127
161 -668.39508057 -7.26516392
162 -668.39581299 -7.26517188
163 -668.39459229 -7.26515861
164 -668.39556885 -7.26516923
165 -668.39624023 -7.26517652
166 -668.39660645 -7.26518050
167 -668.39599609 -7.26517387
168 -668.39709473 -7.26518581
169 -668.39807129 -7.26519643
170 -668.39758301 -7.26519112
171 -668.39813232 -7.26519709
172 -668.39916992 -7.26520837
173 -668.39904785 -7.26520704
174 -668.40008545 -7.26521832
175 -668.40081787 -7.26522628
176 -668.39929199 -7.26520970
177 -668.40173340 -7.26523623
178 -668.40045166 -7.26522230
179 -668.40142822 -7.26523292
180 -668.40228271 -7.26524220
181 -668.40301514 -7.26525016
182 -668.40289307 -7.26524884
183 -668.40295410 -7.26524950
184 -668.40393066 -7.26526012
185 -668.40441895 -7.26526542
186 -668.40380859 -7.26525879
187 -668.40484619 -7.26527007
188 -668.40393066 -7.26526012
189 -668.40454102 -7.26526675
190 -668.40625000 -7.26528533
191 -668.40502930 -7.26527206
192 -668.40606689 -7.26528334
193 -668.40728760 -7.26529660
194 -668.40765381 -7.26530058
195 -668.40777588 -7.26530191
196 -668.40795898 -7.26530390
197 -668.40722656 -7.26529594
198 -668.40808105 -7.26530523
199 -668.40924072 -7.26531783
200 -668.40893555 -7.26531452
201 -668.40985107 -7.26532447
202 -668.41003418 -7.26532646
203 -668.41070557 -7.26533376
204 -668.41113281 -7.26533840
205 -668.41064453 -7.26533309
206 -668.41168213 -7.26534437
207 -668.41271973 -7.26535565
208 -668.41284180 -7.26535698
209 -668.41223145 -7.26535034
210 -668.41375732 -7.26536693
211 -668.41406250 -7.26537024
212 -668.41284180 -7.26535698
213 -668.41448975 -7.26537489
214 -668.41326904 -7.26536162
215 -668.41302490 -7.26535897
216 -668.41448975 -7.26537489
217 -668.41412354 -7.26537091
218 -668.41503906 -7.26538086
219 -668.41571045 -7.26538816
220 -668.41583252 -7.26538948
221 -668.41577148 -7.26538882
222 -668.41516113 -7.26538219
223 -668.41662598 -7.26539811
224 -668.41766357 -7.26540939
225 -668.41650391 -7.26539678
226 -668.41778564 -7.26541071
227 -668.41687012 -7.26540076
228 -668.41894531 -7.26542332
229 -668.41882324 -7.26542199
230 -668.41790771 -7.26541204
231 -668.41894531 -7.26542332
232 -668.41906738 -7.26542465
233 -668.41815186 -7.26541469
234 -668.42077637 -7.26544322
235 -668.41955566 -7.26542995
236 -668.41912842 -7.26542531
237 -668.42034912 -7.26543858
238 -668.42004395 -7.26543526
239 -668.42077637 -7.26544322
240 -668.42126465 -7.26544853
241 -668.42120361 -7.26544787
242 -668.42083740 -7.26544388
243 -668.42126465 -7.26544853
244 -668.42089844 -7.26544455
245 -668.42187500 -7.26545516
246 -668.42193604 -7.26545583
247 -668.42181396 -7.26545450
248 -668.42266846 -7.26546379
249 -668.42266846 -7.26546379
250 -668.42297363 -7.26546710
251 -668.42352295 -7.26547308
252 -668.42388916 -7.26547706
253 -668.42346191 -7.26547241
254 -668.42510986 -7.26549032
255 -668.42437744 -7.26548236
256 -668.42468262 -7.26548568
257 -668.42529297 -7.26549231
258 -668.42498779 -7.26548900
259 -668.42657471 -7.26550625
260 -668.42633057 -7.26550359
261 -668.42822266 -7.26552416
262 -668.42852783 -7.26552748
263 -668.42895508 -7.26553212
264 -668.42687988 -7.26550956
265 -668.42974854 -7.26554074
266 -668.42932129 -7.26553610
267 -668.42944336 -7.26553743
268 -668.42846680 -7.26552681
269 -668.43017578 -7.26554539
270 -668.43066406 -7.26555070
271 -668.43060303 -7.26555003
272 -668.43072510 -7.26555136
273 -668.43048096 -7.26554871
274 -668.43090820 -7.26555335
275 -668.42962646 -7.26553942
276 -668.43231201 -7.26556861
277 -668.43194580 -7.26556463
278 -668.43243408 -7.26556994
279 -668.43267822 -7.26557259
280 -668.43292236 -7.26557524
281 -668.43420410 -7.26558918
282 -668.43444824 -7.26559183
283 -668.43365479 -7.26558320
284 -668.43493652 -7.26559714
285 -668.43426514 -7.26558984
286 -668.43475342 -7.26559515
287 -668.43572998 -7.26560576
288 -668.43414307 -7.26558851
289 -668.43530273 -7.26560112
290 -668.43457031 -7.26559316
291 -668.43487549 -7.26559647
292 -668.43634033 -7.26561239
293 -668.43664551 -7.26561571
294 -668.43664551 -7.26561571
295 -668.43774414 -7.26562765
296 -668.43841553 -7.26563495
297 -668.43756104 -7.26562566
298 -668.43841553 -7.26563495
299 -668.43896484 -7.26564092
300 -668.43988037 -7.26565087
301 -668.43927002 -7.26564424
302 -668.44061279 -7.26565883
303 -668.43933105 -7.26564490
304 -668.44146729 -7.26566812
305 -668.44116211 -7.26566481
306 -668.44085693 -7.26566149
307 -668.44128418 -7.26566613
308 -668.44232178 -7.26567741
309 -668.44323730 -7.26568736
310 -668.44140625 -7.26566746
311 -668.44396973 -7.26569532
312 -668.44433594 -7.26569930
313 -668.44451904 -7.26570129
314 -668.44488525 -7.26570527
315 -668.44476318 -7.26570395
316 -668.44561768 -7.26571324
317 -668.44586182 -7.26571589
318 -668.44525146 -7.26570926
319 -668.44470215 -7.26570328
320 -668.44726562 -7.26573115
321 -668.44543457 -7.26571125
322 -668.44744873 -7.26573314
323 -668.44689941 -7.26572717
324 -668.44702148 -7.26572849
325 -668.44824219 -7.26574176
326 -668.44891357 -7.26574906
327 -668.44866943 -7.26574641
328 -668.44946289 -7.26575503
329 -668.44934082 -7.26575370
330 -668.44921875 -7.26575238
331 -668.45135498 -7.26577560
332 -668.45184326 -7.26578091
333 -668.45263672 -7.26578953
334 -668.45275879 -7.26579086
335 -668.45361328 -7.26580014
336 -668.45343018 -7.26579815
337 -668.45379639 -7.26580213
338 -668.45361328 -7.26580014
339 -668.45465088 -7.26581142
340 -668.45471191 -7.26581209
341 -668.45556641 -7.26582137
342 -668.45593262 -7.26582535
343 -668.45703125 -7.26583730
344 -668.45672607 -7.26583398
345 -668.45654297 -7.26583199
346 -668.45715332 -7.26583862
347 -668.45739746 -7.26584128
348 -668.45697021 -7.26583663
349 -668.45703125 -7.26583730
350 -668.45837402 -7.26585189
351 -668.45831299 -7.26585123
352 -668.45910645 -7.26585985
353 -668.45977783 -7.26586715
354 -668.46026611 -7.26587246
355 -668.46032715 -7.26587312
356 -668.46099854 -7.26588042
357 -668.46166992 -7.26588772
358 -668.46093750 -7.26587976
359 -668.46203613 -7.26589170
360 -668.46264648 -7.26589833
361 -668.46234131 -7.26589501
362 -668.46203613 -7.26589170
363 -668.46209717 -7.26589236
364 -668.46337891 -7.26590629
365 -668.46313477 -7.26590364
366 -668.46350098 -7.26590762
367 -668.46496582 -7.26592354
368 -668.46606445 -7.26593548
369 -668.46435547 -7.26591691
370 -668.46655273 -7.26594079
371 -668.46618652 -7.26593681
372 -668.46667480 -7.26594212
373 -668.46624756 -7.26593747
374 -668.46661377 -7.26594145
375 -668.46813965 -7.26595804
376 -668.46856689 -7.26596268
377 -668.46826172 -7.26595937
378 -668.46984863 -7.26597662
379 -668.46997070 -7.26597794
380 -668.47027588 -7.26598126
381 -668.47094727 -7.26598856
382 -668.47064209 -7.26598524
383 -668.47113037 -7.26599055
384 -668.47253418 -7.26600581
385 -668.47259521 -7.26600647
386 -668.47296143 -7.26601045
387 -668.47424316 -7.26602438
388 -668.47497559 -7.26603234
389 -668.47406006 -7.26602239
390 -668.47491455 -7.26603168
391 -668.47473145 -7.26602969
392 -668.47460938 -7.26602836
393 -668.47570801 -7.26604030
394 -668.47760010 -7.26606087
395 -668.47711182 -7.26605556
396 -668.47692871 -7.26605357
397 -668.47717285 -7.26605623
398 -668.47753906 -7.26606021
399 -668.47930908 -7.26607945
400 -668.47924805 -7.26607878
401 -668.48034668 -7.26609072
402 -668.48010254 -7.26608807
403 -668.47875977 -7.26607348
404 -668.47998047 -7.26608674
405 -668.48046875 -7.26609205
406 -668.48101807 -7.26609802
407 -668.48120117 -7.26610001
408 -668.48199463 -7.26610864
409 -668.48181152 -7.26610665
410 -668.48229980 -7.26611195
411 -668.48132324 -7.26610134
412 -668.48217773 -7.26611063
413 -668.48272705 -7.26611660
414 -668.48266602 -7.26611593
415 -668.48339844 -7.26612390
416 -668.48309326 -7.26612058
417 -668.48437500 -7.26613451
418 -668.48425293 -7.26613318
419 -668.48571777 -7.26614911
420 -668.48504639 -7.26614181
421 -668.48443604 -7.26613517
422 -668.48590088 -7.26615110
423 -668.48553467 -7.26614712
424 -668.48577881 -7.26614977
425 -668.48632812 -7.26615574
426 -668.48773193 -7.26617100
427 -668.48773193 -7.26617100
428 -668.48736572 -7.26616702
429 -668.48901367 -7.26618493
430 -668.48950195 -7.26619024
431 -668.48937988 -7.26618891
432 -668.48864746 -7.26618095
433 -668.49053955 -7.26620152
434 -668.48980713 -7.26619356
435 -668.49005127 -7.26619621
436 -668.49060059 -7.26620218
437 -668.48980713 -7.26619356
438 -668.49066162 -7.26620284
439 -668.49011230 -7.26619687
440 -668.49102783 -7.26620682
441 -668.49182129 -7.26621545
442 -668.49206543 -7.26621810
443 -668.49121094 -7.26620881
444 -668.49139404 -7.26621080
445 -668.49163818 -7.26621346
446 -668.49090576 -7.26620550
447 -668.49157715 -7.26621280
448 -668.49273682 -7.26622540
449 -668.49353027 -7.26623402
450 -668.49310303 -7.26622938
451 -668.49359131 -7.26623469
452 -668.49456787 -7.26624530
453 -668.49395752 -7.26623867
454 -668.49444580 -7.26624398
455 -668.49383545 -7.26623734
456 -668.49444580 -7.26624398
457 -668.49456787 -7.26624530
458 -668.49456787 -7.26624530
459 -668.49591064 -7.26625990
460 -668.49584961 -7.26625923
461 -668.49523926 -7.26625260
462 -668.49664307 -7.26626786
463 -668.49566650 -7.26625724
464 -668.49627686 -7.26626388
465 -668.49713135 -7.26627317
466 -668.49542236 -7.26625459
467 -668.49737549 -7.26627582
468 -668.49609375 -7.26626189
469 -668.49633789 -7.26626454
470 -668.49713135 -7.26627317
471 -668.49707031 -7.26627250
472 -668.49682617 -7.26626985
473 -668.49810791 -7.26628378
474 -668.49682617 -7.26626985
475 -668.49749756 -7.26627715
476 -668.49859619 -7.26628909
477 -668.49786377 -7.26628113
478 -668.49792480 -7.26628179
479 -668.49798584 -7.26628245
480 -668.49945068 -7.26629838
481 -668.49945068 -7.26629838
482 -668.49914551 -7.26629506
483 -668.49920654 -7.26629572
484 -668.49926758 -7.26629639
485 -668.49841309 -7.26628710
486 -668.49914551 -7.26629506
487 -668.49914551 -7.26629506
488 -668.50030518 -7.26630766
489 -668.50054932 -7.26631032
490 -668.49920654 -7.26629572
491 -668.50042725 -7.26630899
492 -668.50079346 -7.26631297
493 -668.50085449 -7.26631364
494 -668.50158691 -7.26632160
495 -668.50292969 -7.26633619
496 -668.50189209 -7.26632491
497 -668.50366211 -7.26634415
498 -668.50317383 -7.26633885
499 -668.50299072 -7.26633686
500 -668.50384521 -7.26634614
501 -668.50372314 -7.26634482
502 -668.50341797 -7.26634150
503 -668.50457764 -7.26635410
504 -668.50396729 -7.26634747
505 -668.50585938 -7.26636804
506 -668.50396729 -7.26634747
507 -668.50457764 -7.26635410
508 -668.50488281 -7.26635742
509 -668.50402832 -7.26634813
510 -668.50543213 -7.26636339
511 -668.50347900 -7.26634216
512 -668.50628662 -7.26637268
513 -668.50653076 -7.26637533
514 -668.50616455 -7.26637135
515 -668.50738525 -7.26638462
516 -668.50634766 -7.26637334
517 -668.50781250 -7.26638927
518 -668.50775146 -7.26638860
519 -668.50762939 -7.26638728
520 -668.50781250 -7.26638927
521 -668.50866699 -7.26639855
522 -668.50885010 -7.26640054
523 -668.50811768 -7.26639258
524 -668.50939941 -7.26640652
525 -668.50866699 -7.26639855
526 -668.50769043 -7.26638794
527 -668.50823975 -7.26639391
528 -668.50982666 -7.26641116
529 -668.50958252 -7.26640851
530 -668.50939941 -7.26640652
531 -668.50970459 -7.26640983
532 -668.50811768 -7.26639258
533 -668.50927734 -7.26640519
534 -668.50909424 -7.26640320
535 -668.51049805 -7.26641846
536 -668.51031494 -7.26641647
537 -668.51043701 -7.26641779
538 -668.50946045 -7.26640718
539 -668.50891113 -7.26640121
540 -668.50933838 -7.26640585
541 -668.51031494 -7.26641647
542 -668.50921631 -7.26640453
543 -668.50854492 -7.26639723
544 -668.51013184 -7.26641448
545 -668.51031494 -7.26641647
546 -668.51055908 -7.26641912
547 -668.51086426 -7.26642244
548 -668.51092529 -7.26642310
549 -668.51007080 -7.26641381
550 -668.51141357 -7.26642841
551 -668.51129150 -7.26642708
552 -668.50994873 -7.26641249
553 -668.51019287 -7.26641514
554 -668.51092529 -7.26642310
555 -668.51049805 -7.26641846
556 -668.51165771 -7.26643106
557 -668.51123047 -7.26642642
558 -668.51080322 -7.26642177
559 -668.51135254 -7.26642774
560 -668.51062012 -7.26641978
561 -668.51226807 -7.26643770
562 -668.51293945 -7.26644499
563 -668.51104736 -7.26642443
564 -668.51116943 -7.26642575
565 -668.51226807 -7.26643770
566 -668.51245117 -7.26643969
567 -668.51110840 -7.26642509
568 -668.51080322 -7.26642177
569 -668.51184082 -7.26643305
570 -668.51202393 -7.26643504
571 -668.51269531 -7.26644234
572 -668.51177979 -7.26643239
573 -668.51275635 -7.26644300
574 -668.51196289 -7.26643438
575 -668.51318359 -7.26644765
576 -668.51232910 -7.26643836
577 -668.51245117 -7.26643969
578 -668.51354980 -7.26645163
579 -668.51287842 -7.26644433
580 -668.51214600 -7.26643637
581 -668.51336670 -7.26644964
582 -668.51470947 -7.26646423
583 -668.51477051 -7.26646490
584 -668.51550293 -7.26647286
585 -668.51477051 -7.26646490
586 -668.51489258 -7.26646622
587 -668.51434326 -7.26646025
588 -668.51336670 -7.26644964
589 -668.51397705 -7.26645627
590 -668.51373291 -7.26645362
591 -668.51403809 -7.26645694
592 -668.51422119 -7.26645893
593 -668.51531982 -7.26647087
594 -668.51513672 -7.26646888
595 -668.51495361 -7.26646689
596 -668.51391602 -7.26645561
597 -668.51635742 -7.26648215
598 -668.51715088 -7.26649077
599 -668.51574707 -7.26647551
600 -668.51666260 -7.26648546
601 -668.51739502 -7.26649342
602 -668.51702881 -7.26648944
603 -668.51782227 -7.26649807
604 -668.51562500 -7.26647418
605 -668.51629639 -7.26648148
606 -668.51605225 -7.26647883
607 -668.51617432 -7.26648016
608 -668.51794434 -7.26649939
609 -668.51721191 -7.26649143
610 -668.51831055 -7.26650338
611 -668.51812744 -7.26650139
612 -668.51879883 -7.26650868
613 -668.51892090 -7.26651001
614 -668.51782227 -7.26649807
615 -668.51806641 -7.26650072
616 -668.51995850 -7.26652129
617 -668.51721191 -7.26649143
618 -668.51922607 -7.26651333
619 -668.51910400 -7.26651200
620 -668.51947021 -7.26651598
621 -668.51916504 -7.26651266
622 -668.52038574 -7.26652593
623 -668.52001953 -7.26652195
624 -668.52032471 -7.26652527
625 -668.52069092 -7.26652925
626 -668.52014160 -7.26652328
627 -668.51934814 -7.26651465
628 -668.52008057 -7.26652261
629 -668.52001953 -7.26652195
630 -668.51971436 -7.26651863
631 -668.52008057 -7.26652261
632 -668.52050781 -7.26652726
633 -668.52221680 -7.26654583
634 -668.52130127 -7.26653588
635 -668.52282715 -7.26655247
636 -668.52203369 -7.26654384
637 -668.52319336 -7.26655645
638 -668.52355957 -7.26656043
639 -668.52282715 -7.26655247
640 -668.52429199 -7.26656839
641 -668.52325439 -7.26655711
642 -668.52362061 -7.26656109
643 -668.52423096 -7.26656773
644 -668.52526855 -7.26657901
645 -668.52435303 -7.26656905
646 -668.52471924 -7.26657304
647 -668.52465820 -7.26657237
648 -668.52423096 -7.26656773
649 -668.52355957 -7.26656043
650 -668.52453613 -7.26657104
651 -668.52600098 -7.26658697
652 -668.52471924 -7.26657304
653 -668.52532959 -7.26657967
654 -668.52716064 -7.26659957
655 -668.52636719 -7.26659095
656 -668.52655029 -7.26659294
657 -668.52679443 -7.26659559
658 -668.52679443 -7.26659559
659 -668.52740479 -7.26660223
660 -668.52734375 -7.26660156
661 -668.52807617 -7.26660952
662 -668.52868652 -7.26661616
663 -668.52746582 -7.26660289
664 -668.52880859 -7.26661748
665 -668.52935791 -7.26662346
666 -668.52996826 -7.26663009
667 -668.52996826 -7.26663009
668 -668.52972412 -7.26662744
669 -668.52850342 -7.26661417
670 -668.52874756 -7.26661682
671 -668.52947998 -7.26662478
672 -668.52960205 -7.26662611
673 -668.53051758 -7.26663606
674 -668.53009033 -7.26663142
675 -668.53057861 -7.26663672
676 -668.53027344 -7.26663341
677 -668.53125000 -7.26664402
678 -668.53033447 -7.26663407
679 -668.53161621 -7.26664800
680 -668.53192139 -7.26665132
681 -668.53137207 -7.26664535
682 -668.53057861 -7.26663672
683 -668.53216553 -7.26665397
684 -668.53222656 -7.26665464
685 -668.53100586 -7.26664137
686 -668.53167725 -7.26664867
687 -668.53204346 -7.26665265
688 -668.53283691 -7.26666127
689 -668.53253174 -7.26665795
690 -668.53326416 -7.26666591
691 -668.53198242 -7.26665198
692 -668.53332520 -7.26666658
693 -668.53338623 -7.26666724
694 -668.53344727 -7.26666791
695 -668.53338623 -7.26666724
696 -668.53442383 -7.26667852
697 -668.53424072 -7.26667653
698 -668.53332520 -7.26666658
699 -668.53515625 -7.26668648
700 -668.53375244 -7.26667122
701 -668.53576660 -7.26669312
702 -668.53393555 -7.26667321
703 -668.53417969 -7.26667587
704 -668.53479004 -7.26668250
705 -668.53552246 -7.26669046
706 -668.53552246 -7.26669046
707 -668.53491211 -7.26668383
708 -668.53497314 -7.26668449
709 -668.53460693 -7.26668051
710 -668.53485107 -7.26668316
711 -668.53625488 -7.26669842
712 -668.53576660 -7.26669312
713 -668.53588867 -7.26669444
714 -668.53466797 -7.26668117
715 -668.53424072 -7.26667653
716 -668.53570557 -7.26669245
717 -668.53546143 -7.26668980
718 -668.53491211 -7.26668383
719 -668.53643799 -7.26670041
720 -668.53717041 -7.26670837
721 -668.53710938 -7.26670771
722 -668.53887939 -7.26672695
723 -668.53826904 -7.26672032
724 -668.53802490 -7.26671766
725 -668.53912354 -7.26672960
726 -668.53930664 -7.26673159
727 -668.53845215 -7.26672231
728 -668.53857422 -7.26672363
729 -668.53924561 -7.26673093
730 -668.53869629 -7.26672496
731 -668.53973389 -7.26673624
732 -668.53826904 -7.26672032
733 -668.53887939 -7.26672695
734 -668.53930664 -7.26673159
735 -668.53906250 -7.26672894
736 -668.53967285 -7.26673557
737 -668.53900146 -7.26672828
738 -668.53991699 -7.26673823
739 -668.54101562 -7.26675017
740 -668.54071045 -7.26674685
741 -668.54180908 -7.26675879
742 -668.54113770 -7.26675150
743 -668.54046631 -7.26674420
744 -668.54162598 -7.26675680
745 -668.54089355 -7.26674884
746 -668.54144287 -7.26675481
747 -668.54046631 -7.26674420
748 -668.54223633 -7.26676344
749 -668.54125977 -7.26675282
750 -668.54205322 -7.26676145
751 -668.54132080 -7.26675349
752 -668.54187012 -7.26675946
753 -668.54211426 -7.26676211
754 -668.54113770 -7.26675150
755 -668.54284668 -7.26677007
756 -668.54168701 -7.26675747
757 -668.54333496 -7.26677538
758 -668.54064941 -7.26674619
759 -668.54302979 -7.26677206
760 -668.54321289 -7.26677405
761 -668.54309082 -7.26677273
762 -668.54290771 -7.26677074
763 -668.54217529 -7.26676277
764 -668.54272461 -7.26676875
765 -668.54345703 -7.26677671
766 -668.54327393 -7.26677472
767 -668.54388428 -7.26678135
768 -668.54400635 -7.26678268
769 -668.54315186 -7.26677339
770 -668.54321289 -7.26677405
771 -668.54223633 -7.26676344
772 -668.54376221 -7.26678002
773 -668.54309082 -7.26677273
774 -668.54302979 -7.26677206
775 -668.54327393 -7.26677472
776 -668.54406738 -7.26678334
777 -668.54406738 -7.26678334
778 -668.54400635 -7.26678268
779 -668.54498291 -7.26679329
780 -668.54534912 -7.26679727
781 -668.54486084 -7.26679197
782 -668.54388428 -7.26678135
783 -668.54467773 -7.26678998
784 -668.54553223 -7.26679926
785 -668.54498291 -7.26679329
786 -668.54479980 -7.26679130
787 -668.54602051 -7.26680457
788 -668.54394531 -7.26678201
789 -668.54595947 -7.26680391
790 -668.54614258 -7.26680590
791 -668.54656982 -7.26681054
792 -668.54669189 -7.26681187
793 -668.54687500 -7.26681386
794 -668.54656982 -7.26681054
795 -668.54705811 -7.26681585
796 -668.54742432 -7.26681983
797 -668.54681396 -7.26681320
798 -668.54736328 -7.26681917
799 -668.54779053 -7.26682381
800 -668.54797363 -7.26682580
801 -668.54791260 -7.26682514
802 -668.54718018 -7.26681718
803 -668.54791260 -7.26682514
804 -668.54846191 -7.26683111
805 -668.54821777 -7.26682845
806 -668.54901123 -7.26683708
807 -668.54772949 -7.26682315
808 -668.54803467 -7.26682646
809 -668.54681396 -7.26681320
810 -668.54766846 -7.26682248
811 -668.54760742 -7.26682182
812 -668.54772949 -7.26682315
813 -668.54809570 -7.26682713
814 -668.54754639 -7.26682116
815 -668.54785156 -7.26682447
816 -668.54534912 -7.26679727
817 -668.54602051 -7.26680457
818 -668.54675293 -7.26681253
819 -668.54699707 -7.26681519
820 -668.54656982 -7.26681054
821 -668.54791260 -7.26682514
822 -668.54797363 -7.26682580
823 -668.54852295 -7.26683177
824 -668.54882812 -7.26683509
825 -668.54827881 -7.26682912
826 -668.54895020 -7.26683642
827 -668.54833984 -7.26682978
828 -668.54943848 -7.26684172
829 -668.54943848 -7.26684172
830 -668.54962158 -7.26684371
831 -668.54901123 -7.26683708
832 -668.54888916 -7.26683575
833 -668.54968262 -7.26684438
834 -668.54785156 -7.26682447
835 -668.54986572 -7.26684637
836 -668.54992676 -7.26684703
837 -668.54888916 -7.26683575
838 -668.54876709 -7.26683442
839 -668.54846191 -7.26683111
840 -668.54852295 -7.26683177
841 -668.54913330 -7.26683841
842 -668.54681396 -7.26681320
843 -668.54846191 -7.26683111
844 -668.54791260 -7.26682514
845 -668.54931641 -7.26684040
846 -668.54846191 -7.26683111
847 -668.54687500 -7.26681386
848 -668.54870605 -7.26683376
849 -668.54833984 -7.26682978
850 -668.54736328 -7.26681917
851 -668.54876709 -7.26683442
852 -668.54797363 -7.26682580
853 -668.54870605 -7.26683376
854 -668.54956055 -7.26684305
855 -668.54943848 -7.26684172
856 -668.54919434 -7.26683907
857 -668.54876709 -7.26683442
858 -668.54803467 -7.26682646
859 -668.54827881 -7.26682912
860 -668.54840088 -7.26683044
861 -668.54833984 -7.26682978
862 -668.54742432 -7.26681983
863 -668.54852295 -7.26683177
864 -668.54754639 -7.26682116
865 -668.54681396 -7.26681320
866 -668.54595947 -7.26680391
867 -668.54522705 -7.26679595
868 -668.54553223 -7.26679926
869 -668.54589844 -7.26680324
870 -668.54534912 -7.26679727
871 -668.54577637 -7.26680192
872 -668.54553223 -7.26679926
873 -668.54589844 -7.26680324
874 -668.54547119 -7.26679860
875 -668.54626465 -7.26680722
876 -668.54669189 -7.26681187
877 -668.54449463 -7.26678799
878 -668.54656982 -7.26681054
879 -668.54553223 -7.26679926
880 -668.54608154 -7.26680523
881 -668.54541016 -7.26679794
882 -668.54608154 -7.26680523
883 -668.54620361 -7.26680656
884 -668.54608154 -7.26680523
885 -668.54638672 -7.26680855
886 -668.54541016 -7.26679794
887 -668.54699707 -7.26681519
888 -668.54620361 -7.26680656
889 -668.54589844 -7.26680324
890 -668.54565430 -7.26680059
891 -668.54479980 -7.26679130
892 -668.54528809 -7.26679661
893 -668.54461670 -7.26678931
894 -668.54309082 -7.26677273
895 -668.54431152 -7.26678599
896 -668.54650879 -7.26680988
897 -668.54534912 -7.26679727
898 -668.54504395 -7.26679396
899 -668.54479980 -7.26679130
900 -668.54510498 -7.26679462
901 -668.54479980 -7.26679130
902 -668.54528809 -7.26679661
903 -668.54565430 -7.26680059
904 -668.54663086 -7.26681120
905 -668.54626465 -7.26680722
906 -668.54650879 -7.26680988
907 -668.54608154 -7.26680523
908 -668.54541016 -7.26679794
909 -668.54595947 -7.26680391
910 -668.54479980 -7.26679130
911 -668.54418945 -7.26678467
912 -668.54595947 -7.26680391
913 -668.54577637 -7.26680192
914 -668.54528809 -7.26679661
915 -668.54528809 -7.26679661
916 -668.54589844 -7.26680324
917 -668.54620361 -7.26680656
918 -668.54669189 -7.26681187
919 -668.54614258 -7.26680590
920 -668.54553223 -7.26679926
921 -668.54595947 -7.26680391
922 -668.54565430 -7.26680059
923 -668.54553223 -7.26679926
924 -668.54602051 -7.26680457
925 -668.54608154 -7.26680523
926 -668.54534912 -7.26679727
927 -668.54437256 -7.26678666
928 -668.54541016 -7.26679794
929 -668.54412842 -7.26678400
930 -668.54467773 -7.26678998
931 -668.54577637 -7.26680192
932 -668.54541016 -7.26679794
933 -668.54510498 -7.26679462
934 -668.54425049 -7.26678533
935 -668.54376221 -7.26678002
936 -668.54565430 -7.26680059
937 -668.54614258 -7.26680590
938 -668.54449463 -7.26678799
939 -668.54541016 -7.26679794
940 -668.54528809 -7.26679661
941 -668.54486084 -7.26679197
942 -668.54376221 -7.26678002
943 -668.54223633 -7.26676344
944 -668.54425049 -7.26678533
945 -668.54351807 -7.26677737
946 -668.54559326 -7.26679993
947 -668.54418945 -7.26678467
948 -668.54467773 -7.26678998
949 -668.54394531 -7.26678201
950 -668.54522705 -7.26679595
951 -668.54565430 -7.26680059
952 -668.54541016 -7.26679794
953 -668.54583740 -7.26680258
954 -668.54504395 -7.26679396
955 -668.54510498 -7.26679462
956 -668.54608154 -7.26680523
957 -668.54541016 -7.26679794
958 -668.54620361 -7.26680656
959 -668.54504395 -7.26679396
960 -668.54418945 -7.26678467
961 -668.54669189 -7.26681187
962 -668.54528809 -7.26679661
963 -668.54650879 -7.26680988
964 -668.54650879 -7.26680988
965 -668.54492188 -7.26679263
966 -668.54644775 -7.26680921
967 -668.54626465 -7.26680722
968 -668.54614258 -7.26680590
969 -668.54821777 -7.26682845
970 -668.54626465 -7.26680722
971 -668.54840088 -7.26683044
972 -668.54809570 -7.26682713
973 -668.54791260 -7.26682514
974 -668.54809570 -7.26682713
975 -668.54766846 -7.26682248
976 -668.54705811 -7.26681585
977 -668.54925537 -7.26683973
978 -668.54852295 -7.26683177
979 -668.54785156 -7.26682447
980 -668.54858398 -7.26683243
981 -668.54888916 -7.26683575
982 -668.54827881 -7.26682912
983 -668.54852295 -7.26683177
984 -668.54742432 -7.26681983
985 -668.54754639 -7.26682116
986 -668.54809570 -7.26682713
987 -668.54748535 -7.26682049
988 -668.54895020 -7.26683642
989 -668.54803467 -7.26682646
990 -668.54742432 -7.26681983
991 -668.54791260 -7.26682514
992 -668.54724121 -7.26681784
993 -668.54803467 -7.26682646
994 -668.54803467 -7.26682646
995 -668.54583740 -7.26680258
996 -668.54833984 -7.26682978
997 -668.54864502 -7.26683310
998 -668.54888916 -7.26683575
999 -668.54882812 -7.26683509
