0 -628.56469727 -6.28564697
1 -628.60363770 -6.28603638
2 -628.63513184 -6.28635132
3 -628.66076660 -6.28660767
4 -628.68273926 -6.28682739
5 -628.69824219 -6.28698242
6 -628.71368408 -6.28713684
7 -628.72595215 -6.28725952
8 -628.73657227 -6.28736572
9 -628.74645996 -6.28746460
10 -628.75506592 -6.28755066
11 -628.76184082 -6.28761841
12 -628.76818848 -6.28768188
13 -628.77453613 -6.28774536
14 -628.78015137 -6.28780151
15 -628.78454590 -6.28784546
16 -628.78924561 -6.28789246
17 -628.79302979 -6.28793030
18 -628.79724121 -6.28797241
19 -628.80139160 -6.28801392
20 -628.80432129 -6.28804321
21 -628.80737305 -6.28807373
22 -628.81018066 -6.28810181
23 -628.81188965 -6.28811890
24 -628.81506348 -6.28815063
25 -628.81835938 -6.28818359
26 -628.82104492 -6.28821045
27 -628.82348633 -6.28823486
28 -628.82629395 -6.28826294
29 -628.82843018 -6.28828430
30 -628.83007812 -6.28830078
31 -628.83239746 -6.28832397
32 -628.83422852 -6.28834229
33 -628.83691406 -6.28836914
34 -628.83929443 -6.28839294
35 -628.84106445 -6.28841064
36 -628.84222412 -6.28842224
37 -628.84344482 -6.28843445
38 -628.84582520 -6.28845825
39 -628.84765625 -6.28847656
40 -628.84887695 -6.28848877
41 -628.85156250 -6.28851562
42 -628.85284424 -6.28852844
43 -628.85375977 -6.28853760
44 -628.85522461 -6.28855225
45 -628.85565186 -6.28855652
46 -628.85687256 -6.28856873
47 -628.85803223 -6.28858032
48 -628.85937500 -6.28859375
49 -628.86102295 -6.28861023
50 -628.86273193 -6.28862732
51 -628.86352539 -6.28863525
52 -628.86401367 -6.28864014
53 -628.86401367 -6.28864014
54 -628.86608887 -6.28866089
55 -628.86779785 -6.28867798
56 -628.86791992 -6.28867920
57 -628.86810303 -6.28868103
58 -628.86932373 -6.28869324
59 -628.87048340 -6.28870483
60 -628.87115479 -6.28871155
61 -628.87207031 -6.28872070
62 -628.87249756 -6.28872498
63 -628.87353516 -6.28873535
64 -628.87426758 -6.28874268
65 -628.87500000 -6.28875000
66 -628.87634277 -6.28876343
67 -628.87609863 -6.28876099
68 -628.87731934 -6.28877319
69 -628.87854004 -6.28878540
70 -628.87872314 -6.28878723
71 -628.87976074 -6.28879761
72 -628.88049316 -6.28880493
73 -628.88177490 -6.28881775
74 -628.88024902 -6.28880249
75 -628.88208008 -6.28882080
76 -628.88232422 -6.28882324
77 -628.88281250 -6.28882813
78 -628.88391113 -6.28883911
79 -628.88348389 -6.28883484
80 -628.88378906 -6.28883789
81 -628.88439941 -6.28884399
82 -628.88446045 -6.28884460
83 -628.88574219 -6.28885742
84 -628.88647461 -6.28886475
85 -628.88586426 -6.28885864
86 -628.88702393 -6.28887024
87 -628.88793945 -6.28887939
88 -628.88787842 -6.28887878
89 -628.88970947 -6.28889709
90 -628.88922119 -6.28889221
91 -628.89074707 -6.28890747
92 -628.89050293 -6.28890503
93 -628.89190674 -6.28891907
94 -628.89263916 -6.28892639
95 -628.89257812 -6.28892578
96 -628.89233398 -6.28892334
97 -628.89465332 -6.28894653
98 -628.89495850 -6.28894958
99 -628.89569092 -6.28895691
100 -628.89599609 -6.28895996
101 -628.89630127 -6.28896301
102 -628.89697266 -6.28896973
103 -628.89807129 -6.28898071
104 -628.89776611 -6.28897766
105 -628.89880371 -6.28898804
106 -628.89990234 -6.28899902
107 -628.89996338 -6.28899963
108 -628.90051270 -6.28900513
109 -628.90203857 -6.28902039
110 -628.90161133 -6.28901611
111 -628.90234375 -6.28902344
112 -628.90429688 -6.28904297
113 -628.90478516 -6.28904785
114 -628.90454102 -6.28904541
115 -628.90515137 -6.28905151
116 -628.90490723 -6.28904907
117 -628.90649414 -6.28906494
118 -628.90747070 -6.28907471
119 -628.90856934 -6.28908569
120 -628.90808105 -6.28908081
121 -628.90887451 -6.28908875
122 -628.90930176 -6.28909302
123 -628.91003418 -6.28910034
124 -628.91040039 -6.28910400
125 -628.91143799 -6.28911438
126 -628.91125488 -6.28911255
127 -628.91259766 -6.28912598
128 -628.91320801 -6.28913208
129 -628.91308594 -6.28913086
130 -628.91333008 -6.28913330
131 -628.91412354 -6.28914124
132 -628.91430664 -6.28914307
133 -628.91461182 -6.28914612
134 -628.91632080 -6.28916321
135 -628.91589355 -6.28915894
136 -628.91577148 -6.28915771
137 -628.91705322 -6.28917053
138 -628.91717529 -6.28917175
139 -628.91760254 -6.28917603
140 -628.91699219 -6.28916992
141 -628.91857910 -6.28918579
142 -628.91839600 -6.28918396
143 -628.91943359 -6.28919434
144 -628.91931152 -6.28919312
145 -628.91998291 -6.28919983
146 -628.92126465 -6.28921265
147 -628.92187500 -6.28921875
148 -628.92236328 -6.28922363
149 -628.92187500 -6.28921875
150 -628.92297363 -6.28922974
151 -628.92236328 -6.28922363
152 -628.92358398 -6.28923584
153 -628.92388916 -6.28923889
154 -628.92352295 -6.28923523
155 -628.92401123 -6.28924011
156 -628.92468262 -6.28924683
157 -628.92498779 -6.28924988
158 -628.92608643 -6.28926086
159 -628.92572021 -6.28925720
160 -628.92553711 -6.28925537
161 -628.92584229 -6.28925842
162 -628.92608643 -6.28926086
163 -628.92553711 -6.28925537
164 -628.92724609 -6.28927246
165 -628.92639160 -6.28926392
166 -628.92742920 -6.28927429
167 -628.92742920 -6.28927429
168 -628.92785645 -6.28927856
169 -628.92864990 -6.28928650
170 -628.92749023 -6.28927490
171 -628.92858887 -6.28928589
172 -628.92962646 -6.28929626
173 -628.92895508 -6.28928955
174 -628.92919922 -6.28929199
175 -628.92956543 -6.28929565
176 -628.92968750 -6.28929687
177 -628.92919922 -6.28929199
178 -628.92950439 -6.28929504
179 -628.92932129 -6.28929321
180 -628.92913818 -6.28929138
181 -628.92926025 -6.28929260
182 -628.92889404 -6.28928894
183 -628.92871094 -6.28928711
184 -628.92968750 -6.28929687
185 -628.92932129 -6.28929321
186 -628.92840576 -6.28928406
187 -628.92883301 -6.28928833
188 -628.92895508 -6.28928955
189 -628.92846680 -6.28928467
190 -628.92877197 -6.28928772
191 -628.92889404 -6.28928894
192 -628.92834473 -6.28928345
193 -628.92889404 -6.28928894
194 -628.92871094 -6.28928711
195 -628.92846680 -6.28928467
196 -628.92858887 -6.28928589
197 -628.92846680 -6.28928467
198 -628.92871094 -6.28928711
199 -628.92724609 -6.28927246
200 -628.92785645 -6.28927856
201 -628.92761230 -6.28927612
202 -628.92864990 -6.28928650
203 -628.92883301 -6.28928833
204 -628.92950439 -6.28929504
205 -628.92797852 -6.28927979
206 -628.92785645 -6.28927856
207 -628.92797852 -6.28927979
208 -628.92797852 -6.28927979
209 -628.92791748 -6.28927917
210 -628.92700195 -6.28927002
211 -628.92724609 -6.28927246
212 -628.92797852 -6.28927979
213 -628.92779541 -6.28927795
214 -628.92736816 -6.28927368
215 -628.92755127 -6.28927551
216 -628.92864990 -6.28928650
217 -628.92864990 -6.28928650
218 -628.92828369 -6.28928284
219 -628.92834473 -6.28928345
220 -628.92974854 -6.28929749
221 -628.92889404 -6.28928894
222 -628.92950439 -6.28929504
223 -628.92968750 -6.28929687
224 -628.92993164 -6.28929932
225 -628.93072510 -6.28930725
226 -628.92974854 -6.28929749
227 -628.92987061 -6.28929871
228 -628.92919922 -6.28929199
229 -628.93017578 -6.28930176
230 -628.93078613 -6.28930786
231 -628.93066406 -6.28930664
232 -628.93035889 -6.28930359
233 -628.93133545 -6.28931335
234 -628.93133545 -6.28931335
235 -628.93151855 -6.28931519
236 -628.93157959 -6.28931580
237 -628.93151855 -6.28931519
238 -628.93200684 -6.28932007
239 -628.93243408 -6.28932434
240 -628.93298340 -6.28932983
241 -628.93322754 -6.28933228
242 -628.93347168 -6.28933472
243 -628.93408203 -6.28934082
244 -628.93457031 -6.28934570
245 -628.93542480 -6.28935425
246 -628.93548584 -6.28935486
247 -628.93518066 -6.28935181
248 -628.93634033 -6.28936340
249 -628.93695068 -6.28936951
250 -628.93713379 -6.28937134
251 -628.93579102 -6.28935791
252 -628.93603516 -6.28936035
253 -628.93640137 -6.28936401
254 -628.93670654 -6.28936707
255 -628.93725586 -6.28937256
256 -628.93774414 -6.28937744
257 -628.93823242 -6.28938232
258 -628.93786621 -6.28937866
259 -628.93786621 -6.28937866
260 -628.93829346 -6.28938293
261 -628.93817139 -6.28938171
262 -628.93908691 -6.28939087
263 -628.93994141 -6.28939941
264 -628.93981934 -6.28939819
265 -628.94030762 -6.28940308
266 -628.94116211 -6.28941162
267 -628.94177246 -6.28941772
268 -628.94256592 -6.28942566
269 -628.94244385 -6.28942444
270 -628.94354248 -6.28943542
271 -628.94317627 -6.28943176
272 -628.94403076 -6.28944031
273 -628.94451904 -6.28944519
274 -628.94451904 -6.28944519
275 -628.94543457 -6.28945435
276 -628.94458008 -6.28944580
277 -628.94604492 -6.28946045
278 -628.94506836 -6.28945068
279 -628.94641113 -6.28946411
280 -628.94677734 -6.28946777
281 -628.94616699 -6.28946167
282 -628.94616699 -6.28946167
283 -628.94769287 -6.28947693
284 -628.94726562 -6.28947266
285 -628.94805908 -6.28948059
286 -628.94897461 -6.28948975
287 -628.94921875 -6.28949219
288 -628.94915771 -6.28949158
289 -628.94921875 -6.28949219
290 -628.94934082 -6.28949341
291 -628.94982910 -6.28949829
292 -628.95043945 -6.28950439
293 -628.95025635 -6.28950256
294 -628.95104980 -6.28951050
295 -628.95104980 -6.28951050
296 -628.95166016 -6.28951660
297 -628.95190430 -6.28951904
298 -628.95233154 -6.28952332
299 -628.95288086 -6.28952881
300 -628.95361328 -6.28953613
301 -628.95330811 -6.28953308
302 -628.95312500 -6.28953125
303 -628.95349121 -6.28953491
304 -628.95410156 -6.28954102
305 -628.95422363 -6.28954224
306 -628.95404053 -6.28954041
307 -628.95422363 -6.28954224
308 -628.95446777 -6.28954468
309 -628.95440674 -6.28954407
310 -628.95452881 -6.28954529
311 -628.95538330 -6.28955383
312 -628.95550537 -6.28955505
313 -628.95489502 -6.28954895
314 -628.95532227 -6.28955322
315 -628.95513916 -6.28955139
316 -628.95526123 -6.28955261
317 -628.95501709 -6.28955017
318 -628.95538330 -6.28955383
319 -628.95526123 -6.28955261
320 -628.95532227 -6.28955322
321 -628.95587158 -6.28955872
322 -628.95581055 -6.28955811
323 -628.95605469 -6.28956055
324 -628.95532227 -6.28955322
325 -628.95562744 -6.28955627
326 -628.95568848 -6.28955688
327 -628.95654297 -6.28956543
328 -628.95581055 -6.28955811
329 -628.95660400 -6.28956604
330 -628.95593262 -6.28955933
331 -628.95593262 -6.28955933
332 -628.95532227 -6.28955322
333 -628.95599365 -6.28955994
334 -628.95526123 -6.28955261
335 -628.95581055 -6.28955811
336 -628.95617676 -6.28956177
337 -628.95703125 -6.28957031
338 -628.95532227 -6.28955322
339 -628.95581055 -6.28955811
340 -628.95593262 -6.28955933
341 -628.95562744 -6.28955627
342 -628.95568848 -6.28955688
343 -628.95422363 -6.28954224
344 -628.95446777 -6.28954468
345 -628.95489502 -6.28954895
346 -628.95458984 -6.28954590
347 -628.95495605 -6.28954956
348 -628.95495605 -6.28954956
349 -628.95440674 -6.28954407
350 -628.95465088 -6.28954651
351 -628.95471191 -6.28954712
352 -628.95581055 -6.28955811
353 -628.95605469 -6.28956055
354 -628.95538330 -6.28955383
355 -628.95611572 -6.28956116
356 -628.95623779 -6.28956238
357 -628.95642090 -6.28956421
358 -628.95660400 -6.28956604
359 -628.95690918 -6.28956909
360 -628.95654297 -6.28956543
361 -628.95635986 -6.28956360
362 -628.95721436 -6.28957214
363 -628.95739746 -6.28957397
364 -628.95788574 -6.28957886
365 -628.95782471 -6.28957825
366 -628.95800781 -6.28958008
367 -628.95812988 -6.28958130
368 -628.95910645 -6.28959106
369 -628.95880127 -6.28958801
370 -628.95831299 -6.28958313
371 -628.95935059 -6.28959351
372 -628.95941162 -6.28959412
373 -628.96020508 -6.28960205
374 -628.95977783 -6.28959778
375 -628.96130371 -6.28961304
376 -628.96130371 -6.28961304
377 -628.96203613 -6.28962036
378 -628.96166992 -6.28961670
379 -628.96179199 -6.28961792
380 -628.96166992 -6.28961670
381 -628.96173096 -6.28961731
382 -628.96166992 -6.28961670
383 -628.96221924 -6.28962219
384 -628.96240234 -6.28962402
385 -628.96203613 -6.28962036
386 -628.96270752 -6.28962708
387 -628.96264648 -6.28962646
388 -628.96325684 -6.28963257
389 -628.96331787 -6.28963318
390 -628.96246338 -6.28962463
391 -628.96276855 -6.28962769
392 -628.96246338 -6.28962463
393 -628.96258545 -6.28962585
394 -628.96234131 -6.28962341
395 -628.96289062 -6.28962891
396 -628.96264648 -6.28962646
397 -628.96319580 -6.28963196
398 -628.96380615 -6.28963806
399 -628.96417236 -6.28964172
400 -628.96417236 -6.28964172
401 -628.96484375 -6.28964844
402 -628.96514893 -6.28965149
403 -628.96423340 -6.28964233
404 -628.96459961 -6.28964600
405 -628.96508789 -6.28965088
406 -628.96441650 -6.28964417
407 -628.96527100 -6.28965271
408 -628.96380615 -6.28963806
409 -628.96496582 -6.28964966
410 -628.96398926 -6.28963989
411 -628.96453857 -6.28964539
412 -628.96423340 -6.28964233
413 -628.96496582 -6.28964966
414 -628.96453857 -6.28964539
415 -628.96350098 -6.28963501
416 -628.96447754 -6.28964478
417 -628.96411133 -6.28964111
418 -628.96276855 -6.28962769
419 -628.96405029 -6.28964050
420 -628.96435547 -6.28964355
421 -628.96478271 -6.28964783
422 -628.96508789 -6.28965088
423 -628.96447754 -6.28964478
424 -628.96472168 -6.28964722
425 -628.96490479 -6.28964905
426 -628.96478271 -6.28964783
427 -628.96362305 -6.28963623
428 -628.96423340 -6.28964233
429 -628.96466064 -6.28964661
430 -628.96490479 -6.28964905
431 -628.96545410 -6.28965454
432 -628.96423340 -6.28964233
433 -628.96478271 -6.28964783
434 -628.96514893 -6.28965149
435 -628.96496582 -6.28964966
436 -628.96563721 -6.28965637
437 -628.96588135 -6.28965881
438 -628.96557617 -6.28965576
439 -628.96496582 -6.28964966
440 -628.96600342 -6.28966003
441 -628.96667480 -6.28966675
442 -628.96679688 -6.28966797
443 -628.96691895 -6.28966919
444 -628.96704102 -6.28967041
445 -628.96752930 -6.28967529
446 -628.96740723 -6.28967407
447 -628.96716309 -6.28967163
448 -628.96789551 -6.28967896
449 -628.96881104 -6.28968811
450 -628.96899414 -6.28968994
451 -628.96801758 -6.28968018
452 -628.96801758 -6.28968018
453 -628.96856689 -6.28968567
454 -628.96862793 -6.28968628
455 -628.96820068 -6.28968201
456 -628.96875000 -6.28968750
457 -628.96807861 -6.28968079
458 -628.96832275 -6.28968323
459 -628.96826172 -6.28968262
460 -628.96826172 -6.28968262
461 -628.96789551 -6.28967896
462 -628.96868896 -6.28968689
463 -628.96777344 -6.28967773
464 -628.96801758 -6.28968018
465 -628.96826172 -6.28968262
466 -628.96710205 -6.28967102
467 -628.96691895 -6.28966919
468 -628.96667480 -6.28966675
469 -628.96655273 -6.28966553
470 -628.96612549 -6.28966125
471 -628.96685791 -6.28966858
472 -628.96606445 -6.28966064
473 -628.96551514 -6.28965515
474 -628.96490479 -6.28964905
475 -628.96551514 -6.28965515
476 -628.96405029 -6.28964050
477 -628.96435547 -6.28964355
478 -628.96417236 -6.28964172
479 -628.96435547 -6.28964355
480 -628.96337891 -6.28963379
481 -628.96295166 -6.28962952
482 -628.96252441 -6.28962524
483 -628.96270752 -6.28962708
484 -628.96325684 -6.28963257
485 -628.96301270 -6.28963013
486 -628.96374512 -6.28963745
487 -628.96374512 -6.28963745
488 -628.96319580 -6.28963196
489 -628.96319580 -6.28963196
490 -628.96398926 -6.28963989
491 -628.96374512 -6.28963745
492 -628.96203613 -6.28962036
493 -628.96099854 -6.28960999
494 -628.96252441 -6.28962524
495 -628.96301270 -6.28963013
496 -628.96362305 -6.28963623
497 -628.96374512 -6.28963745
498 -628.96386719 -6.28963867
499 -628.96386719 -6.28963867
500 -628.96484375 -6.28964844
501 -628.96453857 -6.28964539
502 -628.96398926 -6.28963989
503 -628.96484375 -6.28964844
504 -628.96447754 -6.28964478
505 -628.96533203 -6.28965332
506 -628.96508789 -6.28965088
507 -628.96630859 -6.28966309
508 -628.96679688 -6.28966797
509 -628.96826172 -6.28968262
510 -628.96783447 -6.28967834
511 -628.96911621 -6.28969116
512 -628.96936035 -6.28969360
513 -628.96905518 -6.28969055
514 -628.97064209 -6.28970642
515 -628.96990967 -6.28969910
516 -628.97113037 -6.28971130
517 -628.97277832 -6.28972778
518 -628.97143555 -6.28971436
519 -628.97290039 -6.28972900
520 -628.97290039 -6.28972900
521 -628.97387695 -6.28973877
522 -628.97387695 -6.28973877
523 -628.97521973 -6.28975220
524 -628.97570801 -6.28975708
525 -628.97698975 -6.28976990
526 -628.97717285 -6.28977173
527 -628.97790527 -6.28977905
528 -628.97778320 -6.28977783
529 -628.97784424 -6.28977844
530 -628.97882080 -6.28978821
531 -628.97869873 -6.28978699
532 -628.97863770 -6.28978638
533 -628.97863770 -6.28978638
534 -628.97796631 -6.28977966
535 -628.97937012 -6.28979370
536 -628.97955322 -6.28979553
537 -628.97979736 -6.28979797
538 -628.98010254 -6.28980103
539 -628.98034668 -6.28980347
540 -628.97998047 -6.28979980
541 -628.98016357 -6.28980164
542 -628.98022461 -6.28980225
543 -628.98101807 -6.28981018
544 -628.98144531 -6.28981445
545 -628.98187256 -6.28981873
546 -628.98144531 -6.28981445
547 -628.98156738 -6.28981567
548 -628.98168945 -6.28981689
549 -628.98107910 -6.28981079
550 -628.98046875 -6.28980469
551 -628.98156738 -6.28981567
552 -628.98126221 -6.28981262
553 -628.98205566 -6.28982056
554 -628.98211670 -6.28982117
555 -628.98303223 -6.28983032
556 -628.98229980 -6.28982300
557 -628.98193359 -6.28981934
558 -628.98156738 -6.28981567
559 -628.98071289 -6.28980713
560 -628.98254395 -6.28982544
561 -628.98248291 -6.28982483
562 -628.98223877 -6.28982239
563 -628.98266602 -6.28982666
564 -628.98278809 -6.28982788
565 -628.98321533 -6.28983215
566 -628.98315430 -6.28983154
567 -628.98303223 -6.28983032
568 -628.98291016 -6.28982910
569 -628.98370361 -6.28983704
570 -628.98364258 -6.28983643
571 -628.98364258 -6.28983643
572 -628.98327637 -6.28983276
573 -628.98394775 -6.28983948
574 -628.98394775 -6.28983948
575 -628.98425293 -6.28984253
576 -628.98352051 -6.28983521
577 -628.98400879 -6.28984009
578 -628.98370361 -6.28983704
579 -628.98315430 -6.28983154
580 -628.98303223 -6.28983032
581 -628.98327637 -6.28983276
582 -628.98431396 -6.28984314
583 -628.98468018 -6.28984680
584 -628.98400879 -6.28984009
585 -628.98364258 -6.28983643
586 -628.98449707 -6.28984497
587 -628.98376465 -6.28983765
588 -628.98339844 -6.28983398
589 -628.98345947 -6.28983459
590 -628.98352051 -6.28983521
591 -628.98327637 -6.28983276
592 -628.98449707 -6.28984497
593 -628.98345947 -6.28983459
594 -628.98309326 -6.28983093
595 -628.98370361 -6.28983704
596 -628.98339844 -6.28983398
597 -628.98333740 -6.28983337
598 -628.98364258 -6.28983643
599 -628.98309326 -6.28983093
600 -628.98364258 -6.28983643
601 -628.98352051 -6.28983521
602 -628.98352051 -6.28983521
603 -628.98364258 -6.28983643
604 -628.98352051 -6.28983521
605 -628.98376465 -6.28983765
606 -628.98400879 -6.28984009
607 -628.98352051 -6.28983521
608 -628.98278809 -6.28982788
609 -628.98327637 -6.28983276
610 -628.98358154 -6.28983582
611 -628.98303223 -6.28983032
612 -628.98364258 -6.28983643
613 -628.98333740 -6.28983337
614 -628.98352051 -6.28983521
615 -628.98272705 -6.28982727
616 -628.98345947 -6.28983459
617 -628.98382568 -6.28983826
618 -628.98339844 -6.28983398
619 -628.98254395 -6.28982544
620 -628.98193359 -6.28981934
621 -628.98266602 -6.28982666
622 -628.98229980 -6.28982300
623 -628.98333740 -6.28983337
624 -628.98315430 -6.28983154
625 -628.98187256 -6.28981873
626 -628.98199463 -6.28981995
627 -628.98229980 -6.28982300
628 -628.98272705 -6.28982727
629 -628.98211670 -6.28982117
630 -628.98321533 -6.28983215
631 -628.98248291 -6.28982483
632 -628.98327637 -6.28983276
633 -628.98205566 -6.28982056
634 -628.98272705 -6.28982727
635 -628.98303223 -6.28983032
636 -628.98327637 -6.28983276
637 -628.98156738 -6.28981567
638 -628.98181152 -6.28981812
639 -628.98138428 -6.28981384
640 -628.98138428 -6.28981384
641 -628.98156738 -6.28981567
642 -628.98168945 -6.28981689
643 -628.98126221 -6.28981262
644 -628.98107910 -6.28981079
645 -628.98260498 -6.28982605
646 -628.98187256 -6.28981873
647 -628.98193359 -6.28981934
648 -628.98199463 -6.28981995
649 -628.98266602 -6.28982666
650 -628.98266602 -6.28982666
651 -628.98205566 -6.28982056
652 -628.98138428 -6.28981384
653 -628.98217773 -6.28982178
654 -628.98242188 -6.28982422
655 -628.98284912 -6.28982849
656 -628.98278809 -6.28982788
657 -628.98333740 -6.28983337
658 -628.98364258 -6.28983643
659 -628.98364258 -6.28983643
660 -628.98382568 -6.28983826
661 -628.98522949 -6.28985229
662 -628.98529053 -6.28985291
663 -628.98559570 -6.28985596
664 -628.98498535 -6.28984985
665 -628.98510742 -6.28985107
666 -628.98596191 -6.28985962
667 -628.98571777 -6.28985718
668 -628.98596191 -6.28985962
669 -628.98565674 -6.28985657
670 -628.98632812 -6.28986328
671 -628.98608398 -6.28986084
672 -628.98693848 -6.28986938
673 -628.98699951 -6.28987000
674 -628.98687744 -6.28986877
675 -628.98779297 -6.28987793
676 -628.98791504 -6.28987915
677 -628.98834229 -6.28988342
678 -628.98858643 -6.28988586
679 -628.98937988 -6.28989380
680 -628.98840332 -6.28988403
681 -628.98785400 -6.28987854
682 -628.98913574 -6.28989136
683 -628.98889160 -6.28988892
684 -628.98876953 -6.28988770
685 -628.98864746 -6.28988647
686 -628.98944092 -6.28989441
687 -628.98913574 -6.28989136
688 -628.98901367 -6.28989014
689 -628.98956299 -6.28989563
690 -628.99005127 -6.28990051
691 -628.99060059 -6.28990601
692 -628.99121094 -6.28991211
693 -628.99078369 -6.28990784
694 -628.99145508 -6.28991455
695 -628.99096680 -6.28990967
696 -628.99047852 -6.28990479
697 -628.99176025 -6.28991760
698 -628.99139404 -6.28991394
699 -628.99182129 -6.28991821
700 -628.99194336 -6.28991943
701 -628.99291992 -6.28992920
702 -628.99279785 -6.28992798
703 -628.99322510 -6.28993225
704 -628.99340820 -6.28993408
705 -628.99273682 -6.28992737
706 -628.99310303 -6.28993103
707 -628.99340820 -6.28993408
708 -628.99359131 -6.28993591
709 -628.99444580 -6.28994446
710 -628.99456787 -6.28994568
711 -628.99438477 -6.28994385
712 -628.99432373 -6.28994324
713 -628.99456787 -6.28994568
714 -628.99377441 -6.28993774
715 -628.99304199 -6.28993042
716 -628.99310303 -6.28993103
717 -628.99279785 -6.28992798
718 -628.99310303 -6.28993103
719 -628.99340820 -6.28993408
720 -628.99285889 -6.28992859
721 -628.99322510 -6.28993225
722 -628.99224854 -6.28992249
723 -628.99218750 -6.28992188
724 -628.99395752 -6.28993958
725 -628.99395752 -6.28993958
726 -628.99346924 -6.28993469
727 -628.99353027 -6.28993530
728 -628.99346924 -6.28993469
729 -628.99334717 -6.28993347
730 -628.99322510 -6.28993225
731 -628.99255371 -6.28992554
732 -628.99206543 -6.28992065
733 -628.99261475 -6.28992615
734 -628.99163818 -6.28991638
735 -628.99096680 -6.28990967
736 -628.99090576 -6.28990906
737 -628.99237061 -6.28992371
738 -628.99237061 -6.28992371
739 -628.99133301 -6.28991333
740 -628.99212646 -6.28992126
741 -628.99182129 -6.28991821
742 -628.99218750 -6.28992188
743 -628.99304199 -6.28993042
744 -628.99273682 -6.28992737
745 -628.99157715 -6.28991577
746 -628.99127197 -6.28991272
747 -628.99121094 -6.28991211
748 -628.99139404 -6.28991394
749 -628.99182129 -6.28991821
750 -628.99182129 -6.28991821
751 -628.99267578 -6.28992676
752 -628.99237061 -6.28992371
753 -628.99267578 -6.28992676
754 -628.99261475 -6.28992615
755 -628.99206543 -6.28992065
756 -628.99243164 -6.28992432
757 -628.99273682 -6.28992737
758 -628.99194336 -6.28991943
759 -628.99212646 -6.28992126
760 -628.99255371 -6.28992554
761 -628.99237061 -6.28992371
762 -628.99230957 -6.28992310
763 -628.99218750 -6.28992188
764 -628.99304199 -6.28993042
765 -628.99267578 -6.28992676
766 -628.99328613 -6.28993286
767 -628.99316406 -6.28993164
768 -628.99334717 -6.28993347
769 -628.99328613 -6.28993286
770 -628.99291992 -6.28992920
771 -628.99273682 -6.28992737
772 -628.99304199 -6.28993042
773 -628.99389648 -6.28993896
774 -628.99322510 -6.28993225
775 -628.99450684 -6.28994507
776 -628.99383545 -6.28993835
777 -628.99401855 -6.28994019
