0 -635.81530762 -6.62307612
1 -635.82788086 -6.62320709
2 -635.83648682 -6.62329674
3 -635.84326172 -6.62336731
4 -635.84729004 -6.62340927
5 -635.85058594 -6.62344360
6 -635.85437012 -6.62348302
7 -635.85668945 -6.62350718
8 -635.85937500 -6.62353516
9 -635.86187744 -6.62356122
10 -635.86376953 -6.62358093
11 -635.86566162 -6.62360064
12 -635.86755371 -6.62362035
13 -635.86907959 -6.62363625
14 -635.87060547 -6.62365214
15 -635.87133789 -6.62365977
16 -635.87304688 -6.62367757
17 -635.87396240 -6.62368711
18 -635.87512207 -6.62369919
19 -635.87646484 -6.62371318
20 -635.87774658 -6.62372653
21 -635.87908936 -6.62374051
22 -635.88018799 -6.62375196
23 -635.88128662 -6.62376340
24 -635.88195801 -6.62377040
25 -635.88348389 -6.62378629
26 -635.88427734 -6.62379456
27 -635.88507080 -6.62380282
28 -635.88604736 -6.62381299
29 -635.88708496 -6.62382380
