0 -404.85394287 -6.32584286
1 -404.85467529 -6.32585430
2 -404.85412598 -6.32584572
3 -404.85504150 -6.32586002
4 -404.85858154 -6.32591534
5 -404.86004639 -6.32593822
6 -404.85925293 -6.32592583
7 -404.85900879 -6.32592201
8 -404.86145020 -6.32596016
9 -404.86077881 -6.32594967
10 -404.86254883 -6.32597733
11 -404.86169434 -6.32596397
12 -404.86614990 -6.32603359
13 -404.86370850 -6.32599545
14 -404.86773682 -6.32605839
15 -404.86975098 -6.32608986
16 -404.86810303 -6.32606411
17 -404.86816406 -6.32606506
18 -404.86926270 -6.32608223
19 -404.86846924 -6.32606983
20 -404.87084961 -6.32610703
21 -404.87023926 -6.32609749
22 -404.87182617 -6.32612228
23 -404.86810303 -6.32606411
24 -404.87078857 -6.32610607
25 -404.87188721 -6.32612324
26 -404.87377930 -6.32615280
27 -404.87609863 -6.32618904
28 -404.87744141 -6.32621002
29 -404.87469482 -6.32616711
30 -404.87530518 -6.32617664
31 -404.87536621 -6.32617760
32 -404.87591553 -6.32618618
33 -404.87615967 -6.32618999
34 -404.87744141 -6.32621002
35 -404.87878418 -6.32623100
36 -404.87689209 -6.32620144
37 -404.87957764 -6.32624340
38 -404.88098145 -6.32626534
39 -404.87860107 -6.32622814
40 -404.87921143 -6.32623768
41 -404.88098145 -6.32626534
42 -404.88159180 -6.32627487
43 -404.88128662 -6.32627010
44 -404.88104248 -6.32626629
45 -404.88055420 -6.32625866
46 -404.88177490 -6.32627773
47 -404.88256836 -6.32629013
48 -404.88275146 -6.32629299
49 -404.88177490 -6.32627773
50 -404.88153076 -6.32627392
51 -404.88195801 -6.32628059
52 -404.88092041 -6.32626438
53 -404.88232422 -6.32628632
54 -404.88140869 -6.32627201
55 -404.87902832 -6.32623482
56 -404.88049316 -6.32625771
57 -404.87945557 -6.32624149
58 -404.88195801 -6.32628059
59 -404.88238525 -6.32628727
60 -404.88348389 -6.32630444
61 -404.88195801 -6.32628059
62 -404.88433838 -6.32631779
63 -404.88391113 -6.32631111
64 -404.88421631 -6.32631588
65 -404.88647461 -6.32635117
66 -404.88751221 -6.32636738
67 -404.88488770 -6.32632637
68 -404.88983154 -6.32640362
69 -404.88513184 -6.32633018
70 -404.88177490 -6.32627773
71 -404.88317871 -6.32629967
72 -404.88494873 -6.32632732
73 -404.88720703 -6.32636261
74 -404.88549805 -6.32633591
75 -404.88543701 -6.32633495
76 -404.88818359 -6.32637787
77 -404.88714600 -6.32636166
78 -404.88958740 -6.32639980
79 -404.88916016 -6.32639313
80 -404.89044189 -6.32641315
81 -404.88903809 -6.32639122
82 -404.88720703 -6.32636261
83 -404.89154053 -6.32643032
84 -404.89166260 -6.32643223
85 -404.89288330 -6.32645130
86 -404.88989258 -6.32640457
87 -404.89367676 -6.32646370
88 -404.89337158 -6.32645893
89 -404.89208984 -6.32643890
90 -404.89355469 -6.32646179
91 -404.89239502 -6.32644367
92 -404.89471436 -6.32647991
93 -404.89251709 -6.32644558
94 -404.89337158 -6.32645893
95 -404.89129639 -6.32642651
96 -404.89056396 -6.32641506
97 -404.89331055 -6.32645798
98 -404.89154053 -6.32643032
99 -404.89379883 -6.32646561
100 -404.89227295 -6.32644176
101 -404.89300537 -6.32645321
102 -404.89465332 -6.32647896
103 -404.89184570 -6.32643509
104 -404.89605713 -6.32650089
105 -404.89501953 -6.32648468
106 -404.89373779 -6.32646465
107 -404.89544678 -6.32649136
108 -404.89044189 -6.32641315
109 -404.89288330 -6.32645130
110 -404.89569092 -6.32649517
111 -404.89434814 -6.32647419
112 -404.89666748 -6.32651043
113 -404.89697266 -6.32651520
114 -404.89721680 -6.32651901
115 -404.90075684 -6.32657433
116 -404.90173340 -6.32658958
117 -404.90289307 -6.32660770
118 -404.90460205 -6.32663441
119 -404.90173340 -6.32658958
120 -404.90185547 -6.32659149
121 -404.90167236 -6.32658863
122 -404.89947510 -6.32655430
123 -404.90008545 -6.32656384
124 -404.90155029 -6.32658672
125 -404.90270996 -6.32660484
126 -404.89947510 -6.32655430
127 -404.90087891 -6.32657623
128 -404.90277100 -6.32660580
129 -404.90209961 -6.32659531
130 -404.90112305 -6.32658005
131 -404.90338135 -6.32661533
132 -404.90350342 -6.32661724
133 -404.90606689 -6.32665730
134 -404.90728760 -6.32667637
135 -404.90600586 -6.32665634
136 -404.90893555 -6.32670212
137 -404.90533447 -6.32664585
138 -404.90570068 -6.32665157
139 -404.90753174 -6.32668018
140 -404.90686035 -6.32666969
141 -404.90820312 -6.32669067
142 -404.90875244 -6.32669926
143 -404.91040039 -6.32672501
144 -404.91180420 -6.32674694
145 -404.91101074 -6.32673454
146 -404.90863037 -6.32669735
147 -404.90869141 -6.32669830
148 -404.90972900 -6.32671452
149 -404.90826416 -6.32669163
150 -404.91046143 -6.32672596
151 -404.91058350 -6.32672787
152 -404.91357422 -6.32677460
153 -404.91131592 -6.32673931
154 -404.91247559 -6.32675743
155 -404.91174316 -6.32674599
156 -404.91320801 -6.32676888
157 -404.91052246 -6.32672691
158 -404.90948486 -6.32671070
159 -404.91253662 -6.32675838
160 -404.91131592 -6.32673931
161 -404.91290283 -6.32676411
162 -404.90887451 -6.32670116
163 -404.91076660 -6.32673073
164 -404.91040039 -6.32672501
165 -404.91424561 -6.32678509
166 -404.91156006 -6.32674313
167 -404.91131592 -6.32673931
168 -404.91271973 -6.32676125
169 -404.90972900 -6.32671452
170 -404.91107178 -6.32673550
171 -404.90899658 -6.32670307
172 -404.91326904 -6.32676983
173 -404.91564941 -6.32680702
174 -404.91632080 -6.32681751
175 -404.91748047 -6.32683563
176 -404.91717529 -6.32683086
177 -404.92022705 -6.32687855
178 -404.91955566 -6.32686806
179 -404.92010498 -6.32687664
180 -404.91815186 -6.32684612
181 -404.91949463 -6.32686710
182 -404.91986084 -6.32687283
183 -404.92010498 -6.32687664
184 -404.92333984 -6.32692719
185 -404.92199707 -6.32690620
186 -404.92346191 -6.32692909
187 -404.92272949 -6.32691765
188 -404.92498779 -6.32695293
189 -404.92303467 -6.32692242
190 -404.92480469 -6.32695007
191 -404.92651367 -6.32697678
192 -404.92730713 -6.32698917
193 -404.92535400 -6.32695866
194 -404.92504883 -6.32695389
195 -404.92797852 -6.32699966
196 -404.92767334 -6.32699490
197 -404.92504883 -6.32695389
198 -404.92718506 -6.32698727
199 -404.92553711 -6.32696152
200 -404.92297363 -6.32692146
201 -404.92572021 -6.32696438
202 -404.92901611 -6.32701588
203 -404.92919922 -6.32701874
204 -404.93078613 -6.32704353
205 -404.92871094 -6.32701111
206 -404.92938232 -6.32702160
207 -404.92968750 -6.32702637
208 -404.93200684 -6.32706261
209 -404.92803955 -6.32700062
210 -404.92828369 -6.32700443
211 -404.93017578 -6.32703400
212 -404.93041992 -6.32703781
213 -404.92797852 -6.32699966
214 -404.92694092 -6.32698345
215 -404.92852783 -6.32700825
216 -404.93383789 -6.32709122
217 -404.92834473 -6.32700539
218 -404.93054199 -6.32703972
219 -404.93139648 -6.32705307
220 -404.93145752 -6.32705402
221 -404.93225098 -6.32706642
222 -404.93035889 -6.32703686
223 -404.93096924 -6.32704639
224 -404.93029785 -6.32703590
225 -404.93273926 -6.32707405
226 -404.93194580 -6.32706165
227 -404.93457031 -6.32710266
228 -404.93450928 -6.32710171
229 -404.93353271 -6.32708645
230 -404.93365479 -6.32708836
231 -404.93481445 -6.32710648
232 -404.93200684 -6.32706261
233 -404.93542480 -6.32711601
234 -404.93768311 -6.32715130
235 -404.94116211 -6.32720566
236 -404.93792725 -6.32715511
237 -404.93615723 -6.32712746
238 -404.93609619 -6.32712650
239 -404.93737793 -6.32714653
240 -404.93615723 -6.32712746
241 -404.93743896 -6.32714748
242 -404.93829346 -6.32716084
243 -404.93981934 -6.32718468
244 -404.93597412 -6.32712460
245 -404.93432617 -6.32709885
246 -404.93353271 -6.32708645
247 -404.93487549 -6.32710743
248 -404.93792725 -6.32715511
249 -404.93695068 -6.32713985
250 -404.93750000 -6.32714844
251 -404.93426514 -6.32709789
252 -404.93670654 -6.32713604
253 -404.93859863 -6.32716560
254 -404.93908691 -6.32717323
255 -404.93786621 -6.32715416
256 -404.93878174 -6.32716846
257 -404.93878174 -6.32716846
258 -404.94055176 -6.32719612
259 -404.94165039 -6.32721329
260 -404.94110107 -6.32720470
261 -404.94079590 -6.32719994
262 -404.94158936 -6.32721233
263 -404.94219971 -6.32722187
264 -404.94183350 -6.32721615
265 -404.94116211 -6.32720566
266 -404.93939209 -6.32717800
267 -404.94073486 -6.32719898
268 -404.94201660 -6.32721901
269 -404.94256592 -6.32722759
270 -404.94287109 -6.32723236
271 -404.94012451 -6.32718945
272 -404.94165039 -6.32721329
273 -404.93719482 -6.32714367
274 -404.93847656 -6.32716370
275 -404.94348145 -6.32724190
276 -404.94036865 -6.32719326
277 -404.94140625 -6.32720947
278 -404.94506836 -6.32726669
279 -404.94598389 -6.32728100
280 -404.94287109 -6.32723236
281 -404.94555664 -6.32727432
282 -404.94683838 -6.32729435
283 -404.94714355 -6.32729912
284 -404.94299316 -6.32723427
285 -404.94268799 -6.32722950
286 -404.94482422 -6.32726288
287 -404.94439697 -6.32725620
288 -404.94329834 -6.32723904
289 -404.94146729 -6.32721043
290 -404.94036865 -6.32719326
291 -404.94195557 -6.32721806
292 -404.94183350 -6.32721615
293 -404.93878174 -6.32716846
294 -404.94226074 -6.32722282
295 -404.94201660 -6.32721901
296 -404.94134521 -6.32720852
297 -404.94262695 -6.32722855
298 -404.94775391 -6.32730865
299 -404.94531250 -6.32727051
300 -404.94787598 -6.32731056
301 -404.94934082 -6.32733345
302 -404.95263672 -6.32738495
303 -404.95104980 -6.32736015
304 -404.94897461 -6.32732773
305 -404.94921875 -6.32733154
306 -404.94732666 -6.32730198
307 -404.95208740 -6.32737637
308 -404.95111084 -6.32736111
309 -404.95098877 -6.32735920
310 -404.95159912 -6.32736874
311 -404.94903564 -6.32732868
312 -404.94683838 -6.32729435
313 -404.94903564 -6.32732868
314 -404.94866943 -6.32732296
315 -404.95031738 -6.32734871
316 -404.95068359 -6.32735443
317 -404.95257568 -6.32738400
318 -404.95031738 -6.32734871
319 -404.95104980 -6.32736015
320 -404.95153809 -6.32736778
321 -404.94921875 -6.32733154
322 -404.95379639 -6.32740307
323 -404.95404053 -6.32740688
324 -404.95257568 -6.32738400
