0 -463.42126465 -6.81501860
1 -461.66717529 -6.78922317
2 -458.88830566 -6.74835744
3 -454.77471924 -6.68786352
4 -449.02325439 -6.60328315
5 -448.26263428 -6.59209756
6 -445.49304199 -6.55136826
7 -444.04248047 -6.53003648
8 -442.88931274 -6.51307813
9 -442.88885498 -6.51307140
10 -444.63891602 -6.53880759
11 -444.23065186 -6.53280370
12 -438.48309326 -6.44828078
13 -431.96313477 -6.35239904
14 -426.74493408 -6.27566080
15 -422.31719971 -6.21054705
16 -423.21594238 -6.22376386
17 -423.34320068 -6.22563530
18 -419.21740723 -6.16496187
19 -414.69940186 -6.09852062
20 -408.03509521 -6.00051611
21 -399.77987671 -5.87911583
22 -396.96136475 -5.83766713
23 -397.44030762 -5.84471041
24 -385.31451416 -5.66638991
25 -380.37567139 -5.59375987
26 -386.95208740 -5.69047187
27 -390.08312988 -5.73651662
28 -387.02325439 -5.69151845
29 -379.88516235 -5.58654651
30 -381.82083130 -5.61501222
31 -382.03091431 -5.61810168
32 -378.02014160 -5.55911973
33 -382.90307617 -5.63092759
34 -385.25125122 -5.66545958
35 -386.06594849 -5.67744042
36 -387.48040771 -5.69824129
37 -385.86404419 -5.67447124
38 -387.37481689 -5.69668848
39 -386.04882812 -5.67718865
40 -380.21984863 -5.59146836
41 -376.45791626 -5.53614583
42 -372.48770142 -5.47776031
43 -365.39703369 -5.37348579
44 -362.75091553 -5.33457229
45 -352.99865723 -5.19115672
46 -349.45614624 -5.13906097
47 -355.90353394 -5.23387550
48 -352.06011963 -5.17735470
49 -352.56729126 -5.18481311
50 -348.60891724 -5.12660172
51 -346.78018188 -5.09970856
52 -352.01425171 -5.17668017
53 -345.44030762 -5.08000452
54 -354.16754150 -5.20834620
55 -352.00540161 -5.17655002
56 -359.62460327 -5.28859711
57 -360.47784424 -5.30114477
58 -353.99697876 -5.20583792
59 -353.75048828 -5.20221306
60 -356.82760620 -5.24746480
61 -353.75045776 -5.20221261
62 -353.59152222 -5.19987533
63 -349.48654175 -5.13950797
64 -357.71566772 -5.26052453
65 -361.36227417 -5.31415109
66 -357.65628052 -5.25965118
67 -348.08093262 -5.11883724
68 -346.57989502 -5.09676316
69 -338.49792480 -4.97791066
70 -350.35064697 -5.15221540
71 -351.19757080 -5.16467016
72 -354.47781372 -5.21290903
73 -345.55941772 -5.08175614
74 -352.90780640 -5.18982068
75 -350.01419067 -5.14726751
76 -349.85580444 -5.14493830
77 -341.18008423 -5.01735418
78 -337.07263184 -4.95695047
79 -338.02130127 -4.97090149
80 -344.22384644 -5.06211539
81 -331.35800171 -4.87291179
82 -333.87509155 -4.90992782
83 -337.29138184 -4.96016738
84 -345.24829102 -5.07718075
85 -344.37368774 -5.06431894
86 -334.61633301 -4.92082843
87 -321.96002197 -4.73470621
88 -320.71661377 -4.71642079
89 -313.63006592 -4.61220685
90 -317.94985962 -4.67573323
91 -316.97671509 -4.66142228
92 -324.65811157 -4.77438399
93 -329.60610962 -4.84714867
94 -324.07723999 -4.76584176
95 -322.71527100 -4.74581281
96 -323.17102051 -4.75251501
97 -318.26681519 -4.68039434
98 -325.18478394 -4.78212918
99 -318.44900513 -4.68307360
100 -314.84259033 -4.63003809
101 -322.99023438 -4.74985639
102 -320.92529297 -4.71948960
103 -320.13012695 -4.70779598
104 -308.99584961 -4.54405661
105 -298.44338989 -4.38887338
106 -292.78039551 -4.30559405
107 -262.02178955 -3.85326161
108 -233.91018677 -3.43985569
109 -222.99954224 -3.27940503
110 -215.28860474 -3.16600889
111 -213.74604797 -3.14332423
112 -129.92251587 -1.91062523
113 -193.08583069 -2.83949751
114 -211.17127991 -3.10546000
115 -220.66790771 -3.24511629
116 -215.62673950 -3.17098146
117 -254.59542847 -3.74405042
118 -213.90792847 -3.14570483
119 -245.95312500 -3.61695772
120 -257.54736328 -3.78746122
121 -265.84539795 -3.90949115
122 -280.28613281 -4.12185489
123 -289.39889526 -4.25586611
124 -281.92300415 -4.14592653
125 -287.49932861 -4.22793130
126 -302.58346558 -4.44975685
127 -306.74334717 -4.51093158
128 -292.34664917 -4.29921543
129 -283.38812256 -4.16747239
130 -269.90206909 -3.96914807
131 -277.82824707 -4.08570952
132 -284.26998901 -4.18044101
133 -268.32095337 -3.94589637
134 -260.80032349 -3.83529887
135 -255.87332153 -3.76284296
136 -255.24194336 -3.75355799
137 -252.60165405 -3.71473021
138 -243.16192627 -3.57591068
139 -240.73489380 -3.54021903
140 -224.84881592 -3.30660023
141 -203.97229004 -2.99959250
142 -189.85154724 -2.79193452
143 -192.88006592 -2.83647156
144 -180.15719604 -2.64937053
145 -144.98867798 -2.13218644
146 -168.29917908 -2.47498793
147 -186.34346008 -2.74034500
148 -193.33935547 -2.84322582
149 -190.50564575 -2.80155361
150 -178.87585449 -2.63052727
151 -185.32186890 -2.72532160
152 -147.19284058 -2.16460060
153 442.29382324 6.50432093
154 857.81689453 12.61495433
155 3832.60595703 56.36185231
156 4802.33007812 70.62250115
157 6826.85253906 100.39489028
158 10307.12792969 151.57541073
159 6108.75537109 89.83463781
160 5660.42382812 83.24152688
161 6515.33300781 95.81372070
162 7190.00292969 105.73533720
163 8856.66894531 130.24513155
164 12250.30761719 180.15158261
165 9352.72363281 137.54005342
166 9976.32324219 146.71063591
167 6620.69140625 97.36310892
168 5633.88281250 82.85121783
169 2257.11499023 33.19286750
170 1209.08264160 17.78062708
171 -113.23704529 -1.66525067
172 -121.64577484 -1.78890845
173 -171.76651001 -2.52597809
174 -197.64907837 -2.90660409
175 -227.21878052 -3.34145265
176 -220.02444458 -3.23565360
177 -235.34597778 -3.46097026
178 -253.23739624 -3.72407936
179 -259.91842651 -3.82232980
180 -233.64324951 -3.43593014
181 -239.74441528 -3.52565317
182 -248.74291992 -3.65798412
183 -248.87844849 -3.65997718
184 -245.71563721 -3.61346525
185 -245.81866455 -3.61498036
186 -247.14514160 -3.63448738
187 -239.60314941 -3.52357573
188 -253.48637390 -3.72774079
189 -258.05413818 -3.79491380
190 -266.21240234 -3.91488827
191 -255.67605591 -3.75994200
192 -262.07647705 -3.85406584
193 -262.63250732 -3.86224275
194 -267.65173340 -3.93605490
195 -263.88302612 -3.88063274
196 -250.13021851 -3.67838557
197 -255.15066528 -3.75221567
198 -237.64706421 -3.49480977
199 -242.45121765 -3.56545908
200 -230.42738342 -3.38863799
201 -224.96582031 -3.30832089
202 -191.41973877 -2.81499616
203 -150.07997131 -2.20705840
204 220.83709717 3.24760437
205 465.49926758 6.84557746
206 594.71289062 8.74577780
207 719.54425049 10.58153310
208 2224.06420898 32.70682660
209 2133.24975586 31.37131994
210 2127.35302734 31.28460334
211 4011.59790039 58.99408677
212 5293.36425781 77.84359203
213 6506.24218750 95.68003217
214 7113.57226562 104.61135685
215 5853.84863281 86.08600931
216 5332.19775391 78.41467285
217 2263.54174805 33.28737865
218 3584.37377930 52.71137911
219 1959.98059082 28.82324398
220 1483.85156250 21.82134651
221 2586.37426758 38.03491570
222 693.23785400 10.19467432
223 1213.58801270 17.84688254
224 906.63000488 13.33279419
225 521.71752930 7.67231661
226 441.91931152 6.49881340
227 2225.11132812 32.72222541
228 2881.50366211 42.37505385
229 1896.15368652 27.88461304
230 248.34548950 3.65213955
231 255.87995911 3.76294058
232 480.06811523 7.05982522
233 -40.66563416 -0.59802403
234 -118.60913849 -1.74425204
235 -95.80332947 -1.40887249
236 -20.38175964 -0.29973176
237 -128.73417664 -1.89314966
238 -109.03413391 -1.60344315
239 -110.60139465 -1.62649110
240 -161.79663086 -2.37936222
241 -148.86773682 -2.18923142
242 -140.63923645 -2.06822407
243 -145.31243896 -2.13694763
244 -152.09768677 -2.23673069
245 -171.84561157 -2.52714135
246 -143.73333740 -2.11372555
247 -96.99933624 -1.42646083
248 -21.67946625 -0.31881568
249 299.86550903 4.40978690
250 459.86791992 6.76276353
251 333.45947266 4.90381577
252 106.53737640 1.56672612
253 159.92285156 2.35180664
254 628.34661865 9.24039145
255 623.18041992 9.16441794
256 755.91320801 11.11637071
257 741.43103027 10.90339750
258 1077.61853027 15.84733133
259 1193.11096191 17.54574944
260 1409.12902832 20.72248571
261 1879.12890625 27.63424862
262 1798.78918457 26.45278213
263 705.04974365 10.36837858
264 625.22125244 9.19443018
265 549.75524902 8.08463602
266 445.65783691 6.55379172
267 572.06072998 8.41265779
268 194.61972046 2.86205471
269 200.87716675 2.95407598
270 354.43594360 5.21229329
271 878.65423584 12.92138582
272 1223.52563477 17.99302404
273 659.83795166 9.70349929
274 566.43017578 8.32985553
275 1149.86767578 16.90981876
276 538.26641846 7.91568262
277 228.52505493 3.36066257
278 4.50261688 0.06621495
279 -12.72755432 -0.18716992
280 -59.00171280 -0.86767225
281 -110.97732544 -1.63201949
282 -131.69691467 -1.93671933
283 -111.62141418 -1.64149139
284 -123.81527710 -1.82081290
285 -94.33447266 -1.38727166
286 -13.77661133 -0.20259723
287 33.20084381 0.48824770
288 -70.35044861 -1.03456542
289 -74.26564026 -1.09214177
290 -31.65701294 -0.46554431
291 160.29290771 2.35724864
292 -75.94075012 -1.11677574
293 -144.84445190 -2.13006547
294 -49.53044891 -0.72838895
295 -107.11139679 -1.57516760
296 -20.10430908 -0.29565160
297 -14.29322052 -0.21019442
298 63.69248962 0.93665426
299 -59.00257874 -0.86768498
300 -53.52712631 -0.78716362
301 182.45114136 2.68310502
302 965.20635986 14.19421117
303 1470.96875000 21.63189338
304 1430.46740723 21.03628540
305 2599.68994141 38.23073443
306 1902.72570801 27.98126041
307 2319.76562500 34.11420037
308 1816.42919922 26.71219411
309 1756.15393066 25.82579310
310 1343.39782715 19.75585040
311 1599.59924316 23.52351828
312 497.75006104 7.31985384
313 1639.70581055 24.11332074
314 682.98095703 10.04383760
315 1226.35205078 18.03458898
316 1009.79913330 14.84998725
317 233.70407104 3.43682457
318 274.34039307 4.03441755
319 -43.32362747 -0.63711217
320 -136.42535400 -2.00625521
321 -135.43861389 -1.99174432
322 -86.60838318 -1.27365269
323 40.37736511 0.59378478
324 52.35115814 0.76986997
325 -30.81522369 -0.45316505
326 -81.37676239 -1.19671709
327 -96.17028046 -1.41426883
328 -24.67131805 -0.36281350
329 -21.28504181 -0.31301532
330 -22.47527313 -0.33051872
331 -62.82274246 -0.92386386
332 -56.09783936 -0.82496823
333 -60.63433075 -0.89168133
334 -127.94380188 -1.88152650
335 -156.96014404 -2.30823741
336 -162.73271179 -2.39312811
337 -68.35656738 -1.00524364
338 -68.86058044 -1.01265559
339 -37.43706512 -0.55054508
340 -98.83165741 -1.45340673
341 -47.20296097 -0.69416119
342 -18.76712799 -0.27598718
343 7.96942902 0.11719749
344 -7.12472534 -0.10477537
345 6.39905548 0.09410376
346 -37.00827789 -0.54423938
347 -60.40016937 -0.88823778
348 -67.45009613 -0.99191318
349 -53.52510071 -0.78713383
350 -33.42348480 -0.49152184
351 -54.40372849 -0.80005483
352 22.08522797 0.32478276
353 -56.28302002 -0.82769147
354 -6.63088989 -0.09751309
355 18.33190155 0.26958679
356 -20.04049683 -0.29471319
357 -10.56153107 -0.15531663
358 -1.99854279 -0.02939034
359 0.89415741 0.01314937
360 -108.44974518 -1.59484919
361 -125.52111816 -1.84589880
362 -116.03507996 -1.70639823
363 -148.60304260 -2.18533886
364 -154.11528015 -2.26640118
365 -136.56860352 -2.00836182
366 -132.52777100 -1.94893781
367 -61.17118835 -0.89957630
368 -109.27105713 -1.60692731
369 -79.36533356 -1.16713726
370 -59.73888779 -0.87851306
371 -67.98348999 -0.99975721
372 -106.10724640 -1.56040068
373 -146.24934387 -2.15072565
374 -144.21617126 -2.12082605
375 -150.52307129 -2.21357458
376 -137.84124756 -2.02707717
377 -102.52485657 -1.50771848
378 -120.42560577 -1.77096479
379 -127.85632324 -1.88024005
380 -131.97839355 -1.94085873
381 -120.23907471 -1.76822169
382 -84.57112122 -1.24369296
383 -41.71012878 -0.61338425
384 -118.75738525 -1.74643214
385 -106.83748627 -1.57113950
386 -87.48416138 -1.28653178
387 -116.70948029 -1.71631589
388 -136.84219360 -2.01238520
389 -150.31517029 -2.21051721
390 -161.89707947 -2.38083940
391 -171.70529175 -2.52507782
392 -145.04470825 -2.13301042
393 -50.03393555 -0.73579317
394 -55.02005005 -0.80911838
395 -27.18903351 -0.39983873
396 278.25869751 4.09203967
397 -32.19744110 -0.47349178
398 -38.72742462 -0.56952095
399 -5.79459381 -0.08521461
400 15.26614380 0.22450211
401 51.34366608 0.75505391
402 74.94144440 1.10208006
403 85.22620392 1.25332653
404 122.17108917 1.79663366
405 43.46475983 0.63918764
406 -35.28775024 -0.51893750
407 -50.07715225 -0.73642871
408 4.55712128 0.06701649
409 147.23181152 2.16517370
410 156.01403809 2.29432409
411 96.78034210 1.42324033
412 44.23293304 0.65048431
413 41.57035828 0.61132880
414 -15.52307892 -0.22828057
415 109.02803040 1.60335339
416 -34.42817688 -0.50629672
417 -75.94856262 -1.11689063
418 25.47858429 0.37468506
419 310.68560791 4.56890600
420 290.18432617 4.26741656
421 195.82116699 2.87972304
422 87.83513641 1.29169318
423 78.02867889 1.14748057
424 46.07526398 0.67757741
425 80.30042267 1.18088857
426 228.05551147 3.35375752
427 30.68953705 0.45131672
428 -41.11174011 -0.60458441
429 -29.05556488 -0.42728772
430 -65.41021729 -0.96191496
431 -43.14661407 -0.63450903
432 -120.90550995 -1.77802221
433 45.09410858 0.66314866
434 34.25948334 0.50381593
435 -5.39359283 -0.07931754
436 105.60533905 1.55301969
437 240.93646240 3.54318327
438 105.46918488 1.55101742
439 98.11302948 1.44283867
440 85.62207794 1.25914821
441 16.56441498 0.24359434
442 133.46682739 1.96274746
443 33.27236176 0.48929944
444 51.00888824 0.75013071
445 351.54956055 5.16984648
446 409.37420654 6.02020892
447 91.50439453 1.34565286
448 277.00057983 4.07353794
449 574.69732666 8.45143127
450 386.22537231 5.67978489
451 305.09643555 4.48671229
452 657.54974365 9.66984917
453 672.11120605 9.88398832
454 195.41918945 2.87381161
455 -48.53681564 -0.71377670
456 -13.44142914 -0.19766808
457 20.61872864 0.30321660
458 55.80014801 0.82059041
459 214.71368408 3.15755418
460 270.75518799 3.98169394
461 288.50958252 4.24278798
462 19.58039093 0.28794693
463 51.83399200 0.76226459
464 350.42547607 5.15331582
465 243.60546875 3.58243336
466 212.10440063 3.11918236
467 260.48553467 3.83066963
468 564.09954834 8.29558159
469 396.32659912 5.82833234
470 410.65966797 6.03911276
471 189.04345703 2.78005084
472 342.20379639 5.03240877
473 507.41098022 7.46192618
474 664.02905273 9.76513313
475 760.95977783 11.19058497
476 420.44500732 6.18301481
477 558.90533447 8.21919610
478 392.79907227 5.77645695
479 476.38946533 7.00572743
480 844.33953857 12.41675792
481 582.48559570 8.56596464
482 337.58328247 4.96446004
483 495.58502197 7.28801503
484 361.94613647 5.32273730
485 446.63934326 6.56822564
486 232.88104248 3.42472121
487 115.06744385 1.69216829
488 28.68623352 0.42185638
489 -52.74178696 -0.77561451
490 -35.72925568 -0.52543023
491 -64.27706909 -0.94525102
492 -89.00709534 -1.30892787
493 30.19112396 0.44398712
494 -10.85247040 -0.15959515
495 -55.03358459 -0.80931742
496 -130.02291870 -1.91210175
497 -125.12707520 -1.84010405
498 -125.65780640 -1.84790892
499 -126.25428772 -1.85668070
500 -63.33965683 -0.93146554
501 -100.42309570 -1.47681023
502 -120.49618530 -1.77200273
503 -149.39320374 -2.19695888
504 -143.25872803 -2.10674600
505 -73.80387115 -1.08535105
506 242.47738647 3.56584392
507 -4.52587128 -0.06655693
508 176.26527405 2.59213638
509 -34.24966431 -0.50367153
510 170.89782715 2.51320334
511 28.62606049 0.42097148
512 37.98261261 0.55856783
513 27.26020050 0.40088530
514 -68.64111328 -1.00942814
515 -48.60657883 -0.71480263
516 73.52268219 1.08121591
517 -12.42411041 -0.18270751
518 -100.32990265 -1.47543974
519 229.90188599 3.38091009
520 339.25650024 4.98906618
521 1407.35754395 20.69643447
522 1433.90307617 21.08680994
523 2326.14697266 34.20804372
524 2144.14794922 31.53158749
525 1288.28930664 18.94543098
526 1083.16589355 15.92891020
527 598.19714355 8.79701682
528 495.95123291 7.29340048
529 164.36624146 2.41715061
530 342.14944458 5.03160948
531 134.70970154 1.98102502
532 167.79553223 2.46758136
533 414.79827881 6.09997469
534 246.85650635 3.63024274
535 88.27280426 1.29812947
536 221.98155212 3.26443459
537 218.00479126 3.20595281
538 187.53263855 2.75783292
539 151.44122314 2.22707681
540 86.23017120 1.26809075
541 173.53344727 2.55196246
542 256.05899048 3.76557339
543 297.15686035 4.36995383
544 232.40443420 3.41771227
545 137.25161743 2.01840614
546 107.64527130 1.58301870
547 143.93969727 2.11676025
548 152.05935669 2.23616701
549 108.21549988 1.59140441
550 109.47926331 1.60998917
551 98.37146759 1.44663923
552 12.52803802 0.18423585
553 -2.87833405 -0.04232844
554 -84.98121643 -1.24972377
555 -54.68392563 -0.80417538
556 147.70545959 2.17213911
557 26.46912384 0.38925182
558 -55.00423050 -0.80888574
559 -81.19948578 -1.19411008
560 67.92525482 0.99890081
561 118.89243317 1.74841813
562 95.30191803 1.40149879
563 148.62554932 2.18566984
564 44.62027740 0.65618055
565 -72.69914246 -1.06910504
566 -99.79079437 -1.46751168
567 -85.52325439 -1.25769492
568 -89.93470001 -1.32256912
569 -28.74351501 -0.42269875
570 -83.73966980 -1.23146573
571 14.19026184 0.20868032
572 -118.62886810 -1.74454218
573 -121.13017273 -1.78132607
574 -132.55802917 -1.94938278
575 -140.32174683 -2.06355510
576 -132.83926392 -1.95351859
577 -133.10684204 -1.95745356
578 -115.73809814 -1.70203086
579 -126.58921051 -1.86160604
580 -133.49423218 -1.96315047
581 -139.69537354 -2.05434373
582 -134.11723328 -1.97231225
583 -115.32962036 -1.69602383
584 -124.17294312 -1.82607269
585 -122.84243011 -1.80650633
586 -121.94208527 -1.79326596
587 -103.37972260 -1.52029004
588 -109.39117432 -1.60869374
589 -112.28374481 -1.65123154
590 -95.43634033 -1.40347559
591 -130.02813721 -1.91217849
592 -135.14878845 -1.98748218
593 -129.63056946 -1.90633190
594 -103.25006866 -1.51838336
595 -102.54379272 -1.50799695
596 -69.26524353 -1.01860652
597 -30.79431915 -0.45285763
598 105.35974121 1.54940796
599 88.23368835 1.29755424
600 7.09113312 0.10428137
601 56.11260223 0.82518533
602 62.94673920 0.92568734
603 76.49756622 1.12496421
604 124.68323517 1.83357699
605 0.18307495 0.00269228
606 86.96109772 1.27883967
607 -57.30136108 -0.84266707
608 -92.88379669 -1.36593819
609 -133.68786621 -1.96599803
610 -120.34766388 -1.76981859
611 -148.00918579 -2.17660567
612 -147.99084473 -2.17633595
613 -158.85238647 -2.33606451
614 -151.75071716 -2.23162819
615 -127.53411102 -1.87550163
616 -131.78747559 -1.93805111
617 -102.95408630 -1.51403068
618 -89.12106323 -1.31060387
619 -1.04318237 -0.01534092
620 31.90489197 0.46918959
621 -45.95766830 -0.67584806
622 -15.78215790 -0.23209056
623 -25.93334961 -0.38137279
624 -60.29690933 -0.88671925
625 -72.57785034 -1.06732133
626 -12.83555603 -0.18875818
627 -13.10937500 -0.19278493
628 -10.60675812 -0.15598174
629 59.57402802 0.87608865
630 -2.89856720 -0.04262599
631 -6.65822601 -0.09791509
632 7.14706421 0.10510389
633 33.27837372 0.48938785
634 109.33673096 1.60789310
635 172.13969421 2.53146609
636 193.00741577 2.83834435
637 120.10774994 1.76629044
638 171.88739014 2.52775574
639 172.37606812 2.53494218
640 254.68594360 3.74538152
641 312.60278320 4.59709975
642 289.76477051 4.26124663
643 192.97171021 2.83781927
644 99.36292267 1.46121945
645 37.96729279 0.55834254
646 23.11197662 0.33988201
647 -4.44065094 -0.06530369
648 -13.87341309 -0.20402078
649 -67.28653717 -0.98950790
650 -96.31288147 -1.41636590
651 -119.47094727 -1.75692570
652 -133.65408325 -1.96550122
653 -147.87121582 -2.17457670
654 -86.48773193 -1.27187841
655 -149.80990601 -2.20308685
656 -71.87248993 -1.05694838
657 -119.75462341 -1.76109740
658 -102.89955139 -1.51322870
659 -103.49188995 -1.52193956
660 -107.94356537 -1.58740537
661 -68.85498810 -1.01257335
662 -58.81316376 -0.86489947
663 -84.17736816 -1.23790247
664 -95.48569489 -1.40420140
665 -93.06845093 -1.36865369
666 -93.39841461 -1.37350610
667 -96.56117249 -1.42001724
668 -97.74195862 -1.43738174
669 -102.52146149 -1.50766855
670 -101.47395325 -1.49226402
671 -117.06001282 -1.72147078
672 -140.12554932 -2.06066984
673 -144.54978943 -2.12573220
674 -140.88702393 -2.07186800
675 -149.50871277 -2.19865754
676 -135.05027771 -1.98603350
677 -146.50085449 -2.15442433
678 -164.98596191 -2.42626415
679 -185.46627808 -2.72744527
680 -151.99496460 -2.23522007
681 -122.96252441 -1.80827242
682 -147.91390991 -2.17520456
683 -163.79220581 -2.40870891
684 -169.29312134 -2.48960473
685 -178.70742798 -2.62805041
686 -168.76748657 -2.48187480
687 -179.55673218 -2.64054018
688 -189.90228271 -2.79268063
689 -190.38420105 -2.79976766
690 -38.07257080 -0.55989075
691 -199.16389465 -2.92888080
692 -195.31820679 -2.87232657
693 -57.09529877 -0.83963675
694 237.29927063 3.48969516
695 149.31823730 2.19585643
696 136.18688965 2.00274838
697 -165.32482910 -2.43124749
698 -69.79113007 -1.02634015
699 -124.91807556 -1.83703052
700 -157.35931396 -2.31410756
701 -14.78802490 -0.21747095
702 709.26556396 10.43037594
703 647.07293701 9.51577849
704 421.00903320 6.19130931
705 859.45471191 12.63903988
706 428.51165771 6.30164203
707 384.41146851 5.65310983
708 905.62902832 13.31807395
709 495.35543823 7.28463880
710 124.66168976 1.83326014
711 964.34301758 14.18151496
712 524.94873047 7.71983427
713 47.93672943 0.70495190
714 -39.09185791 -0.57488026
715 11.63837433 0.17115256
716 42.15006256 0.61985386
717 66.13188171 0.97252767
718 105.21765900 1.54731851
719 -4.28255463 -0.06297874
720 -93.50868225 -1.37512768
721 -12.20613861 -0.17950204
722 -78.34381866 -1.15211498
723 -48.95193481 -0.71988139
724 -104.68859863 -1.53953822
725 -103.89802551 -1.52791214
726 -115.61225891 -1.70018028
727 -113.28718567 -1.66598802
728 -118.81386566 -1.74726273
729 -136.95794678 -2.01408745
730 -149.10772705 -2.19276069
731 -137.47819519 -2.02173816
732 -122.20336914 -1.79710837
733 -149.05699158 -2.19201458
734 -139.97274780 -2.05842276
735 -156.35690308 -2.29936622
736 -172.10665894 -2.53098028
737 -140.94247437 -2.07268345
738 -159.50923157 -2.34572399
739 -161.62290955 -2.37680749
740 -155.32525635 -2.28419495
741 -143.20678711 -2.10598216
742 -123.48598480 -1.81597036
743 -111.17063904 -1.63486234
744 133.47195435 1.96282286
745 330.31369019 4.85755427
746 -20.22928619 -0.29748950
747 -144.22848511 -2.12100713
748 -131.57284546 -1.93489479
749 -102.57916260 -1.50851710
750 -53.02702713 -0.77980922
751 -52.93297577 -0.77842611
752 109.58396149 1.61152885
753 -5.19393158 -0.07638135
754 -0.96139526 -0.01413817
755 87.61722565 1.28848861
756 64.33677673 0.94612907
757 -44.03687286 -0.64760107
758 230.30160522 3.38678831
759 13.58481598 0.19977671
760 -13.07376862 -0.19226130
761 273.47155762 4.02164055
762 165.42651367 2.43274285
763 4.84006500 0.07117743
764 72.08044434 1.06000653
765 335.17126465 4.92898919
766 518.92767334 7.63128931
767 686.61181641 10.09723259
768 1129.46289062 16.60974839
769 248.40773010 3.65305485
770 200.64028931 2.95059249
771 471.25488281 6.93021886
772 856.61120605 12.59722362
773 5262.54101562 77.39030905
774 1549.70629883 22.78979851
775 576.86004639 8.48323598
776 857.70513916 12.61331087
777 2164.84692383 31.83598417
778 686.90051270 10.10147813
779 889.23461914 13.07697969
780 900.17803955 13.23791235
781 1689.66455078 24.84800810
782 1024.65429688 15.06844554
783 590.31799316 8.68114696
784 3591.80078125 52.82059972
785 2136.99951172 31.42646341
786 428.32427979 6.29888647
787 509.44580078 7.49185001
788 184.89151001 2.71899279
789 300.85256958 4.42430249
790 644.32586670 9.47538039
791 595.15893555 8.75233729
792 489.88580322 7.20420299
793 287.82489014 4.23271897
794 640.02563477 9.41214169
795 527.23583984 7.75346823
796 843.61621094 12.40612075
797 2956.19531250 43.47346048
798 3533.92675781 51.96951114
799 4838.89892578 71.16027832
800 7133.12060547 104.89883243
801 11094.02636719 163.14744658
802 5493.67431641 80.78932818
803 4401.35693359 64.72583726
804 1990.42492676 29.27095481
805 4735.65429688 69.64197495
806 2966.99291992 43.63224882
807 3425.63867188 50.37703929
808 3145.71337891 46.26049087
809 4693.71191406 69.02517521
810 3838.47973633 56.44823142
811 4237.47509766 62.31581026
812 2106.85913086 30.98322251
813 815.07257080 11.98636134
814 53.68692780 0.78951364
815 191.78462219 2.82036209
816 103.14369965 1.51681911
817 4598.60937500 67.62660846
818 2392.20483398 35.17948285
819 2574.43212891 37.85929601
820 4651.48681641 68.40421789
821 1099.64343262 16.17122695
822 3309.95874023 48.67586383
823 1105.71838379 16.26056447
824 2694.64404297 39.62711828
825 908.08715820 13.35422291
826 391.45822144 5.75673855
827 1621.72070312 23.84883387
828 1143.74609375 16.81979550
829 1894.77233887 27.86429910
830 1514.46520996 22.27154721
831 630.31280518 9.26930596
832 54.82935333 0.80631402
833 -319.82824707 -4.70335657
834 -126.66868591 -1.86277479
835 -58.43518448 -0.85934095
836 -161.42849731 -2.37394849
837 -32.48313141 -0.47769311
838 117.22257233 1.72386136
839 146.23617554 2.15053199
840 129.81567383 1.90905403
841 154.66833496 2.27453434
842 279.88458252 4.11594974
843 182.14175415 2.67855521
844 229.75915527 3.37881111
845 309.62359619 4.55328818
846 365.08795166 5.36894047
847 1494.60705566 21.97951552
848 771.06207275 11.33914813
849 845.04095459 12.42707286
850 301.88540649 4.43949127
851 117.78083038 1.73207104
852 13.83679962 0.20348235
853 32.26413727 0.47447261
854 12.24785614 0.18011553
855 79.75121307 1.17281196
856 135.50045776 1.99265379
857 235.57817078 3.46438486
858 131.19879150 1.92939399
859 96.10397339 1.41329373
860 72.99866486 1.07350978
861 16.18750000 0.23805147
862 63.42485809 0.93271850
863 64.05464935 0.94198014
864 66.58383942 0.97917411
865 78.03879547 1.14762935
866 33.02295685 0.48563172
867 150.83093262 2.21810195
868 309.42303467 4.55033875
869 96.02901459 1.41219139
870 147.97583008 2.17611515
871 329.61541748 4.84728555
