0 -620.08862305 -7.21033283
1 -620.07684326 -7.21019585
2 -620.06921387 -7.21010714
3 -620.06176758 -7.21002055
4 -620.05609131 -7.20995455
5 -620.04687500 -7.20984738
6 -620.04919434 -7.20987435
7 -620.04687500 -7.20984738
8 -620.03662109 -7.20972815
9 -620.03582764 -7.20971893
10 -620.03063965 -7.20965860
11 -620.02777100 -7.20962524
12 -620.02935791 -7.20964370
13 -620.02246094 -7.20956350
14 -620.02282715 -7.20956776
15 -620.02026367 -7.20953795
16 -620.01092529 -7.20942936
17 -620.00744629 -7.20938891
18 -620.00305176 -7.20933781
19 -620.00189209 -7.20932433
20 -619.99389648 -7.20923135
21 -619.99731445 -7.20927110
22 -619.99847412 -7.20928458
23 -619.99163818 -7.20920510
24 -619.98895264 -7.20917387
25 -619.98828125 -7.20916606
26 -619.98394775 -7.20911567
27 -619.98333740 -7.20910857
28 -619.97778320 -7.20904399
29 -619.97467041 -7.20900780
30 -619.97180176 -7.20897444
31 -619.97283936 -7.20898650
32 -619.96856689 -7.20893682
33 -619.96575928 -7.20890418
34 -619.96545410 -7.20890063
35 -619.96197510 -7.20886018
36 -619.96093750 -7.20884811
37 -619.95953369 -7.20883179
38 -619.95678711 -7.20879985
39 -619.95507812 -7.20877998
40 -619.95111084 -7.20873385
41 -619.95269775 -7.20875230
42 -619.94714355 -7.20868772
43 -619.94641113 -7.20867920
44 -619.94104004 -7.20861674
45 -619.94293213 -7.20863875
46 -619.94409180 -7.20865223
47 -619.94519043 -7.20866500
48 -619.94311523 -7.20864087
49 -619.93927002 -7.20859616
50 -619.93286133 -7.20852164
51 -619.93316650 -7.20852519
52 -619.93237305 -7.20851597
53 -619.93243408 -7.20851668
54 -619.93640137 -7.20856281
55 -619.93041992 -7.20849325
56 -619.92108154 -7.20838467
57 -619.91735840 -7.20834138
58 -619.91320801 -7.20829312
59 -619.91113281 -7.20826899
60 -619.91900635 -7.20836054
61 -619.92047119 -7.20837757
62 -619.91735840 -7.20834138
63 -619.91912842 -7.20836196
64 -619.91906738 -7.20836125
65 -619.90777588 -7.20822995
66 -619.90692139 -7.20822002
67 -619.90936279 -7.20824840
68 -619.90179443 -7.20816040
69 -619.90521240 -7.20820014
70 -619.90264893 -7.20817034
71 -619.90600586 -7.20820937
72 -619.90075684 -7.20814834
73 -619.89978027 -7.20813698
74 -619.90942383 -7.20824911
75 -619.90460205 -7.20819305
76 -619.90594482 -7.20820866
77 -619.91046143 -7.20826118
78 -619.91174316 -7.20827608
79 -619.90887451 -7.20824273
80 -619.91296387 -7.20829028
81 -619.91619873 -7.20832789
82 -619.91918945 -7.20836267
83 -619.90893555 -7.20824344
84 -619.90942383 -7.20824911
85 -619.91516113 -7.20831583
86 -619.91546631 -7.20831938
87 -619.91351318 -7.20829666
88 -619.91259766 -7.20828602
89 -619.91595459 -7.20832505
90 -619.91333008 -7.20829454
91 -619.91516113 -7.20831583
92 -619.91284180 -7.20828886
93 -619.90869141 -7.20824060
94 -619.90789795 -7.20823137
95 -619.91070557 -7.20826402
96 -619.91058350 -7.20826260
97 -619.90820312 -7.20823492
98 -619.90576172 -7.20820653
99 -619.90063477 -7.20814692
100 -619.90069580 -7.20814763
101 -619.89562988 -7.20808872
102 -619.89642334 -7.20809795
103 -619.89721680 -7.20810717
104 -619.89611816 -7.20809440
105 -619.89276123 -7.20805536
106 -619.89343262 -7.20806317
107 -619.89752197 -7.20811072
108 -619.89483643 -7.20807949
109 -619.89898682 -7.20812775
110 -619.89257812 -7.20805323
111 -619.89117432 -7.20803691
112 -619.89141846 -7.20803975
113 -619.88037109 -7.20791129
114 -619.87933350 -7.20789923
115 -619.87640381 -7.20786516
116 -619.87091064 -7.20780129
117 -619.86425781 -7.20772393
118 -619.86346436 -7.20771470
119 -619.86297607 -7.20770902
120 -619.85906982 -7.20766360
121 -619.86199951 -7.20769767
122 -619.86468506 -7.20772890
123 -619.86407471 -7.20772180
124 -619.87030029 -7.20779419
125 -619.87231445 -7.20781761
126 -619.87951660 -7.20790136
127 -619.86956787 -7.20778567
128 -619.86865234 -7.20777503
129 -619.87280273 -7.20782329
130 -619.87744141 -7.20787723
131 -619.89050293 -7.20802910
132 -619.88781738 -7.20799788
133 -619.88934326 -7.20801562
134 -619.88549805 -7.20797091
135 -619.88885498 -7.20800994
136 -619.88513184 -7.20796665
137 -619.89453125 -7.20807594
138 -619.89709473 -7.20810575
139 -619.89141846 -7.20803975
140 -619.88323975 -7.20794465
141 -619.88116455 -7.20792052
142 -619.88098145 -7.20791839
143 -619.87957764 -7.20790207
144 -619.87182617 -7.20781193
145 -619.87695312 -7.20787155
146 -619.87426758 -7.20784032
147 -619.87591553 -7.20785948
148 -619.87451172 -7.20784316
149 -619.87182617 -7.20781193
150 -619.88647461 -7.20798226
151 -619.89111328 -7.20803620
152 -619.88726807 -7.20799149
153 -619.89501953 -7.20808162
154 -619.88525391 -7.20796807
155 -619.87670898 -7.20786871
156 -619.87860107 -7.20789071
157 -619.87243652 -7.20781903
158 -619.87017822 -7.20779277
159 -619.87500000 -7.20784884
160 -619.87225342 -7.20781690
161 -619.87542725 -7.20785381
162 -619.88439941 -7.20795813
163 -619.87976074 -7.20790419
164 -619.87756348 -7.20787865
165 -619.88763428 -7.20799575
166 -619.89001465 -7.20802343
167 -619.88348389 -7.20794749
168 -619.88348389 -7.20794749
169 -619.88775635 -7.20799717
170 -619.88702393 -7.20798865
171 -619.88598633 -7.20797659
172 -619.89013672 -7.20802485
173 -619.88873291 -7.20800852
174 -619.88708496 -7.20798936
175 -619.88708496 -7.20798936
176 -619.88098145 -7.20791839
177 -619.88043213 -7.20791200
178 -619.87951660 -7.20790136
179 -619.87762451 -7.20787935
180 -619.87158203 -7.20780909
181 -619.87750244 -7.20787794
182 -619.87219238 -7.20781619
183 -619.87036133 -7.20779490
184 -619.86047363 -7.20767993
185 -619.86706543 -7.20775657
186 -619.86383057 -7.20771896
187 -619.85681152 -7.20763734
188 -619.85089111 -7.20756850
189 -619.84997559 -7.20755786
190 -619.84375000 -7.20748547
191 -619.83374023 -7.20736907
192 -619.83911133 -7.20743153
193 -619.84753418 -7.20752947
194 -619.84521484 -7.20750250
195 -619.85064697 -7.20756566
196 -619.84600830 -7.20751172
197 -619.84259033 -7.20747198
198 -619.83264160 -7.20735630
199 -619.83203125 -7.20734920
200 -619.82751465 -7.20729668
201 -619.82641602 -7.20728391
202 -619.82135010 -7.20722500
203 -619.82116699 -7.20722287
204 -619.82049561 -7.20721507
205 -619.81719971 -7.20717674
206 -619.81872559 -7.20719448
207 -619.81658936 -7.20716964
208 -619.82177734 -7.20722997
209 -619.82348633 -7.20724984
210 -619.82788086 -7.20730094
211 -619.82720947 -7.20729313
212 -619.81750488 -7.20718029
213 -619.80926514 -7.20708448
214 -619.80761719 -7.20706532
215 -619.79669189 -7.20693828
216 -619.80065918 -7.20698441
217 -619.79608154 -7.20693118
218 -619.79309082 -7.20689640
219 -619.79589844 -7.20692905
220 -619.79656982 -7.20693686
221 -619.80712891 -7.20705964
222 -619.81201172 -7.20711642
223 -619.80566406 -7.20704261
224 -619.80041504 -7.20698157
225 -619.79943848 -7.20697021
226 -619.80718994 -7.20706035
227 -619.80541992 -7.20703977
228 -619.81616211 -7.20716468
229 -619.80377197 -7.20702060
230 -619.80114746 -7.20699009
231 -619.79711914 -7.20694325
232 -619.78710938 -7.20682685
233 -619.78790283 -7.20683608
234 -619.79260254 -7.20689073
235 -619.79644775 -7.20693544
236 -619.79095459 -7.20687156
237 -619.79443359 -7.20691202
238 -619.79565430 -7.20692621
239 -619.79486084 -7.20691699
240 -619.80090332 -7.20698725
241 -619.79083252 -7.20687015
242 -619.80004883 -7.20697731
243 -619.80505371 -7.20703551
244 -619.80383301 -7.20702131
245 -619.81115723 -7.20710648
246 -619.80651855 -7.20705254
247 -619.80798340 -7.20706957
248 -619.80584717 -7.20704473
249 -619.80773926 -7.20706674
250 -619.80737305 -7.20706248
251 -619.80718994 -7.20706035
252 -619.81335449 -7.20713203
253 -619.81671143 -7.20717106
254 -619.81188965 -7.20711500
255 -619.81585693 -7.20716113
256 -619.81066895 -7.20710080
257 -619.81103516 -7.20710506
258 -619.80895996 -7.20708093
259 -619.80822754 -7.20707241
260 -619.81372070 -7.20713629
261 -619.80871582 -7.20707809
262 -619.80834961 -7.20707383
263 -619.79986572 -7.20697518
264 -619.79974365 -7.20697376
265 -619.80187988 -7.20699860
266 -619.80212402 -7.20700144
267 -619.79748535 -7.20694750
268 -619.79302979 -7.20689570
269 -619.79406738 -7.20690776
270 -619.80053711 -7.20698299
271 -619.80096436 -7.20698796
272 -619.80059814 -7.20698370
273 -619.80023193 -7.20697944
274 -619.79943848 -7.20697021
275 -619.79449463 -7.20691273
276 -619.80450439 -7.20702912
277 -619.80004883 -7.20697731
278 -619.79650879 -7.20693615
279 -619.78802490 -7.20683750
280 -619.79650879 -7.20693615
281 -619.79815674 -7.20695531
282 -619.79553223 -7.20692479
283 -619.80206299 -7.20700073
284 -619.80126953 -7.20699151
285 -619.80444336 -7.20702841
286 -619.80541992 -7.20703977
287 -619.80773926 -7.20706674
288 -619.80621338 -7.20704899
289 -619.80517578 -7.20703693
290 -619.80541992 -7.20703977
291 -619.80505371 -7.20703551
292 -619.80352783 -7.20701777
293 -619.80096436 -7.20698796
294 -619.81134033 -7.20710861
295 -619.81066895 -7.20710080
296 -619.80261230 -7.20700712
297 -619.80914307 -7.20708306
298 -619.80688477 -7.20705680
299 -619.81134033 -7.20710861
300 -619.81787109 -7.20718455
301 -619.80963135 -7.20708874
302 -619.81768799 -7.20718242
303 -619.81329346 -7.20713132
304 -619.81903076 -7.20719803
305 -619.81994629 -7.20720868
306 -619.82916260 -7.20731584
307 -619.82043457 -7.20721436
308 -619.82604980 -7.20727965
309 -619.82312012 -7.20724558
310 -619.82238770 -7.20723707
311 -619.81054688 -7.20709938
312 -619.82153320 -7.20722713
313 -619.82299805 -7.20724416
314 -619.82122803 -7.20722358
315 -619.82177734 -7.20722997
316 -619.82965088 -7.20732152
317 -619.82977295 -7.20732294
318 -619.84094238 -7.20745282
319 -619.83544922 -7.20738894
320 -619.82397461 -7.20725552
321 -619.83569336 -7.20739178
322 -619.84130859 -7.20745708
323 -619.83862305 -7.20742585
324 -619.83398438 -7.20737191
325 -619.84069824 -7.20744998
326 -619.83673096 -7.20740385
327 -619.83337402 -7.20736481
328 -619.83203125 -7.20734920
329 -619.83459473 -7.20737901
330 -619.83801270 -7.20741875
331 -619.84680176 -7.20752095
332 -619.84863281 -7.20754224
333 -619.84307861 -7.20747766
334 -619.84338379 -7.20748121
335 -619.84368896 -7.20748476
336 -619.84222412 -7.20746772
337 -619.84832764 -7.20753869
338 -619.85388184 -7.20760328
339 -619.84832764 -7.20753869
340 -619.85321045 -7.20759547
341 -619.84472656 -7.20749682
342 -619.84869385 -7.20754295
343 -619.84747314 -7.20752876
344 -619.84692383 -7.20752237
345 -619.83691406 -7.20740598
346 -619.84582520 -7.20750960
347 -619.83752441 -7.20741307
348 -619.84069824 -7.20744998
349 -619.83770752 -7.20741520
350 -619.83825684 -7.20742159
351 -619.83612061 -7.20739675
352 -619.83630371 -7.20739888
353 -619.82775879 -7.20729952
354 -619.83105469 -7.20733785
355 -619.82598877 -7.20727894
356 -619.82641602 -7.20728391
357 -619.82171631 -7.20722926
358 -619.82763672 -7.20729810
359 -619.82214355 -7.20723423
360 -619.81237793 -7.20712067
361 -619.81787109 -7.20718455
362 -619.82092285 -7.20722003
363 -619.82299805 -7.20724416
364 -619.81884766 -7.20719590
365 -619.80792236 -7.20706886
366 -619.80163574 -7.20699576
367 -619.80773926 -7.20706674
368 -619.80578613 -7.20704402
369 -619.80090332 -7.20698725
370 -619.80688477 -7.20705680
371 -619.79681396 -7.20693970
372 -619.79321289 -7.20689782
373 -619.79010010 -7.20686163
374 -619.78808594 -7.20683821
375 -619.78503418 -7.20680272
376 -619.79284668 -7.20689357
377 -619.78515625 -7.20680414
378 -619.77978516 -7.20674169
379 -619.78979492 -7.20685808
380 -619.78094482 -7.20675517
381 -619.76940918 -7.20662104
382 -619.76330566 -7.20655007
383 -619.76770020 -7.20660117
