0 -327.62417603 -5.28426090
1 -327.09014893 -5.27564756
2 -326.51821899 -5.26642289
3 -325.70855713 -5.25336382
4 -324.33950806 -5.23128239
5 -323.53744507 -5.21834589
6 -323.53094482 -5.21824105
7 -322.47891235 -5.20127278
8 -321.21948242 -5.18095939
9 -319.54138184 -5.15389326
10 -318.24838257 -5.13303843
11 -316.14096069 -5.09904775
12 -315.56707764 -5.08979157
13 -315.47692871 -5.08833756
14 -314.47546387 -5.07218490
15 -313.50756836 -5.05657368
16 -311.99932861 -5.03224724
17 -311.14636230 -5.01848971
18 -311.70324707 -5.02747173
19 -311.69046021 -5.02726549
20 -311.59606934 -5.02574305
21 -308.28570557 -4.97235009
22 -307.27667236 -4.95607536
23 -305.64733887 -4.92979579
24 -304.74011230 -4.91516310
25 -304.79931641 -4.91611801
26 -304.47677612 -4.91091574
27 -302.78302002 -4.88359710
28 -302.44491577 -4.87814380
29 -300.78308105 -4.85134002
30 -299.02374268 -4.82296359
31 -300.41424561 -4.84539106
32 -299.16052246 -4.82516972
33 -298.78079224 -4.81904504
34 -296.35211182 -4.77987277
35 -295.83770752 -4.77157593
36 -290.46408081 -4.68490453
37 -291.34722900 -4.69914885
38 -293.10824585 -4.72755235
39 -293.61309814 -4.73569513
40 -292.45129395 -4.71695635
41 -294.05712891 -4.74285692
42 -295.19995117 -4.76128954
43 -295.55786133 -4.76706228
44 -294.85430908 -4.75571466
45 -294.48608398 -4.74977555
46 -291.14462280 -4.69588101
47 -288.54400635 -4.65393559
48 -285.86297607 -4.61069316
49 -282.11550903 -4.55025015
50 -282.40777588 -4.55496413
51 -281.54074097 -4.54097969
52 -284.22805786 -4.58432351
53 -284.82525635 -4.59395575
54 -282.02691650 -4.54882123
55 -282.59835815 -4.55803803
56 -279.55358887 -4.50892885
57 -275.52465820 -4.44394610
58 -273.76858521 -4.41562234
59 -275.61071777 -4.44533416
60 -273.31579590 -4.40831929
61 -273.87451172 -4.41733083
62 -274.81423950 -4.43248773
63 -274.73284912 -4.43117499
64 -275.66943359 -4.44628119
65 -271.56591797 -4.38009545
66 -264.72131348 -4.26969860
67 -257.88064575 -4.15936525
68 -257.14398193 -4.14748358
69 -257.43563843 -4.15218772
70 -258.06832886 -4.16239240
71 -257.75671387 -4.15736635
72 -256.40386963 -4.13554628
73 -256.50341797 -4.13715190
74 -253.98371887 -4.09651159
75 -251.54498291 -4.05717714
76 -258.78302002 -4.17391968
77 -262.38507080 -4.23201727
78 -260.42596436 -4.20041878
79 -260.77987671 -4.20612704
80 -260.97711182 -4.20930826
81 -260.29046631 -4.19823333
82 -258.88577271 -4.17557698
83 -253.10028076 -4.08226259
84 -253.56634521 -4.08977976
85 -251.40466309 -4.05491392
86 -249.36465454 -4.02201056
87 -252.29696655 -4.06930591
88 -254.37374878 -4.10280240
89 -261.25073242 -4.21372149
90 -259.31689453 -4.18253056
91 -258.09759521 -4.16286444
92 -258.29409790 -4.16603384
93 -260.39871216 -4.19997923
94 -261.11364746 -4.21151044
95 -258.06130981 -4.16227919
96 -255.76885986 -4.12530419
97 -257.91030884 -4.15984369
98 -261.66271973 -4.22036645
99 -261.21084595 -4.21307816
100 -263.83560181 -4.25541293
101 -262.46447754 -4.23329802
102 -263.63745117 -4.25221695
103 -266.00625610 -4.29042349
104 -265.39352417 -4.28054071
105 -263.75006104 -4.25403324
106 -261.05505371 -4.21056538
107 -259.66296387 -4.18811232
108 -260.17678833 -4.19639981
109 -259.70532227 -4.18879552
110 -258.91268921 -4.17601112
111 -258.96795654 -4.17690252
112 -258.54901123 -4.17014534
113 -256.44915771 -4.13627674
114 -257.75033569 -4.15726348
115 -256.02691650 -4.12946640
116 -257.60125732 -4.15485899
117 -258.02917480 -4.16176088
118 -259.26989746 -4.18177254
119 -256.26943970 -4.13337806
120 -258.12994385 -4.16338619
121 -260.51284790 -4.20182013
122 -259.10455322 -4.17910570
123 -258.90475464 -4.17588314
124 -262.14755249 -4.22818633
125 -263.78619385 -4.25461603
126 -261.61706543 -4.21963009
127 -261.89794922 -4.22416047
128 -259.62945557 -4.18757186
129 -262.27770996 -4.23028564
130 -262.50195312 -4.23390247
131 -263.76708984 -4.25430790
132 -266.41857910 -4.29707386
133 -264.50872803 -4.26626981
134 -268.19097900 -4.32566095
135 -269.58593750 -4.34816028
136 -270.92285156 -4.36972341
137 -266.63665771 -4.30059125
138 -268.79769897 -4.33544676
139 -272.24984741 -4.39112657
140 -272.60845947 -4.39691064
141 -272.70489502 -4.39846605
142 -270.65020752 -4.36532593
143 -271.41329956 -4.37763386
144 -268.37142944 -4.32857144
145 -266.25708008 -4.29446903
146 -266.62286377 -4.30036877
147 -264.19168091 -4.26115614
148 -259.99255371 -4.19342829
149 -262.13357544 -4.22796089
150 -261.54022217 -4.21839068
151 -258.94165039 -4.17647823
152 -254.69877625 -4.10804478
153 -250.95956421 -4.04773491
154 -251.32495117 -4.05362824
155 -248.08981323 -4.00144860
156 -249.79130554 -4.02889202
157 -252.34228516 -4.07003686
158 -249.24685669 -4.02011059
159 -249.15750122 -4.01866937
160 -250.73745728 -4.04415254
161 -244.32058716 -3.94065463
162 -244.92591858 -3.95041804
163 -248.51333618 -4.00827962
164 -246.08154297 -3.96905714
165 -243.79396057 -3.93216065
166 -245.31085205 -3.95662665
167 -244.59262085 -3.94504227
168 -247.43261719 -3.99084866
169 -243.02740479 -3.91979685
170 -242.42980957 -3.91015822
171 -240.92514038 -3.88588936
172 -238.69210815 -3.84987271
173 -231.02690125 -3.72624034
174 -230.76049805 -3.72194352
175 -236.94334412 -3.82166684
176 -239.88035583 -3.86903800
177 -241.27378845 -3.89151272
178 -239.70755005 -3.86625081
179 -240.69306946 -3.88214628
180 -233.52410889 -3.76651789
181 -239.73294067 -3.86666033
182 -239.32116699 -3.86001882
183 -241.17253113 -3.88987953
184 -240.16091919 -3.87356321
185 -234.35345459 -3.77989443
186 -237.49420166 -3.83055164
187 -230.16908264 -3.71240456
188 -229.47790527 -3.70125654
189 -223.37057495 -3.60275121
190 -221.01332092 -3.56473098
191 -214.63729858 -3.46189191
192 -219.90177917 -3.54680289
193 -219.21804810 -3.53577497
194 -208.05905151 -3.35579115
195 -210.14028931 -3.38935950
196 -210.56594849 -3.39622498
197 -214.61505127 -3.46153308
198 -214.01484680 -3.45185237
199 -208.26187134 -3.35906244
200 -211.53109741 -3.41179189
201 -214.83007812 -3.46500126
202 -222.57336426 -3.58989297
203 -224.28726196 -3.61753648
204 -226.68818665 -3.65626107
205 -228.24356079 -3.68134775
206 -225.02157593 -3.62938026
207 -225.81904602 -3.64224268
208 -224.47299194 -3.62053213
209 -225.28515625 -3.63363155
210 -224.47068787 -3.62049497
211 -217.17636108 -3.50284453
212 -210.60359192 -3.39683213
213 -208.28445435 -3.35942668
214 -210.26557922 -3.39138031
215 -213.42169189 -3.44228535
216 -220.41070557 -3.55501138
217 -224.25872803 -3.61707626
218 -225.14392090 -3.63135356
219 -230.47061157 -3.71726793
220 -225.68547058 -3.64008824
221 -221.67648315 -3.57542715
222 -219.78613281 -3.54493763
223 -221.48750305 -3.57237908
224 -218.33993530 -3.52161186
225 -213.07244873 -3.43665240
226 -207.38510132 -3.34492099
227 -203.75602722 -3.28638754
228 -201.96063232 -3.25742955
229 -201.59555054 -3.25154114
230 -198.74572754 -3.20557625
231 -200.59715271 -3.23543795
232 -200.16287231 -3.22843342
233 -201.73480225 -3.25378713
234 -195.91122437 -3.15985846
235 -195.59039307 -3.15468376
236 -196.71719360 -3.17285796
237 -196.22434998 -3.16490887
238 -199.81268311 -3.22278521
239 -198.42492676 -3.20040204
240 -191.46368408 -3.08812394
241 -187.35076904 -3.02178660
242 -185.08427429 -2.98523023
243 -182.40371704 -2.94199544
244 -180.86737061 -2.91721565
245 -173.46023560 -2.79774574
246 -178.33174133 -2.87631841
247 -186.72439575 -3.01168380
248 -190.56880188 -3.07369035
249 -186.11982727 -3.00193270
250 -181.16142273 -2.92195843
251 -179.10815430 -2.88884120
252 -177.35140991 -2.86050661
253 -175.24703979 -2.82656516
254 -169.06610107 -2.72687260
255 -166.89312744 -2.69182464
256 -162.03274536 -2.61343138
257 -156.89595032 -2.53057984
