0 -797.61230469 -6.87596814
1 -797.66003418 -6.87637960
2 -797.68804932 -6.87662111
3 -797.70373535 -6.87675634
4 -797.71466064 -6.87685052
5 -797.72381592 -6.87692945
6 -797.73168945 -6.87699732
7 -797.73632812 -6.87703731
8 -797.73968506 -6.87706625
9 -797.74572754 -6.87711834
10 -797.74676514 -6.87712729
11 -797.75109863 -6.87716464
12 -797.75048828 -6.87715938
13 -797.75854492 -6.87722884
14 -797.75793457 -6.87722357
15 -797.75830078 -6.87722673
16 -797.76031494 -6.87724409
17 -797.76141357 -6.87725357
18 -797.76251221 -6.87726304
19 -797.76214600 -6.87725988
20 -797.76409912 -6.87727672
21 -797.76367188 -6.87727303
22 -797.76660156 -6.87729829
23 -797.76672363 -6.87729934
24 -797.76818848 -6.87731197
25 -797.76879883 -6.87731723
26 -797.77014160 -6.87732881
27 -797.77203369 -6.87734512
28 -797.77136230 -6.87733933
29 -797.77343750 -6.87735722
30 -797.77392578 -6.87736143
31 -797.77398682 -6.87736196
32 -797.77465820 -6.87736774
33 -797.77484131 -6.87736932
34 -797.77441406 -6.87736564
35 -797.77630615 -6.87738195
36 -797.77459717 -6.87736722
37 -797.77648926 -6.87738353
38 -797.77557373 -6.87737564
39 -797.77966309 -6.87741089
40 -797.78314209 -6.87744088
41 -797.78356934 -6.87744456
42 -797.78070068 -6.87741983
43 -797.78399658 -6.87744825
44 -797.78265381 -6.87743667
45 -797.78167725 -6.87742825
46 -797.78186035 -6.87742983
47 -797.78051758 -6.87741825
48 -797.77996826 -6.87741352
49 -797.77783203 -6.87739510
50 -797.77807617 -6.87739721
51 -797.77508545 -6.87737143
52 -797.77667236 -6.87738511
53 -797.77716064 -6.87738932
54 -797.77624512 -6.87738142
55 -797.77624512 -6.87738142
56 -797.77813721 -6.87739773
57 -797.77514648 -6.87737195
58 -797.77746582 -6.87739195
59 -797.77819824 -6.87739826
60 -797.77923584 -6.87740721
61 -797.77783203 -6.87739510
62 -797.78045654 -6.87741773
63 -797.77874756 -6.87740300
64 -797.78210449 -6.87743194
65 -797.78283691 -6.87743825
66 -797.78381348 -6.87744667
67 -797.78472900 -6.87745456
68 -797.78411865 -6.87744930
69 -797.78308105 -6.87744035
70 -797.78375244 -6.87744614
71 -797.78576660 -6.87746351
72 -797.78826904 -6.87748508
73 -797.78564453 -6.87746245
74 -797.78820801 -6.87748455
75 -797.78717041 -6.87747561
76 -797.78356934 -6.87744456
77 -797.78405762 -6.87744877
78 -797.78399658 -6.87744825
79 -797.78216553 -6.87743246
80 -797.78302002 -6.87743983
81 -797.78381348 -6.87744667
82 -797.78424072 -6.87745035
83 -797.78253174 -6.87743562
84 -797.78015137 -6.87741510
85 -797.78253174 -6.87743562
86 -797.77929688 -6.87740773
87 -797.78179932 -6.87742930
88 -797.78088379 -6.87742141
89 -797.78063965 -6.87741931
90 -797.77947998 -6.87740931
91 -797.78045654 -6.87741773
92 -797.78118896 -6.87742404
93 -797.78137207 -6.87742562
94 -797.78155518 -6.87742720
95 -797.77886963 -6.87740405
96 -797.77880859 -6.87740352
97 -797.77648926 -6.87738353
98 -797.77215576 -6.87734617
99 -797.77349854 -6.87735775
100 -797.77557373 -6.87737564
101 -797.77209473 -6.87734564
102 -797.77374268 -6.87735985
103 -797.76947021 -6.87732302
104 -797.77191162 -6.87734407
105 -797.77136230 -6.87733933
106 -797.76727295 -6.87730408
107 -797.76904297 -6.87731934
108 -797.76873779 -6.87731671
109 -797.76611328 -6.87729408
110 -797.76757812 -6.87730671
111 -797.76373291 -6.87727356
112 -797.76177979 -6.87725672
113 -797.76281738 -6.87726567
114 -797.76049805 -6.87724567
115 -797.76202393 -6.87725883
116 -797.75952148 -6.87723725
117 -797.75976562 -6.87723936
118 -797.75543213 -6.87720200
119 -797.75457764 -6.87719463
120 -797.75231934 -6.87717517
121 -797.75256348 -6.87717727
122 -797.75134277 -6.87716675
123 -797.75195312 -6.87717201
124 -797.74896240 -6.87714623
125 -797.74670410 -6.87712676
126 -797.74768066 -6.87713518
127 -797.74456787 -6.87710834
128 -797.74285889 -6.87709361
129 -797.74096680 -6.87707730
130 -797.73968506 -6.87706625
131 -797.74102783 -6.87707783
132 -797.74017334 -6.87707046
133 -797.73840332 -6.87705520
134 -797.73645020 -6.87703836
135 -797.73431396 -6.87701995
136 -797.73474121 -6.87702363
137 -797.73352051 -6.87701311
138 -797.73394775 -6.87701679
139 -797.73223877 -6.87700206
140 -797.73175049 -6.87699785
141 -797.73242188 -6.87700364
142 -797.72772217 -6.87696312
143 -797.72967529 -6.87697996
144 -797.72930908 -6.87697680
145 -797.72863770 -6.87697101
146 -797.72479248 -6.87693787
147 -797.72564697 -6.87694523
148 -797.72369385 -6.87692840
149 -797.72265625 -6.87691945
150 -797.72131348 -6.87690787
151 -797.72106934 -6.87690577
152 -797.71838379 -6.87688262
153 -797.71545410 -6.87685736
154 -797.71514893 -6.87685473
155 -797.71496582 -6.87685315
156 -797.71166992 -6.87682474
157 -797.70886230 -6.87680054
158 -797.70739746 -6.87678791
159 -797.70849609 -6.87679738
160 -797.70483398 -6.87676581
161 -797.70849609 -6.87679738
162 -797.70599365 -6.87677581
163 -797.70758057 -6.87678949
164 -797.70446777 -6.87676265
165 -797.70520020 -6.87676897
166 -797.70288086 -6.87674897
167 -797.70227051 -6.87674371
168 -797.70068359 -6.87673003
169 -797.70141602 -6.87673634
170 -797.70092773 -6.87673214
171 -797.70343018 -6.87675371
172 -797.70159912 -6.87673792
173 -797.70336914 -6.87675318
174 -797.69616699 -6.87669109
175 -797.69622803 -6.87669162
176 -797.69622803 -6.87669162
177 -797.69775391 -6.87670478
178 -797.69140625 -6.87665005
179 -797.69372559 -6.87667005
180 -797.69207764 -6.87665584
181 -797.69519043 -6.87668268
182 -797.69354248 -6.87666847
183 -797.69348145 -6.87666794
184 -797.69158936 -6.87665163
185 -797.69384766 -6.87667110
186 -797.69189453 -6.87665426
187 -797.69287109 -6.87666268
188 -797.69244385 -6.87665900
189 -797.69165039 -6.87665216
190 -797.68957520 -6.87663427
191 -797.69281006 -6.87666216
192 -797.69000244 -6.87663795
193 -797.69079590 -6.87664479
194 -797.69085693 -6.87664532
195 -797.69226074 -6.87665742
196 -797.69226074 -6.87665742
197 -797.69238281 -6.87665847
198 -797.69262695 -6.87666058
199 -797.69006348 -6.87663848
200 -797.69097900 -6.87664637
201 -797.69335938 -6.87666689
202 -797.69415283 -6.87667373
203 -797.69433594 -6.87667531
204 -797.69488525 -6.87668005
205 -797.69592285 -6.87668899
206 -797.69158936 -6.87665163
207 -797.69372559 -6.87667005
208 -797.69348145 -6.87666794
209 -797.69335938 -6.87666689
210 -797.69287109 -6.87666268
211 -797.69128418 -6.87664900
212 -797.68872070 -6.87662690
213 -797.69177246 -6.87665321
214 -797.69079590 -6.87664479
215 -797.69244385 -6.87665900
216 -797.69134521 -6.87664953
217 -797.69360352 -6.87666900
218 -797.68988037 -6.87663690
219 -797.69030762 -6.87664058
220 -797.68872070 -6.87662690
221 -797.68933105 -6.87663216
222 -797.68981934 -6.87663637
223 -797.69079590 -6.87664479
224 -797.69537354 -6.87668425
225 -797.69262695 -6.87666058
226 -797.69476318 -6.87667899
227 -797.69342041 -6.87666742
228 -797.69274902 -6.87666163
229 -797.69348145 -6.87666794
230 -797.69464111 -6.87667794
231 -797.69348145 -6.87666794
232 -797.69079590 -6.87664479
233 -797.69006348 -6.87663848
234 -797.69055176 -6.87664269
235 -797.69287109 -6.87666268
236 -797.68939209 -6.87663269
237 -797.68676758 -6.87661007
238 -797.68707275 -6.87661270
239 -797.68658447 -6.87660849
240 -797.68725586 -6.87661427
241 -797.68566895 -6.87660059
242 -797.68670654 -6.87660954
243 -797.68298340 -6.87657744
244 -797.68292236 -6.87657692
245 -797.68103027 -6.87656061
246 -797.68359375 -6.87658270
247 -797.68157959 -6.87656534
248 -797.68133545 -6.87656324
249 -797.67736816 -6.87652904
250 -797.67620850 -6.87651904
251 -797.67864990 -6.87654009
252 -797.67596436 -6.87651693
253 -797.67736816 -6.87652904
254 -797.67425537 -6.87650220
255 -797.67700195 -6.87652588
256 -797.67486572 -6.87650746
257 -797.67517090 -6.87651009
258 -797.67730713 -6.87652851
259 -797.67230225 -6.87648536
260 -797.67639160 -6.87652062
261 -797.67211914 -6.87648379
262 -797.67242432 -6.87648642
263 -797.67309570 -6.87649220
264 -797.66998291 -6.87646537
265 -797.67248535 -6.87648694
266 -797.66912842 -6.87645800
267 -797.67169189 -6.87648010
268 -797.66857910 -6.87645327
269 -797.66979980 -6.87646379
270 -797.66876221 -6.87645485
271 -797.66876221 -6.87645485
272 -797.66638184 -6.87643433
273 -797.66821289 -6.87645011
274 -797.66717529 -6.87644117
275 -797.66564941 -6.87642801
276 -797.66705322 -6.87644011
277 -797.66680908 -6.87643801
278 -797.66387939 -6.87641275
279 -797.66699219 -6.87643959
280 -797.66479492 -6.87642065
281 -797.67077637 -6.87647221
282 -797.66448975 -6.87641802
283 -797.67309570 -6.87649220
284 -797.66809082 -6.87644906
285 -797.67541504 -6.87651220
286 -797.67022705 -6.87646747
287 -797.67547607 -6.87651272
288 -797.67358398 -6.87649641
289 -797.67578125 -6.87651536
290 -797.67456055 -6.87650483
291 -797.67791748 -6.87653377
292 -797.67761230 -6.87653114
293 -797.67700195 -6.87652588
294 -797.67761230 -6.87653114
295 -797.67761230 -6.87653114
296 -797.67803955 -6.87653482
297 -797.67602539 -6.87651746
298 -797.67852783 -6.87653903
299 -797.67993164 -6.87655113
300 -797.68054199 -6.87655640
301 -797.68225098 -6.87657113
302 -797.68267822 -6.87657481
303 -797.68316650 -6.87657902
304 -797.68292236 -6.87657692
305 -797.68273926 -6.87657534
306 -797.68341064 -6.87658113
307 -797.68249512 -6.87657323
308 -797.68157959 -6.87656534
309 -797.68054199 -6.87655640
310 -797.68017578 -6.87655324
311 -797.68084717 -6.87655903
312 -797.68096924 -6.87656008
313 -797.68103027 -6.87656061
314 -797.68170166 -6.87656639
315 -797.68145752 -6.87656429
316 -797.67932129 -6.87654587
317 -797.67956543 -6.87654798
318 -797.67840576 -6.87653798
319 -797.67993164 -6.87655113
320 -797.67541504 -6.87651220
321 -797.67492676 -6.87650799
322 -797.67266846 -6.87648852
323 -797.67321777 -6.87649326
324 -797.67193604 -6.87648221
325 -797.67041016 -6.87646905
326 -797.66876221 -6.87645485
327 -797.67193604 -6.87648221
328 -797.67169189 -6.87648010
329 -797.67053223 -6.87647011
330 -797.66845703 -6.87645222
331 -797.67321777 -6.87649326
332 -797.66790771 -6.87644748
333 -797.67041016 -6.87646905
334 -797.67034912 -6.87646853
335 -797.67321777 -6.87649326
336 -797.67132568 -6.87647695
337 -797.67285156 -6.87649010
338 -797.66955566 -6.87646169
339 -797.66986084 -6.87646432
340 -797.66821289 -6.87645011
341 -797.66687012 -6.87643854
342 -797.66168213 -6.87639381
343 -797.66467285 -6.87641959
344 -797.66247559 -6.87640065
345 -797.66589355 -6.87643012
346 -797.66473389 -6.87642012
347 -797.66424561 -6.87641591
348 -797.66625977 -6.87643327
349 -797.66735840 -6.87644274
350 -797.66442871 -6.87641749
351 -797.66906738 -6.87645748
352 -797.66705322 -6.87644011
353 -797.66809082 -6.87644906
354 -797.66748047 -6.87644380
355 -797.66766357 -6.87644538
356 -797.66955566 -6.87646169
357 -797.67004395 -6.87646590
358 -797.66815186 -6.87644958
359 -797.66705322 -6.87644011
360 -797.66680908 -6.87643801
361 -797.66662598 -6.87643643
362 -797.66625977 -6.87643327
363 -797.66687012 -6.87643854
364 -797.66571045 -6.87642854
365 -797.66552734 -6.87642696
366 -797.66333008 -6.87640802
367 -797.66833496 -6.87645116
368 -797.66619873 -6.87643275
369 -797.66979980 -6.87646379
370 -797.66729736 -6.87644222
371 -797.66992188 -6.87646484
372 -797.66888428 -6.87645590
373 -797.67102051 -6.87647431
374 -797.66979980 -6.87646379
375 -797.67126465 -6.87647642
376 -797.66937256 -6.87646011
377 -797.66845703 -6.87645222
378 -797.66516113 -6.87642380
379 -797.66870117 -6.87645432
380 -797.66845703 -6.87645222
381 -797.66833496 -6.87645116
382 -797.66784668 -6.87644695
383 -797.66674805 -6.87643748
384 -797.66955566 -6.87646169
385 -797.66894531 -6.87645643
386 -797.66766357 -6.87644538
387 -797.66943359 -6.87646063
388 -797.66650391 -6.87643538
389 -797.66662598 -6.87643643
390 -797.66461182 -6.87641907
391 -797.66748047 -6.87644380
392 -797.66473389 -6.87642012
393 -797.66625977 -6.87643327
394 -797.66491699 -6.87642170
395 -797.66448975 -6.87641802
396 -797.66528320 -6.87642486
397 -797.66528320 -6.87642486
398 -797.66558838 -6.87642749
399 -797.66833496 -6.87645116
400 -797.66229248 -6.87639907
401 -797.66748047 -6.87644380
402 -797.66528320 -6.87642486
403 -797.66748047 -6.87644380
404 -797.66241455 -6.87640013
405 -797.66711426 -6.87644064
406 -797.66278076 -6.87640328
407 -797.66357422 -6.87641012
408 -797.66333008 -6.87640802
409 -797.66552734 -6.87642696
410 -797.66314697 -6.87640644
411 -797.66784668 -6.87644695
412 -797.66662598 -6.87643643
413 -797.66882324 -6.87645537
414 -797.66729736 -6.87644222
415 -797.66693115 -6.87643906
416 -797.66455078 -6.87641854
417 -797.66650391 -6.87643538
418 -797.66491699 -6.87642170
419 -797.66448975 -6.87641802
420 -797.66174316 -6.87639434
421 -797.66088867 -6.87638697
422 -797.65911865 -6.87637171
423 -797.65936279 -6.87637382
424 -797.65863037 -6.87636750
425 -797.65771484 -6.87635961
426 -797.65789795 -6.87636119
427 -797.65960693 -6.87637592
428 -797.65631104 -6.87634751
429 -797.65820312 -6.87636382
430 -797.65905762 -6.87637119
431 -797.65521240 -6.87633804
432 -797.65515137 -6.87633751
433 -797.65649414 -6.87634909
434 -797.65539551 -6.87633962
435 -797.65759277 -6.87635856
436 -797.65301514 -6.87631910
437 -797.65454102 -6.87633225
438 -797.65374756 -6.87632541
439 -797.65472412 -6.87633383
440 -797.65228271 -6.87631278
441 -797.65087891 -6.87630068
442 -797.64758301 -6.87627227
443 -797.64831543 -6.87627858
444 -797.64611816 -6.87625964
445 -797.64697266 -6.87626701
446 -797.64660645 -6.87626385
447 -797.64416504 -6.87624280
448 -797.64282227 -6.87623123
