0 -566.15795898 -6.58323208
1 -566.17645264 -6.58344712
2 -566.18920898 -6.58359545
3 -566.19848633 -6.58370333
4 -566.20550537 -6.58378495
5 -566.21203613 -6.58386089
6 -566.21752930 -6.58392476
7 -566.22155762 -6.58397160
8 -566.22564697 -6.58401915
9 -566.22924805 -6.58406102
10 -566.23266602 -6.58410077
11 -566.23596191 -6.58413909
12 -566.23883057 -6.58417245
13 -566.24121094 -6.58420013
14 -566.24395752 -6.58423206
15 -566.24548340 -6.58424981
16 -566.24761963 -6.58427465
17 -566.24951172 -6.58429665
18 -566.25122070 -6.58431652
19 -566.25274658 -6.58433426
20 -566.25415039 -6.58435059
21 -566.25561523 -6.58436762
22 -566.25708008 -6.58438465
23 -566.25817871 -6.58439743
24 -566.25988770 -6.58441730
25 -566.26086426 -6.58442865
26 -566.26220703 -6.58444427
27 -566.26391602 -6.58446414
