0 -591.50805664 -6.87800066
1 -590.20300293 -6.86282562
2 -588.91967773 -6.84790323
3 -586.13043213 -6.81547014
4 -582.67987061 -6.77534733
5 -578.52819824 -6.72707207
6 -574.00317383 -6.67445551
7 -568.40625000 -6.60937500
8 -561.77844238 -6.53230747
9 -554.41601562 -6.44669786
10 -548.41467285 -6.37691480
11 -541.89941406 -6.30115598
12 -534.74011230 -6.21790828
13 -527.55212402 -6.13432702
14 -521.99206543 -6.06967518
15 -515.81054688 -5.99779706
16 -510.78958130 -5.93941374
17 -505.64489746 -5.87959183
18 -501.17202759 -5.82758172
19 -497.47546387 -5.78459842
20 -494.00765991 -5.74427512
21 -489.96966553 -5.69732169
22 -486.33264160 -5.65503072
23 -482.22802734 -5.60730264
24 -476.25262451 -5.53782122
25 -471.26678467 -5.47984633
26 -467.89566040 -5.44064721
27 -463.35870361 -5.38789190
28 -461.26477051 -5.36354384
29 -459.20071411 -5.33954319
30 -455.21206665 -5.29316357
31 -451.01382446 -5.24434680
32 -449.52441406 -5.22702807
33 -445.93539429 -5.18529528
34 -442.63165283 -5.14687968
35 -438.04382324 -5.09353283
36 -438.22247314 -5.09561015
37 -433.94915771 -5.04592044
38 -426.32128906 -4.95722429
39 -423.44796753 -4.92381358
40 -419.46362305 -4.87748399
41 -415.91229248 -4.83618945
42 -417.87237549 -4.85898111
43 -416.47082520 -4.84268401
44 -412.55545044 -4.79715640
45 -412.05667114 -4.79135664
46 -415.14605713 -4.82727973
47 -412.81677246 -4.80019503
48 -411.02395630 -4.77934833
49 -409.46817017 -4.76125779
50 -406.98120117 -4.73233955
51 -406.56219482 -4.72746738
52 -404.98947144 -4.70917990
53 -401.63293457 -4.67015040
54 -396.58007812 -4.61139626
55 -394.48199463 -4.58699994
56 -393.79888916 -4.57905685
57 -397.55474854 -4.62272963
58 -395.01965332 -4.59325178
59 -393.22879028 -4.57242779
60 -385.00085449 -4.47675412
61 -378.51190186 -4.40130118
62 -377.58071899 -4.39047348
63 -375.68554688 -4.36843659
64 -374.38989258 -4.35337084
65 -375.16091919 -4.36233627
66 -376.19052124 -4.37430839
67 -377.10748291 -4.38497073
68 -374.52731323 -4.35496876
69 -375.00103760 -4.36047718
70 -369.29568481 -4.29413587
71 -369.19067383 -4.29291481
72 -365.01934814 -4.24441102
73 -365.09915161 -4.24533897
74 -361.68792725 -4.20567357
75 -357.71936035 -4.15952745
76 -353.44192505 -4.10978983
77 -352.97882080 -4.10440489
78 -349.56726074 -4.06473559
79 -346.80789185 -4.03264991
80 -342.86877441 -3.98684621
81 -342.09863281 -3.97789108
82 -336.69512939 -3.91505964
83 -332.22155762 -3.86304137
84 -331.13458252 -3.85040212
85 -324.13922119 -3.76906071
86 -321.53790283 -3.73881282
87 -323.24493408 -3.75866202
88 -322.95431519 -3.75528273
89 -319.14013672 -3.71093182
90 -319.40734863 -3.71403894
91 -319.14746094 -3.71101699
92 -315.81039429 -3.67221389
93 -312.66827393 -3.63567760
94 -309.84429932 -3.60284069
95 -287.76287842 -3.34607998
96 -208.97950745 -2.42999427
