0 -652.05096436 -6.15142419
1 -649.65014648 -6.12877497
2 -645.76916504 -6.09216193
3 -641.44775391 -6.05139390
4 -635.44573975 -5.99477113
5 -629.11828613 -5.93507817
6 -620.08337402 -5.84984315
7 -611.92919922 -5.77291697
8 -603.03308105 -5.68899133
9 -593.61883545 -5.60017769
10 -580.38696289 -5.47534871
11 -571.39788818 -5.39054611
12 -561.28070068 -5.29510095
13 -551.30694580 -5.20100892
14 -543.52862549 -5.12762854
15 -537.23846436 -5.06828740
16 -531.79742432 -5.01695683
17 -525.44812012 -4.95705774
18 -516.71228027 -4.87464415
19 -510.63900757 -4.81734913
20 -505.32794189 -4.76724473
21 -500.00564575 -4.71703439
22 -494.09118652 -4.66123761
23 -490.87658691 -4.63091120
24 -488.89575195 -4.61222408
25 -485.98468018 -4.58476113
26 -481.56179810 -4.54303583
27 -476.66378784 -4.49682819
28 -472.86767578 -4.46101581
29 -470.74267578 -4.44096864
30 -464.07553101 -4.37807105
31 -462.64163208 -4.36454370
32 -462.58819580 -4.36403958
33 -460.60485840 -4.34532885
34 -455.44909668 -4.29668959
35 -453.02862549 -4.27385496
36 -449.45727539 -4.24016298
37 -447.36474609 -4.22042213
38 -444.40447998 -4.19249509
39 -436.83508301 -4.12108569
40 -433.62078857 -4.09076216
41 -429.77279663 -4.05446035
42 -428.48834229 -4.04234285
43 -425.19607544 -4.01128373
44 -419.57550049 -3.95825944
45 -415.85800171 -3.92318870
46 -414.67425537 -3.91202128
47 -410.73901367 -3.87489636
48 -405.14868164 -3.82215737
49 -398.63702393 -3.76072664
50 -400.73281860 -3.78049829
51 -397.93572998 -3.75411066
52 -397.68524170 -3.75174756
53 -395.78131104 -3.73378595
54 -396.15139771 -3.73727734
55 -395.61444092 -3.73221171
56 -393.36584473 -3.71099854
57 -385.66046143 -3.63830624
58 -383.05810547 -3.61375571
59 -380.89672852 -3.59336536
60 -380.54455566 -3.59004298
61 -378.90216064 -3.57454869
62 -380.03912354 -3.58527475
