0 -418.68713379 -6.97811890
1 -418.74426270 -6.97907104
2 -418.78433228 -6.97973887
3 -418.81594849 -6.98026581
4 -418.84658813 -6.98077647
5 -418.87731934 -6.98128866
6 -418.89218140 -6.98153636
7 -418.91418457 -6.98190308
8 -418.92214966 -6.98203583
9 -418.94296265 -6.98238271
10 -418.95611572 -6.98260193
11 -418.97222900 -6.98287048
12 -418.98309326 -6.98305155
13 -418.99453735 -6.98324229
14 -419.00723267 -6.98345388
15 -419.01730347 -6.98362172
16 -419.03018188 -6.98383636
17 -419.03811646 -6.98396861
18 -419.04089355 -6.98401489
19 -419.04235840 -6.98403931
20 -419.05398560 -6.98423309
21 -419.05932617 -6.98432210
22 -419.06796265 -6.98446604
23 -419.07296753 -6.98454946
24 -419.07769775 -6.98462830
25 -419.08969116 -6.98482819
26 -419.10278320 -6.98504639
27 -419.10302734 -6.98505046
28 -419.11248779 -6.98520813
29 -419.12792969 -6.98546549
30 -419.12353516 -6.98539225
31 -419.13635254 -6.98560588
32 -419.13812256 -6.98563538
33 -419.15216064 -6.98586934
34 -419.15536499 -6.98592275
35 -419.16644287 -6.98610738
36 -419.15612793 -6.98593547
37 -419.16641235 -6.98610687
38 -419.17279053 -6.98621318
39 -419.17660522 -6.98627675
40 -419.18307495 -6.98638458
41 -419.18777466 -6.98646291
42 -419.18893433 -6.98648224
43 -419.18542480 -6.98642375
44 -419.18710327 -6.98645172
45 -419.18170166 -6.98636169
46 -419.17742920 -6.98629049
47 -419.18127441 -6.98635457
48 -419.18716431 -6.98645274
49 -419.18988037 -6.98649801
50 -419.20181274 -6.98669688
51 -419.20245361 -6.98670756
52 -419.20028687 -6.98667145
53 -419.20443726 -6.98674062
54 -419.20083618 -6.98668060
55 -419.20169067 -6.98669484
56 -419.20126343 -6.98668772
57 -419.19851685 -6.98664195
58 -419.19683838 -6.98661397
59 -419.19470215 -6.98657837
60 -419.20108032 -6.98668467
61 -419.20114136 -6.98668569
62 -419.18368530 -6.98639476
63 -419.18258667 -6.98637644
64 -419.17202759 -6.98620046
65 -419.17678833 -6.98627981
66 -419.17288208 -6.98621470
67 -419.17871094 -6.98631185
68 -419.18618774 -6.98643646
69 -419.18411255 -6.98640188
70 -419.18008423 -6.98633474
71 -419.18527222 -6.98642120
72 -419.17416382 -6.98623606
73 -419.18099976 -6.98635000
74 -419.18777466 -6.98646291
75 -419.18655396 -6.98644257
76 -419.19250488 -6.98654175
77 -419.19335938 -6.98655599
78 -419.20346069 -6.98672434
79 -419.20019531 -6.98666992
80 -419.19915771 -6.98665263
81 -419.18484497 -6.98641408
82 -419.19152832 -6.98652547
83 -419.19110107 -6.98651835
84 -419.18896484 -6.98648275
85 -419.19158936 -6.98652649
86 -419.19027710 -6.98650462
87 -419.20208740 -6.98670146
88 -419.20431519 -6.98673859
89 -419.20767212 -6.98679454
90 -419.20858765 -6.98680979
91 -419.20944214 -6.98682404
92 -419.20318604 -6.98671977
93 -419.20544434 -6.98675741
94 -419.20562744 -6.98676046
95 -419.20434570 -6.98673910
96 -419.20761108 -6.98679352
97 -419.21368408 -6.98689473
98 -419.22381592 -6.98706360
99 -419.22589111 -6.98709819
100 -419.22830200 -6.98713837
101 -419.22885132 -6.98714752
102 -419.21511841 -6.98691864
103 -419.21734619 -6.98695577
104 -419.21267700 -6.98687795
105 -419.20837402 -6.98680623
106 -419.21295166 -6.98688253
107 -419.20846558 -6.98680776
108 -419.20263672 -6.98671061
109 -419.20147705 -6.98669128
110 -419.19305420 -6.98655090
111 -419.19882202 -6.98664703
112 -419.18978882 -6.98649648
113 -419.18957520 -6.98649292
114 -419.17282104 -6.98621368
115 -419.17279053 -6.98621318
116 -419.16168213 -6.98602804
117 -419.16125488 -6.98602091
118 -419.15359497 -6.98589325
119 -419.15478516 -6.98591309
120 -419.14788818 -6.98579814
121 -419.13867188 -6.98564453
122 -419.13449097 -6.98557485
123 -419.11947632 -6.98532461
124 -419.11843872 -6.98530731
125 -419.11123657 -6.98518728
126 -419.11300659 -6.98521678
127 -419.10852051 -6.98514201
128 -419.09545898 -6.98492432
129 -419.09027100 -6.98483785
130 -419.08453369 -6.98474223
131 -419.07662964 -6.98461049
132 -419.06991577 -6.98449860
133 -419.05752563 -6.98429209
134 -419.05099487 -6.98418325
135 -419.05368042 -6.98422801
136 -419.04440308 -6.98407338
137 -419.05136108 -6.98418935
138 -419.04672241 -6.98411204
139 -419.03231812 -6.98387197
140 -419.03359985 -6.98389333
141 -419.03399658 -6.98389994
142 -419.03045654 -6.98384094
143 -419.03298950 -6.98388316
144 -419.03421021 -6.98390350
145 -419.02548218 -6.98375804
146 -419.01443481 -6.98357391
147 -419.00723267 -6.98345388
148 -419.01669312 -6.98361155
149 -419.01828003 -6.98363800
150 -419.02703857 -6.98378398
151 -419.02850342 -6.98380839
152 -419.01821899 -6.98363698
153 -419.00708008 -6.98345133
154 -419.00241089 -6.98337351
155 -419.00598145 -6.98343302
156 -419.01031494 -6.98350525
157 -419.00613403 -6.98343557
158 -418.99389648 -6.98323161
159 -418.99047852 -6.98317464
160 -418.98880005 -6.98314667
161 -418.98123169 -6.98302053
162 -418.97457886 -6.98290965
163 -418.96932983 -6.98282216
164 -418.96423340 -6.98273722
165 -418.96600342 -6.98276672
166 -418.97268677 -6.98287811
167 -418.96871948 -6.98281199
168 -418.97647095 -6.98294118
169 -418.96267700 -6.98271128
170 -418.95855713 -6.98264262
171 -418.95043945 -6.98250732
172 -418.95089722 -6.98251495
173 -418.94628906 -6.98243815
174 -418.94213867 -6.98236898
175 -418.92071533 -6.98201192
176 -418.92456055 -6.98207601
177 -418.92608643 -6.98210144
178 -418.92926025 -6.98215434
179 -418.91659546 -6.98194326
180 -418.90737915 -6.98178965
181 -418.90539551 -6.98175659
182 -418.89691162 -6.98161519
183 -418.89822388 -6.98163706
184 -418.89010620 -6.98150177
185 -418.88262939 -6.98137716
186 -418.88082886 -6.98134715
187 -418.87002563 -6.98116709
188 -418.86154175 -6.98102570
189 -418.86132812 -6.98102214
190 -418.86001587 -6.98100026
191 -418.85217285 -6.98086955
192 -418.85537720 -6.98092295
193 -418.85919189 -6.98098653
194 -418.85577393 -6.98092957
195 -418.85418701 -6.98090312
196 -418.84188843 -6.98069814
197 -418.83920288 -6.98065338
198 -418.84173584 -6.98069560
199 -418.82986450 -6.98049774
200 -418.82937622 -6.98048960
201 -418.82208252 -6.98036804
202 -418.81356812 -6.98022614
203 -418.80606079 -6.98010101
204 -418.79241943 -6.97987366
205 -418.78479004 -6.97974650
206 -418.78561401 -6.97976023
207 -418.79528809 -6.97992147
208 -418.79849243 -6.97997487
209 -418.79528809 -6.97992147
210 -418.78945923 -6.97982432
211 -418.78561401 -6.97976023
212 -418.76770020 -6.97946167
213 -418.75854492 -6.97930908
214 -418.76431274 -6.97940521
215 -418.75805664 -6.97930094
216 -418.75604248 -6.97926737
217 -418.75399780 -6.97923330
218 -418.74945068 -6.97915751
219 -418.74313354 -6.97905223
220 -418.73828125 -6.97897135
221 -418.74111938 -6.97901866
222 -418.74560547 -6.97909342
223 -418.74053955 -6.97900899
224 -418.73547363 -6.97892456
225 -418.74133301 -6.97902222
226 -418.72955322 -6.97882589
227 -418.72793579 -6.97879893
228 -418.72518921 -6.97875315
229 -418.72875977 -6.97881266
230 -418.72705078 -6.97878418
231 -418.72302246 -6.97871704
232 -418.71807861 -6.97863464
233 -418.71447754 -6.97857463
234 -418.71163940 -6.97852732
235 -418.69775391 -6.97829590
236 -418.69812012 -6.97830200
237 -418.69207764 -6.97820129
238 -418.69335938 -6.97822266
239 -418.69198608 -6.97819977
240 -418.68356323 -6.97805939
241 -418.67639160 -6.97793986
242 -418.67764282 -6.97796071
243 -418.67883301 -6.97798055
244 -418.67385864 -6.97789764
245 -418.67324829 -6.97788747
246 -418.66598511 -6.97776642
247 -418.65856934 -6.97764282
248 -418.66134644 -6.97768911
249 -418.65679932 -6.97761332
250 -418.65158081 -6.97752635
251 -418.65112305 -6.97751872
252 -418.64349365 -6.97739156
253 -418.63931274 -6.97732188
254 -418.63269043 -6.97721151
255 -418.63110352 -6.97718506
256 -418.63555908 -6.97725932
257 -418.63165283 -6.97719421
258 -418.62258911 -6.97704315
259 -418.62203979 -6.97703400
260 -418.61853027 -6.97697550
261 -418.62265015 -6.97704417
262 -418.62322998 -6.97705383
263 -418.61383057 -6.97689718
264 -418.61096191 -6.97684937
265 -418.61193848 -6.97686564
266 -418.61236572 -6.97687276
267 -418.61276245 -6.97687937
268 -418.60815430 -6.97680257
269 -418.61053467 -6.97684224
270 -418.60269165 -6.97671153
271 -418.60797119 -6.97679952
272 -418.60940552 -6.97682343
273 -418.61483765 -6.97691396
274 -418.61022949 -6.97683716
275 -418.62109375 -6.97701823
276 -418.61486816 -6.97691447
277 -418.61544800 -6.97692413
278 -418.61248779 -6.97687480
279 -418.60839844 -6.97680664
280 -418.60583496 -6.97676392
281 -418.60205078 -6.97670085
282 -418.60186768 -6.97669779
283 -418.59667969 -6.97661133
284 -418.59613037 -6.97660217
285 -418.59109497 -6.97651825
286 -418.58120728 -6.97635345
287 -418.57958984 -6.97632650
288 -418.56445312 -6.97607422
289 -418.55108643 -6.97585144
290 -418.55435181 -6.97590586
291 -418.54736328 -6.97578939
292 -418.54425049 -6.97573751
293 -418.55175781 -6.97586263
294 -418.54678345 -6.97577972
295 -418.54672241 -6.97577871
296 -418.54351807 -6.97572530
297 -418.54003906 -6.97566732
298 -418.53573608 -6.97559560
299 -418.52835083 -6.97547251
300 -418.52322388 -6.97538706
301 -418.52026367 -6.97533773
302 -418.51773071 -6.97529551
303 -418.51400757 -6.97523346
304 -418.50485229 -6.97508087
305 -418.50033569 -6.97500559
306 -418.48593140 -6.97476552
307 -418.48043823 -6.97467397
308 -418.48309326 -6.97471822
309 -418.48278809 -6.97471313
310 -418.48385620 -6.97473094
311 -418.48617554 -6.97476959
312 -418.47247314 -6.97454122
313 -418.46987915 -6.97449799
314 -418.45266724 -6.97421112
315 -418.44863892 -6.97414398
316 -418.43829346 -6.97397156
317 -418.43493652 -6.97391561
318 -418.41732788 -6.97362213
319 -418.41079712 -6.97351329
320 -418.40631104 -6.97343852
321 -418.40066528 -6.97334442
322 -418.38735962 -6.97312266
323 -418.37734985 -6.97295583
324 -418.36950684 -6.97282511
325 -418.36911011 -6.97281850
326 -418.35687256 -6.97261454
327 -418.35174561 -6.97252909
328 -418.35162354 -6.97252706
329 -418.35220337 -6.97253672
330 -418.34790039 -6.97246501
331 -418.34652710 -6.97244212
332 -418.34503174 -6.97241720
333 -418.33795166 -6.97229919
334 -418.32952881 -6.97215881
335 -418.32159424 -6.97202657
336 -418.32061768 -6.97201029
337 -418.31649780 -6.97194163
338 -418.31478882 -6.97191315
339 -418.30682373 -6.97178040
340 -418.29953003 -6.97165883
341 -418.30075073 -6.97167918
342 -418.30361938 -6.97172699
343 -418.30346680 -6.97172445
344 -418.29425049 -6.97157084
345 -418.28622437 -6.97143707
346 -418.28582764 -6.97143046
347 -418.27575684 -6.97126261
348 -418.28338623 -6.97138977
349 -418.28268433 -6.97137807
350 -418.28622437 -6.97143707
351 -418.28384399 -6.97139740
352 -418.27929688 -6.97132161
353 -418.27526855 -6.97125448
354 -418.26388550 -6.97106476
355 -418.26617432 -6.97110291
356 -418.25875854 -6.97097931
357 -418.25842285 -6.97097371
358 -418.26629639 -6.97110494
359 -418.26348877 -6.97105815
360 -418.25750732 -6.97095846
361 -418.24752808 -6.97079213
362 -418.24096680 -6.97068278
363 -418.23831177 -6.97063853
364 -418.23748779 -6.97062480
365 -418.23992920 -6.97066549
366 -418.24209595 -6.97070160
