0 -591.49157715 -5.91491577
1 -591.45629883 -5.91456299
2 -591.40496826 -5.91404968
3 -591.38525391 -5.91385254
4 -591.33154297 -5.91331543
5 -591.32080078 -5.91320801
6 -591.27856445 -5.91278564
7 -591.26135254 -5.91261353
8 -591.16741943 -5.91167419
9 -591.14147949 -5.91141479
10 -591.11358643 -5.91113586
11 -591.10272217 -5.91102722
12 -591.09729004 -5.91097290
13 -591.09436035 -5.91094360
14 -591.05468750 -5.91054687
15 -590.95501709 -5.90955017
16 -590.97729492 -5.90977295
17 -590.96746826 -5.90967468
18 -590.93792725 -5.90937927
19 -590.88085938 -5.90880859
20 -590.83721924 -5.90837219
21 -590.81323242 -5.90813232
22 -590.74938965 -5.90749390
23 -590.71990967 -5.90719910
24 -590.59448242 -5.90594482
25 -590.57006836 -5.90570068
26 -590.48596191 -5.90485962
27 -590.38775635 -5.90387756
28 -590.32714844 -5.90327148
29 -590.32788086 -5.90327881
30 -590.34741211 -5.90347412
31 -590.31945801 -5.90319458
32 -590.24731445 -5.90247314
33 -590.18090820 -5.90180908
34 -590.07647705 -5.90076477
35 -590.10260010 -5.90102600
36 -590.11779785 -5.90117798
37 -590.03405762 -5.90034058
38 -590.02880859 -5.90028809
39 -590.02331543 -5.90023315
40 -589.99810791 -5.89998108
41 -589.98968506 -5.89989685
42 -589.80468750 -5.89804688
43 -589.71893311 -5.89718933
44 -589.61010742 -5.89610107
45 -589.48803711 -5.89488037
46 -589.21826172 -5.89218262
47 -589.16357422 -5.89163574
48 -589.18084717 -5.89180847
49 -589.24645996 -5.89246460
50 -589.19158936 -5.89191589
51 -589.10815430 -5.89108154
52 -589.04315186 -5.89043152
53 -588.97753906 -5.88977539
54 -588.99023438 -5.88990234
55 -588.95629883 -5.88956299
56 -588.99224854 -5.88992249
57 -588.96258545 -5.88962585
58 -588.87969971 -5.88879700
59 -588.75384521 -5.88753845
60 -588.67590332 -5.88675903
61 -588.54974365 -5.88549744
62 -588.40045166 -5.88400452
63 -588.43060303 -5.88430603
64 -588.48999023 -5.88489990
65 -588.49365234 -5.88493652
66 -588.37518311 -5.88375183
67 -588.18554688 -5.88185547
68 -588.21136475 -5.88211365
69 -588.03881836 -5.88038818
70 -587.98767090 -5.87987671
71 -587.83203125 -5.87832031
72 -587.86511230 -5.87865112
73 -587.85827637 -5.87858276
74 -587.68267822 -5.87682678
75 -587.47802734 -5.87478027
76 -587.35192871 -5.87351929
77 -587.24877930 -5.87248779
78 -587.06347656 -5.87063477
79 -586.95050049 -5.86950500
80 -586.69726562 -5.86697266
81 -586.61553955 -5.86615540
82 -586.80450439 -5.86804504
83 -586.82629395 -5.86826294
84 -586.67364502 -5.86673645
85 -586.52484131 -5.86524841
86 -586.53088379 -5.86530884
87 -586.28106689 -5.86281067
88 -585.95599365 -5.85955994
89 -585.90515137 -5.85905151
90 -585.88519287 -5.85885193
91 -585.66229248 -5.85662292
92 -585.69604492 -5.85696045
93 -585.83929443 -5.85839294
94 -586.02514648 -5.86025146
95 -585.73773193 -5.85737732
96 -585.78906250 -5.85789062
97 -585.51763916 -5.85517639
98 -585.52099609 -5.85520996
99 -585.52343750 -5.85523438
100 -585.41687012 -5.85416870
101 -585.05480957 -5.85054810
102 -584.80273438 -5.84802734
103 -584.76605225 -5.84766052
104 -584.69372559 -5.84693726
105 -584.64147949 -5.84641479
106 -584.49267578 -5.84492676
107 -584.36059570 -5.84360596
108 -584.06250000 -5.84062500
109 -584.21984863 -5.84219849
110 -583.90435791 -5.83904358
111 -583.84637451 -5.83846375
112 -584.08850098 -5.84088501
113 -583.81054688 -5.83810547
114 -584.13079834 -5.84130798
115 -583.96301270 -5.83963013
116 -584.09497070 -5.84094971
117 -583.78234863 -5.83782349
118 -583.85479736 -5.83854797
119 -583.94232178 -5.83942322
120 -583.63879395 -5.83638794
121 -583.86914062 -5.83869141
122 -583.98303223 -5.83983032
123 -583.75048828 -5.83750488
124 -583.87780762 -5.83877808
125 -583.85388184 -5.83853882
126 -583.90429688 -5.83904297
127 -583.50335693 -5.83503357
128 -583.48126221 -5.83481262
129 -583.30822754 -5.83308228
130 -582.97106934 -5.82971069
131 -582.72863770 -5.82728638
132 -582.58276367 -5.82582764
133 -582.77893066 -5.82778931
134 -582.94543457 -5.82945435
135 -582.95764160 -5.82957642
136 -582.91571045 -5.82915710
137 -583.02648926 -5.83026489
138 -583.18408203 -5.83184082
139 -583.08477783 -5.83084778
140 -582.89624023 -5.82896240
141 -582.49810791 -5.82498108
142 -582.38830566 -5.82388306
143 -582.10595703 -5.82105957
144 -581.88610840 -5.81886108
145 -581.75988770 -5.81759888
146 -581.69250488 -5.81692505
147 -581.97625732 -5.81976257
148 -581.79730225 -5.81797302
149 -581.87145996 -5.81871460
150 -581.81604004 -5.81816040
151 -581.73986816 -5.81739868
152 -581.61895752 -5.81618958
153 -581.42498779 -5.81424988
154 -581.19641113 -5.81196411
155 -580.74768066 -5.80747681
156 -580.21051025 -5.80210510
157 -580.22778320 -5.80227783
158 -579.98553467 -5.79985535
159 -579.81378174 -5.79813782
160 -579.71441650 -5.79714417
161 -579.79980469 -5.79799805
162 -579.51879883 -5.79518799
163 -579.81994629 -5.79819946
164 -579.80053711 -5.79800537
165 -579.48846436 -5.79488464
166 -579.46972656 -5.79469727
167 -579.81579590 -5.79815796
168 -579.92199707 -5.79921997
169 -579.76843262 -5.79768433
170 -579.27154541 -5.79271545
171 -579.11773682 -5.79117737
172 -578.95227051 -5.78952271
173 -578.70153809 -5.78701538
174 -578.65344238 -5.78653442
175 -578.47784424 -5.78477844
176 -578.05847168 -5.78058472
177 -577.81298828 -5.77812988
178 -577.98883057 -5.77988831
179 -578.78405762 -5.78784058
180 -578.78515625 -5.78785156
181 -578.78320312 -5.78783203
182 -578.31958008 -5.78319580
183 -578.27282715 -5.78272827
184 -578.21411133 -5.78214111
185 -578.13507080 -5.78135071
186 -577.88665771 -5.77886658
187 -577.81823730 -5.77818237
188 -577.93957520 -5.77939575
189 -578.06335449 -5.78063354
190 -577.79223633 -5.77792236
191 -577.33355713 -5.77333557
192 -577.43896484 -5.77438965
193 -577.34033203 -5.77340332
194 -577.06616211 -5.77066162
195 -576.75097656 -5.76750977
196 -576.70300293 -5.76703003
197 -577.02221680 -5.77022217
198 -576.46093750 -5.76460938
199 -576.39349365 -5.76393494
200 -576.36956787 -5.76369568
201 -576.02404785 -5.76024048
202 -576.44689941 -5.76446899
203 -575.68530273 -5.75685303
204 -575.44018555 -5.75440186
205 -575.62023926 -5.75620239
206 -575.73303223 -5.75733032
207 -575.14062500 -5.75140625
208 -574.55126953 -5.74551270
209 -574.61193848 -5.74611938
210 -574.00561523 -5.74005615
211 -574.01513672 -5.74015137
212 -574.05505371 -5.74055054
213 -574.46221924 -5.74462219
214 -574.34619141 -5.74346191
215 -574.16693115 -5.74166931
216 -573.71527100 -5.73715271
217 -573.26330566 -5.73263306
218 -573.74414062 -5.73744141
219 -573.28363037 -5.73283630
220 -573.35284424 -5.73352844
221 -573.51965332 -5.73519653
222 -573.53039551 -5.73530396
223 -573.32336426 -5.73323364
224 -573.73352051 -5.73733521
225 -573.91485596 -5.73914856
226 -573.96508789 -5.73965088
227 -573.95849609 -5.73958496
228 -573.53778076 -5.73537781
229 -572.75463867 -5.72754639
230 -572.39520264 -5.72395203
231 -571.75445557 -5.71754456
232 -571.13854980 -5.71138550
233 -570.61712646 -5.70617126
234 -570.47753906 -5.70477539
235 -571.35009766 -5.71350098
236 -570.80328369 -5.70803284
237 -570.71588135 -5.70715881
238 -570.03442383 -5.70034424
239 -570.35687256 -5.70356873
240 -569.82617188 -5.69826172
241 -569.47277832 -5.69472778
242 -569.10144043 -5.69101440
243 -568.98547363 -5.68985474
244 -568.31115723 -5.68311157
245 -567.59594727 -5.67595947
246 -566.56225586 -5.66562256
247 -566.21618652 -5.66216187
248 -565.81469727 -5.65814697
249 -565.52526855 -5.65525269
250 -565.31719971 -5.65317200
251 -564.39337158 -5.64393372
252 -564.60540771 -5.64605408
253 -564.05737305 -5.64057373
254 -564.27600098 -5.64276001
255 -564.06134033 -5.64061340
256 -563.94158936 -5.63941589
257 -563.53210449 -5.63532104
258 -562.31225586 -5.62312256
259 -562.00549316 -5.62005493
260 -561.38854980 -5.61388550
261 -561.49584961 -5.61495850
262 -561.23883057 -5.61238831
263 -561.02752686 -5.61027527
264 -560.93908691 -5.60939087
265 -560.09118652 -5.60091187
266 -559.24609375 -5.59246094
267 -559.00927734 -5.59009277
268 -559.90686035 -5.59906860
269 -559.48974609 -5.59489746
270 -560.06640625 -5.60066406
271 -559.78607178 -5.59786072
272 -558.66918945 -5.58669189
273 -556.81109619 -5.56811096
274 -556.97888184 -5.56978882
275 -557.42456055 -5.57424561
276 -557.22296143 -5.57222961
277 -556.87060547 -5.56870605
278 -555.90203857 -5.55902039
279 -556.62280273 -5.56622803
280 -555.82806396 -5.55828064
281 -556.48486328 -5.56484863
282 -557.32147217 -5.57321472
283 -558.20562744 -5.58205627
284 -557.94177246 -5.57941772
285 -557.28649902 -5.57286499
286 -557.29650879 -5.57296509
287 -556.55187988 -5.56551880
288 -556.92022705 -5.56920227
289 -557.44537354 -5.57445374
290 -558.53833008 -5.58538330
291 -558.38684082 -5.58386841
292 -558.68078613 -5.58680786
293 -558.14367676 -5.58143677
294 -556.97003174 -5.56970032
295 -556.99694824 -5.56996948
296 -556.33044434 -5.56330444
297 -556.96899414 -5.56968994
298 -556.43841553 -5.56438416
299 -556.32507324 -5.56325073
300 -558.32006836 -5.58320068
301 -557.73815918 -5.57738159
302 -557.45629883 -5.57456299
303 -557.02508545 -5.57025085
304 -557.35119629 -5.57351196
305 -557.31658936 -5.57316589
306 -558.65191650 -5.58651917
307 -558.37292480 -5.58372925
308 -558.45678711 -5.58456787
309 -558.21972656 -5.58219727
310 -558.20910645 -5.58209106
311 -557.18853760 -5.57188538
312 -556.54992676 -5.56549927
313 -556.18200684 -5.56182007
314 -555.43554688 -5.55435547
315 -553.95501709 -5.53955017
316 -554.40686035 -5.54406860
317 -553.98040771 -5.53980408
318 -554.04809570 -5.54048096
319 -553.81475830 -5.53814758
320 -553.83917236 -5.53839172
321 -554.60076904 -5.54600769
322 -555.60815430 -5.55608154
323 -554.82458496 -5.54824585
324 -554.66668701 -5.54666687
325 -553.64031982 -5.53640320
326 -554.34094238 -5.54340942
327 -554.53735352 -5.54537354
328 -553.62731934 -5.53627319
329 -552.94793701 -5.52947937
330 -552.65209961 -5.52652100
331 -552.32147217 -5.52321472
332 -553.28649902 -5.53286499
333 -552.74194336 -5.52741943
334 -552.80554199 -5.52805542
335 -551.75915527 -5.51759155
336 -552.36187744 -5.52361877
337 -551.89978027 -5.51899780
338 -552.09948730 -5.52099487
339 -552.55841064 -5.52558411
340 -552.21441650 -5.52214417
341 -551.53735352 -5.51537354
342 -551.11584473 -5.51115845
343 -550.76080322 -5.50760803
344 -549.63195801 -5.49631958
345 -549.07843018 -5.49078430
346 -549.32116699 -5.49321167
347 -549.31176758 -5.49311768
348 -549.31311035 -5.49313110
349 -548.43945312 -5.48439453
350 -547.75097656 -5.47750977
351 -547.52325439 -5.47523254
352 -546.66857910 -5.46668579
353 -548.35363770 -5.48353638
354 -547.83593750 -5.47835938
355 -547.28369141 -5.47283691
356 -545.61041260 -5.45610413
357 -546.32879639 -5.46328796
358 -545.31225586 -5.45312256
359 -544.57623291 -5.44576233
360 -543.98834229 -5.43988342
361 -544.25109863 -5.44251099
362 -543.41003418 -5.43410034
363 -544.06890869 -5.44068909
364 -544.54614258 -5.44546143
365 -544.75958252 -5.44759583
366 -544.19287109 -5.44192871
367 -543.68353271 -5.43683533
368 -543.36437988 -5.43364380
369 -544.09692383 -5.44096924
370 -544.16284180 -5.44162842
371 -544.46533203 -5.44465332
372 -543.44934082 -5.43449341
373 -544.07312012 -5.44073120
374 -543.70117188 -5.43701172
375 -543.09924316 -5.43099243
376 -545.40832520 -5.45408325
377 -544.73156738 -5.44731567
378 -543.90246582 -5.43902466
379 -544.05847168 -5.44058472
380 -544.13659668 -5.44136597
381 -543.54650879 -5.43546509
382 -544.03491211 -5.44034912
383 -543.83215332 -5.43832153
384 -543.67077637 -5.43670776
385 -543.16717529 -5.43167175
386 -543.49865723 -5.43498657
387 -542.05139160 -5.42051392
388 -541.45635986 -5.41456360
389 -541.69140625 -5.41691406
390 -541.40991211 -5.41409912
391 -540.96331787 -5.40963318
392 -541.21606445 -5.41216064
393 -540.80572510 -5.40805725
394 -539.32641602 -5.39326416
395 -539.07580566 -5.39075806
396 -538.99743652 -5.38997437
397 -539.58374023 -5.39583740
398 -539.89636230 -5.39896362
399 -539.96594238 -5.39965942
400 -539.05456543 -5.39054565
401 -537.20886230 -5.37208862
402 -536.14648438 -5.36146484
403 -535.93505859 -5.35935059
404 -535.85607910 -5.35856079
405 -536.27709961 -5.36277100
406 -536.17303467 -5.36173035
407 -535.32818604 -5.35328186
408 -535.48321533 -5.35483215
409 -534.83435059 -5.34834351
410 -532.80743408 -5.32807434
411 -533.26824951 -5.33268250
412 -532.70422363 -5.32704224
413 -533.14184570 -5.33141846
414 -533.43896484 -5.33438965
415 -533.03503418 -5.33035034
416 -529.24304199 -5.29243042
417 -528.74719238 -5.28747192
418 -529.59875488 -5.29598755
419 -530.67596436 -5.30675964
420 -531.10498047 -5.31104980
421 -530.24517822 -5.30245178
422 -529.00280762 -5.29002808
423 -526.78015137 -5.26780151
424 -526.37396240 -5.26373962
425 -526.44805908 -5.26448059
426 -528.03027344 -5.28030273
427 -526.74957275 -5.26749573
428 -527.41601562 -5.27416016
429 -526.58447266 -5.26584473
430 -525.97021484 -5.25970215
431 -524.59741211 -5.24597412
432 -525.46301270 -5.25463013
433 -525.34765625 -5.25347656
434 -525.75659180 -5.25756592
435 -525.02410889 -5.25024109
436 -525.67883301 -5.25678833
437 -526.94738770 -5.26947388
438 -525.96679688 -5.25966797
439 -526.11572266 -5.26115723
440 -524.53869629 -5.24538696
441 -524.72784424 -5.24727844
442 -524.87341309 -5.24873413
443 -526.62268066 -5.26622681
444 -526.70178223 -5.26701782
445 -527.87829590 -5.27878296
446 -528.23278809 -5.28232788
447 -528.04431152 -5.28044312
448 -527.04467773 -5.27044678
449 -526.67364502 -5.26673645
450 -526.82086182 -5.26820862
451 -527.80761719 -5.27807617
452 -526.10363770 -5.26103638
453 -522.94152832 -5.22941528
454 -519.22448730 -5.19224487
455 -518.98217773 -5.18982178
456 -517.59240723 -5.17592407
457 -516.42681885 -5.16426819
458 -515.71325684 -5.15713257
459 -515.72235107 -5.15722351
460 -517.67114258 -5.17671143
461 -516.93750000 -5.16937500
462 -517.87731934 -5.17877319
463 -519.44927979 -5.19449280
464 -520.20489502 -5.20204895
465 -521.28039551 -5.21280396
466 -520.37481689 -5.20374817
467 -522.23620605 -5.22236206
468 -525.09991455 -5.25099915
469 -524.78039551 -5.24780396
470 -526.22686768 -5.26226868
471 -525.56457520 -5.25564575
472 -526.50219727 -5.26502197
473 -523.93035889 -5.23930359
474 -523.13220215 -5.23132202
475 -522.93542480 -5.22935425
476 -522.56542969 -5.22565430
477 -521.32897949 -5.21328979
478 -521.42370605 -5.21423706
479 -519.13757324 -5.19137573
480 -518.79821777 -5.18798218
481 -517.83416748 -5.17834167
482 -519.07238770 -5.19072388
483 -520.01672363 -5.20016724
484 -520.91430664 -5.20914307
485 -520.74420166 -5.20744202
486 -520.75830078 -5.20758301
487 -522.47821045 -5.22478210
488 -520.13488770 -5.20134888
489 -519.16107178 -5.19161072
490 -518.96697998 -5.18966980
491 -517.78002930 -5.17780029
492 -517.01684570 -5.17016846
493 -517.53338623 -5.17533386
494 -518.06530762 -5.18065308
495 -517.74377441 -5.17743774
496 -517.62829590 -5.17628296
497 -517.99517822 -5.17995178
498 -518.42492676 -5.18424927
499 -518.72808838 -5.18728088
500 -518.01098633 -5.18010986
501 -516.17651367 -5.16176514
502 -515.01025391 -5.15010254
503 -514.91082764 -5.14910828
504 -514.98120117 -5.14981201
505 -515.37719727 -5.15377197
506 -513.51538086 -5.13515381
507 -511.62121582 -5.11621216
508 -512.29443359 -5.12294434
509 -513.02502441 -5.13025024
510 -510.28890991 -5.10288910
511 -509.71765137 -5.09717651
512 -508.38122559 -5.08381226
513 -507.21893311 -5.07218933
514 -504.99572754 -5.04995728
515 -503.13302612 -5.03133026
516 -502.26043701 -5.02260437
517 -502.89492798 -5.02894928
518 -500.69503784 -5.00695038
519 -499.17059326 -4.99170593
520 -498.28656006 -4.98286560
521 -497.86410522 -4.97864105
522 -498.89480591 -4.98894806
523 -498.04638672 -4.98046387
524 -499.08407593 -4.99084076
525 -499.01077271 -4.99010773
526 -496.88775635 -4.96887756
527 -496.89892578 -4.96898926
528 -496.41613770 -4.96416138
529 -499.36807251 -4.99368073
530 -499.38940430 -4.99389404
531 -499.47183228 -4.99471832
532 -497.80517578 -4.97805176
533 -496.51538086 -4.96515381
534 -494.11843872 -4.94118439
535 -490.94000244 -4.90940002
536 -490.16857910 -4.90168579
537 -489.72537231 -4.89725372
538 -489.61035156 -4.89610352
539 -489.18463135 -4.89184631
540 -486.87332153 -4.86873322
541 -481.51391602 -4.81513916
542 -479.64227295 -4.79642273
