0 -430.17651367 -5.97467380
1 -430.19543457 -5.97493659
2 -430.20953369 -5.97513241
3 -430.22229004 -5.97530958
4 -430.23364258 -5.97546726
5 -430.24407959 -5.97561222
6 -430.25366211 -5.97574531
7 -430.26123047 -5.97585042
8 -430.26953125 -5.97596571
9 -430.27618408 -5.97605811
10 -430.28314209 -5.97615475
11 -430.28857422 -5.97623020
12 -430.29498291 -5.97631921
13 -430.29956055 -5.97638279
14 -430.30487061 -5.97645654
15 -430.30889893 -5.97651249
16 -430.31262207 -5.97656420
17 -430.31579590 -5.97660828
18 -430.31964111 -5.97666168
19 -430.32244873 -5.97670068
20 -430.32556152 -5.97674391
21 -430.32873535 -5.97678799
22 -430.33221436 -5.97683631
23 -430.33526611 -5.97687870
24 -430.33734131 -5.97690752
25 -430.33978271 -5.97694143
26 -430.34161377 -5.97696686
27 -430.34387207 -5.97699822
28 -430.34545898 -5.97702026
29 -430.34753418 -5.97704909
30 -430.34863281 -5.97706434
31 -430.34948730 -5.97707621
32 -430.35180664 -5.97710843
33 -430.35400391 -5.97713894
34 -430.35595703 -5.97716607
35 -430.35760498 -5.97718896
36 -430.35931396 -5.97721269
37 -430.36132812 -5.97724067
38 -430.36224365 -5.97725338
39 -430.36437988 -5.97728305
40 -430.36517334 -5.97729407
41 -430.36688232 -5.97731781
42 -430.36853027 -5.97734070
43 -430.36914062 -5.97734918
44 -430.37011719 -5.97736274
45 -430.37255859 -5.97739665
46 -430.37322998 -5.97740597
47 -430.37432861 -5.97742123
48 -430.37573242 -5.97744073
49 -430.37652588 -5.97745175
50 -430.37677002 -5.97745514
51 -430.37768555 -5.97746785
52 -430.37841797 -5.97747803
53 -430.37890625 -5.97748481
54 -430.37988281 -5.97749837
55 -430.38104248 -5.97751448
56 -430.38183594 -5.97752550
57 -430.38311768 -5.97754330
58 -430.38317871 -5.97754415
59 -430.38439941 -5.97756110
60 -430.38470459 -5.97756534
61 -430.38568115 -5.97757890
62 -430.38647461 -5.97758993
63 -430.38690186 -5.97759586
64 -430.38720703 -5.97760010
65 -430.38787842 -5.97760942
66 -430.38824463 -5.97761451
67 -430.38970947 -5.97763485
68 -430.39031982 -5.97764333
69 -430.39062500 -5.97764757
70 -430.39141846 -5.97765859
71 -430.39221191 -5.97766961
72 -430.39190674 -5.97766537
73 -430.39239502 -5.97767215
74 -430.39312744 -5.97768233
75 -430.39306641 -5.97768148
76 -430.39361572 -5.97768911
77 -430.39410400 -5.97769589
78 -430.39556885 -5.97771623
79 -430.39508057 -5.97770945
80 -430.39617920 -5.97772471
81 -430.39605713 -5.97772302
82 -430.39660645 -5.97773065
83 -430.39703369 -5.97773658
84 -430.39727783 -5.97773997
85 -430.39746094 -5.97774251
86 -430.39733887 -5.97774082
87 -430.39813232 -5.97775184
88 -430.39770508 -5.97774590
89 -430.39868164 -5.97775947
90 -430.39898682 -5.97776371
91 -430.39965820 -5.97777303
92 -430.40014648 -5.97777981
93 -430.40112305 -5.97779338
94 -430.40179443 -5.97780270
95 -430.40246582 -5.97781203
96 -430.40216064 -5.97780779
97 -430.40338135 -5.97782474
98 -430.40399170 -5.97783322
99 -430.40362549 -5.97782813
100 -430.40405273 -5.97783407
101 -430.40435791 -5.97783830
102 -430.40490723 -5.97784593
103 -430.40551758 -5.97785441
104 -430.40545654 -5.97785356
105 -430.40594482 -5.97786034
106 -430.40637207 -5.97786628
107 -430.40716553 -5.97787730
108 -430.40716553 -5.97787730
109 -430.40716553 -5.97787730
110 -430.40771484 -5.97788493
111 -430.40832520 -5.97789341
112 -430.40863037 -5.97789764
113 -430.40899658 -5.97790273
114 -430.41015625 -5.97791884
115 -430.41046143 -5.97792308
116 -430.41009521 -5.97791799
117 -430.41052246 -5.97792392
118 -430.41058350 -5.97792477
119 -430.41076660 -5.97792731
120 -430.41082764 -5.97792816
121 -430.41113281 -5.97793240
122 -430.41125488 -5.97793410
123 -430.41186523 -5.97794257
124 -430.41204834 -5.97794512
125 -430.41198730 -5.97794427
126 -430.41168213 -5.97794003
127 -430.41204834 -5.97794512
128 -430.41198730 -5.97794427
129 -430.41137695 -5.97793579
130 -430.41162109 -5.97793918
131 -430.41192627 -5.97794342
132 -430.41162109 -5.97793918
133 -430.41204834 -5.97794512
134 -430.41210938 -5.97794596
135 -430.41174316 -5.97794088
136 -430.41217041 -5.97794681
137 -430.41204834 -5.97794512
138 -430.41259766 -5.97795275
139 -430.41210938 -5.97794596
140 -430.41296387 -5.97795783
141 -430.41296387 -5.97795783
142 -430.41302490 -5.97795868
143 -430.41314697 -5.97796037
144 -430.41278076 -5.97795529
145 -430.41271973 -5.97795444
146 -430.41424561 -5.97797563
147 -430.41387939 -5.97797055
148 -430.41406250 -5.97797309
149 -430.41375732 -5.97796885
150 -430.41436768 -5.97797733
151 -430.41406250 -5.97797309
152 -430.41436768 -5.97797733
153 -430.41467285 -5.97798157
154 -430.41442871 -5.97797818
155 -430.41485596 -5.97798411
156 -430.41540527 -5.97799174
157 -430.41528320 -5.97799004
158 -430.41564941 -5.97799513
159 -430.41558838 -5.97799428
160 -430.41534424 -5.97799089
161 -430.41625977 -5.97800361
162 -430.41589355 -5.97799852
163 -430.41595459 -5.97799937
164 -430.41687012 -5.97801208
165 -430.41717529 -5.97801632
166 -430.41705322 -5.97801463
167 -430.41760254 -5.97802226
168 -430.41815186 -5.97802989
169 -430.41882324 -5.97803921
170 -430.41870117 -5.97803752
171 -430.41912842 -5.97804345
172 -430.42004395 -5.97805617
173 -430.42010498 -5.97805701
174 -430.41986084 -5.97805362
175 -430.41931152 -5.97804599
176 -430.42022705 -5.97805871
177 -430.42108154 -5.97807058
178 -430.42089844 -5.97806803
179 -430.42156982 -5.97807736
180 -430.42156982 -5.97807736
181 -430.42211914 -5.97808499
182 -430.42224121 -5.97808668
183 -430.42291260 -5.97809601
184 -430.42285156 -5.97809516
185 -430.42254639 -5.97809092
186 -430.42376709 -5.97810788
187 -430.42437744 -5.97811635
188 -430.42529297 -5.97812907
189 -430.42547607 -5.97813161
190 -430.42523193 -5.97812822
191 -430.42565918 -5.97813416
192 -430.42541504 -5.97813076
193 -430.42559814 -5.97813331
194 -430.42584229 -5.97813670
195 -430.42620850 -5.97814178
196 -430.42706299 -5.97815365
197 -430.42730713 -5.97815704
198 -430.42779541 -5.97816383
199 -430.42761230 -5.97816128
200 -430.42730713 -5.97815704
201 -430.42785645 -5.97816467
202 -430.42816162 -5.97816891
203 -430.42791748 -5.97816552
204 -430.42889404 -5.97817908
205 -430.42858887 -5.97817485
206 -430.42907715 -5.97818163
207 -430.42932129 -5.97818502
208 -430.42974854 -5.97819095
209 -430.42980957 -5.97819180
210 -430.42932129 -5.97818502
211 -430.42919922 -5.97818332
212 -430.42938232 -5.97818587
213 -430.42895508 -5.97817993
214 -430.42980957 -5.97819180
215 -430.42968750 -5.97819010
216 -430.42944336 -5.97818671
217 -430.42950439 -5.97818756
218 -430.42926025 -5.97818417
219 -430.42956543 -5.97818841
220 -430.42956543 -5.97818841
221 -430.42956543 -5.97818841
222 -430.42944336 -5.97818671
223 -430.42926025 -5.97818417
224 -430.42974854 -5.97819095
225 -430.43035889 -5.97819943
226 -430.43041992 -5.97820028
227 -430.43035889 -5.97819943
228 -430.43029785 -5.97819858
229 -430.43017578 -5.97819689
230 -430.43048096 -5.97820112
231 -430.43090820 -5.97820706
232 -430.43103027 -5.97820875
233 -430.43139648 -5.97821384
234 -430.43103027 -5.97820875
235 -430.43109131 -5.97820960
236 -430.43133545 -5.97821299
237 -430.43072510 -5.97820452
238 -430.43090820 -5.97820706
239 -430.43072510 -5.97820452
240 -430.43090820 -5.97820706
241 -430.43041992 -5.97820028
242 -430.43084717 -5.97820621
243 -430.43115234 -5.97821045
244 -430.43103027 -5.97820875
245 -430.43048096 -5.97820112
246 -430.43066406 -5.97820367
247 -430.43078613 -5.97820536
248 -430.43127441 -5.97821214
249 -430.43090820 -5.97820706
250 -430.43206787 -5.97822316
251 -430.43145752 -5.97821469
252 -430.43145752 -5.97821469
253 -430.43231201 -5.97822656
254 -430.43176270 -5.97821893
255 -430.43176270 -5.97821893
256 -430.43243408 -5.97822825
257 -430.43200684 -5.97822232
258 -430.43273926 -5.97823249
259 -430.43237305 -5.97822740
260 -430.43280029 -5.97823334
261 -430.43206787 -5.97822316
262 -430.43267822 -5.97823164
263 -430.43273926 -5.97823249
264 -430.43328857 -5.97824012
265 -430.43267822 -5.97823164
266 -430.43328857 -5.97824012
267 -430.43365479 -5.97824521
268 -430.43371582 -5.97824605
269 -430.43395996 -5.97824944
270 -430.43359375 -5.97824436
271 -430.43322754 -5.97823927
272 -430.43298340 -5.97823588
273 -430.43328857 -5.97824012
274 -430.43377686 -5.97824690
275 -430.43389893 -5.97824860
276 -430.43395996 -5.97824944
277 -430.43487549 -5.97826216
278 -430.43475342 -5.97826046
279 -430.43457031 -5.97825792
280 -430.43450928 -5.97825707
281 -430.43444824 -5.97825623
282 -430.43420410 -5.97825283
283 -430.43408203 -5.97825114
284 -430.43402100 -5.97825029
285 -430.43408203 -5.97825114
286 -430.43450928 -5.97825707
287 -430.43359375 -5.97824436
288 -430.43414307 -5.97825199
289 -430.43414307 -5.97825199
290 -430.43402100 -5.97825029
291 -430.43377686 -5.97824690
292 -430.43402100 -5.97825029
293 -430.43420410 -5.97825283
294 -430.43414307 -5.97825199
295 -430.43463135 -5.97825877
296 -430.43481445 -5.97826131
297 -430.43511963 -5.97826555
298 -430.43457031 -5.97825792
299 -430.43469238 -5.97825962
300 -430.43444824 -5.97825623
301 -430.43426514 -5.97825368
302 -430.43487549 -5.97826216
303 -430.43438721 -5.97825538
304 -430.43475342 -5.97826046
305 -430.43511963 -5.97826555
306 -430.43414307 -5.97825199
307 -430.43487549 -5.97826216
308 -430.43524170 -5.97826725
309 -430.43487549 -5.97826216
310 -430.43597412 -5.97827742
311 -430.43572998 -5.97827403
312 -430.43572998 -5.97827403
313 -430.43664551 -5.97828674
314 -430.43621826 -5.97828081
315 -430.43572998 -5.97827403
316 -430.43634033 -5.97828250
317 -430.43676758 -5.97828844
318 -430.43670654 -5.97828759
319 -430.43597412 -5.97827742
320 -430.43688965 -5.97829013
321 -430.43658447 -5.97828590
322 -430.43652344 -5.97828505
323 -430.43640137 -5.97828335
324 -430.43676758 -5.97828844
325 -430.43688965 -5.97829013
326 -430.43695068 -5.97829098
327 -430.43682861 -5.97828929
328 -430.43731689 -5.97829607
329 -430.43743896 -5.97829776
330 -430.43756104 -5.97829946
331 -430.43768311 -5.97830115
332 -430.43798828 -5.97830539
333 -430.43835449 -5.97831048
334 -430.43835449 -5.97831048
335 -430.43817139 -5.97830794
336 -430.43817139 -5.97830794
337 -430.43774414 -5.97830200
338 -430.43750000 -5.97829861
339 -430.43713379 -5.97829352
340 -430.43676758 -5.97828844
341 -430.43731689 -5.97829607
342 -430.43707275 -5.97829268
343 -430.43792725 -5.97830455
344 -430.43701172 -5.97829183
345 -430.43762207 -5.97830031
346 -430.43780518 -5.97830285
347 -430.43725586 -5.97829522
348 -430.43731689 -5.97829607
349 -430.43713379 -5.97829352
350 -430.43750000 -5.97829861
351 -430.43811035 -5.97830709
352 -430.43798828 -5.97830539
353 -430.43768311 -5.97830115
354 -430.43817139 -5.97830794
355 -430.43829346 -5.97830963
356 -430.43798828 -5.97830539
357 -430.43762207 -5.97830031
358 -430.43823242 -5.97830878
359 -430.43859863 -5.97831387
360 -430.43908691 -5.97832065
361 -430.43975830 -5.97832998
362 -430.43902588 -5.97831980
363 -430.43920898 -5.97832235
364 -430.43908691 -5.97832065
365 -430.43853760 -5.97831302
366 -430.43927002 -5.97832319
367 -430.43859863 -5.97831387
368 -430.43811035 -5.97830709
369 -430.43792725 -5.97830455
370 -430.43884277 -5.97831726
371 -430.43859863 -5.97831387
372 -430.43878174 -5.97831641
373 -430.43878174 -5.97831641
374 -430.43933105 -5.97832404
375 -430.43853760 -5.97831302
376 -430.43853760 -5.97831302
377 -430.43817139 -5.97830794
378 -430.43804932 -5.97830624
379 -430.43786621 -5.97830370
380 -430.43835449 -5.97831048
381 -430.43841553 -5.97831133
382 -430.43823242 -5.97830878
383 -430.43804932 -5.97830624
384 -430.43774414 -5.97830200
385 -430.43823242 -5.97830878
386 -430.43774414 -5.97830200
387 -430.43731689 -5.97829607
388 -430.43701172 -5.97829183
389 -430.43725586 -5.97829522
390 -430.43713379 -5.97829352
391 -430.43688965 -5.97829013
392 -430.43750000 -5.97829861
393 -430.43768311 -5.97830115
394 -430.43707275 -5.97829268
395 -430.43756104 -5.97829946
396 -430.43707275 -5.97829268
397 -430.43713379 -5.97829352
398 -430.43701172 -5.97829183
399 -430.43695068 -5.97829098
400 -430.43670654 -5.97828759
401 -430.43670654 -5.97828759
402 -430.43725586 -5.97829522
403 -430.43713379 -5.97829352
404 -430.43719482 -5.97829437
405 -430.43676758 -5.97828844
406 -430.43701172 -5.97829183
407 -430.43743896 -5.97829776
408 -430.43768311 -5.97830115
409 -430.43737793 -5.97829692
410 -430.43658447 -5.97828590
411 -430.43707275 -5.97829268
412 -430.43646240 -5.97828420
413 -430.43634033 -5.97828250
414 -430.43603516 -5.97827827
415 -430.43646240 -5.97828420
416 -430.43652344 -5.97828505
417 -430.43634033 -5.97828250
418 -430.43719482 -5.97829437
419 -430.43676758 -5.97828844
420 -430.43750000 -5.97829861
421 -430.43811035 -5.97830709
422 -430.43774414 -5.97830200
423 -430.43780518 -5.97830285
424 -430.43780518 -5.97830285
425 -430.43780518 -5.97830285
426 -430.43872070 -5.97831557
427 -430.43786621 -5.97830370
428 -430.43804932 -5.97830624
429 -430.43884277 -5.97831726
430 -430.43927002 -5.97832319
431 -430.43908691 -5.97832065
432 -430.43847656 -5.97831217
433 -430.43920898 -5.97832235
434 -430.43933105 -5.97832404
435 -430.43884277 -5.97831726
436 -430.43969727 -5.97832913
437 -430.43945312 -5.97832574
438 -430.43927002 -5.97832319
439 -430.43920898 -5.97832235
440 -430.43945312 -5.97832574
441 -430.44012451 -5.97833506
442 -430.44116211 -5.97834947
443 -430.44104004 -5.97834778
444 -430.44049072 -5.97834015
445 -430.44085693 -5.97834524
446 -430.44128418 -5.97835117
447 -430.44085693 -5.97834524
448 -430.44152832 -5.97835456
449 -430.44128418 -5.97835117
450 -430.44128418 -5.97835117
451 -430.44165039 -5.97835626
452 -430.44128418 -5.97835117
453 -430.44140625 -5.97835286
454 -430.44097900 -5.97834693
455 -430.44097900 -5.97834693
456 -430.44055176 -5.97834100
457 -430.44079590 -5.97834439
458 -430.44104004 -5.97834778
459 -430.44152832 -5.97835456
460 -430.44067383 -5.97834269
461 -430.44073486 -5.97834354
462 -430.43969727 -5.97832913
463 -430.44024658 -5.97833676
464 -430.43988037 -5.97833167
465 -430.43945312 -5.97832574
466 -430.43939209 -5.97832489
467 -430.43994141 -5.97833252
468 -430.43920898 -5.97832235
469 -430.43963623 -5.97832828
470 -430.43914795 -5.97832150
471 -430.43945312 -5.97832574
472 -430.43951416 -5.97832659
473 -430.44012451 -5.97833506
474 -430.44006348 -5.97833421
475 -430.44024658 -5.97833676
476 -430.44036865 -5.97833845
477 -430.44067383 -5.97834269
478 -430.44055176 -5.97834100
479 -430.44012451 -5.97833506
480 -430.43981934 -5.97833082
481 -430.43927002 -5.97832319
482 -430.43945312 -5.97832574
483 -430.43847656 -5.97831217
484 -430.43804932 -5.97830624
485 -430.43847656 -5.97831217
486 -430.43920898 -5.97832235
487 -430.43865967 -5.97831472
488 -430.43823242 -5.97830878
489 -430.43865967 -5.97831472
490 -430.43774414 -5.97830200
491 -430.43780518 -5.97830285
492 -430.43823242 -5.97830878
493 -430.43872070 -5.97831557
494 -430.43908691 -5.97832065
495 -430.43927002 -5.97832319
496 -430.43902588 -5.97831980
497 -430.43939209 -5.97832489
498 -430.43969727 -5.97832913
499 -430.43975830 -5.97832998
500 -430.43939209 -5.97832489
501 -430.43981934 -5.97833082
502 -430.43963623 -5.97832828
503 -430.43963623 -5.97832828
504 -430.43975830 -5.97832998
505 -430.44024658 -5.97833676
506 -430.44012451 -5.97833506
507 -430.44104004 -5.97834778
508 -430.44067383 -5.97834269
509 -430.44067383 -5.97834269
510 -430.44110107 -5.97834863
511 -430.44097900 -5.97834693
512 -430.44195557 -5.97836049
513 -430.44195557 -5.97836049
514 -430.44213867 -5.97836304
515 -430.44226074 -5.97836473
516 -430.44189453 -5.97835965
517 -430.44165039 -5.97835626
518 -430.44262695 -5.97836982
519 -430.44250488 -5.97836812
520 -430.44323730 -5.97837830
521 -430.44250488 -5.97836812
522 -430.44256592 -5.97836897
523 -430.44244385 -5.97836728
524 -430.44226074 -5.97836473
525 -430.44250488 -5.97836812
526 -430.44293213 -5.97837406
527 -430.44342041 -5.97838084
528 -430.44256592 -5.97836897
529 -430.44226074 -5.97836473
530 -430.44250488 -5.97836812
531 -430.44207764 -5.97836219
532 -430.44219971 -5.97836388
533 -430.44140625 -5.97835286
534 -430.44232178 -5.97836558
535 -430.44244385 -5.97836728
536 -430.44299316 -5.97837491
537 -430.44268799 -5.97837067
538 -430.44305420 -5.97837575
539 -430.44195557 -5.97836049
540 -430.44287109 -5.97837321
541 -430.44256592 -5.97836897
542 -430.44281006 -5.97837236
543 -430.44299316 -5.97837491
544 -430.44262695 -5.97836982
545 -430.44281006 -5.97837236
546 -430.44262695 -5.97836982
547 -430.44287109 -5.97837321
548 -430.44299316 -5.97837491
549 -430.44201660 -5.97836134
550 -430.44226074 -5.97836473
551 -430.44281006 -5.97837236
552 -430.44262695 -5.97836982
553 -430.44226074 -5.97836473
554 -430.44152832 -5.97835456
555 -430.44201660 -5.97836134
556 -430.44183350 -5.97835880
557 -430.44213867 -5.97836304
558 -430.44183350 -5.97835880
559 -430.44134521 -5.97835202
560 -430.44195557 -5.97836049
561 -430.44268799 -5.97837067
562 -430.44207764 -5.97836219
563 -430.44195557 -5.97836049
564 -430.44110107 -5.97834863
565 -430.44213867 -5.97836304
566 -430.44146729 -5.97835371
567 -430.44140625 -5.97835286
568 -430.44104004 -5.97834778
569 -430.44134521 -5.97835202
570 -430.44085693 -5.97834524
571 -430.44171143 -5.97835710
572 -430.44219971 -5.97836388
573 -430.44183350 -5.97835880
574 -430.44238281 -5.97836643
575 -430.44158936 -5.97835541
576 -430.44195557 -5.97836049
577 -430.44238281 -5.97836643
578 -430.44274902 -5.97837151
579 -430.44329834 -5.97837914
580 -430.44384766 -5.97838677
581 -430.44348145 -5.97838169
582 -430.44433594 -5.97839355
583 -430.44482422 -5.97840034
584 -430.44470215 -5.97839864
585 -430.44573975 -5.97841305
586 -430.44628906 -5.97842068
587 -430.44622803 -5.97841983
588 -430.44610596 -5.97841814
589 -430.44604492 -5.97841729
590 -430.44635010 -5.97842153
591 -430.44659424 -5.97842492
592 -430.44683838 -5.97842831
593 -430.44720459 -5.97843340
594 -430.44696045 -5.97843001
595 -430.44702148 -5.97843085
596 -430.44647217 -5.97842322
597 -430.44665527 -5.97842577
598 -430.44720459 -5.97843340
599 -430.44714355 -5.97843255
600 -430.44775391 -5.97844103
601 -430.44750977 -5.97843764
602 -430.44781494 -5.97844187
603 -430.44799805 -5.97844442
604 -430.44775391 -5.97844103
605 -430.44799805 -5.97844442
606 -430.44793701 -5.97844357
607 -430.44750977 -5.97843764
608 -430.44793701 -5.97844357
609 -430.44891357 -5.97845713
610 -430.44952393 -5.97846561
611 -430.44952393 -5.97846561
612 -430.44989014 -5.97847070
613 -430.44964600 -5.97846731
614 -430.45031738 -5.97847663
615 -430.44995117 -5.97847154
616 -430.44934082 -5.97846307
617 -430.44982910 -5.97846985
618 -430.45037842 -5.97847748
619 -430.45050049 -5.97847917
620 -430.45129395 -5.97849019
621 -430.45111084 -5.97848765
622 -430.45153809 -5.97849358
623 -430.45092773 -5.97848511
624 -430.45153809 -5.97849358
625 -430.45251465 -5.97850715
626 -430.45251465 -5.97850715
627 -430.45184326 -5.97849782
628 -430.45324707 -5.97851732
629 -430.45306396 -5.97851478
630 -430.45355225 -5.97852156
631 -430.45324707 -5.97851732
632 -430.45373535 -5.97852410
633 -430.45404053 -5.97852834
634 -430.45312500 -5.97851562
635 -430.45361328 -5.97852241
636 -430.45306396 -5.97851478
637 -430.45324707 -5.97851732
638 -430.45330811 -5.97851817
639 -430.45385742 -5.97852580
640 -430.45397949 -5.97852749
641 -430.45404053 -5.97852834
642 -430.45495605 -5.97854106
643 -430.45532227 -5.97854614
644 -430.45568848 -5.97855123
645 -430.45581055 -5.97855292
646 -430.45611572 -5.97855716
647 -430.45617676 -5.97855801
648 -430.45672607 -5.97856564
649 -430.45739746 -5.97857496
650 -430.45739746 -5.97857496
651 -430.45758057 -5.97857751
652 -430.45849609 -5.97859022
653 -430.45831299 -5.97858768
654 -430.45831299 -5.97858768
655 -430.45788574 -5.97858175
656 -430.45776367 -5.97858005
657 -430.45776367 -5.97858005
658 -430.45794678 -5.97858259
659 -430.45745850 -5.97857581
660 -430.45739746 -5.97857496
661 -430.45782471 -5.97858090
662 -430.45751953 -5.97857666
663 -430.45794678 -5.97858259
664 -430.45770264 -5.97857920
665 -430.45837402 -5.97858853
666 -430.45819092 -5.97858598
667 -430.45806885 -5.97858429
668 -430.45861816 -5.97859192
669 -430.45837402 -5.97858853
670 -430.45812988 -5.97858514
671 -430.45837402 -5.97858853
672 -430.45782471 -5.97858090
673 -430.45764160 -5.97857836
674 -430.45764160 -5.97857836
675 -430.45782471 -5.97858090
676 -430.45745850 -5.97857581
677 -430.45819092 -5.97858598
678 -430.45867920 -5.97859277
679 -430.45892334 -5.97859616
680 -430.45910645 -5.97859870
681 -430.45867920 -5.97859277
682 -430.45880127 -5.97859446
683 -430.45867920 -5.97859277
684 -430.45867920 -5.97859277
685 -430.45928955 -5.97860124
686 -430.45904541 -5.97859785
687 -430.46002197 -5.97861142
688 -430.45959473 -5.97860548
689 -430.45965576 -5.97860633
690 -430.45971680 -5.97860718
691 -430.45959473 -5.97860548
692 -430.46038818 -5.97861650
693 -430.45989990 -5.97860972
694 -430.46008301 -5.97861226
695 -430.45965576 -5.97860633
696 -430.46020508 -5.97861396
697 -430.46008301 -5.97861226
698 -430.45996094 -5.97861057
699 -430.45977783 -5.97860803
700 -430.45971680 -5.97860718
701 -430.46032715 -5.97861565
702 -430.46032715 -5.97861565
703 -430.46069336 -5.97862074
704 -430.46105957 -5.97862583
705 -430.46075439 -5.97862159
706 -430.46099854 -5.97862498
707 -430.46105957 -5.97862583
708 -430.46081543 -5.97862244
709 -430.46063232 -5.97861989
710 -430.46093750 -5.97862413
711 -430.46044922 -5.97861735
712 -430.46069336 -5.97862074
713 -430.46032715 -5.97861565
714 -430.46075439 -5.97862159
715 -430.46105957 -5.97862583
716 -430.46160889 -5.97863346
717 -430.46154785 -5.97863261
718 -430.46081543 -5.97862244
719 -430.46075439 -5.97862159
720 -430.46081543 -5.97862244
721 -430.46099854 -5.97862498
722 -430.46087646 -5.97862328
723 -430.46118164 -5.97862752
724 -430.46136475 -5.97863007
725 -430.46203613 -5.97863939
726 -430.46154785 -5.97863261
727 -430.46221924 -5.97864193
728 -430.46166992 -5.97863430
729 -430.46154785 -5.97863261
730 -430.46173096 -5.97863515
731 -430.46142578 -5.97863091
732 -430.46166992 -5.97863430
733 -430.46240234 -5.97864448
734 -430.46276855 -5.97864956
735 -430.46252441 -5.97864617
736 -430.46203613 -5.97863939
737 -430.46209717 -5.97864024
738 -430.46203613 -5.97863939
739 -430.46215820 -5.97864109
740 -430.46282959 -5.97865041
741 -430.46215820 -5.97864109
742 -430.46270752 -5.97864872
743 -430.46215820 -5.97864109
744 -430.46234131 -5.97864363
745 -430.46246338 -5.97864532
746 -430.46289062 -5.97865126
747 -430.46295166 -5.97865211
748 -430.46289062 -5.97865126
749 -430.46331787 -5.97865719
750 -430.46191406 -5.97863770
751 -430.46276855 -5.97864956
752 -430.46362305 -5.97866143
753 -430.46313477 -5.97865465
754 -430.46319580 -5.97865550
755 -430.46319580 -5.97865550
756 -430.46343994 -5.97865889
757 -430.46325684 -5.97865634
758 -430.46319580 -5.97865550
759 -430.46374512 -5.97866313
760 -430.46282959 -5.97865041
761 -430.46350098 -5.97865974
762 -430.46343994 -5.97865889
763 -430.46380615 -5.97866397
764 -430.46374512 -5.97866313
765 -430.46447754 -5.97867330
766 -430.46423340 -5.97866991
767 -430.46435547 -5.97867160
768 -430.46343994 -5.97865889
769 -430.46374512 -5.97866313
770 -430.46325684 -5.97865634
771 -430.46343994 -5.97865889
772 -430.46398926 -5.97866652
773 -430.46356201 -5.97866058
774 -430.46429443 -5.97867076
775 -430.46374512 -5.97866313
776 -430.46423340 -5.97866991
777 -430.46417236 -5.97866906
778 -430.46496582 -5.97868008
779 -430.46508789 -5.97868178
780 -430.46423340 -5.97866991
781 -430.46453857 -5.97867415
782 -430.46466064 -5.97867584
783 -430.46520996 -5.97868347
784 -430.46533203 -5.97868517
785 -430.46557617 -5.97868856
786 -430.46569824 -5.97869025
787 -430.46575928 -5.97869110
788 -430.46588135 -5.97869280
789 -430.46582031 -5.97869195
790 -430.46606445 -5.97869534
791 -430.46655273 -5.97870212
792 -430.46710205 -5.97870975
793 -430.46740723 -5.97871399
794 -430.46697998 -5.97870806
795 -430.46673584 -5.97870466
796 -430.46704102 -5.97870890
797 -430.46728516 -5.97871229
798 -430.46697998 -5.97870806
799 -430.46679688 -5.97870551
800 -430.46685791 -5.97870636
801 -430.46722412 -5.97871145
802 -430.46728516 -5.97871229
803 -430.46661377 -5.97870297
804 -430.46710205 -5.97870975
805 -430.46685791 -5.97870636
806 -430.46740723 -5.97871399
807 -430.46716309 -5.97871060
808 -430.46697998 -5.97870806
809 -430.46679688 -5.97870551
810 -430.46655273 -5.97870212
811 -430.46691895 -5.97870721
812 -430.46716309 -5.97871060
813 -430.46716309 -5.97871060
814 -430.46691895 -5.97870721
815 -430.46661377 -5.97870297
816 -430.46618652 -5.97869704
817 -430.46722412 -5.97871145
818 -430.46734619 -5.97871314
819 -430.46697998 -5.97870806
820 -430.46716309 -5.97871060
821 -430.46777344 -5.97871908
822 -430.46752930 -5.97871568
823 -430.46697998 -5.97870806
824 -430.46734619 -5.97871314
825 -430.46716309 -5.97871060
826 -430.46691895 -5.97870721
827 -430.46661377 -5.97870297
828 -430.46655273 -5.97870212
829 -430.46697998 -5.97870806
830 -430.46673584 -5.97870466
831 -430.46734619 -5.97871314
832 -430.46728516 -5.97871229
833 -430.46685791 -5.97870636
834 -430.46673584 -5.97870466
835 -430.46728516 -5.97871229
836 -430.46728516 -5.97871229
837 -430.46746826 -5.97871484
838 -430.46740723 -5.97871399
839 -430.46813965 -5.97872416
840 -430.46795654 -5.97872162
841 -430.46789551 -5.97872077
842 -430.46728516 -5.97871229
843 -430.46777344 -5.97871908
844 -430.46795654 -5.97872162
845 -430.46765137 -5.97871738
846 -430.46838379 -5.97872755
847 -430.46765137 -5.97871738
848 -430.46789551 -5.97872077
849 -430.46765137 -5.97871738
850 -430.46771240 -5.97871823
851 -430.46862793 -5.97873094
852 -430.46844482 -5.97872840
853 -430.46917725 -5.97873857
854 -430.46899414 -5.97873603
855 -430.46942139 -5.97874196
856 -430.46887207 -5.97873433
857 -430.46923828 -5.97873942
858 -430.46923828 -5.97873942
859 -430.46875000 -5.97873264
860 -430.46844482 -5.97872840
861 -430.46832275 -5.97872670
862 -430.46826172 -5.97872586
863 -430.46838379 -5.97872755
864 -430.46911621 -5.97873773
865 -430.46820068 -5.97872501
866 -430.46881104 -5.97873349
867 -430.46875000 -5.97873264
868 -430.46826172 -5.97872586
869 -430.46832275 -5.97872670
870 -430.46752930 -5.97871568
871 -430.46813965 -5.97872416
872 -430.46765137 -5.97871738
873 -430.46801758 -5.97872247
874 -430.46746826 -5.97871484
875 -430.46765137 -5.97871738
876 -430.46789551 -5.97872077
877 -430.46728516 -5.97871229
878 -430.46740723 -5.97871399
879 -430.46795654 -5.97872162
880 -430.46801758 -5.97872247
881 -430.46820068 -5.97872501
882 -430.46875000 -5.97873264
883 -430.46862793 -5.97873094
884 -430.46868896 -5.97873179
885 -430.46807861 -5.97872331
886 -430.46862793 -5.97873094
887 -430.46875000 -5.97873264
888 -430.46862793 -5.97873094
889 -430.46868896 -5.97873179
890 -430.46868896 -5.97873179
891 -430.46875000 -5.97873264
892 -430.46807861 -5.97872331
893 -430.46789551 -5.97872077
894 -430.46826172 -5.97872586
895 -430.46826172 -5.97872586
896 -430.46813965 -5.97872416
897 -430.46826172 -5.97872586
898 -430.46807861 -5.97872331
899 -430.46826172 -5.97872586
900 -430.46826172 -5.97872586
901 -430.46838379 -5.97872755
902 -430.46893311 -5.97873518
903 -430.46911621 -5.97873773
904 -430.46838379 -5.97872755
905 -430.46887207 -5.97873433
906 -430.46856689 -5.97873010
907 -430.46923828 -5.97873942
908 -430.46875000 -5.97873264
909 -430.46893311 -5.97873518
910 -430.46862793 -5.97873094
911 -430.46929932 -5.97874027
912 -430.46911621 -5.97873773
913 -430.46905518 -5.97873688
914 -430.46881104 -5.97873349
915 -430.46911621 -5.97873773
916 -430.46875000 -5.97873264
917 -430.46868896 -5.97873179
918 -430.46868896 -5.97873179
919 -430.46917725 -5.97873857
920 -430.46923828 -5.97873942
921 -430.46905518 -5.97873688
922 -430.46917725 -5.97873857
923 -430.46911621 -5.97873773
924 -430.46978760 -5.97874705
925 -430.46936035 -5.97874112
926 -430.46978760 -5.97874705
927 -430.46966553 -5.97874535
928 -430.46966553 -5.97874535
929 -430.46972656 -5.97874620
930 -430.47003174 -5.97875044
931 -430.46990967 -5.97874875
932 -430.46990967 -5.97874875
933 -430.46990967 -5.97874875
934 -430.46972656 -5.97874620
935 -430.47039795 -5.97875553
936 -430.47009277 -5.97875129
937 -430.47070312 -5.97875977
938 -430.47088623 -5.97876231
939 -430.47137451 -5.97876909
940 -430.47167969 -5.97877333
941 -430.47174072 -5.97877418
942 -430.47137451 -5.97876909
943 -430.47155762 -5.97877163
944 -430.47094727 -5.97876316
945 -430.47167969 -5.97877333
946 -430.47149658 -5.97877079
947 -430.47167969 -5.97877333
948 -430.47253418 -5.97878520
949 -430.47222900 -5.97878096
950 -430.47283936 -5.97878944
951 -430.47308350 -5.97879283
952 -430.47308350 -5.97879283
953 -430.47302246 -5.97879198
954 -430.47320557 -5.97879452
955 -430.47344971 -5.97879791
956 -430.47344971 -5.97879791
957 -430.47412109 -5.97880724
958 -430.47418213 -5.97880809
959 -430.47387695 -5.97880385
960 -430.47406006 -5.97880639
961 -430.47399902 -5.97880554
962 -430.47381592 -5.97880300
963 -430.47509766 -5.97882080
964 -430.47442627 -5.97881148
965 -430.47491455 -5.97881826
966 -430.47473145 -5.97881571
967 -430.47503662 -5.97881995
968 -430.47576904 -5.97883013
969 -430.47546387 -5.97882589
970 -430.47491455 -5.97881826
971 -430.47540283 -5.97882504
972 -430.47540283 -5.97882504
973 -430.47503662 -5.97881995
974 -430.47576904 -5.97883013
975 -430.47619629 -5.97883606
976 -430.47589111 -5.97883182
977 -430.47515869 -5.97882165
978 -430.47564697 -5.97882843
979 -430.47583008 -5.97883097
980 -430.47637939 -5.97883860
981 -430.47589111 -5.97883182
982 -430.47625732 -5.97883691
983 -430.47576904 -5.97883013
984 -430.47656250 -5.97884115
985 -430.47656250 -5.97884115
986 -430.47644043 -5.97883945
987 -430.47650146 -5.97884030
988 -430.47680664 -5.97884454
989 -430.47637939 -5.97883860
990 -430.47680664 -5.97884454
991 -430.47656250 -5.97884115
992 -430.47650146 -5.97884030
993 -430.47644043 -5.97883945
994 -430.47705078 -5.97884793
995 -430.47674561 -5.97884369
996 -430.47674561 -5.97884369
997 -430.47741699 -5.97885301
998 -430.47711182 -5.97884878
999 -430.47760010 -5.97885556
