0 -809.97656250 -6.86420816
1 -809.96026611 -6.86407005
2 -809.93811035 -6.86388229
3 -809.92187500 -6.86374470
4 -809.90222168 -6.86357815
5 -809.88934326 -6.86346901
6 -809.86944580 -6.86330039
7 -809.87145996 -6.86331746
8 -809.85632324 -6.86318918
9 -809.83923340 -6.86304435
10 -809.81774902 -6.86286228
11 -809.79956055 -6.86270814
12 -809.77917480 -6.86253538
13 -809.76989746 -6.86245676
14 -809.73657227 -6.86217434
15 -809.70471191 -6.86190434
16 -809.67547607 -6.86165658
17 -809.65063477 -6.86144606
18 -809.60583496 -6.86106640
19 -809.56591797 -6.86072812
20 -809.54949951 -6.86058898
21 -809.53613281 -6.86047570
22 -809.52832031 -6.86040949
23 -809.50695801 -6.86022846
24 -809.49749756 -6.86014828
25 -809.47460938 -6.85995432
26 -809.45489502 -6.85978725
27 -809.44177246 -6.85967604
28 -809.43206787 -6.85959380
29 -809.41119385 -6.85941690
30 -809.41296387 -6.85943190
31 -809.39532471 -6.85928241
32 -809.38708496 -6.85921258
33 -809.36212158 -6.85900103
34 -809.33868408 -6.85880241
35 -809.31109619 -6.85856861
36 -809.26422119 -6.85817137
37 -809.25695801 -6.85810981
38 -809.20257568 -6.85764895
39 -809.19244385 -6.85756308
40 -809.20465088 -6.85766653
41 -809.19787598 -6.85760912
42 -809.20355225 -6.85765722
43 -809.18286133 -6.85748188
44 -809.14019775 -6.85712032
45 -809.11639404 -6.85691859
46 -809.07934570 -6.85660462
47 -809.06909180 -6.85651773
48 -809.05560303 -6.85640342
49 -809.03692627 -6.85624514
50 -808.97479248 -6.85571858
51 -808.92761230 -6.85531875
52 -808.88061523 -6.85492047
53 -808.88183594 -6.85493081
54 -808.88592529 -6.85496547
55 -808.86932373 -6.85482478
56 -808.86260986 -6.85476788
57 -808.82226562 -6.85442598
58 -808.77984619 -6.85406649
59 -808.77062988 -6.85398839
60 -808.77539062 -6.85402873
61 -808.75891113 -6.85388908
62 -808.74078369 -6.85373546
63 -808.74029541 -6.85373132
64 -808.73913574 -6.85372149
65 -808.73138428 -6.85365580
66 -808.67297363 -6.85316079
67 -808.66467285 -6.85309045
68 -808.66925049 -6.85312924
69 -808.67327881 -6.85316338
70 -808.65808105 -6.85303459
71 -808.62207031 -6.85272941
72 -808.59722900 -6.85251889
73 -808.56939697 -6.85228303
74 -808.55767822 -6.85218371
75 -808.51409912 -6.85181440
76 -808.48077393 -6.85153198
77 -808.46166992 -6.85137008
78 -808.49688721 -6.85166854
79 -808.44152832 -6.85119939
80 -808.43817139 -6.85117094
81 -808.43395996 -6.85113525
82 -808.40118408 -6.85085749
83 -808.38604736 -6.85072921
84 -808.36956787 -6.85058956
85 -808.34149170 -6.85035162
86 -808.32495117 -6.85021145
87 -808.33294678 -6.85027921
88 -808.31726074 -6.85014628
89 -808.30944824 -6.85008007
90 -808.27435303 -6.84978265
91 -808.23931885 -6.84948575
92 -808.17736816 -6.84896075
93 -808.19671631 -6.84912471
94 -808.21673584 -6.84929437
95 -808.22503662 -6.84936472
96 -808.20410156 -6.84918730
97 -808.18743896 -6.84904609
98 -808.15777588 -6.84879471
99 -808.15698242 -6.84878799
100 -808.09515381 -6.84826402
101 -808.12432861 -6.84851126
102 -808.06457520 -6.84800487
103 -808.03356934 -6.84774211
104 -808.03845215 -6.84778349
105 -808.01623535 -6.84759521
106 -807.99792480 -6.84744004
107 -807.96008301 -6.84711935
108 -807.94744873 -6.84701228
109 -807.91040039 -6.84669831
110 -807.95385742 -6.84706659
111 -807.94073486 -6.84695538
112 -807.85089111 -6.84619399
113 -807.89526367 -6.84657003
114 -807.86187744 -6.84628710
115 -807.83642578 -6.84607140
116 -807.73175049 -6.84518433
117 -807.77996826 -6.84559295
118 -807.72424316 -6.84512070
119 -807.63592529 -6.84437225
120 -807.58923340 -6.84397655
121 -807.54675293 -6.84361655
122 -807.55090332 -6.84365172
123 -807.47106934 -6.84297516
124 -807.42480469 -6.84258309
125 -807.39849854 -6.84236016
126 -807.32305908 -6.84172084
127 -807.31219482 -6.84162877
128 -807.33074951 -6.84178601
129 -807.33239746 -6.84179998
130 -807.34960938 -6.84194584
131 -807.35186768 -6.84196498
132 -807.35723877 -6.84201050
133 -807.39141846 -6.84230016
134 -807.35174561 -6.84196395
135 -807.32226562 -6.84171412
136 -807.31408691 -6.84164480
137 -807.29785156 -6.84150722
138 -807.29974365 -6.84152325
139 -807.25598145 -6.84115239
140 -807.26715088 -6.84124704
141 -807.21148682 -6.84077531
142 -807.28869629 -6.84142963
143 -807.30603027 -6.84157653
144 -807.29309082 -6.84146687
145 -807.27081299 -6.84127808
146 -807.32501221 -6.84173739
147 -807.30407715 -6.84155998
148 -807.27386475 -6.84130394
149 -807.26348877 -6.84121601
150 -807.23321533 -6.84095945
151 -807.25158691 -6.84111514
152 -807.22082520 -6.84085445
153 -807.22979736 -6.84093049
154 -807.18316650 -6.84053531
155 -807.15277100 -6.84027772
156 -807.07049561 -6.83958047
157 -807.04223633 -6.83934099
158 -807.01586914 -6.83911754
159 -807.06573486 -6.83954013
160 -807.03717041 -6.83929805
161 -807.03002930 -6.83923754
162 -806.98718262 -6.83887443
163 -806.98510742 -6.83885684
164 -806.96722412 -6.83870529
165 -806.97729492 -6.83879063
166 -807.00561523 -6.83903064
167 -807.02703857 -6.83921219
168 -807.01019287 -6.83906943
169 -807.06433105 -6.83952823
170 -807.00964355 -6.83906478
171 -806.99426270 -6.83893443
172 -806.98718262 -6.83887443
173 -807.00665283 -6.83903943
174 -807.02008057 -6.83915323
175 -807.00067139 -6.83898874
176 -806.96728516 -6.83870581
177 -806.87493896 -6.83792321
178 -806.86633301 -6.83785028
179 -806.85040283 -6.83771528
180 -806.83520508 -6.83758648
181 -806.83172607 -6.83755700
182 -806.89654541 -6.83810632
183 -806.88525391 -6.83801063
184 -806.91009521 -6.83822115
185 -806.88555908 -6.83801321
186 -806.83734131 -6.83760459
187 -806.80249023 -6.83730924
188 -806.73272705 -6.83671803
189 -806.73211670 -6.83671285
190 -806.70190430 -6.83645682
191 -806.70599365 -6.83649147
192 -806.73291016 -6.83671958
193 -806.76580811 -6.83699837
194 -806.75225830 -6.83688354
195 -806.72344971 -6.83663940
196 -806.72259521 -6.83663216
197 -806.75482178 -6.83690527
198 -806.67938232 -6.83626595
199 -806.68157959 -6.83628457
200 -806.66387939 -6.83613457
201 -806.66265869 -6.83612423
202 -806.62597656 -6.83581336
203 -806.61010742 -6.83567888
204 -806.59777832 -6.83557439
205 -806.57995605 -6.83542336
206 -806.54760742 -6.83514922
207 -806.52380371 -6.83494749
208 -806.52661133 -6.83497128
209 -806.51483154 -6.83487145
210 -806.48699951 -6.83463559
211 -806.50952148 -6.83482645
212 -806.49517822 -6.83470490
213 -806.43267822 -6.83417524
214 -806.39538574 -6.83385920
215 -806.42907715 -6.83414472
216 -806.37896729 -6.83372006
217 -806.37261963 -6.83366627
218 -806.31884766 -6.83321057
219 -806.26422119 -6.83274764
220 -806.32525635 -6.83326488
221 -806.28405762 -6.83291574
222 -806.24786377 -6.83260901
223 -806.28472900 -6.83292143
224 -806.34307861 -6.83341592
225 -806.29046631 -6.83297005
226 -806.30157471 -6.83306419
227 -806.23352051 -6.83248746
228 -806.16357422 -6.83189470
229 -806.08917236 -6.83126417
230 -806.07635498 -6.83115555
231 -805.98510742 -6.83038227
232 -805.94427490 -6.83003623
233 -805.91625977 -6.82979881
234 -805.83599854 -6.82911863
235 -805.81591797 -6.82894846
236 -805.80883789 -6.82888846
237 -805.80059814 -6.82881863
238 -805.73846436 -6.82829207
239 -805.71484375 -6.82809190
240 -805.76556396 -6.82852173
241 -805.79260254 -6.82875087
242 -805.81951904 -6.82897897
243 -805.77355957 -6.82858949
244 -805.81884766 -6.82897329
245 -805.77880859 -6.82863397
246 -805.82910156 -6.82906018
247 -805.83532715 -6.82911294
248 -805.89819336 -6.82964571
249 -805.91937256 -6.82982519
250 -805.85009766 -6.82923812
251 -805.84320068 -6.82917967
252 -805.81268311 -6.82892104
253 -805.74084473 -6.82831224
254 -805.79998779 -6.82881346
255 -805.75524902 -6.82843431
256 -805.76885986 -6.82854966
257 -805.70892334 -6.82804172
258 -805.71252441 -6.82807224
259 -805.73297119 -6.82824552
260 -805.76171875 -6.82848914
261 -805.78558350 -6.82869139
262 -805.76458740 -6.82851345
263 -805.80603027 -6.82886466
264 -805.79620361 -6.82878139
265 -805.73431396 -6.82825690
266 -805.77789307 -6.82862621
267 -805.72619629 -6.82818810
268 -805.70172119 -6.82798069
269 -805.74993896 -6.82838931
270 -805.77606201 -6.82861070
271 -805.71343994 -6.82808000
272 -805.71728516 -6.82811259
273 -805.68109131 -6.82780586
274 -805.53271484 -6.82654843
275 -805.61364746 -6.82723430
276 -805.50463867 -6.82631050
277 -805.55151367 -6.82670774
278 -805.51605225 -6.82640722
279 -805.53265381 -6.82654791
280 -805.56494141 -6.82682154
281 -805.51300049 -6.82638136
282 -805.45306396 -6.82587342
283 -805.41632080 -6.82556204
284 -805.34387207 -6.82494807
285 -805.26715088 -6.82429789
286 -805.28381348 -6.82443910
287 -805.33996582 -6.82491496
288 -805.29455566 -6.82453013
289 -805.27301025 -6.82434754
290 -805.24713135 -6.82412823
291 -805.16510010 -6.82343305
292 -805.06939697 -6.82262201
293 -804.99462891 -6.82198838
294 -804.98199463 -6.82188131
295 -804.96508789 -6.82173803
296 -804.95007324 -6.82161079
297 -805.04333496 -6.82240114
298 -805.10516357 -6.82292512
299 -805.07263184 -6.82264942
300 -805.12945557 -6.82313098
301 -805.07739258 -6.82268977
302 -805.06121826 -6.82255270
303 -804.98602295 -6.82191545
304 -804.95220947 -6.82162889
