0 -729.27740479 -6.62979459
1 -729.23901367 -6.62944558
2 -729.20440674 -6.62913097
3 -729.16082764 -6.62873480
4 -729.12689209 -6.62842629
5 -729.04663086 -6.62769664
6 -729.01312256 -6.62739202
7 -728.98822021 -6.62716564
8 -728.93811035 -6.62671009
9 -728.87396240 -6.62612693
10 -728.83093262 -6.62573575
11 -728.81854248 -6.62562311
12 -728.76306152 -6.62511874
13 -728.71697998 -6.62469982
14 -728.69274902 -6.62447954
15 -728.66802979 -6.62425482
16 -728.61505127 -6.62377319
17 -728.56317139 -6.62330156
18 -728.44140625 -6.62219460
19 -728.39007568 -6.62172796
20 -728.33972168 -6.62127020
21 -728.28692627 -6.62079024
22 -728.23126221 -6.62028420
23 -728.21966553 -6.62017878
24 -728.18170166 -6.61983365
25 -728.13500977 -6.61940918
26 -728.07019043 -6.61881991
27 -727.92126465 -6.61746604
28 -727.85504150 -6.61686401
29 -727.81030273 -6.61645730
30 -727.74523926 -6.61586581
31 -727.58331299 -6.61439375
32 -727.50122070 -6.61364746
33 -727.45361328 -6.61321467
34 -727.40411377 -6.61276467
35 -727.55187988 -6.61410800
36 -727.42993164 -6.61299938
37 -727.50659180 -6.61369629
38 -727.43518066 -6.61304710
39 -727.43218994 -6.61301991
40 -727.40509033 -6.61277355
41 -727.40759277 -6.61279630
42 -727.38873291 -6.61262484
43 -727.32385254 -6.61203502
44 -727.20434570 -6.61094860
45 -727.15850830 -6.61053189
46 -727.04846191 -6.60953147
47 -727.02404785 -6.60930953
48 -726.82635498 -6.60751232
49 -726.78198242 -6.60710893
50 -726.65893555 -6.60599032
51 -726.63641357 -6.60578558
52 -726.60607910 -6.60550981
53 -726.46087646 -6.60418979
54 -726.37689209 -6.60342629
55 -726.12744141 -6.60115856
56 -725.91351318 -6.59921376
57 -725.93908691 -6.59944624
58 -725.88427734 -6.59894798
59 -725.76031494 -6.59782104
60 -725.60211182 -6.59638283
61 -725.50024414 -6.59545676
62 -725.43103027 -6.59482755
63 -725.35833740 -6.59416670
64 -725.20373535 -6.59276123
65 -725.06640625 -6.59151278
66 -724.91412354 -6.59012840
67 -724.76556396 -6.58877785
68 -724.64978027 -6.58772528
69 -724.48352051 -6.58621382
70 -724.56213379 -6.58692849
71 -724.59002686 -6.58718206
72 -724.63269043 -6.58756991
73 -724.60076904 -6.58727972
74 -724.45965576 -6.58599687
75 -724.28936768 -6.58444880
76 -724.14514160 -6.58313765
77 -724.17077637 -6.58337069
78 -724.05932617 -6.58235751
79 -724.09588623 -6.58268987
80 -724.09765625 -6.58270597
81 -723.96759033 -6.58152355
82 -723.96655273 -6.58151412
83 -723.85388184 -6.58048983
84 -723.75531006 -6.57959373
85 -723.72241211 -6.57929466
86 -723.63702393 -6.57851840
87 -723.73419189 -6.57940174
88 -723.49841309 -6.57725830
89 -723.39422607 -6.57631115
90 -723.47668457 -6.57706077
91 -723.32812500 -6.57571023
92 -723.18334961 -6.57439409
93 -723.27105713 -6.57519143
94 -723.34539795 -6.57586725
95 -723.42590332 -6.57659912
96 -723.27062988 -6.57518754
97 -723.04174805 -6.57310680
98 -722.98364258 -6.57257857
99 -722.89331055 -6.57175737
100 -722.82592773 -6.57114480
101 -722.60900879 -6.56917281
102 -722.54211426 -6.56856468
103 -722.56646729 -6.56878607
104 -722.50653076 -6.56824119
105 -722.62811279 -6.56934648
106 -722.57110596 -6.56882824
107 -722.54394531 -6.56858132
108 -722.63586426 -6.56941695
109 -722.63659668 -6.56942361
110 -722.48681641 -6.56806197
111 -722.41595459 -6.56741777
112 -722.26763916 -6.56606945
113 -721.94964600 -6.56317860
114 -721.76196289 -6.56147239
115 -721.65447998 -6.56049527
116 -721.59680176 -6.55997093
117 -721.33770752 -6.55761552
118 -720.98883057 -6.55444391
119 -720.84741211 -6.55315829
120 -720.56072998 -6.55055209
121 -720.51434326 -6.55013039
122 -720.65472412 -6.55140658
123 -720.27941895 -6.54799472
124 -720.25750732 -6.54779552
125 -720.10638428 -6.54642168
126 -720.05151367 -6.54592285
127 -719.89996338 -6.54454512
128 -719.98205566 -6.54529142
129 -719.69360352 -6.54266912
130 -719.63665771 -6.54215143
131 -719.51593018 -6.54105391
132 -719.47088623 -6.54064442
133 -719.48492432 -6.54077204
134 -719.54553223 -6.54132302
135 -719.21075439 -6.53827959
136 -719.00445557 -6.53640414
137 -718.84179688 -6.53492543
138 -718.71746826 -6.53379517
139 -718.57922363 -6.53253840
140 -718.47546387 -6.53159513
141 -718.49938965 -6.53181263
142 -718.74841309 -6.53407648
143 -718.51525879 -6.53195690
144 -718.26293945 -6.52966309
145 -718.36627197 -6.53060247
146 -718.52185059 -6.53201682
147 -718.03442383 -6.52758567
148 -718.09729004 -6.52815718
149 -717.84375000 -6.52585227
150 -717.73986816 -6.52490789
151 -717.46057129 -6.52236883
152 -717.48321533 -6.52257468
153 -717.71759033 -6.52470537
154 -717.36499023 -6.52149991
155 -716.93157959 -6.51755981
156 -716.53692627 -6.51397206
157 -716.30279541 -6.51184359
158 -716.14093018 -6.51037209
159 -716.09710693 -6.50997370
160 -716.54791260 -6.51407193
161 -716.52862549 -6.51389660
162 -716.36749268 -6.51243175
163 -716.44476318 -6.51313421
164 -716.13970947 -6.51036100
165 -715.92956543 -6.50845059
166 -715.83581543 -6.50759832
167 -716.03027344 -6.50936612
168 -716.12823486 -6.51025668
169 -715.97528076 -6.50886619
170 -715.67742920 -6.50615845
171 -715.13922119 -6.50126565
172 -714.93060303 -6.49936912
173 -715.09521484 -6.50086559
174 -714.84265137 -6.49856956
175 -714.82104492 -6.49837314
176 -714.61169434 -6.49646995
177 -714.67980957 -6.49708918
178 -714.85736084 -6.49870328
179 -714.53717041 -6.49579246
180 -714.72570801 -6.49750644
181 -714.81677246 -6.49833430
182 -714.96838379 -6.49971258
183 -714.54986572 -6.49590787
184 -714.36291504 -6.49420832
185 -714.20983887 -6.49281672
186 -714.48388672 -6.49530806
187 -714.50158691 -6.49546897
188 -714.24340820 -6.49312189
189 -714.48956299 -6.49535966
190 -713.98760986 -6.49079645
191 -713.94897461 -6.49044522
192 -713.27545166 -6.48432229
193 -713.25219727 -6.48411088
194 -713.37402344 -6.48521839
195 -713.49688721 -6.48633534
196 -713.46685791 -6.48606234
197 -713.16558838 -6.48332353
198 -712.98663330 -6.48169667
199 -713.20507812 -6.48368253
200 -712.86914062 -6.48062855
201 -713.15179443 -6.48319813
202 -713.40429688 -6.48549361
203 -713.13690186 -6.48306274
204 -712.94525146 -6.48132047
205 -712.58679199 -6.47806175
206 -712.57379150 -6.47794356
207 -712.12365723 -6.47385143
208 -712.01531982 -6.47286654
209 -711.59539795 -6.46904907
210 -711.16790771 -6.46516280
211 -710.76239014 -6.46147627
212 -711.06335449 -6.46421231
213 -710.27886963 -6.45708063
214 -710.11199951 -6.45556363
215 -710.32537842 -6.45750344
216 -710.76379395 -6.46148904
217 -710.45318604 -6.45866533
218 -709.82843018 -6.45298573
219 -709.18035889 -6.44709417
220 -708.85986328 -6.44418058
221 -708.53521729 -6.44122925
222 -708.58520508 -6.44168368
223 -708.89294434 -6.44448131
224 -709.12469482 -6.44658813
225 -709.25323486 -6.44775668
226 -709.25488281 -6.44777166
227 -709.40655518 -6.44915050
228 -709.17950439 -6.44708640
229 -709.53594971 -6.45032682
230 -709.28619385 -6.44805631
231 -709.34136963 -6.44855791
232 -709.01684570 -6.44560769
233 -708.36322021 -6.43966564
234 -708.65759277 -6.44234175
235 -708.59594727 -6.44178134
236 -708.07556152 -6.43705056
237 -708.32861328 -6.43935103
238 -708.47729492 -6.44070268
239 -708.43511963 -6.44031927
240 -708.64605713 -6.44223688
241 -709.01397705 -6.44558161
242 -708.91174316 -6.44465221
243 -708.37713623 -6.43979215
244 -708.03405762 -6.43667325
245 -708.13824463 -6.43762041
246 -707.27551270 -6.42977739
247 -706.93438721 -6.42667625
248 -706.39801025 -6.42180009
249 -706.05725098 -6.41870228
250 -705.71130371 -6.41555731
251 -706.25378418 -6.42048895
252 -706.30041504 -6.42091286
253 -705.71118164 -6.41555620
254 -705.43164062 -6.41301491
255 -705.18371582 -6.41076105
256 -704.96014404 -6.40872858
257 -704.88189697 -6.40801725
258 -704.99255371 -6.40902322
259 -705.26007080 -6.41145519
260 -705.10638428 -6.41005804
261 -704.65447998 -6.40594982
262 -704.00823975 -6.40007491
263 -703.64355469 -6.39675959
264 -703.67211914 -6.39701926
265 -703.85540771 -6.39868552
266 -703.18658447 -6.39260531
267 -702.72253418 -6.38838667
268 -702.63409424 -6.38758267
269 -702.19506836 -6.38359153
270 -701.96673584 -6.38151578
271 -702.62774658 -6.38752497
272 -701.48779297 -6.37716175
273 -701.72869873 -6.37935181
274 -700.61022949 -6.36918390
275 -700.49035645 -6.36809415
276 -700.24029541 -6.36582087
277 -699.66656494 -6.36060514
278 -699.63085938 -6.36028054
279 -699.90606689 -6.36278243
280 -699.97131348 -6.36337558
281 -699.45660400 -6.35869640
282 -699.28485107 -6.35713501
283 -699.07244873 -6.35520408
284 -699.01580811 -6.35468916
285 -698.55407715 -6.35049161
286 -698.15222168 -6.34683838
287 -697.75616455 -6.34323786
288 -697.59942627 -6.34181297
289 -697.26605225 -6.33878229
290 -697.09057617 -6.33718706
291 -696.83428955 -6.33485718
292 -696.06097412 -6.32782704
293 -696.13415527 -6.32849232
294 -695.47070312 -6.32246094
295 -695.33575439 -6.32123413
296 -694.99291992 -6.31811745
297 -694.98034668 -6.31800315
298 -694.64953613 -6.31499578
299 -694.85681152 -6.31688010
300 -694.39764404 -6.31270585
301 -695.18121338 -6.31982921
302 -695.90399170 -6.32639992
303 -696.78271484 -6.33438832
304 -695.88427734 -6.32622070
305 -696.35803223 -6.33052757
306 -695.67364502 -6.32430586
307 -695.64489746 -6.32404452
308 -695.35955811 -6.32145053
309 -695.30639648 -6.32096724
310 -694.50354004 -6.31366855
311 -693.53289795 -6.30484453
312 -693.76647949 -6.30696800
313 -692.33691406 -6.29397195
314 -692.60491943 -6.29640836
315 -693.46478271 -6.30422530
316 -692.97229004 -6.29974809
317 -692.74389648 -6.29767179
318 -692.13739014 -6.29215809
319 -692.49822998 -6.29543845
320 -691.23193359 -6.28392667
321 -690.63330078 -6.27848455
322 -689.78656006 -6.27078691
323 -690.12280273 -6.27384366
324 -689.71313477 -6.27011941
325 -689.72839355 -6.27025812
326 -689.94458008 -6.27222346
327 -689.83514404 -6.27122858
328 -689.16687012 -6.26515336
329 -688.94653320 -6.26315030
330 -689.02343750 -6.26384943
331 -689.25872803 -6.26598844
332 -689.32751465 -6.26661377
333 -689.30688477 -6.26642623
334 -688.68951416 -6.26081377
335 -688.32525635 -6.25750233
336 -688.55279541 -6.25957087
337 -687.59008789 -6.25081898
338 -686.50982666 -6.24099842
339 -686.27172852 -6.23883390
340 -686.79913330 -6.24362848
341 -685.63970947 -6.23308827
342 -685.51208496 -6.23192805
343 -684.34252930 -6.22129572
344 -684.15509033 -6.21959173
345 -684.13964844 -6.21945135
346 -684.38580322 -6.22168912
347 -684.26849365 -6.22062267
348 -683.97344971 -6.21794045
349 -683.04461670 -6.20949652
350 -682.91619873 -6.20832908
351 -682.65643311 -6.20596757
352 -682.66253662 -6.20602306
353 -681.96142578 -6.19964933
354 -681.73626709 -6.19760243
355 -681.36114502 -6.19419223
356 -680.71612549 -6.18832841
357 -680.25952148 -6.18417747
358 -678.73193359 -6.17029031
359 -679.38073730 -6.17618852
360 -678.46838379 -6.16789440
361 -678.47729492 -6.16797541
362 -678.52233887 -6.16838490
363 -677.93078613 -6.16300715
364 -677.26306152 -6.15693692
365 -677.96063232 -6.16327848
366 -677.38775635 -6.15807051
367 -677.69317627 -6.16084706
368 -678.21673584 -6.16560669
369 -678.26428223 -6.16603893
370 -678.73828125 -6.17034801
371 -678.69195557 -6.16992687
372 -678.48095703 -6.16800870
373 -678.22753906 -6.16570490
374 -677.41168213 -6.15828802
375 -677.37243652 -6.15793124
376 -677.69622803 -6.16087480
377 -678.09503174 -6.16450029
378 -679.10107422 -6.17364613
379 -679.22979736 -6.17481634
380 -679.34014893 -6.17581954
381 -677.51263428 -6.15920577
382 -677.50988770 -6.15918080
383 -675.94281006 -6.14493464
384 -676.17230225 -6.14702093
385 -676.62670898 -6.15115190
386 -675.99938965 -6.14544900
387 -674.96771240 -6.13607011
388 -676.06561279 -6.14605103
389 -676.86944580 -6.15335860
390 -675.72979736 -6.14299816
391 -674.69476318 -6.13358876
392 -673.68585205 -6.12441684
393 -674.32897949 -6.13026345
394 -675.10961914 -6.13736017
395 -676.78363037 -6.15257846
396 -676.15740967 -6.14688554
397 -675.91790771 -6.14470825
398 -674.79296875 -6.13448153
399 -674.39465332 -6.13086048
400 -673.53082275 -6.12300748
401 -673.80804443 -6.12552768
402 -673.31506348 -6.12104603
403 -673.73864746 -6.12489680
404 -672.67584229 -6.11523493
405 -671.93316650 -6.10848333
406 -672.35534668 -6.11232133
407 -671.50079346 -6.10455267
408 -672.72802734 -6.11570934
409 -673.11334229 -6.11921220
410 -673.03350830 -6.11848644
411 -672.75201416 -6.11592740
412 -672.22973633 -6.11117942
413 -673.84570312 -6.12587003
414 -673.49621582 -6.12269287
415 -673.51049805 -6.12282271
416 -672.56634521 -6.11423950
417 -671.92144775 -6.10837680
418 -670.45019531 -6.09500178
419 -671.13348389 -6.10121349
420 -670.41430664 -6.09467551
421 -669.50402832 -6.08640026
422 -668.87774658 -6.08070679
423 -668.29895020 -6.07544500
424 -667.85491943 -6.07140836
425 -667.35638428 -6.06687622
426 -666.26470947 -6.05695190
427 -666.10473633 -6.05549760
428 -665.45135498 -6.04955777
429 -664.79534912 -6.04359408
430 -663.30102539 -6.03000932
431 -664.40869141 -6.04007901
432 -666.02087402 -6.05473522
433 -664.21704102 -6.03833674
434 -663.39959717 -6.03090543
435 -664.89257812 -6.04447798
436 -664.80078125 -6.04364347
437 -664.45483398 -6.04049849
438 -663.86633301 -6.03514848
439 -664.87854004 -6.04435036
440 -664.43133545 -6.04028487
441 -663.17999268 -6.02890902
442 -664.37060547 -6.03973278
443 -666.00042725 -6.05454934
444 -665.54724121 -6.05042947
445 -664.81604004 -6.04378218
446 -665.26446533 -6.04785878
447 -665.14251709 -6.04675016
448 -666.04522705 -6.05495661
449 -667.13598633 -6.06487260
450 -665.44891357 -6.04953558
451 -666.05444336 -6.05504039
452 -665.13757324 -6.04670521
453 -664.14904785 -6.03771862
454 -664.75604248 -6.04323675
455 -665.43353271 -6.04939575
456 -665.11462402 -6.04649658
457 -663.23937988 -6.02944891
458 -663.09967041 -6.02817882
459 -662.74157715 -6.02492343
460 -661.97558594 -6.01795987
461 -660.59545898 -6.00541326
462 -659.74957275 -5.99772339
463 -661.45916748 -6.01326516
464 -659.73608398 -5.99760076
465 -658.90197754 -5.99001798
466 -658.79669189 -5.98906084
467 -659.03295898 -5.99120872
468 -657.84820557 -5.98043823
469 -659.18395996 -5.99258145
470 -658.47247314 -5.98611339
471 -658.22045898 -5.98382235
472 -660.80090332 -6.00728094
473 -659.91656494 -5.99924150
474 -658.72247314 -5.98838612
475 -660.40130615 -6.00364824
476 -658.16638184 -5.98333074
477 -656.36651611 -5.96696833
478 -654.35723877 -5.94870217
479 -653.25689697 -5.93869906
480 -652.06060791 -5.92782371
481 -651.67871094 -5.92435192
482 -650.74554443 -5.91586859
483 -649.69879150 -5.90635265
484 -649.05535889 -5.90050326
485 -647.94470215 -5.89040638
486 -646.03918457 -5.87308350
487 -645.47363281 -5.86794212
488 -645.14910889 -5.86499190
489 -642.50177002 -5.84092518
490 -642.96771240 -5.84516102
491 -642.75225830 -5.84320235
492 -641.76672363 -5.83424294
493 -639.97271729 -5.81793379
494 -639.17999268 -5.81072721
495 -636.37854004 -5.78525945
496 -634.04937744 -5.76408525
497 -635.25347900 -5.77503163
498 -633.37469482 -5.75795177
499 -633.94946289 -5.76317694
