0 -773.85278320 -6.55807443
1 -773.88598633 -6.55835582
2 -773.91015625 -6.55856065
3 -773.92773438 -6.55870961
4 -773.94116211 -6.55882341
5 -773.95141602 -6.55891031
6 -773.96118164 -6.55899306
7 -773.96862793 -6.55905617
8 -773.97485352 -6.55910893
9 -773.98095703 -6.55916065
10 -773.98651123 -6.55920772
11 -773.99121094 -6.55924755
12 -773.99517822 -6.55928117
13 -773.99914551 -6.55931479
14 -774.00250244 -6.55934324
15 -774.00549316 -6.55936859
16 -774.00903320 -6.55939859
17 -774.01220703 -6.55942548
18 -774.01452637 -6.55944514
19 -774.01757812 -6.55947100
20 -774.01983643 -6.55949014
