0 -503.78540039 -7.09556902
1 -502.12365723 -7.07216419
2 -499.09692383 -7.02953414
3 -493.98455811 -6.95752899
4 -486.17773438 -6.84757372
5 -477.01556396 -6.71852907
6 -466.70639038 -6.57332944
7 -455.52136230 -6.41579384
8 -443.84609985 -6.25135352
9 -431.98858643 -6.08434629
10 -418.05688477 -5.88812514
11 -405.78445435 -5.71527400
12 -389.37292480 -5.48412570
13 -376.21075439 -5.29874302
14 -366.55191040 -5.16270296
15 -349.72021484 -4.92563683
16 -339.77737427 -4.78559682
17 -327.54992676 -4.61337925
18 -321.51824951 -4.52842605
19 -320.89343262 -4.51962581
20 -318.66915894 -4.48829801
21 -322.24414062 -4.53864987
22 -314.05349731 -4.42328869
23 -309.47503662 -4.35880333
24 -298.37255859 -4.20243040
25 -296.72479248 -4.17922243
26 -289.88705444 -4.08291626
27 -286.42709351 -4.03418442
28 -286.95474243 -4.04161609
29 -283.60772705 -3.99447503
30 -285.14285278 -4.01609652
31 -281.00561523 -3.95782557
32 -275.08914185 -3.87449496
33 -271.79022217 -3.82803130
34 -263.94039917 -3.71747041
35 -260.85198975 -3.67397169
36 -260.26223755 -3.66566532
37 -252.58070374 -3.55747470
38 -246.73348999 -3.47511958
39 -242.44042969 -3.41465394
40 -233.34414673 -3.28653728
41 -232.94006348 -3.28084596
42 -228.51208496 -3.21848007
43 -229.35736084 -3.23038536
44 -227.38436890 -3.20259675
45 -217.59744263 -3.06475271
46 -208.64416504 -2.93865021
47 -204.55906677 -2.88111362
48 -194.73356628 -2.74272629
49 -194.83776855 -2.74419392
50 -190.60636902 -2.68459675
51 -189.59655762 -2.67037405
52 -186.89955139 -2.63238805
53 -185.25494385 -2.60922456
54 -180.59951782 -2.54365518
55 -176.15356445 -2.48103612
56 -177.17944336 -2.49548512
57 -179.60061646 -2.52958615
58 -176.12715149 -2.48066411
59 -173.25695801 -2.44023885
60 -175.65789795 -2.47405490
61 -180.95333862 -2.54863857
62 -174.93759155 -2.46390974
63 -184.92268372 -2.60454484
64 -181.49589539 -2.55628022
65 -181.96946716 -2.56295024
66 -174.14584351 -2.45275836
67 -173.79464722 -2.44781193
68 -173.64642334 -2.44572427
69 -186.00567627 -2.61979826
70 -190.33097839 -2.68071801
71 -227.98265076 -3.21102325
72 -232.39157104 -3.27312072
73 -214.01846313 -3.01434455
74 -236.51269531 -3.33116472
75 -193.57020569 -2.72634093
76 6.16584015 0.08684282
77 7.40203094 0.10425396
