0 -436.30856323 -6.61073581
1 -435.12277222 -6.59276928
2 -433.65997314 -6.57060565
3 -431.44784546 -6.53708857
4 -428.50238037 -6.49246031
5 -424.74163818 -6.43547937
6 -420.71041870 -6.37440028
7 -414.91116333 -6.28653278
8 -411.46945190 -6.23438563
9 -405.00311279 -6.13641080
10 -400.93743896 -6.07480968
11 -393.95236206 -5.96897518
12 -388.83886719 -5.89149799
13 -383.55950928 -5.81150772
14 -378.13919067 -5.72938168
15 -375.81384277 -5.69414913
16 -372.22229004 -5.63973167
17 -369.36273193 -5.59640503
18 -368.53189087 -5.58381653
19 -362.14489746 -5.48704390
20 -362.03451538 -5.48537145
21 -362.05694580 -5.48571130
22 -360.45617676 -5.46145722
23 -360.82336426 -5.46702067
24 -361.04425049 -5.47036743
25 -360.70388794 -5.46521042
26 -359.09609985 -5.44085000
27 -361.49987793 -5.47727088
28 -362.38186646 -5.49063434
29 -359.12109375 -5.44122869
30 -357.09274292 -5.41049610
31 -355.78326416 -5.39065552
32 -350.75924683 -5.31453404
33 -351.03683472 -5.31873992
34 -351.40173340 -5.32426869
35 -350.18444824 -5.30582497
36 -348.53436279 -5.28082368
37 -351.17559814 -5.32084240
38 -349.43353271 -5.29444747
39 -348.14215088 -5.27488107
40 -342.24963379 -5.18560051
41 -341.41912842 -5.17301710
42 -338.36120605 -5.12668494
43 -334.87356567 -5.07384190
44 -332.37823486 -5.03603386
45 -329.47100830 -4.99198497
46 -325.42767334 -4.93072232
47 -324.50094604 -4.91668100
48 -319.16082764 -4.83577012
49 -316.93444824 -4.80203709
