0 -612.32568359 -6.80361871
1 -611.35906982 -6.79287855
2 -609.99908447 -6.77776761
3 -609.13134766 -6.76812609
4 -607.50231934 -6.75002577
5 -605.30383301 -6.72559814
6 -603.71972656 -6.70799696
7 -601.45935059 -6.68288167
8 -600.45391846 -6.67171021
9 -599.18853760 -6.65765042
10 -597.13500977 -6.63483344
11 -595.58728027 -6.61763645
12 -594.99505615 -6.61105618
13 -593.24176025 -6.59157511
14 -592.17083740 -6.57967597
15 -590.08239746 -6.55647108
16 -590.61450195 -6.56238336
17 -587.74090576 -6.53045451
18 -584.54101562 -6.49490017
19 -584.88812256 -6.49875692
20 -582.42700195 -6.47141113
21 -582.50640869 -6.47229343
22 -580.67694092 -6.45196601
23 -578.83032227 -6.43144803
24 -576.57965088 -6.40644057
25 -574.00500488 -6.37783339
26 -572.38104248 -6.35978936
27 -572.82415771 -6.36471286
28 -567.97839355 -6.31087104
29 -568.90588379 -6.32117649
30 -568.80737305 -6.32008192
31 -568.03698730 -6.31152208
32 -566.94525146 -6.29939168
33 -567.72314453 -6.30803494
34 -567.60186768 -6.30668742
35 -563.39904785 -6.25998942
36 -561.49670410 -6.23885227
37 -560.00244141 -6.22224935
38 -557.39050293 -6.19322781
39 -553.61035156 -6.15122613
40 -551.75842285 -6.13064914
41 -547.36206055 -6.08180067
42 -542.40478516 -6.02671984
43 -541.29730225 -6.01441447
44 -544.60363770 -6.05115153
45 -539.77838135 -5.99753757
46 -541.98022461 -6.02200250
47 -535.97387695 -5.95526530
48 -537.41955566 -5.97132840
49 -535.86907959 -5.95410088
50 -531.89978027 -5.90999756
51 -532.36474609 -5.91516385
52 -531.17431641 -5.90193685
53 -531.25183105 -5.90279812
54 -522.52526855 -5.80583632
55 -526.47583008 -5.84973145
56 -529.14044189 -5.87933824
57 -524.86975098 -5.83188612
58 -530.59936523 -5.89554850
59 -529.56652832 -5.88407254
60 -529.50891113 -5.88343235
61 -526.56994629 -5.85077718
62 -522.52197266 -5.80579970
63 -518.25994873 -5.75844387
64 -523.66674805 -5.81851942
65 -520.63671875 -5.78485243
66 -519.23565674 -5.76928507
67 -512.64929199 -5.69610324
68 -505.55938721 -5.61732652
69 -499.78341675 -5.55314907
70 -499.15051270 -5.54611681
71 -499.91696167 -5.55463291
72 -501.41052246 -5.57122803
73 -506.33023071 -5.62589145
74 -503.57901001 -5.59532233
75 -506.04049683 -5.62267219
76 -506.24664307 -5.62496270
77 -511.05560303 -5.67839559
78 -509.62286377 -5.66247626
79 -504.73730469 -5.60819227
80 -501.54464722 -5.57271830
81 -499.65856934 -5.55176188
82 -499.10095215 -5.54556613
83 -501.09710693 -5.56774563
84 -501.67102051 -5.57412245
85 -502.92468262 -5.58805203
86 -500.17547607 -5.55750529
87 -494.74661255 -5.49718458
88 -493.43286133 -5.48258735
89 -484.95352173 -5.38837246
90 -485.76074219 -5.39734158
91 -478.48568726 -5.31650764
92 -475.09332275 -5.27881470
93 -469.65240479 -5.21836005
94 -466.60928345 -5.18454759
95 -468.98757935 -5.21097310
96 -460.40808105 -5.11564535
97 -461.08715820 -5.12319065
98 -459.71478271 -5.10794203
99 -442.70794678 -4.91897719
100 -429.32800293 -4.77031114
101 -425.37310791 -4.72636787
102 -414.52545166 -4.60583835
103 -405.17135620 -4.50190396
104 -404.27719116 -4.49196879
105 -399.46704102 -4.43852268
106 -416.84277344 -4.63158637
107 -422.54302979 -4.69492255
108 -415.73809814 -4.61931220
109 -416.22998047 -4.62477756
110 -420.55267334 -4.67280748
111 -404.23321533 -4.49148017
112 -372.77941895 -4.14199354
113 -377.29562378 -4.19217360
114 -316.86724854 -3.52074721
115 -153.46553040 -1.70517256
