0 -689.82348633 -6.89823486
1 -689.87023926 -6.89870239
2 -689.90228271 -6.89902283
3 -689.92791748 -6.89927917
4 -689.94561768 -6.89945618
5 -689.95947266 -6.89959473
6 -689.97161865 -6.89971619
7 -689.98211670 -6.89982117
8 -689.99182129 -6.89991821
9 -690.00018311 -6.90000183
10 -690.00933838 -6.90009338
11 -690.01690674 -6.90016907
12 -690.02410889 -6.90024109
13 -690.03051758 -6.90030518
14 -690.03613281 -6.90036133
15 -690.04205322 -6.90042053
16 -690.04803467 -6.90048035
17 -690.05230713 -6.90052307
18 -690.05786133 -6.90057861
19 -690.06274414 -6.90062744
20 -690.06677246 -6.90066772
21 -690.07128906 -6.90071289
22 -690.07531738 -6.90075317
23 -690.07904053 -6.90079041
24 -690.08276367 -6.90082764
25 -690.08642578 -6.90086426
26 -690.08935547 -6.90089355
27 -690.09307861 -6.90093079
28 -690.09631348 -6.90096313
29 -690.09936523 -6.90099365
30 -690.10266113 -6.90102661
