0 -535.35144043 -5.57657750
1 -534.48437500 -5.56754557
2 -533.83386230 -5.56076940
3 -532.91815186 -5.55123075
4 -531.66180420 -5.53814379
5 -530.32086182 -5.52417564
6 -529.71179199 -5.51783117
7 -528.17578125 -5.50183105
8 -527.93774414 -5.49935150
9 -527.05914307 -5.49019941
10 -526.32489014 -5.48255094
11 -524.75274658 -5.46617444
12 -523.50518799 -5.45317904
13 -522.47351074 -5.44243240
14 -521.14843750 -5.42862956
15 -519.81304932 -5.41471926
16 -519.69073486 -5.41344515
17 -519.85382080 -5.41514397
18 -520.95776367 -5.42664337
19 -520.71069336 -5.42406972
20 -519.22875977 -5.40863291
21 -517.82006836 -5.39395905
22 -516.32153320 -5.37834930
23 -512.25103760 -5.33594831
24 -514.41961670 -5.35853767
25 -512.14678955 -5.33486239
26 -508.67739868 -5.29872290
27 -505.84228516 -5.26919047
28 -505.51062012 -5.26573563
29 -504.74584961 -5.25776927
30 -503.72494507 -5.24713484
31 -502.43798828 -5.23372904
32 -502.69348145 -5.23639043
33 -503.61071777 -5.24594498
34 -503.36938477 -5.24343109
35 -501.31304932 -5.22201093
36 -499.03082275 -5.19823774
37 -497.71789551 -5.18456141
38 -497.25912476 -5.17978255
39 -495.77984619 -5.16437340
40 -492.69653320 -5.13225555
41 -490.67254639 -5.11117236
42 -488.55813599 -5.08914725
43 -487.86376953 -5.08191427
44 -486.23583984 -5.06495667
45 -487.40502930 -5.07713572
46 -490.16345215 -5.10586929
47 -489.63323975 -5.10034625
48 -487.59857178 -5.07915179
49 -486.69287109 -5.06971741
50 -487.46185303 -5.07772764
51 -484.56890869 -5.04759280
52 -480.26721191 -5.00278346
53 -474.95764160 -4.94747543
54 -476.35684204 -4.96205044
55 -478.94995117 -4.98906199
56 -475.91735840 -4.95747248
57 -473.85211182 -4.93595950
58 -475.70721436 -4.95528348
59 -472.94226074 -4.92648188
60 -469.53454590 -4.89098485
61 -466.26159668 -4.85689163
62 -467.67028809 -4.87156550
63 -470.51458740 -4.90119362
64 -467.50616455 -4.86985588
65 -467.71508789 -4.87203217
66 -466.51452637 -4.85952632
67 -459.83605957 -4.78995895
68 -458.27703857 -4.77371915
69 -460.26904297 -4.79446920
70 -460.00485229 -4.79171721
71 -458.88385010 -4.78004011
72 -459.75659180 -4.78913116
73 -458.52392578 -4.77629089
74 -459.79824829 -4.78956509
75 -457.96435547 -4.77046204
76 -458.09844971 -4.77185885
77 -455.34973145 -4.74322637
78 -449.00000000 -4.67708333
79 -445.63110352 -4.64199066
80 -444.04321289 -4.62545013
81 -444.98461914 -4.63525645
82 -444.85769653 -4.63393434
83 -440.78234863 -4.59148280
84 -441.10766602 -4.59487152
85 -440.06805420 -4.58404223
86 -438.24237061 -4.56502469
87 -432.36004639 -4.50375048
88 -432.70758057 -4.50737063
89 -431.40460205 -4.49379794
90 -424.38156128 -4.42064126
91 -422.27307129 -4.39867783
92 -424.96337891 -4.42670186
93 -423.69726562 -4.41351318
94 -426.39682007 -4.44163354
95 -421.58837891 -4.39154561
96 -417.67736816 -4.35080592
97 -426.89575195 -4.44683075
98 -427.27496338 -4.45078087
99 -424.72692871 -4.42423884
100 -419.98803711 -4.37487539
101 -419.55303955 -4.37034416
102 -416.78897095 -4.34155178
103 -420.88885498 -4.38425891
104 -417.24511719 -4.34630330
105 -417.97863770 -4.35394414
106 -421.40771484 -4.38966370
107 -424.93200684 -4.42637507
108 -425.29266357 -4.43013191
109 -424.11724854 -4.41788801
110 -423.27114868 -4.40907447
111 -424.76208496 -4.42460505
112 -422.41015625 -4.40010579
113 -421.88195801 -4.39460373
114 -425.23550415 -4.42953650
115 -428.49694824 -4.46350988
116 -425.37322998 -4.43097115
117 -424.77832031 -4.42477417
118 -421.60757446 -4.39174557
119 -420.61517334 -4.38140806
120 -414.85803223 -4.32143784
121 -412.91442871 -4.30119197
122 -405.00741577 -4.21882725
123 -396.51800537 -4.13039589
124 -399.29486084 -4.15932147
125 -402.47070312 -4.19240316
126 -394.70086670 -4.11146736
127 -382.37786865 -3.98310280
128 -379.26379395 -3.95066452
129 -387.92449951 -4.04088020
130 -398.07373047 -4.14660136
131 -395.62829590 -4.12112808
132 -391.30725098 -4.07611720
133 -386.33911133 -4.02436574
134 -390.77526855 -4.07057571
135 -395.50201416 -4.11981265
136 -384.17663574 -4.00183996
137 -388.43905640 -4.04624017
138 -395.12805176 -4.11591721
139 -396.88702393 -4.13423983
140 -399.28802490 -4.15925026
141 -397.49084473 -4.14052963
142 -397.88195801 -4.14460373
143 -397.69946289 -4.14270274
144 -397.24707031 -4.13799032
145 -395.02850342 -4.11488024
146 -401.00781250 -4.17716471
147 -400.21203613 -4.16887538
148 -404.41857910 -4.21269353
149 -403.90411377 -4.20733452
150 -403.62216187 -4.20439752
151 -397.58520508 -4.14151255
152 -398.87957764 -4.15499560
153 -399.96588135 -4.16631126
154 -399.47894287 -4.16123899
155 -404.89471436 -4.21765327
156 -405.58630371 -4.22485733
157 -404.88299561 -4.21753120
158 -400.02752686 -4.16695340
159 -407.53527832 -4.24515915
160 -403.03826904 -4.19831530
161 -402.98388672 -4.19774882
162 -401.25891113 -4.17978032
163 -401.64849854 -4.18383853
164 -395.02770996 -4.11487198
165 -393.77600098 -4.10183334
166 -393.79388428 -4.10201963
167 -392.32006836 -4.08666738
168 -388.79754639 -4.04997444
169 -386.83358765 -4.02951654
170 -379.88433838 -3.95712852
171 -383.64526367 -3.99630483
172 -383.13439941 -3.99098333
173 -372.85742188 -3.88393148
174 -378.44927979 -3.94218000
175 -375.71124268 -3.91365878
176 -370.69076538 -3.86136214
177 -370.82171631 -3.86272621
178 -376.28936768 -3.91968091
179 -375.40646362 -3.91048400
180 -374.29821777 -3.89893977
181 -367.63781738 -3.82956060
182 -363.13070679 -3.78261153
183 -363.87854004 -3.79040146
184 -368.42715454 -3.83778286
185 -366.34069824 -3.81604894
186 -362.57666016 -3.77684021
187 -365.91717529 -3.81163724
188 -357.90264893 -3.72815259
189 -360.94937134 -3.75988928
190 -360.86175537 -3.75897662
191 -363.78643799 -3.78944206
192 -367.35687256 -3.82663409
193 -365.21286011 -3.80430063
194 -358.97290039 -3.73930105
195 -351.89416504 -3.66556422
196 -361.69201660 -3.76762517
197 -350.70581055 -3.65318553
198 -347.97372437 -3.62472630
199 -348.51428223 -3.63035711
200 -340.17022705 -3.54343987
201 -317.91320801 -3.31159592
202 -316.40328979 -3.29586760
203 -319.60537720 -3.32922268
204 -305.69378662 -3.18431028
205 -312.62527466 -3.25651328
206 -319.60968018 -3.32926750
207 -310.60144043 -3.23543167
208 -307.92462158 -3.20754814
209 -323.14935303 -3.36613909
210 -315.39498901 -3.28536447
211 -322.07305908 -3.35492770
212 -320.43933105 -3.33790970
213 -333.83789062 -3.47747803
214 -325.16381836 -3.38712311
215 -332.92163086 -3.46793365
216 -332.71759033 -3.46580823
217 -340.11694336 -3.54288483
218 -346.09219360 -3.60512702
219 -341.22875977 -3.55446625
220 -347.09140015 -3.61553542
221 -351.88589478 -3.66547807
222 -348.57482910 -3.63098780
223 -349.33880615 -3.63894590
224 -346.52160645 -3.60960007
225 -350.77154541 -3.65387026
226 -349.95867920 -3.64540291
227 -355.82385254 -3.70649846
228 -353.48422241 -3.68212732
229 -359.23321533 -3.74201266
230 -358.31451416 -3.73244286
231 -357.72100830 -3.72626050
232 -359.69976807 -3.74687258
233 -354.98171997 -3.69772625
234 -348.36267090 -3.62877782
235 -340.00518799 -3.54172071
236 -344.14898682 -3.58488528
237 -342.10125732 -3.56355476
238 -335.95993042 -3.49958261
239 -341.51147461 -3.55741119
240 -348.24426270 -3.62754440
241 -345.41043091 -3.59802532
242 -354.97100830 -3.69761467
243 -363.81848145 -3.78977585
244 -361.36331177 -3.76420116
245 -369.03771973 -3.84414291
246 -362.67291260 -3.77784284
247 -367.21401978 -3.82514604
248 -362.31283569 -3.77409204
249 -361.35760498 -3.76414172
250 -362.40075684 -3.77500788
251 -361.40051270 -3.76458867
252 -370.02093506 -3.85438474
253 -366.66143799 -3.81938998
254 -365.60675049 -3.80840365
255 -366.92205811 -3.82210477
256 -361.38510132 -3.76442814
257 -362.40469360 -3.77504889
258 -354.19122314 -3.68949191
259 -349.20831299 -3.63758659
260 -345.06039429 -3.59437911
261 -345.91583252 -3.60328992
262 -350.28848267 -3.64883836
263 -357.39172363 -3.72283045
264 -357.90551758 -3.72818247
265 -354.74801636 -3.69529184
266 -353.21008301 -3.67927170
267 -356.60247803 -3.71460915
268 -364.50866699 -3.79696528
269 -356.94519043 -3.71817907
270 -357.15417480 -3.72035599
271 -341.93475342 -3.56182035
272 -346.75067139 -3.61198616
273 -344.22241211 -3.58565013
274 -344.25268555 -3.58596547
275 -341.25671387 -3.55475744
276 -346.67150879 -3.61116155
277 -344.38061523 -3.58729808
278 -347.32775879 -3.61799749
279 -345.35577393 -3.59745598
280 -348.38348389 -3.62899462
281 -359.59094238 -3.74573898
282 -360.29739380 -3.75309785
283 -361.16040039 -3.76208750
284 -361.32556152 -3.76380793
285 -358.05383301 -3.72972743
286 -363.83865356 -3.78998597
287 -369.86550903 -3.85276572
288 -369.44543457 -3.84838994
289 -369.93597412 -3.85349973
290 -363.94317627 -3.79107475
291 -361.77258301 -3.76846441
292 -357.82217407 -3.72731431
293 -359.63943481 -3.74624411
294 -360.96759033 -3.76007907
295 -361.05694580 -3.76100985
296 -365.50521851 -3.80734603
297 -364.86242676 -3.80065028
298 -365.66882324 -3.80905024
299 -369.24920654 -3.84634590
300 -365.52154541 -3.80751610
301 -364.30981445 -3.79489390
302 -373.03924561 -3.88582548
303 -373.53912354 -3.89103254
304 -361.00665283 -3.76048597
305 -364.67041016 -3.79865011
306 -362.85217285 -3.77971013
307 -362.43905640 -3.77540684
308 -357.64984131 -3.72551918
309 -355.84429932 -3.70671145
310 -363.39682007 -3.78538354
