0 -442.46292114 -5.67260155
1 -442.49404907 -5.67300063
2 -442.52102661 -5.67334650
3 -442.54260254 -5.67362311
4 -442.56204224 -5.67387234
5 -442.57940674 -5.67409496
6 -442.59515381 -5.67429684
7 -442.60833740 -5.67446586
8 -442.62109375 -5.67462941
9 -442.63363647 -5.67479021
10 -442.64541626 -5.67494123
11 -442.65612793 -5.67507856
12 -442.66619873 -5.67520768
13 -442.67556763 -5.67532779
14 -442.68548584 -5.67545495
15 -442.69406128 -5.67556489
16 -442.70199585 -5.67566661
17 -442.70989990 -5.67576795
18 -442.71826172 -5.67587515
19 -442.72531128 -5.67596553
20 -442.73260498 -5.67605904
21 -442.74005127 -5.67615450
22 -442.74652100 -5.67623745
23 -442.75311279 -5.67632196
24 -442.75991821 -5.67640921
25 -442.76596069 -5.67648668
26 -442.77215576 -5.67656610
27 -442.77844238 -5.67664670
28 -442.78393555 -5.67671712
29 -442.78958130 -5.67678950
30 -442.79550171 -5.67686541
31 -442.80047607 -5.67692918
32 -442.80599976 -5.67700000
33 -442.81097412 -5.67706377
34 -442.81668091 -5.67713693
35 -442.82202148 -5.67720540
36 -442.82748413 -5.67727544
37 -442.83206177 -5.67733413
38 -442.83773804 -5.67740690
39 -442.84313965 -5.67747615
40 -442.84860229 -5.67754618
41 -442.85308838 -5.67760370
42 -442.85778809 -5.67766395
43 -442.86276245 -5.67772772
44 -442.86679077 -5.67777937
45 -442.87127686 -5.67783688
46 -442.87649536 -5.67790379
47 -442.88101196 -5.67796169
48 -442.88516235 -5.67801490
49 -442.88909912 -5.67806537
50 -442.89321899 -5.67811819
51 -442.89709473 -5.67816788
52 -442.90130615 -5.67822187
53 -442.90490723 -5.67826804
54 -442.90911865 -5.67832203
55 -442.91201782 -5.67835920
56 -442.91534424 -5.67840185
57 -442.91906738 -5.67844958
58 -442.92260742 -5.67849497
59 -442.92556763 -5.67853292
60 -442.92901611 -5.67857713
61 -442.93173218 -5.67861195
62 -442.93502808 -5.67865421
63 -442.93856812 -5.67869959
64 -442.94186401 -5.67874185
65 -442.94534302 -5.67878645
66 -442.94851685 -5.67882714
67 -442.95138550 -5.67886392
68 -442.95498657 -5.67891008
69 -442.95803833 -5.67894921
70 -442.96118164 -5.67898951
71 -442.96350098 -5.67901924
72 -442.96606445 -5.67905211
73 -442.96936035 -5.67909436
74 -442.97103882 -5.67911588
75 -442.97399902 -5.67915383
76 -442.97717285 -5.67919452
77 -442.97958374 -5.67922543
78 -442.98202515 -5.67925673
79 -442.98480225 -5.67929234
80 -442.98751831 -5.67932716
81 -442.98974609 -5.67935572
82 -442.99240112 -5.67938976
83 -442.99487305 -5.67942145
84 -442.99679565 -5.67944610
85 -442.99887085 -5.67947270
86 -443.00100708 -5.67950009
87 -443.00381470 -5.67953609
88 -443.00582886 -5.67956191
89 -443.00854492 -5.67959673
90 -443.01074219 -5.67962490
91 -443.01269531 -5.67964994
92 -443.01416016 -5.67966872
93 -443.01644897 -5.67969806
94 -443.01840210 -5.67972310
95 -443.02032471 -5.67974775
96 -443.02206421 -5.67977005
97 -443.02416992 -5.67979705
98 -443.02566528 -5.67981622
99 -443.02868652 -5.67985496
100 -443.03030396 -5.67987569
101 -443.03262329 -5.67990543
