0 -518.69445801 -6.82492708
1 -518.68145752 -6.82475602
2 -518.66247559 -6.82450626
3 -518.62976074 -6.82407580
4 -518.57531738 -6.82335944
5 -518.51934814 -6.82262300
6 -518.41741943 -6.82128183
7 -518.24981689 -6.81907654
8 -518.01458740 -6.81598141
9 -517.72338867 -6.81214985
10 -517.30639648 -6.80666311
11 -516.64837646 -6.79800495
12 -515.70172119 -6.78554896
13 -514.09259033 -6.76437619
14 -512.08770752 -6.73799615
15 -509.45819092 -6.70339725
16 -505.43975830 -6.65052314
17 -500.12896729 -6.58064431
18 -492.50567627 -6.48033785
19 -483.34545898 -6.35980867
20 -474.45904541 -6.24288218
21 -460.24383545 -6.05583994
22 -444.07873535 -5.84314125
23 -428.33923340 -5.63604254
24 -410.62799072 -5.40299988
25 -385.78991699 -5.07618312
26 -360.21350098 -4.73965133
27 -331.48004150 -4.36157949
28 -297.54983521 -3.91512941
29 -263.02917480 -3.46091019
30 -226.42346191 -2.97925608
31 -184.16143799 -2.42317682
32 -130.11767578 -1.71207468
33 -68.19336700 -0.89728114
34 -5.26356506 -0.06925744
35 71.63990784 0.94263037
36 202.28956604 2.66170482
37 355.64331055 4.67951724
38 585.24652100 7.70061212
39 993.18579102 13.06823409
40 1565.54467773 20.59927208
41 2375.36767578 31.25483784
42 3591.42138672 47.25554456
43 5318.71386719 69.98307720
44 7462.77001953 98.19434236
45 9619.26171875 126.56923314
46 11936.91894531 157.06472296
47 14340.09375000 188.68544408
48 16784.09765625 220.84339021
49 17113.57617188 225.17863384
50 21177.34179688 278.64923417
51 20537.81445312 270.23440070
52 25326.51562500 333.24362664
53 25668.42773438 337.74247019
54 31872.23632812 419.37153063
55 33897.78125000 446.02343750
56 41889.72265625 551.18056127
57 52526.33203125 691.13594778
58 73483.28906250 966.88538240
59 74583.60156250 981.36317845
60 93858.13281250 1234.97543174
61 103462.98437500 1361.35505757
62 427495.93750000 5624.94654605
63 118661.95312500 1561.34148849
64 460559.90625000 6059.99876645
65 171219.12500000 2252.88322368
66 328392.68750000 4320.95641447
67 193706.90625000 2548.77508224
68 584707.37500000 7693.51809211
69 453305.90625000 5964.55139803
70 387283.75000000 5095.83881579
71 459235.62500000 6042.57401316
72 330758.53125000 4352.08593750
73 316015.03125000 4158.09251645
74 907183.31250000 11936.62253289
75 299465.96875000 3940.34169408
76 288981.15625000 3802.38363487
77 320139.18750000 4212.35773026
78 284993.59375000 3749.91570724
79 577224.68750000 7595.06167763
80 1046190.62500000 13765.66611842
81 509973.21875000 6710.17393092
82 287915.71875000 3788.36472039
83 344757.59375000 4536.28412829
84 496766.78125000 6536.40501645
85 606939.25000000 7986.04276316
86 365953.25000000 4815.17434211
87 423169.56250000 5568.02055921
88 326285.31250000 4293.22779605
89 534596.31250000 7034.16200658
90 1017783.68750000 13391.89062500
91 642722.43750000 8456.87417763
92 761832.87500000 10024.11677632
93 263347.37500000 3465.09703947
94 862535.50000000 11349.15131579
95 634938.81250000 8354.45805921
96 587002.00000000 7723.71052632
