0 -773.71063232 -6.90813065
1 -773.68524170 -6.90790394
2 -773.66461182 -6.90771975
3 -773.64788818 -6.90757043
4 -773.62640381 -6.90737861
5 -773.60479736 -6.90718569
6 -773.57653809 -6.90693338
7 -773.55718994 -6.90676062
8 -773.53759766 -6.90658569
9 -773.54443359 -6.90664673
10 -773.54571533 -6.90665817
11 -773.52569580 -6.90647943
12 -773.50927734 -6.90633283
13 -773.51605225 -6.90639332
14 -773.48071289 -6.90607779
15 -773.46130371 -6.90590450
16 -773.43713379 -6.90568869
17 -773.43103027 -6.90563420
18 -773.42736816 -6.90560150
19 -773.39508057 -6.90531322
20 -773.35778809 -6.90498025
21 -773.34967041 -6.90490777
22 -773.35083008 -6.90491813
23 -773.32208252 -6.90466145
24 -773.31024170 -6.90455573
25 -773.30017090 -6.90446581
26 -773.26641846 -6.90416445
27 -773.26947021 -6.90419170
28 -773.24584961 -6.90398080
29 -773.24200439 -6.90394647
30 -773.20983887 -6.90365928
31 -773.18853760 -6.90346909
32 -773.20086670 -6.90357917
33 -773.20385742 -6.90360587
34 -773.17541504 -6.90335192
35 -773.16339111 -6.90324456
36 -773.11181641 -6.90278408
37 -773.11474609 -6.90281023
38 -773.09539795 -6.90263748
39 -773.05682373 -6.90229307
40 -773.04187012 -6.90215955
41 -773.03784180 -6.90212359
42 -773.01452637 -6.90191541
43 -773.01159668 -6.90188926
44 -773.01342773 -6.90190560
45 -773.00439453 -6.90182495
46 -773.00164795 -6.90180043
47 -773.01629639 -6.90193122
48 -773.00787354 -6.90185601
49 -772.96997070 -6.90151760
50 -772.94738770 -6.90131596
51 -772.94000244 -6.90125002
52 -772.89569092 -6.90085438
53 -772.90075684 -6.90089961
54 -772.87219238 -6.90064457
55 -772.83679199 -6.90032850
56 -772.82104492 -6.90018790
57 -772.80493164 -6.90004403
58 -772.74822998 -6.89953777
59 -772.71411133 -6.89923314
60 -772.67889404 -6.89891870
61 -772.65502930 -6.89870562
62 -772.62854004 -6.89846911
63 -772.61804199 -6.89837537
64 -772.59216309 -6.89814431
65 -772.62890625 -6.89847238
66 -772.59643555 -6.89818246
67 -772.57031250 -6.89794922
68 -772.58618164 -6.89809091
69 -772.56719971 -6.89792143
70 -772.55621338 -6.89782333
71 -772.55432129 -6.89780644
72 -772.56762695 -6.89792524
73 -772.51867676 -6.89748819
74 -772.51757812 -6.89747838
75 -772.51141357 -6.89742334
76 -772.46411133 -6.89700099
77 -772.42010498 -6.89660808
78 -772.40509033 -6.89647402
79 -772.39709473 -6.89640263
80 -772.34686279 -6.89595413
81 -772.35198975 -6.89599991
82 -772.38964844 -6.89633615
83 -772.33789062 -6.89587402
84 -772.31512451 -6.89567075
85 -772.30725098 -6.89560046
86 -772.31591797 -6.89567784
87 -772.28735352 -6.89542280
88 -772.22546387 -6.89487021
89 -772.20520020 -6.89468929
90 -772.22265625 -6.89484515
91 -772.19757080 -6.89462117
92 -772.18261719 -6.89448765
93 -772.15783691 -6.89426640
94 -772.11328125 -6.89386858
95 -772.05749512 -6.89337049
96 -772.02099609 -6.89304461
97 -771.98339844 -6.89270891
98 -771.97479248 -6.89263208
99 -771.97052002 -6.89259393
100 -771.95458984 -6.89245170
101 -771.89416504 -6.89191219
102 -771.89294434 -6.89190129
103 -771.94848633 -6.89239720
104 -771.93273926 -6.89225660
105 -771.94042969 -6.89232527
106 -771.92230225 -6.89216341
107 -771.94989014 -6.89240973
108 -771.89886475 -6.89195415
109 -771.88140869 -6.89179829
110 -771.85705566 -6.89158085
111 -771.84539795 -6.89147677
112 -771.85742188 -6.89158412
113 -771.77880859 -6.89088222
114 -771.73901367 -6.89052691
115 -771.71795654 -6.89033890
116 -771.71997070 -6.89035688
117 -771.70074463 -6.89018522
118 -771.68109131 -6.89000974
119 -771.68920898 -6.89008222
120 -771.66882324 -6.88990021
121 -771.66223145 -6.88984135
122 -771.65649414 -6.88979013
123 -771.65270996 -6.88975634
124 -771.55767822 -6.88890784
125 -771.52593994 -6.88862446
126 -771.56481934 -6.88897160
127 -771.65960693 -6.88981792
128 -771.64013672 -6.88964408
129 -771.63494873 -6.88959776
130 -771.67712402 -6.88997432
131 -771.65368652 -6.88976506
132 -771.62615967 -6.88951928
133 -771.60888672 -6.88936506
134 -771.60345459 -6.88931656
135 -771.57635498 -6.88907460
136 -771.58410645 -6.88914381
137 -771.58807373 -6.88917923
138 -771.58837891 -6.88918195
139 -771.62567139 -6.88951492
140 -771.63769531 -6.88962228
141 -771.59094238 -6.88920484
142 -771.56622314 -6.88898414
143 -771.55603027 -6.88889313
144 -771.53906250 -6.88874163
145 -771.47729492 -6.88819013
146 -771.47735596 -6.88819068
147 -771.51916504 -6.88856397
148 -771.55761719 -6.88890730
149 -771.52929688 -6.88865444
150 -771.54577637 -6.88880157
151 -771.54016113 -6.88875144
152 -771.54315186 -6.88877814
153 -771.52801514 -6.88864299
154 -771.53417969 -6.88869803
155 -771.52038574 -6.88857487
156 -771.51800537 -6.88855362
157 -771.45782471 -6.88801629
158 -771.46905518 -6.88811656
159 -771.46972656 -6.88812256
160 -771.37927246 -6.88731493
161 -771.36315918 -6.88717106
162 -771.36053467 -6.88714763
163 -771.36413574 -6.88717978
164 -771.32373047 -6.88681902
165 -771.27154541 -6.88635308
166 -771.30761719 -6.88667515
167 -771.28564453 -6.88647897
168 -771.27905273 -6.88642011
169 -771.31372070 -6.88672965
170 -771.32434082 -6.88682447
171 -771.30279541 -6.88663210
172 -771.25195312 -6.88617815
173 -771.23364258 -6.88601467
174 -771.23492432 -6.88602611
175 -771.25488281 -6.88620431
176 -771.19287109 -6.88565063
177 -771.21948242 -6.88588824
178 -771.18225098 -6.88555581
179 -771.07873535 -6.88463157
180 -771.03674316 -6.88425664
181 -771.08166504 -6.88465772
182 -770.99902344 -6.88391985
183 -771.02593994 -6.88416018
184 -770.96496582 -6.88361577
185 -770.96453857 -6.88361195
186 -770.93212891 -6.88332258
187 -770.93798828 -6.88337490
188 -770.93511963 -6.88334928
189 -770.98559570 -6.88379996
190 -770.98242188 -6.88377162
191 -770.93273926 -6.88332803
192 -770.93115234 -6.88331386
193 -770.92553711 -6.88326372
194 -770.82415771 -6.88235855
195 -770.83856201 -6.88248716
196 -770.80841064 -6.88221795
197 -770.77227783 -6.88189534
198 -770.82531738 -6.88236891
199 -770.85253906 -6.88261196
200 -770.79650879 -6.88211169
201 -770.80877686 -6.88222122
202 -770.78417969 -6.88200160
203 -770.74859619 -6.88168389
204 -770.64569092 -6.88076510
205 -770.60003662 -6.88035747
206 -770.65246582 -6.88082559
207 -770.61712646 -6.88051006
208 -770.56640625 -6.88005720
209 -770.60705566 -6.88042014
210 -770.60583496 -6.88040924
211 -770.59765625 -6.88033622
212 -770.58435059 -6.88021742
213 -770.49499512 -6.87941960
214 -770.53991699 -6.87982069
215 -770.53955078 -6.87981742
216 -770.51770020 -6.87962232
217 -770.46984863 -6.87919508
218 -770.44244385 -6.87895039
219 -770.43481445 -6.87888227
220 -770.42810059 -6.87882233
221 -770.38946533 -6.87847737
222 -770.29119873 -6.87759999
223 -770.27734375 -6.87747628
224 -770.26782227 -6.87739127
225 -770.23822021 -6.87712697
226 -770.26367188 -6.87735421
227 -770.28381348 -6.87753405
228 -770.30407715 -6.87771497
229 -770.34204102 -6.87805394
230 -770.32635498 -6.87791388
231 -770.32330322 -6.87788664
232 -770.32922363 -6.87793950
233 -770.28100586 -6.87750898
234 -770.28833008 -6.87757438
235 -770.33679199 -6.87800707
236 -770.36700439 -6.87827682
237 -770.37329102 -6.87833296
238 -770.32861328 -6.87793405
239 -770.30480957 -6.87772151
240 -770.26110840 -6.87733132
241 -770.25646973 -6.87728991
242 -770.20538330 -6.87683378
243 -770.18353271 -6.87663868
244 -770.15576172 -6.87639073
245 -770.13220215 -6.87618038
246 -770.06445312 -6.87557547
247 -770.06445312 -6.87557547
248 -770.00256348 -6.87502289
249 -769.96978760 -6.87473025
250 -769.95123291 -6.87456458
251 -769.88525391 -6.87397548
252 -769.81060791 -6.87330900
253 -769.71087646 -6.87241854
254 -769.70550537 -6.87237058
255 -769.68945312 -6.87222726
256 -769.68695068 -6.87220492
257 -769.56475830 -6.87111391
258 -769.57080078 -6.87116786
259 -769.52185059 -6.87073081
260 -769.41894531 -6.86981201
261 -769.36755371 -6.86935316
262 -769.35382080 -6.86923054
263 -769.37597656 -6.86942836
264 -769.43286133 -6.86993626
265 -769.41516113 -6.86977822
266 -769.53735352 -6.87086923
267 -769.57604980 -6.87121473
268 -769.44598389 -6.87005343
269 -769.39288330 -6.86957932
270 -769.37377930 -6.86940874
271 -769.40032959 -6.86964580
272 -769.46618652 -6.87023381
273 -769.43603516 -6.86996460
274 -769.46826172 -6.87025234
275 -769.42736816 -6.86988722
276 -769.45922852 -6.87017168
277 -769.45056152 -6.87009430
278 -769.52661133 -6.87077332
279 -769.50628662 -6.87059184
280 -769.50439453 -6.87057495
281 -769.45501709 -6.87013408
282 -769.49029541 -6.87044907
283 -769.52062988 -6.87071991
284 -769.46057129 -6.87018367
285 -769.47174072 -6.87028340
286 -769.45837402 -6.87016405
287 -769.49237061 -6.87046759
288 -769.43896484 -6.86999076
289 -769.37182617 -6.86939131
290 -769.46228027 -6.87019893
291 -769.40838623 -6.86971773
292 -769.36022949 -6.86928776
293 -769.39697266 -6.86961583
294 -769.38232422 -6.86948504
295 -769.43322754 -6.86993953
296 -769.36578369 -6.86933735
297 -769.40429688 -6.86968122
298 -769.40985107 -6.86973081
299 -769.44354248 -6.87003163
300 -769.45300293 -6.87011610
301 -769.45349121 -6.87012046
302 -769.38244629 -6.86948613
303 -769.44299316 -6.87002672
