0 -710.88543701 -6.90180036
1 -710.87335205 -6.90168303
2 -710.86047363 -6.90155800
3 -710.85021973 -6.90145844
4 -710.83660889 -6.90132630
5 -710.82403564 -6.90120423
6 -710.81585693 -6.90112482
7 -710.79425049 -6.90091505
8 -710.78582764 -6.90083328
9 -710.75268555 -6.90051151
10 -710.73742676 -6.90036337
11 -710.73291016 -6.90031952
12 -710.70751953 -6.90007301
13 -710.69238281 -6.89992605
14 -710.67443848 -6.89975183
15 -710.64465332 -6.89946265
16 -710.59857178 -6.89901526
17 -710.61035156 -6.89912963
18 -710.59674072 -6.89899748
19 -710.57434082 -6.89878001
20 -710.55230713 -6.89856609
21 -710.55737305 -6.89861527
22 -710.55242920 -6.89856727
23 -710.53143311 -6.89836343
24 -710.51171875 -6.89817203
25 -710.49377441 -6.89799781
26 -710.48046875 -6.89786863
27 -710.46215820 -6.89769086
28 -710.44592285 -6.89753323
29 -710.44641113 -6.89753797
30 -710.40283203 -6.89711487
31 -710.39056396 -6.89699577
32 -710.35076904 -6.89660941
33 -710.34631348 -6.89656615
34 -710.35528564 -6.89665326
35 -710.32977295 -6.89640556
36 -710.29589844 -6.89607668
37 -710.25244141 -6.89565477
38 -710.23852539 -6.89551966
39 -710.21435547 -6.89528500
40 -710.20837402 -6.89522693
41 -710.21319580 -6.89527375
42 -710.20489502 -6.89519316
43 -710.21612549 -6.89530219
44 -710.19555664 -6.89510249
45 -710.13098145 -6.89447555
46 -710.10852051 -6.89425748
47 -710.06842041 -6.89386816
48 -710.05047607 -6.89369394
49 -710.03076172 -6.89350254
50 -709.98516846 -6.89305989
51 -709.99255371 -6.89313159
52 -709.97106934 -6.89292300
53 -709.92291260 -6.89245546
54 -709.90722656 -6.89230317
55 -709.88854980 -6.89212184
56 -709.84216309 -6.89167149
57 -709.79357910 -6.89119980
58 -709.78381348 -6.89110499
59 -709.79229736 -6.89118735
60 -709.79266357 -6.89119091
61 -709.75671387 -6.89084188
62 -709.72241211 -6.89050886
63 -709.73620605 -6.89064278
64 -709.72210693 -6.89050589
65 -709.71533203 -6.89044012
66 -709.68890381 -6.89018353
67 -709.70233154 -6.89031390
68 -709.67602539 -6.89005850
69 -709.64477539 -6.88975510
70 -709.60394287 -6.88935867
71 -709.55163574 -6.88885083
72 -709.53485107 -6.88868787
73 -709.52770996 -6.88861854
74 -709.52423096 -6.88858477
75 -709.49053955 -6.88825767
76 -709.43713379 -6.88773916
77 -709.42547607 -6.88762598
78 -709.40374756 -6.88741502
79 -709.39208984 -6.88730184
80 -709.37078857 -6.88709503
81 -709.37396240 -6.88712585
82 -709.36187744 -6.88700852
83 -709.29608154 -6.88636972
84 -709.31402588 -6.88654394
85 -709.33477783 -6.88674542
86 -709.29510498 -6.88636024
87 -709.29986572 -6.88640646
88 -709.28247070 -6.88623758
89 -709.26513672 -6.88606929
90 -709.20825195 -6.88551701
91 -709.16125488 -6.88506073
92 -709.15185547 -6.88496947
93 -709.12860107 -6.88474370
94 -709.09637451 -6.88443082
95 -709.06713867 -6.88414698
96 -709.07464600 -6.88421986
97 -709.08258057 -6.88429690
98 -709.09167480 -6.88438519
99 -709.14154053 -6.88486933
100 -709.19610596 -6.88539909
101 -709.19287109 -6.88536768
102 -709.21148682 -6.88554842
103 -709.24237061 -6.88584826
104 -709.25762939 -6.88599640
105 -709.18475342 -6.88528887
106 -709.15960693 -6.88504473
107 -709.10833740 -6.88454697
108 -709.04986572 -6.88397928
109 -709.05737305 -6.88405217
110 -709.08514404 -6.88432179
111 -709.06652832 -6.88414105
112 -709.10998535 -6.88456296
113 -709.06658936 -6.88414164
114 -709.09521484 -6.88441956
115 -709.07434082 -6.88421690
116 -709.03741455 -6.88385839
117 -709.03295898 -6.88381514
118 -709.02154541 -6.88370432
119 -708.97442627 -6.88324686
120 -709.04473877 -6.88392950
121 -709.02044678 -6.88369366
122 -709.09313965 -6.88439941
123 -709.09729004 -6.88443971
124 -709.11633301 -6.88462459
125 -709.10974121 -6.88456059
126 -709.09393311 -6.88440712
127 -709.10272217 -6.88449245
128 -709.09777832 -6.88444445
129 -709.08953857 -6.88436445
130 -709.09136963 -6.88438223
131 -709.04174805 -6.88390047
132 -709.06207275 -6.88409779
133 -709.01123047 -6.88360418
134 -709.03686523 -6.88385306
135 -709.01031494 -6.88359529
136 -708.98840332 -6.88338256
137 -708.94531250 -6.88296420
138 -708.89874268 -6.88251206
139 -708.85424805 -6.88208008
140 -708.77764893 -6.88133640
141 -708.72607422 -6.88083567
142 -708.68328857 -6.88042028
143 -708.63726807 -6.87997348
144 -708.52661133 -6.87889914
145 -708.50073242 -6.87864789
146 -708.51940918 -6.87882922
147 -708.47625732 -6.87841027
148 -708.43835449 -6.87804228
149 -708.45593262 -6.87821294
150 -708.43139648 -6.87797472
151 -708.36761475 -6.87735548
152 -708.32739258 -6.87696498
153 -708.24114990 -6.87612767
154 -708.11840820 -6.87493600
155 -708.10681152 -6.87482341
156 -708.11596680 -6.87491230
157 -708.09368896 -6.87469601
158 -708.09338379 -6.87469305
159 -708.05291748 -6.87430017
160 -708.01550293 -6.87393692
161 -708.04559326 -6.87422906
162 -708.11663818 -6.87491882
163 -708.11352539 -6.87488860
164 -708.03399658 -6.87411647
165 -708.05151367 -6.87428654
166 -707.96228027 -6.87342020
167 -707.92120361 -6.87302139
168 -707.84100342 -6.87224275
169 -707.74121094 -6.87127389
170 -707.68225098 -6.87070147
171 -707.60974121 -6.86999749
172 -707.63183594 -6.87021200
173 -707.66442871 -6.87052843
174 -707.62347412 -6.87013082
175 -707.64001465 -6.87029140
176 -707.60516357 -6.86995304
177 -707.54461670 -6.86936521
178 -707.46661377 -6.86860790
179 -707.47058105 -6.86864642
180 -707.48449707 -6.86878152
181 -707.50335693 -6.86896463
182 -707.45410156 -6.86848642
183 -707.43292236 -6.86828080
184 -707.36029053 -6.86757564
185 -707.37609863 -6.86772911
186 -707.36254883 -6.86759756
187 -707.34991455 -6.86747490
188 -707.37896729 -6.86775696
189 -707.33715820 -6.86735105
190 -707.29742432 -6.86696528
191 -707.35620117 -6.86753593
192 -707.29687500 -6.86695995
193 -707.24774170 -6.86648293
194 -707.21203613 -6.86613627
195 -707.22094727 -6.86622279
196 -707.22052002 -6.86621864
197 -707.26361084 -6.86663700
198 -707.19635010 -6.86598398
199 -707.20233154 -6.86604205
200 -707.19525146 -6.86597332
201 -707.17340088 -6.86576117
202 -707.11425781 -6.86518697
203 -707.15020752 -6.86553600
204 -707.14593506 -6.86549452
205 -707.15930176 -6.86562429
206 -707.09613037 -6.86501097
207 -707.10150146 -6.86506312
208 -707.15350342 -6.86556799
209 -707.11291504 -6.86517393
210 -707.11199951 -6.86516504
211 -707.10717773 -6.86511823
212 -707.08056641 -6.86485987
213 -707.07666016 -6.86482194
214 -707.11328125 -6.86517749
215 -707.07244873 -6.86478106
216 -706.98645020 -6.86394612
217 -706.96551514 -6.86374287
218 -706.90655518 -6.86317044
219 -706.91979980 -6.86329903
220 -706.84600830 -6.86258260
221 -706.84088135 -6.86253283
222 -706.84619141 -6.86258438
223 -706.75354004 -6.86168485
224 -706.77429199 -6.86188633
225 -706.77502441 -6.86189344
226 -706.66333008 -6.86080903
227 -706.59313965 -6.86012757
228 -706.59680176 -6.86016312
229 -706.61975098 -6.86038593
230 -706.62316895 -6.86041912
231 -706.64617920 -6.86064252
232 -706.62011719 -6.86038949
233 -706.58062744 -6.86000609
234 -706.61358643 -6.86032608
235 -706.64135742 -6.86059570
236 -706.60260010 -6.86021942
237 -706.56909180 -6.85989410
238 -706.59533691 -6.86014890
239 -706.61065674 -6.86029764
240 -706.63317871 -6.86051630
241 -706.66424561 -6.86081792
242 -706.72735596 -6.86143064
243 -706.73864746 -6.86154027
244 -706.70886230 -6.86125109
245 -706.66223145 -6.86079836
246 -706.62664795 -6.86045289
247 -706.50817871 -6.85930271
248 -706.49633789 -6.85918775
249 -706.42077637 -6.85845414
250 -706.45483398 -6.85878480
251 -706.39886475 -6.85824141
252 -706.38665771 -6.85812289
253 -706.43823242 -6.85862362
254 -706.56036377 -6.85980936
255 -706.51013184 -6.85932167
256 -706.59161377 -6.86011276
257 -706.55426025 -6.85975010
258 -706.45593262 -6.85879546
259 -706.42712402 -6.85851577
260 -706.42565918 -6.85850155
261 -706.36730957 -6.85793504
262 -706.31817627 -6.85745802
263 -706.22790527 -6.85658160
264 -706.11621094 -6.85549719
265 -706.14526367 -6.85577926
266 -706.18292236 -6.85614488
267 -706.17254639 -6.85604414
268 -706.15167236 -6.85584148
269 -706.16644287 -6.85598488
270 -706.11901855 -6.85552445
271 -706.07446289 -6.85509187
272 -706.10089111 -6.85534846
273 -706.04577637 -6.85481336
274 -706.05706787 -6.85492299
275 -706.03503418 -6.85470907
276 -706.03082275 -6.85466818
277 -706.04272461 -6.85478373
278 -706.08959961 -6.85523883
279 -706.00323486 -6.85440034
280 -706.08233643 -6.85516831
281 -705.97338867 -6.85411057
282 -706.00012207 -6.85437012
283 -706.04504395 -6.85480625
284 -706.01812744 -6.85454493
285 -705.96258545 -6.85400568
286 -705.89306641 -6.85333074
287 -705.77752686 -6.85220900
288 -705.84814453 -6.85289461
289 -705.82653809 -6.85268484
290 -705.82971191 -6.85271565
291 -705.91290283 -6.85352333
292 -705.80609131 -6.85248632
293 -705.87017822 -6.85310853
294 -705.76672363 -6.85210411
295 -705.73986816 -6.85184338
296 -705.68957520 -6.85135510
297 -705.66766357 -6.85114236
298 -705.74938965 -6.85193582
299 -705.75408936 -6.85198145
300 -705.72406006 -6.85168990
301 -705.68768311 -6.85133673
302 -705.64056396 -6.85087926
303 -705.66827393 -6.85114829
304 -705.66760254 -6.85114177
305 -705.67620850 -6.85122533
306 -705.69616699 -6.85141910
307 -705.69500732 -6.85140784
