0 -542.75549316 -6.78444366
1 -542.75378418 -6.78442230
2 -542.75231934 -6.78440399
3 -542.75219727 -6.78440247
4 -542.74615479 -6.78432693
5 -542.74694824 -6.78433685
6 -542.74468994 -6.78430862
7 -542.73980713 -6.78424759
8 -542.74755859 -6.78434448
9 -542.74475098 -6.78430939
10 -542.74285889 -6.78428574
11 -542.74145508 -6.78426819
12 -542.74420166 -6.78430252
13 -542.74395752 -6.78429947
14 -542.74353027 -6.78429413
15 -542.73699951 -6.78421249
16 -542.73547363 -6.78419342
17 -542.73449707 -6.78418121
18 -542.73443604 -6.78418045
19 -542.73083496 -6.78413544
20 -542.73315430 -6.78416443
21 -542.73114014 -6.78413925
22 -542.73449707 -6.78418121
23 -542.73364258 -6.78417053
24 -542.73040771 -6.78413010
25 -542.72863770 -6.78410797
26 -542.73327637 -6.78416595
27 -542.73278809 -6.78415985
28 -542.72845459 -6.78410568
29 -542.72644043 -6.78408051
30 -542.73114014 -6.78413925
31 -542.72705078 -6.78408813
32 -542.73181152 -6.78414764
33 -542.72729492 -6.78409119
34 -542.72906494 -6.78411331
35 -542.72778320 -6.78409729
36 -542.72692871 -6.78408661
37 -542.72503662 -6.78406296
38 -542.72271729 -6.78403397
39 -542.72277832 -6.78403473
40 -542.72668457 -6.78408356
41 -542.72314453 -6.78403931
42 -542.72058105 -6.78400726
43 -542.71557617 -6.78394470
44 -542.71337891 -6.78391724
45 -542.71142578 -6.78389282
46 -542.71044922 -6.78388062
47 -542.71246338 -6.78390579
48 -542.70965576 -6.78387070
49 -542.70611572 -6.78382645
50 -542.70654297 -6.78383179
51 -542.70440674 -6.78380508
52 -542.70227051 -6.78377838
53 -542.70257568 -6.78378220
54 -542.69665527 -6.78370819
55 -542.69995117 -6.78374939
56 -542.69995117 -6.78374939
57 -542.69940186 -6.78374252
58 -542.70129395 -6.78376617
59 -542.69976807 -6.78374710
60 -542.69525146 -6.78369064
61 -542.69073486 -6.78363419
62 -542.69049072 -6.78363113
63 -542.68957520 -6.78361969
64 -542.69030762 -6.78362885
65 -542.68621826 -6.78357773
66 -542.68536377 -6.78356705
67 -542.68243408 -6.78353043
68 -542.68090820 -6.78351135
69 -542.68322754 -6.78354034
70 -542.68048096 -6.78350601
71 -542.67626953 -6.78345337
72 -542.68286133 -6.78353577
73 -542.68115234 -6.78351440
74 -542.68701172 -6.78358765
75 -542.68408203 -6.78355103
76 -542.68395996 -6.78354950
77 -542.67675781 -6.78345947
78 -542.68066406 -6.78350830
79 -542.67828369 -6.78347855
80 -542.67919922 -6.78348999
81 -542.67864990 -6.78348312
82 -542.67712402 -6.78346405
83 -542.67950439 -6.78349380
84 -542.67907715 -6.78348846
85 -542.67675781 -6.78345947
86 -542.67535400 -6.78344193
87 -542.67926025 -6.78349075
88 -542.67712402 -6.78346405
89 -542.67724609 -6.78346558
90 -542.67883301 -6.78348541
91 -542.68017578 -6.78350220
92 -542.68188477 -6.78352356
93 -542.67797852 -6.78347473
94 -542.67419434 -6.78342743
95 -542.67425537 -6.78342819
96 -542.67358398 -6.78341980
97 -542.67254639 -6.78340683
98 -542.66552734 -6.78331909
99 -542.66680908 -6.78333511
100 -542.66571045 -6.78332138
101 -542.66687012 -6.78333588
102 -542.66088867 -6.78326111
103 -542.65447998 -6.78318100
104 -542.65295410 -6.78316193
105 -542.65106201 -6.78313828
106 -542.65496826 -6.78318710
107 -542.65704346 -6.78321304
108 -542.65539551 -6.78319244
109 -542.65740967 -6.78321762
110 -542.65954590 -6.78324432
111 -542.65258789 -6.78315735
112 -542.65405273 -6.78317566
113 -542.65710449 -6.78321381
114 -542.65960693 -6.78324509
115 -542.65844727 -6.78323059
116 -542.65295410 -6.78316193
117 -542.66339111 -6.78329239
118 -542.65979004 -6.78324738
119 -542.65472412 -6.78318405
120 -542.66198730 -6.78327484
121 -542.66052246 -6.78325653
122 -542.66162109 -6.78327026
123 -542.66308594 -6.78328857
124 -542.66015625 -6.78325195
125 -542.66113281 -6.78326416
126 -542.66223145 -6.78327789
127 -542.66192627 -6.78327408
128 -542.65747070 -6.78321838
129 -542.65417480 -6.78317719
130 -542.65582275 -6.78319778
131 -542.65728760 -6.78321609
132 -542.65277100 -6.78315964
133 -542.65478516 -6.78318481
134 -542.65509033 -6.78318863
135 -542.65893555 -6.78323669
136 -542.65270996 -6.78315887
137 -542.65069580 -6.78313370
138 -542.65045166 -6.78313065
139 -542.64617920 -6.78307724
140 -542.65161133 -6.78314514
141 -542.64831543 -6.78310394
142 -542.64312744 -6.78303909
143 -542.64605713 -6.78307571
144 -542.63940430 -6.78299255
145 -542.64093018 -6.78301163
146 -542.63775635 -6.78297195
147 -542.64062500 -6.78300781
148 -542.63879395 -6.78298492
149 -542.64562988 -6.78307037
150 -542.64050293 -6.78300629
151 -542.63977051 -6.78299713
152 -542.63824463 -6.78297806
153 -542.63592529 -6.78294907
154 -542.63549805 -6.78294373
155 -542.63488770 -6.78293610
156 -542.63354492 -6.78291931
157 -542.62939453 -6.78286743
158 -542.62969971 -6.78287125
159 -542.63153076 -6.78289413
160 -542.62646484 -6.78283081
161 -542.62097168 -6.78276215
162 -542.62445068 -6.78280563
163 -542.62878418 -6.78285980
164 -542.63281250 -6.78291016
165 -542.63061523 -6.78288269
166 -542.63226318 -6.78290329
167 -542.62408447 -6.78280106
168 -542.63037109 -6.78287964
169 -542.62103271 -6.78276291
170 -542.63012695 -6.78287659
171 -542.62799072 -6.78284988
172 -542.62731934 -6.78284149
173 -542.62597656 -6.78282471
174 -542.62567139 -6.78282089
175 -542.62280273 -6.78278503
176 -542.62066650 -6.78275833
177 -542.62609863 -6.78282623
178 -542.62829590 -6.78285370
179 -542.62695312 -6.78283691
180 -542.62292480 -6.78278656
181 -542.61779785 -6.78272247
182 -542.61267090 -6.78265839
183 -542.62011719 -6.78275146
184 -542.62170410 -6.78277130
185 -542.62115479 -6.78276443
186 -542.62109375 -6.78276367
187 -542.61968994 -6.78274612
188 -542.62005615 -6.78275070
189 -542.61840820 -6.78273010
190 -542.61682129 -6.78271027
191 -542.61822510 -6.78272781
192 -542.61968994 -6.78274612
193 -542.61761475 -6.78272018
194 -542.61877441 -6.78273468
195 -542.61834717 -6.78272934
196 -542.61938477 -6.78274231
197 -542.62078857 -6.78275986
198 -542.62377930 -6.78279724
199 -542.61981201 -6.78274765
200 -542.62005615 -6.78275070
201 -542.62091064 -6.78276138
202 -542.62518311 -6.78281479
203 -542.62445068 -6.78280563
204 -542.61846924 -6.78273087
205 -542.62133789 -6.78276672
206 -542.62286377 -6.78278580
207 -542.62347412 -6.78279343
208 -542.61804199 -6.78272552
209 -542.61907959 -6.78273849
210 -542.61822510 -6.78272781
211 -542.62152100 -6.78276901
212 -542.62426758 -6.78280334
213 -542.61987305 -6.78274841
214 -542.62384033 -6.78279800
215 -542.61901855 -6.78273773
216 -542.61718750 -6.78271484
217 -542.62103271 -6.78276291
218 -542.62097168 -6.78276215
219 -542.62152100 -6.78276901
220 -542.62060547 -6.78275757
221 -542.61901855 -6.78273773
222 -542.61883545 -6.78273544
223 -542.62274170 -6.78278427
224 -542.62243652 -6.78278046
225 -542.61450195 -6.78268127
226 -542.61749268 -6.78271866
227 -542.61383057 -6.78267288
228 -542.61431885 -6.78267899
229 -542.61523438 -6.78269043
230 -542.61364746 -6.78267059
231 -542.61120605 -6.78264008
232 -542.60870361 -6.78260880
233 -542.61212158 -6.78265152
234 -542.60717773 -6.78258972
235 -542.60626221 -6.78257828
236 -542.60162354 -6.78252029
237 -542.60522461 -6.78256531
238 -542.59777832 -6.78247223
239 -542.60192871 -6.78252411
240 -542.60107422 -6.78251343
241 -542.60217285 -6.78252716
242 -542.60229492 -6.78252869
243 -542.60375977 -6.78254700
244 -542.60351562 -6.78254395
245 -542.60461426 -6.78255768
246 -542.61022949 -6.78262787
247 -542.60101318 -6.78251266
248 -542.60205078 -6.78252563
249 -542.60577393 -6.78257217
250 -542.60589600 -6.78257370
251 -542.60052490 -6.78250656
252 -542.59924316 -6.78249054
253 -542.59851074 -6.78248138
254 -542.59582520 -6.78244781
255 -542.59613037 -6.78245163
256 -542.59570312 -6.78244629
257 -542.59729004 -6.78246613
258 -542.59478760 -6.78243484
259 -542.59857178 -6.78248215
260 -542.59454346 -6.78243179
261 -542.59289551 -6.78241119
262 -542.59881592 -6.78248520
263 -542.59783936 -6.78247299
264 -542.59100342 -6.78238754
265 -542.59136963 -6.78239212
266 -542.59344482 -6.78241806
267 -542.59387207 -6.78242340
268 -542.59527588 -6.78244095
269 -542.59118652 -6.78238983
270 -542.59375000 -6.78242187
271 -542.59490967 -6.78243637
272 -542.59185791 -6.78239822
273 -542.58825684 -6.78235321
274 -542.59051514 -6.78238144
275 -542.58929443 -6.78236618
276 -542.58593750 -6.78232422
277 -542.58081055 -6.78226013
278 -542.58044434 -6.78225555
279 -542.57946777 -6.78224335
280 -542.57946777 -6.78224335
281 -542.57995605 -6.78224945
282 -542.57470703 -6.78218384
283 -542.57763672 -6.78222046
284 -542.57305908 -6.78216324
285 -542.57861328 -6.78223267
286 -542.57653809 -6.78220673
287 -542.57586670 -6.78219833
288 -542.56964111 -6.78212051
289 -542.56896973 -6.78211212
290 -542.56854248 -6.78210678
291 -542.56573486 -6.78207169
292 -542.56188965 -6.78202362
293 -542.56085205 -6.78201065
294 -542.56280518 -6.78203506
295 -542.56146240 -6.78201828
296 -542.55877686 -6.78198471
297 -542.55645752 -6.78195572
298 -542.55664062 -6.78195801
299 -542.55444336 -6.78193054
300 -542.55828857 -6.78197861
301 -542.55975342 -6.78199692
302 -542.55963135 -6.78199539
303 -542.55578613 -6.78194733
304 -542.55596924 -6.78194962
305 -542.55773926 -6.78197174
306 -542.55157471 -6.78189468
307 -542.55133057 -6.78189163
308 -542.55480957 -6.78193512
309 -542.55969238 -6.78199615
310 -542.55212402 -6.78190155
311 -542.54943848 -6.78186798
312 -542.55285645 -6.78191071
313 -542.55133057 -6.78189163
314 -542.54150391 -6.78176880
315 -542.55187988 -6.78189850
316 -542.54693604 -6.78183670
317 -542.54571533 -6.78182144
318 -542.54693604 -6.78183670
319 -542.54656982 -6.78183212
320 -542.53942871 -6.78174286
321 -542.53918457 -6.78173981
322 -542.54284668 -6.78178558
323 -542.54467773 -6.78180847
324 -542.54040527 -6.78175507
325 -542.54199219 -6.78177490
326 -542.53918457 -6.78173981
327 -542.53851318 -6.78173141
328 -542.53997803 -6.78174973
329 -542.54315186 -6.78178940
330 -542.54266357 -6.78178329
331 -542.54498291 -6.78181229
332 -542.54766846 -6.78184586
333 -542.54876709 -6.78185959
334 -542.54455566 -6.78180695
335 -542.54827881 -6.78185349
336 -542.54357910 -6.78179474
337 -542.54376221 -6.78179703
338 -542.54058838 -6.78175735
339 -542.54309082 -6.78178864
340 -542.54223633 -6.78177795
341 -542.54229736 -6.78177872
342 -542.54321289 -6.78179016
343 -542.53790283 -6.78172379
344 -542.53881836 -6.78173523
345 -542.53173828 -6.78164673
346 -542.53710938 -6.78171387
347 -542.54223633 -6.78177795
348 -542.55065918 -6.78188324
349 -542.54815674 -6.78185196
350 -542.54962158 -6.78187027
351 -542.55017090 -6.78187714
352 -542.54736328 -6.78184204
353 -542.54473877 -6.78180923
354 -542.54473877 -6.78180923
355 -542.53991699 -6.78174896
356 -542.53881836 -6.78173523
357 -542.53631592 -6.78170395
358 -542.54016113 -6.78175201
359 -542.54119873 -6.78176498
360 -542.53259277 -6.78165741
361 -542.53936768 -6.78174210
362 -542.53668213 -6.78170853
363 -542.53442383 -6.78168030
364 -542.52990723 -6.78162384
365 -542.53094482 -6.78163681
366 -542.53155518 -6.78164444
367 -542.52685547 -6.78158569
