0 -560.28881836 -6.91714591
1 -560.29144287 -6.91717831
2 -560.29309082 -6.91719865
3 -560.29357910 -6.91720468
4 -560.29388428 -6.91720845
5 -560.29473877 -6.91721900
6 -560.29534912 -6.91722653
7 -560.29565430 -6.91723030
8 -560.29528809 -6.91722578
9 -560.29510498 -6.91722352
10 -560.29595947 -6.91723407
11 -560.29669189 -6.91724311
12 -560.29669189 -6.91724311
13 -560.29669189 -6.91724311
14 -560.29736328 -6.91725140
15 -560.29766846 -6.91725517
16 -560.29772949 -6.91725592
17 -560.29821777 -6.91726195
18 -560.29803467 -6.91725969
19 -560.29888916 -6.91727024
20 -560.29943848 -6.91727702
21 -560.29937744 -6.91727626
22 -560.29931641 -6.91727551
23 -560.29931641 -6.91727551
24 -560.29980469 -6.91728154
25 -560.29974365 -6.91728079
26 -560.29986572 -6.91728229
27 -560.30029297 -6.91728757
28 -560.30010986 -6.91728531
29 -560.29992676 -6.91728305
30 -560.30004883 -6.91728455
31 -560.30010986 -6.91728531
32 -560.30029297 -6.91728757
33 -560.30041504 -6.91728907
34 -560.30010986 -6.91728531
35 -560.30053711 -6.91729058
36 -560.30139160 -6.91730113
37 -560.30145264 -6.91730188
38 -560.30157471 -6.91730339
39 -560.30151367 -6.91730264
40 -560.30108643 -6.91729736
41 -560.30078125 -6.91729360
42 -560.30096436 -6.91729586
43 -560.30096436 -6.91729586
44 -560.30090332 -6.91729510
45 -560.30096436 -6.91729586
46 -560.30096436 -6.91729586
47 -560.30163574 -6.91730414
48 -560.30114746 -6.91729812
49 -560.30163574 -6.91730414
50 -560.30126953 -6.91729962
51 -560.30139160 -6.91730113
52 -560.30175781 -6.91730565
53 -560.30175781 -6.91730565
54 -560.30139160 -6.91730113
55 -560.30133057 -6.91730038
56 -560.30200195 -6.91730867
57 -560.30175781 -6.91730565
58 -560.30126953 -6.91729962
59 -560.30200195 -6.91730867
60 -560.30212402 -6.91731017
61 -560.30187988 -6.91730716
62 -560.30249023 -6.91731469
63 -560.30212402 -6.91731017
64 -560.30236816 -6.91731319
65 -560.30218506 -6.91731093
66 -560.30187988 -6.91730716
67 -560.30261230 -6.91731620
68 -560.30285645 -6.91731922
69 -560.30267334 -6.91731695
70 -560.30218506 -6.91731093
71 -560.30291748 -6.91731997
72 -560.30242920 -6.91731394
73 -560.30236816 -6.91731319
74 -560.30279541 -6.91731846
75 -560.30273438 -6.91731771
76 -560.30291748 -6.91731997
77 -560.30297852 -6.91732072
78 -560.30297852 -6.91732072
79 -560.30328369 -6.91732449
80 -560.30364990 -6.91732901
81 -560.30371094 -6.91732976
82 -560.30389404 -6.91733203
83 -560.30383301 -6.91733127
84 -560.30358887 -6.91732826
85 -560.30352783 -6.91732750
86 -560.30383301 -6.91733127
87 -560.30371094 -6.91732976
88 -560.30358887 -6.91732826
89 -560.30328369 -6.91732449
90 -560.30340576 -6.91732600
91 -560.30285645 -6.91731922
92 -560.30297852 -6.91732072
93 -560.30364990 -6.91732901
94 -560.30340576 -6.91732600
95 -560.30364990 -6.91732901
96 -560.30383301 -6.91733127
97 -560.30358887 -6.91732826
98 -560.30413818 -6.91733504
99 -560.30444336 -6.91733881
100 -560.30346680 -6.91732675
101 -560.30364990 -6.91732901
102 -560.30358887 -6.91732826
103 -560.30413818 -6.91733504
104 -560.30352783 -6.91732750
105 -560.30407715 -6.91733429
106 -560.30389404 -6.91733203
107 -560.30426025 -6.91733655
108 -560.30389404 -6.91733203
109 -560.30407715 -6.91733429
110 -560.30395508 -6.91733278
111 -560.30389404 -6.91733203
112 -560.30383301 -6.91733127
113 -560.30371094 -6.91732976
114 -560.30377197 -6.91733052
115 -560.30334473 -6.91732524
116 -560.30371094 -6.91732976
117 -560.30346680 -6.91732675
118 -560.30291748 -6.91731997
119 -560.30291748 -6.91731997
120 -560.30371094 -6.91732976
121 -560.30316162 -6.91732298
122 -560.30316162 -6.91732298
123 -560.30334473 -6.91732524
124 -560.30322266 -6.91732374
125 -560.30377197 -6.91733052
126 -560.30371094 -6.91732976
127 -560.30395508 -6.91733278
128 -560.30371094 -6.91732976
129 -560.30316162 -6.91732298
130 -560.30334473 -6.91732524
131 -560.30297852 -6.91732072
132 -560.30297852 -6.91732072
133 -560.30212402 -6.91731017
134 -560.30273438 -6.91731771
135 -560.30249023 -6.91731469
136 -560.30212402 -6.91731017
137 -560.30291748 -6.91731997
138 -560.30273438 -6.91731771
139 -560.30273438 -6.91731771
140 -560.30200195 -6.91730867
141 -560.30261230 -6.91731620
142 -560.30279541 -6.91731846
143 -560.30310059 -6.91732223
144 -560.30377197 -6.91733052
145 -560.30340576 -6.91732600
146 -560.30273438 -6.91731771
147 -560.30291748 -6.91731997
148 -560.30297852 -6.91732072
149 -560.30322266 -6.91732374
150 -560.30328369 -6.91732449
151 -560.30261230 -6.91731620
152 -560.30334473 -6.91732524
153 -560.30285645 -6.91731922
154 -560.30218506 -6.91731093
155 -560.30242920 -6.91731394
156 -560.30303955 -6.91732148
157 -560.30291748 -6.91731997
158 -560.30255127 -6.91731545
159 -560.30194092 -6.91730791
160 -560.30310059 -6.91732223
161 -560.30255127 -6.91731545
162 -560.30328369 -6.91732449
163 -560.30303955 -6.91732148
164 -560.30285645 -6.91731922
165 -560.30358887 -6.91732826
166 -560.30242920 -6.91731394
167 -560.30224609 -6.91731168
168 -560.30334473 -6.91732524
169 -560.30352783 -6.91732750
170 -560.30346680 -6.91732675
171 -560.30395508 -6.91733278
172 -560.30346680 -6.91732675
173 -560.30303955 -6.91732148
174 -560.30279541 -6.91731846
175 -560.30279541 -6.91731846
176 -560.30297852 -6.91732072
177 -560.30316162 -6.91732298
178 -560.30401611 -6.91733353
179 -560.30395508 -6.91733278
180 -560.30419922 -6.91733579
181 -560.30395508 -6.91733278
182 -560.30364990 -6.91732901
183 -560.30328369 -6.91732449
184 -560.30395508 -6.91733278
185 -560.30346680 -6.91732675
186 -560.30285645 -6.91731922
187 -560.30316162 -6.91732298
188 -560.30340576 -6.91732600
189 -560.30334473 -6.91732524
190 -560.30303955 -6.91732148
191 -560.30377197 -6.91733052
192 -560.30310059 -6.91732223
193 -560.30267334 -6.91731695
194 -560.30297852 -6.91732072
195 -560.30383301 -6.91733127
196 -560.30358887 -6.91732826
197 -560.30407715 -6.91733429
198 -560.30444336 -6.91733881
199 -560.30432129 -6.91733730
200 -560.30444336 -6.91733881
201 -560.30395508 -6.91733278
202 -560.30346680 -6.91732675
203 -560.30358887 -6.91732826
204 -560.30407715 -6.91733429
205 -560.30352783 -6.91732750
206 -560.30395508 -6.91733278
207 -560.30346680 -6.91732675
208 -560.30371094 -6.91732976
209 -560.30340576 -6.91732600
210 -560.30371094 -6.91732976
211 -560.30401611 -6.91733353
212 -560.30383301 -6.91733127
213 -560.30346680 -6.91732675
214 -560.30389404 -6.91733203
215 -560.30310059 -6.91732223
216 -560.30395508 -6.91733278
217 -560.30371094 -6.91732976
218 -560.30371094 -6.91732976
219 -560.30389404 -6.91733203
220 -560.30346680 -6.91732675
221 -560.30419922 -6.91733579
222 -560.30413818 -6.91733504
223 -560.30364990 -6.91732901
224 -560.30346680 -6.91732675
225 -560.30383301 -6.91733127
226 -560.30407715 -6.91733429
227 -560.30340576 -6.91732600
228 -560.30395508 -6.91733278
229 -560.30432129 -6.91733730
230 -560.30426025 -6.91733655
231 -560.30395508 -6.91733278
232 -560.30438232 -6.91733805
233 -560.30419922 -6.91733579
234 -560.30407715 -6.91733429
235 -560.30407715 -6.91733429
236 -560.30487061 -6.91734408
