0 -446.43246460 -6.37760664
1 -445.46490479 -6.36378435
2 -444.41119385 -6.34873134
3 -443.71517944 -6.33878828
4 -442.87060547 -6.32672294
5 -442.29171753 -6.31845311
6 -441.60400391 -6.30862863
7 -440.39010620 -6.29128723
8 -440.21182251 -6.28874032
9 -437.86242676 -6.25517753
10 -436.55447388 -6.23649248
11 -436.31958008 -6.23313686
12 -435.13504028 -6.21621486
13 -433.14007568 -6.18771537
14 -431.58300781 -6.16547154
15 -431.26983643 -6.16099766
16 -431.54071045 -6.16486729
17 -432.14450073 -6.17349287
18 -432.63708496 -6.18052979
19 -433.10928345 -6.18727548
20 -432.54690552 -6.17924151
21 -432.27020264 -6.17528861
22 -431.14337158 -6.15919102
23 -431.82159424 -6.16887992
24 -431.34497070 -6.16207101
25 -431.34295654 -6.16204224
26 -430.99545288 -6.15707790
27 -431.20764160 -6.16010917
28 -431.34280396 -6.16204006
29 -429.42965698 -6.13470939
30 -427.86447144 -6.11234959
31 -428.61883545 -6.12312622
32 -427.52114868 -6.10744498
33 -428.82299805 -6.12604283
34 -429.29446411 -6.13277806
35 -428.18606567 -6.11694380
36 -426.87457275 -6.09820818
37 -426.14822388 -6.08783177
38 -425.05523682 -6.07221767
39 -425.65850830 -6.08083583
40 -425.08987427 -6.07271249
41 -425.59283447 -6.07989764
42 -424.15582275 -6.05936890
43 -422.94247437 -6.04203535
44 -423.16378784 -6.04519697
45 -422.24728394 -6.03210406
46 -421.25177002 -6.01788243
47 -420.48025513 -6.00686079
48 -419.88021851 -5.99828884
49 -419.30419922 -5.99005999
50 -419.29159546 -5.98987994
51 -417.59732056 -5.96567601
52 -416.41055298 -5.94872219
53 -416.55444336 -5.95077776
54 -414.34622192 -5.91923174
55 -413.67590332 -5.90965576
56 -412.56256104 -5.89375087
57 -414.11489868 -5.91592712
58 -413.10607910 -5.90151542
59 -413.09606934 -5.90137242
60 -412.98413086 -5.89977330
61 -412.21987915 -5.88885542
62 -411.23263550 -5.87475194
63 -411.17172241 -5.87388175
64 -411.21301270 -5.87447161
65 -410.48916626 -5.86413095
66 -411.94415283 -5.88491647
67 -411.95861816 -5.88512312
68 -409.93533325 -5.85621905
69 -409.93621826 -5.85623169
70 -411.69647217 -5.88137817
71 -411.48684692 -5.87838353
72 -411.48980713 -5.87842582
73 -411.36138916 -5.87659127
74 -409.60147095 -5.85144958
75 -410.96356201 -5.87090803
76 -409.33520508 -5.84764579
77 -410.52645874 -5.86466370
78 -409.37091064 -5.84815587
79 -408.25701904 -5.83224313
80 -407.35348511 -5.81933550
81 -405.91021729 -5.79871739
82 -405.79916382 -5.79713091
83 -406.41149902 -5.80587856
84 -407.15948486 -5.81656407
85 -407.45822144 -5.82083173
86 -404.97439575 -5.78534851
87 -404.33032227 -5.77614746
88 -403.79394531 -5.76848493
89 -404.67205811 -5.78102940
90 -405.04672241 -5.78638175
91 -405.14471436 -5.78778163
92 -401.98153687 -5.74259338
93 -402.12048340 -5.74457833
94 -400.15902710 -5.71655753
95 -401.43695068 -5.73481358
96 -402.73025513 -5.75328936
97 -402.88464355 -5.75549491
98 -402.89404297 -5.75562919
99 -402.49572754 -5.74993896
100 -402.64794922 -5.75211356
101 -401.91217041 -5.74160243
102 -402.97521973 -5.75678885
103 -402.77456665 -5.75392238
104 -400.79357910 -5.72562256
105 -399.49990845 -5.70714155
106 -399.00585938 -5.70008371
107 -399.18649292 -5.70266418
108 -399.19348145 -5.70276402
109 -399.19311523 -5.70275879
110 -399.09225464 -5.70131792
111 -396.67935181 -5.66684788
112 -395.91052246 -5.65586461
113 -396.88143921 -5.66973485
114 -396.04183960 -5.65774057
115 -394.61434937 -5.63734785
116 -393.71603394 -5.62451477
117 -393.67620850 -5.62394584
118 -392.84469604 -5.61206709
119 -393.61569214 -5.62308132
120 -395.61581421 -5.65165449
121 -394.82342529 -5.64033465
122 -393.16876221 -5.61669660
123 -391.68966675 -5.59556667
124 -390.91604614 -5.58451494
125 -389.66470337 -5.56663862
126 -387.57846069 -5.53683515
127 -388.21603394 -5.54594334
128 -386.00494385 -5.51435634
129 -387.24722290 -5.53210318
130 -385.81072998 -5.51158186
131 -384.50878906 -5.49298270
132 -382.69757080 -5.46710815
133 -381.85119629 -5.45501709
134 -382.40698242 -5.46295689
135 -382.04562378 -5.45779463
136 -380.80694580 -5.44009923
137 -381.42248535 -5.44889265
138 -380.15496826 -5.43078526
139 -380.87582397 -5.44108320
140 -381.25271606 -5.44646737
141 -381.37951660 -5.44827881
142 -379.51129150 -5.42158988
143 -380.75668335 -5.43938119
144 -382.07678223 -5.45823975
145 -383.88577271 -5.48408247
146 -383.06668091 -5.47238116
147 -382.85037231 -5.46929103
148 -382.17404175 -5.45962917
149 -380.50509644 -5.43578709
150 -381.03320312 -5.44333147
151 -378.46322632 -5.40661752
152 -378.80743408 -5.41153477
153 -377.88876343 -5.39841091
154 -375.59902954 -5.36570042
155 -376.48306274 -5.37832947
156 -377.87094116 -5.39815630
157 -378.35440063 -5.40506287
158 -377.43814087 -5.39197344
159 -376.94897461 -5.38498535
160 -373.52246094 -5.33603516
161 -370.35211182 -5.29074445
162 -369.59536743 -5.27993382
163 -372.05438232 -5.31506260
164 -373.78079224 -5.33972560
165 -371.94079590 -5.31343994
166 -369.03863525 -5.27198050
167 -369.07919312 -5.27255990
168 -369.15771484 -5.27368164
169 -368.38388062 -5.26262687
170 -370.31744385 -5.29024920
171 -370.67037964 -5.29529114
172 -373.59201050 -5.33702872
173 -374.92370605 -5.35605294
174 -375.53421021 -5.36477443
175 -377.68075562 -5.39543937
176 -377.08078003 -5.38686829
177 -376.50115967 -5.37858800
178 -373.50720215 -5.33581717
179 -374.88507080 -5.35550101
180 -374.75219727 -5.35360282
181 -372.03839111 -5.31483416
182 -371.27749634 -5.30396423
183 -370.35311890 -5.29075884
184 -368.10412598 -5.25863037
185 -369.52725220 -5.27896075
186 -369.46319580 -5.27804565
187 -369.40594482 -5.27722778
188 -369.76321411 -5.28233163
189 -370.19924927 -5.28856070
190 -370.14059448 -5.28772278
191 -371.47784424 -5.30682635
192 -371.86453247 -5.31235046
193 -372.17102051 -5.31672886
194 -371.18402100 -5.30262887
195 -372.30526733 -5.31864668
196 -374.10739136 -5.34439131
197 -374.33975220 -5.34771075
198 -373.61437988 -5.33734828
199 -376.02978516 -5.37185407
200 -374.96688843 -5.35666983
201 -374.15509033 -5.34507272
202 -373.01715088 -5.32881644
203 -374.76876831 -5.35383955
204 -375.81576538 -5.36879665
205 -375.36105347 -5.36230076
206 -376.22879028 -5.37469700
207 -375.99789429 -5.37139849
208 -375.40267944 -5.36289542
209 -374.25540161 -5.34650574
210 -375.81057739 -5.36872253
211 -377.06265259 -5.38660932
212 -376.33459473 -5.37620850
213 -375.94107056 -5.37058672
214 -376.22647095 -5.37466387
215 -376.82394409 -5.38319920
216 -376.37939453 -5.37684849
217 -377.13037109 -5.38757673
218 -376.45767212 -5.37796674
219 -376.32849121 -5.37612130
220 -375.79824829 -5.36854640
221 -374.44567871 -5.34922398
222 -374.15939331 -5.34513419
223 -374.95758057 -5.35653687
224 -374.54589844 -5.35065569
225 -374.08660889 -5.34409441
226 -372.72702026 -5.32467172
227 -371.01040649 -5.30014866
228 -370.72277832 -5.29603969
229 -370.84286499 -5.29775521
230 -371.76550293 -5.31093576
231 -371.06091309 -5.30087019
232 -370.03039551 -5.28614851
233 -370.15451050 -5.28792158
234 -371.24737549 -5.30353394
235 -370.98162842 -5.29973755
236 -369.51046753 -5.27872096
237 -367.73287964 -5.25332685
238 -365.06906128 -5.21527230
239 -364.78707886 -5.21124398
240 -364.15780640 -5.20225438
241 -362.58670044 -5.17981001
242 -361.67163086 -5.16673758
243 -361.74212646 -5.16774466
244 -362.13940430 -5.17342006
245 -361.40194702 -5.16288496
246 -359.89715576 -5.14138794
247 -360.45486450 -5.14935521
248 -362.79129028 -5.18273272
249 -359.80880737 -5.14012582
250 -358.12393188 -5.11605617
251 -354.76040649 -5.06800581
252 -354.46850586 -5.06383580
253 -352.97879028 -5.04255415
254 -352.85205078 -5.04074358
255 -352.72689819 -5.03895569
256 -354.43139648 -5.06330566
257 -351.85940552 -5.02656294
258 -352.76666260 -5.03952375
259 -353.77139282 -5.05387704
260 -355.72943115 -5.08184902
261 -356.31863403 -5.09026620
262 -354.77761841 -5.06825169
263 -354.37637329 -5.06251962
264 -351.65869141 -5.02369559
265 -351.61660767 -5.02309440
266 -351.79461670 -5.02563738
267 -354.72201538 -5.06745736
268 -353.99270630 -5.05703866
269 -354.72665405 -5.06752363
270 -355.19958496 -5.07427979
271 -353.84222412 -5.05488892
272 -355.94064331 -5.08486633
273 -357.73791504 -5.11054164
274 -360.55383301 -5.15076904
275 -359.36584473 -5.13379778
276 -358.62603760 -5.12322911
277 -358.55920410 -5.12227434
278 -358.67211914 -5.12388742
279 -356.29733276 -5.08996190
280 -357.52758789 -5.10753697
281 -355.69741821 -5.08139169
282 -355.44900513 -5.07784293
283 -355.53472900 -5.07906756
284 -355.46862793 -5.07812326
285 -354.47589111 -5.06394130
286 -353.55438232 -5.05077689
287 -351.49246216 -5.02132089
288 -351.90026855 -5.02714669
289 -351.75711060 -5.02510158
290 -352.30239868 -5.03289141
291 -353.59744263 -5.05139204
292 -352.07241821 -5.02960597
293 -353.20767212 -5.04582389
294 -353.84127808 -5.05487540
295 -353.90344238 -5.05576346
296 -352.71563721 -5.03879482
297 -350.88638306 -5.01266262
298 -351.02819824 -5.01468855
299 -352.76147461 -5.03944964
300 -353.40451050 -5.04863586
301 -351.46621704 -5.02094596
302 -354.91540527 -5.07022008
303 -354.21295166 -5.06018502
304 -354.75885010 -5.06798357
305 -354.71813965 -5.06740199
306 -353.56097412 -5.05087106
307 -355.60015869 -5.08000227
308 -354.93139648 -5.07044852
