0 -670.11138916 -6.70111389
1 -668.81695557 -6.68816956
2 -667.12976074 -6.67129761
3 -665.08868408 -6.65088684
4 -663.52355957 -6.63523560
5 -662.78997803 -6.62789978
6 -661.83471680 -6.61834717
7 -660.17883301 -6.60178833
8 -658.91625977 -6.58916260
9 -656.54113770 -6.56541138
10 -654.00238037 -6.54002380
11 -653.24353027 -6.53243530
12 -650.55810547 -6.50558105
13 -648.02990723 -6.48029907
14 -646.45721436 -6.46457214
15 -643.20422363 -6.43204224
16 -643.27551270 -6.43275513
17 -640.58154297 -6.40581543
18 -641.17260742 -6.41172607
19 -637.66699219 -6.37666992
20 -636.04687500 -6.36046875
21 -631.80523682 -6.31805237
22 -632.87542725 -6.32875427
23 -632.61206055 -6.32612061
24 -631.47729492 -6.31477295
25 -632.03802490 -6.32038025
26 -629.20593262 -6.29205933
27 -629.06030273 -6.29060303
28 -628.92864990 -6.28928650
29 -625.00292969 -6.25002930
30 -625.11724854 -6.25117249
31 -621.04052734 -6.21040527
32 -618.67199707 -6.18671997
33 -617.17614746 -6.17176147
34 -616.74047852 -6.16740479
35 -613.75823975 -6.13758240
36 -614.08593750 -6.14085937
37 -617.92803955 -6.17928040
38 -615.92840576 -6.15928406
39 -615.47460938 -6.15474609
40 -614.54071045 -6.14540710
41 -612.95477295 -6.12954773
42 -612.36987305 -6.12369873
43 -607.44592285 -6.07445923
44 -604.87359619 -6.04873596
45 -601.38153076 -6.01381531
46 -598.76849365 -5.98768494
47 -596.62091064 -5.96620911
48 -593.83038330 -5.93830383
49 -596.96319580 -5.96963196
50 -593.61346436 -5.93613464
51 -586.98321533 -5.86983215
52 -587.07580566 -5.87075806
53 -591.59368896 -5.91593689
54 -586.76525879 -5.86765259
55 -579.15435791 -5.79154358
56 -581.97125244 -5.81971252
57 -586.57678223 -5.86576782
58 -590.96557617 -5.90965576
59 -589.61059570 -5.89610596
60 -586.85485840 -5.86854858
61 -589.00549316 -5.89005493
62 -592.07482910 -5.92074829
63 -591.05444336 -5.91054443
64 -590.68414307 -5.90684143
65 -590.65875244 -5.90658752
66 -589.16027832 -5.89160278
67 -585.71588135 -5.85715881
68 -585.93981934 -5.85939819
69 -583.08605957 -5.83086060
70 -582.40850830 -5.82408508
71 -579.84191895 -5.79841919
72 -572.57757568 -5.72577576
73 -566.54016113 -5.66540161
74 -561.19567871 -5.61195679
75 -554.87286377 -5.54872864
76 -553.17041016 -5.53170410
77 -550.39611816 -5.50396118
78 -550.21374512 -5.50213745
79 -553.29064941 -5.53290649
80 -552.65447998 -5.52654480
81 -552.12243652 -5.52122437
82 -546.18579102 -5.46185791
83 -542.12670898 -5.42126709
84 -541.00292969 -5.41002930
85 -539.35479736 -5.39354797
86 -533.55670166 -5.33556702
87 -535.99304199 -5.35993042
88 -532.53662109 -5.32536621
89 -530.13067627 -5.30130676
90 -527.37860107 -5.27378601
91 -530.34338379 -5.30343384
92 -524.32830811 -5.24328308
93 -519.85302734 -5.19853027
94 -514.86297607 -5.14862976
95 -519.48980713 -5.19489807
96 -511.17858887 -5.11178589
97 -506.57220459 -5.06572205
98 -515.37200928 -5.15372009
99 -521.46166992 -5.21461670
100 -525.40454102 -5.25404541
101 -519.44641113 -5.19446411
102 -507.73419189 -5.07734192
103 -493.10913086 -4.93109131
104 -488.80718994 -4.88807190
105 -484.26885986 -4.84268860
106 -470.49484253 -4.70494843
107 -468.62185669 -4.68621857
108 -470.14135742 -4.70141357
109 -469.29150391 -4.69291504
110 -471.51208496 -4.71512085
111 -475.81546021 -4.75815460
112 -475.17535400 -4.75175354
113 -479.39843750 -4.79398437
114 -483.71105957 -4.83711060
115 -482.26107788 -4.82261078
116 -474.00213623 -4.74002136
117 -471.15362549 -4.71153625
118 -472.59494019 -4.72594940
119 -463.43634033 -4.63436340
120 -459.53717041 -4.59537170
121 -466.08697510 -4.66086975
122 -468.46960449 -4.68469604
123 -466.89770508 -4.66897705
124 -462.82864380 -4.62828644
125 -463.58325195 -4.63583252
126 -464.92840576 -4.64928406
127 -467.51492310 -4.67514923
128 -478.00689697 -4.78006897
129 -477.76031494 -4.77760315
130 -481.96447754 -4.81964478
131 -477.01110840 -4.77011108
132 -481.96136475 -4.81961365
133 -476.13342285 -4.76133423
134 -471.05984497 -4.71059845
135 -461.79229736 -4.61792297
136 -463.70220947 -4.63702209
137 -473.68872070 -4.73688721
138 -482.08541870 -4.82085419
139 -481.89871216 -4.81898712
140 -479.35473633 -4.79354736
141 -485.00921631 -4.85009216
142 -479.13421631 -4.79134216
143 -475.25915527 -4.75259155
144 -476.31649780 -4.76316498
145 -475.23037720 -4.75230377
146 -474.78710938 -4.74787109
147 -479.16308594 -4.79163086
148 -471.57891846 -4.71578918
149 -462.13601685 -4.62136017
150 -460.61947632 -4.60619476
151 -452.44879150 -4.52448792
152 -457.08856201 -4.57088562
153 -459.47204590 -4.59472046
154 -450.17019653 -4.50170197
155 -448.51672363 -4.48516724
156 -444.42224121 -4.44422241
157 -431.31463623 -4.31314636
158 -429.26956177 -4.29269562
159 -417.55169678 -4.17551697
160 -422.93511963 -4.22935120
161 -430.71832275 -4.30718323
162 -427.51885986 -4.27518860
163 -425.16674805 -4.25166748
164 -435.53088379 -4.35530884
165 -435.04516602 -4.35045166
166 -416.06945801 -4.16069458
167 -412.65936279 -4.12659363
168 -408.94531250 -4.08945313
169 -418.36676025 -4.18366760
170 -429.99548340 -4.29995483
171 -431.18676758 -4.31186768
172 -437.52709961 -4.37527100
173 -432.81311035 -4.32813110
174 -431.09814453 -4.31098145
175 -436.07061768 -4.36070618
176 -434.93634033 -4.34936340
177 -440.83068848 -4.40830688
178 -441.22113037 -4.41221130
179 -436.97729492 -4.36977295
180 -433.19989014 -4.33199890
181 -430.19592285 -4.30195923
182 -427.01965332 -4.27019653
183 -418.63378906 -4.18633789
184 -417.69378662 -4.17693787
185 -410.44494629 -4.10444946
186 -399.85403442 -3.99854034
187 -412.26989746 -4.12269897
188 -402.14788818 -4.02147888
189 -400.75915527 -4.00759155
190 -401.47329712 -4.01473297
191 -399.83703613 -3.99837036
192 -397.30221558 -3.97302216
193 -401.70819092 -4.01708191
194 -410.01916504 -4.10019165
195 -415.92156982 -4.15921570
196 -410.45993042 -4.10459930
197 -417.07302856 -4.17073029
198 -418.24703979 -4.18247040
199 -415.91915894 -4.15919159
200 -412.54434204 -4.12544342
201 -415.83535767 -4.15835358
202 -414.90087891 -4.14900879
203 -416.06848145 -4.16068481
204 -423.07458496 -4.23074585
205 -373.82684326 -3.73826843
206 -389.49157715 -3.89491577
207 -370.13775635 -3.70137756
