0 -667.01953125 -6.67019531
1 -665.61962891 -6.65619629
2 -664.45794678 -6.64457947
3 -662.88378906 -6.62883789
4 -661.20233154 -6.61202332
5 -660.53216553 -6.60532166
6 -658.98016357 -6.58980164
7 -658.24005127 -6.58240051
8 -658.21228027 -6.58212280
9 -658.39349365 -6.58393494
10 -657.00195312 -6.57001953
11 -654.93542480 -6.54935425
12 -653.31805420 -6.53318054
13 -651.68286133 -6.51682861
14 -651.18536377 -6.51185364
15 -650.01879883 -6.50018799
16 -648.03649902 -6.48036499
17 -646.46215820 -6.46462158
18 -645.17114258 -6.45171143
19 -644.25756836 -6.44257568
20 -643.05578613 -6.43055786
21 -643.10058594 -6.43100586
22 -641.96984863 -6.41969849
23 -640.19384766 -6.40193848
24 -639.07794189 -6.39077942
25 -639.37500000 -6.39375000
26 -639.79699707 -6.39796997
27 -636.36511230 -6.36365112
28 -634.75708008 -6.34757080
29 -633.20263672 -6.33202637
30 -630.81494141 -6.30814941
31 -629.83557129 -6.29835571
32 -626.36437988 -6.26364380
33 -622.94329834 -6.22943298
34 -620.90447998 -6.20904480
35 -618.00158691 -6.18001587
36 -615.62280273 -6.15622803
37 -612.92443848 -6.12924438
38 -610.00604248 -6.10006042
39 -606.93579102 -6.06935791
40 -603.59143066 -6.03591431
41 -596.43212891 -5.96432129
42 -591.98382568 -5.91983826
43 -589.83996582 -5.89839966
44 -583.38708496 -5.83387085
45 -577.41485596 -5.77414856
46 -571.49316406 -5.71493164
47 -569.86889648 -5.69868896
48 -561.76062012 -5.61760620
49 -551.69860840 -5.51698608
50 -549.94866943 -5.49948669
51 -543.48095703 -5.43480957
52 -531.85949707 -5.31859497
53 -520.53515625 -5.20535156
54 -513.69262695 -5.13692627
55 -510.08941650 -5.10089417
56 -503.29452515 -5.03294525
57 -493.26220703 -4.93262207
58 -490.38726807 -4.90387268
59 -491.78073120 -4.91780731
60 -490.25634766 -4.90256348
61 -485.79544067 -4.85795441
62 -484.70690918 -4.84706909
63 -484.54949951 -4.84549500
64 -481.04727173 -4.81047272
65 -477.87902832 -4.77879028
66 -477.35113525 -4.77351135
67 -476.77462769 -4.76774628
68 -476.77230835 -4.76772308
69 -471.13385010 -4.71133850
70 -465.65588379 -4.65655884
71 -455.65335083 -4.55653351
72 -455.10870361 -4.55108704
73 -446.17596436 -4.46175964
74 -439.64764404 -4.39647644
75 -440.90219116 -4.40902191
76 -432.71469116 -4.32714691
77 -431.54971313 -4.31549713
78 -423.35223389 -4.23352234
79 -417.48840332 -4.17488403
80 -411.85437012 -4.11854370
81 -407.96002197 -4.07960022
82 -411.00640869 -4.11006409
83 -404.71160889 -4.04711609
84 -400.03625488 -4.00036255
85 -400.29626465 -4.00296265
86 -399.71130371 -3.99711304
87 -399.34774780 -3.99347748
88 -397.52026367 -3.97520264
89 -397.21658325 -3.97216583
90 -399.82342529 -3.99823425
91 -399.43099976 -3.99431000
92 -401.65661621 -4.01656616
93 -405.15042114 -4.05150421
94 -396.55023193 -3.96550232
95 -394.71609497 -3.94716095
96 -397.33932495 -3.97339325
97 -396.55007935 -3.96550079
98 -391.22204590 -3.91222046
99 -391.65676880 -3.91656769
100 -392.41546631 -3.92415466
101 -385.81579590 -3.85815796
102 -384.56588745 -3.84565887
103 -378.79235840 -3.78792358
104 -378.72366333 -3.78723663
105 -374.06671143 -3.74066711
106 -380.73110962 -3.80731110
107 -379.31976318 -3.79319763
108 -382.25750732 -3.82257507
109 -384.37313843 -3.84373138
110 -385.49514771 -3.85495148
111 -382.42468262 -3.82424683
112 -375.43820190 -3.75438202
113 -376.60848999 -3.76608490
114 -364.77911377 -3.64779114
115 -365.90441895 -3.65904419
116 -361.02258301 -3.61022583
117 -360.32369995 -3.60323700
118 -357.57275391 -3.57572754
119 -354.04290771 -3.54042908
120 -351.01220703 -3.51012207
121 -344.08575439 -3.44085754
122 -338.93218994 -3.38932190
123 -323.69232178 -3.23692322
124 -319.58471680 -3.19584717
125 -318.78543091 -3.18785431
126 -311.37109375 -3.11371094
127 -305.71997070 -3.05719971
128 -309.56710815 -3.09567108
129 -305.26263428 -3.05262634
130 -309.53894043 -3.09538940
131 -305.04455566 -3.05044556
132 -313.60620117 -3.13606201
133 -309.70050049 -3.09700500
134 -316.30236816 -3.16302368
135 -307.77575684 -3.07775757
136 -310.94754028 -3.10947540
137 -303.92163086 -3.03921631
138 -295.36901855 -2.95369019
139 -314.78314209 -3.14783142
140 -315.08972168 -3.15089722
141 -314.15917969 -3.14159180
142 -304.47393799 -3.04473938
143 -286.70324707 -2.86703247
144 -281.24407959 -2.81244080
145 -263.30877686 -2.63308777
146 -238.46240234 -2.38462402
147 -196.64271545 -1.96642715
148 -211.38858032 -2.11388580
149 -233.71862793 -2.33718628
150 -238.57038879 -2.38570389
151 -253.97549438 -2.53975494
152 -242.47280884 -2.42472809
153 -249.86680603 -2.49866806
154 -234.15902710 -2.34159027
155 -201.28477478 -2.01284775
156 -147.99885559 -1.47998856
157 -89.42117310 -0.89421173
158 -144.38481140 -1.44384811
159 -126.96875763 -1.26968758
160 -130.59078979 -1.30590790
161 -132.97067261 -1.32970673
162 -126.87829590 -1.26878296
163 -129.01899719 -1.29018997
164 -138.26731873 -1.38267319
165 -139.76644897 -1.39766449
166 -137.23725891 -1.37237259
167 -142.78323364 -1.42783234
168 -145.56365967 -1.45563660
169 -131.79377747 -1.31793777
170 -153.60203552 -1.53602036
171 -130.04219055 -1.30042191
172 -127.63480377 -1.27634804
173 -125.24315643 -1.25243156
174 -86.26299286 -0.86262993
175 -59.34796906 -0.59347969
176 -104.89824677 -1.04898247
177 -75.42015839 -0.75420158
178 -147.56806946 -1.47568069
179 -176.67637634 -1.76676376
180 -173.20753479 -1.73207535
181 -180.09822083 -1.80098221
182 -185.60943604 -1.85609436
183 11.41279602 0.11412796
184 323.91882324 3.23918823
185 158.88482666 1.58884827
186 191.02815247 1.91028152
187 283.74319458 2.83743195
188 556.12060547 5.56120605
189 973.99523926 9.73995239
190 1534.33251953 15.34332520
191 1497.44006348 14.97440063
192 1472.39001465 14.72390015
193 2114.39526367 21.14395264
194 2550.43530273 25.50435303
195 2666.97778320 26.66977783
196 3389.80444336 33.89804443
197 3708.35791016 37.08357910
198 3827.01391602 38.27013916
199 3545.95239258 35.45952393
200 3615.75537109 36.15755371
201 3386.33007812 33.86330078
202 2307.61376953 23.07613770
203 867.59680176 8.67596802
204 397.12139893 3.97121399
205 -2.33848572 -0.02338486
206 -91.29237366 -0.91292374
207 -113.54171753 -1.13541718
208 -133.46154785 -1.33461548
209 -109.99060822 -1.09990608
210 -126.70435333 -1.26704353
211 -134.88612366 -1.34886124
212 -159.28089905 -1.59280899
213 -175.13049316 -1.75130493
214 -175.36209106 -1.75362091
215 -191.35934448 -1.91359344
216 -207.73797607 -2.07737976
217 -212.61541748 -2.12615417
218 -198.01103210 -1.98011032
219 -196.02212524 -1.96022125
220 -194.97816467 -1.94978165
221 -204.82734680 -2.04827347
222 -204.55453491 -2.04554535
223 -203.21405029 -2.03214050
224 -205.95043945 -2.05950439
225 -221.15562439 -2.21155624
226 -221.65484619 -2.21654846
227 -236.88671875 -2.36886719
228 -227.04058838 -2.27040588
229 -218.65936279 -2.18659363
230 -213.90049744 -2.13900497
231 -223.18556213 -2.23185562
232 -202.17355347 -2.02173553
233 -222.43893433 -2.22438934
234 -219.26763916 -2.19267639
235 -207.73190308 -2.07731903
236 -200.24276733 -2.00242767
237 -218.93505859 -2.18935059
238 -222.82112122 -2.22821121
239 -199.22033691 -1.99220337
240 -207.59747314 -2.07597473
241 -208.50238037 -2.08502380
242 -214.22790527 -2.14227905
243 -216.48051453 -2.16480515
244 -199.98287964 -1.99982880
245 -211.99374390 -2.11993744
246 -220.67248535 -2.20672485
247 -222.11944580 -2.22119446
248 -224.01058960 -2.24010590
249 -232.92236328 -2.32922363
250 -235.63536072 -2.35635361
251 -237.48962402 -2.37489624
252 -236.58071899 -2.36580719
253 -203.75537109 -2.03755371
254 -95.33398438 -0.95333984
255 11.63127136 0.11631271
256 177.34556580 1.77345566
257 184.49404907 1.84494049
258 209.75273132 2.09752731
259 67.43548584 0.67435486
260 294.24261475 2.94242615
261 87.38459778 0.87384598
262 23.86163330 0.23861633
263 -113.10859680 -1.13108597
264 -134.41194153 -1.34411942
265 -113.10296631 -1.13102966
266 -124.05959320 -1.24059593
267 -99.59649658 -0.99596497
268 -131.28677368 -1.31286774
269 -152.77168274 -1.52771683
270 -169.70890808 -1.69708908
271 -176.70983887 -1.76709839
272 -179.33001709 -1.79330017
273 -177.79165649 -1.77791656
274 -151.21389771 -1.51213898
275 -112.55221558 -1.12552216
276 -129.37271118 -1.29372711
277 -152.05467224 -1.52054672
278 -160.02725220 -1.60027252
279 -138.37933350 -1.38379333
280 -137.64569092 -1.37645691
281 -130.63021851 -1.30630219
282 -113.02102661 -1.13021027
283 -144.72659302 -1.44726593
284 -186.04598999 -1.86045990
285 -211.88159180 -2.11881592
286 -223.52716064 -2.23527161
287 -219.17007446 -2.19170074
288 -230.47201538 -2.30472015
289 -235.43029785 -2.35430298
290 -239.17092896 -2.39170929
291 -238.26733398 -2.38267334
292 -234.38851929 -2.34388519
293 -228.08638000 -2.28086380
294 -206.26348877 -2.06263489
295 -222.89842224 -2.22898422
296 -215.84457397 -2.15844574
297 -235.53433228 -2.35534332
298 -242.06939697 -2.42069397
299 -252.74432373 -2.52744324
300 -252.10174561 -2.52101746
301 -249.93423462 -2.49934235
302 -244.54040527 -2.44540405
303 -245.45312500 -2.45453125
304 -236.10462952 -2.36104630
305 -239.48269653 -2.39482697
306 -230.23425293 -2.30234253
307 -217.60795593 -2.17607956
308 -246.93179321 -2.46931793
309 -255.54101562 -2.55541016
310 -240.48069763 -2.40480698
311 -64.55464172 -0.64554642
312 -116.74266052 -1.16742661
313 -131.66941833 -1.31669418
314 -198.85601807 -1.98856018
315 -269.39218140 -2.69392181
316 -280.09829712 -2.80098297
317 -268.30548096 -2.68305481
