0 -507.97561646 -6.68388969
1 -504.52801514 -6.63852651
2 -500.63302612 -6.58727666
3 -497.98370361 -6.55241715
4 -490.92535400 -6.45954413
5 -488.60382080 -6.42899764
6 -484.76965332 -6.37854807
7 -486.42272949 -6.40029907
8 -487.06350708 -6.40873036
9 -483.81262207 -6.36595555
10 -480.08050537 -6.31684875
11 -478.41140747 -6.29488694
12 -473.26809692 -6.22721180
13 -468.93789673 -6.17023548
14 -462.59347534 -6.08675625
15 -456.69869995 -6.00919342
16 -459.92507935 -6.05164578
17 -450.79653931 -5.93153341
