0 -730.41638184 -7.16094492
1 -730.43872070 -7.16116393
2 -730.45361328 -7.16130993
3 -730.46435547 -7.16141525
4 -730.47302246 -7.16150022
5 -730.47894287 -7.16155826
6 -730.48461914 -7.16161391
7 -730.48864746 -7.16165341
8 -730.49218750 -7.16168811
9 -730.49627686 -7.16172820
10 -730.49920654 -7.16175693
11 -730.50170898 -7.16178146
12 -730.50427246 -7.16180659
13 -730.50665283 -7.16182993
14 -730.50817871 -7.16184489
15 -730.51043701 -7.16186703
16 -730.51269531 -7.16188917
17 -730.51434326 -7.16190533
18 -730.51617432 -7.16192328
19 -730.51794434 -7.16194063
20 -730.51965332 -7.16195739
21 -730.52142334 -7.16197474
22 -730.52233887 -7.16198371
23 -730.52392578 -7.16199927
24 -730.52569580 -7.16201663
25 -730.52703857 -7.16202979
