0 -812.93023682 -6.83134653
1 -812.93688965 -6.83140243
2 -812.94238281 -6.83144860
3 -812.94628906 -6.83148142
4 -812.95043945 -6.83151630
5 -812.95379639 -6.83154451
6 -812.95703125 -6.83157169
7 -812.95971680 -6.83159426
8 -812.96289062 -6.83162093
9 -812.96478271 -6.83163683
10 -812.96649170 -6.83165119
11 -812.96862793 -6.83166914
12 -812.97045898 -6.83168453
13 -812.97210693 -6.83169838
14 -812.97375488 -6.83171223
15 -812.97448730 -6.83171838
16 -812.97613525 -6.83173223
17 -812.97753906 -6.83174403
18 -812.97906494 -6.83175685
19 -812.98010254 -6.83176557
20 -812.98107910 -6.83177377
21 -812.98248291 -6.83178557
22 -812.98309326 -6.83179070
23 -812.98437500 -6.83180147
