0 -456.55630493 -6.81427321
1 -456.55938721 -6.81431921
2 -456.56094360 -6.81434244
3 -456.56124878 -6.81434700
4 -456.56188965 -6.81435656
5 -456.56231689 -6.81436294
6 -456.56256104 -6.81436658
7 -456.56341553 -6.81437934
8 -456.56356812 -6.81438161
9 -456.56350708 -6.81438070
10 -456.56359863 -6.81438207
11 -456.56484985 -6.81440074
12 -456.56430054 -6.81439255
13 -456.56448364 -6.81439528
14 -456.56570435 -6.81441350
15 -456.56518555 -6.81440575
16 -456.56546021 -6.81440985
17 -456.56570435 -6.81441350
18 -456.56591797 -6.81441669
19 -456.56594849 -6.81441714
20 -456.56594849 -6.81441714
21 -456.56655884 -6.81442625
22 -456.56674194 -6.81442898
23 -456.56677246 -6.81442944
24 -456.56680298 -6.81442990
25 -456.56686401 -6.81443081
26 -456.56747437 -6.81443992
27 -456.56799316 -6.81444766
28 -456.56777954 -6.81444447
29 -456.56790161 -6.81444629
30 -456.56759644 -6.81444174
31 -456.56738281 -6.81443855
32 -456.56799316 -6.81444766
33 -456.56811523 -6.81444948
34 -456.56848145 -6.81445495
35 -456.56851196 -6.81445540
36 -456.56805420 -6.81444857
37 -456.56857300 -6.81445631
38 -456.56948853 -6.81446998
39 -456.56912231 -6.81446451
40 -456.56967163 -6.81447271
41 -456.56976318 -6.81447408
42 -456.56985474 -6.81447544
43 -456.57037354 -6.81448319
44 -456.57080078 -6.81448956
45 -456.57061768 -6.81448683
46 -456.57077026 -6.81448911
47 -456.57092285 -6.81449139
48 -456.57107544 -6.81449366
49 -456.57107544 -6.81449366
50 -456.57092285 -6.81449139
51 -456.57098389 -6.81449230
52 -456.57101440 -6.81449275
53 -456.57138062 -6.81449822
54 -456.57083130 -6.81449002
55 -456.57168579 -6.81450277
56 -456.57165527 -6.81450232
57 -456.57192993 -6.81450642
