0 -609.79284668 -6.62818312
1 -609.85943604 -6.62890691
2 -609.91101074 -6.62946751
3 -609.95092773 -6.62990139
4 -609.98022461 -6.63021983
5 -610.00085449 -6.63044407
6 -610.01446533 -6.63059201
7 -610.02636719 -6.63072138
8 -610.03588867 -6.63082488
9 -610.04479980 -6.63092174
10 -610.05273438 -6.63100798
11 -610.06018066 -6.63108892
12 -610.06689453 -6.63116190
13 -610.07250977 -6.63122293
14 -610.07794189 -6.63128198
15 -610.08184814 -6.63132444
16 -610.08593750 -6.63136889
17 -610.08880615 -6.63140007
18 -610.09191895 -6.63143390
19 -610.09362793 -6.63145248
20 -610.09600830 -6.63147835
21 -610.09838867 -6.63150422
22 -610.10034180 -6.63152545
23 -610.10229492 -6.63154668
24 -610.10400391 -6.63156526
25 -610.10516357 -6.63157786
26 -610.10656738 -6.63159312
27 -610.10729980 -6.63160108
28 -610.10888672 -6.63161833
29 -610.11004639 -6.63163094
30 -610.11120605 -6.63164354
31 -610.11254883 -6.63165814
