0 -429.87701416 -5.65627650
1 -429.89862061 -5.65656080
2 -429.91070557 -5.65671981
3 -429.92102051 -5.65685553
4 -429.92559814 -5.65691577
5 -429.93341064 -5.65701856
6 -429.94006348 -5.65710610
7 -429.94134521 -5.65712296
8 -429.94982910 -5.65723459
9 -429.95483398 -5.65730045
10 -429.95700073 -5.65732896
11 -429.95904541 -5.65735586
12 -429.96261597 -5.65740284
13 -429.96691895 -5.65745946
14 -429.97216797 -5.65752853
15 -429.97390747 -5.65755141
16 -429.97589111 -5.65757751
17 -429.98120117 -5.65764738
18 -429.98300171 -5.65767108
19 -429.98315430 -5.65767308
20 -429.98602295 -5.65771083
21 -429.98864746 -5.65774536
22 -429.98956299 -5.65775741
23 -429.99307251 -5.65780359
24 -429.99346924 -5.65780881
25 -429.99362183 -5.65781081
26 -429.99691772 -5.65785418
27 -429.99752808 -5.65786221
28 -430.00079346 -5.65790518
29 -430.00051880 -5.65790156
30 -430.00390625 -5.65794613
31 -430.00213623 -5.65792285
32 -430.00491333 -5.65795939
33 -430.00631714 -5.65797786
34 -430.00469971 -5.65795658
35 -430.00720215 -5.65798950
36 -430.00900269 -5.65801319
37 -430.00833130 -5.65800436
38 -430.00860596 -5.65800797
39 -430.01013184 -5.65802805
40 -430.01065063 -5.65803488
41 -430.01269531 -5.65806178
42 -430.01245117 -5.65805857
43 -430.01385498 -5.65807704
44 -430.01422119 -5.65808186
45 -430.01654053 -5.65811238
46 -430.01562500 -5.65810033
47 -430.01855469 -5.65813888
48 -430.01623535 -5.65810836
49 -430.01660156 -5.65811318
50 -430.01364136 -5.65807423
51 -430.01660156 -5.65811318
52 -430.01867676 -5.65814048
53 -430.01770020 -5.65812763
54 -430.02008057 -5.65815895
55 -430.02160645 -5.65817903
56 -430.01879883 -5.65814209
57 -430.01818848 -5.65813406
58 -430.01992798 -5.65815695
59 -430.02050781 -5.65816458
60 -430.02313232 -5.65819911
61 -430.02343750 -5.65820312
62 -430.02355957 -5.65820473
63 -430.02105713 -5.65817180
64 -430.02044678 -5.65816377
65 -430.02325439 -5.65820072
66 -430.02386475 -5.65820875
67 -430.02294922 -5.65819670
68 -430.02416992 -5.65821276
69 -430.02484131 -5.65822160
70 -430.02294922 -5.65819670
71 -430.02539062 -5.65822882
72 -430.02368164 -5.65820634
73 -430.02532959 -5.65822802
74 -430.02285767 -5.65819550
75 -430.02130127 -5.65817502
76 -430.02047729 -5.65816417
77 -430.01998901 -5.65815775
78 -430.02136230 -5.65817582
79 -430.02526855 -5.65822722
80 -430.02453613 -5.65821758
81 -430.02587891 -5.65823525
82 -430.02496338 -5.65822320
83 -430.02392578 -5.65820955
84 -430.02294922 -5.65819670
85 -430.02331543 -5.65820152
86 -430.02575684 -5.65823364
87 -430.02587891 -5.65823525
88 -430.02462769 -5.65821879
89 -430.02526855 -5.65822722
90 -430.02667236 -5.65824569
91 -430.02801514 -5.65826336
92 -430.02746582 -5.65825613
93 -430.02597046 -5.65823645
94 -430.02566528 -5.65823244
95 -430.02844238 -5.65826898
96 -430.02526855 -5.65822722
97 -430.02612305 -5.65823846
98 -430.02542114 -5.65822923
99 -430.02612305 -5.65823846
100 -430.02502441 -5.65822401
101 -430.02609253 -5.65823806
102 -430.02346802 -5.65820353
103 -430.02511597 -5.65822521
104 -430.02539062 -5.65822882
105 -430.02310181 -5.65819871
106 -430.02746582 -5.65825613
107 -430.02407837 -5.65821156
108 -430.02578735 -5.65823404
109 -430.02416992 -5.65821276
110 -430.02252197 -5.65819108
111 -430.02197266 -5.65818385
112 -430.02078247 -5.65816819
113 -430.02001953 -5.65815815
114 -430.02081299 -5.65816859
115 -430.02227783 -5.65818787
116 -430.02178955 -5.65818144
117 -430.02151489 -5.65817783
118 -430.01992798 -5.65815695
119 -430.01943970 -5.65815052
120 -430.02017212 -5.65816016
121 -430.02017212 -5.65816016
122 -430.02102661 -5.65817140
123 -430.01870728 -5.65814089
124 -430.01934814 -5.65814932
125 -430.02026367 -5.65816136
126 -430.01525879 -5.65809551
127 -430.01885986 -5.65814289
128 -430.01715088 -5.65812041
129 -430.01409912 -5.65808025
130 -430.01507568 -5.65809310
131 -430.01428223 -5.65808266
132 -430.01318359 -5.65806821
133 -430.01141357 -5.65804492
134 -430.01351929 -5.65807262
135 -430.01019287 -5.65802885
136 -430.00958252 -5.65802082
137 -430.00970459 -5.65802243
138 -430.01354980 -5.65807302
139 -430.01263428 -5.65806098
140 -430.01135254 -5.65804411
141 -430.01226807 -5.65805616
142 -430.01116943 -5.65804170
143 -430.00872803 -5.65800958
144 -430.00756836 -5.65799432
145 -430.00860596 -5.65800797
146 -430.01196289 -5.65805214
147 -430.01159668 -5.65804732
148 -430.00830078 -5.65800396
149 -430.01153564 -5.65804652
150 -430.00671387 -5.65798308
151 -430.00683594 -5.65798468
152 -430.00823975 -5.65800315
153 -430.00897217 -5.65801279
154 -430.01068115 -5.65803528
155 -430.01107788 -5.65804050
156 -430.00814819 -5.65800195
157 -430.01055908 -5.65803367
158 -430.01354980 -5.65807302
159 -430.01422119 -5.65808186
160 -430.01586914 -5.65810354
161 -430.01513672 -5.65809390
162 -430.01809692 -5.65813285
163 -430.01617432 -5.65810756
164 -430.01568604 -5.65810113
165 -430.01556396 -5.65809953
166 -430.01385498 -5.65807704
167 -430.01361084 -5.65807383
168 -430.01403809 -5.65807945
169 -430.01296997 -5.65806539
170 -430.01477051 -5.65808909
171 -430.01751709 -5.65812522
172 -430.01507568 -5.65809310
173 -430.01336670 -5.65807061
174 -430.01287842 -5.65806419
175 -430.01547241 -5.65809832
176 -430.01553345 -5.65809912
177 -430.01684570 -5.65811639
178 -430.01525879 -5.65809551
179 -430.01702881 -5.65811880
180 -430.01641846 -5.65811077
181 -430.01068115 -5.65803528
182 -430.01391602 -5.65807784
183 -430.01666260 -5.65811398
184 -430.01867676 -5.65814048
185 -430.01641846 -5.65811077
186 -430.01574707 -5.65810194
187 -430.01480103 -5.65808949
188 -430.02291870 -5.65819630
189 -430.02069092 -5.65816699
190 -430.01962280 -5.65815293
191 -430.02001953 -5.65815815
192 -430.01849365 -5.65813807
193 -430.01824951 -5.65813486
194 -430.01519775 -5.65809471
195 -430.01763916 -5.65812683
196 -430.00930786 -5.65801721
197 -430.01559448 -5.65809993
198 -430.01202393 -5.65805295
199 -430.01644897 -5.65811117
200 -430.01602173 -5.65810555
201 -430.02075195 -5.65816779
202 -430.01461792 -5.65808708
203 -430.01528931 -5.65809591
204 -430.01531982 -5.65809631
205 -430.01782227 -5.65812924
206 -430.01513672 -5.65809390
207 -430.01910400 -5.65814611
208 -430.01129150 -5.65804331
209 -430.01226807 -5.65805616
210 -430.01684570 -5.65811639
211 -430.01562500 -5.65810033
212 -430.01916504 -5.65814691
213 -430.01953125 -5.65815173
214 -430.01837158 -5.65813647
215 -430.02020264 -5.65816056
216 -430.01562500 -5.65810033
217 -430.01165771 -5.65804813
218 -430.01129150 -5.65804331
219 -430.00787354 -5.65799834
220 -430.01013184 -5.65802805
221 -430.01153564 -5.65804652
222 -430.01263428 -5.65806098
223 -430.01489258 -5.65809069
224 -430.01202393 -5.65805295
225 -430.01412964 -5.65808065
226 -430.01678467 -5.65811559
227 -430.01800537 -5.65813165
228 -430.01339722 -5.65807102
229 -430.01461792 -5.65808708
230 -430.01361084 -5.65807383
231 -430.01898193 -5.65814450
232 -430.01263428 -5.65806098
233 -430.01843262 -5.65813727
234 -430.01263428 -5.65806098
235 -430.01641846 -5.65811077
236 -430.01763916 -5.65812683
237 -430.01208496 -5.65805375
238 -430.01611328 -5.65810675
239 -430.01855469 -5.65813888
240 -430.01617432 -5.65810756
241 -430.01644897 -5.65811117
242 -430.01544189 -5.65809792
243 -430.01885986 -5.65814289
244 -430.01904297 -5.65814530
245 -430.01632690 -5.65810956
246 -430.01779175 -5.65812884
247 -430.01483154 -5.65808989
248 -430.02087402 -5.65816940
249 -430.01559448 -5.65809993
250 -430.01190186 -5.65805134
251 -430.01123047 -5.65804251
252 -430.01504517 -5.65809270
253 -430.01382446 -5.65807664
254 -430.01129150 -5.65804331
255 -430.01129150 -5.65804331
256 -430.01641846 -5.65811077
257 -430.00659180 -5.65798147
258 -430.00656128 -5.65798107
259 -430.00769043 -5.65799593
260 -430.00790405 -5.65799874
261 -430.00473022 -5.65795698
262 -430.00524902 -5.65796380
263 -430.00708008 -5.65798790
264 -430.00851440 -5.65800677
265 -430.00717163 -5.65798910
266 -430.00601196 -5.65797384
267 -430.01101685 -5.65803970
268 -430.01080322 -5.65803688
269 -430.00842285 -5.65800556
270 -430.00588989 -5.65797224
271 -430.00863647 -5.65800837
272 -430.00915527 -5.65801520
273 -430.00051880 -5.65790156
274 -430.00125122 -5.65791120
275 -430.00369263 -5.65794332
276 -430.00439453 -5.65795256
277 -430.01046753 -5.65803247
278 -430.00466919 -5.65795617
279 -430.00451660 -5.65795417
280 -430.00177002 -5.65791803
281 -430.00411987 -5.65794895
282 -430.00711060 -5.65798830
283 -429.99929810 -5.65788550
284 -430.00277710 -5.65793128
285 -430.00616455 -5.65797585
286 -430.00540161 -5.65796581
287 -430.00820923 -5.65800275
288 -430.00796509 -5.65799954
289 -430.00592041 -5.65797264
290 -430.01275635 -5.65806258
291 -430.00576782 -5.65797063
292 -430.00253296 -5.65792807
293 -430.00274658 -5.65793088
294 -429.99761963 -5.65786342
295 -429.99752808 -5.65786221
296 -430.00027466 -5.65789835
297 -430.00067139 -5.65790357
298 -429.99676514 -5.65785217
299 -430.00112915 -5.65790959
300 -429.99661255 -5.65785017
301 -429.99670410 -5.65785137
302 -430.00051880 -5.65790156
303 -429.99969482 -5.65789072
304 -430.00061035 -5.65790277
305 -429.99746704 -5.65786141
306 -429.99948120 -5.65788791
307 -430.00198364 -5.65792084
308 -430.00521851 -5.65796340
309 -430.00820923 -5.65800275
310 -430.00216675 -5.65792325
311 -429.99987793 -5.65789313
312 -430.00793457 -5.65799914
313 -430.00485229 -5.65795858
314 -430.01055908 -5.65803367
315 -430.01330566 -5.65806981
316 -430.00762939 -5.65799512
317 -430.00738525 -5.65799191
318 -430.00405884 -5.65794814
319 -430.00283813 -5.65793208
320 -430.00622559 -5.65797665
321 -430.00531006 -5.65796461
322 -430.00805664 -5.65800075
323 -430.00460815 -5.65795537
324 -430.00155640 -5.65791522
325 -430.00070190 -5.65790397
326 -430.00506592 -5.65796139
327 -430.00601196 -5.65797384
328 -430.00512695 -5.65796220
329 -430.00808716 -5.65800115
330 -430.00631714 -5.65797786
331 -429.99606323 -5.65784294
332 -429.99841309 -5.65787386
333 -429.99636841 -5.65784695
334 -429.99661255 -5.65785017
335 -429.99835205 -5.65787305
336 -429.99435425 -5.65782045
337 -429.99560547 -5.65783691
338 -429.99829102 -5.65787225
339 -429.99682617 -5.65785298
340 -430.00271606 -5.65793047
341 -430.00076294 -5.65790478
342 -430.00030518 -5.65789875
