0 -577.41186523 -6.27621593
1 -577.45684814 -6.27670487
2 -577.49108887 -6.27707705
3 -577.51934814 -6.27738422
4 -577.54492188 -6.27766219
5 -577.56835938 -6.27791695
6 -577.59020996 -6.27815446
7 -577.60913086 -6.27836012
8 -577.62811279 -6.27856644
9 -577.64630127 -6.27876414
10 -577.66503906 -6.27896782
11 -577.68139648 -6.27914561
12 -577.69738770 -6.27931943
13 -577.71435547 -6.27950386
14 -577.72937012 -6.27966707
15 -577.74493408 -6.27983624
16 -577.75720215 -6.27996959
17 -577.76983643 -6.28010692
18 -577.78271484 -6.28024690
19 -577.79589844 -6.28039020
20 -577.80834961 -6.28052554
21 -577.82116699 -6.28066486
22 -577.83361816 -6.28080020
23 -577.84594727 -6.28093421
24 -577.85607910 -6.28104434
25 -577.86791992 -6.28117304
26 -577.87805176 -6.28128317
27 -577.88989258 -6.28141188
28 -577.89941406 -6.28151537
29 -577.90930176 -6.28162285
30 -577.91735840 -6.28171042
31 -577.92761230 -6.28182187
32 -577.93884277 -6.28194394
33 -577.94732666 -6.28203616
34 -577.95471191 -6.28211643
35 -577.96282959 -6.28220467
36 -577.97125244 -6.28229622
37 -577.97778320 -6.28236721
38 -577.98620605 -6.28245876
39 -577.99426270 -6.28254633
40 -577.99975586 -6.28260604
41 -578.00708008 -6.28268565
42 -578.01446533 -6.28276593
43 -578.02087402 -6.28283559
44 -578.02758789 -6.28290856
45 -578.03173828 -6.28295368
46 -578.03710938 -6.28301206
47 -578.04394531 -6.28308636
48 -578.04956055 -6.28314740
49 -578.05529785 -6.28320976
50 -578.06079102 -6.28326947
51 -578.06604004 -6.28332652
52 -578.07214355 -6.28339286
53 -578.07781982 -6.28345456
54 -578.08300781 -6.28351095
55 -578.08703613 -6.28355474
56 -578.09228516 -6.28361180
57 -578.09716797 -6.28366487
58 -578.10131836 -6.28370998
59 -578.10522461 -6.28375244
60 -578.10937500 -6.28379755
61 -578.11364746 -6.28384399
62 -578.11730957 -6.28388380
63 -578.12097168 -6.28392361
64 -578.12487793 -6.28396606
65 -578.12841797 -6.28400454
66 -578.13177490 -6.28404103
67 -578.13562012 -6.28408283
68 -578.13879395 -6.28411733
69 -578.14251709 -6.28415779
70 -578.14526367 -6.28418765
71 -578.14794922 -6.28421684
72 -578.15112305 -6.28425134
73 -578.15307617 -6.28427257
74 -578.15576172 -6.28430176
75 -578.15814209 -6.28432763
76 -578.15979004 -6.28434554
77 -578.16186523 -6.28436810
78 -578.16442871 -6.28439596
79 -578.16613770 -6.28441454
80 -578.16809082 -6.28443577
81 -578.16906738 -6.28444638
82 -578.17114258 -6.28446894
83 -578.17224121 -6.28448088
84 -578.17413330 -6.28450145
85 -578.17602539 -6.28452202
86 -578.17712402 -6.28453396
87 -578.17834473 -6.28454723
88 -578.18017578 -6.28456713
89 -578.18170166 -6.28458371
90 -578.18267822 -6.28459433
91 -578.18371582 -6.28460561
92 -578.18585205 -6.28462883
93 -578.18676758 -6.28463878
94 -578.18774414 -6.28464939
95 -578.18853760 -6.28465802
96 -578.18957520 -6.28466930
97 -578.19091797 -6.28468389
98 -578.19207764 -6.28469650
99 -578.19268799 -6.28470313
100 -578.19360352 -6.28471308
