0 -421.89517212 -6.20434077
1 -419.76852417 -6.17306653
2 -417.12371826 -6.13417233
3 -413.28628540 -6.07773949
4 -414.88327026 -6.10122456
5 -412.65032959 -6.06838720
6 -411.20605469 -6.04714786
7 -409.02941895 -6.01513851
8 -406.14199829 -5.97267645
9 -407.01681519 -5.98554140
10 -402.61114502 -5.92075213
11 -399.03314209 -5.86813444
12 -399.67855835 -5.87762586
13 -397.27145386 -5.84222726
14 -396.18774414 -5.82629036
15 -393.77993774 -5.79088144
16 -390.49615479 -5.74259051
17 -387.27136230 -5.69516709
18 -389.61322021 -5.72960618
19 -387.31103516 -5.69575052
20 -387.96337891 -5.70534381
21 -383.20034790 -5.63529923
22 -379.40255737 -5.57944937
23 -372.54602051 -5.47861795
24 -366.29589844 -5.38670439
25 -362.68743896 -5.33363881
