0 -485.86410522 -5.92517201
1 -485.58724976 -5.92179573
2 -485.24273682 -5.91759435
3 -484.74536133 -5.91152880
4 -484.29974365 -5.90609443
5 -483.74395752 -5.89931656
6 -483.38110352 -5.89489151
7 -482.84680176 -5.88837563
8 -481.99328613 -5.87796690
9 -481.76580811 -5.87519278
10 -480.71859741 -5.86242192
11 -480.25082397 -5.85671737
12 -479.94573975 -5.85299683
13 -479.47570801 -5.84726473
14 -478.61035156 -5.83671160
15 -477.71505737 -5.82579338
16 -476.93438721 -5.81627301
17 -476.02145386 -5.80513968
18 -475.39135742 -5.79745558
19 -474.67303467 -5.78869554
20 -473.21392822 -5.77090156
21 -472.23760986 -5.75899524
22 -470.48846436 -5.73766420
23 -469.99810791 -5.73168424
24 -468.96649170 -5.71910356
25 -467.79959106 -5.70487306
26 -467.26361084 -5.69833672
27 -465.89160156 -5.68160490
28 -464.28036499 -5.66195567
29 -462.57055664 -5.64110435
30 -462.41870117 -5.63925245
31 -461.64593506 -5.62982848
32 -461.27560425 -5.62531225
33 -459.96704102 -5.60935416
34 -459.03347778 -5.59796924
35 -460.09674072 -5.61093586
36 -460.07754517 -5.61070177
37 -458.73608398 -5.59434249
38 -457.49084473 -5.57915664
39 -456.47451782 -5.56676241
40 -455.39373779 -5.55358217
41 -455.57800293 -5.55582930
42 -454.68954468 -5.54499445
43 -454.42779541 -5.54180238
44 -452.61627197 -5.51971063
45 -452.12570190 -5.51372807
46 -452.02655029 -5.51251891
47 -451.44158936 -5.50538524
48 -448.67660522 -5.47166592
49 -447.85626221 -5.46166173
50 -448.24615479 -5.46641652
51 -448.41629028 -5.46849134
52 -447.18804932 -5.45351280
53 -445.53570557 -5.43336226
54 -443.44967651 -5.40792288
55 -443.70477295 -5.41103382
56 -443.77502441 -5.41189054
57 -443.65829468 -5.41046701
58 -442.69250488 -5.39868908
59 -442.39114380 -5.39501395
60 -442.42187500 -5.39538872
61 -442.55065918 -5.39695926
62 -440.83984375 -5.37609566
63 -438.90173340 -5.35246016
64 -437.04730225 -5.32984515
65 -435.28411865 -5.30834291
66 -433.45410156 -5.28602563
67 -433.33059692 -5.28451947
68 -431.88192749 -5.26685277
69 -431.80648804 -5.26593278
70 -430.74032593 -5.25293080
71 -430.21588135 -5.24653514
72 -429.49182129 -5.23770514
73 -428.55197144 -5.22624355
74 -428.15777588 -5.22143629
75 -426.91217041 -5.20624598
76 -425.08239746 -5.18393168
77 -425.39511108 -5.18774526
78 -424.68478394 -5.17908273
79 -424.56198120 -5.17758514
80 -423.50994873 -5.16475547
81 -424.02569580 -5.17104507
82 -422.98986816 -5.15841303
83 -420.50155640 -5.12806776
84 -418.14276123 -5.09930197
85 -418.03591919 -5.09799901
86 -417.48800659 -5.09131715
87 -416.98980713 -5.08524155
88 -416.12512207 -5.07469661
89 -415.63504028 -5.06872000
90 -414.76559448 -5.05811701
91 -413.86358643 -5.04711691
92 -413.16558838 -5.03860474
93 -412.79296875 -5.03406059
94 -410.97479248 -5.01188771
95 -410.06628418 -5.00080834
96 -409.23699951 -4.99069512
97 -408.19677734 -4.97800948
98 -407.72979736 -4.97231460
99 -406.31805420 -4.95509822
100 -406.58355713 -4.95833606
101 -406.13177490 -4.95282652
102 -405.66827393 -4.94717407
103 -404.99707031 -4.93898866
104 -403.74298096 -4.92369489
105 -402.42657471 -4.90764115
106 -400.89459229 -4.88895844
107 -400.10467529 -4.87932531
108 -399.92114258 -4.87708710
109 -398.75848389 -4.86290834
110 -397.07861328 -4.84242211
111 -395.48229980 -4.82295488
112 -395.26367188 -4.82028868
113 -394.72137451 -4.81367530
114 -395.11944580 -4.81852983
115 -395.16854858 -4.81912864
116 -394.28192139 -4.80831611
117 -394.01184082 -4.80502245
118 -394.49786377 -4.81094956
119 -393.28945923 -4.79621292
120 -392.88262939 -4.79125158
121 -393.21228027 -4.79527171
122 -393.43890381 -4.79803541
123 -393.44970703 -4.79816716
124 -394.16677856 -4.80691193
125 -393.77102661 -4.80208569
126 -393.61404419 -4.80017127
127 -392.94259644 -4.79198288
128 -392.38635254 -4.78519942
129 -392.28460693 -4.78395862
130 -391.71673584 -4.77703336
131 -391.01361084 -4.76845867
132 -391.05484009 -4.76896146
133 -390.61199951 -4.76356097
134 -390.58331299 -4.76321113
135 -390.27233887 -4.75941877
136 -389.80734253 -4.75374808
137 -388.56716919 -4.73862401
138 -388.30148315 -4.73538394
139 -388.41757202 -4.73679966
140 -388.41036987 -4.73671183
141 -388.46337891 -4.73735828
142 -388.28720093 -4.73520977
143 -387.74291992 -4.72857219
144 -387.22158813 -4.72221449
145 -386.45098877 -4.71281694
146 -385.80258179 -4.70490953
147 -385.49987793 -4.70121802
148 -385.31469727 -4.69895972
149 -384.75503540 -4.69213458
150 -384.54736328 -4.68960199
151 -384.54769897 -4.68960609
152 -384.64794922 -4.69082865
153 -384.13085938 -4.68452268
154 -384.62762451 -4.69058079
155 -384.78469849 -4.69249632
156 -384.44436646 -4.68834593
157 -384.24258423 -4.68588517
158 -383.95135498 -4.68233360
159 -383.32705688 -4.67472021
160 -383.21646118 -4.67337148
161 -383.25253296 -4.67381138
162 -383.26525879 -4.67396657
163 -382.51406860 -4.66480571
164 -382.22885132 -4.66132746
165 -381.46673584 -4.65203336
166 -380.86199951 -4.64465853
167 -380.79101562 -4.64379287
168 -380.82202148 -4.64417099
169 -381.19573975 -4.64872853
170 -381.56652832 -4.65325035
171 -381.54254150 -4.65295782
172 -381.94036865 -4.65780937
173 -381.91998291 -4.65756077
174 -382.16229248 -4.66051576
175 -382.02539062 -4.65884623
176 -382.75726318 -4.66777150
177 -383.22070312 -4.67342321
178 -383.19696045 -4.67313366
179 -383.31042480 -4.67451738
180 -383.40209961 -4.67563536
181 -384.06329346 -4.68369870
182 -383.59820557 -4.67802690
183 -383.80047607 -4.68049361
184 -383.36767578 -4.67521556
185 -383.38702393 -4.67545151
186 -382.87567139 -4.66921550
187 -383.04925537 -4.67133238
188 -383.32794189 -4.67473100
189 -383.48150635 -4.67660374
190 -383.47113037 -4.67647720
191 -383.91876221 -4.68193612
192 -384.15716553 -4.68484348
193 -384.82623291 -4.69300284
194 -385.11859131 -4.69656819
195 -384.57598877 -4.68995108
196 -385.05682373 -4.69581492
197 -385.23925781 -4.69803973
198 -385.59338379 -4.70235834
199 -385.52667236 -4.70154478
200 -385.69165039 -4.70355671
201 -385.83245850 -4.70527388
202 -386.07849121 -4.70827428
203 -385.79797363 -4.70485334
204 -385.61273193 -4.70259429
205 -385.43798828 -4.70046327
206 -385.09686279 -4.69630320
207 -384.71002197 -4.69158563
208 -384.65545654 -4.69092020
209 -384.43103027 -4.68818330
210 -384.37475586 -4.68749702
211 -384.17999268 -4.68512186
212 -384.00421143 -4.68297819
213 -383.82550049 -4.68079879
214 -383.71112061 -4.67940391
215 -383.17517090 -4.67286794
216 -382.90411377 -4.66956236
217 -382.43499756 -4.66384143
218 -381.95587158 -4.65799843
219 -381.53729248 -4.65289381
220 -382.20776367 -4.66107029
221 -382.01281738 -4.65869289
222 -381.58721924 -4.65350267
223 -381.22808838 -4.64912303
224 -380.82476807 -4.64420449
225 -380.69476318 -4.64261906
226 -380.68597412 -4.64251188
227 -380.81976318 -4.64414345
228 -380.16894531 -4.63620665
229 -380.08612061 -4.63519659
230 -380.42706299 -4.63935443
231 -379.73638916 -4.63093158
232 -379.50646973 -4.62812768
233 -379.40881348 -4.62693675
234 -378.57995605 -4.61682873
235 -378.07263184 -4.61064185
236 -377.88452148 -4.60834782
237 -377.60992432 -4.60499908
238 -377.03009033 -4.59792793
239 -376.79559326 -4.59506821
240 -375.89068604 -4.58403276
241 -375.39227295 -4.57795455
242 -375.51275635 -4.57942386
243 -375.44470215 -4.57859393
244 -375.69586182 -4.58165685
245 -375.52349854 -4.57955486
246 -375.26959229 -4.57645844
247 -375.01922607 -4.57340520
248 -375.16436768 -4.57517522
249 -374.65002441 -4.56890274
250 -374.21728516 -4.56362543
251 -374.66882324 -4.56913199
252 -374.00048828 -4.56098156
253 -373.97473145 -4.56066746
254 -374.08728027 -4.56204000
255 -373.87988281 -4.55951077
256 -373.61096191 -4.55623124
257 -373.58343506 -4.55589555
258 -372.94708252 -4.54813515
259 -372.38452148 -4.54127465
260 -372.41424561 -4.54163714
261 -372.43713379 -4.54191627
262 -371.28930664 -4.52791837
263 -371.30731201 -4.52813795
264 -371.77838135 -4.53388270
265 -371.89599609 -4.53531703
266 -372.13018799 -4.53817302
267 -371.55560303 -4.53116589
268 -371.01373291 -4.52455772
269 -370.48931885 -4.51816242
270 -370.77856445 -4.52168981
271 -369.63128662 -4.50769862
272 -369.83843994 -4.51022488
273 -369.54718018 -4.50667293
274 -368.96209717 -4.49953777
275 -368.37225342 -4.49234455
276 -368.03509521 -4.48823287
277 -367.04986572 -4.47621787
278 -366.46630859 -4.46910132
279 -366.32006836 -4.46731791
280 -365.95654297 -4.46288467
281 -366.33306885 -4.46747645
282 -365.27612305 -4.45458687
283 -362.62283325 -4.42222967
284 -362.65997314 -4.42268260
285 -362.37817383 -4.41924602
286 -361.19403076 -4.40480525
287 -359.43371582 -4.38333800
288 -359.73822021 -4.38705147
289 -359.03472900 -4.37847230
290 -358.78887939 -4.37547414
291 -358.62768555 -4.37350836
292 -358.53710938 -4.37240377
293 -358.63995361 -4.37365797
294 -359.26019287 -4.38122186
295 -358.88543701 -4.37665167
296 -358.34100342 -4.37001224
297 -358.11669922 -4.36727682
298 -358.12048340 -4.36732297
299 -358.06927490 -4.36669847
300 -357.39074707 -4.35842374
301 -357.32186890 -4.35758377
302 -357.00811768 -4.35375753
303 -357.14300537 -4.35540250
304 -356.70748901 -4.35009133
305 -356.88259888 -4.35222682
306 -356.99423218 -4.35358820
307 -356.57525635 -4.34847874
308 -356.33953857 -4.34560413
309 -356.07324219 -4.34235661
310 -355.89007568 -4.34012287
311 -355.48840332 -4.33522443
312 -355.07562256 -4.33019052
313 -354.79336548 -4.32674836
314 -354.74993896 -4.32621877
315 -354.80963135 -4.32694672
316 -355.09545898 -4.33043243
317 -354.78671265 -4.32666723
318 -354.36547852 -4.32153023
319 -354.31906128 -4.32096416
320 -353.95599365 -4.31653651
321 -353.64144897 -4.31270060
322 -353.73840332 -4.31388297
323 -353.70886230 -4.31352271
324 -353.77551270 -4.31433552
325 -354.16067505 -4.31903262
326 -354.06420898 -4.31785621
327 -353.76452637 -4.31420154
328 -353.36163330 -4.30928821
329 -353.16915894 -4.30694096
