0 -720.45556641 -6.86148158
1 -720.46362305 -6.86155831
2 -720.47052002 -6.86162400
3 -720.47497559 -6.86166643
4 -720.47802734 -6.86169550
5 -720.48120117 -6.86172573
6 -720.48486328 -6.86176060
7 -720.48669434 -6.86177804
8 -720.48925781 -6.86180246
9 -720.49279785 -6.86183617
10 -720.49560547 -6.86186291
11 -720.49676514 -6.86187395
12 -720.49890137 -6.86189430
13 -720.50024414 -6.86190709
14 -720.50292969 -6.86193266
15 -720.50250244 -6.86192859
16 -720.50451660 -6.86194778
17 -720.50634766 -6.86196522
18 -720.50665283 -6.86196812
19 -720.50769043 -6.86197800
20 -720.50982666 -6.86199835
21 -720.50988770 -6.86199893
22 -720.50964355 -6.86199661
23 -720.51031494 -6.86200300
24 -720.51159668 -6.86201521
25 -720.51208496 -6.86201986
26 -720.51141357 -6.86201346
27 -720.51104736 -6.86200997
28 -720.51074219 -6.86200707
29 -720.51159668 -6.86201521
30 -720.51281738 -6.86202683
31 -720.51214600 -6.86202044
32 -720.51208496 -6.86201986
33 -720.51379395 -6.86203613
34 -720.51306152 -6.86202916
35 -720.51312256 -6.86202974
36 -720.51477051 -6.86204543
37 -720.51550293 -6.86205241
38 -720.51519775 -6.86204950
39 -720.51446533 -6.86204253
40 -720.51538086 -6.86205125
41 -720.51708984 -6.86206752
42 -720.51635742 -6.86206055
43 -720.51550293 -6.86205241
44 -720.51647949 -6.86206171
45 -720.51782227 -6.86207450
46 -720.51806641 -6.86207682
47 -720.51885986 -6.86208438
48 -720.51782227 -6.86207450
49 -720.51831055 -6.86207915
50 -720.51867676 -6.86208264
51 -720.51885986 -6.86208438
52 -720.51953125 -6.86209077
53 -720.52099609 -6.86210472
54 -720.52148438 -6.86210938
55 -720.52081299 -6.86210298
56 -720.52026367 -6.86209775
57 -720.52111816 -6.86210589
58 -720.52142334 -6.86210879
59 -720.52026367 -6.86209775
60 -720.51928711 -6.86208845
61 -720.51989746 -6.86209426
62 -720.52081299 -6.86210298
63 -720.51995850 -6.86209484
64 -720.52001953 -6.86209542
65 -720.51953125 -6.86209077
66 -720.51953125 -6.86209077
67 -720.51959229 -6.86209136
68 -720.51818848 -6.86207799
69 -720.51928711 -6.86208845
70 -720.52050781 -6.86210007
71 -720.52020264 -6.86209717
72 -720.52062988 -6.86210124
73 -720.52062988 -6.86210124
74 -720.52087402 -6.86210356
75 -720.52093506 -6.86210414
76 -720.52050781 -6.86210007
77 -720.52246094 -6.86211868
78 -720.52105713 -6.86210531
79 -720.52191162 -6.86211344
80 -720.52099609 -6.86210472
81 -720.52270508 -6.86212100
82 -720.52221680 -6.86211635
83 -720.52185059 -6.86211286
84 -720.52270508 -6.86212100
85 -720.52209473 -6.86211519
86 -720.52288818 -6.86212274
87 -720.52227783 -6.86211693
88 -720.52221680 -6.86211635
89 -720.52319336 -6.86212565
90 -720.52191162 -6.86211344
91 -720.52233887 -6.86211751
92 -720.52307129 -6.86212449
93 -720.52258301 -6.86211984
94 -720.52221680 -6.86211635
95 -720.52136230 -6.86210821
96 -720.52307129 -6.86212449
97 -720.52282715 -6.86212216
98 -720.52239990 -6.86211809
99 -720.52075195 -6.86210240
100 -720.52111816 -6.86210589
101 -720.52233887 -6.86211751
102 -720.52203369 -6.86211461
103 -720.52093506 -6.86210414
104 -720.52001953 -6.86209542
105 -720.52136230 -6.86210821
106 -720.52160645 -6.86211054
107 -720.52142334 -6.86210879
108 -720.52148438 -6.86210938
109 -720.52062988 -6.86210124
110 -720.51892090 -6.86208496
111 -720.52099609 -6.86210472
112 -720.51953125 -6.86209077
113 -720.51940918 -6.86208961
114 -720.51977539 -6.86209310
115 -720.51983643 -6.86209368
116 -720.51916504 -6.86208729
117 -720.51794434 -6.86207566
118 -720.51623535 -6.86205938
119 -720.51654053 -6.86206229
120 -720.51635742 -6.86206055
121 -720.51635742 -6.86206055
122 -720.51361084 -6.86203439
123 -720.51367188 -6.86203497
124 -720.51452637 -6.86204311
125 -720.51281738 -6.86202683
126 -720.51171875 -6.86201637
127 -720.51159668 -6.86201521
128 -720.51184082 -6.86201753
129 -720.51086426 -6.86200823
130 -720.51068115 -6.86200649
131 -720.51086426 -6.86200823
132 -720.50927734 -6.86199312
133 -720.50842285 -6.86198498
134 -720.50952148 -6.86199544
135 -720.50805664 -6.86198149
136 -720.50817871 -6.86198265
137 -720.50952148 -6.86199544
138 -720.50854492 -6.86198614
139 -720.50921631 -6.86199254
140 -720.51098633 -6.86200939
141 -720.50891113 -6.86198963
142 -720.50878906 -6.86198847
143 -720.50860596 -6.86198672
144 -720.50732422 -6.86197452
145 -720.50646973 -6.86196638
146 -720.50640869 -6.86196580
147 -720.50836182 -6.86198440
148 -720.50683594 -6.86196987
149 -720.50793457 -6.86198033
150 -720.50799561 -6.86198091
151 -720.50854492 -6.86198614
152 -720.50854492 -6.86198614
153 -720.50891113 -6.86198963
154 -720.50909424 -6.86199137
155 -720.50836182 -6.86198440
156 -720.50964355 -6.86199661
157 -720.50915527 -6.86199195
158 -720.50817871 -6.86198265
159 -720.51031494 -6.86200300
160 -720.50952148 -6.86199544
161 -720.50939941 -6.86199428
162 -720.50836182 -6.86198440
163 -720.50823975 -6.86198324
164 -720.50781250 -6.86197917
165 -720.50781250 -6.86197917
166 -720.50744629 -6.86197568
167 -720.50738525 -6.86197510
168 -720.50634766 -6.86196522
169 -720.50744629 -6.86197568
170 -720.50897217 -6.86199021
171 -720.50872803 -6.86198789
172 -720.50866699 -6.86198730
173 -720.50891113 -6.86198963
174 -720.50891113 -6.86198963
175 -720.50830078 -6.86198382
176 -720.50927734 -6.86199312
177 -720.50817871 -6.86198265
178 -720.50781250 -6.86197917
179 -720.50781250 -6.86197917
180 -720.50842285 -6.86198498
181 -720.50805664 -6.86198149
182 -720.50714111 -6.86197277
183 -720.50665283 -6.86196812
184 -720.50695801 -6.86197103
185 -720.50671387 -6.86196870
186 -720.50622559 -6.86196405
187 -720.50616455 -6.86196347
188 -720.50549316 -6.86195708
189 -720.50585938 -6.86196057
190 -720.50451660 -6.86194778
191 -720.50494385 -6.86195185
192 -720.50402832 -6.86194313
193 -720.50268555 -6.86193034
194 -720.50354004 -6.86193848
195 -720.50238037 -6.86192743
196 -720.50305176 -6.86193383
197 -720.50122070 -6.86191639
198 -720.50097656 -6.86191406
199 -720.49945068 -6.86189953
200 -720.49829102 -6.86188849
201 -720.49731445 -6.86187919
202 -720.49798584 -6.86188558
203 -720.49822998 -6.86188790
204 -720.49658203 -6.86187221
205 -720.49475098 -6.86185477
206 -720.49578857 -6.86186465
207 -720.49481201 -6.86185535
208 -720.49389648 -6.86184663
209 -720.49365234 -6.86184431
210 -720.49255371 -6.86183384
211 -720.49285889 -6.86183675
212 -720.49096680 -6.86181873
213 -720.49218750 -6.86183036
214 -720.49133301 -6.86182222
215 -720.49194336 -6.86182803
216 -720.48986816 -6.86180827
217 -720.49157715 -6.86182454
218 -720.49127197 -6.86182164
219 -720.49151611 -6.86182396
220 -720.49108887 -6.86181989
221 -720.49133301 -6.86182222
222 -720.49023438 -6.86181176
223 -720.49023438 -6.86181176
224 -720.49096680 -6.86181873
225 -720.49084473 -6.86181757
226 -720.49139404 -6.86182280
227 -720.49114990 -6.86182048
228 -720.49084473 -6.86181757
229 -720.48974609 -6.86180711
230 -720.48944092 -6.86180420
231 -720.48791504 -6.86178967
232 -720.48974609 -6.86180711
233 -720.48742676 -6.86178502
234 -720.48767090 -6.86178734
235 -720.48718262 -6.86178269
236 -720.48498535 -6.86176177
237 -720.48449707 -6.86175711
238 -720.48596191 -6.86177107
239 -720.48663330 -6.86177746
240 -720.48669434 -6.86177804
241 -720.48620605 -6.86177339
242 -720.48596191 -6.86177107
243 -720.48663330 -6.86177746
244 -720.48632812 -6.86177455
245 -720.48657227 -6.86177688
246 -720.48663330 -6.86177746
247 -720.48742676 -6.86178502
248 -720.48791504 -6.86178967
249 -720.48730469 -6.86178385
250 -720.48693848 -6.86178037
251 -720.48748779 -6.86178560
252 -720.48913574 -6.86180129
253 -720.48852539 -6.86179548
254 -720.48840332 -6.86179432
255 -720.48828125 -6.86179315
256 -720.48889160 -6.86179897
257 -720.48901367 -6.86180013
258 -720.49060059 -6.86181524
259 -720.49072266 -6.86181641
260 -720.49053955 -6.86181466
261 -720.49194336 -6.86182803
262 -720.49353027 -6.86184315
263 -720.49377441 -6.86184547
264 -720.49414062 -6.86184896
265 -720.49426270 -6.86185012
266 -720.49475098 -6.86185477
267 -720.49414062 -6.86184896
268 -720.49316406 -6.86183966
269 -720.49426270 -6.86185012
270 -720.49475098 -6.86185477
271 -720.49487305 -6.86185593
272 -720.49438477 -6.86185128
273 -720.49523926 -6.86185942
274 -720.49536133 -6.86186058
275 -720.49499512 -6.86185710
276 -720.49511719 -6.86185826
277 -720.49548340 -6.86186175
278 -720.49578857 -6.86186465
279 -720.49578857 -6.86186465
280 -720.49450684 -6.86185245
281 -720.49401855 -6.86184780
282 -720.49420166 -6.86184954
283 -720.49371338 -6.86184489
284 -720.49475098 -6.86185477
285 -720.49365234 -6.86184431
286 -720.49383545 -6.86184605
287 -720.49462891 -6.86185361
288 -720.49426270 -6.86185012
289 -720.49389648 -6.86184663
290 -720.49414062 -6.86184896
291 -720.49316406 -6.86183966
292 -720.49090576 -6.86181815
293 -720.49206543 -6.86182919
294 -720.49169922 -6.86182571
295 -720.49084473 -6.86181757
296 -720.49047852 -6.86181408
297 -720.49206543 -6.86182919
298 -720.49212646 -6.86182978
299 -720.49237061 -6.86183210
300 -720.49133301 -6.86182222
301 -720.49279785 -6.86183617
302 -720.49377441 -6.86184547
303 -720.49395752 -6.86184721
304 -720.49401855 -6.86184780
305 -720.49511719 -6.86185826
306 -720.49633789 -6.86186988
307 -720.49578857 -6.86186465
308 -720.49694824 -6.86187570
309 -720.49719238 -6.86187802
310 -720.49786377 -6.86188442
311 -720.49768066 -6.86188267
312 -720.49743652 -6.86188035
313 -720.49792480 -6.86188500
314 -720.49688721 -6.86187512
315 -720.49737549 -6.86187977
316 -720.49755859 -6.86188151
317 -720.49853516 -6.86189081
318 -720.49768066 -6.86188267
319 -720.50000000 -6.86190476
320 -720.49951172 -6.86190011
321 -720.49975586 -6.86190244
322 -720.50054932 -6.86190999
323 -720.50103760 -6.86191464
324 -720.50097656 -6.86191406
325 -720.50183105 -6.86192220
326 -720.50219727 -6.86192569
327 -720.50146484 -6.86191871
328 -720.50109863 -6.86191523
329 -720.50195312 -6.86192336
330 -720.50183105 -6.86192220
331 -720.50177002 -6.86192162
332 -720.50207520 -6.86192453
333 -720.50305176 -6.86193383
334 -720.50238037 -6.86192743
335 -720.50048828 -6.86190941
336 -720.50231934 -6.86192685
337 -720.50317383 -6.86193499
338 -720.50292969 -6.86193266
339 -720.50256348 -6.86192918
340 -720.50292969 -6.86193266
341 -720.50366211 -6.86193964
342 -720.50250244 -6.86192859
343 -720.50317383 -6.86193499
344 -720.50329590 -6.86193615
345 -720.50378418 -6.86194080
346 -720.50421143 -6.86194487
347 -720.50378418 -6.86194080
348 -720.50329590 -6.86193615
349 -720.50341797 -6.86193731
350 -720.50390625 -6.86194196
351 -720.50347900 -6.86193790
352 -720.50378418 -6.86194080
353 -720.50451660 -6.86194778
354 -720.50329590 -6.86193615
355 -720.50250244 -6.86192859
356 -720.50286865 -6.86193208
357 -720.50329590 -6.86193615
358 -720.50463867 -6.86194894
359 -720.50415039 -6.86194429
360 -720.50500488 -6.86195243
361 -720.50573730 -6.86195940
362 -720.50469971 -6.86194952
363 -720.50457764 -6.86194836
364 -720.50378418 -6.86194080
365 -720.50500488 -6.86195243
366 -720.50469971 -6.86194952
367 -720.50512695 -6.86195359
368 -720.50390625 -6.86194196
369 -720.50500488 -6.86195243
370 -720.50573730 -6.86195940
371 -720.50524902 -6.86195475
372 -720.50500488 -6.86195243
373 -720.50585938 -6.86196057
374 -720.50457764 -6.86194836
375 -720.50506592 -6.86195301
376 -720.50451660 -6.86194778
377 -720.50537109 -6.86195592
378 -720.50378418 -6.86194080
379 -720.50390625 -6.86194196
380 -720.50378418 -6.86194080
381 -720.50317383 -6.86193499
382 -720.50567627 -6.86195882
383 -720.50592041 -6.86196115
384 -720.50585938 -6.86196057
385 -720.50561523 -6.86195824
386 -720.50378418 -6.86194080
387 -720.50299072 -6.86193324
388 -720.50341797 -6.86193731
389 -720.50231934 -6.86192685
390 -720.50360107 -6.86193906
391 -720.50292969 -6.86193266
392 -720.50305176 -6.86193383
393 -720.50244141 -6.86192801
394 -720.50323486 -6.86193557
395 -720.50158691 -6.86191988
396 -720.50244141 -6.86192801
397 -720.50195312 -6.86192336
398 -720.50079346 -6.86191232
399 -720.50152588 -6.86191929
400 -720.50341797 -6.86193731
401 -720.50048828 -6.86190941
402 -720.49993896 -6.86190418
403 -720.49969482 -6.86190186
404 -720.50012207 -6.86190592
405 -720.50036621 -6.86190825
406 -720.50146484 -6.86191871
407 -720.50091553 -6.86191348
408 -720.50024414 -6.86190709
409 -720.50122070 -6.86191639
410 -720.50128174 -6.86191697
411 -720.50006104 -6.86190534
412 -720.50158691 -6.86191988
413 -720.50073242 -6.86191174
414 -720.50085449 -6.86191290
415 -720.50048828 -6.86190941
416 -720.50048828 -6.86190941
417 -720.50122070 -6.86191639
418 -720.50018311 -6.86190651
419 -720.50006104 -6.86190534
420 -720.50012207 -6.86190592
421 -720.50097656 -6.86191406
422 -720.50109863 -6.86191523
423 -720.50067139 -6.86191116
424 -720.50036621 -6.86190825
425 -720.49987793 -6.86190360
426 -720.49932861 -6.86189837
427 -720.50097656 -6.86191406
428 -720.50036621 -6.86190825
429 -720.50061035 -6.86191057
430 -720.50012207 -6.86190592
431 -720.49945068 -6.86189953
432 -720.49926758 -6.86189779
433 -720.50048828 -6.86190941
434 -720.50103760 -6.86191464
435 -720.50115967 -6.86191581
436 -720.50097656 -6.86191406
437 -720.50158691 -6.86191988
438 -720.50378418 -6.86194080
439 -720.50341797 -6.86193731
440 -720.50067139 -6.86191116
441 -720.50268555 -6.86193034
442 -720.50347900 -6.86193790
443 -720.50299072 -6.86193324
444 -720.50183105 -6.86192220
445 -720.50390625 -6.86194196
446 -720.50433350 -6.86194603
447 -720.50384521 -6.86194138
448 -720.50561523 -6.86195824
449 -720.50561523 -6.86195824
450 -720.50579834 -6.86195998
451 -720.50640869 -6.86196580
452 -720.50561523 -6.86195824
453 -720.50537109 -6.86195592
454 -720.50469971 -6.86194952
455 -720.50585938 -6.86196057
456 -720.50476074 -6.86195010
457 -720.50512695 -6.86195359
458 -720.50665283 -6.86196812
459 -720.50720215 -6.86197335
460 -720.50622559 -6.86196405
461 -720.50451660 -6.86194778
462 -720.50714111 -6.86197277
463 -720.50665283 -6.86196812
464 -720.50561523 -6.86195824
465 -720.50683594 -6.86196987
466 -720.50738525 -6.86197510
467 -720.50585938 -6.86196057
468 -720.50573730 -6.86195940
469 -720.50671387 -6.86196870
470 -720.50634766 -6.86196522
471 -720.50543213 -6.86195650
472 -720.50610352 -6.86196289
473 -720.50744629 -6.86197568
474 -720.50695801 -6.86197103
475 -720.50762939 -6.86197742
476 -720.50781250 -6.86197917
477 -720.50671387 -6.86196870
478 -720.50732422 -6.86197452
479 -720.50756836 -6.86197684
480 -720.50732422 -6.86197452
481 -720.50695801 -6.86197103
482 -720.50756836 -6.86197684
483 -720.50793457 -6.86198033
484 -720.50781250 -6.86197917
485 -720.50805664 -6.86198149
486 -720.50817871 -6.86198265
487 -720.50842285 -6.86198498
488 -720.50891113 -6.86198963
489 -720.50927734 -6.86199312
490 -720.50830078 -6.86198382
491 -720.50830078 -6.86198382
492 -720.50854492 -6.86198614
493 -720.50854492 -6.86198614
494 -720.50897217 -6.86199021
495 -720.50958252 -6.86199602
496 -720.50939941 -6.86199428
497 -720.50878906 -6.86198847
498 -720.50775146 -6.86197859
499 -720.50921631 -6.86199254
500 -720.50927734 -6.86199312
501 -720.50915527 -6.86199195
502 -720.50885010 -6.86198905
503 -720.50878906 -6.86198847
504 -720.50988770 -6.86199893
505 -720.50903320 -6.86199079
506 -720.51007080 -6.86200067
507 -720.50927734 -6.86199312
508 -720.51037598 -6.86200358
509 -720.51062012 -6.86200591
510 -720.51019287 -6.86200184
511 -720.51080322 -6.86200765
512 -720.51062012 -6.86200591
513 -720.51123047 -6.86201172
514 -720.51171875 -6.86201637
515 -720.51269531 -6.86202567
516 -720.51220703 -6.86202102
517 -720.51184082 -6.86201753
518 -720.51104736 -6.86200997
519 -720.51037598 -6.86200358
520 -720.50891113 -6.86198963
521 -720.50866699 -6.86198730
522 -720.50866699 -6.86198730
523 -720.50933838 -6.86199370
524 -720.50952148 -6.86199544
525 -720.50939941 -6.86199428
526 -720.50964355 -6.86199661
527 -720.50976562 -6.86199777
528 -720.50903320 -6.86199079
529 -720.50842285 -6.86198498
530 -720.50915527 -6.86199195
531 -720.50921631 -6.86199254
532 -720.50927734 -6.86199312
533 -720.50866699 -6.86198730
534 -720.50988770 -6.86199893
535 -720.50982666 -6.86199835
536 -720.50805664 -6.86198149
537 -720.51000977 -6.86200009
538 -720.50903320 -6.86199079
539 -720.50970459 -6.86199719
540 -720.51049805 -6.86200474
541 -720.50939941 -6.86199428
542 -720.50952148 -6.86199544
543 -720.50897217 -6.86199021
544 -720.51074219 -6.86200707
545 -720.51159668 -6.86201521
546 -720.51116943 -6.86201114
547 -720.51208496 -6.86201986
548 -720.51196289 -6.86201869
549 -720.51123047 -6.86201172
550 -720.51074219 -6.86200707
551 -720.51037598 -6.86200358
552 -720.50805664 -6.86198149
553 -720.51000977 -6.86200009
554 -720.51013184 -6.86200126
555 -720.51043701 -6.86200416
556 -720.51013184 -6.86200126
557 -720.51000977 -6.86200009
558 -720.51159668 -6.86201521
559 -720.51190186 -6.86201811
560 -720.51147461 -6.86201404
561 -720.51171875 -6.86201637
562 -720.51049805 -6.86200474
563 -720.51165771 -6.86201579
564 -720.51196289 -6.86201869
565 -720.51062012 -6.86200591
566 -720.51104736 -6.86200997
567 -720.51269531 -6.86202567
568 -720.51208496 -6.86201986
569 -720.51147461 -6.86201404
570 -720.51300049 -6.86202858
571 -720.51293945 -6.86202799
572 -720.51220703 -6.86202102
573 -720.51342773 -6.86203265
574 -720.51330566 -6.86203148
575 -720.51385498 -6.86203671
576 -720.51379395 -6.86203613
577 -720.51354980 -6.86203381
578 -720.51324463 -6.86203090
579 -720.51385498 -6.86203671
580 -720.51318359 -6.86203032
581 -720.51269531 -6.86202567
582 -720.51397705 -6.86203788
583 -720.51434326 -6.86204136
584 -720.51330566 -6.86203148
585 -720.51245117 -6.86202334
586 -720.51275635 -6.86202625
587 -720.51269531 -6.86202567
588 -720.51208496 -6.86201986
589 -720.51232910 -6.86202218
590 -720.51159668 -6.86201521
591 -720.51037598 -6.86200358
592 -720.51159668 -6.86201521
593 -720.51281738 -6.86202683
594 -720.51153564 -6.86201463
595 -720.51245117 -6.86202334
596 -720.51171875 -6.86201637
597 -720.51086426 -6.86200823
598 -720.51116943 -6.86201114
599 -720.51086426 -6.86200823
600 -720.51074219 -6.86200707
601 -720.50952148 -6.86199544
