0 -641.14172363 -6.41141724
1 -641.18426514 -6.41184265
2 -641.21582031 -6.41215820
3 -641.23944092 -6.41239441
4 -641.25958252 -6.41259583
5 -641.27508545 -6.41275085
6 -641.28790283 -6.41287903
7 -641.30194092 -6.41301941
8 -641.31457520 -6.41314575
9 -641.32611084 -6.41326111
10 -641.33642578 -6.41336426
11 -641.34667969 -6.41346680
12 -641.35589600 -6.41355896
13 -641.36523438 -6.41365234
14 -641.37396240 -6.41373962
15 -641.38256836 -6.41382568
16 -641.38964844 -6.41389648
17 -641.39868164 -6.41398682
18 -641.40588379 -6.41405884
19 -641.41436768 -6.41414368
20 -641.42248535 -6.41422485
21 -641.43054199 -6.41430542
22 -641.43859863 -6.41438599
23 -641.44592285 -6.41445923
24 -641.45330811 -6.41453308
25 -641.46038818 -6.41460388
26 -641.46777344 -6.41467773
27 -641.47521973 -6.41475220
28 -641.48260498 -6.41482605
29 -641.48950195 -6.41489502
30 -641.49682617 -6.41496826
31 -641.50494385 -6.41504944
32 -641.51123047 -6.41511230
33 -641.51800537 -6.41518005
34 -641.52453613 -6.41524536
35 -641.53240967 -6.41532410
36 -641.53881836 -6.41538818
37 -641.54663086 -6.41546631
38 -641.55358887 -6.41553589
39 -641.55999756 -6.41559998
40 -641.56756592 -6.41567566
41 -641.57373047 -6.41573730
42 -641.58062744 -6.41580627
43 -641.58752441 -6.41587524
44 -641.59423828 -6.41594238
45 -641.60119629 -6.41601196
46 -641.60742188 -6.41607422
47 -641.61468506 -6.41614685
48 -641.62042236 -6.41620422
49 -641.62738037 -6.41627380
50 -641.63470459 -6.41634705
51 -641.64178467 -6.41641785
52 -641.64788818 -6.41647888
53 -641.65490723 -6.41654907
54 -641.66113281 -6.41661133
55 -641.66754150 -6.41667542
56 -641.67413330 -6.41674133
57 -641.67901611 -6.41679016
58 -641.68499756 -6.41684998
59 -641.69049072 -6.41690491
60 -641.69641113 -6.41696411
61 -641.70208740 -6.41702087
62 -641.70733643 -6.41707336
63 -641.71417236 -6.41714172
64 -641.71936035 -6.41719360
65 -641.72430420 -6.41724304
66 -641.72930908 -6.41729309
67 -641.73510742 -6.41735107
68 -641.74084473 -6.41740845
69 -641.74633789 -6.41746338
70 -641.75109863 -6.41751099
71 -641.75518799 -6.41755188
72 -641.76068115 -6.41760681
73 -641.76660156 -6.41766602
74 -641.77215576 -6.41772156
75 -641.77740479 -6.41777405
76 -641.78375244 -6.41783752
77 -641.78894043 -6.41788940
78 -641.79486084 -6.41794861
79 -641.79895020 -6.41798950
80 -641.80426025 -6.41804260
81 -641.80999756 -6.41809998
82 -641.81597900 -6.41815979
83 -641.82031250 -6.41820312
84 -641.82678223 -6.41826782
85 -641.83239746 -6.41832397
86 -641.83801270 -6.41838013
87 -641.84399414 -6.41843994
88 -641.84973145 -6.41849731
89 -641.85522461 -6.41855225
90 -641.86010742 -6.41860107
91 -641.86553955 -6.41865540
92 -641.87023926 -6.41870239
93 -641.87603760 -6.41876038
94 -641.88116455 -6.41881165
95 -641.88690186 -6.41886902
96 -641.89166260 -6.41891663
97 -641.89733887 -6.41897339
98 -641.90209961 -6.41902100
99 -641.90771484 -6.41907715
100 -641.91339111 -6.41913391
101 -641.91741943 -6.41917419
102 -641.92291260 -6.41922913
103 -641.92712402 -6.41927124
104 -641.93194580 -6.41931946
105 -641.93682861 -6.41936829
106 -641.94183350 -6.41941833
107 -641.94610596 -6.41946106
108 -641.95019531 -6.41950195
109 -641.95465088 -6.41954651
110 -641.95977783 -6.41959778
111 -641.96466064 -6.41964661
112 -641.96917725 -6.41969177
113 -641.97320557 -6.41973206
114 -641.97698975 -6.41976990
115 -641.98144531 -6.41981445
116 -641.98590088 -6.41985901
117 -641.99078369 -6.41990784
118 -641.99475098 -6.41994751
119 -641.99932861 -6.41999329
120 -642.00292969 -6.42002930
121 -642.00671387 -6.42006714
122 -642.01074219 -6.42010742
123 -642.01470947 -6.42014709
124 -642.01916504 -6.42019165
125 -642.02197266 -6.42021973
126 -642.02587891 -6.42025879
127 -642.03021240 -6.42030212
128 -642.03338623 -6.42033386
129 -642.03649902 -6.42036499
130 -642.04071045 -6.42040710
131 -642.04553223 -6.42045532
132 -642.04840088 -6.42048401
133 -642.05267334 -6.42052673
134 -642.05633545 -6.42056335
135 -642.05944824 -6.42059448
136 -642.06378174 -6.42063782
137 -642.06652832 -6.42066528
138 -642.06976318 -6.42069763
139 -642.07275391 -6.42072754
140 -642.07641602 -6.42076416
141 -642.07977295 -6.42079773
142 -642.08319092 -6.42083191
143 -642.08581543 -6.42085815
144 -642.08856201 -6.42088562
145 -642.09118652 -6.42091187
146 -642.09234619 -6.42092346
147 -642.09698486 -6.42096985
148 -642.09869385 -6.42098694
149 -642.10180664 -6.42101807
150 -642.10443115 -6.42104431
151 -642.10736084 -6.42107361
152 -642.11077881 -6.42110779
153 -642.11370850 -6.42113708
154 -642.11614990 -6.42116150
155 -642.11840820 -6.42118408
156 -642.12139893 -6.42121399
157 -642.12341309 -6.42123413
158 -642.12591553 -6.42125916
159 -642.12670898 -6.42126709
160 -642.12927246 -6.42129272
161 -642.13195801 -6.42131958
162 -642.13330078 -6.42133301
163 -642.13574219 -6.42135742
164 -642.13787842 -6.42137878
165 -642.14013672 -6.42140137
166 -642.14270020 -6.42142700
167 -642.14532471 -6.42145325
168 -642.14770508 -6.42147705
169 -642.14947510 -6.42149475
170 -642.15197754 -6.42151978
171 -642.15405273 -6.42154053
172 -642.15686035 -6.42156860
173 -642.15875244 -6.42158752
174 -642.16113281 -6.42161133
175 -642.16424561 -6.42164246
176 -642.16522217 -6.42165222
177 -642.16802979 -6.42168030
178 -642.16961670 -6.42169617
179 -642.17126465 -6.42171265
180 -642.17413330 -6.42174133
181 -642.17559814 -6.42175598
182 -642.17816162 -6.42178162
183 -642.17944336 -6.42179443
184 -642.18127441 -6.42181274
185 -642.18359375 -6.42183594
186 -642.18475342 -6.42184753
187 -642.18768311 -6.42187683
188 -642.18975830 -6.42189758
189 -642.19158936 -6.42191589
190 -642.19354248 -6.42193542
191 -642.19549561 -6.42195496
192 -642.19665527 -6.42196655
193 -642.19830322 -6.42198303
194 -642.20043945 -6.42200439
195 -642.20257568 -6.42202576
196 -642.20349121 -6.42203491
197 -642.20513916 -6.42205139
198 -642.20764160 -6.42207642
199 -642.20971680 -6.42209717
200 -642.21142578 -6.42211426
201 -642.21319580 -6.42213196
202 -642.21496582 -6.42214966
203 -642.21630859 -6.42216309
204 -642.21838379 -6.42218384
205 -642.21978760 -6.42219788
206 -642.22076416 -6.42220764
207 -642.22320557 -6.42223206
208 -642.22485352 -6.42224854
209 -642.22766113 -6.42227661
210 -642.22851562 -6.42228516
211 -642.23095703 -6.42230957
212 -642.23284912 -6.42232849
213 -642.23455811 -6.42234558
214 -642.23620605 -6.42236206
215 -642.23797607 -6.42237976
216 -642.23962402 -6.42239624
217 -642.24096680 -6.42240967
218 -642.24267578 -6.42242676
219 -642.24328613 -6.42243286
220 -642.24481201 -6.42244812
221 -642.24639893 -6.42246399
222 -642.24792480 -6.42247925
223 -642.24914551 -6.42249146
224 -642.24969482 -6.42249695
225 -642.25195312 -6.42251953
226 -642.25390625 -6.42253906
227 -642.25451660 -6.42254517
228 -642.25628662 -6.42256287
229 -642.25836182 -6.42258362
230 -642.26043701 -6.42260437
231 -642.26159668 -6.42261597
232 -642.26385498 -6.42263855
233 -642.26458740 -6.42264587
234 -642.26586914 -6.42265869
235 -642.26739502 -6.42267395
236 -642.27008057 -6.42270081
237 -642.27209473 -6.42272095
238 -642.27343750 -6.42273438
239 -642.27539062 -6.42275391
240 -642.27587891 -6.42275879
241 -642.27752686 -6.42277527
242 -642.27972412 -6.42279724
243 -642.28033447 -6.42280334
244 -642.28106689 -6.42281067
245 -642.28192139 -6.42281921
246 -642.28405762 -6.42284058
247 -642.28540039 -6.42285400
248 -642.28625488 -6.42286255
249 -642.28814697 -6.42288147
250 -642.28961182 -6.42289612
251 -642.29064941 -6.42290649
252 -642.29199219 -6.42291992
253 -642.29357910 -6.42293579
254 -642.29492188 -6.42294922
255 -642.29577637 -6.42295776
256 -642.29754639 -6.42297546
257 -642.29797363 -6.42297974
258 -642.29980469 -6.42299805
259 -642.30065918 -6.42300659
260 -642.30181885 -6.42301819
261 -642.30346680 -6.42303467
262 -642.30444336 -6.42304443
263 -642.30572510 -6.42305725
264 -642.30749512 -6.42307495
265 -642.30938721 -6.42309387
266 -642.31011963 -6.42310120
267 -642.31085205 -6.42310852
268 -642.31250000 -6.42312500
269 -642.31298828 -6.42312988
270 -642.31378174 -6.42313782
271 -642.31481934 -6.42314819
272 -642.31610107 -6.42316101
273 -642.31683350 -6.42316833
274 -642.31848145 -6.42318481
275 -642.31854248 -6.42318542
276 -642.32019043 -6.42320190
277 -642.32104492 -6.42321045
278 -642.32147217 -6.42321472
279 -642.32086182 -6.42320862
280 -642.32214355 -6.42322144
281 -642.32281494 -6.42322815
282 -642.32385254 -6.42323853
283 -642.32452393 -6.42324524
284 -642.32482910 -6.42324829
285 -642.32562256 -6.42325623
286 -642.32617188 -6.42326172
287 -642.32836914 -6.42328369
288 -642.32977295 -6.42329773
289 -642.32965088 -6.42329651
290 -642.33087158 -6.42330872
291 -642.33154297 -6.42331543
292 -642.33282471 -6.42332825
293 -642.33361816 -6.42333618
294 -642.33422852 -6.42334229
295 -642.33465576 -6.42334656
296 -642.33636475 -6.42336365
297 -642.33660889 -6.42336609
298 -642.33709717 -6.42337097
299 -642.33850098 -6.42338501
300 -642.33947754 -6.42339478
301 -642.34002686 -6.42340027
302 -642.34069824 -6.42340698
303 -642.34136963 -6.42341370
304 -642.34240723 -6.42342407
305 -642.34259033 -6.42342590
306 -642.34313965 -6.42343140
307 -642.34387207 -6.42343872
308 -642.34442139 -6.42344421
309 -642.34478760 -6.42344788
310 -642.34539795 -6.42345398
311 -642.34606934 -6.42346069
312 -642.34722900 -6.42347229
313 -642.34783936 -6.42347839
314 -642.34814453 -6.42348145
315 -642.34814453 -6.42348145
316 -642.34906006 -6.42349060
317 -642.34960938 -6.42349609
318 -642.34973145 -6.42349731
319 -642.35009766 -6.42350098
320 -642.35009766 -6.42350098
321 -642.35162354 -6.42351624
322 -642.35217285 -6.42352173
323 -642.35235596 -6.42352356
324 -642.35247803 -6.42352478
325 -642.35205078 -6.42352051
326 -642.35327148 -6.42353271
327 -642.35363770 -6.42353638
328 -642.35461426 -6.42354614
329 -642.35424805 -6.42354248
330 -642.35534668 -6.42355347
331 -642.35552979 -6.42355530
332 -642.35571289 -6.42355713
333 -642.35614014 -6.42356140
334 -642.35748291 -6.42357483
335 -642.35778809 -6.42357788
336 -642.35772705 -6.42357727
337 -642.35845947 -6.42358459
338 -642.35906982 -6.42359070
339 -642.35961914 -6.42359619
340 -642.35894775 -6.42358948
341 -642.36047363 -6.42360474
342 -642.36132812 -6.42361328
343 -642.36187744 -6.42361877
344 -642.36187744 -6.42361877
345 -642.36279297 -6.42362793
346 -642.36309814 -6.42363098
347 -642.36376953 -6.42363770
348 -642.36517334 -6.42365173
