0 -683.35614014 -6.32737167
1 -683.38708496 -6.32765819
2 -683.40429688 -6.32781756
3 -683.41595459 -6.32792551
4 -683.42321777 -6.32799276
5 -683.42858887 -6.32804249
6 -683.43341064 -6.32808714
7 -683.43817139 -6.32813122
8 -683.44165039 -6.32816343
9 -683.44519043 -6.32819621
10 -683.44909668 -6.32823238
11 -683.44982910 -6.32823916
12 -683.45373535 -6.32827533
13 -683.45483398 -6.32828550
14 -683.45690918 -6.32830471
15 -683.45928955 -6.32832676
16 -683.46130371 -6.32834540
17 -683.46343994 -6.32836518
18 -683.46490479 -6.32837875
19 -683.46575928 -6.32838666
20 -683.46630859 -6.32839175
21 -683.46740723 -6.32840192
22 -683.46868896 -6.32841379
23 -683.47058105 -6.32843131
24 -683.47167969 -6.32844148
25 -683.47290039 -6.32845278
26 -683.47406006 -6.32846352
27 -683.47460938 -6.32846861
28 -683.47521973 -6.32847426
29 -683.47460938 -6.32846861
30 -683.47570801 -6.32847878
31 -683.47558594 -6.32847765
32 -683.47698975 -6.32849065
33 -683.47747803 -6.32849517
34 -683.47747803 -6.32849517
35 -683.47882080 -6.32850760
36 -683.47930908 -6.32851212
37 -683.48065186 -6.32852455
38 -683.48107910 -6.32852851
39 -683.48083496 -6.32852625
40 -683.48187256 -6.32853586
41 -683.48205566 -6.32853755
42 -683.48260498 -6.32854264
43 -683.48254395 -6.32854207
44 -683.48223877 -6.32853925
45 -683.48168945 -6.32853416
46 -683.48217773 -6.32853868
47 -683.48022461 -6.32852060
48 -683.48199463 -6.32853699
49 -683.48168945 -6.32853416
50 -683.48156738 -6.32853303
51 -683.48229980 -6.32853981
52 -683.48156738 -6.32853303
53 -683.48138428 -6.32853134
54 -683.48175049 -6.32853473
55 -683.48254395 -6.32854207
56 -683.48217773 -6.32853868
57 -683.48303223 -6.32854659
58 -683.48217773 -6.32853868
59 -683.48236084 -6.32854038
60 -683.48199463 -6.32853699
61 -683.48303223 -6.32854659
62 -683.48333740 -6.32854942
63 -683.48199463 -6.32853699
64 -683.48370361 -6.32855281
65 -683.48150635 -6.32853247
66 -683.48333740 -6.32854942
67 -683.48175049 -6.32853473
68 -683.48052979 -6.32852342
69 -683.47882080 -6.32850760
70 -683.47894287 -6.32850873
71 -683.47692871 -6.32849008
72 -683.47680664 -6.32848895
73 -683.47601318 -6.32848160
74 -683.47460938 -6.32846861
75 -683.47442627 -6.32846691
76 -683.47369385 -6.32846013
77 -683.47363281 -6.32845956
78 -683.47332764 -6.32845674
79 -683.47332764 -6.32845674
80 -683.47180176 -6.32844261
81 -683.47204590 -6.32844487
82 -683.47149658 -6.32843978
83 -683.46948242 -6.32842113
84 -683.46716309 -6.32839966
85 -683.46691895 -6.32839740
86 -683.46466064 -6.32837649
87 -683.46435547 -6.32837366
88 -683.46484375 -6.32837818
89 -683.46270752 -6.32835840
90 -683.46105957 -6.32834314
91 -683.45935059 -6.32832732
92 -683.45922852 -6.32832619
93 -683.45776367 -6.32831263
94 -683.45672607 -6.32830302
95 -683.45391846 -6.32827702
96 -683.45275879 -6.32826629
97 -683.45166016 -6.32825611
98 -683.45129395 -6.32825272
99 -683.44952393 -6.32823633
100 -683.44897461 -6.32823125
101 -683.44726562 -6.32821542
102 -683.44543457 -6.32819847
103 -683.44439697 -6.32818886
104 -683.44189453 -6.32816569
105 -683.44024658 -6.32815043
106 -683.43920898 -6.32814082
107 -683.43634033 -6.32811426
108 -683.43493652 -6.32810126
109 -683.43328857 -6.32808601
110 -683.43164062 -6.32807075
111 -683.42950439 -6.32805097
112 -683.42761230 -6.32803345
113 -683.42431641 -6.32800293
114 -683.42236328 -6.32798485
115 -683.41992188 -6.32796224
116 -683.41906738 -6.32795433
117 -683.41864014 -6.32795037
118 -683.41613770 -6.32792720
119 -683.41412354 -6.32790855
120 -683.41156006 -6.32788482
121 -683.41009521 -6.32787125
122 -683.40820312 -6.32785373
123 -683.40869141 -6.32785825
124 -683.40612793 -6.32783452
125 -683.40441895 -6.32781869
126 -683.40155029 -6.32779213
127 -683.39923096 -6.32777066
128 -683.39868164 -6.32776557
129 -683.39550781 -6.32773618
130 -683.39514160 -6.32773279
131 -683.39208984 -6.32770454
132 -683.39178467 -6.32770171
133 -683.38995361 -6.32768476
134 -683.38842773 -6.32767063
135 -683.38433838 -6.32763276
136 -683.38403320 -6.32762994
137 -683.38287354 -6.32761920
138 -683.37963867 -6.32758925
139 -683.37786865 -6.32757286
140 -683.37506104 -6.32754686
141 -683.37414551 -6.32753838
142 -683.37194824 -6.32751804
143 -683.37097168 -6.32750900
144 -683.36999512 -6.32749995
145 -683.36608887 -6.32746379
146 -683.36462402 -6.32745022
147 -683.36267090 -6.32743214
148 -683.36022949 -6.32740953
149 -683.35937500 -6.32740162
150 -683.35668945 -6.32737675
151 -683.35528564 -6.32736376
152 -683.35437012 -6.32735528
153 -683.35229492 -6.32733606
154 -683.34979248 -6.32731289
155 -683.34930420 -6.32730837
156 -683.34716797 -6.32728859
157 -683.34582520 -6.32727616
158 -683.34381104 -6.32725751
159 -683.34204102 -6.32724112
160 -683.34057617 -6.32722756
161 -683.33868408 -6.32721004
162 -683.33752441 -6.32719930
163 -683.33612061 -6.32718630
164 -683.33618164 -6.32718687
165 -683.33294678 -6.32715691
166 -683.33209229 -6.32714900
167 -683.33020020 -6.32713148
168 -683.32891846 -6.32711962
169 -683.32922363 -6.32712244
170 -683.32861328 -6.32711679
171 -683.32733154 -6.32710492
172 -683.32666016 -6.32709871
173 -683.32629395 -6.32709531
174 -683.32464600 -6.32708006
175 -683.32293701 -6.32706423
176 -683.32214355 -6.32705688
177 -683.32073975 -6.32704389
178 -683.32092285 -6.32704558
179 -683.32171631 -6.32705293
180 -683.32080078 -6.32704445
181 -683.31945801 -6.32703202
182 -683.31927490 -6.32703032
183 -683.31896973 -6.32702750
184 -683.31774902 -6.32701619
185 -683.31677246 -6.32700715
186 -683.31604004 -6.32700037
187 -683.31396484 -6.32698116
188 -683.31445312 -6.32698568
189 -683.31292725 -6.32697155
190 -683.31243896 -6.32696703
191 -683.31042480 -6.32694838
192 -683.31103516 -6.32695403
193 -683.31079102 -6.32695177
194 -683.30993652 -6.32694386
195 -683.30957031 -6.32694047
196 -683.30822754 -6.32692803
197 -683.30816650 -6.32692747
198 -683.30700684 -6.32691673
199 -683.30541992 -6.32690204
200 -683.30603027 -6.32690769
201 -683.30615234 -6.32690882
202 -683.30511475 -6.32689921
203 -683.30413818 -6.32689017
204 -683.30505371 -6.32689865
205 -683.30535889 -6.32690147
206 -683.30419922 -6.32689073
207 -683.30261230 -6.32687604
208 -683.30181885 -6.32686869
209 -683.30316162 -6.32688113
210 -683.30230713 -6.32687321
211 -683.29998779 -6.32685174
212 -683.29846191 -6.32683761
213 -683.29785156 -6.32683196
214 -683.29827881 -6.32683591
215 -683.29644775 -6.32681896
216 -683.29705811 -6.32682461
217 -683.29315186 -6.32678844
218 -683.29162598 -6.32677431
219 -683.29193115 -6.32677714
220 -683.29180908 -6.32677601
221 -683.29187012 -6.32677658
222 -683.29241943 -6.32678166
223 -683.29132080 -6.32677149
224 -683.29125977 -6.32677092
225 -683.28906250 -6.32675058
226 -683.28643799 -6.32672628
227 -683.28637695 -6.32672571
228 -683.28491211 -6.32671215
229 -683.28332520 -6.32669746
230 -683.28216553 -6.32668672
231 -683.27990723 -6.32666581
232 -683.27886963 -6.32665620
233 -683.27770996 -6.32664546
234 -683.27838135 -6.32665168
235 -683.27844238 -6.32665224
236 -683.27813721 -6.32664942
237 -683.27642822 -6.32663359
238 -683.27880859 -6.32665564
239 -683.27777100 -6.32664603
240 -683.27703857 -6.32663925
241 -683.27734375 -6.32664207
242 -683.27691650 -6.32663812
243 -683.27600098 -6.32662964
244 -683.27716064 -6.32664038
245 -683.27697754 -6.32663868
246 -683.27648926 -6.32663416
247 -683.27752686 -6.32664377
248 -683.27661133 -6.32663529
249 -683.27587891 -6.32662851
250 -683.27429199 -6.32661381
251 -683.27154541 -6.32658838
252 -683.27209473 -6.32659347
253 -683.27178955 -6.32659064
254 -683.27197266 -6.32659234
255 -683.27209473 -6.32659347
256 -683.27148438 -6.32658782
257 -683.27117920 -6.32658499
258 -683.27081299 -6.32658160
259 -683.27246094 -6.32659686
260 -683.27526855 -6.32662286
261 -683.27600098 -6.32662964
262 -683.27551270 -6.32662512
263 -683.27606201 -6.32663020
264 -683.27685547 -6.32663755
265 -683.27746582 -6.32664320
266 -683.27844238 -6.32665224
267 -683.27850342 -6.32665281
268 -683.27996826 -6.32666637
269 -683.28173828 -6.32668276
270 -683.28356934 -6.32669972
271 -683.28320312 -6.32669633
272 -683.28436279 -6.32670706
273 -683.28399658 -6.32670367
274 -683.28430176 -6.32670650
275 -683.28662109 -6.32672797
276 -683.28778076 -6.32673871
277 -683.28924561 -6.32675227
278 -683.28991699 -6.32675849
279 -683.29168701 -6.32677488
280 -683.29357910 -6.32679240
281 -683.29528809 -6.32680822
282 -683.29730225 -6.32682687
283 -683.29809570 -6.32683422
284 -683.29809570 -6.32683422
285 -683.29937744 -6.32684609
286 -683.30029297 -6.32685456
287 -683.30004883 -6.32685230
288 -683.30065918 -6.32685796
289 -683.30102539 -6.32686135
290 -683.30102539 -6.32686135
291 -683.30401611 -6.32688904
292 -683.30456543 -6.32689412
293 -683.30645752 -6.32691164
294 -683.30798340 -6.32692577
295 -683.31018066 -6.32694612
296 -683.31292725 -6.32697155
297 -683.31268311 -6.32696929
298 -683.31329346 -6.32697494
299 -683.31439209 -6.32698511
300 -683.31610107 -6.32700094
301 -683.31616211 -6.32700150
302 -683.31774902 -6.32701619
303 -683.31805420 -6.32701902
304 -683.31866455 -6.32702467
305 -683.32000732 -6.32703710
306 -683.31964111 -6.32703371
307 -683.32086182 -6.32704502
308 -683.32141113 -6.32705010
309 -683.32177734 -6.32705349
310 -683.32324219 -6.32706706
311 -683.32312012 -6.32706593
312 -683.32452393 -6.32707893
313 -683.32537842 -6.32708684
314 -683.32543945 -6.32708740
315 -683.32659912 -6.32709814
316 -683.32763672 -6.32710775
317 -683.32678223 -6.32709984
318 -683.32952881 -6.32712527
319 -683.33190918 -6.32714731
320 -683.33197021 -6.32714787
321 -683.33312988 -6.32715861
322 -683.33355713 -6.32716257
323 -683.33374023 -6.32716426
324 -683.33508301 -6.32717669
325 -683.33685303 -6.32719308
326 -683.33654785 -6.32719026
327 -683.33905029 -6.32721343
328 -683.33740234 -6.32719817
329 -683.34045410 -6.32722643
330 -683.34106445 -6.32723208
331 -683.34313965 -6.32725129
332 -683.34539795 -6.32727220
333 -683.34594727 -6.32727729
334 -683.34741211 -6.32729085
335 -683.34899902 -6.32730555
336 -683.35064697 -6.32732081
337 -683.35162354 -6.32732985
338 -683.35241699 -6.32733719
339 -683.35241699 -6.32733719
340 -683.35589600 -6.32736941
341 -683.35821533 -6.32739088
342 -683.35833740 -6.32739201
343 -683.36096191 -6.32741631
344 -683.36254883 -6.32743101
345 -683.36309814 -6.32743609
346 -683.36492920 -6.32745305
347 -683.36590576 -6.32746209
348 -683.36663818 -6.32746887
349 -683.36730957 -6.32747509
350 -683.36853027 -6.32748639
351 -683.36920166 -6.32749261
352 -683.36901855 -6.32749091
353 -683.37103271 -6.32750956
354 -683.37249756 -6.32752313
355 -683.37506104 -6.32754686
356 -683.37500000 -6.32754630
357 -683.37414551 -6.32753838
358 -683.37628174 -6.32755816
359 -683.37548828 -6.32755082
360 -683.37786865 -6.32757286
361 -683.37738037 -6.32756834
362 -683.37744141 -6.32756890
363 -683.37902832 -6.32758360
364 -683.37957764 -6.32758868
365 -683.38214111 -6.32761242
366 -683.38317871 -6.32762203
367 -683.38262939 -6.32761694
368 -683.38476562 -6.32763672
369 -683.38500977 -6.32763898
370 -683.38592529 -6.32764746
371 -683.38616943 -6.32764972
372 -683.38781738 -6.32766498
373 -683.38775635 -6.32766441
374 -683.38781738 -6.32766498
375 -683.39105225 -6.32769493
376 -683.38989258 -6.32768419
377 -683.39086914 -6.32769323
378 -683.39001465 -6.32768532
379 -683.38916016 -6.32767741
380 -683.39123535 -6.32769662
381 -683.39306641 -6.32771358
382 -683.39373779 -6.32771979
383 -683.39245605 -6.32770793
384 -683.39544678 -6.32773562
385 -683.39611816 -6.32774183
386 -683.39617920 -6.32774240
387 -683.39758301 -6.32775540
388 -683.39862061 -6.32776501
389 -683.39892578 -6.32776783
390 -683.39978027 -6.32777574
391 -683.40002441 -6.32777800
392 -683.40032959 -6.32778083
393 -683.40057373 -6.32778309
394 -683.40063477 -6.32778366
395 -683.40228271 -6.32779891
396 -683.40222168 -6.32779835
397 -683.40075684 -6.32778479
398 -683.40307617 -6.32780626
399 -683.40307617 -6.32780626
400 -683.40698242 -6.32784243
401 -683.40838623 -6.32785543
402 -683.41113281 -6.32788086
403 -683.41125488 -6.32788199
404 -683.41400146 -6.32790742
405 -683.41394043 -6.32790686
406 -683.41668701 -6.32793229
407 -683.41864014 -6.32795037
408 -683.41955566 -6.32795885
409 -683.42022705 -6.32796507
410 -683.42150879 -6.32797693
411 -683.42340088 -6.32799445
412 -683.42681885 -6.32802610
413 -683.42828369 -6.32803966
414 -683.42974854 -6.32805323
415 -683.43200684 -6.32807414
416 -683.43469238 -6.32809900
417 -683.43768311 -6.32812670
418 -683.43988037 -6.32814704
419 -683.44049072 -6.32815269
420 -683.44281006 -6.32817417
421 -683.44488525 -6.32819338
422 -683.44586182 -6.32820242
423 -683.44824219 -6.32822446
424 -683.44842529 -6.32822616
425 -683.45013428 -6.32824198
426 -683.45245361 -6.32826346
427 -683.45526123 -6.32828946
428 -683.45831299 -6.32831771
429 -683.45959473 -6.32832958
430 -683.46258545 -6.32835727
431 -683.46478271 -6.32837762
432 -683.46820068 -6.32840927
433 -683.47113037 -6.32843639
434 -683.47418213 -6.32846465
435 -683.47729492 -6.32849347
436 -683.48101807 -6.32852795
437 -683.48266602 -6.32854320
438 -683.48577881 -6.32857203
439 -683.48785400 -6.32859124
440 -683.49047852 -6.32861554
441 -683.49255371 -6.32863476
442 -683.49523926 -6.32865962
443 -683.49798584 -6.32868505
444 -683.49993896 -6.32870314
445 -683.50054932 -6.32870879
446 -683.50390625 -6.32873987
447 -683.50585938 -6.32875796
448 -683.50738525 -6.32877209
449 -683.50927734 -6.32878961
450 -683.51220703 -6.32881673
451 -683.51318359 -6.32882577
452 -683.51550293 -6.32884725
453 -683.51770020 -6.32886759
454 -683.51922607 -6.32888172
455 -683.52239990 -6.32891111
456 -683.52386475 -6.32892467
457 -683.52404785 -6.32892637
458 -683.52575684 -6.32894219
459 -683.52764893 -6.32895971
460 -683.52886963 -6.32897102
461 -683.53045654 -6.32898571
462 -683.53088379 -6.32898966
463 -683.53234863 -6.32900323
464 -683.53442383 -6.32902244
465 -683.53576660 -6.32903488
466 -683.53869629 -6.32906200
467 -683.53930664 -6.32906765
468 -683.54174805 -6.32909026
469 -683.54052734 -6.32907896
470 -683.54290771 -6.32910100
471 -683.54370117 -6.32910834
472 -683.54577637 -6.32912756
473 -683.54687500 -6.32913773
474 -683.54876709 -6.32915525
475 -683.55133057 -6.32917899
476 -683.55047607 -6.32917107
477 -683.55261230 -6.32919085
478 -683.55377197 -6.32920159
479 -683.55493164 -6.32921233
480 -683.55657959 -6.32922759
481 -683.55633545 -6.32922533
482 -683.55834961 -6.32924398
483 -683.55993652 -6.32925867
484 -683.56188965 -6.32927676
485 -683.56280518 -6.32928523
486 -683.56262207 -6.32928354
487 -683.56365967 -6.32929315
488 -683.56506348 -6.32930614
489 -683.56597900 -6.32931462
490 -683.56823730 -6.32933553
491 -683.57000732 -6.32935192
492 -683.57122803 -6.32936322
493 -683.57183838 -6.32936887
494 -683.57415771 -6.32939035
495 -683.57281494 -6.32937792
496 -683.57421875 -6.32939091
497 -683.57507324 -6.32939883
498 -683.57495117 -6.32939770
499 -683.57678223 -6.32941465
500 -683.57720947 -6.32941861
501 -683.57702637 -6.32941691
502 -683.57904053 -6.32943556
503 -683.58044434 -6.32944856
504 -683.58074951 -6.32945138
505 -683.58190918 -6.32946212
506 -683.58178711 -6.32946099
507 -683.58227539 -6.32946551
508 -683.58190918 -6.32946212
509 -683.58197021 -6.32946269
510 -683.58270264 -6.32946947
511 -683.58221436 -6.32946495
512 -683.58337402 -6.32947569
513 -683.58319092 -6.32947399
514 -683.58380127 -6.32947964
515 -683.58575439 -6.32949773
516 -683.58691406 -6.32950846
517 -683.58795166 -6.32951807
518 -683.58837891 -6.32952203
519 -683.58935547 -6.32953107
520 -683.58740234 -6.32951298
521 -683.58624268 -6.32950225
522 -683.58856201 -6.32952372
523 -683.58813477 -6.32951977
524 -683.58856201 -6.32952372
525 -683.58978271 -6.32953503
526 -683.59161377 -6.32955198
527 -683.59155273 -6.32955141
528 -683.59307861 -6.32956554
529 -683.59307861 -6.32956554
530 -683.59429932 -6.32957685
531 -683.59448242 -6.32957854
532 -683.59436035 -6.32957741
533 -683.59466553 -6.32958024
534 -683.59497070 -6.32958306
535 -683.59655762 -6.32959776
536 -683.59661865 -6.32959832
537 -683.59814453 -6.32961245
538 -683.59741211 -6.32960567
539 -683.59936523 -6.32962375
540 -683.59765625 -6.32960793
541 -683.59875488 -6.32961810
