0 -583.81225586 -6.63423018
1 -583.82702637 -6.63439803
2 -583.83837891 -6.63452703
3 -583.84619141 -6.63461581
4 -583.85375977 -6.63470182
5 -583.85900879 -6.63476146
6 -583.86437988 -6.63482250
7 -583.86730957 -6.63485579
8 -583.87133789 -6.63490157
9 -583.87493896 -6.63494249
10 -583.87835693 -6.63498133
11 -583.88073730 -6.63500838
12 -583.88372803 -6.63504236
13 -583.88574219 -6.63506525
14 -583.88812256 -6.63509230
15 -583.89038086 -6.63511796
16 -583.89208984 -6.63513738
17 -583.89410400 -6.63516027
18 -583.89624023 -6.63518455
19 -583.89782715 -6.63520258
20 -583.89959717 -6.63522270
21 -583.90081787 -6.63523657
22 -583.90191650 -6.63524905
23 -583.90301514 -6.63526154
24 -583.90417480 -6.63527471
25 -583.90533447 -6.63528789
26 -583.90686035 -6.63530523
27 -583.90783691 -6.63531633
28 -583.90881348 -6.63532743
29 -583.91009521 -6.63534199
30 -583.91131592 -6.63535586
