0 -365.32507324 -5.37242755
1 -365.35839844 -5.37291762
2 -365.38381958 -5.37329146
3 -365.40386963 -5.37358632
4 -365.42272949 -5.37386367
5 -365.43978882 -5.37411454
6 -365.45562744 -5.37434746
7 -365.46896362 -5.37454358
8 -365.48193359 -5.37473432
9 -365.49493408 -5.37492550
10 -365.50601196 -5.37508841
11 -365.51834106 -5.37526972
12 -365.52941895 -5.37543263
13 -365.53985596 -5.37558612
14 -365.54934692 -5.37572569
15 -365.55902100 -5.37586796
16 -365.56750488 -5.37599272
17 -365.57644653 -5.37612421
18 -365.58526611 -5.37625391
19 -365.59362793 -5.37637688
20 -365.60144043 -5.37649177
21 -365.60861206 -5.37659724
22 -365.61560059 -5.37670001
23 -365.62344360 -5.37681535
24 -365.62988281 -5.37691004
25 -365.63638306 -5.37700563
26 -365.64212036 -5.37709001
27 -365.64746094 -5.37716854
28 -365.65319824 -5.37725292
29 -365.65847778 -5.37733056
30 -365.66308594 -5.37739832
31 -365.66763306 -5.37746519
32 -365.67254639 -5.37753745
33 -365.67749023 -5.37761015
34 -365.68206787 -5.37767747
35 -365.68652344 -5.37774299
36 -365.69091797 -5.37780762
37 -365.69418335 -5.37785564
38 -365.69744873 -5.37790366
39 -365.70193481 -5.37796963
40 -365.70544434 -5.37802124
41 -365.70944214 -5.37808003
42 -365.71289062 -5.37813074
43 -365.71542358 -5.37816799
44 -365.71875000 -5.37821691
45 -365.72180176 -5.37826179
46 -365.72436523 -5.37829949
47 -365.72717285 -5.37834078
48 -365.72967529 -5.37837758
49 -365.73239136 -5.37841752
50 -365.73480225 -5.37845297
51 -365.73693848 -5.37848439
52 -365.73925781 -5.37851850
53 -365.74200439 -5.37855889
54 -365.74438477 -5.37859389
55 -365.74639893 -5.37862351
56 -365.74902344 -5.37866211
57 -365.75106812 -5.37869218
58 -365.75378418 -5.37873212
59 -365.75613403 -5.37876668
60 -365.75762939 -5.37878867
61 -365.75976562 -5.37882008
62 -365.76171875 -5.37884881
63 -365.76336670 -5.37887304
64 -365.76531982 -5.37890176
65 -365.76715088 -5.37892869
66 -365.76885986 -5.37895382
67 -365.77062988 -5.37897985
68 -365.77307129 -5.37901575
69 -365.77554321 -5.37905211
70 -365.77688599 -5.37907185
71 -365.77783203 -5.37908577
72 -365.77868652 -5.37909833
73 -365.78067017 -5.37912750
74 -365.78210449 -5.37914860
75 -365.78417969 -5.37917911
76 -365.78588867 -5.37920425
77 -365.78729248 -5.37922489
78 -365.78970337 -5.37926034
79 -365.79071045 -5.37927515
80 -365.79193115 -5.37929311
81 -365.79394531 -5.37932273
82 -365.79568481 -5.37934831
83 -365.79693604 -5.37936671
84 -365.79815674 -5.37938466
85 -365.79907227 -5.37939812
86 -365.80026245 -5.37941562
87 -365.80163574 -5.37943582
88 -365.80273438 -5.37945198
89 -365.80368042 -5.37946589
90 -365.80499268 -5.37948519
91 -365.80609131 -5.37950134
92 -365.80725098 -5.37951840
93 -365.80856323 -5.37953769
94 -365.80926514 -5.37954802
95 -365.81042480 -5.37956507
96 -365.81176758 -5.37958482
97 -365.81231689 -5.37959290
98 -365.81347656 -5.37960995
99 -365.81463623 -5.37962700
100 -365.81634521 -5.37965214
101 -365.81713867 -5.37966380
102 -365.81777954 -5.37967323
103 -365.81854248 -5.37968445
104 -365.81988525 -5.37970419
105 -365.82113647 -5.37972260
106 -365.82235718 -5.37974055
107 -365.82287598 -5.37974818
108 -365.82366943 -5.37975984
109 -365.82479858 -5.37977645
110 -365.82589722 -5.37979261
111 -365.82635498 -5.37979934
112 -365.82745361 -5.37981549
113 -365.82843018 -5.37982986
114 -365.82928467 -5.37984242
115 -365.82989502 -5.37985140
116 -365.83099365 -5.37986755
