0 -451.96289062 -6.27726237
1 -451.97506714 -6.27743149
2 -451.98001099 -6.27750015
3 -451.98809814 -6.27761247
4 -451.99145508 -6.27765910
5 -451.99450684 -6.27770148
6 -451.99819946 -6.27775277
7 -452.00277710 -6.27781635
8 -452.00454712 -6.27784093
9 -452.00643921 -6.27786721
10 -452.00805664 -6.27788968
11 -452.01138306 -6.27793588
12 -452.01150513 -6.27793757
13 -452.01269531 -6.27795410
14 -452.01687622 -6.27801217
15 -452.01770020 -6.27802361
16 -452.01889038 -6.27804014
17 -452.02069092 -6.27806515
18 -452.02230835 -6.27808762
19 -452.02090454 -6.27806812
20 -452.02386475 -6.27810923
21 -452.02496338 -6.27812449
22 -452.02462769 -6.27811983
23 -452.02633667 -6.27814356
24 -452.02597046 -6.27813848
25 -452.02755737 -6.27816052
26 -452.02822876 -6.27816984
27 -452.02890015 -6.27817917
28 -452.02993774 -6.27819358
29 -452.03063965 -6.27820333
30 -452.03164673 -6.27821732
31 -452.03237915 -6.27822749
32 -452.03533936 -6.27826860
33 -452.03256226 -6.27823003
34 -452.03469849 -6.27825970
35 -452.03475952 -6.27826055
36 -452.03463745 -6.27825885
37 -452.03677368 -6.27828852
38 -452.03765869 -6.27830082
39 -452.03817749 -6.27830802
40 -452.03887939 -6.27831777
41 -452.03970337 -6.27832921
42 -452.03878784 -6.27831650
43 -452.03820801 -6.27830844
44 -452.04214478 -6.27836312
45 -452.04431152 -6.27839322
46 -452.04248047 -6.27836778
47 -452.04211426 -6.27836270
48 -452.04266357 -6.27837033
49 -452.04241943 -6.27836694
50 -452.04278564 -6.27837202
51 -452.04394531 -6.27838813
52 -452.04290771 -6.27837372
53 -452.04415894 -6.27839110
54 -452.04309082 -6.27837626
55 -452.04257202 -6.27836906
56 -452.04174805 -6.27835761
57 -452.04364014 -6.27838389
58 -452.04473877 -6.27839915
59 -452.04467773 -6.27839830
60 -452.04339600 -6.27838050
61 -452.04602051 -6.27841695
62 -452.04647827 -6.27842331
63 -452.04461670 -6.27839745
64 -452.04498291 -6.27840254
65 -452.04479980 -6.27840000
66 -452.04595947 -6.27841610
67 -452.04513550 -6.27840466
68 -452.04510498 -6.27840424
69 -452.04675293 -6.27842712
70 -452.04589844 -6.27841526
71 -452.04458618 -6.27839703
72 -452.04598999 -6.27841653
73 -452.04473877 -6.27839915
74 -452.04476929 -6.27839957
75 -452.04406738 -6.27838982
76 -452.04421997 -6.27839194
77 -452.04550171 -6.27840975
78 -452.04626465 -6.27842034
79 -452.04779053 -6.27844154
80 -452.04711914 -6.27843221
81 -452.04785156 -6.27844238
82 -452.04742432 -6.27843645
83 -452.04879761 -6.27845552
84 -452.04895020 -6.27845764
85 -452.04827881 -6.27844832
86 -452.04849243 -6.27845128
87 -452.04809570 -6.27844577
88 -452.04818726 -6.27844705
89 -452.04907227 -6.27845934
90 -452.04931641 -6.27846273
91 -452.04748535 -6.27843730
92 -452.04638672 -6.27842204
93 -452.04754639 -6.27843814
94 -452.04870605 -6.27845425
95 -452.04565430 -6.27841187
96 -452.04629517 -6.27842077
97 -452.04660034 -6.27842500
98 -452.04705811 -6.27843136
99 -452.04678345 -6.27842755
100 -452.04812622 -6.27844620
101 -452.04580688 -6.27841398
102 -452.04687500 -6.27842882
103 -452.04754639 -6.27843814
104 -452.04577637 -6.27841356
105 -452.04721069 -6.27843348
106 -452.04586792 -6.27841483
107 -452.04727173 -6.27843433
108 -452.04782104 -6.27844196
109 -452.04901123 -6.27845849
110 -452.04495239 -6.27840212
111 -452.04565430 -6.27841187
112 -452.04592896 -6.27841568
113 -452.04534912 -6.27840763
114 -452.04489136 -6.27840127
115 -452.04388428 -6.27838728
116 -452.04589844 -6.27841526
117 -452.04699707 -6.27843051
118 -452.04742432 -6.27843645
119 -452.04446411 -6.27839533
120 -452.04812622 -6.27844620
121 -452.04672241 -6.27842670
122 -452.04873657 -6.27845467
123 -452.05072021 -6.27848223
124 -452.04833984 -6.27844916
125 -452.04827881 -6.27844832
126 -452.04791260 -6.27844323
127 -452.04879761 -6.27845552
128 -452.04534912 -6.27840763
129 -452.04565430 -6.27841187
130 -452.04577637 -6.27841356
131 -452.04852295 -6.27845171
132 -452.04702759 -6.27843094
133 -452.04483032 -6.27840042
134 -452.04208374 -6.27836227
135 -452.04299927 -6.27837499
136 -452.04293823 -6.27837414
137 -452.04333496 -6.27837965
138 -452.04397583 -6.27838855
139 -452.04577637 -6.27841356
140 -452.04605103 -6.27841738
141 -452.04699707 -6.27843051
142 -452.04409790 -6.27839025
143 -452.04281616 -6.27837245
144 -452.04095459 -6.27834659
145 -452.04183960 -6.27835888
146 -452.04049683 -6.27834023
147 -452.03921509 -6.27832243
148 -452.04260254 -6.27836948
149 -452.04064941 -6.27834235
150 -452.04345703 -6.27838135
151 -452.04461670 -6.27839745
152 -452.04199219 -6.27836100
153 -452.04687500 -6.27842882
154 -452.04534912 -6.27840763
155 -452.04238892 -6.27836651
156 -452.04397583 -6.27838855
157 -452.04461670 -6.27839745
158 -452.04101562 -6.27834744
159 -452.04534912 -6.27840763
160 -452.04302979 -6.27837541
161 -452.04458618 -6.27839703
162 -452.04846191 -6.27845086
163 -452.04428101 -6.27839279
164 -452.04565430 -6.27841187
165 -452.04089355 -6.27834574
166 -452.04431152 -6.27839322
167 -452.04324341 -6.27837838
168 -452.04675293 -6.27842712
169 -452.04272461 -6.27837118
170 -452.04641724 -6.27842246
171 -452.04360962 -6.27838347
172 -452.04473877 -6.27839915
173 -452.04879761 -6.27845552
174 -452.04827881 -6.27844832
175 -452.05120850 -6.27848901
176 -452.05007935 -6.27847332
177 -452.04779053 -6.27844154
178 -452.04693604 -6.27842967
179 -452.04513550 -6.27840466
180 -452.04650879 -6.27842373
181 -452.04803467 -6.27844493
182 -452.04440308 -6.27839449
183 -452.04681396 -6.27842797
184 -452.04766846 -6.27843984
185 -452.04580688 -6.27841398
186 -452.04916382 -6.27846061
187 -452.04891968 -6.27845722
188 -452.04916382 -6.27846061
189 -452.04922485 -6.27846146
190 -452.05056763 -6.27848011
191 -452.04956055 -6.27846612
192 -452.04998779 -6.27847205
193 -452.05117798 -6.27848858
194 -452.04644775 -6.27842289
195 -452.04922485 -6.27846146
196 -452.04779053 -6.27844154
197 -452.04635620 -6.27842161
198 -452.04647827 -6.27842331
199 -452.04751587 -6.27843772
200 -452.04809570 -6.27844577
201 -452.04837036 -6.27844959
202 -452.04852295 -6.27845171
203 -452.05102539 -6.27848646
204 -452.04687500 -6.27842882
205 -452.05117798 -6.27848858
206 -452.04730225 -6.27843475
207 -452.04959106 -6.27846654
208 -452.04855347 -6.27845213
209 -452.04736328 -6.27843560
210 -452.04809570 -6.27844577
211 -452.04492188 -6.27840169
212 -452.04525757 -6.27840636
213 -452.04870605 -6.27845425
214 -452.04684448 -6.27842840
215 -452.04809570 -6.27844577
216 -452.04437256 -6.27839406
217 -452.04840088 -6.27845001
218 -452.04589844 -6.27841526
219 -452.04089355 -6.27834574
220 -452.04470825 -6.27839873
221 -452.04397583 -6.27838855
222 -452.04431152 -6.27839322
223 -452.04443359 -6.27839491
224 -452.04522705 -6.27840593
225 -452.04324341 -6.27837838
226 -452.04290771 -6.27837372
227 -452.04122925 -6.27835041
228 -452.04528809 -6.27840678
229 -452.04049683 -6.27834023
230 -452.04571533 -6.27841271
231 -452.04519653 -6.27840551
232 -452.04302979 -6.27837541
233 -452.04183960 -6.27835888
234 -452.04055786 -6.27834108
235 -452.04122925 -6.27835041
236 -452.04348755 -6.27838177
237 -452.04727173 -6.27843433
238 -452.04342651 -6.27838092
239 -452.04351807 -6.27838220
240 -452.04400635 -6.27838898
241 -452.04525757 -6.27840636
242 -452.04721069 -6.27843348
243 -452.04336548 -6.27838008
244 -452.04287720 -6.27837329
245 -452.04434204 -6.27839364
246 -452.04162598 -6.27835592
247 -452.04666138 -6.27842585
248 -452.04183960 -6.27835888
249 -452.04635620 -6.27842161
250 -452.04534912 -6.27840763
251 -452.04263306 -6.27836990
252 -452.04537964 -6.27840805
253 -452.03735352 -6.27829658
254 -452.04293823 -6.27837414
255 -452.04232788 -6.27836567
256 -452.04104614 -6.27834786
257 -452.04455566 -6.27839661
258 -452.03686523 -6.27828979
259 -452.03787231 -6.27830378
260 -452.04058838 -6.27834151
261 -452.03570557 -6.27827369
262 -452.03887939 -6.27831777
263 -452.03991699 -6.27833218
264 -452.04010010 -6.27833472
265 -452.03701782 -6.27829191
266 -452.04583740 -6.27841441
267 -452.04376221 -6.27838559
268 -452.04251099 -6.27836821
269 -452.04388428 -6.27838728
270 -452.04385376 -6.27838686
271 -452.04049683 -6.27834023
272 -452.04623413 -6.27841992
273 -452.04171753 -6.27835719
274 -452.04318237 -6.27837753
275 -452.04290771 -6.27837372
276 -452.03881836 -6.27831692
277 -452.03738403 -6.27829700
278 -452.04177856 -6.27835804
279 -452.04232788 -6.27836567
280 -452.04043579 -6.27833939
281 -452.04296875 -6.27837457
282 -452.04263306 -6.27836990
283 -452.04101562 -6.27834744
284 -452.04730225 -6.27843475
285 -452.04266357 -6.27837033
286 -452.04428101 -6.27839279
287 -452.04220581 -6.27836397
288 -452.04397583 -6.27838855
289 -452.03866577 -6.27831480
290 -452.04275513 -6.27837160
291 -452.04238892 -6.27836651
292 -452.04513550 -6.27840466
293 -452.04321289 -6.27837796
294 -452.04177856 -6.27835804
295 -452.04083252 -6.27834490
296 -452.03887939 -6.27831777
297 -452.04086304 -6.27834532
298 -452.03872681 -6.27831565
299 -452.03903198 -6.27831989
300 -452.04193115 -6.27836015
301 -452.03793335 -6.27830463
302 -452.03262329 -6.27823088
303 -452.03796387 -6.27830505
304 -452.03338623 -6.27824148
305 -452.03814697 -6.27830760
306 -452.03463745 -6.27825885
307 -452.03820801 -6.27830844
308 -452.03973389 -6.27832964
309 -452.03540039 -6.27826945
310 -452.04571533 -6.27841271
311 -452.03796387 -6.27830505
312 -452.04238892 -6.27836651
313 -452.03799438 -6.27830548
314 -452.04119873 -6.27834998
315 -452.03692627 -6.27829064
316 -452.03604126 -6.27827835
317 -452.03433228 -6.27825461
318 -452.03280640 -6.27823342
319 -452.03564453 -6.27827284
320 -452.02987671 -6.27819273
321 -452.03140259 -6.27821392
322 -452.03527832 -6.27826775
323 -452.03192139 -6.27822113
324 -452.03036499 -6.27819951
325 -452.03616333 -6.27828005
326 -452.03128052 -6.27821223
327 -452.03469849 -6.27825970
328 -452.03347778 -6.27824275
329 -452.03558350 -6.27827199
330 -452.03320312 -6.27823893
331 -452.03402710 -6.27825038
332 -452.03729248 -6.27829573
333 -452.03512573 -6.27826564
334 -452.02740479 -6.27815840
335 -452.03411865 -6.27825165
336 -452.03543091 -6.27826987
337 -452.03494263 -6.27826309
338 -452.03613281 -6.27827962
339 -452.03860474 -6.27831395
340 -452.03384399 -6.27824783
341 -452.03869629 -6.27831523
342 -452.04049683 -6.27834023
343 -452.03982544 -6.27833091
344 -452.03732300 -6.27829615
345 -452.03128052 -6.27821223
346 -452.03646851 -6.27828428
347 -452.03948975 -6.27832625
348 -452.03448486 -6.27825673
349 -452.04336548 -6.27838008
350 -452.03866577 -6.27831480
351 -452.04174805 -6.27835761
352 -452.03384399 -6.27824783
