0 -687.05041504 -6.73578838
1 -685.94451904 -6.72494627
2 -684.80310059 -6.71375589
3 -683.19384766 -6.69797890
4 -681.70263672 -6.68335918
5 -679.44647217 -6.66123992
6 -677.95941162 -6.64666090
7 -676.74279785 -6.63473331
8 -675.16986084 -6.61931236
9 -675.11596680 -6.61878399
10 -673.87164307 -6.60658474
11 -671.63250732 -6.58463242
12 -670.35638428 -6.57212141
13 -670.34606934 -6.57202029
14 -669.53283691 -6.56404742
15 -668.70996094 -6.55598001
16 -668.58355713 -6.55474076
17 -667.27154541 -6.54187790
18 -664.48828125 -6.51459099
19 -662.02624512 -6.49045338
20 -658.76092529 -6.45844044
21 -656.98565674 -6.44103585
22 -656.37817383 -6.43508014
23 -655.92980957 -6.43068441
24 -654.63848877 -6.41802440
25 -650.76855469 -6.38008387
26 -650.98858643 -6.38224104
27 -651.08203125 -6.38315717
28 -648.51525879 -6.35799273
29 -647.16534424 -6.34475828
30 -648.06726074 -6.35360060
31 -647.04687500 -6.34359681
32 -641.76232910 -6.29178754
33 -641.79870605 -6.29214418
34 -640.39801025 -6.27841187
35 -637.55187988 -6.25050863
36 -636.96331787 -6.24473841
37 -638.28900146 -6.25773531
38 -639.66387939 -6.27121450
39 -639.71710205 -6.27173629
40 -640.35833740 -6.27802292
41 -639.56976318 -6.27029180
42 -638.67413330 -6.26151111
43 -636.56054688 -6.24078968
44 -636.30944824 -6.23832792
45 -635.35156250 -6.22893689
46 -630.70245361 -6.18335739
47 -629.37170410 -6.17031082
48 -629.12200928 -6.16786284
49 -626.45867920 -6.14175176
50 -625.05340576 -6.12797457
51 -625.94592285 -6.13672473
52 -622.48980713 -6.10284125
53 -621.05249023 -6.08874990
54 -622.92028809 -6.10706165
55 -619.49621582 -6.07349231
56 -616.62188721 -6.04531262
57 -614.72216797 -6.02668792
58 -615.46105957 -6.03393196
59 -615.41394043 -6.03347000
60 -617.70080566 -6.05589025
61 -616.59423828 -6.04504155
62 -613.20971680 -6.01185997
63 -609.86236572 -5.97904280
64 -607.56378174 -5.95650766
65 -606.48016357 -5.94588396
66 -606.09472656 -5.94210516
67 -606.81945801 -5.94921037
68 -605.41809082 -5.93547148
69 -607.74438477 -5.95827828
70 -605.89575195 -5.94015443
71 -604.63610840 -5.92780498
72 -598.39001465 -5.86656877
73 -599.49243164 -5.87737678
74 -595.71801758 -5.84037272
75 -594.67907715 -5.83018703
76 -595.96618652 -5.84280575
77 -591.15246582 -5.79561241
78 -593.50976562 -5.81872319
79 -588.17956543 -5.76646633
80 -584.10363770 -5.72650625
81 -584.97644043 -5.73506314
82 -583.82214355 -5.72374651
83 -583.57446289 -5.72131826
84 -579.85595703 -5.68486232
85 -576.64453125 -5.65337776
86 -577.49005127 -5.66166717
87 -580.08319092 -5.68709011
88 -576.10906982 -5.64812814
89 -574.96972656 -5.63695810
90 -575.45349121 -5.64170089
91 -573.79650879 -5.62545597
92 -573.16772461 -5.61929142
93 -575.00689697 -5.63732252
94 -570.45166016 -5.59266333
95 -569.45880127 -5.58292942
96 -569.15722656 -5.57997281
97 -564.36987305 -5.53303797
98 -564.02636719 -5.52967027
99 -563.10559082 -5.52064305
100 -558.28027344 -5.47333601
101 -562.26885986 -5.51243980
102 -563.93212891 -5.52874636
103 -561.47082520 -5.50461593
104 -559.37915039 -5.48410932
105 -553.57641602 -5.42721976
106 -550.80059814 -5.40000586
107 -548.70257568 -5.37943702
108 -545.83728027 -5.35134589
109 -549.55493164 -5.38779345
110 -552.08520508 -5.41260005
111 -553.15167236 -5.42305561
112 -552.12426758 -5.41298302
113 -551.38110352 -5.40569709
114 -550.88568115 -5.40084001
115 -549.53924561 -5.38763966
116 -548.66198730 -5.37903909
117 -549.22351074 -5.38454422
118 -541.52612305 -5.30907964
119 -542.01782227 -5.31390022
120 -539.40380859 -5.28827263
121 -538.58764648 -5.28027104
122 -530.15551758 -5.19760311
123 -518.10205078 -5.07943187
124 -522.85540771 -5.12603341
125 -521.39843750 -5.11174939
126 -514.71374512 -5.04621319
127 -512.76147461 -5.02707328
128 -515.98345947 -5.05866137
129 -521.53192139 -5.11305805
130 -521.36004639 -5.11137300
131 -522.21826172 -5.11978688
132 -519.85900879 -5.09665695
133 -517.48437500 -5.07337623
134 -510.71386719 -5.00699870
135 -506.69229126 -4.96757148
136 -506.56753540 -4.96634839
137 -508.50592041 -4.98535216
138 -503.03399658 -4.93170585
139 -501.40878296 -4.91577238
140 -506.34783936 -4.96419450
141 -513.84301758 -5.03767664
142 -505.19372559 -4.95287966
143 -509.76654053 -4.99771118
144 -506.46127319 -4.96530660
145 -497.96887207 -4.88204777
146 -491.32165527 -4.81687897
147 -490.45126343 -4.80834572
148 -491.45257568 -4.81816251
149 -484.77172852 -4.75266401
150 -484.95080566 -4.75441966
151 -488.33145142 -4.78756325
152 -494.39898682 -4.84704889
153 -489.19262695 -4.79600615
154 -489.20373535 -4.79611505
155 -490.70562744 -4.81083948
156 -495.60565186 -4.85887894
157 -490.39227295 -4.80776738
158 -494.28277588 -4.84590957
159 -496.64324951 -4.86905147
160 -487.20770264 -4.77654610
161 -487.10388184 -4.77552825
162 -485.72222900 -4.76198264
163 -487.79962158 -4.78234923
164 -490.08850098 -4.80478923
165 -486.35064697 -4.76814360
166 -488.92059326 -4.79333915
167 -493.69952393 -4.84019141
168 -495.00091553 -4.85295015
169 -487.23101807 -4.77677469
170 -486.86972046 -4.77323255
171 -493.32235718 -4.83649370
172 -492.40582275 -4.82750807
173 -499.05718994 -4.89271755
174 -494.35403442 -4.84660818
175 -493.11056519 -4.83441731
176 -498.30523682 -4.88534546
177 -496.28195190 -4.86550933
178 -495.74557495 -4.86025073
179 -500.12326050 -4.90316922
180 -498.73608398 -4.88956945
181 -497.09469604 -4.87347741
182 -503.46957397 -4.93597622
183 -504.16687012 -4.94281245
184 -504.84851074 -4.94949520
185 -503.33612061 -4.93466785
186 -502.15411377 -4.92307955
187 -501.38452148 -4.91553452
188 -499.97067261 -4.90167326
189 -505.49121094 -4.95579619
190 -504.51229858 -4.94619901
191 -502.58526611 -4.92730653
192 -505.75384521 -4.95837103
193 -505.72064209 -4.95804551
194 -507.62265015 -4.97669265
195 -502.46423340 -4.92611994
196 -497.30993652 -4.87558761
197 -495.00207520 -4.85296152
198 -495.12933350 -4.85420915
199 -494.25463867 -4.84563371
200 -491.56158447 -4.81923122
201 -492.81188965 -4.83148911
202 -487.21740723 -4.77664125
203 -483.05786133 -4.73586139
204 -484.18319702 -4.74689409
205 -491.49853516 -4.81861309
206 -494.52072144 -4.84824237
207 -489.52929688 -4.79930683
208 -487.85888672 -4.78293026
209 -489.51989746 -4.79921468
210 -491.85351562 -4.82209329
211 -484.69030762 -4.75186576
212 -481.62210083 -4.72178530
213 -486.49884033 -4.76959647
214 -490.36950684 -4.80754418
215 -489.84796143 -4.80243099
216 -489.21221924 -4.79619823
217 -491.55685425 -4.81918485
218 -491.01336670 -4.81385654
219 -496.47717285 -4.86742326
220 -497.19924927 -4.87450244
221 -500.57055664 -4.90755448
222 -508.23437500 -4.98268995
223 -508.34936523 -4.98381731
224 -509.63824463 -4.99645338
225 -510.31924438 -5.00312985
226 -506.86923218 -4.96930620
227 -505.50512695 -4.95593262
228 -502.88858032 -4.93028020
229 -500.80166626 -4.90982026
230 -504.06463623 -4.94181016
231 -504.94378662 -4.95042928
232 -504.88513184 -4.94985423
233 -508.60888672 -4.98636163
234 -503.93811035 -4.94056971
235 -503.00714111 -4.93144256
236 -497.35876465 -4.87606632
237 -499.50750732 -4.89713242
238 -495.02188110 -4.85315570
239 -495.79766846 -4.86076146
240 -491.33813477 -4.81704054
241 -495.58581543 -4.85868446
242 -494.31857300 -4.84626052
243 -493.63293457 -4.83953857
244 -493.33905029 -4.83665736
245 -492.50189209 -4.82844992
246 -491.59039307 -4.81951366
247 -493.74929810 -4.84067939
248 -494.69604492 -4.84996122
249 -490.47836304 -4.80861140
250 -488.91744995 -4.79330833
251 -493.62438965 -4.83945480
252 -493.97210693 -4.84286379
253 -492.67181396 -4.83011582
254 -492.35650635 -4.82702457
255 -489.10961914 -4.79519234
256 -492.42514038 -4.82769745
257 -495.33697510 -4.85624485
258 -496.29064941 -4.86559460
259 -495.27105713 -4.85559860
260 -491.89312744 -4.82248164
261 -493.38638306 -4.83712140
262 -496.97961426 -4.87234916
263 -499.48138428 -4.89687632
264 -494.52493286 -4.84828366
265 -492.52825928 -4.82870842
266 -492.17568970 -4.82525186
267 -490.80920410 -4.81185494
268 -489.51062012 -4.79912373
269 -488.01281738 -4.78443939
270 -484.16937256 -4.74675855
271 -481.77059937 -4.72324117
272 -483.09457397 -4.73622131
273 -482.73983765 -4.73274351
274 -481.88217163 -4.72433502
275 -479.60604858 -4.70202008
276 -481.11489868 -4.71681273
277 -482.84863281 -4.73381013
278 -484.57388306 -4.75072434
279 -484.70550537 -4.75201476
280 -484.16125488 -4.74667897
281 -486.40548706 -4.76868125
282 -485.94778442 -4.76419396
283 -486.36767578 -4.76831055
284 -488.15283203 -4.78581208
285 -488.46359253 -4.78885875
286 -487.95428467 -4.78386554
287 -489.43572998 -4.79838951
288 -489.18939209 -4.79597443
289 -491.46826172 -4.81831629
290 -489.22070312 -4.79628140
291 -489.83923340 -4.80234543
292 -485.58749390 -4.76066170
293 -481.63589478 -4.72192054
294 -481.00439453 -4.71572936
295 -479.37918091 -4.69979589
296 -476.19287109 -4.66855756
297 -473.71020508 -4.64421770
298 -472.64663696 -4.63379056
299 -479.11886597 -4.69724378
300 -486.01519775 -4.76485488
301 -485.20544434 -4.75691612
302 -482.02239990 -4.72570980
303 -479.72082520 -4.70314535
304 -475.03686523 -4.65722417
305 -473.92895508 -4.64636230
306 -473.80389404 -4.64513622
307 -470.57080078 -4.61343922
