0 -568.79785156 -6.93655917
1 -568.63507080 -6.93457403
2 -568.50189209 -6.93294990
3 -568.33392334 -6.93090150
4 -568.20104980 -6.92928110
5 -568.01879883 -6.92705852
6 -567.85577393 -6.92507041
7 -567.69445801 -6.92310315
8 -567.56958008 -6.92158024
9 -567.37445068 -6.91920062
10 -567.28649902 -6.91812804
11 -567.07208252 -6.91551320
12 -566.85870361 -6.91291102
13 -566.70776367 -6.91107029
14 -566.53759766 -6.90899509
15 -566.41540527 -6.90750494
16 -566.36840820 -6.90693181
17 -566.26727295 -6.90569845
18 -566.17706299 -6.90459833
19 -566.10217285 -6.90368503
20 -566.01519775 -6.90262436
21 -565.99365234 -6.90236161
22 -565.95825195 -6.90192990
23 -565.90655518 -6.90129945
24 -565.88629150 -6.90105234
25 -565.85760498 -6.90070250
26 -565.78527832 -6.89982047
27 -565.74505615 -6.89932995
28 -565.72247314 -6.89905455
29 -565.70343018 -6.89882232
30 -565.68206787 -6.89856180
31 -565.62530518 -6.89786958
32 -565.61712646 -6.89776983
33 -565.59735107 -6.89752867
34 -565.58703613 -6.89740288
35 -565.55035400 -6.89695554
36 -565.51269531 -6.89649628
37 -565.48254395 -6.89612858
38 -565.46154785 -6.89587253
39 -565.43267822 -6.89552047
40 -565.41510010 -6.89530610
41 -565.36932373 -6.89474785
42 -565.34906006 -6.89450073
43 -565.32684326 -6.89422980
44 -565.31146240 -6.89404222
45 -565.30413818 -6.89395290
46 -565.28607178 -6.89373258
47 -565.32275391 -6.89417993
48 -565.27630615 -6.89361349
49 -565.22930908 -6.89304035
50 -565.22760010 -6.89301951
51 -565.21221924 -6.89283194
52 -565.20330811 -6.89272327
53 -565.19512939 -6.89262353
54 -565.18389893 -6.89248657
55 -565.16180420 -6.89221712
56 -565.14532471 -6.89201615
57 -565.15051270 -6.89207942
58 -565.13067627 -6.89183752
59 -565.11273193 -6.89161868
60 -565.11120605 -6.89160007
61 -565.09204102 -6.89136635
62 -565.05493164 -6.89091380
63 -565.05755615 -6.89094581
64 -565.04296875 -6.89076791
65 -565.01434326 -6.89041882
66 -564.97595215 -6.88995064
67 -564.98345947 -6.89004219
68 -565.00329590 -6.89028410
69 -564.97149658 -6.88989630
70 -564.94799805 -6.88960973
71 -564.88049316 -6.88878650
72 -564.90478516 -6.88908275
73 -564.90106201 -6.88903734
74 -564.91418457 -6.88919737
75 -564.91540527 -6.88921226
76 -564.90368652 -6.88906935
77 -564.88293457 -6.88881628
78 -564.88049316 -6.88878650
79 -564.89245605 -6.88893239
80 -564.89978027 -6.88902171
81 -564.90826416 -6.88912517
82 -564.88256836 -6.88881181
83 -564.86462402 -6.88859298
84 -564.84783936 -6.88838828
85 -564.84790039 -6.88838903
86 -564.81213379 -6.88795285
87 -564.80181885 -6.88782706
88 -564.80285645 -6.88783971
89 -564.77282715 -6.88747350
90 -564.76141357 -6.88733431
91 -564.75549316 -6.88726211
92 -564.74176025 -6.88709464
93 -564.74963379 -6.88719066
94 -564.72973633 -6.88694800
95 -564.72393799 -6.88687729
96 -564.72882080 -6.88693684
97 -564.74993896 -6.88719438
98 -564.73529053 -6.88701574
99 -564.73925781 -6.88706412
100 -564.73223877 -6.88697852
101 -564.70507812 -6.88664729
102 -564.68682861 -6.88642474
103 -564.69287109 -6.88649843
104 -564.63861084 -6.88583672
105 -564.63513184 -6.88579429
106 -564.54864502 -6.88473957
107 -564.51416016 -6.88431903
108 -564.50158691 -6.88416569
109 -564.49047852 -6.88403023
110 -564.50976562 -6.88426543
111 -564.47558594 -6.88384861
112 -564.44775391 -6.88350919
113 -564.42602539 -6.88324421
114 -564.40319824 -6.88296583
115 -564.36553955 -6.88250658
116 -564.36688232 -6.88252296
117 -564.37817383 -6.88266066
118 -564.39129639 -6.88282069
119 -564.36444092 -6.88249318
120 -564.35296631 -6.88235325
121 -564.34490967 -6.88225500
122 -564.34033203 -6.88219917
123 -564.32421875 -6.88200267
124 -564.31066895 -6.88183743
125 -564.33203125 -6.88209794
126 -564.31866455 -6.88193493
127 -564.30920410 -6.88181956
128 -564.30499268 -6.88176820
129 -564.31359863 -6.88187315
130 -564.29968262 -6.88170345
131 -564.29040527 -6.88159031
132 -564.29248047 -6.88161562
133 -564.25000000 -6.88109756
134 -564.22619629 -6.88080727
135 -564.21759033 -6.88070232
136 -564.19335938 -6.88040682
137 -564.15466309 -6.87993492
138 -564.14410400 -6.87980615
139 -564.12170410 -6.87953298
140 -564.14099121 -6.87976819
141 -564.11016846 -6.87939230
142 -564.10137939 -6.87928511
143 -564.12030029 -6.87951586
144 -564.10345459 -6.87931042
145 -564.09320068 -6.87918537
146 -564.06469727 -6.87883777
147 -564.06799316 -6.87887797
148 -564.03466797 -6.87847156
149 -564.01708984 -6.87825719
150 -563.98950195 -6.87792076
151 -563.94494629 -6.87737739
152 -563.94036865 -6.87732157
153 -563.92797852 -6.87717047
154 -563.90423584 -6.87688092
155 -563.90856934 -6.87693377
156 -563.89392090 -6.87675513
157 -563.88854980 -6.87668963
158 -563.89270020 -6.87674025
159 -563.87805176 -6.87656161
160 -563.87231445 -6.87649164
161 -563.91302490 -6.87698811
162 -563.88970947 -6.87670377
163 -563.87561035 -6.87653183
164 -563.84313965 -6.87613585
165 -563.83221436 -6.87600261
166 -563.82543945 -6.87591999
167 -563.80889893 -6.87571828
168 -563.80200195 -6.87563417
169 -563.79370117 -6.87553294
170 -563.78594971 -6.87543841
171 -563.76977539 -6.87524116
172 -563.77453613 -6.87529922
173 -563.76348877 -6.87516450
174 -563.77355957 -6.87528731
175 -563.77197266 -6.87526796
176 -563.76403809 -6.87517120
177 -563.78277588 -6.87539971
178 -563.78021240 -6.87536844
179 -563.75958252 -6.87511686
180 -563.74645996 -6.87495683
181 -563.72265625 -6.87466654
182 -563.71655273 -6.87459211
183 -563.69598389 -6.87434127
184 -563.69091797 -6.87427949
185 -563.63159180 -6.87355600
186 -563.61560059 -6.87336098
187 -563.66552734 -6.87396985
188 -563.63812256 -6.87363564
189 -563.64257812 -6.87368998
190 -563.63995361 -6.87365797
191 -563.61608887 -6.87336694
192 -563.61877441 -6.87339969
193 -563.62420654 -6.87346593
194 -563.62139893 -6.87343169
195 -563.61706543 -6.87337885
196 -563.59307861 -6.87308632
197 -563.58441162 -6.87298063
198 -563.59570312 -6.87311833
199 -563.59045410 -6.87305432
200 -563.57904053 -6.87291513
201 -563.55468750 -6.87261814
202 -563.55401611 -6.87260995
203 -563.54089355 -6.87244992
204 -563.48480225 -6.87176588
205 -563.48852539 -6.87181129
206 -563.49096680 -6.87184106
207 -563.47338867 -6.87162669
208 -563.44927979 -6.87133268
209 -563.41802979 -6.87095158
210 -563.37762451 -6.87045884
211 -563.35485840 -6.87018120
212 -563.33697510 -6.86996311
213 -563.32702637 -6.86984178
214 -563.32324219 -6.86979564
215 -563.31335449 -6.86967505
216 -563.28454590 -6.86932373
217 -563.29077148 -6.86939965
218 -563.27056885 -6.86915328
219 -563.27655029 -6.86922622
220 -563.25976562 -6.86902153
221 -563.26409912 -6.86907438
222 -563.29064941 -6.86939816
223 -563.33087158 -6.86988868
224 -563.27929688 -6.86925972
225 -563.26232910 -6.86905279
226 -563.25817871 -6.86900218
227 -563.25378418 -6.86894859
228 -563.23675537 -6.86874092
229 -563.21215820 -6.86844095
230 -563.20538330 -6.86835833
231 -563.17877197 -6.86803380
232 -563.17205811 -6.86795193
233 -563.15069580 -6.86769141
234 -563.13806152 -6.86753734
235 -563.15234375 -6.86771151
236 -563.16662598 -6.86788568
237 -563.15472412 -6.86774054
238 -563.14776611 -6.86765568
239 -563.13732910 -6.86752840
240 -563.11413574 -6.86724556
241 -563.12365723 -6.86736167
242 -563.11212158 -6.86722099
243 -563.09234619 -6.86697983
244 -563.09869385 -6.86705724
245 -563.07476807 -6.86676546
246 -563.08319092 -6.86686818
247 -563.07525635 -6.86677142
248 -562.98992920 -6.86573084
249 -562.98858643 -6.86571447
250 -562.96533203 -6.86543088
251 -562.93609619 -6.86507434
252 -562.92706299 -6.86496418
253 -562.90051270 -6.86464040
254 -562.90954590 -6.86475056
255 -562.93023682 -6.86500289
256 -562.91925049 -6.86486891
257 -562.91680908 -6.86483914
258 -562.87353516 -6.86431140
259 -562.86657715 -6.86422655
260 -562.85522461 -6.86408810
261 -562.85833740 -6.86412607
262 -562.86456299 -6.86420199
263 -562.87786865 -6.86436425
264 -562.86865234 -6.86425186
265 -562.86389160 -6.86419380
266 -562.85449219 -6.86407917
267 -562.84069824 -6.86391095
268 -562.82714844 -6.86374571
269 -562.82446289 -6.86371296
270 -562.77551270 -6.86311601
271 -562.76953125 -6.86304306
272 -562.80102539 -6.86342714
273 -562.79333496 -6.86333335
274 -562.78649902 -6.86324999
275 -562.77709961 -6.86313536
276 -562.76019287 -6.86292918
277 -562.75964355 -6.86292248
278 -562.72698975 -6.86252427
279 -562.69317627 -6.86211191
280 -562.67840576 -6.86193178
281 -562.67443848 -6.86188340
282 -562.67187500 -6.86185213
283 -562.65093994 -6.86159683
284 -562.67620850 -6.86190498
285 -562.67364502 -6.86187372
286 -562.68896484 -6.86206055
287 -562.70025635 -6.86219825
288 -562.70581055 -6.86226598
289 -562.73193359 -6.86258456
290 -562.72540283 -6.86250491
291 -562.68450928 -6.86200621
292 -562.68084717 -6.86196155
293 -562.70721436 -6.86228310
294 -562.66998291 -6.86182906
295 -562.65570068 -6.86165489
296 -562.63769531 -6.86143531
297 -562.62768555 -6.86131324
298 -562.61627197 -6.86117405
299 -562.60455322 -6.86103114
300 -562.56518555 -6.86055104
301 -562.57232666 -6.86063813
302 -562.55535889 -6.86043121
303 -562.55981445 -6.86048554
304 -562.52429199 -6.86005234
305 -562.49688721 -6.85971814
306 -562.48303223 -6.85954917
307 -562.44531250 -6.85908918
308 -562.46502686 -6.85932960
309 -562.43872070 -6.85900879
310 -562.40191650 -6.85855996
311 -562.39074707 -6.85842374
312 -562.34606934 -6.85787889
313 -562.30737305 -6.85740699
314 -562.28485107 -6.85713233
315 -562.25360107 -6.85675123
316 -562.25042725 -6.85671253
317 -562.22833252 -6.85644308
318 -562.20782471 -6.85619298
319 -562.18658447 -6.85593396
320 -562.15625000 -6.85556402
321 -562.13940430 -6.85535859
322 -562.14739990 -6.85545610
323 -562.15179443 -6.85550969
324 -562.12176514 -6.85514348
325 -562.13238525 -6.85527299
326 -562.10498047 -6.85493879
327 -562.11425781 -6.85505192
328 -562.09234619 -6.85478471
329 -562.12219238 -6.85514869
330 -562.07507324 -6.85457406
331 -562.06304932 -6.85442743
332 -562.07397461 -6.85456067
333 -562.05841064 -6.85437086
334 -562.04681396 -6.85422944
335 -562.06793213 -6.85448698
336 -562.01141357 -6.85379773
