0 -746.85638428 -6.55137179
1 -745.02569580 -6.53531312
2 -743.93005371 -6.52570223
3 -741.71826172 -6.50630054
4 -740.12689209 -6.49234116
5 -737.58428955 -6.47003763
6 -735.90155029 -6.45527676
7 -732.71118164 -6.42729107
8 -728.31689453 -6.38874469
9 -726.36981201 -6.37166502
10 -722.51995850 -6.33789437
11 -720.74353027 -6.32231167
12 -718.97741699 -6.30681945
13 -720.64721680 -6.32146681
14 -719.04498291 -6.30741213
15 -721.33703613 -6.32751786
16 -719.70532227 -6.31320458
17 -719.17999268 -6.30859643
18 -717.74121094 -6.29597553
19 -713.85009766 -6.26184296
20 -710.32342529 -6.23090724
21 -707.13952637 -6.20297830
22 -705.13824463 -6.18542320
23 -700.24523926 -6.14250210
24 -700.61114502 -6.14571180
25 -696.85766602 -6.11278654
26 -696.70147705 -6.11141647
27 -696.19891357 -6.10700801
28 -695.24536133 -6.09864352
29 -693.82287598 -6.08616558
30 -689.12945557 -6.04499522
31 -683.65856934 -5.99700499
32 -682.59466553 -5.98767250
33 -681.68823242 -5.97972134
34 -679.70886230 -5.96235844
35 -675.23455811 -5.92311016
36 -674.73760986 -5.91875096
37 -668.57458496 -5.86468934
38 -663.39392090 -5.81924492
39 -664.23333740 -5.82660822
40 -656.53668213 -5.75909370
41 -657.40380859 -5.76670008
42 -655.93890381 -5.75385003
43 -654.39935303 -5.74034520
44 -655.32171631 -5.74843611
45 -653.15716553 -5.72944882
46 -649.21862793 -5.69490024
47 -650.96124268 -5.71018634
48 -648.08355713 -5.68494348
49 -642.07928467 -5.63227443
50 -629.97467041 -5.52609360
51 -629.17718506 -5.51909811
52 -628.48632812 -5.51303797
53 -626.42529297 -5.49495871
54 -622.93292236 -5.46432388
55 -622.39160156 -5.45957545
56 -617.05664062 -5.41277755
57 -616.73065186 -5.40991800
58 -617.06335449 -5.41283644
59 -607.60467529 -5.32986557
60 -610.79357910 -5.35783841
61 -607.43237305 -5.32835415
62 -604.63171387 -5.30378696
63 -601.39288330 -5.27537617
64 -606.28869629 -5.31832190
65 -600.63391113 -5.26871852
66 -604.37805176 -5.30156186
67 -596.25744629 -5.23032848
68 -592.54736328 -5.19778389
69 -599.57995605 -5.25947330
70 -599.22796631 -5.25638567
71 -600.69189453 -5.26922715
72 -600.90124512 -5.27106355
73 -596.60461426 -5.23337381
74 -586.86962891 -5.14797920
75 -577.87860107 -5.06911054
76 -580.60375977 -5.09301544
77 -576.37750244 -5.05594300
78 -583.77453613 -5.12082926
79 -580.88104248 -5.09544774
80 -574.52020264 -5.03965090
81 -576.57055664 -5.05763646
82 -570.04797363 -5.00042082
83 -574.02758789 -5.03532972
84 -579.44396973 -5.08284184
85 -573.62487793 -5.03179717
86 -562.83392334 -4.93713968
87 -569.09521484 -4.99206329
88 -566.57690430 -4.96997284
89 -574.53076172 -5.03974352
90 -572.26275635 -5.01984874
91 -573.08465576 -5.02705838
92 -570.16595459 -5.00145574
93 -573.50811768 -5.03077296
94 -566.54693604 -4.96970997
95 -566.51715088 -4.96944869
96 -560.82446289 -4.91951283
97 -559.63330078 -4.90906404
98 -551.97174072 -4.84185737
99 -546.74176025 -4.79598035
100 -536.42828369 -4.70551126
101 -530.50622559 -4.65356338
102 -517.57946777 -4.54017077
103 -508.02111816 -4.45632560
104 -506.84564209 -4.44601440
105 -493.45385742 -4.32854261
106 -473.49902344 -4.15350021
107 -453.43499756 -3.97749998
108 -459.38220215 -4.02966844
109 -418.50335693 -3.67108208
110 -399.26861572 -3.50235628
111 -402.99377441 -3.53503311
112 -387.54885864 -3.39955139
113 -378.65567017 -3.32154097
114 -388.30114746 -3.40615042
115 -396.51031494 -3.47816066
116 -366.08386230 -3.21126195
117 -332.73114014 -2.91869421
118 -360.69989014 -3.16403412
119 -352.12203979 -3.08878982
120 -374.63293457 -3.28625381
121 -378.02563477 -3.31601434
122 -394.38067627 -3.45947962
123 -405.55725098 -3.55751975
124 -410.39709473 -3.59997452
125 -391.23919678 -3.43192278
126 -401.05413818 -3.51801876
127 -436.57989502 -3.82964820
128 -456.55999756 -4.00491226
129 -449.82592773 -3.94584147
130 -447.13195801 -3.92221016
131 -417.86242676 -3.66545988
132 -405.16760254 -3.55410178
133 -413.48327637 -3.62704628
134 -416.04443359 -3.64951258
135 -405.30865479 -3.55533908
136 -416.61865234 -3.65454958
137 -422.39569092 -3.70522536
138 -427.15643311 -3.74698626
139 -408.84515381 -3.58636100
140 -403.58752441 -3.54024144
141 -419.25787354 -3.67770065
142 -451.23962402 -3.95824232
143 -447.74633789 -3.92759946
144 -447.94323730 -3.92932664
145 -457.88903809 -4.01657051
146 -469.29412842 -4.11661516
147 -476.88793945 -4.18322754
148 -478.95861816 -4.20139139
149 -479.93054199 -4.20991704
150 -475.40698242 -4.17023669
151 -487.01983643 -4.27210383
152 -477.21124268 -4.18606353
153 -474.60083008 -4.16316518
154 -475.38519287 -4.17004555
155 -477.59918213 -4.18946651
156 -473.38092041 -4.15246421
157 -477.08093262 -4.18492046
158 -471.74365234 -4.13810221
159 -471.35278320 -4.13467354
160 -471.96081543 -4.14000715
161 -474.45178223 -4.16185774
162 -466.83270264 -4.09502371
163 -473.69891357 -4.15525363
164 -478.45422363 -4.19696687
165 -487.28979492 -4.27447189
166 -481.98413086 -4.22793097
167 -486.71020508 -4.26938776
168 -490.07794189 -4.29892931
169 -478.62750244 -4.19848686
170 -471.66345215 -4.13739870
171 -460.46997070 -4.03921027
172 -455.43206787 -3.99501814
173 -453.88781738 -3.98147208
174 -459.82995605 -4.03359611
175 -455.84466553 -3.99863742
176 -447.60852051 -3.92639053
177 -424.76947021 -3.72604798
178 -418.97003174 -3.67517572
179 -413.91003418 -3.63078977
180 -424.16894531 -3.72078022
181 -425.07312012 -3.72871158
182 -405.98254395 -3.56125039
183 -396.22369385 -3.47564644
184 -380.32159424 -3.33615434
