0 -566.76855469 -6.16052777
1 -566.74774170 -6.16030154
2 -566.69793701 -6.15976018
3 -566.64685059 -6.15920490
4 -566.61364746 -6.15884399
5 -566.58990479 -6.15858592
6 -566.50329590 -6.15764452
7 -566.46234131 -6.15719936
8 -566.44281006 -6.15698707
9 -566.37390137 -6.15623806
10 -566.30834961 -6.15552554
11 -566.25964355 -6.15499613
12 -566.19201660 -6.15426105
13 -566.14141846 -6.15371107
14 -566.12219238 -6.15350209
15 -566.12341309 -6.15351536
16 -566.11431885 -6.15341651
17 -566.01678467 -6.15235636
18 -565.96209717 -6.15176193
19 -565.91229248 -6.15122057
20 -565.87817383 -6.15084972
21 -565.89593506 -6.15104277
22 -565.87042236 -6.15076546
23 -565.82897949 -6.15031499
24 -565.73321533 -6.14927408
25 -565.67797852 -6.14867368
26 -565.69708252 -6.14888133
27 -565.63049316 -6.14815753
28 -565.57122803 -6.14751335
29 -565.55865479 -6.14737668
30 -565.46844482 -6.14639614
31 -565.43865967 -6.14607239
32 -565.41162109 -6.14577849
33 -565.36358643 -6.14525637
34 -565.35699463 -6.14518472
35 -565.20312500 -6.14351223
36 -565.18835449 -6.14335168
37 -565.16650391 -6.14311417
38 -565.15917969 -6.14303456
39 -565.11248779 -6.14252704
40 -565.03552246 -6.14169046
41 -564.97314453 -6.14101244
42 -564.79321289 -6.13905666
43 -564.80816650 -6.13921920
44 -564.76562500 -6.13875679
45 -564.66314697 -6.13764290
46 -564.58874512 -6.13683419
47 -564.57611084 -6.13669686
48 -564.51092529 -6.13598832
49 -564.61169434 -6.13708363
50 -564.54559326 -6.13636514
51 -564.58654785 -6.13681030
52 -564.51184082 -6.13599827
53 -564.52246094 -6.13611371
54 -564.43994141 -6.13521675
55 -564.24371338 -6.13308384
56 -564.16357422 -6.13221276
57 -564.04644775 -6.13093965
58 -564.00885010 -6.13053098
59 -564.06207275 -6.13110949
60 -564.05316162 -6.13101263
61 -563.89990234 -6.12934676
62 -563.77130127 -6.12794893
63 -563.72039795 -6.12739563
64 -563.63360596 -6.12645224
65 -563.59973145 -6.12608404
66 -563.61798096 -6.12628240
67 -563.66400146 -6.12678262
68 -563.71252441 -6.12731005
69 -563.74481201 -6.12766100
70 -563.72802734 -6.12747856
71 -563.73260498 -6.12752832
72 -563.66638184 -6.12680850
73 -563.56036377 -6.12565613
74 -563.62133789 -6.12631889
75 -563.46887207 -6.12466165
76 -563.41748047 -6.12410305
77 -563.42456055 -6.12418001
78 -563.49328613 -6.12492702
79 -563.45190430 -6.12447722
80 -563.37982178 -6.12369371
81 -563.36004639 -6.12347877
82 -563.49359131 -6.12493034
83 -563.55908203 -6.12564220
84 -563.48712158 -6.12486002
85 -563.45141602 -6.12447191
86 -563.32025146 -6.12304621
87 -563.18170166 -6.12154024
88 -563.11541748 -6.12081976
89 -562.86871338 -6.11813819
90 -562.72808838 -6.11660966
91 -562.64111328 -6.11566427
92 -562.49475098 -6.11407338
93 -562.49133301 -6.11403623
94 -562.52954102 -6.11445153
95 -562.47760010 -6.11388696
96 -562.38891602 -6.11292300
97 -562.32110596 -6.11218593
98 -562.31726074 -6.11214414
99 -562.16369629 -6.11047496
100 -561.88189697 -6.10741192
101 -561.82574463 -6.10680157
102 -561.95220947 -6.10817619
103 -561.87652588 -6.10735354
104 -561.60791016 -6.10443381
105 -561.55993652 -6.10391235
106 -561.29089355 -6.10098797
107 -561.09686279 -6.09887894
108 -561.18945312 -6.09988536
109 -561.00268555 -6.09785528
110 -560.71221924 -6.09469804
111 -560.52429199 -6.09265535
112 -560.36187744 -6.09088997
113 -560.20452881 -6.08917966
114 -560.09606934 -6.08800075
115 -559.94732666 -6.08638399
116 -559.65246582 -6.08317898
117 -559.27514648 -6.07907768
118 -558.97583008 -6.07582424
119 -558.66082764 -6.07240030
120 -558.94165039 -6.07545272
121 -558.84375000 -6.07438859
122 -558.58294678 -6.07155377
123 -558.50494385 -6.07070591
124 -558.26623535 -6.06811125
125 -558.30664062 -6.06855044
126 -557.86279297 -6.06372601
127 -557.70874023 -6.06205152
128 -557.77215576 -6.06274082
129 -557.88720703 -6.06399138
130 -557.61047363 -6.06098341
131 -557.45446777 -6.05928769
132 -557.54992676 -6.06032529
133 -557.73437500 -6.06233016
134 -557.82855225 -6.06335383
135 -557.94555664 -6.06462562
136 -557.73736572 -6.06236267
137 -557.59594727 -6.06082551
138 -557.38616943 -6.05854532
139 -557.60876465 -6.06096483
140 -557.36279297 -6.05829123
141 -557.39196777 -6.05860835
142 -557.26306152 -6.05720719
143 -557.24914551 -6.05705593
144 -556.94592285 -6.05376003
145 -556.82879639 -6.05248692
146 -556.78106689 -6.05196812
147 -556.85070801 -6.05272509
148 -556.72497559 -6.05135843
149 -556.50030518 -6.04891636
150 -556.41882324 -6.04803069
151 -556.71643066 -6.05126555
152 -556.72644043 -6.05137435
153 -556.79107666 -6.05207692
154 -556.70520020 -6.05114348
155 -556.25646973 -6.04626598
156 -555.92242432 -6.04263505
157 -555.84667969 -6.04181174
158 -555.68402100 -6.04004371
159 -555.59429932 -6.03906847
160 -555.23614502 -6.03517549
161 -554.62286377 -6.02850939
162 -555.00244141 -6.03263523
163 -554.76525879 -6.03005716
164 -554.51293945 -6.02731456
165 -554.59490967 -6.02820554
166 -554.26147461 -6.02458125
167 -553.95776367 -6.02128004
168 -554.16821289 -6.02356753
169 -553.84448242 -6.02004872
170 -553.48315430 -6.01612124
171 -553.40875244 -6.01531253
172 -553.23675537 -6.01344299
173 -553.05725098 -6.01149186
174 -553.24359131 -6.01351730
175 -552.75610352 -6.00821852
176 -552.90832520 -6.00987310
177 -552.60076904 -6.00653010
178 -552.52044678 -6.00565703
179 -552.59649658 -6.00648366
180 -552.11657715 -6.00126714
181 -552.06604004 -6.00071783
182 -552.08221436 -6.00089363
183 -551.95831299 -5.99954688
184 -551.89257812 -5.99883237
185 -552.00683594 -6.00007430
186 -551.57421875 -5.99537194
187 -551.80810547 -5.99791419
188 -551.64849854 -5.99617933
189 -551.69616699 -5.99669747
190 -551.74981689 -5.99728062
191 -550.83471680 -5.98733388
192 -550.42407227 -5.98287035
193 -550.37988281 -5.98239003
194 -549.79864502 -5.97607223
195 -549.77862549 -5.97585462
196 -549.73187256 -5.97534644
197 -549.52270508 -5.97307288
198 -549.07611084 -5.96821860
199 -549.30261230 -5.97068057
200 -549.00152588 -5.96740789
201 -549.22125244 -5.96979622
202 -548.97753906 -5.96714716
203 -548.94451904 -5.96678825
204 -548.68658447 -5.96398461
205 -548.70623779 -5.96419824
206 -548.46124268 -5.96153525
207 -548.51574707 -5.96212769
208 -548.31506348 -5.95994634
209 -547.57800293 -5.95193481
210 -548.53912354 -5.96238178
211 -548.65820312 -5.96367612
212 -548.27789307 -5.95954232
213 -548.47070312 -5.96163808
214 -548.49548340 -5.96190743
215 -548.47058105 -5.96163675
216 -548.03228760 -5.95687269
217 -548.00433350 -5.95656884
218 -547.28955078 -5.94879947
219 -547.80993652 -5.95445583
220 -548.23535156 -5.95907991
221 -548.02862549 -5.95683289
222 -548.02001953 -5.95673934
223 -548.08050537 -5.95739680
224 -547.76495361 -5.95396689
225 -547.47583008 -5.95082424
226 -546.76312256 -5.94307742
227 -546.72595215 -5.94267339
228 -546.50878906 -5.94031292
229 -546.65124512 -5.94186136
230 -546.62207031 -5.94154424
231 -546.95648193 -5.94517915
232 -547.14233398 -5.94719928
233 -547.03570557 -5.94604028
234 -547.08996582 -5.94663006
235 -546.60693359 -5.94137971
236 -546.72631836 -5.94267737
237 -546.96124268 -5.94523090
238 -546.81280518 -5.94361745
239 -546.14788818 -5.93639009
240 -545.03503418 -5.92429385
241 -544.73657227 -5.92104970
242 -544.41735840 -5.91757998
243 -545.06048584 -5.92457050
244 -544.59307861 -5.91948998
245 -543.96575928 -5.91267130
246 -543.70880127 -5.90987827
247 -542.61328125 -5.89797045
248 -542.75750732 -5.89953812
249 -542.57843018 -5.89759163
250 -542.38726807 -5.89551378
251 -541.95074463 -5.89076896
252 -542.10656738 -5.89246269
253 -541.18908691 -5.88249008
254 -541.07690430 -5.88127070
255 -540.75787354 -5.87780297
256 -540.00201416 -5.86958711
257 -540.01757812 -5.86975628
258 -539.60430908 -5.86526423
259 -539.28845215 -5.86183100
260 -538.95739746 -5.85823258
261 -538.90606689 -5.85767464
262 -538.64312744 -5.85481660
263 -538.63903809 -5.85477215
264 -538.28973389 -5.85097537
265 -538.98175049 -5.85849729
266 -539.29095459 -5.86185820
267 -539.52819824 -5.86443694
268 -538.89617920 -5.85756717
269 -539.02227783 -5.85893780
270 -539.11248779 -5.85991835
271 -539.97698975 -5.86931511
272 -539.16418457 -5.86048027
273 -539.47619629 -5.86387170
274 -538.85174561 -5.85708419
275 -537.88983154 -5.84662860
276 -538.51202393 -5.85339156
277 -538.22784424 -5.85030265
278 -538.05413818 -5.84841455
279 -537.76831055 -5.84530772
280 -538.05255127 -5.84839730
281 -538.47570801 -5.85299683
282 -539.08410645 -5.85960985
283 -539.39868164 -5.86302915
284 -539.78326416 -5.86720939
285 -539.02832031 -5.85900348
286 -538.22424316 -5.85026351
287 -538.00427246 -5.84787253
288 -537.27728271 -5.83997046
289 -537.28448486 -5.84004875
290 -537.44171143 -5.84175773
291 -536.91827393 -5.83606819
292 -535.83422852 -5.82428509
293 -535.58691406 -5.82159689
294 -534.78405762 -5.81287019
295 -534.80706787 -5.81312030
296 -534.78759766 -5.81290867
297 -534.60211182 -5.81089252
298 -534.02862549 -5.80465897
299 -534.68127441 -5.81175298
300 -534.25598145 -5.80713023
301 -533.70007324 -5.80108775
302 -533.13934326 -5.79499286
303 -533.97631836 -5.80409042
304 -533.59869385 -5.79998580
305 -533.39996338 -5.79782569
306 -533.68060303 -5.80087612
307 -533.66693115 -5.80072751
308 -533.71575928 -5.80125825
309 -533.37329102 -5.79753577
310 -533.41162109 -5.79795240
311 -533.21411133 -5.79580556
312 -532.37158203 -5.78664763
313 -531.68273926 -5.77916021
314 -531.17852783 -5.77367965
315 -529.82147217 -5.75892905
316 -530.60467529 -5.76744212
317 -529.74981689 -5.75815018
318 -529.18957520 -5.75206060
319 -528.23870850 -5.74172509
320 -528.53332520 -5.74492745
321 -528.39404297 -5.74341351
322 -528.81274414 -5.74796461
323 -528.21948242 -5.74151611
324 -527.29907227 -5.73151166
325 -527.43981934 -5.73304151
326 -528.09777832 -5.74019324
327 -528.48327637 -5.74438344
328 -527.83984375 -5.73738961
329 -527.07952881 -5.72912531
330 -527.68957520 -5.73575625
331 -527.09887695 -5.72933562
332 -527.20513916 -5.73049064
333 -527.30035400 -5.73152559
334 -526.28393555 -5.72047756
335 -525.15075684 -5.70816040
336 -524.93005371 -5.70576145
337 -524.26055908 -5.69848434
338 -524.66955566 -5.70292995
339 -523.81970215 -5.69369241
340 -523.09667969 -5.68583347
341 -523.09301758 -5.68579367
342 -522.55517578 -5.67994756
343 -520.96673584 -5.66268191
344 -520.55297852 -5.65818455
345 -520.59735107 -5.65866686
346 -519.54937744 -5.64727584
347 -518.97937012 -5.64108011
348 -518.20098877 -5.63261944
349 -518.17858887 -5.63237597
350 -517.15875244 -5.62129079
351 -516.99975586 -5.61956256
352 -516.10784912 -5.60986793
353 -515.48229980 -5.60306848
354 -515.33941650 -5.60151540
355 -515.72515869 -5.60570825
356 -516.10534668 -5.60984072
357 -516.52355957 -5.61438652
358 -515.25427246 -5.60058992
359 -514.04718018 -5.58746935
360 -515.21746826 -5.60018987
361 -516.11578369 -5.60995417
362 -515.46832275 -5.60291655
363 -515.09777832 -5.59888889
364 -515.28967285 -5.60097470
