0 -581.03723145 -6.75624688
1 -579.81964111 -6.74208885
2 -578.92730713 -6.73171287
3 -577.15216064 -6.71107164
4 -575.46807861 -6.69148929
5 -573.82995605 -6.67244135
6 -573.10070801 -6.66396172
7 -572.56195068 -6.65769710
8 -569.79168701 -6.62548473
9 -568.62908936 -6.61196616
10 -564.11022949 -6.55942127
11 -563.60260010 -6.55351861
12 -559.01965332 -6.50022853
13 -556.31707764 -6.46880323
14 -556.29016113 -6.46849025
15 -556.58593750 -6.47192951
16 -554.04028320 -6.44232887
17 -550.92016602 -6.40604844
18 -546.41021729 -6.35360718
19 -546.87805176 -6.35904711
20 -546.08300781 -6.34980242
21 -543.17022705 -6.31593287
22 -543.06518555 -6.31471146
23 -538.95166016 -6.26687977
24 -537.44525146 -6.24936339
25 -537.06085205 -6.24489363
26 -537.82568359 -6.25378702
27 -537.12103271 -6.24559340
28 -532.71356201 -6.19434374
29 -529.99475098 -6.16272966
30 -528.07427979 -6.14039860
31 -530.73950195 -6.17138956
32 -525.27172852 -6.10781080
33 -517.96704102 -6.02287257
34 -514.04498291 -5.97726724
35 -514.30273438 -5.98026435
36 -512.45062256 -5.95872817
37 -511.90670776 -5.95240358
38 -512.00952148 -5.95359909
39 -512.40264893 -5.95817034
40 -510.98596191 -5.94169723
41 -511.12799072 -5.94334873
42 -514.19409180 -5.97900107
43 -510.05294800 -5.93084823
44 -505.58981323 -5.87895132
45 -506.15908813 -5.88557079
46 -503.47479248 -5.85435805
47 -500.01931763 -5.81417811
48 -493.41229248 -5.73735224
49 -485.16360474 -5.64143726
50 -480.72061157 -5.58977455
51 -479.93963623 -5.58069344
52 -478.32339478 -5.56189994
53 -481.39895630 -5.59766228
54 -480.06845093 -5.58219129
55 -471.70629883 -5.48495696
56 -463.76660156 -5.39263490
57 -462.59262085 -5.37898396
58 -459.30480957 -5.34075360
59 -457.74136353 -5.32257399
60 -459.79925537 -5.34650297
61 -458.43045044 -5.33058663
62 -459.27612305 -5.34042004
63 -453.41479492 -5.27226506
64 -446.84899902 -5.19591859
65 -456.57843018 -5.30905151
66 -459.29864502 -5.34068192
67 -450.51519775 -5.23854881
68 -444.66815186 -5.17055991
69 -442.38507080 -5.14401245
70 -444.13000488 -5.16430238
71 -446.39770508 -5.19067099
72 -442.21569824 -5.14204300
73 -445.12170410 -5.17583377
74 -442.17440796 -5.14156288
75 -444.98529053 -5.17424756
76 -437.93121338 -5.09222341
77 -438.65429688 -5.10063136
78 -440.40722656 -5.12101426
79 -449.97595215 -5.23227851
80 -447.91778564 -5.20834634
81 -448.47009277 -5.21476852
82 -447.57537842 -5.20436487
83 -443.06176758 -5.15188102
84 -445.49914551 -5.18022262
85 -441.08380127 -5.12888141
86 -432.88357544 -5.03352995
87 -425.61291504 -4.94898738
88 -418.16125488 -4.86234017
89 -398.25241089 -4.63084199
90 -400.64486694 -4.65866124
91 -400.80322266 -4.66050259
92 -400.19958496 -4.65348355
93 -386.27593994 -4.49158070
94 -390.65689087 -4.54252199
95 -380.94543457 -4.42959808
96 -378.35205078 -4.39944245
97 -372.36663818 -4.32984463
98 -357.12658691 -4.15263473
99 -352.82067871 -4.10256603
100 -358.25817871 -4.16579278
101 -356.61297607 -4.14666251
102 -352.02081299 -4.09326527
103 -355.11114502 -4.12919936
104 -357.45278931 -4.15642778
105 -354.05682373 -4.11693981
106 -359.62396240 -4.18167398
107 -364.83264160 -4.24224002
108 -366.70837402 -4.26405086
109 -366.10568237 -4.25704282
110 -362.25665283 -4.21228666
111 -335.78912354 -3.90452469
112 -330.61297607 -3.84433693
113 -342.33843994 -3.98067953
114 -331.77822876 -3.85788638
115 -323.60739136 -3.76287664
116 -335.22488403 -3.89796377
117 -338.77044678 -3.93919124
118 -336.01583862 -3.90716091
119 -332.24926758 -3.86336358
120 -326.09481812 -3.79180021
121 -320.79370117 -3.73015932
122 -352.22256470 -4.09561122
123 -352.87356567 -4.10318100
124 -349.77206421 -4.06711703
125 -342.27795410 -3.97997621
126 -336.44961548 -3.91220483
127 -335.21307373 -3.89782644
128 -309.10293579 -3.59422018
129 -322.38055420 -3.74861110
130 -330.97564697 -3.84855403
131 -344.05346680 -4.00062171
132 -330.20230103 -3.83956164
133 -342.29306030 -3.98015186
134 -329.49819946 -3.83137441
135 -314.48269653 -3.65677554
136 -297.57791138 -3.46020827
137 -303.50036621 -3.52907403
138 -306.98791504 -3.56962692
139 -285.79129028 -3.32315454
140 -266.90966797 -3.10360079
141 -290.75381470 -3.38085831
142 -265.57519531 -3.08808367
143 -270.72186279 -3.14792864
144 -15.48365784 -0.18004253
145 60.60267639 0.70468228
146 110.74488831 1.28773126
147 -53.50356293 -0.62213445
148 -121.00066376 -1.40698446
149 348.88085938 4.05675418
150 -43.95874023 -0.51114814
151 41.42718506 0.48171145
152 -48.09795380 -0.55927853
153 -9.03535461 -0.10506226
154 -65.97987366 -0.76720783
155 488.23950195 5.67720351
156 1534.46752930 17.84264569
157 1629.12609863 18.94332673
158 658.63751221 7.65857572
159 311.26293945 3.61933651
160 -11.02639771 -0.12821393
161 -81.17860413 -0.94393726
162 -232.33709717 -2.70159415
163 -235.35162354 -2.73664679
164 -132.08189392 -1.53583598
165 -148.64712524 -1.72845494
166 451.43682861 5.24926545
167 -125.03472900 -1.45389220
168 -201.61853027 -2.34440151
169 -116.52693176 -1.35496432
170 -59.34532166 -0.69006188
171 -92.46051025 -1.07512221
172 55.36029816 0.64372440
173 -133.88191223 -1.55676642
174 -92.56071472 -1.07628738
175 -231.24786377 -2.68892865
176 -248.36840820 -2.88800475
177 -115.62458038 -1.34447186
178 -241.50946045 -2.80824954
179 -227.10668945 -2.64077546
180 -123.65433502 -1.43784110
181 -147.32385254 -1.71306805
182 647.19482422 7.52552121
183 64.83245087 0.75386571
184 -121.85935974 -1.41696930
185 -30.26169586 -0.35188018
186 -38.91469574 -0.45249646
187 -224.04202271 -2.60513980
188 -224.04812622 -2.60521077
189 -246.89472961 -2.87086895
190 -257.45080566 -2.99361402
191 -228.17134094 -2.65315513
192 -159.87261963 -1.85898395
193 -130.45805359 -1.51695411
194 -100.36161041 -1.16699547
195 -113.23411560 -1.31667576
196 -180.37132263 -2.09734096
197 -216.19195557 -2.51385995
198 -104.07444763 -1.21016800
199 -185.90963745 -2.16173997
200 -198.66577148 -2.31006711
201 -210.45516968 -2.44715314
202 -257.48208618 -2.99397775
203 -222.59133911 -2.58827139
204 -157.71124268 -1.83385166
205 -136.59518433 -1.58831610
