0 -472.21029663 -6.65084925
1 -472.23297119 -6.65116861
2 -472.24325562 -6.65131346
3 -472.24847412 -6.65138696
4 -472.25210571 -6.65143811
5 -472.25482178 -6.65147636
6 -472.25769043 -6.65151677
7 -472.26013184 -6.65155115
8 -472.26217651 -6.65157995
9 -472.26422119 -6.65160875
10 -472.26556396 -6.65162766
11 -472.26763916 -6.65165689
12 -472.26901245 -6.65167623
13 -472.27081299 -6.65170159
14 -472.27206421 -6.65171921
15 -472.27319336 -6.65173512
16 -472.27386475 -6.65174457
17 -472.27532959 -6.65176521
18 -472.27630615 -6.65177896
19 -472.27764893 -6.65179787
20 -472.27850342 -6.65180991
21 -472.27923584 -6.65182022
22 -472.28009033 -6.65183226
23 -472.28131104 -6.65184945
24 -472.28189087 -6.65185762
25 -472.28277588 -6.65187008
26 -472.28359985 -6.65188169
27 -472.28405762 -6.65188814
28 -472.28482056 -6.65189888
29 -472.28540039 -6.65190705
30 -472.28604126 -6.65191607
31 -472.28662109 -6.65192424
32 -472.28713989 -6.65193155
33 -472.28820801 -6.65194659
34 -472.28866577 -6.65195304
35 -472.28918457 -6.65196035
36 -472.29010010 -6.65197324
