0 -766.59735107 -7.09812362
1 -766.60589600 -7.09820274
2 -766.60961914 -7.09823721
3 -766.61132812 -7.09825304
4 -766.61218262 -7.09826095
5 -766.61389160 -7.09827677
6 -766.61450195 -7.09828243
7 -766.61486816 -7.09828582
8 -766.61621094 -7.09829825
9 -766.61669922 -7.09830277
10 -766.61669922 -7.09830277
11 -766.61718750 -7.09830729
12 -766.61730957 -7.09830842
13 -766.61755371 -7.09831068
14 -766.61804199 -7.09831520
15 -766.61840820 -7.09831859
16 -766.61962891 -7.09832990
17 -766.61950684 -7.09832877
18 -766.61938477 -7.09832764
19 -766.61926270 -7.09832651
20 -766.61975098 -7.09833103
21 -766.61987305 -7.09833216
22 -766.61975098 -7.09833103
23 -766.61987305 -7.09833216
24 -766.61962891 -7.09832990
25 -766.62042236 -7.09833724
26 -766.62023926 -7.09833555
27 -766.62121582 -7.09834459
28 -766.62194824 -7.09835137
29 -766.62255859 -7.09835702
30 -766.62219238 -7.09835363
31 -766.62255859 -7.09835702
32 -766.62341309 -7.09836494
33 -766.62377930 -7.09836833
