0 -536.44787598 -6.38628424
1 -536.46032715 -6.38643247
2 -536.47644043 -6.38662429
3 -536.48352051 -6.38670858
4 -536.48681641 -6.38674781
5 -536.49865723 -6.38688878
6 -536.49688721 -6.38686770
7 -536.50396729 -6.38695199
8 -536.50219727 -6.38693092
9 -536.50177002 -6.38692583
10 -536.50256348 -6.38693528
11 -536.50384521 -6.38695054
12 -536.50769043 -6.38699631
13 -536.50604248 -6.38697670
14 -536.50439453 -6.38695708
15 -536.50775146 -6.38699704
16 -536.50183105 -6.38692656
17 -536.50262451 -6.38693601
18 -536.50354004 -6.38694691
19 -536.50579834 -6.38697379
20 -536.51104736 -6.38703628
21 -536.51214600 -6.38704936
22 -536.51440430 -6.38707624
23 -536.51116943 -6.38703773
24 -536.50634766 -6.38698033
25 -536.51428223 -6.38707479
26 -536.51806641 -6.38711984
27 -536.51733398 -6.38711112
28 -536.52014160 -6.38714454
29 -536.51989746 -6.38714164
30 -536.51770020 -6.38711548
31 -536.52026367 -6.38714600
32 -536.52612305 -6.38721575
33 -536.52410889 -6.38719177
34 -536.52624512 -6.38721720
35 -536.52215576 -6.38716852
36 -536.52148438 -6.38716053
37 -536.52526855 -6.38720558
38 -536.52612305 -6.38721575
39 -536.52716064 -6.38722810
40 -536.53070068 -6.38727025
41 -536.53143311 -6.38727897
42 -536.52557373 -6.38720921
43 -536.52532959 -6.38720630
44 -536.52087402 -6.38715326
45 -536.52770996 -6.38723464
46 -536.52563477 -6.38720994
47 -536.53009033 -6.38726298
48 -536.53137207 -6.38727824
49 -536.53454590 -6.38731602
50 -536.53167725 -6.38728187
51 -536.53894043 -6.38736834
52 -536.54156494 -6.38739958
53 -536.54125977 -6.38739595
54 -536.53906250 -6.38736979
55 -536.53942871 -6.38737415
56 -536.53955078 -6.38737560
57 -536.53857422 -6.38736398
58 -536.53967285 -6.38737706
59 -536.53314209 -6.38729931
60 -536.54003906 -6.38738142
61 -536.53704834 -6.38734581
62 -536.54534912 -6.38744463
63 -536.54748535 -6.38747006
64 -536.54370117 -6.38742501
65 -536.54260254 -6.38741193
66 -536.53698730 -6.38734509
67 -536.53649902 -6.38733927
68 -536.53485107 -6.38731966
69 -536.53710938 -6.38734654
70 -536.54187012 -6.38740322
71 -536.54840088 -6.38748096
72 -536.54071045 -6.38738941
73 -536.53747559 -6.38735090
74 -536.53918457 -6.38737124
75 -536.53411865 -6.38731094
76 -536.53802490 -6.38735744
77 -536.53540039 -6.38732620
78 -536.53375244 -6.38730658
79 -536.54211426 -6.38740612
80 -536.54663086 -6.38745989
81 -536.54016113 -6.38738287
82 -536.54302979 -6.38741702
83 -536.54040527 -6.38738578
84 -536.54351807 -6.38742283
85 -536.54852295 -6.38748242
86 -536.54919434 -6.38749041
87 -536.54669189 -6.38746062
88 -536.54754639 -6.38747079
89 -536.54919434 -6.38749041
90 -536.54754639 -6.38747079
91 -536.54907227 -6.38748896
92 -536.55126953 -6.38751511
93 -536.55645752 -6.38757688
94 -536.55615234 -6.38757324
95 -536.55072021 -6.38750857
96 -536.55371094 -6.38754418
97 -536.55932617 -6.38761103
98 -536.55786133 -6.38759359
99 -536.55639648 -6.38757615
100 -536.55279541 -6.38753328
101 -536.55255127 -6.38753037
102 -536.55853271 -6.38760158
103 -536.55883789 -6.38760521
104 -536.55584717 -6.38756961
105 -536.55407715 -6.38754854
106 -536.55560303 -6.38756670
107 -536.55981445 -6.38761684
108 -536.55609131 -6.38757252
109 -536.55725098 -6.38758632
110 -536.55438232 -6.38755217
111 -536.55126953 -6.38751511
112 -536.55725098 -6.38758632
113 -536.55480957 -6.38755726
114 -536.54962158 -6.38749550
115 -536.55334473 -6.38753982
116 -536.55511475 -6.38756089
117 -536.55493164 -6.38755871
118 -536.55932617 -6.38761103
119 -536.55413818 -6.38754926
120 -536.55053711 -6.38750639
121 -536.55657959 -6.38757833
122 -536.55383301 -6.38754563
123 -536.55120850 -6.38751439
124 -536.55426025 -6.38755072
125 -536.55957031 -6.38761393
126 -536.56274414 -6.38765172
127 -536.56225586 -6.38764590
128 -536.56274414 -6.38765172
129 -536.55926514 -6.38761030
130 -536.55853271 -6.38760158
131 -536.56597900 -6.38769023
132 -536.56494141 -6.38767787
133 -536.57049561 -6.38774400
134 -536.56634521 -6.38769459
135 -536.56762695 -6.38770984
136 -536.56347656 -6.38766044
137 -536.56176758 -6.38764009
138 -536.56427002 -6.38766988
139 -536.56347656 -6.38766044
140 -536.56372070 -6.38766334
141 -536.56018066 -6.38762120
142 -536.56207275 -6.38764372
143 -536.55664062 -6.38757906
144 -536.55841064 -6.38760013
145 -536.56018066 -6.38762120
146 -536.56250000 -6.38764881
147 -536.56262207 -6.38765026
148 -536.55834961 -6.38759940
149 -536.56072998 -6.38762774
150 -536.55895996 -6.38760667
151 -536.56158447 -6.38763791
152 -536.56286621 -6.38765317
153 -536.56640625 -6.38769531
154 -536.57220459 -6.38776434
155 -536.56781006 -6.38771202
156 -536.57250977 -6.38776797
157 -536.57128906 -6.38775344
158 -536.56726074 -6.38770549
159 -536.56451416 -6.38767279
160 -536.56628418 -6.38769386
161 -536.56628418 -6.38769386
162 -536.56414795 -6.38766843
163 -536.56872559 -6.38772292
164 -536.56372070 -6.38766334
165 -536.56726074 -6.38770549
166 -536.56542969 -6.38768369
167 -536.56237793 -6.38764736
168 -536.56512451 -6.38768005
169 -536.55541992 -6.38756452
170 -536.56091309 -6.38762992
171 -536.55572510 -6.38756816
172 -536.56408691 -6.38766770
173 -536.55914307 -6.38760885
174 -536.56182861 -6.38764082
175 -536.56463623 -6.38767424
176 -536.56365967 -6.38766262
177 -536.56024170 -6.38762192
178 -536.56353760 -6.38766116
179 -536.55828857 -6.38759867
180 -536.56134033 -6.38763500
181 -536.55694580 -6.38758269
182 -536.55865479 -6.38760303
183 -536.56115723 -6.38763282
184 -536.55688477 -6.38758196
185 -536.55529785 -6.38756307
186 -536.55694580 -6.38758269
187 -536.55761719 -6.38759068
188 -536.55541992 -6.38756452
189 -536.55847168 -6.38760085
190 -536.55493164 -6.38755871
191 -536.55670166 -6.38757978
192 -536.55175781 -6.38752093
193 -536.55065918 -6.38750785
194 -536.55249023 -6.38752965
195 -536.55426025 -6.38755072
196 -536.55950928 -6.38761321
197 -536.55987549 -6.38761757
198 -536.55725098 -6.38758632
199 -536.55273438 -6.38753255
200 -536.55200195 -6.38752383
201 -536.54779053 -6.38747370
202 -536.55017090 -6.38750203
203 -536.54583740 -6.38745045
204 -536.55432129 -6.38755144
205 -536.55389404 -6.38754636
206 -536.55847168 -6.38760085
207 -536.55914307 -6.38760885
208 -536.55590820 -6.38757034
209 -536.55401611 -6.38754781
210 -536.55767822 -6.38759141
211 -536.55718994 -6.38758559
212 -536.55310059 -6.38753691
213 -536.55133057 -6.38751584
214 -536.55023193 -6.38750276
215 -536.55371094 -6.38754418
216 -536.54956055 -6.38749477
217 -536.54895020 -6.38748750
218 -536.54632568 -6.38745626
219 -536.55395508 -6.38754708
220 -536.55078125 -6.38750930
221 -536.55407715 -6.38754854
222 -536.54980469 -6.38749767
223 -536.55566406 -6.38756743
224 -536.55218506 -6.38752601
225 -536.55426025 -6.38755072
226 -536.55474854 -6.38755653
227 -536.55108643 -6.38751293
228 -536.55999756 -6.38761902
229 -536.56561279 -6.38768587
230 -536.56274414 -6.38765172
231 -536.55474854 -6.38755653
232 -536.56164551 -6.38763864
233 -536.56359863 -6.38766189
234 -536.56475830 -6.38767569
235 -536.56384277 -6.38766479
236 -536.56048584 -6.38762483
237 -536.55560303 -6.38756670
238 -536.56060791 -6.38762628
239 -536.55682373 -6.38758123
240 -536.56109619 -6.38763210
241 -536.56707764 -6.38770331
242 -536.56793213 -6.38771348
243 -536.56378174 -6.38766407
244 -536.55755615 -6.38758995
245 -536.56317139 -6.38765680
246 -536.56237793 -6.38764736
247 -536.55627441 -6.38757470
248 -536.56018066 -6.38762120
249 -536.55676270 -6.38758051
250 -536.55383301 -6.38754563
251 -536.55511475 -6.38756089
252 -536.55963135 -6.38761466
253 -536.55780029 -6.38759286
254 -536.55804443 -6.38759577
255 -536.55487061 -6.38755798
256 -536.55963135 -6.38761466
257 -536.55957031 -6.38761393
258 -536.55432129 -6.38755144
259 -536.54992676 -6.38749913
260 -536.54626465 -6.38745553
261 -536.54547119 -6.38744609
262 -536.54840088 -6.38748096
263 -536.54339600 -6.38742138
264 -536.54302979 -6.38741702
265 -536.55004883 -6.38750058
266 -536.54760742 -6.38747152
267 -536.54736328 -6.38746861
268 -536.54425049 -6.38743155
269 -536.54473877 -6.38743737
270 -536.54174805 -6.38740176
271 -536.54248047 -6.38741048
272 -536.53936768 -6.38737342
273 -536.53851318 -6.38736325
274 -536.53564453 -6.38732910
275 -536.53161621 -6.38728115
276 -536.53479004 -6.38731893
277 -536.53497314 -6.38732111
278 -536.53070068 -6.38727025
279 -536.52600098 -6.38721430
280 -536.51885986 -6.38712928
281 -536.52478027 -6.38719977
282 -536.51953125 -6.38713728
283 -536.52502441 -6.38720267
284 -536.52307129 -6.38717942
285 -536.52746582 -6.38723174
286 -536.52758789 -6.38723319
287 -536.52539062 -6.38720703
288 -536.52014160 -6.38714454
289 -536.52868652 -6.38724627
290 -536.52990723 -6.38726080
291 -536.52801514 -6.38723828
292 -536.53228760 -6.38728914
293 -536.52648926 -6.38722011
294 -536.52996826 -6.38726153
295 -536.52838135 -6.38724264
296 -536.52954102 -6.38725644
297 -536.53735352 -6.38734945
298 -536.53332520 -6.38730149
299 -536.53533936 -6.38732547
300 -536.53479004 -6.38731893
301 -536.53051758 -6.38726807
302 -536.53326416 -6.38730076
303 -536.53033447 -6.38726589
304 -536.53167725 -6.38728187
305 -536.52642822 -6.38721938
306 -536.52990723 -6.38726080
307 -536.52929688 -6.38725353
308 -536.53558350 -6.38732837
309 -536.53570557 -6.38732983
310 -536.52838135 -6.38724264
311 -536.52819824 -6.38724046
312 -536.52648926 -6.38722011
313 -536.52917480 -6.38725208
314 -536.52923584 -6.38725281
315 -536.52734375 -6.38723028
316 -536.52777100 -6.38723537
317 -536.52990723 -6.38726080
318 -536.52850342 -6.38724409
319 -536.52178955 -6.38716416
320 -536.51373291 -6.38706825
321 -536.51123047 -6.38703846
322 -536.51806641 -6.38711984
323 -536.51647949 -6.38710095
324 -536.52410889 -6.38719177
325 -536.51855469 -6.38712565
326 -536.51232910 -6.38705154
327 -536.51904297 -6.38713146
328 -536.52130127 -6.38715835
329 -536.51293945 -6.38705880
330 -536.51000977 -6.38702393
331 -536.51617432 -6.38709731
332 -536.52154541 -6.38716125
333 -536.52185059 -6.38716489
334 -536.52496338 -6.38720194
335 -536.52136230 -6.38715908
336 -536.51629639 -6.38709877
337 -536.51556396 -6.38709005
338 -536.52307129 -6.38717942
339 -536.52001953 -6.38714309
340 -536.52172852 -6.38716343
341 -536.52746582 -6.38723174
342 -536.52563477 -6.38720994
343 -536.52459717 -6.38719759
344 -536.52545166 -6.38720776
345 -536.52441406 -6.38719541
346 -536.52301025 -6.38717869
347 -536.51702881 -6.38710749
348 -536.52215576 -6.38716852
349 -536.52038574 -6.38714745
350 -536.52032471 -6.38714672
351 -536.51483154 -6.38708133
352 -536.51593018 -6.38709441
353 -536.51440430 -6.38707624
354 -536.51678467 -6.38710458
355 -536.51611328 -6.38709659
356 -536.51245117 -6.38705299
357 -536.51727295 -6.38711039
358 -536.51934814 -6.38713510
359 -536.51458740 -6.38707842
360 -536.51239014 -6.38705226
361 -536.51184082 -6.38704572
362 -536.51361084 -6.38706680
363 -536.51208496 -6.38704863
