0 -611.62530518 -6.79583672
1 -611.65161133 -6.79612901
2 -611.66650391 -6.79629449
3 -611.67456055 -6.79638401
4 -611.68109131 -6.79645657
5 -611.68957520 -6.79655084
6 -611.69592285 -6.79662137
7 -611.70214844 -6.79669054
8 -611.70739746 -6.79674886
9 -611.71508789 -6.79683431
10 -611.71936035 -6.79688178
11 -611.72601318 -6.79695570
12 -611.73101807 -6.79701131
13 -611.73596191 -6.79706624
14 -611.74194336 -6.79713270
15 -611.74865723 -6.79720730
16 -611.75250244 -6.79725003
17 -611.75738525 -6.79730428
18 -611.76220703 -6.79735786
19 -611.76733398 -6.79741482
20 -611.76989746 -6.79744331
21 -611.77404785 -6.79748942
22 -611.77728271 -6.79752536
23 -611.78186035 -6.79757623
24 -611.78576660 -6.79761963
25 -611.78784180 -6.79764269
26 -611.78991699 -6.79766574
27 -611.79302979 -6.79770033
28 -611.79699707 -6.79774441
29 -611.79925537 -6.79776950
30 -611.80181885 -6.79779799
31 -611.80334473 -6.79781494
32 -611.80798340 -6.79786648
33 -611.80981445 -6.79788683
34 -611.81176758 -6.79790853
35 -611.81420898 -6.79793566
36 -611.81860352 -6.79798448
37 -611.82165527 -6.79801839
38 -611.82421875 -6.79804687
39 -611.82672119 -6.79807468
40 -611.82733154 -6.79808146
41 -611.82897949 -6.79809977
42 -611.83093262 -6.79812147
43 -611.83312988 -6.79814589
44 -611.83618164 -6.79817980
45 -611.83752441 -6.79819472
46 -611.83764648 -6.79819607
47 -611.83984375 -6.79822049
48 -611.84161377 -6.79824015
49 -611.84375000 -6.79826389
50 -611.84466553 -6.79827406
51 -611.84716797 -6.79830187
52 -611.84869385 -6.79831882
53 -611.84912109 -6.79832357
54 -611.85131836 -6.79834798
55 -611.85302734 -6.79836697
56 -611.85400391 -6.79837782
57 -611.85375977 -6.79837511
58 -611.85534668 -6.79839274
59 -611.85546875 -6.79839410
60 -611.85723877 -6.79841376
61 -611.85778809 -6.79841987
62 -611.85742188 -6.79841580
63 -611.85644531 -6.79840495
64 -611.85711670 -6.79841241
65 -611.85888672 -6.79843207
66 -611.85827637 -6.79842529
67 -611.85876465 -6.79843072
68 -611.86163330 -6.79846259
69 -611.86230469 -6.79847005
70 -611.86224365 -6.79846937
71 -611.86230469 -6.79847005
72 -611.86437988 -6.79849311
73 -611.86334229 -6.79848158
74 -611.86303711 -6.79847819
75 -611.86450195 -6.79849447
76 -611.86590576 -6.79851006
77 -611.86596680 -6.79851074
78 -611.86840820 -6.79853787
79 -611.86895752 -6.79854397
80 -611.86700439 -6.79852227
81 -611.86950684 -6.79855008
82 -611.87091064 -6.79856567
83 -611.87023926 -6.79855821
84 -611.87066650 -6.79856296
85 -611.87170410 -6.79857449
86 -611.87011719 -6.79855686
87 -611.87103271 -6.79856703
88 -611.87176514 -6.79857517
89 -611.87121582 -6.79856906
90 -611.87030029 -6.79855889
91 -611.87109375 -6.79856771
92 -611.87207031 -6.79857856
93 -611.87036133 -6.79855957
94 -611.87176514 -6.79857517
95 -611.87243652 -6.79858263
96 -611.87255859 -6.79858398
97 -611.87121582 -6.79856906
98 -611.87182617 -6.79857585
99 -611.87078857 -6.79856432
100 -611.87164307 -6.79857381
101 -611.87329102 -6.79859212
102 -611.87231445 -6.79858127
103 -611.87255859 -6.79858398
104 -611.87316895 -6.79859077
105 -611.87475586 -6.79860840
106 -611.87475586 -6.79860840
107 -611.87286377 -6.79858738
108 -611.87512207 -6.79861247
109 -611.87365723 -6.79859619
110 -611.87127686 -6.79856974
111 -611.87194824 -6.79857720
112 -611.87115479 -6.79856839
113 -611.87353516 -6.79859484
114 -611.87243652 -6.79858263
115 -611.87255859 -6.79858398
116 -611.87268066 -6.79858534
117 -611.87194824 -6.79857720
118 -611.87341309 -6.79859348
119 -611.87335205 -6.79859280
120 -611.87280273 -6.79858670
121 -611.87152100 -6.79857246
122 -611.87152100 -6.79857246
123 -611.87036133 -6.79855957
124 -611.87225342 -6.79858059
125 -611.87145996 -6.79857178
126 -611.87023926 -6.79855821
127 -611.87060547 -6.79856228
128 -611.87030029 -6.79855889
129 -611.87030029 -6.79855889
130 -611.86871338 -6.79854126
131 -611.86883545 -6.79854262
132 -611.86962891 -6.79855143
133 -611.86987305 -6.79855414
134 -611.87060547 -6.79856228
135 -611.86981201 -6.79855347
136 -611.86877441 -6.79854194
137 -611.86694336 -6.79852159
138 -611.86975098 -6.79855279
139 -611.86956787 -6.79855075
140 -611.86938477 -6.79854872
141 -611.87066650 -6.79856296
142 -611.86834717 -6.79853719
143 -611.86871338 -6.79854126
144 -611.86779785 -6.79853109
145 -611.86950684 -6.79855008
146 -611.86993408 -6.79855482
147 -611.86828613 -6.79853651
148 -611.86853027 -6.79853923
149 -611.86938477 -6.79854872
150 -611.86950684 -6.79855008
151 -611.86950684 -6.79855008
152 -611.87127686 -6.79856974
153 -611.87048340 -6.79856093
154 -611.87084961 -6.79856500
155 -611.87084961 -6.79856500
156 -611.87115479 -6.79856839
157 -611.87231445 -6.79858127
158 -611.87084961 -6.79856500
159 -611.87011719 -6.79855686
160 -611.86834717 -6.79853719
161 -611.86779785 -6.79853109
162 -611.86920166 -6.79854669
163 -611.87066650 -6.79856296
164 -611.87017822 -6.79855754
165 -611.86975098 -6.79855279
166 -611.87121582 -6.79856906
167 -611.87182617 -6.79857585
168 -611.87133789 -6.79857042
169 -611.86791992 -6.79853244
170 -611.87005615 -6.79855618
171 -611.86914062 -6.79854601
172 -611.86822510 -6.79853583
173 -611.86853027 -6.79853923
174 -611.86993408 -6.79855482
175 -611.86944580 -6.79854940
176 -611.86773682 -6.79853041
177 -611.86865234 -6.79854058
178 -611.86663818 -6.79851820
179 -611.86834717 -6.79853719
180 -611.86700439 -6.79852227
181 -611.86816406 -6.79853516
182 -611.86816406 -6.79853516
183 -611.86853027 -6.79853923
184 -611.86779785 -6.79853109
185 -611.86755371 -6.79852837
186 -611.86730957 -6.79852566
187 -611.86572266 -6.79850803
188 -611.86755371 -6.79852837
189 -611.86853027 -6.79853923
190 -611.86865234 -6.79854058
191 -611.86859131 -6.79853990
192 -611.86718750 -6.79852431
193 -611.86535645 -6.79850396
194 -611.86572266 -6.79850803
195 -611.86596680 -6.79851074
196 -611.86547852 -6.79850532
197 -611.86608887 -6.79851210
198 -611.86547852 -6.79850532
199 -611.86627197 -6.79851413
200 -611.86535645 -6.79850396
201 -611.86645508 -6.79851617
202 -611.86340332 -6.79848226
203 -611.86413574 -6.79849040
204 -611.86334229 -6.79848158
205 -611.86352539 -6.79848362
206 -611.86370850 -6.79848565
207 -611.86315918 -6.79847955
208 -611.86474609 -6.79849718
209 -611.86474609 -6.79849718
210 -611.86334229 -6.79848158
211 -611.86346436 -6.79848294
212 -611.86419678 -6.79849108
213 -611.86285400 -6.79847616
214 -611.86389160 -6.79848768
215 -611.86437988 -6.79849311
216 -611.86285400 -6.79847616
217 -611.86297607 -6.79847751
218 -611.86474609 -6.79849718
219 -611.86291504 -6.79847683
220 -611.86328125 -6.79848090
221 -611.86206055 -6.79846734
222 -611.86236572 -6.79847073
223 -611.86157227 -6.79846191
224 -611.86132812 -6.79845920
225 -611.86157227 -6.79846191
226 -611.86218262 -6.79846870
227 -611.86425781 -6.79849175
228 -611.86340332 -6.79848226
229 -611.86376953 -6.79848633
230 -611.86254883 -6.79847276
231 -611.86437988 -6.79849311
232 -611.86376953 -6.79848633
233 -611.86297607 -6.79847751
234 -611.86425781 -6.79849175
235 -611.86407471 -6.79848972
236 -611.86511230 -6.79850125
237 -611.86560059 -6.79850667
238 -611.86462402 -6.79849582
239 -611.86340332 -6.79848226
240 -611.86212158 -6.79846802
241 -611.86181641 -6.79846463
242 -611.86242676 -6.79847141
243 -611.86175537 -6.79846395
244 -611.86297607 -6.79847751
245 -611.86315918 -6.79847955
246 -611.86297607 -6.79847751
247 -611.86206055 -6.79846734
248 -611.86309814 -6.79847887
249 -611.86157227 -6.79846191
250 -611.86102295 -6.79845581
251 -611.86236572 -6.79847073
252 -611.86047363 -6.79844971
253 -611.86193848 -6.79846598
254 -611.86145020 -6.79846056
255 -611.86181641 -6.79846463
256 -611.86145020 -6.79846056
257 -611.86083984 -6.79845378
258 -611.86071777 -6.79845242
259 -611.85986328 -6.79844293
260 -611.85931396 -6.79843682
261 -611.85906982 -6.79843411
262 -611.86047363 -6.79844971
263 -611.85876465 -6.79843072
264 -611.85791016 -6.79842122
265 -611.85949707 -6.79843886
266 -611.85961914 -6.79844021
267 -611.86096191 -6.79845513
268 -611.86102295 -6.79845581
269 -611.86059570 -6.79845106
270 -611.85998535 -6.79844428
271 -611.85974121 -6.79844157
272 -611.85845947 -6.79842733
273 -611.85784912 -6.79842055
274 -611.85833740 -6.79842597
275 -611.85937500 -6.79843750
276 -611.86016846 -6.79844632
277 -611.85827637 -6.79842529
278 -611.85998535 -6.79844428
279 -611.86108398 -6.79845649
280 -611.86145020 -6.79846056
281 -611.86059570 -6.79845106
282 -611.86132812 -6.79845920
283 -611.86059570 -6.79845106
284 -611.85974121 -6.79844157
285 -611.86022949 -6.79844699
286 -611.86126709 -6.79845852
287 -611.86328125 -6.79848090
288 -611.86151123 -6.79846124
289 -611.86157227 -6.79846191
290 -611.86083984 -6.79845378
291 -611.86096191 -6.79845513
292 -611.85913086 -6.79843479
293 -611.86010742 -6.79844564
294 -611.86022949 -6.79844699
295 -611.85937500 -6.79843750
296 -611.85888672 -6.79843207
297 -611.85803223 -6.79842258
298 -611.85693359 -6.79841037
299 -611.85815430 -6.79842394
300 -611.85852051 -6.79842801
301 -611.85662842 -6.79840698
302 -611.85644531 -6.79840495
303 -611.85607910 -6.79840088
304 -611.85681152 -6.79840902
305 -611.85607910 -6.79840088
306 -611.85510254 -6.79839003
307 -611.85559082 -6.79839545
308 -611.85522461 -6.79839138
309 -611.85461426 -6.79838460
310 -611.85540771 -6.79839342
311 -611.85437012 -6.79838189
312 -611.85443115 -6.79838257
313 -611.85668945 -6.79840766
314 -611.85583496 -6.79839817
315 -611.85559082 -6.79839545
316 -611.85650635 -6.79840563
317 -611.85687256 -6.79840970
318 -611.85595703 -6.79839952
319 -611.85681152 -6.79840902
320 -611.85577393 -6.79839749
321 -611.85607910 -6.79840088
322 -611.85583496 -6.79839817
323 -611.85491943 -6.79838799
324 -611.85638428 -6.79840427
325 -611.85345459 -6.79837172
326 -611.85302734 -6.79836697
327 -611.85351562 -6.79837240
328 -611.85400391 -6.79837782
329 -611.85522461 -6.79839138
330 -611.85437012 -6.79838189
331 -611.85382080 -6.79837579
332 -611.85430908 -6.79838121
333 -611.85351562 -6.79837240
334 -611.85290527 -6.79836561
335 -611.85333252 -6.79837036
336 -611.85278320 -6.79836426
337 -611.85339355 -6.79837104
338 -611.85345459 -6.79837172
339 -611.85369873 -6.79837443
340 -611.85449219 -6.79838325
341 -611.85449219 -6.79838325
342 -611.85491943 -6.79838799
343 -611.85229492 -6.79835883
344 -611.85241699 -6.79836019
345 -611.85412598 -6.79837918
346 -611.85321045 -6.79836900
347 -611.85321045 -6.79836900
348 -611.85247803 -6.79836087
349 -611.85229492 -6.79835883
350 -611.85125732 -6.79834730
351 -611.85107422 -6.79834527
352 -611.85113525 -6.79834595
353 -611.85192871 -6.79835476
354 -611.84973145 -6.79833035
355 -611.84997559 -6.79833306
356 -611.85095215 -6.79834391
357 -611.85119629 -6.79834663
358 -611.85144043 -6.79834934
359 -611.85125732 -6.79834730
360 -611.85113525 -6.79834595
361 -611.85070801 -6.79834120
362 -611.84954834 -6.79832831
363 -611.85150146 -6.79835002
364 -611.85052490 -6.79833917
365 -611.85021973 -6.79833577
366 -611.84912109 -6.79832357
367 -611.84820557 -6.79831340
368 -611.84844971 -6.79831611
369 -611.84863281 -6.79831814
370 -611.84851074 -6.79831679
371 -611.84954834 -6.79832831
372 -611.84771729 -6.79830797
373 -611.84783936 -6.79830933
374 -611.84869385 -6.79831882
375 -611.84735107 -6.79830390
376 -611.84613037 -6.79829034
377 -611.84710693 -6.79830119
378 -611.84582520 -6.79828695
379 -611.84814453 -6.79831272
380 -611.84661865 -6.79829576
381 -611.84655762 -6.79829508
382 -611.84814453 -6.79831272
383 -611.84722900 -6.79830254
384 -611.84631348 -6.79829237
385 -611.84716797 -6.79830187
386 -611.84729004 -6.79830322
387 -611.84802246 -6.79831136
388 -611.84570312 -6.79828559
389 -611.84704590 -6.79830051
390 -611.84570312 -6.79828559
391 -611.84875488 -6.79831950
392 -611.84667969 -6.79829644
393 -611.84686279 -6.79829848
394 -611.84838867 -6.79831543
395 -611.84936523 -6.79832628
396 -611.84790039 -6.79831000
397 -611.84912109 -6.79832357
398 -611.85046387 -6.79833849
399 -611.85034180 -6.79833713
400 -611.84991455 -6.79833238
401 -611.84790039 -6.79831000
402 -611.84924316 -6.79832492
403 -611.84985352 -6.79833171
404 -611.84985352 -6.79833171
405 -611.85046387 -6.79833849
406 -611.84924316 -6.79832492
407 -611.84985352 -6.79833171
408 -611.85028076 -6.79833645
409 -611.85046387 -6.79833849
410 -611.85083008 -6.79834256
411 -611.85034180 -6.79833713
412 -611.85046387 -6.79833849
413 -611.84924316 -6.79832492
414 -611.84912109 -6.79832357
415 -611.84973145 -6.79833035
416 -611.85003662 -6.79833374
417 -611.84985352 -6.79833171
418 -611.84973145 -6.79833035
419 -611.84960938 -6.79832899
420 -611.84918213 -6.79832425
421 -611.84851074 -6.79831679
422 -611.84985352 -6.79833171
423 -611.84924316 -6.79832492
424 -611.85125732 -6.79834730
425 -611.85144043 -6.79834934
426 -611.85107422 -6.79834527
427 -611.85107422 -6.79834527
428 -611.85180664 -6.79835341
429 -611.85046387 -6.79833849
430 -611.85040283 -6.79833781
431 -611.85040283 -6.79833781
432 -611.85174561 -6.79835273
433 -611.85107422 -6.79834527
434 -611.85229492 -6.79835883
435 -611.85144043 -6.79834934
436 -611.85101318 -6.79834459
437 -611.85168457 -6.79835205
438 -611.85217285 -6.79835748
439 -611.85168457 -6.79835205
440 -611.85058594 -6.79833984
441 -611.85131836 -6.79834798
442 -611.85162354 -6.79835137
443 -611.85046387 -6.79833849
444 -611.85015869 -6.79833510
445 -611.84967041 -6.79832967
446 -611.84936523 -6.79832628
447 -611.84765625 -6.79830729
448 -611.84765625 -6.79830729
449 -611.84906006 -6.79832289
450 -611.84826660 -6.79831407
451 -611.84857178 -6.79831746
452 -611.84753418 -6.79830594
453 -611.84869385 -6.79831882
454 -611.84826660 -6.79831407
455 -611.84826660 -6.79831407
456 -611.84765625 -6.79830729
457 -611.84753418 -6.79830594
458 -611.85015869 -6.79833510
459 -611.84887695 -6.79832086
460 -611.84747314 -6.79830526
461 -611.84790039 -6.79831000
462 -611.84704590 -6.79830051
463 -611.84631348 -6.79829237
464 -611.84692383 -6.79829915
465 -611.84783936 -6.79830933
466 -611.84753418 -6.79830594
467 -611.84692383 -6.79829915
468 -611.84619141 -6.79829102
469 -611.84570312 -6.79828559
470 -611.84326172 -6.79825846
471 -611.84277344 -6.79825304
472 -611.84191895 -6.79824354
473 -611.84204102 -6.79824490
474 -611.84167480 -6.79824083
475 -611.84155273 -6.79823947
476 -611.84155273 -6.79823947
477 -611.84063721 -6.79822930
478 -611.83984375 -6.79822049
479 -611.84057617 -6.79822862
480 -611.84033203 -6.79822591
481 -611.84014893 -6.79822388
482 -611.83807373 -6.79820082
483 -611.83782959 -6.79819811
484 -611.83837891 -6.79820421
485 -611.83740234 -6.79819336
486 -611.83862305 -6.79820692
487 -611.83654785 -6.79818387
488 -611.83630371 -6.79818115
489 -611.83435059 -6.79815945
490 -611.83557129 -6.79817301
491 -611.83508301 -6.79816759
492 -611.83618164 -6.79817980
493 -611.83557129 -6.79817301
494 -611.83630371 -6.79818115
495 -611.83538818 -6.79817098
496 -611.83612061 -6.79817912
497 -611.83648682 -6.79818319
498 -611.83569336 -6.79817437
499 -611.83581543 -6.79817573
500 -611.83386230 -6.79815403
501 -611.83483887 -6.79816488
502 -611.83349609 -6.79814996
503 -611.83435059 -6.79815945
504 -611.83526611 -6.79816962
505 -611.83361816 -6.79815131
506 -611.83337402 -6.79814860
507 -611.83593750 -6.79817708
508 -611.83435059 -6.79815945
509 -611.83386230 -6.79815403
510 -611.83361816 -6.79815131
511 -611.83343506 -6.79814928
512 -611.83264160 -6.79814046
513 -611.83276367 -6.79814182
514 -611.83215332 -6.79813504
515 -611.83190918 -6.79813232
516 -611.83251953 -6.79813911
517 -611.83081055 -6.79812012
518 -611.83349609 -6.79814996
519 -611.83081055 -6.79812012
520 -611.83197021 -6.79813300
521 -611.82971191 -6.79810791
522 -611.82922363 -6.79810248
523 -611.82958984 -6.79810655
524 -611.82751465 -6.79808350
525 -611.82684326 -6.79807604
526 -611.82733154 -6.79808146
527 -611.82788086 -6.79808757
528 -611.82574463 -6.79806383
529 -611.82653809 -6.79807265
530 -611.82531738 -6.79805908
531 -611.82543945 -6.79806044
532 -611.82452393 -6.79805027
533 -611.82177734 -6.79801975
534 -611.82232666 -6.79802585
535 -611.82312012 -6.79803467
536 -611.82348633 -6.79803874
537 -611.82287598 -6.79803196
538 -611.82141113 -6.79801568
539 -611.82141113 -6.79801568
540 -611.82067871 -6.79800754
541 -611.82092285 -6.79801025
542 -611.82055664 -6.79800618
543 -611.81970215 -6.79799669
544 -611.81988525 -6.79799873
545 -611.81958008 -6.79799533
546 -611.81884766 -6.79798720
547 -611.81579590 -6.79795329
548 -611.81457520 -6.79793972
549 -611.81555176 -6.79795058
550 -611.81573486 -6.79795261
551 -611.81677246 -6.79796414
552 -611.81677246 -6.79796414
553 -611.81304932 -6.79792277
554 -611.81188965 -6.79790988
555 -611.81335449 -6.79792616
556 -611.81201172 -6.79791124
557 -611.81036377 -6.79789293
558 -611.80914307 -6.79787937
559 -611.80932617 -6.79788140
560 -611.81024170 -6.79789157
561 -611.80969238 -6.79788547
562 -611.80700684 -6.79785563
563 -611.80615234 -6.79784614
564 -611.80767822 -6.79786309
565 -611.80682373 -6.79785360
566 -611.80541992 -6.79783800
567 -611.80456543 -6.79782850
568 -611.80316162 -6.79781291
569 -611.80419922 -6.79782444
570 -611.80346680 -6.79781630
571 -611.80310059 -6.79781223
572 -611.80395508 -6.79782172
573 -611.80480957 -6.79783122
574 -611.80297852 -6.79781087
575 -611.80310059 -6.79781223
576 -611.80291748 -6.79781019
577 -611.80572510 -6.79784139
578 -611.80468750 -6.79782986
579 -611.80450439 -6.79782783
580 -611.80102539 -6.79778917
581 -611.80017090 -6.79777968
582 -611.79943848 -6.79777154
583 -611.79864502 -6.79776272
584 -611.79956055 -6.79777289
585 -611.80102539 -6.79778917
586 -611.80163574 -6.79779595
587 -611.80065918 -6.79778510
588 -611.80224609 -6.79780273
589 -611.80273438 -6.79780816
590 -611.80328369 -6.79781426
591 -611.80261230 -6.79780680
592 -611.80261230 -6.79780680
593 -611.80187988 -6.79779867
594 -611.80407715 -6.79782308
595 -611.80419922 -6.79782444
596 -611.80267334 -6.79780748
597 -611.80456543 -6.79782850
598 -611.80487061 -6.79783190
599 -611.80407715 -6.79782308
600 -611.80450439 -6.79782783
601 -611.80493164 -6.79783257
602 -611.80480957 -6.79783122
603 -611.80566406 -6.79784071
604 -611.80438232 -6.79782647
605 -611.80529785 -6.79783664
606 -611.80419922 -6.79782444
607 -611.80694580 -6.79785495
608 -611.80505371 -6.79783393
609 -611.80566406 -6.79784071
610 -611.80322266 -6.79781359
611 -611.80474854 -6.79783054
612 -611.80572510 -6.79784139
613 -611.80566406 -6.79784071
614 -611.80627441 -6.79784749
615 -611.80639648 -6.79784885
616 -611.80615234 -6.79784614
617 -611.80688477 -6.79785428
618 -611.80743408 -6.79786038
619 -611.80761719 -6.79786241
620 -611.80792236 -6.79786580
621 -611.80664062 -6.79785156
622 -611.80761719 -6.79786241
623 -611.80767822 -6.79786309
624 -611.80755615 -6.79786174
625 -611.80841064 -6.79787123
626 -611.80737305 -6.79785970
627 -611.80664062 -6.79785156
628 -611.80786133 -6.79786513
629 -611.80804443 -6.79786716
630 -611.80847168 -6.79787191
631 -611.80810547 -6.79786784
632 -611.80712891 -6.79785699
633 -611.80688477 -6.79785428
634 -611.80865479 -6.79787394
635 -611.80847168 -6.79787191
636 -611.81018066 -6.79789090
637 -611.81115723 -6.79790175
638 -611.81072998 -6.79789700
639 -611.80920410 -6.79788005
640 -611.80944824 -6.79788276
641 -611.80932617 -6.79788140
642 -611.80810547 -6.79786784
643 -611.80932617 -6.79788140
644 -611.81036377 -6.79789293
645 -611.81140137 -6.79790446
646 -611.81127930 -6.79790310
647 -611.81103516 -6.79790039
648 -611.81085205 -6.79789836
649 -611.81066895 -6.79789632
650 -611.80981445 -6.79788683
651 -611.81182861 -6.79790921
652 -611.81335449 -6.79792616
653 -611.81140137 -6.79790446
654 -611.81323242 -6.79792480
655 -611.81188965 -6.79790988
656 -611.81085205 -6.79789836
657 -611.81030273 -6.79789225
658 -611.81201172 -6.79791124
659 -611.81268311 -6.79791870
660 -611.81127930 -6.79790310
661 -611.81286621 -6.79792074
662 -611.81298828 -6.79792209
663 -611.81292725 -6.79792141
664 -611.81219482 -6.79791328
665 -611.81146240 -6.79790514
666 -611.81384277 -6.79793159
667 -611.81469727 -6.79794108
668 -611.81591797 -6.79795464
669 -611.81359863 -6.79792887
670 -611.81518555 -6.79794651
671 -611.81408691 -6.79793430
672 -611.81512451 -6.79794583
673 -611.81579590 -6.79795329
674 -611.81640625 -6.79796007
675 -611.81616211 -6.79795736
676 -611.81500244 -6.79794447
677 -611.81726074 -6.79796956
678 -611.81689453 -6.79796549
679 -611.81665039 -6.79796278
680 -611.81707764 -6.79796753
681 -611.81750488 -6.79797228
682 -611.81738281 -6.79797092
683 -611.81640625 -6.79796007
684 -611.81683350 -6.79796482
685 -611.81689453 -6.79796549
686 -611.81689453 -6.79796549
687 -611.81616211 -6.79795736
688 -611.81689453 -6.79796549
689 -611.81622314 -6.79795803
690 -611.81677246 -6.79796414
691 -611.81701660 -6.79796685
692 -611.81500244 -6.79794447
693 -611.81677246 -6.79796414
694 -611.81634521 -6.79795939
695 -611.81518555 -6.79794651
696 -611.81597900 -6.79795532
697 -611.81665039 -6.79796278
698 -611.81683350 -6.79796482
699 -611.81616211 -6.79795736
700 -611.81750488 -6.79797228
701 -611.81713867 -6.79796821
702 -611.81762695 -6.79797363
703 -611.81738281 -6.79797092
704 -611.81488037 -6.79794312
705 -611.81585693 -6.79795397
706 -611.81604004 -6.79795600
707 -611.81604004 -6.79795600
708 -611.81719971 -6.79796889
709 -611.81683350 -6.79796482
710 -611.81701660 -6.79796685
711 -611.81713867 -6.79796821
712 -611.81762695 -6.79797363
713 -611.81713867 -6.79796821
714 -611.81573486 -6.79795261
715 -611.81695557 -6.79796617
716 -611.81811523 -6.79797906
717 -611.81878662 -6.79798652
718 -611.81689453 -6.79796549
719 -611.81713867 -6.79796821
720 -611.81671143 -6.79796346
721 -611.81683350 -6.79796482
722 -611.81677246 -6.79796414
723 -611.81677246 -6.79796414
724 -611.81604004 -6.79795600
725 -611.81549072 -6.79794990
726 -611.81335449 -6.79792616
727 -611.81298828 -6.79792209
728 -611.81512451 -6.79794583
729 -611.81359863 -6.79792887
730 -611.81311035 -6.79792345
731 -611.81201172 -6.79791124
732 -611.81341553 -6.79792684
733 -611.81268311 -6.79791870
734 -611.81280518 -6.79792006
735 -611.81127930 -6.79790310
736 -611.81182861 -6.79790921
737 -611.81237793 -6.79791531
738 -611.81127930 -6.79790310
739 -611.81054688 -6.79789497
740 -611.81256104 -6.79791734
741 -611.81152344 -6.79790582
742 -611.81134033 -6.79790378
743 -611.81115723 -6.79790175
744 -611.81060791 -6.79789564
745 -611.80987549 -6.79788751
746 -611.81127930 -6.79790310
747 -611.81115723 -6.79790175
748 -611.81030273 -6.79789225
749 -611.80981445 -6.79788683
750 -611.81091309 -6.79789903
751 -611.81091309 -6.79789903
752 -611.80981445 -6.79788683
753 -611.81176758 -6.79790853
754 -611.81060791 -6.79789564
755 -611.80957031 -6.79788411
756 -611.80828857 -6.79786987
757 -611.80798340 -6.79786648
758 -611.80822754 -6.79786919
759 -611.80828857 -6.79786987
760 -611.80767822 -6.79786309
761 -611.80700684 -6.79785563
762 -611.80737305 -6.79785970
763 -611.80554199 -6.79783936
764 -611.80621338 -6.79784682
765 -611.80749512 -6.79786106
766 -611.80584717 -6.79784275
767 -611.80572510 -6.79784139
768 -611.80651855 -6.79785021
769 -611.80505371 -6.79783393
770 -611.80621338 -6.79784682
771 -611.80548096 -6.79783868
772 -611.80413818 -6.79782376
773 -611.80487061 -6.79783190
774 -611.80511475 -6.79783461
775 -611.80407715 -6.79782308
776 -611.80389404 -6.79782104
777 -611.80224609 -6.79780273
778 -611.80377197 -6.79781969
779 -611.80346680 -6.79781630
780 -611.80236816 -6.79780409
781 -611.80157471 -6.79779527
782 -611.80145264 -6.79779392
783 -611.80114746 -6.79779053
784 -611.80139160 -6.79779324
785 -611.80114746 -6.79779053
786 -611.80059814 -6.79778442
787 -611.79968262 -6.79777425
788 -611.80059814 -6.79778442
789 -611.79998779 -6.79777764
790 -611.79888916 -6.79776544
791 -611.79931641 -6.79777018
792 -611.79895020 -6.79776611
793 -611.79974365 -6.79777493
794 -611.79907227 -6.79776747
795 -611.79895020 -6.79776611
796 -611.79760742 -6.79775119
797 -611.79571533 -6.79773017
798 -611.79663086 -6.79774034
799 -611.79443359 -6.79771593
800 -611.79382324 -6.79770915
801 -611.79309082 -6.79770101
802 -611.79248047 -6.79769423
803 -611.79278564 -6.79769762
804 -611.79156494 -6.79768405
805 -611.79248047 -6.79769423
806 -611.79394531 -6.79771050
807 -611.79150391 -6.79768338
808 -611.79125977 -6.79768066
809 -611.79113770 -6.79767931
810 -611.79052734 -6.79767253
811 -611.79138184 -6.79768202
812 -611.79266357 -6.79769626
813 -611.79028320 -6.79766981
814 -611.79064941 -6.79767388
815 -611.79150391 -6.79768338
816 -611.79095459 -6.79767727
817 -611.79125977 -6.79768066
818 -611.79150391 -6.79768338
819 -611.79241943 -6.79769355
820 -611.79199219 -6.79768880
821 -611.79174805 -6.79768609
822 -611.79077148 -6.79767524
823 -611.79034424 -6.79767049
824 -611.79028320 -6.79766981
825 -611.78979492 -6.79766439
826 -611.78869629 -6.79765218
827 -611.78924561 -6.79765828
828 -611.79162598 -6.79768473
829 -611.79107666 -6.79767863
830 -611.79058838 -6.79767320
831 -611.79089355 -6.79767660
832 -611.78979492 -6.79766439
833 -611.79150391 -6.79768338
834 -611.79040527 -6.79767117
835 -611.79235840 -6.79769287
836 -611.79254150 -6.79769491
837 -611.79187012 -6.79768745
838 -611.79125977 -6.79768066
839 -611.78991699 -6.79766574
840 -611.79174805 -6.79768609
841 -611.79199219 -6.79768880
842 -611.79174805 -6.79768609
843 -611.79101562 -6.79767795
844 -611.79156494 -6.79768405
845 -611.79199219 -6.79768880
846 -611.79095459 -6.79767727
847 -611.79113770 -6.79767931
848 -611.79180908 -6.79768677
849 -611.79040527 -6.79767117
850 -611.79125977 -6.79768066
851 -611.79113770 -6.79767931
852 -611.79101562 -6.79767795
853 -611.79174805 -6.79768609
854 -611.79125977 -6.79768066
855 -611.78771973 -6.79764133
856 -611.78753662 -6.79763930
857 -611.78857422 -6.79765082
858 -611.78820801 -6.79764676
859 -611.78710938 -6.79763455
860 -611.78875732 -6.79765286
861 -611.78790283 -6.79764336
862 -611.78894043 -6.79765489
863 -611.78802490 -6.79764472
864 -611.78704834 -6.79763387
865 -611.78869629 -6.79765218
866 -611.78747559 -6.79763862
867 -611.78704834 -6.79763387
868 -611.78662109 -6.79762912
869 -611.78723145 -6.79763590
870 -611.78686523 -6.79763184
871 -611.78662109 -6.79762912
872 -611.78778076 -6.79764201
873 -611.78710938 -6.79763455
874 -611.78668213 -6.79762980
875 -611.78710938 -6.79763455
876 -611.78808594 -6.79764540
877 -611.78869629 -6.79765218
878 -611.78747559 -6.79763862
879 -611.78723145 -6.79763590
880 -611.78833008 -6.79764811
881 -611.78833008 -6.79764811
882 -611.78759766 -6.79763997
883 -611.78710938 -6.79763455
884 -611.78955078 -6.79766168
885 -611.78857422 -6.79765082
886 -611.78906250 -6.79765625
887 -611.78930664 -6.79765896
888 -611.78820801 -6.79764676
889 -611.78814697 -6.79764608
890 -611.78771973 -6.79764133
891 -611.78778076 -6.79764201
892 -611.78698730 -6.79763319
893 -611.78820801 -6.79764676
894 -611.78808594 -6.79764540
895 -611.78900146 -6.79765557
896 -611.78930664 -6.79765896
897 -611.78723145 -6.79763590
898 -611.78729248 -6.79763658
899 -611.78796387 -6.79764404
900 -611.78894043 -6.79765489
901 -611.79003906 -6.79766710
902 -611.78918457 -6.79765761
903 -611.79077148 -6.79767524
904 -611.79315186 -6.79770169
905 -611.79168701 -6.79768541
906 -611.79187012 -6.79768745
907 -611.78942871 -6.79766032
908 -611.78918457 -6.79765761
909 -611.78918457 -6.79765761
910 -611.79016113 -6.79766846
911 -611.78991699 -6.79766574
912 -611.78906250 -6.79765625
913 -611.78759766 -6.79763997
914 -611.78759766 -6.79763997
915 -611.78900146 -6.79765557
916 -611.78997803 -6.79766642
917 -611.78820801 -6.79764676
918 -611.79016113 -6.79766846
919 -611.78942871 -6.79766032
920 -611.78936768 -6.79765964
921 -611.78820801 -6.79764676
922 -611.78918457 -6.79765761
923 -611.78826904 -6.79764743
924 -611.78833008 -6.79764811
925 -611.78845215 -6.79764947
926 -611.78790283 -6.79764336
927 -611.78808594 -6.79764540
928 -611.78704834 -6.79763387
929 -611.78796387 -6.79764404
930 -611.78668213 -6.79762980
931 -611.78662109 -6.79762912
932 -611.78729248 -6.79763658
933 -611.78619385 -6.79762438
934 -611.78747559 -6.79763862
935 -611.78601074 -6.79762234
936 -611.78674316 -6.79763048
937 -611.78662109 -6.79762912
938 -611.78894043 -6.79765489
939 -611.78820801 -6.79764676
940 -611.78924561 -6.79765828
941 -611.78833008 -6.79764811
942 -611.78790283 -6.79764336
943 -611.78802490 -6.79764472
944 -611.78735352 -6.79763726
945 -611.78613281 -6.79762370
946 -611.78686523 -6.79763184
947 -611.78845215 -6.79764947
948 -611.78912354 -6.79765693
949 -611.78894043 -6.79765489
950 -611.78881836 -6.79765354
951 -611.78875732 -6.79765286
952 -611.78942871 -6.79766032
953 -611.78955078 -6.79766168
954 -611.78979492 -6.79766439
955 -611.79058838 -6.79767320
956 -611.79016113 -6.79766846
957 -611.78979492 -6.79766439
958 -611.78942871 -6.79766032
959 -611.78955078 -6.79766168
960 -611.78991699 -6.79766574
961 -611.79089355 -6.79767660
962 -611.78796387 -6.79764404
963 -611.78820801 -6.79764676
964 -611.78710938 -6.79763455
965 -611.78869629 -6.79765218
966 -611.78881836 -6.79765354
967 -611.78796387 -6.79764404
968 -611.78796387 -6.79764404
969 -611.78784180 -6.79764269
970 -611.78601074 -6.79762234
971 -611.78662109 -6.79762912
972 -611.78826904 -6.79764743
973 -611.78735352 -6.79763726
974 -611.78887939 -6.79765422
975 -611.78948975 -6.79766100
976 -611.78955078 -6.79766168
977 -611.78942871 -6.79766032
978 -611.78674316 -6.79763048
979 -611.78845215 -6.79764947
980 -611.78527832 -6.79761420
981 -611.78643799 -6.79762709
982 -611.78430176 -6.79760335
983 -611.78576660 -6.79761963
984 -611.78619385 -6.79762438
985 -611.78625488 -6.79762505
986 -611.78515625 -6.79761285
987 -611.78662109 -6.79762912
988 -611.78570557 -6.79761895
989 -611.78503418 -6.79761149
990 -611.78405762 -6.79760064
991 -611.78234863 -6.79758165
992 -611.78277588 -6.79758640
993 -611.78369141 -6.79759657
994 -611.78277588 -6.79758640
995 -611.78405762 -6.79760064
996 -611.78405762 -6.79760064
997 -611.78466797 -6.79760742
998 -611.78259277 -6.79758436
999 -611.78454590 -6.79760607
