0 -449.89413452 -7.02959585
1 -449.88323975 -7.02942562
2 -449.86892700 -7.02920198
3 -449.86477661 -7.02913713
4 -449.85028076 -7.02891064
5 -449.83969116 -7.02874517
6 -449.84298706 -7.02879667
7 -449.83020020 -7.02859688
8 -449.81848145 -7.02841377
9 -449.80477905 -7.02819967
10 -449.78973389 -7.02796459
11 -449.78131104 -7.02783298
12 -449.76214600 -7.02753353
13 -449.74862671 -7.02732229
14 -449.72940063 -7.02702188
15 -449.73217773 -7.02706528
16 -449.72280884 -7.02691889
17 -449.70413208 -7.02662706
18 -449.69665527 -7.02651024
19 -449.69342041 -7.02645969
20 -449.67199707 -7.02612495
21 -449.64923096 -7.02576923
22 -449.64498901 -7.02570295
23 -449.63442993 -7.02553797
24 -449.62911987 -7.02545500
25 -449.61547852 -7.02524185
26 -449.60702515 -7.02510977
27 -449.58633423 -7.02478647
28 -449.58056641 -7.02469635
29 -449.54217529 -7.02409649
30 -449.52600098 -7.02384377
31 -449.51577759 -7.02368402
32 -449.50540161 -7.02352190
33 -449.47866821 -7.02310419
34 -449.46426392 -7.02287912
35 -449.46536255 -7.02289629
36 -449.45013428 -7.02265835
37 -449.46676636 -7.02291822
38 -449.41943359 -7.02217865
39 -449.42419434 -7.02225304
40 -449.42556763 -7.02227449
41 -449.39547729 -7.02180433
42 -449.37542725 -7.02149105
43 -449.36560059 -7.02133751
44 -449.38275146 -7.02160549
45 -449.36492920 -7.02132702
46 -449.33688354 -7.02088881
47 -449.31491089 -7.02054548
48 -449.31314087 -7.02051783
49 -449.29479980 -7.02023125
50 -449.29299927 -7.02020311
51 -449.31008911 -7.02047014
52 -449.28857422 -7.02013397
53 -449.30679321 -7.02041864
54 -449.26635742 -7.01978683
55 -449.27212524 -7.01987696
56 -449.26513672 -7.01976776
57 -449.26593018 -7.01978016
58 -449.22888184 -7.01920128
59 -449.17288208 -7.01832628
60 -449.15536499 -7.01805258
61 -449.14083862 -7.01782560
62 -449.08715820 -7.01698685
63 -449.06817627 -7.01669025
64 -449.06561279 -7.01665020
65 -449.10034180 -7.01719284
66 -449.06109619 -7.01657963
67 -449.06933594 -7.01670837
68 -448.99844360 -7.01560068
69 -448.93875122 -7.01466799
70 -448.91439819 -7.01428747
71 -448.85714722 -7.01339293
72 -448.85446167 -7.01335096
73 -448.80462646 -7.01257229
74 -448.79318237 -7.01239347
75 -448.79562378 -7.01243162
76 -448.79190063 -7.01237345
77 -448.79199219 -7.01237488
78 -448.78265381 -7.01222897
79 -448.78649902 -7.01228905
80 -448.78833008 -7.01231766
81 -448.80502319 -7.01257849
82 -448.82260132 -7.01285315
83 -448.83401489 -7.01303148
84 -448.82431030 -7.01287985
85 -448.77185059 -7.01206017
86 -448.75549316 -7.01180458
87 -448.74185181 -7.01159143
88 -448.74636841 -7.01166201
89 -448.74493408 -7.01163960
90 -448.64385986 -7.01006031
91 -448.60745239 -7.00949144
92 -448.61563110 -7.00961924
93 -448.58190918 -7.00909233
94 -448.48776245 -7.00762129
95 -448.41336060 -7.00645876
96 -448.36962891 -7.00577545
97 -448.29962158 -7.00468159
98 -448.28463745 -7.00444746
99 -448.30072021 -7.00469875
100 -448.31060791 -7.00485325
101 -448.24774170 -7.00387096
102 -448.21505737 -7.00336027
103 -448.21627808 -7.00337934
104 -448.25695801 -7.00401497
105 -448.24884033 -7.00388813
106 -448.24230957 -7.00378609
107 -448.18463135 -7.00288486
108 -448.16278076 -7.00254345
109 -448.16857910 -7.00263405
110 -448.14349365 -7.00224209
111 -448.10678101 -7.00166845
112 -448.07019043 -7.00109673
113 -448.09384155 -7.00146627
114 -448.06411743 -7.00100183
115 -448.13256836 -7.00207138
116 -448.06347656 -7.00099182
117 -448.07070923 -7.00110483
118 -448.00607300 -7.00009489
119 -447.93133545 -6.99892712
120 -447.92324829 -6.99880075
121 -447.89907837 -6.99842310
122 -447.83901978 -6.99748468
123 -447.91378784 -6.99865294
124 -447.89096069 -6.99829626
125 -447.85668945 -6.99776077
126 -447.74450684 -6.99600792
127 -447.79028320 -6.99672318
128 -447.77276611 -6.99644947
129 -447.82998657 -6.99734354
130 -447.78710938 -6.99667358
131 -447.80227661 -6.99691057
132 -447.77075195 -6.99641800
133 -447.63983154 -6.99437237
134 -447.56912231 -6.99326754
135 -447.55908203 -6.99311066
136 -447.58728027 -6.99355125
137 -447.51168823 -6.99237013
138 -447.51037598 -6.99234962
139 -447.54733276 -6.99292707
140 -447.61251831 -6.99394560
141 -447.51956177 -6.99249315
142 -447.57778931 -6.99340296
143 -447.58624268 -6.99353504
144 -447.61331177 -6.99395800
145 -447.45788574 -6.99152946
146 -447.38198853 -6.99034357
147 -447.34164429 -6.98971319
148 -447.26193237 -6.98846769
149 -447.32336426 -6.98942757
150 -447.32638550 -6.98947477
151 -447.38854980 -6.99044609
152 -447.38208008 -6.99034500
153 -447.41067505 -6.99079180
154 -447.30541992 -6.98914719
155 -447.19555664 -6.98743057
156 -447.10989380 -6.98609209
157 -446.98327637 -6.98411369
158 -446.88873291 -6.98263645
159 -446.76385498 -6.98068523
160 -446.77926636 -6.98092604
161 -446.75314331 -6.98051786
162 -446.72277832 -6.98004341
163 -446.74929810 -6.98045778
164 -446.82171631 -6.98158932
165 -446.73925781 -6.98030090
166 -446.73388672 -6.98021698
167 -446.67227173 -6.97925425
168 -446.69735718 -6.97964621
169 -446.72247314 -6.98003864
170 -446.69433594 -6.97959900
171 -446.69900513 -6.97967196
172 -446.65457153 -6.97897768
173 -446.59747314 -6.97808552
174 -446.49118042 -6.97642469
175 -446.44906616 -6.97576666
176 -446.50238037 -6.97659969
177 -446.51461792 -6.97679090
178 -446.41256714 -6.97519636
179 -446.39880371 -6.97498131
180 -446.20816040 -6.97200251
181 -446.27401733 -6.97303152
182 -446.31726074 -6.97370720
183 -446.22811890 -6.97231436
184 -446.25579834 -6.97274685
185 -446.13641357 -6.97088146
186 -446.11373901 -6.97052717
187 -446.04281616 -6.96941900
188 -446.01046753 -6.96891356
189 -446.05749512 -6.96964836
190 -445.98648071 -6.96853876
191 -445.91763306 -6.96746302
192 -446.02575684 -6.96915245
193 -445.92855835 -6.96763372
194 -445.95532227 -6.96805191
195 -445.87442017 -6.96678782
196 -445.81658936 -6.96588421
197 -445.71386719 -6.96427917
198 -445.80404663 -6.96568823
199 -445.71350098 -6.96427345
200 -445.69195557 -6.96393681
201 -445.85958862 -6.96655607
202 -445.66177368 -6.96346521
203 -445.62008667 -6.96281385
204 -445.56634521 -6.96197414
205 -445.56802368 -6.96200037
206 -445.56997681 -6.96203089
207 -445.52401733 -6.96131277
208 -445.61401367 -6.96271896
209 -445.55935669 -6.96186495
210 -445.71398926 -6.96428108
211 -445.59689331 -6.96245146
212 -445.48196411 -6.96065569
213 -445.45590210 -6.96024847
214 -445.40225220 -6.95941019
215 -445.43579102 -6.95993423
216 -445.52047729 -6.96125746
217 -445.43948364 -6.95999193
218 -445.37930298 -6.95905161
219 -445.44946289 -6.96014786
220 -445.37609863 -6.95900154
221 -445.42742920 -6.95980358
222 -445.35809326 -6.95872021
223 -445.22976685 -6.95671511
224 -445.20968628 -6.95640135
225 -445.22143555 -6.95658493
226 -445.16717529 -6.95573711
227 -445.02630615 -6.95353603
228 -444.97232056 -6.95269251
229 -444.82424927 -6.95037889
230 -444.96914673 -6.95264292
231 -445.01538086 -6.95336533
232 -444.97689819 -6.95276403
233 -444.82998657 -6.95046854
234 -444.76867676 -6.94951057
235 -444.59631348 -6.94681740
236 -444.64627075 -6.94759798
237 -444.61907959 -6.94717312
238 -444.46066284 -6.94469786
239 -444.44201660 -6.94440651
240 -444.32330322 -6.94255161
241 -444.23837280 -6.94122458
242 -444.29736328 -6.94214630
243 -444.04476929 -6.93819952
244 -443.96240234 -6.93691254
245 -443.80441284 -6.93444395
246 -443.94412231 -6.93662691
247 -443.87564087 -6.93555689
248 -443.97207642 -6.93706369
249 -443.84967041 -6.93515110
250 -443.82281494 -6.93473148
251 -443.81079102 -6.93454361
252 -443.58486938 -6.93101358
253 -443.30270386 -6.92660475
254 -443.19372559 -6.92490196
255 -443.29342651 -6.92645979
256 -443.16983032 -6.92452860
257 -443.13870239 -6.92404222
258 -443.07843018 -6.92310047
259 -443.13308716 -6.92395449
260 -443.14788818 -6.92418575
261 -443.06182861 -6.92284107
262 -442.85906982 -6.91967297
263 -442.91796875 -6.92059326
264 -443.03707886 -6.92245436
265 -443.06478882 -6.92288733
266 -442.97436523 -6.92147446
267 -443.12368774 -6.92380762
268 -443.00720215 -6.92198753
269 -442.83251953 -6.91925812
270 -442.80108643 -6.91876698
271 -442.87423706 -6.91990995
272 -443.08364868 -6.92318201
273 -443.07504272 -6.92304754
274 -442.90530396 -6.92039537
275 -442.79876709 -6.91873074
276 -442.70587158 -6.91727924
277 -442.70156860 -6.91721201
278 -442.66723633 -6.91667557
279 -442.59280396 -6.91551256
280 -442.66253662 -6.91660213
281 -442.82928467 -6.91920757
282 -442.68292236 -6.91692066
283 -442.61413574 -6.91584587
284 -442.39852905 -6.91247702
285 -442.37130737 -6.91205168
286 -442.45758057 -6.91339970
287 -442.34912109 -6.91170502
288 -442.16998291 -6.90890598
289 -441.96636963 -6.90572453
290 -442.03518677 -6.90679979
291 -442.14434814 -6.90850544
292 -442.11636353 -6.90806818
293 -442.17434692 -6.90897417
294 -442.00091553 -6.90626431
295 -442.13540649 -6.90836573
296 -441.97625732 -6.90587902
297 -441.67489624 -6.90117025
298 -441.76281738 -6.90254402
299 -441.87985229 -6.90437269
300 -441.73596191 -6.90212440
301 -441.66577148 -6.90102768
302 -441.71496582 -6.90179634
303 -441.63760376 -6.90058756
304 -441.72918701 -6.90201855
