0 -750.01776123 -6.81834328
1 -750.02655029 -6.81842318
2 -750.03143311 -6.81846757
3 -750.03479004 -6.81849809
4 -750.03820801 -6.81852916
5 -750.04138184 -6.81855802
6 -750.04321289 -6.81857466
7 -750.04602051 -6.81860019
8 -750.04870605 -6.81862460
9 -750.05114746 -6.81864680
10 -750.05267334 -6.81866067
11 -750.05340576 -6.81866733
12 -750.05529785 -6.81868453
13 -750.05712891 -6.81870117
14 -750.05847168 -6.81871338
15 -750.05914307 -6.81871948
16 -750.06115723 -6.81873779
17 -750.06164551 -6.81874223
18 -750.06311035 -6.81875555
19 -750.06561279 -6.81877830
20 -750.06549072 -6.81877719
21 -750.06732178 -6.81879383
22 -750.06915283 -6.81881048
23 -750.06896973 -6.81880882
24 -750.07031250 -6.81882102
25 -750.07165527 -6.81883323
26 -750.07409668 -6.81885542
27 -750.07348633 -6.81884988
28 -750.07342529 -6.81884932
29 -750.07556152 -6.81886874
30 -750.07604980 -6.81887318
31 -750.07708740 -6.81888261
32 -750.07745361 -6.81888594
33 -750.07824707 -6.81889316
34 -750.07867432 -6.81889704
35 -750.08026123 -6.81891147
36 -750.08105469 -6.81891868
37 -750.08184814 -6.81892589
38 -750.08251953 -6.81893200
39 -750.08306885 -6.81893699
40 -750.08374023 -6.81894309
41 -750.08361816 -6.81894198
42 -750.08435059 -6.81894864
43 -750.08477783 -6.81895253
44 -750.08654785 -6.81896862
45 -750.08746338 -6.81897694
46 -750.08782959 -6.81898027
47 -750.08752441 -6.81897749
48 -750.08819580 -6.81898360
49 -750.08819580 -6.81898360
50 -750.08953857 -6.81899581
51 -750.09008789 -6.81900080
52 -750.09094238 -6.81900857
53 -750.09057617 -6.81900524
54 -750.09118652 -6.81901079
55 -750.09082031 -6.81900746
56 -750.09191895 -6.81901744
57 -750.09326172 -6.81902965
58 -750.09393311 -6.81903576
59 -750.09338379 -6.81903076
60 -750.09503174 -6.81904574
61 -750.09588623 -6.81905351
62 -750.09686279 -6.81906239
63 -750.09674072 -6.81906128
64 -750.09716797 -6.81906516
65 -750.09722900 -6.81906572
66 -750.09771729 -6.81907016
67 -750.09692383 -6.81906294
68 -750.09826660 -6.81907515
69 -750.09826660 -6.81907515
70 -750.09906006 -6.81908236
71 -750.09869385 -6.81907903
72 -750.09906006 -6.81908236
73 -750.09783936 -6.81907127
74 -750.09796143 -6.81907238
75 -750.09802246 -6.81907293
76 -750.09790039 -6.81907182
77 -750.09820557 -6.81907460
78 -750.09893799 -6.81908125
79 -750.09997559 -6.81909069
80 -750.09973145 -6.81908847
81 -750.10003662 -6.81909124
82 -750.10186768 -6.81910789
83 -750.10089111 -6.81909901
84 -750.10272217 -6.81911566
85 -750.10156250 -6.81910511
86 -750.10235596 -6.81911233
87 -750.10034180 -6.81909402
88 -750.10076904 -6.81909790
89 -750.10186768 -6.81910789
90 -750.10205078 -6.81910955
91 -750.10089111 -6.81909901
92 -750.10089111 -6.81909901
93 -750.10083008 -6.81909846
94 -750.10113525 -6.81910123
95 -750.10003662 -6.81909124
96 -750.10198975 -6.81910900
97 -750.10174561 -6.81910678
98 -750.10076904 -6.81909790
99 -750.10107422 -6.81910067
100 -750.10131836 -6.81910289
101 -750.10290527 -6.81911732
102 -750.10278320 -6.81911621
103 -750.10412598 -6.81912842
104 -750.10406494 -6.81912786
105 -750.10394287 -6.81912675
106 -750.10430908 -6.81913008
107 -750.10406494 -6.81912786
108 -750.10693359 -6.81915394
109 -750.10595703 -6.81914506
110 -750.10675049 -6.81915228
111 -750.10717773 -6.81915616
112 -750.10766602 -6.81916060
113 -750.10784912 -6.81916226
114 -750.10681152 -6.81915283
115 -750.10638428 -6.81914895
116 -750.10754395 -6.81915949
117 -750.10656738 -6.81915061
118 -750.10736084 -6.81915783
119 -750.10595703 -6.81914506
120 -750.10632324 -6.81914839
121 -750.10742188 -6.81915838
122 -750.10717773 -6.81915616
123 -750.10632324 -6.81914839
124 -750.10821533 -6.81916559
125 -750.10778809 -6.81916171
126 -750.10821533 -6.81916559
127 -750.10705566 -6.81915505
128 -750.10815430 -6.81916504
129 -750.10864258 -6.81916948
130 -750.10784912 -6.81916226
131 -750.10827637 -6.81916615
132 -750.10961914 -6.81917836
133 -750.10894775 -6.81917225
134 -750.10784912 -6.81916226
135 -750.10864258 -6.81916948
136 -750.10937500 -6.81917614
137 -750.10845947 -6.81916781
138 -750.10992432 -6.81918113
139 -750.10821533 -6.81916559
140 -750.10931396 -6.81917558
141 -750.10827637 -6.81916615
142 -750.10986328 -6.81918058
143 -750.11047363 -6.81918612
144 -750.11096191 -6.81919056
145 -750.11108398 -6.81919167
146 -750.11041260 -6.81918557
147 -750.11029053 -6.81918446
148 -750.11096191 -6.81919056
149 -750.10961914 -6.81917836
150 -750.11041260 -6.81918557
151 -750.11083984 -6.81918945
152 -750.11059570 -6.81918723
153 -750.11157227 -6.81919611
154 -750.10943604 -6.81917669
155 -750.11090088 -6.81919001
156 -750.11035156 -6.81918501
157 -750.11114502 -6.81919223
158 -750.11059570 -6.81918723
159 -750.11163330 -6.81919667
160 -750.11199951 -6.81920000
161 -750.11206055 -6.81920055
162 -750.11120605 -6.81919278
163 -750.10858154 -6.81916892
164 -750.10852051 -6.81916837
165 -750.10955811 -6.81917780
166 -750.11090088 -6.81919001
167 -750.10961914 -6.81917836
168 -750.11047363 -6.81918612
169 -750.10931396 -6.81917558
170 -750.10925293 -6.81917503
171 -750.11065674 -6.81918779
172 -750.10809326 -6.81916448
173 -750.10913086 -6.81917392
174 -750.10937500 -6.81917614
175 -750.10888672 -6.81917170
176 -750.11096191 -6.81919056
177 -750.10882568 -6.81917114
178 -750.10803223 -6.81916393
179 -750.10870361 -6.81917003
180 -750.10766602 -6.81916060
181 -750.10809326 -6.81916448
182 -750.10919189 -6.81917447
183 -750.10949707 -6.81917725
184 -750.10968018 -6.81917891
185 -750.10833740 -6.81916670
186 -750.10815430 -6.81916504
187 -750.10815430 -6.81916504
188 -750.10803223 -6.81916393
189 -750.10784912 -6.81916226
190 -750.10772705 -6.81916116
191 -750.10900879 -6.81917281
192 -750.10998535 -6.81918169
193 -750.10797119 -6.81916337
194 -750.10668945 -6.81915172
195 -750.10809326 -6.81916448
196 -750.11175537 -6.81919778
197 -750.10729980 -6.81915727
198 -750.10845947 -6.81916781
199 -750.10852051 -6.81916837
200 -750.10949707 -6.81917725
201 -750.11004639 -6.81918224
202 -750.11187744 -6.81919889
203 -750.11212158 -6.81920111
204 -750.11114502 -6.81919223
205 -750.11273193 -6.81920665
206 -750.11090088 -6.81919001
207 -750.10772705 -6.81916116
208 -750.10931396 -6.81917558
209 -750.11022949 -6.81918390
210 -750.10925293 -6.81917503
211 -750.11047363 -6.81918612
212 -750.11059570 -6.81918723
213 -750.11193848 -6.81919944
214 -750.11059570 -6.81918723
215 -750.11029053 -6.81918446
216 -750.11077881 -6.81918890
217 -750.11016846 -6.81918335
218 -750.11035156 -6.81918501
219 -750.11370850 -6.81921553
220 -750.11022949 -6.81918390
221 -750.11230469 -6.81920277
222 -750.11328125 -6.81921165
223 -750.11279297 -6.81920721
224 -750.11218262 -6.81920166
225 -750.11309814 -6.81920998
226 -750.11224365 -6.81920222
227 -750.11199951 -6.81920000
228 -750.11151123 -6.81919556
229 -750.11077881 -6.81918890
230 -750.11145020 -6.81919500
231 -750.10784912 -6.81916226
232 -750.11151123 -6.81919556
233 -750.11102295 -6.81919112
234 -750.11273193 -6.81920665
235 -750.11212158 -6.81920111
236 -750.11083984 -6.81918945
237 -750.11169434 -6.81919722
238 -750.10998535 -6.81918169
239 -750.11059570 -6.81918723
240 -750.11102295 -6.81919112
241 -750.11077881 -6.81918890
242 -750.10998535 -6.81918169
243 -750.10809326 -6.81916448
244 -750.11236572 -6.81920332
245 -750.11309814 -6.81920998
246 -750.11224365 -6.81920222
247 -750.11157227 -6.81919611
248 -750.11108398 -6.81919167
249 -750.11297607 -6.81920887
250 -750.11242676 -6.81920388
251 -750.10992432 -6.81918113
252 -750.11334229 -6.81921220
253 -750.11138916 -6.81919445
254 -750.10998535 -6.81918169
255 -750.11151123 -6.81919556
256 -750.10626221 -6.81914784
257 -750.10803223 -6.81916393
258 -750.10797119 -6.81916337
259 -750.10729980 -6.81915727
260 -750.10968018 -6.81917891
261 -750.10784912 -6.81916226
262 -750.10791016 -6.81916282
263 -750.11108398 -6.81919167
264 -750.10974121 -6.81917947
265 -750.10833740 -6.81916670
266 -750.10955811 -6.81917780
267 -750.11181641 -6.81919833
268 -750.11358643 -6.81921442
269 -750.11267090 -6.81920610
270 -750.11236572 -6.81920332
271 -750.11334229 -6.81921220
272 -750.11169434 -6.81919722
273 -750.11041260 -6.81918557
274 -750.11047363 -6.81918612
275 -750.11242676 -6.81920388
276 -750.11358643 -6.81921442
277 -750.11322021 -6.81921109
278 -750.11413574 -6.81921942
279 -750.11608887 -6.81923717
280 -750.11364746 -6.81921498
281 -750.11706543 -6.81924605
282 -750.11523438 -6.81922940
283 -750.11779785 -6.81925271
284 -750.11816406 -6.81925604
285 -750.11773682 -6.81925215
286 -750.11431885 -6.81922108
287 -750.11541748 -6.81923107
288 -750.11596680 -6.81923606
289 -750.11608887 -6.81923717
290 -750.11822510 -6.81925659
291 -750.11914062 -6.81926491
292 -750.11499023 -6.81922718
293 -750.11883545 -6.81926214
294 -750.11706543 -6.81924605
295 -750.12005615 -6.81927324
296 -750.11895752 -6.81926325
297 -750.11627197 -6.81923884
298 -750.11779785 -6.81925271
299 -750.11578369 -6.81923440
300 -750.11907959 -6.81926436
301 -750.11694336 -6.81924494
302 -750.11932373 -6.81926658
303 -750.11822510 -6.81925659
304 -750.11944580 -6.81926769
305 -750.11944580 -6.81926769
306 -750.11798096 -6.81925437
307 -750.11901855 -6.81926381
308 -750.11981201 -6.81927102
309 -750.12048340 -6.81927712
310 -750.11798096 -6.81925437
311 -750.11370850 -6.81921553
312 -750.11383057 -6.81921664
313 -750.11712646 -6.81924660
314 -750.11798096 -6.81925437
315 -750.12182617 -6.81928933
316 -750.12219238 -6.81929266
317 -750.11822510 -6.81925659
318 -750.11889648 -6.81926270
319 -750.11761475 -6.81925104
320 -750.11743164 -6.81924938
321 -750.12017822 -6.81927435
322 -750.12048340 -6.81927712
323 -750.11669922 -6.81924272
324 -750.11981201 -6.81927102
325 -750.11743164 -6.81924938
326 -750.11724854 -6.81924771
327 -750.11651611 -6.81924106
328 -750.11975098 -6.81927046
329 -750.11773682 -6.81925215
330 -750.11260986 -6.81920554
331 -750.12036133 -6.81927601
332 -750.11877441 -6.81926159
333 -750.12341309 -6.81930376
334 -750.12084961 -6.81928045
335 -750.11755371 -6.81925049
336 -750.11834717 -6.81925770
337 -750.11322021 -6.81921109
338 -750.11730957 -6.81924827
339 -750.11999512 -6.81927268
340 -750.11956787 -6.81926880
341 -750.11431885 -6.81922108
342 -750.11712646 -6.81924660
343 -750.11749268 -6.81924993
344 -750.11791992 -6.81925382
345 -750.11706543 -6.81924605
346 -750.11218262 -6.81920166
347 -750.11419678 -6.81921997
348 -750.11322021 -6.81921109
349 -750.11431885 -6.81922108
350 -750.11254883 -6.81920499
351 -750.11468506 -6.81922441
352 -750.11059570 -6.81918723
353 -750.11352539 -6.81921387
354 -750.11676025 -6.81924328
355 -750.11712646 -6.81924660
356 -750.11676025 -6.81924328
357 -750.11590576 -6.81923551
358 -750.11248779 -6.81920443
359 -750.11529541 -6.81922996
360 -750.11340332 -6.81921276
361 -750.11358643 -6.81921442
362 -750.11376953 -6.81921609
363 -750.11126709 -6.81919334
364 -750.11010742 -6.81918279
365 -750.11187744 -6.81919889
366 -750.11322021 -6.81921109
367 -750.11224365 -6.81920222
368 -750.11462402 -6.81922385
369 -750.11572266 -6.81923384
370 -750.11450195 -6.81922275
371 -750.11584473 -6.81923495
