0 -657.59667969 -6.84996541
1 -657.54919434 -6.84947077
2 -657.51293945 -6.84909312
3 -657.47790527 -6.84872818
4 -657.45654297 -6.84850566
5 -657.42272949 -6.84815343
6 -657.41229248 -6.84804471
7 -657.36834717 -6.84758695
8 -657.30798340 -6.84695816
9 -657.26947021 -6.84655698
10 -657.19909668 -6.84582392
11 -657.18505859 -6.84567769
12 -657.15631104 -6.84537824
13 -657.13922119 -6.84520022
14 -657.09411621 -6.84473038
15 -657.06652832 -6.84444300
16 -657.04235840 -6.84419123
17 -657.04949951 -6.84426562
18 -657.00183105 -6.84376907
19 -656.93542480 -6.84307734
20 -656.88067627 -6.84250704
21 -656.84674072 -6.84215355
22 -656.85388184 -6.84222794
23 -656.81744385 -6.84184837
24 -656.78594971 -6.84152031
25 -656.78198242 -6.84147898
26 -656.68432617 -6.84046173
27 -656.66918945 -6.84030406
28 -656.68475342 -6.84046618
29 -656.61999512 -6.83979162
30 -656.61651611 -6.83975538
31 -656.52783203 -6.83883158
32 -656.49169922 -6.83845520
33 -656.41656494 -6.83767255
34 -656.31652832 -6.83663050
35 -656.18969727 -6.83530935
36 -656.21661377 -6.83558973
37 -656.16558838 -6.83505821
38 -656.12872314 -6.83467420
39 -656.02893066 -6.83363469
40 -655.95318604 -6.83284569
41 -655.85461426 -6.83181890
42 -655.76464844 -6.83088175
43 -655.64373779 -6.82962227
44 -655.60375977 -6.82920583
45 -655.58758545 -6.82903735
46 -655.46746826 -6.82778613
47 -655.48541260 -6.82797305
48 -655.44641113 -6.82756678
49 -655.27020264 -6.82573128
50 -655.11547852 -6.82411957
51 -655.01287842 -6.82305082
52 -654.90100098 -6.82188543
53 -654.76623535 -6.82048162
54 -654.71618652 -6.81996028
55 -654.54418945 -6.81816864
56 -654.59552002 -6.81870333
57 -654.51507568 -6.81786537
58 -654.42242432 -6.81690025
59 -654.34747314 -6.81611951
60 -654.11425781 -6.81369019
61 -654.14739990 -6.81403542
62 -654.02484131 -6.81275876
63 -654.04455566 -6.81296412
64 -653.86492920 -6.81109301
65 -653.87127686 -6.81115913
66 -653.78698730 -6.81028112
67 -653.74182129 -6.80981064
68 -653.59747314 -6.80830701
69 -653.73443604 -6.80973371
70 -653.90405273 -6.81150055
71 -653.94293213 -6.81190554
72 -653.92138672 -6.81168111
73 -653.67053223 -6.80906804
74 -653.39654541 -6.80621401
75 -653.56005859 -6.80791728
76 -653.54174805 -6.80772654
77 -653.47631836 -6.80704498
78 -653.49865723 -6.80727768
79 -653.53839111 -6.80769157
80 -653.53369141 -6.80764262
81 -653.54858398 -6.80779775
82 -653.44873047 -6.80675761
83 -653.23077393 -6.80448723
84 -653.24121094 -6.80459595
85 -653.20666504 -6.80423609
86 -652.98229980 -6.80189896
87 -653.00787354 -6.80216535
88 -652.93640137 -6.80142085
89 -653.00054932 -6.80208906
90 -652.83331299 -6.80034701
91 -652.73553467 -6.79932849
92 -652.60784912 -6.79799843
93 -652.58099365 -6.79771868
94 -652.30859375 -6.79488118
95 -652.40844727 -6.79592133
96 -652.50451660 -6.79692205
97 -652.32580566 -6.79506048
98 -652.34301758 -6.79523977
99 -652.31042480 -6.79490026
100 -652.19384766 -6.79368591
101 -652.01727295 -6.79184659
102 -651.81573486 -6.78974724
103 -651.65948486 -6.78811963
104 -651.69427490 -6.78848203
105 -651.67681885 -6.78830020
106 -651.55657959 -6.78704770
107 -651.57470703 -6.78723653
108 -651.49407959 -6.78639666
109 -651.35223389 -6.78491910
110 -651.30883789 -6.78446706
111 -651.44696045 -6.78590584
112 -651.16632080 -6.78298251
113 -651.18066406 -6.78313192
114 -651.04754639 -6.78174527
115 -650.97692871 -6.78100967
116 -650.79809570 -6.77914683
117 -650.78240967 -6.77898343
118 -650.57446289 -6.77681732
119 -650.71319580 -6.77826246
120 -650.50341797 -6.77607727
121 -650.49908447 -6.77603213
122 -650.33489990 -6.77432187
123 -650.17315674 -6.77263705
124 -650.06597900 -6.77152061
125 -650.03192139 -6.77116585
126 -650.20312500 -6.77294922
127 -650.29907227 -6.77394867
128 -649.90612793 -6.76985550
129 -649.93383789 -6.77014414
130 -649.81616211 -6.76891836
131 -649.73419189 -6.76806450
132 -649.92187500 -6.77001953
133 -649.71228027 -6.76783625
134 -649.48229980 -6.76544062
135 -649.60070801 -6.76667404
136 -649.37609863 -6.76433436
137 -649.24926758 -6.76301320
138 -648.96594238 -6.76006190
139 -648.82135010 -6.75855573
140 -648.95385742 -6.75993601
141 -649.15057373 -6.76198514
142 -649.10815430 -6.76154327
143 -649.22448730 -6.76275508
144 -649.12738037 -6.76174355
145 -649.15820312 -6.76206462
146 -649.14160156 -6.76189168
147 -649.16540527 -6.76213964
148 -648.80218506 -6.75835609
149 -648.65710449 -6.75684484
150 -648.44934082 -6.75468063
151 -648.46868896 -6.75488218
152 -648.38696289 -6.75403086
153 -648.19696045 -6.75205167
154 -648.12841797 -6.75133769
155 -648.21008301 -6.75218836
156 -648.14251709 -6.75148455
157 -647.87475586 -6.74869537
158 -647.91357422 -6.74909973
159 -647.64343262 -6.74628576
160 -647.50817871 -6.74487686
161 -647.30578613 -6.74276861
162 -647.22052002 -6.74188042
163 -647.00885010 -6.73967552
164 -646.95483398 -6.73911285
165 -646.76446533 -6.73712985
166 -646.59344482 -6.73534838
167 -646.12597656 -6.73047892
168 -645.73937988 -6.72645187
169 -646.01721191 -6.72934596
170 -646.11706543 -6.73038610
171 -646.29736328 -6.73226420
172 -646.14544678 -6.73068174
173 -645.63214111 -6.72533480
174 -645.76770020 -6.72674688
175 -646.11413574 -6.73035558
176 -645.97344971 -6.72889010
177 -645.81372070 -6.72722626
178 -645.94030762 -6.72854487
179 -645.93786621 -6.72851944
180 -646.08819580 -6.73008537
181 -646.23138428 -6.73157692
182 -645.99951172 -6.72916158
183 -645.61828613 -6.72519048
184 -645.58795166 -6.72487450
185 -645.47326660 -6.72367986
186 -644.96398926 -6.71837489
187 -645.00598145 -6.71881231
188 -644.94714355 -6.71819941
189 -644.98925781 -6.71863810
190 -644.96215820 -6.71835581
191 -644.64685059 -6.71507136
192 -644.65563965 -6.71516291
193 -644.45385742 -6.71306101
194 -644.28454590 -6.71129735
195 -644.40606689 -6.71256320
196 -644.08520508 -6.70922089
197 -644.27911377 -6.71124077
198 -643.87927246 -6.70707575
199 -643.68560791 -6.70505842
200 -643.75488281 -6.70578003
201 -643.77429199 -6.70598221
202 -643.98626709 -6.70819028
203 -644.07318115 -6.70909564
204 -644.14080811 -6.70980008
205 -644.22265625 -6.71065267
206 -643.82110596 -6.70646985
207 -643.69873047 -6.70519511
208 -643.74951172 -6.70572408
209 -643.74127197 -6.70563825
210 -643.51812744 -6.70331383
211 -643.14788818 -6.69945717
212 -643.12463379 -6.69921494
213 -643.25030518 -6.70052401
214 -643.09875488 -6.69894536
215 -643.04284668 -6.69836299
216 -642.57305908 -6.69346937
217 -642.46429443 -6.69233640
218 -642.84234619 -6.69627444
219 -642.49908447 -6.69269880
220 -641.98474121 -6.68734105
221 -642.19177246 -6.68949763
222 -641.71337891 -6.68451436
223 -641.14099121 -6.67855199
224 -640.71911621 -6.67415746
225 -640.22595215 -6.66902033
226 -640.24945068 -6.66926511
227 -640.34503174 -6.67026075
228 -640.11914062 -6.66790771
229 -640.39410400 -6.67077192
230 -640.32855225 -6.67008909
231 -640.26092529 -6.66938464
232 -639.96240234 -6.66627502
233 -639.68756104 -6.66341209
234 -639.16174316 -6.65793482
235 -639.17620850 -6.65808551
236 -639.01470947 -6.65640322
237 -638.20336914 -6.64795176
238 -638.45874023 -6.65061188
239 -638.12371826 -6.64712207
240 -637.97314453 -6.64555359
241 -637.56896973 -6.64134343
242 -637.10504150 -6.63651085
243 -636.72521973 -6.63255437
244 -636.96008301 -6.63500086
245 -637.14624023 -6.63694000
246 -637.50268555 -6.64065297
247 -637.36572266 -6.63922628
248 -637.04022217 -6.63583565
249 -637.50305176 -6.64065679
250 -636.77154541 -6.63303693
251 -636.80108643 -6.63334465
252 -637.16473389 -6.63713264
253 -636.92926025 -6.63467979
254 -637.00323486 -6.63545036
255 -636.84118652 -6.63376236
256 -636.66094971 -6.63188489
257 -636.53295898 -6.63055166
258 -636.06829834 -6.62571144
259 -636.09832764 -6.62602425
260 -635.44091797 -6.61917623
261 -635.50225830 -6.61981519
262 -635.76025391 -6.62250264
263 -634.58178711 -6.61022695
264 -634.60107422 -6.61042786
265 -634.54339600 -6.60982704
266 -634.41174316 -6.60845566
267 -634.45642090 -6.60892105
268 -634.04614258 -6.60464732
269 -633.81268311 -6.60221545
270 -633.81439209 -6.60223325
271 -633.68151855 -6.60084915
272 -633.52813721 -6.59925143
273 -633.25579834 -6.59641457
274 -633.27612305 -6.59662628
275 -633.62402344 -6.60025024
276 -633.26702881 -6.59653155
277 -633.56610107 -6.59964689
278 -633.47717285 -6.59872055
279 -633.52355957 -6.59920375
280 -633.21875000 -6.59602865
281 -633.28881836 -6.59675852
282 -633.25305176 -6.59638596
283 -632.67083740 -6.59032122
284 -632.75439453 -6.59119161
285 -632.83715820 -6.59205373
286 -632.30993652 -6.58656184
287 -632.03228760 -6.58366966
288 -631.57531738 -6.57890956
289 -630.86236572 -6.57148298
290 -630.39440918 -6.56660843
291 -630.54736328 -6.56820170
292 -630.92785645 -6.57216517
293 -630.43719482 -6.56705411
294 -630.26269531 -6.56523641
295 -629.85150146 -6.56095314
296 -628.91406250 -6.55118815
297 -629.29785156 -6.55518595
298 -628.53729248 -6.54726346
299 -627.64208984 -6.53793844
300 -627.15893555 -6.53290558
301 -626.57519531 -6.52682495
302 -626.78942871 -6.52905655
303 -626.84918213 -6.52967898
304 -626.78259277 -6.52898534
305 -626.99548340 -6.53120295
306 -626.82891846 -6.52946790
307 -627.30444336 -6.53442128
308 -626.76220703 -6.52877299
309 -626.50640869 -6.52610842
310 -626.27600098 -6.52370834
311 -626.46325684 -6.52565893
312 -626.16589355 -6.52256139
313 -626.56060791 -6.52667300
314 -626.71215820 -6.52825165
315 -626.95532227 -6.53078461
316 -627.03302002 -6.53159396
317 -627.17858887 -6.53311030
318 -626.52893066 -6.52634303
319 -626.08142090 -6.52168147
320 -625.41510010 -6.51474063
321 -625.37023926 -6.51427333
322 -625.52917480 -6.51592890
323 -625.81896973 -6.51894760
324 -625.83410645 -6.51910528
325 -625.37103271 -6.51428159
326 -625.06872559 -6.51113256
327 -624.75463867 -6.50786082
328 -623.88470459 -6.49879901
329 -623.79779053 -6.49789365
330 -622.27111816 -6.48199081
331 -622.58221436 -6.48523140
332 -622.07220459 -6.47991880
333 -622.51031494 -6.48448245
334 -622.43493652 -6.48369726
335 -622.89123535 -6.48845037
336 -622.83624268 -6.48787753
337 -622.74310303 -6.48690732
338 -622.29516602 -6.48224131
339 -622.52294922 -6.48461405
340 -622.65734863 -6.48601405
341 -622.34570312 -6.48276774
342 -622.69244385 -6.48637962
343 -622.65093994 -6.48594729
344 -622.53417969 -6.48473104
345 -623.39361572 -6.49368350
346 -623.63049316 -6.49615097
347 -624.03631592 -6.50037829
348 -623.81054688 -6.49802653
349 -623.47863770 -6.49456914
350 -623.39208984 -6.49366760
351 -623.42828369 -6.49404462
352 -623.03454590 -6.48994319
353 -623.27587891 -6.49245707
354 -623.13378906 -6.49097697
355 -622.03692627 -6.47955132
356 -621.40661621 -6.47298559
357 -621.28765869 -6.47174644
358 -621.55645752 -6.47454643
359 -621.15466309 -6.47036107
360 -621.35864258 -6.47248586
361 -621.10266113 -6.46981939
362 -620.79187012 -6.46658198
363 -620.84930420 -6.46718025
364 -620.79779053 -6.46664365
365 -620.77697754 -6.46642685
366 -619.78564453 -6.45610046
367 -619.39379883 -6.45201874
368 -618.83959961 -6.44624583
369 -618.57250977 -6.44346364
370 -618.10797119 -6.43862470
371 -617.68243408 -6.43419202
372 -618.21228027 -6.43971125
373 -616.96252441 -6.42669296
374 -617.06457520 -6.42775599
375 -617.31713867 -6.43038686
376 -617.59698486 -6.43330193
377 -617.34667969 -6.43069458
378 -616.83447266 -6.42535909
379 -616.79071045 -6.42490323
380 -617.23004150 -6.42947960
381 -616.72851562 -6.42425537
382 -617.50866699 -6.43238195
383 -617.02569580 -6.42735100
384 -615.95959473 -6.41624578
385 -616.41705322 -6.42101097
386 -617.17333984 -6.42888896
387 -616.34332275 -6.42024295
388 -615.05950928 -6.40686989
389 -614.51226807 -6.40116946
390 -614.52203369 -6.40127118
391 -613.67517090 -6.39244970
392 -613.46527100 -6.39026324
393 -613.72802734 -6.39300028
394 -613.98028564 -6.39562798
395 -614.69165039 -6.40303802
396 -614.31903076 -6.39915657
397 -613.44616699 -6.39006424
398 -613.71130371 -6.39282608
399 -613.29321289 -6.38847097
400 -612.77783203 -6.38310242
401 -611.91510010 -6.37411563
402 -611.15368652 -6.36618423
403 -611.34838867 -6.36821238
404 -610.91711426 -6.36371994
405 -609.96716309 -6.35382462
406 -608.67498779 -6.34036446
407 -608.26660156 -6.33611043
408 -608.50488281 -6.33859253
409 -608.07305908 -6.33409437
410 -608.85644531 -6.34225464
411 -609.05206299 -6.34429232
412 -608.75347900 -6.34118207
413 -609.64117432 -6.35042890
414 -610.17541504 -6.35599391
415 -611.16448975 -6.36629677
416 -610.54772949 -6.35987218
417 -609.07293701 -6.34450976
418 -607.86175537 -6.33189329
419 -607.28723145 -6.32590866
420 -606.88220215 -6.32168961
421 -604.75909424 -6.29957390
422 -604.53826904 -6.29727364
423 -603.96038818 -6.29125404
424 -604.80706787 -6.30007362
425 -604.08819580 -6.29258537
426 -604.50653076 -6.29694303
427 -604.37139893 -6.29553541
428 -603.69934082 -6.28853480
429 -602.90936279 -6.28030586
430 -602.00634766 -6.27089945
431 -603.96118164 -6.29126231
432 -603.44708252 -6.28590711
433 -603.13793945 -6.28268687
434 -604.06597900 -6.29235395
435 -602.25366211 -6.27347565
436 -600.96002197 -6.26000023
437 -601.55346680 -6.26618195
438 -601.19189453 -6.26241557
439 -600.70593262 -6.25735346
440 -600.11096191 -6.25115585
441 -599.39343262 -6.24368159
442 -599.25622559 -6.24225235
443 -600.26977539 -6.25281016
444 -598.88726807 -6.23840904
445 -598.20867920 -6.23134041
446 -597.66839600 -6.22571246
447 -596.92950439 -6.21801567
448 -595.15338135 -6.19951439
449 -594.50610352 -6.19277191
450 -595.67065430 -6.20490265
451 -593.14739990 -6.17861875
452 -592.65142822 -6.17345238
453 -593.30224609 -6.18023173
454 -591.96624756 -6.16631508
455 -594.29095459 -6.19053078
456 -594.45452881 -6.19223468
457 -594.09515381 -6.18849119
458 -593.58941650 -6.18322309
459 -593.81604004 -6.18558375
460 -595.06701660 -6.19861476
461 -595.00573730 -6.19797643
462 -594.97149658 -6.19761976
463 -593.73791504 -6.18476995
464 -593.79656982 -6.18538094
465 -593.32482910 -6.18046697
466 -595.39593506 -6.20204099
467 -593.36169434 -6.18085098
468 -596.44616699 -6.21298091
469 -594.72839355 -6.19508743
470 -594.53723145 -6.19309616
471 -594.26953125 -6.19030762
472 -594.36035156 -6.19125366
473 -594.60083008 -6.19375865
474 -594.64587402 -6.19422785
475 -593.49676514 -6.18225797
476 -594.73016357 -6.19510587
477 -594.73962402 -6.19520442
478 -596.10693359 -6.20944722
479 -597.14398193 -6.22024981
480 -596.09240723 -6.20929591
481 -594.65655518 -6.19433912
482 -594.55035400 -6.19323285
483 -594.17517090 -6.18932470
484 -593.42333984 -6.18149312
485 -593.48193359 -6.18210347
486 -592.80236816 -6.17502467
487 -592.93383789 -6.17639414
488 -591.29479980 -6.15932083
489 -591.55285645 -6.16200892
490 -592.61285400 -6.17305056
491 -593.67248535 -6.18408839
492 -594.08074951 -6.18834114
493 -594.70086670 -6.19480069
494 -593.72662354 -6.18465233
495 -591.40411377 -6.16045952
496 -591.04962158 -6.15676689
497 -589.75512695 -6.14328257
498 -589.95971680 -6.14541372
499 -590.10900879 -6.14696884
500 -590.81805420 -6.15435473
501 -593.34454346 -6.18067233
502 -591.78735352 -6.16445160
503 -592.08966064 -6.16760063
504 -591.80920410 -6.16467921
505 -593.50170898 -6.18230947
506 -595.21649170 -6.20017179
507 -593.40222168 -6.18127314
508 -591.86944580 -6.16530673
509 -592.22821045 -6.16904386
510 -589.98132324 -6.14563878
511 -589.45288086 -6.14013418
512 -588.17211914 -6.12679291
513 -586.71044922 -6.11156718
514 -586.41119385 -6.10844994
515 -586.01354980 -6.10430781
516 -584.75708008 -6.09121958
517 -585.68194580 -6.10085360
518 -583.97888184 -6.08311335
519 -585.62939453 -6.10030619
520 -584.77764893 -6.09143384
521 -584.11975098 -6.08458074
522 -582.73004150 -6.07010460
523 -584.58380127 -6.08941460
524 -583.70910645 -6.08030319
525 -583.40911865 -6.07717832
526 -582.98529053 -6.07276344
527 -584.26202393 -6.08606275
528 -583.62500000 -6.07942708
529 -581.90655518 -6.06152662
530 -583.78082275 -6.08105024
531 -584.52386475 -6.08879026
532 -585.31121826 -6.09699186
533 -583.87280273 -6.08200836
534 -582.88958740 -6.07176654
535 -583.94946289 -6.08280691
536 -582.81719971 -6.07101250
537 -582.62207031 -6.06897990
538 -580.90869141 -6.05113220
539 -581.21319580 -6.05430412
540 -580.70178223 -6.04897690
541 -580.13739014 -6.04309781
542 -581.52734375 -6.05757650
543 -581.53259277 -6.05763117
544 -580.68383789 -6.04878998
545 -583.83947754 -6.08166122
546 -583.37121582 -6.07678350
547 -580.86145020 -6.05064011
548 -581.44940186 -6.05676460
549 -581.42895508 -6.05655162
550 -583.97442627 -6.08306694
551 -582.77301025 -6.07055219
552 -583.07293701 -6.07367643
553 -582.35443115 -6.06619199
554 -583.11834717 -6.07414945
555 -582.24194336 -6.06502024
556 -581.98956299 -6.06239128
557 -581.96545410 -6.06214015
558 -581.77539062 -6.06016032
559 -582.00146484 -6.06251526
560 -582.30456543 -6.06567256
561 -581.01708984 -6.05226135
562 -579.97070312 -6.04136149
563 -580.71081543 -6.04907099
564 -581.17718506 -6.05392901
565 -581.36065674 -6.05584017
566 -581.75500488 -6.05994797
567 -580.14465332 -6.04317347
568 -580.65649414 -6.04850515
569 -580.89843750 -6.05102539
570 -579.19714355 -6.03330358
571 -579.18566895 -6.03318405
572 -577.96771240 -6.02049700
573 -575.23107910 -5.99199041
574 -575.67187500 -5.99658203
575 -577.77258301 -6.01846441
576 -579.18579102 -6.03318532
577 -578.42333984 -6.02524312
578 -577.97967529 -6.02062162
579 -577.82495117 -6.01900991
580 -575.85559082 -5.99849574
581 -575.02233887 -5.98981603
582 -576.12011719 -6.00125122
583 -575.75219727 -5.99741872
584 -576.20495605 -6.00213496
