0 -737.81445312 -6.58762905
1 -737.83197021 -6.58778545
2 -737.84405518 -6.58789335
3 -737.84985352 -6.58794512
4 -737.85522461 -6.58799308
5 -737.85961914 -6.58803231
6 -737.86273193 -6.58806011
7 -737.86621094 -6.58809117
8 -737.86840820 -6.58811079
9 -737.87030029 -6.58812768
10 -737.87286377 -6.58815057
11 -737.87426758 -6.58816310
12 -737.87536621 -6.58817291
13 -737.87786865 -6.58819526
14 -737.87854004 -6.58820125
15 -737.88000488 -6.58821433
16 -737.88110352 -6.58822414
17 -737.88256836 -6.58823722
18 -737.88354492 -6.58824594
19 -737.88415527 -6.58825139
20 -737.88598633 -6.58826774
