0 -784.83508301 -6.88451827
1 -784.85729980 -6.88471316
2 -784.87390137 -6.88485878
3 -784.88470459 -6.88495355
4 -784.89428711 -6.88503761
5 -784.90161133 -6.88510185
6 -784.90863037 -6.88516342
7 -784.91436768 -6.88521375
8 -784.91918945 -6.88525605
9 -784.92431641 -6.88530102
10 -784.92987061 -6.88534974
11 -784.93560791 -6.88540007
12 -784.93969727 -6.88543594
13 -784.94506836 -6.88548306
14 -784.94958496 -6.88552268
15 -784.95349121 -6.88555694
16 -784.95788574 -6.88559549
17 -784.96099854 -6.88562279
18 -784.96478271 -6.88565599
19 -784.96838379 -6.88568758
20 -784.97119141 -6.88571221
21 -784.97497559 -6.88574540
22 -784.97827148 -6.88577431
23 -784.98168945 -6.88580429
24 -784.98498535 -6.88583320
25 -784.98785400 -6.88585837
26 -784.99047852 -6.88588139
27 -784.99359131 -6.88590870
