0 -661.18151855 -6.88730748
1 -661.17950439 -6.88728650
2 -661.17785645 -6.88726934
3 -661.17614746 -6.88725154
4 -661.17437744 -6.88723310
5 -661.17248535 -6.88721339
6 -661.16662598 -6.88715235
7 -661.17034912 -6.88719114
8 -661.16546631 -6.88714027
9 -661.16650391 -6.88715108
10 -661.16156006 -6.88709958
11 -661.16180420 -6.88710213
12 -661.15802002 -6.88706271
13 -661.15856934 -6.88706843
14 -661.15814209 -6.88706398
15 -661.15454102 -6.88702647
16 -661.15283203 -6.88700867
17 -661.15539551 -6.88703537
18 -661.15026855 -6.88698196
19 -661.15429688 -6.88702393
20 -661.14813232 -6.88695971
21 -661.14947510 -6.88697370
22 -661.14617920 -6.88693937
23 -661.14672852 -6.88694509
24 -661.14520264 -6.88692919
25 -661.14422607 -6.88691902
26 -661.14410400 -6.88691775
27 -661.14239502 -6.88689995
28 -661.14312744 -6.88690758
29 -661.13989258 -6.88687388
30 -661.13848877 -6.88685926
31 -661.13708496 -6.88684464
32 -661.13708496 -6.88684464
33 -661.13421631 -6.88681475
34 -661.13543701 -6.88682747
35 -661.13415527 -6.88681412
36 -661.13311768 -6.88680331
37 -661.13134766 -6.88678487
38 -661.12841797 -6.88675435
39 -661.13055420 -6.88677661
40 -661.12542725 -6.88672320
41 -661.12487793 -6.88671748
42 -661.12261963 -6.88669395
43 -661.12567139 -6.88672574
44 -661.12194824 -6.88668696
45 -661.12268066 -6.88669459
46 -661.11724854 -6.88663801
47 -661.11767578 -6.88664246
48 -661.11486816 -6.88661321
49 -661.11297607 -6.88659350
50 -661.11383057 -6.88660240
51 -661.11193848 -6.88658269
52 -661.11010742 -6.88656362
53 -661.10620117 -6.88652293
54 -661.10632324 -6.88652420
55 -661.10430908 -6.88650322
56 -661.10211182 -6.88648033
57 -661.10284424 -6.88648796
58 -661.10095215 -6.88646825
59 -661.10113525 -6.88647016
60 -661.10003662 -6.88645871
61 -661.09936523 -6.88645172
62 -661.09948730 -6.88645299
63 -661.09619141 -6.88641866
64 -661.09808350 -6.88643837
65 -661.09503174 -6.88640658
66 -661.09417725 -6.88639768
67 -661.09405518 -6.88639641
68 -661.09222412 -6.88637733
69 -661.09210205 -6.88637606
70 -661.09027100 -6.88635699
71 -661.08868408 -6.88634046
72 -661.08593750 -6.88631185
73 -661.08593750 -6.88631185
74 -661.08496094 -6.88630168
75 -661.08203125 -6.88627116
76 -661.08239746 -6.88627497
77 -661.07769775 -6.88622602
78 -661.08056641 -6.88625590
79 -661.07598877 -6.88620822
80 -661.07861328 -6.88623556
81 -661.07586670 -6.88620694
82 -661.07238770 -6.88617071
83 -661.07220459 -6.88616880
84 -661.07299805 -6.88617706
85 -661.07171631 -6.88616371
86 -661.07391357 -6.88618660
87 -661.07312012 -6.88617833
88 -661.07189941 -6.88616562
89 -661.07037354 -6.88614972
90 -661.07061768 -6.88615227
91 -661.07037354 -6.88614972
92 -661.07049561 -6.88615100
93 -661.07147217 -6.88616117
94 -661.07177734 -6.88616435
95 -661.06927490 -6.88613828
96 -661.07269287 -6.88617388
97 -661.06774902 -6.88612239
98 -661.07226562 -6.88616943
99 -661.07196045 -6.88616625
100 -661.07257080 -6.88617261
101 -661.07019043 -6.88614782
102 -661.07061768 -6.88615227
103 -661.06738281 -6.88611857
104 -661.06970215 -6.88614273
105 -661.06695557 -6.88611412
106 -661.06781006 -6.88612302
107 -661.06860352 -6.88613129
108 -661.06958008 -6.88614146
109 -661.06750488 -6.88611984
110 -661.06719971 -6.88611666
111 -661.06713867 -6.88611603
112 -661.06579590 -6.88610204
113 -661.06463623 -6.88608996
114 -661.06762695 -6.88612111
115 -661.06726074 -6.88611730
116 -661.06896973 -6.88613510
117 -661.06604004 -6.88610458
118 -661.06994629 -6.88614527
119 -661.06896973 -6.88613510
120 -661.06884766 -6.88613383
121 -661.06671143 -6.88611158
122 -661.06829834 -6.88612811
123 -661.06701660 -6.88611476
124 -661.06524658 -6.88609632
125 -661.06585693 -6.88610268
126 -661.06085205 -6.88605054
127 -661.06597900 -6.88610395
128 -661.06414795 -6.88608487
129 -661.06597900 -6.88610395
130 -661.06304932 -6.88607343
131 -661.06494141 -6.88609314
132 -661.06390381 -6.88608233
133 -661.06195068 -6.88606199
134 -661.06481934 -6.88609187
135 -661.06329346 -6.88607597
136 -661.06396484 -6.88608297
137 -661.06170654 -6.88605944
138 -661.05981445 -6.88603973
139 -661.06036377 -6.88604546
140 -661.06140137 -6.88605626
141 -661.06140137 -6.88605626
142 -661.06225586 -6.88606517
143 -661.06396484 -6.88608297
144 -661.06427002 -6.88608615
145 -661.06280518 -6.88607089
146 -661.06604004 -6.88610458
147 -661.06250000 -6.88606771
148 -661.06085205 -6.88605054
149 -661.06054688 -6.88604736
150 -661.06024170 -6.88604418
151 -661.06121826 -6.88605436
152 -661.06268311 -6.88606962
153 -661.06512451 -6.88609505
154 -661.06628418 -6.88610713
155 -661.06781006 -6.88612302
156 -661.06890869 -6.88613447
157 -661.06927490 -6.88613828
158 -661.06958008 -6.88614146
159 -661.07281494 -6.88617516
160 -661.06878662 -6.88613319
161 -661.07385254 -6.88618596
162 -661.07128906 -6.88615926
163 -661.07537842 -6.88620186
164 -661.07263184 -6.88617325
165 -661.07653809 -6.88621394
166 -661.07049561 -6.88615100
167 -661.07672119 -6.88621585
168 -661.07208252 -6.88616753
169 -661.07592773 -6.88620758
170 -661.07183838 -6.88616498
171 -661.07623291 -6.88621076
172 -661.07330322 -6.88618024
173 -661.07818604 -6.88623110
174 -661.07684326 -6.88621712
175 -661.07891846 -6.88623873
176 -661.07623291 -6.88621076
177 -661.08190918 -6.88626989
178 -661.07830811 -6.88623238
179 -661.08178711 -6.88626862
180 -661.07879639 -6.88623746
181 -661.08337402 -6.88628515
182 -661.08215332 -6.88627243
183 -661.08441162 -6.88629595
184 -661.08300781 -6.88628133
185 -661.08544922 -6.88630676
186 -661.08465576 -6.88629850
187 -661.08532715 -6.88630549
188 -661.08691406 -6.88632202
189 -661.08489990 -6.88630104
190 -661.08447266 -6.88629659
191 -661.08703613 -6.88632329
192 -661.08532715 -6.88630549
193 -661.08795166 -6.88633283
194 -661.08605957 -6.88631312
195 -661.08557129 -6.88630803
196 -661.08178711 -6.88626862
197 -661.08697510 -6.88632266
198 -661.08416748 -6.88629341
199 -661.08819580 -6.88633537
200 -661.08160400 -6.88626671
201 -661.08782959 -6.88633156
202 -661.08074951 -6.88625781
203 -661.08935547 -6.88634745
204 -661.08325195 -6.88628387
205 -661.08880615 -6.88634173
206 -661.08422852 -6.88629405
207 -661.08917236 -6.88634555
208 -661.08715820 -6.88632456
209 -661.08874512 -6.88634109
210 -661.08532715 -6.88630549
211 -661.08825684 -6.88633601
212 -661.08520508 -6.88630422
213 -661.08770752 -6.88633029
214 -661.08599854 -6.88631248
215 -661.08923340 -6.88634618
216 -661.08660889 -6.88631884
217 -661.08740234 -6.88632711
218 -661.08386230 -6.88629023
219 -661.08697510 -6.88632266
220 -661.08178711 -6.88626862
221 -661.08612061 -6.88631376
222 -661.08435059 -6.88629532
223 -661.08825684 -6.88633601
224 -661.08453369 -6.88629723
225 -661.08575439 -6.88630994
226 -661.08410645 -6.88629278
227 -661.08630371 -6.88631566
228 -661.08435059 -6.88629532
229 -661.08654785 -6.88631821
230 -661.08715820 -6.88632456
231 -661.08599854 -6.88631248
232 -661.08514404 -6.88630358
233 -661.08874512 -6.88634109
234 -661.08740234 -6.88632711
235 -661.08715820 -6.88632456
236 -661.08538818 -6.88630613
237 -661.08886719 -6.88634237
238 -661.08776855 -6.88633092
239 -661.08947754 -6.88634872
240 -661.08959961 -6.88635000
241 -661.09460449 -6.88640213
242 -661.09143066 -6.88636907
243 -661.09375000 -6.88639323
244 -661.08935547 -6.88634745
245 -661.09350586 -6.88639069
246 -661.08758545 -6.88632902
247 -661.08996582 -6.88635381
248 -661.09075928 -6.88636208
249 -661.08673096 -6.88632011
250 -661.08825684 -6.88633601
251 -661.08862305 -6.88633982
252 -661.08496094 -6.88630168
253 -661.08929443 -6.88634682
254 -661.08483887 -6.88630040
255 -661.08837891 -6.88633728
256 -661.08959961 -6.88635000
257 -661.08776855 -6.88633092
258 -661.09002686 -6.88635445
259 -661.09033203 -6.88635763
260 -661.09191895 -6.88637416
261 -661.08935547 -6.88634745
262 -661.08996582 -6.88635381
263 -661.08880615 -6.88634173
264 -661.09210205 -6.88637606
265 -661.09252930 -6.88638051
266 -661.09228516 -6.88637797
267 -661.09051514 -6.88635953
268 -661.09020996 -6.88635635
269 -661.09289551 -6.88638433
270 -661.09069824 -6.88636144
271 -661.09228516 -6.88637797
272 -661.08905029 -6.88634427
273 -661.09197998 -6.88637479
274 -661.09088135 -6.88636335
275 -661.09210205 -6.88637606
276 -661.09051514 -6.88635953
277 -661.09149170 -6.88636971
278 -661.09100342 -6.88636462
279 -661.08825684 -6.88633601
280 -661.09100342 -6.88636462
281 -661.09149170 -6.88636971
282 -661.09088135 -6.88636335
283 -661.09069824 -6.88636144
284 -661.09197998 -6.88637479
285 -661.09033203 -6.88635763
286 -661.09082031 -6.88636271
287 -661.08868408 -6.88634046
288 -661.08966064 -6.88635063
289 -661.08825684 -6.88633601
290 -661.09027100 -6.88635699
291 -661.08947754 -6.88634872
292 -661.08917236 -6.88634555
293 -661.08758545 -6.88632902
294 -661.08923340 -6.88634618
295 -661.08624268 -6.88631503
296 -661.08685303 -6.88632139
297 -661.08325195 -6.88628387
298 -661.08605957 -6.88631312
299 -661.08447266 -6.88629659
300 -661.08630371 -6.88631566
301 -661.08697510 -6.88632266
302 -661.08990479 -6.88635317
303 -661.08789062 -6.88633219
304 -661.09075928 -6.88636208
305 -661.08734131 -6.88632647
306 -661.09112549 -6.88636589
307 -661.08856201 -6.88633919
308 -661.09197998 -6.88637479
309 -661.08935547 -6.88634745
310 -661.09057617 -6.88636017
311 -661.08697510 -6.88632266
312 -661.08929443 -6.88634682
313 -661.08746338 -6.88632774
314 -661.08874512 -6.88634109
315 -661.08612061 -6.88631376
316 -661.08941650 -6.88634809
317 -661.08489990 -6.88630104
318 -661.08764648 -6.88632965
319 -661.08221436 -6.88627307
320 -661.08679199 -6.88632075
321 -661.08544922 -6.88630676
322 -661.08599854 -6.88631248
323 -661.08605957 -6.88631312
324 -661.08599854 -6.88631248
325 -661.08605957 -6.88631312
326 -661.08703613 -6.88632329
327 -661.08544922 -6.88630676
328 -661.08807373 -6.88633410
329 -661.08416748 -6.88629341
330 -661.08776855 -6.88633092
331 -661.08764648 -6.88632965
332 -661.08770752 -6.88633029
333 -661.08831787 -6.88633664
334 -661.08544922 -6.88630676
335 -661.08917236 -6.88634555
336 -661.08837891 -6.88633728
337 -661.08752441 -6.88632838
338 -661.09240723 -6.88637924
339 -661.08972168 -6.88635127
340 -661.08923340 -6.88634618
341 -661.08544922 -6.88630676
342 -661.08642578 -6.88631694
343 -661.08160400 -6.88626671
344 -661.08367920 -6.88628832
345 -661.08471680 -6.88629913
346 -661.08404541 -6.88629214
347 -661.08209229 -6.88627179
348 -661.08282471 -6.88627942
349 -661.08233643 -6.88627434
350 -661.08197021 -6.88627052
351 -661.07946777 -6.88624446
352 -661.08215332 -6.88627243
353 -661.07965088 -6.88624636
354 -661.08099365 -6.88626035
355 -661.07702637 -6.88621902
356 -661.08087158 -6.88625908
357 -661.07757568 -6.88622475
358 -661.07690430 -6.88621775
359 -661.07696533 -6.88621839
360 -661.07873535 -6.88623683
361 -661.07543945 -6.88620249
362 -661.07659912 -6.88621457
363 -661.07366943 -6.88618406
364 -661.07348633 -6.88618215
365 -661.07519531 -6.88619995
366 -661.06988525 -6.88614464
367 -661.07281494 -6.88617516
368 -661.07434082 -6.88619105
369 -661.07159424 -6.88616244
370 -661.07067871 -6.88615290
371 -661.06835938 -6.88612874
372 -661.07183838 -6.88616498
373 -661.06964111 -6.88614209
374 -661.06811523 -6.88612620
375 -661.06536865 -6.88609759
376 -661.06787109 -6.88612366
377 -661.06530762 -6.88609695
378 -661.06451416 -6.88608869
379 -661.06518555 -6.88609568
380 -661.06610107 -6.88610522
381 -661.06304932 -6.88607343
382 -661.06201172 -6.88606262
383 -661.06262207 -6.88606898
384 -661.06286621 -6.88607152
385 -661.06323242 -6.88607534
386 -661.05908203 -6.88603210
387 -661.05932617 -6.88603465
388 -661.05676270 -6.88600794
389 -661.05859375 -6.88602702
390 -661.05816650 -6.88602257
391 -661.05603027 -6.88600032
392 -661.05334473 -6.88597234
393 -661.05175781 -6.88595581
394 -661.05163574 -6.88595454
395 -661.05175781 -6.88595581
396 -661.05194092 -6.88595772
397 -661.04901123 -6.88592720
398 -661.04870605 -6.88592402
399 -661.05004883 -6.88593801
400 -661.04827881 -6.88591957
401 -661.04931641 -6.88593038
402 -661.05029297 -6.88594055
403 -661.04809570 -6.88591766
404 -661.04956055 -6.88593292
405 -661.04736328 -6.88591003
406 -661.04809570 -6.88591766
407 -661.04864502 -6.88592339
408 -661.04821777 -6.88591894
409 -661.04748535 -6.88591131
410 -661.05041504 -6.88594182
411 -661.04785156 -6.88591512
412 -661.04925537 -6.88592974
413 -661.05090332 -6.88594691
414 -661.05041504 -6.88594182
415 -661.05096436 -6.88594755
416 -661.05468750 -6.88598633
417 -661.05407715 -6.88597997
418 -661.05462646 -6.88598569
419 -661.05126953 -6.88595072
420 -661.05419922 -6.88598124
421 -661.05206299 -6.88595899
422 -661.05249023 -6.88596344
423 -661.05212402 -6.88595963
424 -661.05084229 -6.88594627
425 -661.05163574 -6.88595454
426 -661.04919434 -6.88592911
427 -661.05346680 -6.88597361
428 -661.05145264 -6.88595263
429 -661.05413818 -6.88598061
430 -661.05224609 -6.88596090
431 -661.05285645 -6.88596725
432 -661.05010986 -6.88593864
433 -661.04943848 -6.88593165
434 -661.04846191 -6.88592148
435 -661.04602051 -6.88589605
436 -661.04821777 -6.88591894
437 -661.04833984 -6.88592021
438 -661.04602051 -6.88589605
439 -661.04553223 -6.88589096
440 -661.04559326 -6.88589160
441 -661.04364014 -6.88587125
442 -661.04211426 -6.88585536
443 -661.04443359 -6.88587952
444 -661.04022217 -6.88583565
445 -661.04333496 -6.88586807
446 -661.04199219 -6.88585409
447 -661.04272461 -6.88586171
448 -661.04064941 -6.88584010
449 -661.04046631 -6.88583819
450 -661.03649902 -6.88579686
451 -661.03723145 -6.88580449
452 -661.03320312 -6.88576253
453 -661.03491211 -6.88578033
454 -661.03173828 -6.88574727
455 -661.03149414 -6.88574473
456 -661.02917480 -6.88572057
457 -661.02966309 -6.88572566
458 -661.02813721 -6.88570976
459 -661.02624512 -6.88569005
460 -661.02636719 -6.88569132
461 -661.02453613 -6.88567225
462 -661.02416992 -6.88566844
463 -661.02148438 -6.88564046
464 -661.02685547 -6.88569641
465 -661.02044678 -6.88562965
466 -661.02465820 -6.88567352
467 -661.01928711 -6.88561757
468 -661.02368164 -6.88566335
469 -661.02081299 -6.88563347
