0 -503.09039307 -6.79851883
1 -503.04565430 -6.79791425
2 -503.01428223 -6.79749030
3 -502.96942139 -6.79688407
4 -502.90435791 -6.79600484
5 -502.86627197 -6.79549016
6 -502.84564209 -6.79521138
7 -502.82537842 -6.79493755
8 -502.79290771 -6.79449875
9 -502.78802490 -6.79443277
10 -502.69970703 -6.79323928
11 -502.69564819 -6.79318444
12 -502.67715454 -6.79293452
13 -502.65353394 -6.79261532
14 -502.63015747 -6.79229943
15 -502.60559082 -6.79196744
16 -502.58270264 -6.79165814
17 -502.53936768 -6.79107254
18 -502.54852295 -6.79119626
19 -502.55517578 -6.79128616
20 -502.45697021 -6.78995906
21 -502.38290405 -6.78895816
22 -502.34619141 -6.78846205
23 -502.30371094 -6.78788799
24 -502.26080322 -6.78730815
25 -502.20788574 -6.78659305
26 -502.25555420 -6.78723722
27 -502.27020264 -6.78743517
28 -502.28070068 -6.78757704
29 -502.24099731 -6.78704050
30 -502.23046875 -6.78689823
31 -502.20263672 -6.78652212
32 -502.19598389 -6.78643221
33 -502.17858887 -6.78619715
34 -502.06799316 -6.78470261
35 -502.00375366 -6.78383451
36 -501.95690918 -6.78320148
37 -501.96392822 -6.78329633
38 -501.92422485 -6.78275980
39 -501.89434814 -6.78235606
40 -501.76470947 -6.78060418
41 -501.73870850 -6.78025282
42 -501.71179199 -6.77988908
43 -501.62261963 -6.77868405
44 -501.51336670 -6.77720766
45 -501.52865601 -6.77741427
46 -501.48666382 -6.77684681
47 -501.39624023 -6.77562487
48 -501.44525146 -6.77628718
49 -501.40692139 -6.77576921
50 -501.30267334 -6.77436045
51 -501.32366943 -6.77464418
52 -501.30267334 -6.77436045
53 -501.15856934 -6.77241310
54 -501.02581787 -6.77061916
55 -501.00634766 -6.77035605
56 -500.85614014 -6.76832622
57 -500.89196777 -6.76881038
58 -500.93402100 -6.76937866
59 -500.96121216 -6.76974611
60 -500.86401367 -6.76843262
61 -500.81082153 -6.76771380
62 -500.70062256 -6.76622463
63 -500.83978271 -6.76810517
64 -500.68945312 -6.76607369
65 -500.63677979 -6.76536189
66 -500.61499023 -6.76506744
67 -500.61203003 -6.76502743
68 -500.60861206 -6.76498124
69 -500.70999146 -6.76635124
70 -500.70327759 -6.76626051
71 -500.69836426 -6.76619411
72 -500.51361084 -6.76369744
73 -500.47003174 -6.76310854
74 -500.39093018 -6.76203960
75 -500.39526367 -6.76209816
76 -500.35684204 -6.76157895
77 -500.21966553 -6.75972521
78 -500.20727539 -6.75955778
79 -500.16162109 -6.75894083
80 -500.08984375 -6.75797086
81 -500.18737793 -6.75928889
82 -500.05871582 -6.75755021
83 -500.06445312 -6.75762774
84 -499.93957520 -6.75594021
85 -499.73095703 -6.75312104
86 -499.83676147 -6.75455083
87 -499.76824951 -6.75362499
88 -499.71392822 -6.75289092
89 -499.45141602 -6.74934346
90 -499.47558594 -6.74967008
91 -499.39758301 -6.74861599
92 -499.46533203 -6.74953151
93 -499.54986572 -6.75067386
94 -499.18966675 -6.74580631
95 -499.09231567 -6.74449075
96 -499.06677246 -6.74414557
97 -498.93939209 -6.74242422
98 -498.87536621 -6.74155900
99 -498.91210938 -6.74205553
100 -498.74731445 -6.73982857
101 -498.95278931 -6.74260526
102 -498.97262573 -6.74287332
103 -498.97735596 -6.74293724
104 -498.83355713 -6.74099402
105 -498.60821533 -6.73794886
106 -498.66809082 -6.73875798
107 -498.56991577 -6.73743129
108 -498.50189209 -6.73651206
109 -498.48785400 -6.73632235
110 -498.39401245 -6.73505422
111 -498.50970459 -6.73661763
112 -498.65136719 -6.73853199
113 -498.51782227 -6.73672733
114 -498.54644775 -6.73711416
115 -498.64428711 -6.73843631
116 -498.52117920 -6.73677269
117 -498.55108643 -6.73717684
118 -498.31472778 -6.73398281
119 -498.20031738 -6.73243672
120 -498.03936768 -6.73026173
121 -497.79522705 -6.72696253
122 -497.57385254 -6.72397098
123 -497.24081421 -6.71947046
124 -497.17233276 -6.71854504
125 -496.97814941 -6.71592094
126 -496.98544312 -6.71601950
127 -496.81506348 -6.71371707
128 -496.84771729 -6.71415834
129 -496.69927979 -6.71215243
130 -496.49157715 -6.70934564
131 -496.38055420 -6.70784533
132 -496.41891479 -6.70836371
133 -496.11373901 -6.70423972
134 -495.84939575 -6.70066751
135 -495.56396484 -6.69681034
136 -495.33886719 -6.69376848
137 -495.21975708 -6.69215888
138 -495.18090820 -6.69163389
139 -495.27276611 -6.69287522
140 -495.05670166 -6.68995543
141 -494.90826416 -6.68794952
142 -494.83981323 -6.68702450
143 -494.79290771 -6.68639064
144 -494.45062256 -6.68176517
145 -494.25695801 -6.67914808
146 -494.34075928 -6.68028053
147 -494.42639160 -6.68143772
148 -494.42745972 -6.68145216
149 -494.51950073 -6.68269596
150 -494.47656250 -6.68211571
151 -494.83819580 -6.68700265
152 -494.15173340 -6.67772613
153 -494.20397949 -6.67843216
154 -493.87622070 -6.67400298
155 -494.20135498 -6.67839669
156 -494.11605835 -6.67724403
157 -494.14059448 -6.67757560
158 -493.84976196 -6.67364543
159 -493.86889648 -6.67390401
160 -493.85275269 -6.67368585
161 -493.78302002 -6.67274351
162 -493.76470947 -6.67249607
163 -493.55700684 -6.66968928
164 -493.11221313 -6.66367856
165 -493.34942627 -6.66688414
166 -493.03976440 -6.66269952
167 -493.14508057 -6.66412271
168 -492.86236572 -6.66030224
169 -492.45126343 -6.65474680
170 -492.23876953 -6.65187526
171 -491.92706299 -6.64766301
172 -491.41793823 -6.64078295
173 -491.06362915 -6.63599499
174 -490.86373901 -6.63329377
175 -490.95916748 -6.63458334
176 -491.02777100 -6.63551042
177 -490.69934082 -6.63107217
178 -490.55096436 -6.62906709
179 -491.07751465 -6.63618263
180 -490.51721191 -6.62861097
181 -490.75906372 -6.63187924
182 -490.29299927 -6.62558107
183 -490.19046021 -6.62419541
184 -490.46209717 -6.62786618
185 -490.44421387 -6.62762451
186 -490.60916138 -6.62985353
187 -490.68023682 -6.63081401
188 -490.36019897 -6.62648918
189 -490.46810913 -6.62794742
190 -490.42065430 -6.62730614
191 -490.47564697 -6.62804928
192 -490.36596680 -6.62656712
193 -490.41949463 -6.62729047
194 -490.34338379 -6.62626194
195 -490.47735596 -6.62807238
196 -490.44424438 -6.62762492
197 -489.50588989 -6.61494446
198 -489.75576782 -6.61832119
199 -489.69769287 -6.61753639
200 -489.47277832 -6.61449700
201 -489.11459351 -6.60965667
202 -488.72756958 -6.60442662
203 -488.78521729 -6.60520564
204 -488.64239502 -6.60327561
205 -488.33157349 -6.59907532
206 -488.60684204 -6.60279516
207 -487.94580078 -6.59386217
208 -488.30123901 -6.59866539
209 -488.53573608 -6.60183427
210 -488.10391235 -6.59599882
211 -488.03521729 -6.59507050
212 -487.96490479 -6.59412033
213 -487.97100830 -6.59420281
214 -487.96618652 -6.59413766
215 -488.25524902 -6.59804391
216 -487.19812012 -6.58375838
217 -487.86288452 -6.59274168
218 -487.58139038 -6.58893771
219 -487.81829834 -6.59213917
220 -487.29016113 -6.58500218
221 -487.37246704 -6.58611442
222 -487.76889038 -6.59147149
223 -487.31387329 -6.58532261
224 -487.27099609 -6.58474319
225 -487.44470215 -6.58709057
226 -486.43371582 -6.57342859
227 -486.15155029 -6.56961554
228 -486.17398071 -6.56991866
229 -485.85217285 -6.56556990
230 -485.69497681 -6.56344563
231 -485.89648438 -6.56616871
232 -485.48529053 -6.56061203
233 -485.60791016 -6.56226906
234 -485.07070923 -6.55500958
235 -484.45248413 -6.54665519
236 -483.84875488 -6.53849669
237 -483.50848389 -6.53389843
238 -483.62579346 -6.53548370
239 -483.87237549 -6.53881588
240 -483.68188477 -6.53624169
241 -483.51147461 -6.53393885
242 -482.51049805 -6.52041214
243 -482.20092773 -6.51622875
244 -482.00982666 -6.51364631
245 -481.85671997 -6.51157730
246 -481.78225708 -6.51057104
247 -481.59927368 -6.50809829
248 -481.26660156 -6.50360272
249 -480.89178467 -6.49853763
250 -480.70977783 -6.49607808
251 -480.39614868 -6.49183985
252 -481.00299072 -6.50004042
253 -481.06347656 -6.50085779
254 -481.19833374 -6.50268019
255 -480.84509277 -6.49790666
256 -480.92797852 -6.49902674
257 -481.31719971 -6.50428648
258 -481.36352539 -6.50491251
259 -481.38128662 -6.50515252
260 -480.62612915 -6.49494769
261 -480.62249756 -6.49489862
262 -480.77343750 -6.49693834
263 -480.33801270 -6.49105423
264 -480.19949341 -6.48918234
265 -479.72747803 -6.48280376
266 -480.06475830 -6.48736160
267 -478.99075317 -6.47284802
268 -479.14010620 -6.47486630
269 -479.41390991 -6.47856635
270 -479.71502686 -6.48263550
271 -479.81146240 -6.48393868
272 -480.54193115 -6.49380988
273 -479.77548218 -6.48345246
274 -479.28598022 -6.47683757
275 -478.42132568 -6.46515305
276 -478.41546631 -6.46507387
277 -477.36047363 -6.45081721
278 -477.04791260 -6.44659341
279 -476.02160645 -6.43272441
280 -476.07138062 -6.43339704
281 -475.22937012 -6.42201852
282 -474.75854492 -6.41565601
283 -475.80316162 -6.42977245
284 -476.46911621 -6.43877184
285 -475.96743774 -6.43199240
286 -475.76086426 -6.42920087
287 -475.94323730 -6.43166537
288 -476.17230225 -6.43476084
289 -476.44723511 -6.43847615
290 -476.13085938 -6.43420080
291 -476.50646973 -6.43927662
292 -476.95001221 -6.44527044
293 -476.40597534 -6.43791859
294 -476.40591431 -6.43791776
295 -476.35992432 -6.43729627
296 -476.39895630 -6.43782373
297 -475.67199707 -6.42799996
298 -474.96984863 -6.41851147
299 -473.10778809 -6.39334849
300 -472.96682739 -6.39144361
301 -472.54385376 -6.38572775
302 -471.18008423 -6.36729844
303 -470.71414185 -6.36100192
304 -470.65252686 -6.36016928
305 -470.41973877 -6.35702350
306 -470.78094482 -6.36190466
307 -470.81683350 -6.36238964
308 -471.13879395 -6.36674046
309 -471.76318359 -6.37517816
310 -473.08621216 -6.39305692
311 -472.51135254 -6.38528855
312 -471.93383789 -6.37748430
313 -470.91592407 -6.36372870
314 -470.57806396 -6.35916303
315 -469.99694824 -6.35131011
316 -469.26861572 -6.34146778
317 -469.64248657 -6.34652009
318 -469.26223755 -6.34138159
319 -469.38537598 -6.34304562
320 -469.32598877 -6.34224309
321 -468.90908813 -6.33660930
322 -468.34341431 -6.32896506
323 -468.71813965 -6.33402891
324 -468.41406250 -6.32991976
325 -467.21557617 -6.31372400
326 -467.82901001 -6.32201365
327 -468.49353027 -6.33099365
328 -468.86679077 -6.33603771
329 -468.70520020 -6.33385406
330 -469.97277832 -6.35098349
331 -469.13369751 -6.33964456
332 -468.83996582 -6.33567521
333 -469.04098511 -6.33839169
334 -467.21740723 -6.31374875
335 -466.54513550 -6.30466399
336 -467.23864746 -6.31403578
337 -466.49713135 -6.30401529
338 -466.55459595 -6.30479184
339 -465.91137695 -6.29609969
340 -465.60174561 -6.29191548
341 -464.63061523 -6.27879210
342 -463.46618652 -6.26305657
343 -464.12774658 -6.27199658
344 -463.91534424 -6.26912627
345 -463.17907715 -6.25917672
346 -463.12066650 -6.25838739
347 -462.24639893 -6.24657296
348 -460.95758057 -6.22915649
349 -459.00964355 -6.20283302
350 -459.52841187 -6.20984340
351 -460.62405396 -6.22464938
352 -459.80709839 -6.21360944
353 -460.62774658 -6.22469928
354 -460.10363770 -6.21761673
355 -459.31427002 -6.20694959
356 -459.93811035 -6.21537987
357 -459.86968994 -6.21445527
358 -460.25421143 -6.21965151
359 -460.62704468 -6.22468979
360 -457.97775269 -6.18888855
361 -459.04656982 -6.20333202
362 -460.20281982 -6.21895702
363 -461.36273193 -6.23463151
364 -460.81524658 -6.22723306
365 -459.94247437 -6.21543884
366 -460.07293701 -6.21720185
367 -460.06451416 -6.21708803
368 -460.38256836 -6.22138606
369 -459.70758057 -6.21226460
370 -458.48348999 -6.19572284
371 -459.33428955 -6.20722013
372 -458.91674805 -6.20157768
373 -458.40435791 -6.19465349
374 -458.44708252 -6.19523084
375 -458.33694458 -6.19374249
376 -458.57293701 -6.19693158
377 -457.16488647 -6.17790387
378 -456.50323486 -6.16896263
379 -455.96942139 -6.16174894
380 -455.82943726 -6.15985726
381 -456.85916138 -6.17377245
382 -458.46707153 -6.19550097
383 -458.82794189 -6.20037759
384 -459.80178833 -6.21353768
385 -460.61087036 -6.22447122
386 -461.36389160 -6.23464718
387 -460.87213135 -6.22800177
388 -459.45959473 -6.20891344
389 -458.56768799 -6.19686065
390 -459.61807251 -6.21105503
391 -458.79113770 -6.19988024
392 -459.15277100 -6.20476718
393 -460.08453369 -6.21735856
394 -459.88018799 -6.21459713
395 -460.20352173 -6.21896651
396 -460.78234863 -6.22678850
397 -459.19677734 -6.20536186
398 -458.44107056 -6.19514960
399 -459.64599609 -6.21143238
400 -459.31057739 -6.20689969
401 -459.57232666 -6.21043685
402 -458.78680420 -6.19982168
403 -456.55712891 -6.16969093
404 -455.98620605 -6.16197576
405 -454.19238281 -6.13773490
406 -453.86535645 -6.13331563
407 -453.07165527 -6.12258994
408 -452.12725830 -6.10982781
409 -450.08740234 -6.08226219
410 -450.19714355 -6.08374518
411 -450.38015747 -6.08621834
412 -450.07424927 -6.08208445
413 -451.99688721 -6.10806604
414 -450.12695312 -6.08279666
415 -449.63778687 -6.07618631
416 -448.73907471 -6.06404155
417 -448.46060181 -6.06027840
418 -447.72698975 -6.05036473
419 -446.53131104 -6.03420691
420 -448.34124756 -6.05866551
421 -448.20941162 -6.05688394
422 -447.39801025 -6.04591906
423 -447.88781738 -6.05253807
424 -449.14596558 -6.06954008
425 -448.98937988 -6.06742405
426 -448.36502075 -6.05898677
427 -447.88696289 -6.05252653
428 -446.32733154 -6.03145043
429 -446.47348022 -6.03342541
430 -445.04135132 -6.01407232
