0 -519.79473877 -6.83940446
1 -519.80541992 -6.83954500
2 -519.81542969 -6.83967671
3 -519.81628418 -6.83968795
4 -519.81774902 -6.83970722
5 -519.82537842 -6.83980761
6 -519.82916260 -6.83985740
7 -519.82965088 -6.83986383
8 -519.83325195 -6.83991121
9 -519.83416748 -6.83992326
10 -519.83514404 -6.83993611
11 -519.84216309 -6.84002846
12 -519.83886719 -6.83998509
13 -519.84674072 -6.84008869
14 -519.84405518 -6.84005336
15 -519.84179688 -6.84002364
16 -519.84655762 -6.84008628
17 -519.85009766 -6.84013286
18 -519.85021973 -6.84013447
19 -519.85247803 -6.84016418
20 -519.85577393 -6.84020755
21 -519.85504150 -6.84019791
22 -519.85772705 -6.84023325
23 -519.85571289 -6.84020675
24 -519.85644531 -6.84021639
25 -519.85968018 -6.84025895
26 -519.85705566 -6.84022442
27 -519.85821533 -6.84023968
28 -519.85528564 -6.84020113
29 -519.85656738 -6.84021799
30 -519.86596680 -6.84034167
31 -519.86621094 -6.84034488
32 -519.86389160 -6.84031436
33 -519.86083984 -6.84027421
34 -519.86047363 -6.84026939
35 -519.86328125 -6.84030633
36 -519.86889648 -6.84038022
37 -519.86450195 -6.84032239
38 -519.85552979 -6.84020434
39 -519.86029053 -6.84026698
40 -519.85742188 -6.84022924
41 -519.85528564 -6.84020113
42 -519.85528564 -6.84020113
43 -519.86053467 -6.84027019
44 -519.85546875 -6.84020354
45 -519.85681152 -6.84022120
46 -519.85797119 -6.84023646
47 -519.85748291 -6.84023004
48 -519.85620117 -6.84021317
49 -519.85943604 -6.84025574
50 -519.86047363 -6.84026939
51 -519.86145020 -6.84028224
52 -519.85681152 -6.84022120
53 -519.86022949 -6.84026618
54 -519.85913086 -6.84025172
55 -519.85760498 -6.84023164
56 -519.85992432 -6.84026216
57 -519.86157227 -6.84028385
58 -519.86242676 -6.84029509
59 -519.85571289 -6.84020675
60 -519.85791016 -6.84023566
61 -519.86383057 -6.84031356
62 -519.86059570 -6.84027100
63 -519.86578369 -6.84033926
64 -519.86706543 -6.84035612
65 -519.86596680 -6.84034167
66 -519.86376953 -6.84031276
67 -519.86175537 -6.84028625
68 -519.86474609 -6.84032561
69 -519.86859131 -6.84037620
70 -519.86871338 -6.84037781
71 -519.86560059 -6.84033685
72 -519.86816406 -6.84037058
73 -519.86938477 -6.84038664
74 -519.87060547 -6.84040270
75 -519.86834717 -6.84037299
76 -519.86987305 -6.84039307
77 -519.87390137 -6.84044607
78 -519.86926270 -6.84038504
79 -519.86889648 -6.84038022
80 -519.86608887 -6.84034327
81 -519.87066650 -6.84040351
82 -519.86895752 -6.84038102
83 -519.87335205 -6.84043884
84 -519.87371826 -6.84044366
85 -519.87615967 -6.84047579
86 -519.87371826 -6.84044366
87 -519.87664795 -6.84048221
88 -519.87152100 -6.84041475
89 -519.86938477 -6.84038664
90 -519.87097168 -6.84040752
91 -519.86883545 -6.84037941
92 -519.87011719 -6.84039628
93 -519.86853027 -6.84037540
94 -519.86602783 -6.84034247
95 -519.87280273 -6.84043161
96 -519.86645508 -6.84034809
97 -519.87542725 -6.84046615
98 -519.87457275 -6.84045490
99 -519.87188721 -6.84041957
100 -519.87158203 -6.84041555
101 -519.87152100 -6.84041475
102 -519.87512207 -6.84046213
103 -519.88140869 -6.84054485
104 -519.88232422 -6.84055690
105 -519.87573242 -6.84047016
106 -519.87829590 -6.84050389
107 -519.87841797 -6.84050550
108 -519.88360596 -6.84057376
109 -519.88037109 -6.84053120
110 -519.88140869 -6.84054485
111 -519.88275146 -6.84056252
112 -519.88098145 -6.84053923
113 -519.88098145 -6.84053923
114 -519.87921143 -6.84051594
115 -519.88079834 -6.84053682
116 -519.87866211 -6.84050871
117 -519.87689209 -6.84048542
118 -519.87677002 -6.84048382
119 -519.87847900 -6.84050630
120 -519.88287354 -6.84056413
121 -519.88366699 -6.84057457
122 -519.88378906 -6.84057617
123 -519.88049316 -6.84053280
124 -519.88079834 -6.84053682
125 -519.87963867 -6.84052156
126 -519.88073730 -6.84053602
127 -519.88531494 -6.84059625
128 -519.88549805 -6.84059866
129 -519.87963867 -6.84052156
130 -519.88494873 -6.84059143
131 -519.87951660 -6.84051996
132 -519.87670898 -6.84048301
133 -519.87677002 -6.84048382
134 -519.88079834 -6.84053682
135 -519.88281250 -6.84056332
136 -519.87817383 -6.84050229
137 -519.88696289 -6.84061793
138 -519.88757324 -6.84062596
139 -519.88739014 -6.84062355
140 -519.88897705 -6.84064443
141 -519.88702393 -6.84061874
142 -519.88879395 -6.84064203
143 -519.88409424 -6.84058019
144 -519.88574219 -6.84060187
145 -519.88378906 -6.84057617
146 -519.88360596 -6.84057376
147 -519.88464355 -6.84058742
148 -519.88244629 -6.84055850
149 -519.87945557 -6.84051915
150 -519.87921143 -6.84051594
151 -519.87683105 -6.84048462
152 -519.87933350 -6.84051755
153 -519.88531494 -6.84059625
154 -519.88104248 -6.84054003
155 -519.87847900 -6.84050630
156 -519.88250732 -6.84055931
157 -519.88116455 -6.84054164
158 -519.88342285 -6.84057135
159 -519.87988281 -6.84052477
160 -519.88366699 -6.84057457
161 -519.87988281 -6.84052477
162 -519.87878418 -6.84051032
163 -519.87414551 -6.84044928
164 -519.88403320 -6.84057938
165 -519.88012695 -6.84052799
166 -519.88067627 -6.84053521
167 -519.88146973 -6.84054565
168 -519.88250732 -6.84055931
169 -519.87622070 -6.84047659
170 -519.87731934 -6.84049104
171 -519.87329102 -6.84043804
172 -519.87738037 -6.84049185
173 -519.87835693 -6.84050470
174 -519.87622070 -6.84047659
175 -519.87847900 -6.84050630
176 -519.88037109 -6.84053120
177 -519.87530518 -6.84046454
178 -519.87908936 -6.84051433
179 -519.87780762 -6.84049747
180 -519.87200928 -6.84042117
181 -519.87109375 -6.84040913
182 -519.87316895 -6.84043643
183 -519.87402344 -6.84044768
184 -519.87329102 -6.84043804
185 -519.87115479 -6.84040993
186 -519.87567139 -6.84046936
187 -519.87353516 -6.84044125
188 -519.87475586 -6.84045731
189 -519.87219238 -6.84042358
190 -519.87951660 -6.84051996
191 -519.87451172 -6.84045410
192 -519.87426758 -6.84045089
193 -519.88006592 -6.84052718
194 -519.88146973 -6.84054565
195 -519.87915039 -6.84051514
196 -519.88250732 -6.84055931
197 -519.87097168 -6.84040752
198 -519.88134766 -6.84054405
199 -519.88342285 -6.84057135
200 -519.88244629 -6.84055850
201 -519.87811279 -6.84050148
202 -519.87298584 -6.84043402
203 -519.88146973 -6.84054565
204 -519.87780762 -6.84049747
205 -519.87506104 -6.84046133
206 -519.87939453 -6.84051835
207 -519.87780762 -6.84049747
208 -519.87237549 -6.84042599
209 -519.87561035 -6.84046856
210 -519.87652588 -6.84048060
211 -519.87176514 -6.84041796
212 -519.87695312 -6.84048623
213 -519.88299561 -6.84056573
214 -519.88092041 -6.84053843
215 -519.87921143 -6.84051594
216 -519.87976074 -6.84052317
217 -519.87872314 -6.84050952
218 -519.87969971 -6.84052236
219 -519.88146973 -6.84054565
220 -519.87957764 -6.84052076
221 -519.87921143 -6.84051594
222 -519.86895752 -6.84038102
223 -519.87408447 -6.84044848
224 -519.87219238 -6.84042358
225 -519.87377930 -6.84044446
226 -519.88287354 -6.84056413
227 -519.88104248 -6.84054003
228 -519.87683105 -6.84048462
229 -519.88055420 -6.84053361
230 -519.87542725 -6.84046615
231 -519.88079834 -6.84053682
232 -519.88421631 -6.84058179
233 -519.87945557 -6.84051915
234 -519.88134766 -6.84054405
235 -519.88073730 -6.84053602
236 -519.87884521 -6.84051112
237 -519.88000488 -6.84052638
238 -519.88262939 -6.84056091
239 -519.87829590 -6.84050389
240 -519.87976074 -6.84052317
241 -519.88116455 -6.84054164
242 -519.87933350 -6.84051755
243 -519.87921143 -6.84051594
244 -519.87390137 -6.84044607
245 -519.87725830 -6.84049024
246 -519.87719727 -6.84048944
247 -519.87994385 -6.84052558
248 -519.87683105 -6.84048462
249 -519.88287354 -6.84056413
250 -519.88153076 -6.84054646
251 -519.87963867 -6.84052156
252 -519.88110352 -6.84054084
253 -519.88354492 -6.84057296
254 -519.87854004 -6.84050711
255 -519.87921143 -6.84051594
256 -519.87438965 -6.84045250
257 -519.87628174 -6.84047739
258 -519.87280273 -6.84043161
259 -519.86901855 -6.84038182
260 -519.86645508 -6.84034809
261 -519.87207031 -6.84042198
262 -519.87713623 -6.84048863
263 -519.87573242 -6.84047016
264 -519.87646484 -6.84047980
265 -519.87176514 -6.84041796
266 -519.86853027 -6.84037540
267 -519.87243652 -6.84042680
268 -519.86724854 -6.84035853
269 -519.86663818 -6.84035050
270 -519.86871338 -6.84037781
271 -519.86828613 -6.84037219
272 -519.86474609 -6.84032561
273 -519.86676025 -6.84035211
274 -519.86712646 -6.84035693
275 -519.86773682 -6.84036496
276 -519.86993408 -6.84039387
277 -519.87152100 -6.84041475
278 -519.87097168 -6.84040752
279 -519.87072754 -6.84040431
280 -519.87036133 -6.84039949
281 -519.87603760 -6.84047418
282 -519.87066650 -6.84040351
283 -519.88018799 -6.84052879
284 -519.87585449 -6.84047177
285 -519.87408447 -6.84044848
286 -519.87243652 -6.84042680
287 -519.87438965 -6.84045250
288 -519.86804199 -6.84036897
289 -519.86669922 -6.84035131
290 -519.87152100 -6.84041475
291 -519.87097168 -6.84040752
292 -519.86828613 -6.84037219
293 -519.86621094 -6.84034488
294 -519.86120605 -6.84027903
295 -519.86395264 -6.84031517
296 -519.86535645 -6.84033364
297 -519.86828613 -6.84037219
298 -519.86767578 -6.84036416
299 -519.86651611 -6.84034890
300 -519.87084961 -6.84040592
301 -519.86395264 -6.84031517
302 -519.86499023 -6.84032882
303 -519.86798096 -6.84036817
304 -519.87310791 -6.84043563
305 -519.86749268 -6.84036175
306 -519.86846924 -6.84037460
307 -519.87304688 -6.84043483
308 -519.87121582 -6.84041073
309 -519.86608887 -6.84034327
310 -519.87438965 -6.84045250
311 -519.87438965 -6.84045250
312 -519.87683105 -6.84048462
313 -519.87890625 -6.84051192
314 -519.87469482 -6.84045651
315 -519.86773682 -6.84036496
316 -519.87048340 -6.84040110
317 -519.86761475 -6.84036335
318 -519.86639404 -6.84034729
319 -519.87255859 -6.84042840
320 -519.87451172 -6.84045410
321 -519.87548828 -6.84046695
322 -519.87689209 -6.84048542
323 -519.87841797 -6.84050550
324 -519.88317871 -6.84056814
325 -519.88293457 -6.84056493
326 -519.88116455 -6.84054164
327 -519.88165283 -6.84054806
328 -519.87677002 -6.84048382
329 -519.87957764 -6.84052076
330 -519.88110352 -6.84054084
331 -519.87976074 -6.84052317
332 -519.88201904 -6.84055288
333 -519.87719727 -6.84048944
334 -519.87829590 -6.84050389
335 -519.87719727 -6.84048944
336 -519.87939453 -6.84051835
337 -519.88214111 -6.84055449
338 -519.88354492 -6.84057296
339 -519.89062500 -6.84066612
340 -519.88323975 -6.84056894
341 -519.88311768 -6.84056734
