0 -511.03411865 -6.46878631
1 -511.04122925 -6.46887632
2 -511.04788208 -6.46896053
3 -511.05392456 -6.46903702
4 -511.05404663 -6.46903856
5 -511.05386353 -6.46903625
6 -511.05816650 -6.46909072
7 -511.05709839 -6.46907719
8 -511.06042480 -6.46911930
9 -511.06152344 -6.46913321
10 -511.06170654 -6.46913553
11 -511.06292725 -6.46915098
12 -511.06451416 -6.46917107
13 -511.06420898 -6.46916720
14 -511.06469727 -6.46917338
15 -511.06796265 -6.46921472
16 -511.06881714 -6.46922553
17 -511.06939697 -6.46923287
18 -511.06927490 -6.46923133
19 -511.07037354 -6.46924523
20 -511.07431030 -6.46929507
21 -511.06976318 -6.46923751
22 -511.07116699 -6.46925528
23 -511.07159424 -6.46926069
24 -511.07391357 -6.46929005
25 -511.07421875 -6.46929391
26 -511.07681274 -6.46932674
27 -511.07403564 -6.46929159
28 -511.07473755 -6.46930048
29 -511.07852173 -6.46934838
30 -511.07818604 -6.46934413
31 -511.07830811 -6.46934567
32 -511.07977295 -6.46936421
33 -511.07601929 -6.46931670
34 -511.07940674 -6.46935958
35 -511.08053589 -6.46937387
36 -511.07952881 -6.46936112
37 -511.07958984 -6.46936190
38 -511.07818604 -6.46934413
39 -511.07833862 -6.46934606
40 -511.07943726 -6.46935997
41 -511.08169556 -6.46938855
42 -511.07806396 -6.46934258
43 -511.08331299 -6.46940903
44 -511.08078003 -6.46937696
45 -511.08337402 -6.46940980
46 -511.08374023 -6.46941443
47 -511.08215332 -6.46939435
48 -511.08493042 -6.46942950
49 -511.08151245 -6.46938623
50 -511.08084106 -6.46937773
51 -511.08386230 -6.46941598
52 -511.08230591 -6.46939628
53 -511.08410645 -6.46941907
54 -511.08309937 -6.46940632
55 -511.08261108 -6.46940014
56 -511.08319092 -6.46940748
57 -511.08505249 -6.46943104
58 -511.08383179 -6.46941559
59 -511.08563232 -6.46943838
60 -511.08737183 -6.46946040
61 -511.08798218 -6.46946813
62 -511.08706665 -6.46945654
63 -511.08554077 -6.46943722
64 -511.08697510 -6.46945538
65 -511.08944702 -6.46948667
66 -511.09100342 -6.46950637
67 -511.09008789 -6.46949478
68 -511.09014893 -6.46949556
69 -511.08972168 -6.46949015
70 -511.09191895 -6.46951796
71 -511.09176636 -6.46951603
72 -511.09100342 -6.46950637
73 -511.08987427 -6.46949208
74 -511.09317017 -6.46953380
75 -511.09283447 -6.46952955
76 -511.09408569 -6.46954539
77 -511.09487915 -6.46955543
78 -511.09460449 -6.46955196
79 -511.09344482 -6.46953728
80 -511.09289551 -6.46953032
81 -511.09268188 -6.46952762
82 -511.09353638 -6.46953844
83 -511.09277344 -6.46952878
84 -511.09429932 -6.46954809
85 -511.09265137 -6.46952723
86 -511.09695435 -6.46958170
87 -511.09570312 -6.46956586
88 -511.09600830 -6.46956973
89 -511.09637451 -6.46957436
90 -511.09472656 -6.46955350
91 -511.09582520 -6.46956741
92 -511.09823608 -6.46959793
93 -511.09860229 -6.46960256
94 -511.09951782 -6.46961415
95 -511.09814453 -6.46959677
96 -511.09973145 -6.46961685
97 -511.09887695 -6.46960604
98 -511.10070801 -6.46962922
99 -511.09957886 -6.46961492
100 -511.09851074 -6.46960140
101 -511.09716797 -6.46958440
102 -511.09674072 -6.46957900
103 -511.09948730 -6.46961376
104 -511.09927368 -6.46961106
105 -511.09933472 -6.46961183
106 -511.09609985 -6.46957088
107 -511.09741211 -6.46958750
108 -511.09945679 -6.46961338
109 -511.09704590 -6.46958286
110 -511.09695435 -6.46958170
111 -511.09634399 -6.46957397
112 -511.09597778 -6.46956934
113 -511.09533691 -6.46956123
114 -511.09704590 -6.46958286
115 -511.09628296 -6.46957320
116 -511.09304810 -6.46953225
117 -511.09445190 -6.46955002
118 -511.09851074 -6.46960140
119 -511.09768677 -6.46959097
120 -511.10009766 -6.46962149
121 -511.09954834 -6.46961454
122 -511.09976196 -6.46961724
123 -511.10226440 -6.46964892
124 -511.10134888 -6.46963733
125 -511.10397339 -6.46967055
126 -511.10073853 -6.46962960
127 -511.10205078 -6.46964621
128 -511.10098267 -6.46963269
129 -511.10208130 -6.46964660
130 -511.09979248 -6.46961763
131 -511.09933472 -6.46961183
132 -511.09838867 -6.46959986
133 -511.10025024 -6.46962342
134 -511.10107422 -6.46963385
135 -511.10263062 -6.46965355
136 -511.10137939 -6.46963771
137 -511.09796143 -6.46959445
138 -511.10214233 -6.46964737
139 -511.10101318 -6.46963308
140 -511.10073853 -6.46962960
141 -511.10031128 -6.46962419
142 -511.09991455 -6.46961917
143 -511.10116577 -6.46963501
144 -511.09951782 -6.46961415
145 -511.10110474 -6.46963424
146 -511.09899902 -6.46960758
147 -511.10165405 -6.46964119
148 -511.09963989 -6.46961569
149 -511.09982300 -6.46961801
150 -511.09796143 -6.46959445
151 -511.09927368 -6.46961106
152 -511.09841919 -6.46960024
153 -511.10314941 -6.46966012
154 -511.09994507 -6.46961956
155 -511.10015869 -6.46962226
156 -511.09558105 -6.46956432
157 -511.09881592 -6.46960526
158 -511.09960938 -6.46961531
159 -511.10009766 -6.46962149
160 -511.09997559 -6.46961994
161 -511.09927368 -6.46961106
162 -511.09722900 -6.46958518
163 -511.10046387 -6.46962612
164 -511.09967041 -6.46961608
165 -511.09838867 -6.46959986
166 -511.09521484 -6.46955968
167 -511.09838867 -6.46959986
168 -511.09890747 -6.46960642
169 -511.10140991 -6.46963810
170 -511.09780884 -6.46959252
171 -511.09912109 -6.46960913
172 -511.09722900 -6.46958518
173 -511.09811401 -6.46959638
174 -511.09936523 -6.46961222
175 -511.10043335 -6.46962574
176 -511.09848022 -6.46960102
177 -511.09725952 -6.46958556
178 -511.09664917 -6.46957784
179 -511.09927368 -6.46961106
180 -511.09832764 -6.46959908
181 -511.09872437 -6.46960411
182 -511.10079956 -6.46963037
183 -511.10354614 -6.46966514
184 -511.10217285 -6.46964776
185 -511.09906006 -6.46960836
186 -511.10400391 -6.46967094
187 -511.10305786 -6.46965896
188 -511.10226440 -6.46964892
189 -511.09912109 -6.46960913
190 -511.09954834 -6.46961454
191 -511.09729004 -6.46958595
192 -511.09881592 -6.46960526
193 -511.09790039 -6.46959368
194 -511.09982300 -6.46961801
195 -511.09881592 -6.46960526
196 -511.09939575 -6.46961260
197 -511.09844971 -6.46960063
198 -511.10156250 -6.46964003
199 -511.09991455 -6.46961917
200 -511.09909058 -6.46960874
201 -511.10278320 -6.46965548
202 -511.10217285 -6.46964776
203 -511.10083008 -6.46963076
204 -511.10003662 -6.46962072
205 -511.10055542 -6.46962728
206 -511.09896851 -6.46960720
207 -511.10000610 -6.46962033
208 -511.09967041 -6.46961608
209 -511.09979248 -6.46961763
210 -511.10021973 -6.46962303
211 -511.09991455 -6.46961917
212 -511.09890747 -6.46960642
213 -511.09902954 -6.46960797
214 -511.10281372 -6.46965587
215 -511.09777832 -6.46959213
216 -511.09719849 -6.46958479
217 -511.09893799 -6.46960681
218 -511.10064697 -6.46962844
219 -511.09957886 -6.46961492
220 -511.09954834 -6.46961454
221 -511.09719849 -6.46958479
222 -511.09735107 -6.46958672
223 -511.09921265 -6.46961029
224 -511.10113525 -6.46963462
225 -511.10012817 -6.46962188
226 -511.10040283 -6.46962535
227 -511.10244751 -6.46965123
228 -511.10382080 -6.46966862
229 -511.10195923 -6.46964505
230 -511.10238647 -6.46965046
231 -511.10372925 -6.46966746
232 -511.10000610 -6.46962033
233 -511.10614014 -6.46969798
234 -511.10391235 -6.46966978
235 -511.10385132 -6.46966900
236 -511.10263062 -6.46965355
237 -511.10504150 -6.46968407
238 -511.10543823 -6.46968909
239 -511.10250854 -6.46965201
240 -511.10314941 -6.46966012
241 -511.10546875 -6.46968948
242 -511.10620117 -6.46969875
243 -511.10473633 -6.46968021
244 -511.10614014 -6.46969798
245 -511.10266113 -6.46965394
246 -511.10263062 -6.46965355
247 -511.09973145 -6.46961685
248 -511.10275269 -6.46965510
249 -511.09890747 -6.46960642
250 -511.09866333 -6.46960333
251 -511.10223389 -6.46964853
252 -511.10122681 -6.46963578
253 -511.09765625 -6.46959059
254 -511.09967041 -6.46961608
255 -511.10046387 -6.46962612
256 -511.10055542 -6.46962728
257 -511.10104370 -6.46963346
258 -511.10089111 -6.46963153
259 -511.10263062 -6.46965355
260 -511.10302734 -6.46965857
261 -511.10131836 -6.46963694
262 -511.10098267 -6.46963269
263 -511.10018921 -6.46962265
264 -511.09823608 -6.46959793
265 -511.09994507 -6.46961956
266 -511.10232544 -6.46964969
267 -511.10134888 -6.46963733
268 -511.10159302 -6.46964042
269 -511.09848022 -6.46960102
270 -511.09841919 -6.46960024
271 -511.09732056 -6.46958634
272 -511.09579468 -6.46956702
273 -511.10025024 -6.46962342
274 -511.09921265 -6.46961029
275 -511.09863281 -6.46960295
276 -511.10025024 -6.46962342
277 -511.09994507 -6.46961956
278 -511.09741211 -6.46958750
279 -511.10168457 -6.46964158
280 -511.09805298 -6.46959561
281 -511.09860229 -6.46960256
282 -511.09951782 -6.46961415
283 -511.09942627 -6.46961299
284 -511.10000610 -6.46962033
285 -511.10015869 -6.46962226
286 -511.09967041 -6.46961608
287 -511.10128784 -6.46963655
288 -511.09771729 -6.46959136
289 -511.09915161 -6.46960951
290 -511.09512329 -6.46955852
291 -511.09729004 -6.46958595
292 -511.09655762 -6.46957668
293 -511.09799194 -6.46959483
294 -511.09854126 -6.46960179
295 -511.09832764 -6.46959908
296 -511.09863281 -6.46960295
297 -511.09890747 -6.46960642
298 -511.09866333 -6.46960333
299 -511.09619141 -6.46957204
300 -511.09927368 -6.46961106
301 -511.09292603 -6.46953071
302 -511.09310913 -6.46953303
303 -511.09512329 -6.46955852
304 -511.09790039 -6.46959368
305 -511.09466553 -6.46955273
306 -511.09649658 -6.46957591
307 -511.09375000 -6.46954114
308 -511.09356689 -6.46953882
309 -511.09420776 -6.46954693
310 -511.09219360 -6.46952144
311 -511.09432983 -6.46954848
312 -511.09271240 -6.46952801
313 -511.09725952 -6.46958556
314 -511.09405518 -6.46954500
315 -511.09411621 -6.46954577
316 -511.09219360 -6.46952144
317 -511.09701538 -6.46958247
318 -511.09777832 -6.46959213
319 -511.09841919 -6.46960024
320 -511.09399414 -6.46954423
