0 -434.08529663 -7.00137575
1 -434.08267212 -7.00133342
2 -434.07614136 -7.00122809
3 -434.06726074 -7.00108485
4 -434.06314087 -7.00101840
5 -434.05691528 -7.00091799
6 -434.04833984 -7.00077967
7 -434.03964233 -7.00063939
8 -434.03622437 -7.00058426
9 -434.03540039 -7.00057097
10 -434.02648926 -7.00042725
11 -434.01580811 -7.00025497
12 -434.01232910 -7.00019886
13 -434.00439453 -7.00007088
14 -433.99630737 -6.99994044
15 -433.98706055 -6.99979130
16 -433.97976685 -6.99967366
17 -433.97042847 -6.99952304
18 -433.96444702 -6.99942656
19 -433.95867920 -6.99933354
20 -433.95141602 -6.99921639
21 -433.94042969 -6.99903919
22 -433.93463135 -6.99894567
23 -433.92980957 -6.99886790
24 -433.91818237 -6.99868036
25 -433.91329956 -6.99860161
26 -433.90786743 -6.99851399
27 -433.89501953 -6.99830677
28 -433.89492798 -6.99830529
29 -433.89038086 -6.99823195
30 -433.88598633 -6.99816107
31 -433.87945557 -6.99805573
32 -433.87109375 -6.99792087
33 -433.86819458 -6.99787411
34 -433.85995483 -6.99774121
35 -433.85107422 -6.99759797
36 -433.84179688 -6.99744834
37 -433.83270264 -6.99730166
38 -433.82568359 -6.99718845
39 -433.81665039 -6.99704275
40 -433.80786133 -6.99690099
41 -433.80270386 -6.99681780
42 -433.79217529 -6.99664799
43 -433.78515625 -6.99653478
44 -433.78347778 -6.99650771
45 -433.77301025 -6.99633888
46 -433.76562500 -6.99621976
47 -433.75866699 -6.99610753
48 -433.75030518 -6.99597266
49 -433.74652100 -6.99591163
50 -433.73693848 -6.99575707
51 -433.73339844 -6.99569997
52 -433.72412109 -6.99555034
53 -433.71621704 -6.99542286
54 -433.71221924 -6.99535837
55 -433.70898438 -6.99530620
56 -433.70489502 -6.99524024
57 -433.69857788 -6.99513835
58 -433.69668579 -6.99510784
59 -433.68719482 -6.99495476
60 -433.68844604 -6.99497494
61 -433.68484497 -6.99491685
62 -433.68780518 -6.99496460
63 -433.68139648 -6.99486123
64 -433.68054199 -6.99484745
65 -433.67767334 -6.99480118
66 -433.67568970 -6.99476919
67 -433.67321777 -6.99472932
68 -433.66851807 -6.99465352
69 -433.66833496 -6.99465056
70 -433.66296387 -6.99456393
71 -433.65277100 -6.99439953
72 -433.64941406 -6.99434539
73 -433.64749146 -6.99431438
74 -433.64782715 -6.99431979
75 -433.64495850 -6.99427352
76 -433.64752197 -6.99431487
77 -433.63800049 -6.99416130
78 -433.63250732 -6.99407270
79 -433.63031006 -6.99403726
80 -433.62026978 -6.99387532
81 -433.61801147 -6.99383889
82 -433.61218262 -6.99374488
83 -433.60705566 -6.99366219
84 -433.59930420 -6.99353716
85 -433.59774780 -6.99351206
86 -433.58929443 -6.99337572
87 -433.58258057 -6.99326743
88 -433.57754517 -6.99318621
89 -433.56692505 -6.99301492
90 -433.56109619 -6.99292091
91 -433.56506348 -6.99298489
92 -433.56030273 -6.99290811
93 -433.55978394 -6.99289974
94 -433.55307007 -6.99279145
95 -433.55371094 -6.99280179
96 -433.53518677 -6.99250301
97 -433.53329468 -6.99247249
98 -433.52517700 -6.99234156
99 -433.51629639 -6.99219833
100 -433.51062012 -6.99210678
101 -433.50372314 -6.99199553
102 -433.49487305 -6.99185279
103 -433.49865723 -6.99191383
104 -433.49429321 -6.99184344
105 -433.48745728 -6.99173318
106 -433.48141479 -6.99163572
107 -433.48071289 -6.99162440
108 -433.48049927 -6.99162096
109 -433.47692871 -6.99156337
110 -433.47286987 -6.99149790
111 -433.46588135 -6.99138518
112 -433.45330811 -6.99118239
113 -433.44833374 -6.99110216
114 -433.44506836 -6.99104949
115 -433.44342041 -6.99102291
116 -433.44781494 -6.99109379
117 -433.44863892 -6.99110708
118 -433.44711304 -6.99108247
119 -433.44873047 -6.99110856
120 -433.44259644 -6.99100962
121 -433.43667603 -6.99091413
122 -433.43383789 -6.99086835
123 -433.43420410 -6.99087426
124 -433.42724609 -6.99076203
125 -433.42636108 -6.99074776
126 -433.42224121 -6.99068131
127 -433.42761230 -6.99076794
128 -433.41479492 -6.99056121
129 -433.41223145 -6.99051986
130 -433.40994263 -6.99048295
131 -433.39868164 -6.99030132
132 -433.39550781 -6.99025013
133 -433.40368652 -6.99038204
134 -433.40582275 -6.99041650
135 -433.40826416 -6.99045587
136 -433.39971924 -6.99031805
137 -433.39334106 -6.99021518
138 -433.39437866 -6.99023191
139 -433.39123535 -6.99018122
140 -433.38763428 -6.99012313
141 -433.38571167 -6.99009212
142 -433.37847900 -6.98997547
143 -433.37664795 -6.98994593
144 -433.37762451 -6.98996169
145 -433.37823486 -6.98997153
146 -433.37496948 -6.98991886
147 -433.38067627 -6.99001091
148 -433.37451172 -6.98991148
149 -433.37887573 -6.98998187
150 -433.37979126 -6.98999663
151 -433.37414551 -6.98990557
152 -433.37557983 -6.98992871
153 -433.37625122 -6.98993954
154 -433.37042236 -6.98984552
155 -433.37118530 -6.98985783
156 -433.36529541 -6.98976283
157 -433.35971069 -6.98967275
158 -433.35842896 -6.98965208
159 -433.35705566 -6.98962993
160 -433.36419678 -6.98974511
161 -433.36898804 -6.98982239
162 -433.36273193 -6.98972148
163 -433.34927368 -6.98950441
164 -433.35546875 -6.98960433
165 -433.35800171 -6.98964519
166 -433.35806274 -6.98964617
167 -433.35284424 -6.98956200
168 -433.35351562 -6.98957283
169 -433.34844971 -6.98949112
170 -433.34075928 -6.98936709
171 -433.33966064 -6.98934937
172 -433.34039307 -6.98936118
173 -433.33374023 -6.98925387
174 -433.33139038 -6.98921597
175 -433.32257080 -6.98907372
176 -433.32620239 -6.98913230
177 -433.32629395 -6.98913377
178 -433.32366943 -6.98909144
179 -433.32339478 -6.98908701
180 -433.32269287 -6.98907569
181 -433.32373047 -6.98909243
182 -433.33175659 -6.98922188
183 -433.32928467 -6.98918201
184 -433.33325195 -6.98924600
185 -433.33306885 -6.98924305
186 -433.34167480 -6.98938185
187 -433.34048462 -6.98936266
188 -433.33856201 -6.98933165
189 -433.34698486 -6.98946750
190 -433.35681152 -6.98962599
191 -433.35043335 -6.98952312
192 -433.34936523 -6.98950589
193 -433.35650635 -6.98962107
194 -433.36114502 -6.98969589
195 -433.36053467 -6.98968604
196 -433.35803223 -6.98964568
197 -433.35281372 -6.98956151
198 -433.34954834 -6.98950884
199 -433.35897827 -6.98966094
200 -433.35754395 -6.98963781
201 -433.35922241 -6.98966488
202 -433.36334229 -6.98973133
203 -433.37261963 -6.98988096
204 -433.36859131 -6.98981599
205 -433.37429810 -6.98990803
206 -433.37429810 -6.98990803
207 -433.37496948 -6.98991886
208 -433.37738037 -6.98995775
209 -433.37759399 -6.98996119
210 -433.37420654 -6.98990656
211 -433.37728882 -6.98995627
212 -433.37680054 -6.98994840
213 -433.37319946 -6.98989031
214 -433.37078857 -6.98985143
215 -433.36868286 -6.98981747
216 -433.37298584 -6.98988687
217 -433.36984253 -6.98983617
218 -433.36688232 -6.98978842
219 -433.36712646 -6.98979236
220 -433.36267090 -6.98972050
221 -433.36413574 -6.98974412
222 -433.35986328 -6.98967521
223 -433.36318970 -6.98972887
224 -433.35980225 -6.98967423
225 -433.35525513 -6.98960089
226 -433.35253906 -6.98955708
227 -433.34585571 -6.98944929
228 -433.34286499 -6.98940105
229 -433.34484863 -6.98943304
230 -433.34613037 -6.98945372
231 -433.34368896 -6.98941434
232 -433.33825684 -6.98932672
233 -433.34213257 -6.98938923
234 -433.34020996 -6.98935823
235 -433.33508301 -6.98927553
236 -433.33383179 -6.98925535
237 -433.32510376 -6.98911458
238 -433.32611084 -6.98913082
239 -433.32104492 -6.98904911
240 -433.31927490 -6.98902056
241 -433.32403564 -6.98909735
242 -433.32751465 -6.98915346
243 -433.31970215 -6.98902745
244 -433.31704712 -6.98898463
245 -433.31121826 -6.98889062
246 -433.30731201 -6.98882761
247 -433.30456543 -6.98878331
248 -433.30480957 -6.98878725
249 -433.30377197 -6.98877052
250 -433.30084229 -6.98872326
251 -433.29965210 -6.98870407
252 -433.29733276 -6.98866666
253 -433.29479980 -6.98862580
254 -433.29312134 -6.98859873
255 -433.29812622 -6.98867946
256 -433.29281616 -6.98859381
257 -433.29516602 -6.98863171
258 -433.29858398 -6.98868684
259 -433.30175781 -6.98873803
260 -433.29684448 -6.98865878
261 -433.29815674 -6.98867995
262 -433.29949951 -6.98870161
263 -433.29516602 -6.98863171
264 -433.29031372 -6.98855345
265 -433.28591919 -6.98848257
266 -433.29364014 -6.98860710
267 -433.29409790 -6.98861448
268 -433.29776001 -6.98867355
269 -433.30010986 -6.98871145
270 -433.29742432 -6.98866813
271 -433.30703735 -6.98882318
272 -433.29919434 -6.98869668
273 -433.30279541 -6.98875476
274 -433.30020142 -6.98871293
275 -433.30230713 -6.98874689
276 -433.30560303 -6.98880005
277 -433.30038452 -6.98871588
278 -433.30648804 -6.98881432
279 -433.30456543 -6.98878331
280 -433.30194092 -6.98874098
281 -433.30245972 -6.98874935
282 -433.30093384 -6.98872474
283 -433.28964233 -6.98854262
284 -433.29281616 -6.98859381
285 -433.29962158 -6.98870357
286 -433.29556274 -6.98863811
287 -433.29779053 -6.98867404
288 -433.29827881 -6.98868192
289 -433.30288696 -6.98875624
290 -433.30517578 -6.98879316
291 -433.30783081 -6.98883598
292 -433.30264282 -6.98875230
293 -433.29971313 -6.98870505
294 -433.30047607 -6.98871736
295 -433.30023193 -6.98871342
296 -433.29757690 -6.98867060
297 -433.29583740 -6.98864254
298 -433.29833984 -6.98868290
299 -433.29949951 -6.98870161
300 -433.30194092 -6.98874098
301 -433.30050659 -6.98871785
302 -433.30474854 -6.98878627
303 -433.30950928 -6.98886305
304 -433.31362915 -6.98892950
305 -433.30718994 -6.98882564
306 -433.31130981 -6.98889209
307 -433.30313110 -6.98876018
308 -433.30450439 -6.98878233
309 -433.30474854 -6.98878627
310 -433.30310059 -6.98875969
311 -433.30380249 -6.98877101
312 -433.30093384 -6.98872474
313 -433.30105591 -6.98872671
314 -433.29821777 -6.98868093
315 -433.30743408 -6.98882958
316 -433.30026245 -6.98871391
317 -433.30157471 -6.98873508
318 -433.30166626 -6.98873655
319 -433.30557251 -6.98879956
320 -433.30047607 -6.98871736
321 -433.29589844 -6.98864352
322 -433.29846191 -6.98868487
323 -433.29708862 -6.98866272
324 -433.29208374 -6.98858200
325 -433.29202271 -6.98858101
326 -433.28970337 -6.98854360
327 -433.28884888 -6.98852982
328 -433.28323364 -6.98843925
329 -433.28231812 -6.98842449
330 -433.27993774 -6.98838609
331 -433.27484131 -6.98830389
332 -433.27481079 -6.98830340
333 -433.27679443 -6.98833539
334 -433.27310181 -6.98827584
335 -433.27178955 -6.98825467
336 -433.26470947 -6.98814048
337 -433.26379395 -6.98812571
338 -433.25549316 -6.98799183
339 -433.25390625 -6.98796623
340 -433.25231934 -6.98794063
341 -433.25018311 -6.98790618
342 -433.24923706 -6.98789092
343 -433.24713135 -6.98785696
344 -433.24743652 -6.98786188
345 -433.24832153 -6.98787615
346 -433.24172974 -6.98776983
347 -433.24047852 -6.98774965
348 -433.23886108 -6.98772357
349 -433.23718262 -6.98769649
350 -433.22994995 -6.98757984
351 -433.22839355 -6.98755473
352 -433.23233032 -6.98761823
353 -433.23049927 -6.98758870
354 -433.22344971 -6.98747500
355 -433.22680664 -6.98752914
356 -433.22817993 -6.98755129
357 -433.22674561 -6.98752815
358 -433.22744751 -6.98753948
359 -433.22381592 -6.98748090
360 -433.22393799 -6.98748287
361 -433.22085571 -6.98743316
362 -433.22277832 -6.98746417
363 -433.22503662 -6.98750059
364 -433.22393799 -6.98748287
365 -433.21502686 -6.98733914
366 -433.21249390 -6.98729829
367 -433.21453857 -6.98733127
368 -433.21530151 -6.98734357
369 -433.21743774 -6.98737803
370 -433.22183228 -6.98744891
371 -433.22296143 -6.98746712
372 -433.22555542 -6.98750896
373 -433.22207642 -6.98745285
374 -433.22158813 -6.98744497
375 -433.22167969 -6.98744645
376 -433.22039795 -6.98742577
377 -433.21670532 -6.98736621
378 -433.21813965 -6.98738935
379 -433.22119141 -6.98743857
380 -433.22576904 -6.98751240
381 -433.22674561 -6.98752815
382 -433.23220825 -6.98761626
383 -433.23345947 -6.98763644
384 -433.23446655 -6.98765269
385 -433.23632812 -6.98768271
