0 -410.93466187 -6.84891103
1 -410.04220581 -6.83403676
2 -408.86401367 -6.81440023
3 -408.31945801 -6.80532430
4 -407.34045410 -6.78900757
5 -406.85147095 -6.78085785
6 -405.82998657 -6.76383311
7 -404.70147705 -6.74502462
8 -404.20114136 -6.73668569
9 -403.96395874 -6.73273265
10 -403.73599243 -6.72893321
11 -404.23025513 -6.73717092
12 -403.43313599 -6.72388560
13 -403.55371094 -6.72589518
14 -402.49737549 -6.70828959
15 -402.14193726 -6.70236562
16 -401.48434448 -6.69140574
17 -402.01516724 -6.70025279
18 -401.41131592 -6.69018860
19 -401.12756348 -6.68545939
20 -400.38183594 -6.67303060
21 -401.08212280 -6.68470205
22 -399.21807861 -6.65363464
23 -399.40591431 -6.65676524
24 -398.43576050 -6.64059601
25 -398.55291748 -6.64254862
26 -399.29110718 -6.65485179
27 -398.97177124 -6.64952952
28 -398.26080322 -6.63768005
29 -397.57983398 -6.62633057
30 -397.93676758 -6.63227946
31 -397.33911133 -6.62231852
32 -395.69613647 -6.59493561
33 -394.52636719 -6.57543945
34 -393.76770020 -6.56279500
35 -392.78674316 -6.54644572
36 -390.17880249 -6.50298004
37 -388.29742432 -6.47162374
38 -387.29925537 -6.45498759
39 -387.51541138 -6.45859019
40 -386.24853516 -6.43747559
41 -385.12048340 -6.41867472
42 -384.36212158 -6.40603536
43 -384.06445312 -6.40107422
44 -383.39035034 -6.38983917
45 -381.45401001 -6.35756683
46 -381.08966064 -6.35149434
47 -379.43252563 -6.32387543
48 -377.43801880 -6.29063365
49 -377.11706543 -6.28528442
50 -376.18173218 -6.26969554
51 -375.43496704 -6.25724945
52 -374.43316650 -6.24055278
53 -373.75375366 -6.22922923
54 -373.92932129 -6.23215535
55 -372.99169922 -6.21652832
56 -370.96002197 -6.18266703
57 -371.35244751 -6.18920746
58 -370.34521484 -6.17242025
59 -368.59872437 -6.14331207
60 -368.94628906 -6.14910482
61 -367.10772705 -6.11846212
62 -367.47650146 -6.12460836
63 -365.68945312 -6.09482422
64 -366.31768799 -6.10529480
65 -365.84823608 -6.09747060
66 -366.01788330 -6.10029806
67 -365.36071777 -6.08934530
68 -363.70950317 -6.06182505
69 -362.87902832 -6.04798381
70 -361.65451050 -6.02757517
71 -361.00784302 -6.01679738
72 -359.78320312 -5.99638672
73 -360.25033569 -6.00417226
74 -359.92092896 -5.99868215
75 -360.16656494 -6.00277608
76 -359.78793335 -5.99646556
77 -360.03479004 -6.00057983
78 -359.60787964 -5.99346466
79 -359.47146606 -5.99119110
80 -359.38891602 -5.98981527
81 -359.28356934 -5.98805949
82 -359.01840210 -5.98364003
83 -357.56509399 -5.95941823
84 -357.27139282 -5.95452321
85 -356.10018921 -5.93500315
86 -355.76803589 -5.92946726
87 -356.60494995 -5.94341583
88 -356.72247314 -5.94537455
89 -355.89318848 -5.93155314
90 -355.33462524 -5.92224375
91 -356.21218872 -5.93686981
92 -356.00656128 -5.93344269
93 -355.82189941 -5.93036499
94 -356.75918579 -5.94598643
95 -356.95632935 -5.94927216
