0 -572.07983398 -6.65209109
1 -572.06848145 -6.65195909
2 -572.02386475 -6.65144029
3 -572.00280762 -6.65119544
4 -571.98339844 -6.65096975
5 -571.92980957 -6.65034662
6 -571.84851074 -6.64940129
7 -571.81530762 -6.64901520
8 -571.76202393 -6.64839563
9 -571.75396729 -6.64830195
10 -571.71313477 -6.64782715
11 -571.66992188 -6.64732467
12 -571.59130859 -6.64641057
13 -571.57519531 -6.64622320
14 -571.53070068 -6.64570582
15 -571.51477051 -6.64552059
16 -571.56311035 -6.64608268
17 -571.53375244 -6.64574131
18 -571.48663330 -6.64519341
19 -571.46301270 -6.64491875
20 -571.41662598 -6.64437937
21 -571.35632324 -6.64367818
22 -571.35797119 -6.64369734
23 -571.40539551 -6.64424878
24 -571.33105469 -6.64338436
25 -571.30584717 -6.64309125
26 -571.25506592 -6.64250077
27 -571.20892334 -6.64196422
28 -571.19329834 -6.64178254
29 -571.13903809 -6.64115161
30 -571.12322998 -6.64096779
31 -571.09637451 -6.64065552
32 -571.02984619 -6.63988193
33 -570.95648193 -6.63902886
34 -570.87164307 -6.63804236
35 -570.88323975 -6.63817721
36 -570.82299805 -6.63747672
37 -570.73297119 -6.63642990
38 -570.68225098 -6.63584013
39 -570.74255371 -6.63654132
40 -570.67218018 -6.63572303
41 -570.57067871 -6.63454278
42 -570.50067139 -6.63372874
43 -570.47338867 -6.63341150
44 -570.39208984 -6.63246616
45 -570.45135498 -6.63315529
46 -570.46026611 -6.63325891
47 -570.47613525 -6.63344343
48 -570.44543457 -6.63308645
49 -570.33331299 -6.63178271
50 -570.31353760 -6.63155276
51 -570.27124023 -6.63106093
52 -570.30810547 -6.63148960
53 -570.29406738 -6.63132636
54 -570.19262695 -6.63014683
55 -570.23364258 -6.63062375
56 -570.18939209 -6.63010921
57 -570.13220215 -6.62944421
58 -570.10870361 -6.62917097
59 -570.11187744 -6.62920788
60 -570.04888916 -6.62847546
61 -570.02233887 -6.62816673
62 -569.88378906 -6.62655569
63 -569.78027344 -6.62535202
64 -569.65350342 -6.62387795
65 -569.50164795 -6.62211219
66 -569.34503174 -6.62029107
67 -569.41381836 -6.62109091
68 -569.41058350 -6.62105330
69 -569.41558838 -6.62111149
70 -569.41766357 -6.62113562
71 -569.32757568 -6.62008809
72 -569.28582764 -6.61960265
73 -569.25964355 -6.61929818
74 -569.28979492 -6.61964878
75 -569.27008057 -6.61941954
76 -569.24096680 -6.61908101
77 -569.14123535 -6.61792134
78 -569.07849121 -6.61719176
79 -569.01202393 -6.61641888
80 -569.05914307 -6.61696678
81 -568.98065186 -6.61605409
82 -568.99102783 -6.61617474
83 -568.85797119 -6.61462757
84 -568.93951416 -6.61557575
85 -568.86791992 -6.61474325
86 -568.86999512 -6.61476739
87 -568.83178711 -6.61432311
88 -568.66436768 -6.61237637
89 -568.74084473 -6.61326564
90 -568.61755371 -6.61183202
91 -568.63781738 -6.61206764
92 -568.45501709 -6.60994206
93 -568.48461914 -6.61028627
94 -568.30334473 -6.60817843
95 -568.32812500 -6.60846657
96 -568.21490479 -6.60715006
97 -567.99645996 -6.60461000
98 -567.91137695 -6.60362066
99 -567.94061279 -6.60396061
100 -567.93334961 -6.60387616
101 -567.93853760 -6.60393648
102 -567.81030273 -6.60244538
103 -567.59228516 -6.59991029
104 -567.54327393 -6.59934039
105 -567.32641602 -6.59681879
106 -567.14727783 -6.59473579
107 -567.13153076 -6.59455268
108 -567.23449707 -6.59574997
109 -567.18530273 -6.59517794
110 -566.97381592 -6.59271879
111 -566.94378662 -6.59236961
112 -566.75292969 -6.59015035
113 -566.53436279 -6.58760887
114 -566.54028320 -6.58767771
115 -566.59124756 -6.58827032
116 -566.39453125 -6.58598292
117 -566.39923096 -6.58603757
118 -566.36535645 -6.58564368
119 -566.28167725 -6.58467067
120 -566.42712402 -6.58636191
121 -566.26855469 -6.58451808
122 -566.25708008 -6.58438465
123 -566.38903809 -6.58591905
124 -566.10919189 -6.58266502
125 -565.90911865 -6.58033859
126 -565.75915527 -6.57859483
127 -565.78802490 -6.57893052
128 -565.91320801 -6.58038614
129 -565.89599609 -6.58018600
130 -565.66503906 -6.57750045
131 -565.76239014 -6.57863244
132 -565.92883301 -6.58056783
133 -565.87890625 -6.57998728
134 -565.78527832 -6.57889859
135 -565.90496826 -6.58029033
136 -565.85211182 -6.57967572
137 -566.01196289 -6.58153445
138 -565.79364014 -6.57899582
139 -565.56939697 -6.57638834
140 -565.39056396 -6.57430888
141 -565.10046387 -6.57093563
142 -564.94030762 -6.56907334
143 -564.88446045 -6.56842396
144 -564.85565186 -6.56808898
145 -564.72271729 -6.56654322
146 -564.52972412 -6.56429912
147 -564.20513916 -6.56052487
148 -563.81860352 -6.55603027
149 -563.66101074 -6.55419780
150 -563.68774414 -6.55450865
151 -563.40039062 -6.55116733
152 -563.43261719 -6.55154206
153 -563.51098633 -6.55245333
154 -563.45733643 -6.55182949
155 -563.16790771 -6.54846404
156 -563.00280762 -6.54654427
157 -562.55920410 -6.54138609
158 -562.31945801 -6.53859835
159 -562.06280518 -6.53561401
160 -562.19281006 -6.53712570
161 -562.29498291 -6.53831375
162 -562.18511963 -6.53703627
163 -562.42303467 -6.53980273
164 -562.66363525 -6.54260041
165 -562.41241455 -6.53967924
166 -562.23779297 -6.53764876
167 -562.41247559 -6.53967995
168 -562.31396484 -6.53853447
169 -561.83117676 -6.53292066
170 -561.70928955 -6.53150337
171 -561.57708740 -6.52996613
172 -561.50366211 -6.52911235
173 -561.56555176 -6.52983200
174 -561.49963379 -6.52906551
175 -561.36627197 -6.52751479
176 -560.86926270 -6.52173561
177 -561.15191650 -6.52502228
178 -561.14099121 -6.52489525
179 -560.73303223 -6.52015154
180 -560.42211914 -6.51653627
181 -560.00415039 -6.51167617
182 -559.71667480 -6.50833343
183 -559.68927002 -6.50801477
184 -559.29681396 -6.50345133
185 -559.23468018 -6.50272884
186 -558.84240723 -6.49816753
187 -558.77368164 -6.49736839
188 -558.44519043 -6.49354873
189 -558.25268555 -6.49131030
190 -557.76934814 -6.48569009
191 -557.56610107 -6.48332676
192 -557.75512695 -6.48552473
193 -557.86163330 -6.48676318
194 -557.70355225 -6.48492503
195 -557.89648438 -6.48716842
196 -558.11395264 -6.48969712
197 -557.94854736 -6.48777381
198 -557.86358643 -6.48678589
199 -558.11285400 -6.48968435
200 -558.07470703 -6.48924078
201 -557.98266602 -6.48817054
202 -557.97723389 -6.48810737
203 -557.92810059 -6.48753605
204 -558.23846436 -6.49114493
205 -558.50439453 -6.49423715
206 -558.46191406 -6.49374319
207 -558.60003662 -6.49534926
208 -558.01727295 -6.48857294
209 -557.39251709 -6.48130834
210 -556.94567871 -6.47611254
211 -556.63867188 -6.47254270
212 -556.65026855 -6.47267754
213 -556.71313477 -6.47340854
214 -556.56701660 -6.47170950
215 -556.79919434 -6.47440924
216 -556.80487061 -6.47447524
217 -556.56164551 -6.47164704
218 -556.48718262 -6.47078119
219 -556.12762451 -6.46660029
220 -555.87023926 -6.46360743
221 -555.51757812 -6.45950672
222 -555.03198242 -6.45386026
223 -554.27435303 -6.44505062
224 -553.68566895 -6.43820545
225 -553.43182373 -6.43525376
226 -553.41674805 -6.43507847
227 -553.42504883 -6.43517499
228 -553.07342529 -6.43108634
229 -553.12823486 -6.43172366
230 -552.50988770 -6.42453358
231 -552.11718750 -6.41996730
232 -552.04223633 -6.41909577
233 -552.40832520 -6.42335262
234 -552.11352539 -6.41992471
235 -551.94006348 -6.41790771
236 -551.84484863 -6.41680057
237 -551.38397217 -6.41144154
238 -550.88934326 -6.40569004
239 -550.96899414 -6.40661621
240 -550.16033936 -6.39721325
241 -550.23834229 -6.39812026
242 -549.53424072 -6.38993303
243 -549.50787354 -6.38962644
244 -549.74053955 -6.39233186
245 -548.82855225 -6.38172735
246 -548.16333008 -6.37399221
247 -547.73992920 -6.36906894
248 -548.02099609 -6.37233716
249 -548.43164062 -6.37711210
250 -547.70635986 -6.36867860
251 -547.75952148 -6.36929676
252 -547.58178711 -6.36723008
253 -547.13879395 -6.36207900
254 -547.33862305 -6.36440259
255 -546.71417236 -6.35714154
256 -547.53918457 -6.36673470
257 -547.32482910 -6.36424220
258 -547.71820068 -6.36881629
259 -547.20147705 -6.36280787
260 -547.23919678 -6.36324647
261 -547.62994385 -6.36779004
262 -548.00158691 -6.37211148
263 -548.14202881 -6.37374452
264 -546.85058594 -6.35872774
265 -546.99560547 -6.36041402
266 -546.58563232 -6.35564689
267 -546.63446045 -6.35621466
268 -545.44067383 -6.34233342
269 -545.54467773 -6.34354276
270 -545.84277344 -6.34700899
271 -546.15277100 -6.35061362
272 -546.42071533 -6.35372925
273 -546.08245850 -6.34979603
274 -546.51477051 -6.35482291
275 -547.07904053 -6.36138419
276 -546.44799805 -6.35404649
277 -545.46398926 -6.34260453
278 -544.05981445 -6.32627691
279 -543.43060303 -6.31896050
280 -542.91955566 -6.31301809
281 -542.40478516 -6.30703239
282 -541.71807861 -6.29904743
283 -541.92803955 -6.30148883
284 -541.11303711 -6.29201206
285 -541.98577881 -6.30216022
286 -541.24298096 -6.29352303
287 -540.48803711 -6.28474462
288 -540.11468506 -6.28040331
289 -539.17797852 -6.26951138
290 -539.32061768 -6.27116997
291 -540.49639893 -6.28484185
292 -540.07507324 -6.27994271
293 -540.35784912 -6.28323080
294 -539.67614746 -6.27530404
295 -538.97113037 -6.26710617
296 -538.63964844 -6.26325173
297 -538.50396729 -6.26167404
298 -538.68328857 -6.26375917
299 -538.25317383 -6.25875784
300 -538.70434570 -6.26400402
301 -536.59436035 -6.23946931
302 -535.32452393 -6.22470377
303 -536.11492920 -6.23389453
304 -535.48730469 -6.22659657
305 -535.17498779 -6.22296497
306 -534.70947266 -6.21755201
307 -533.32965088 -6.20150757
308 -533.34991455 -6.20174319
309 -533.59606934 -6.20460546
310 -534.16436768 -6.21121358
311 -534.14270020 -6.21096163
312 -533.50585938 -6.20355650
313 -532.46350098 -6.19143606
314 -533.34094238 -6.20163886
315 -533.21887207 -6.20021944
316 -533.05670166 -6.19833374
317 -534.46813965 -6.21474581
318 -534.63299561 -6.21666274
319 -534.84466553 -6.21912402
320 -535.60626221 -6.22797979
321 -536.00183105 -6.23257943
322 -536.52136230 -6.23862049
323 -537.54010010 -6.25046628
324 -538.47119141 -6.26129292
325 -538.44860840 -6.26103033
326 -538.05200195 -6.25641863
327 -537.32360840 -6.24794893
328 -537.20294189 -6.24654584
329 -536.79736328 -6.24182981
330 -537.79223633 -6.25339810
331 -537.08941650 -6.24522577
332 -536.61468506 -6.23970564
333 -536.14831543 -6.23428274
334 -536.36169434 -6.23676389
335 -536.63836670 -6.23998101
336 -537.06561279 -6.24494899
337 -537.79382324 -6.25341655
338 -536.94018555 -6.24349053
339 -537.73077393 -6.25268342
340 -537.28784180 -6.24753304
341 -537.86962891 -6.25429801
342 -538.48181152 -6.26141641
343 -538.03271484 -6.25619436
344 -537.67364502 -6.25201913
345 -536.69403076 -6.24062826
346 -536.10571289 -6.23378736
347 -535.96685791 -6.23217277
348 -535.99450684 -6.23249427
349 -536.01568604 -6.23274054
350 -536.06335449 -6.23329482
351 -536.82873535 -6.24219460
352 -536.34979248 -6.23662549
353 -536.93621826 -6.24344440
354 -536.38049316 -6.23698248
355 -535.36499023 -6.22517431
356 -535.31823730 -6.22463067
357 -533.42480469 -6.20261401
358 -533.85736084 -6.20764373
359 -533.45581055 -6.20297454
360 -533.10711670 -6.19891996
361 -533.86157227 -6.20769270
362 -533.91210938 -6.20828034
363 -533.33697510 -6.20159273
364 -532.35131836 -6.19013161
365 -532.00073242 -6.18605503
366 -531.61486816 -6.18156823
367 -530.13153076 -6.16432013
368 -529.65008545 -6.15872192
369 -529.70642090 -6.15937699
370 -530.57366943 -6.16946127
371 -530.18426514 -6.16493332
372 -529.22241211 -6.15374898
373 -529.42150879 -6.15606406
374 -530.81610107 -6.17228025
375 -530.94726562 -6.17380541
376 -530.44329834 -6.16794533
377 -529.60363770 -6.15818183
378 -527.87457275 -6.13807643
379 -528.42089844 -6.14442905
380 -527.16668701 -6.12984520
381 -528.04174805 -6.14002033
382 -527.71374512 -6.13620634
383 -527.32617188 -6.13169967
384 -527.36639404 -6.13216737
385 -527.34649658 -6.13193601
386 -527.52313232 -6.13398991
387 -527.80603027 -6.13727942
388 -530.04638672 -6.16333008
389 -528.07769775 -6.14043835
390 -528.50744629 -6.14543542
391 -527.59246826 -6.13479614
392 -527.92364502 -6.13864704
393 -527.43182373 -6.13292818
394 -528.45947266 -6.14487759
395 -527.96545410 -6.13913319
396 -527.26318359 -6.13096725
397 -526.92053223 -6.12698293
398 -526.76586914 -6.12518452
399 -526.10974121 -6.11755513
400 -526.37780762 -6.12067218
401 -525.70513916 -6.11285046
402 -526.19653320 -6.11856434
403 -524.97375488 -6.10434599
404 -524.93090820 -6.10384777
405 -525.82775879 -6.11427626
406 -524.40917969 -6.09778116
407 -525.36389160 -6.10888246
408 -525.78833008 -6.11381779
409 -525.72216797 -6.11304846
410 -525.54333496 -6.11096901
411 -526.22735596 -6.11892274
412 -524.69732666 -6.10113171
413 -523.70703125 -6.08961664
414 -523.43408203 -6.08644281
415 -522.80725098 -6.07915408
416 -521.72717285 -6.06659503
417 -522.85449219 -6.07970340
418 -523.34545898 -6.08541231
419 -524.01409912 -6.09318720
420 -526.24261475 -6.11910017
421 -526.44018555 -6.12139751
422 -525.65179443 -6.11223017
423 -525.96838379 -6.11591144
424 -526.23376465 -6.11899726
425 -525.23870850 -6.10742684
426 -525.00939941 -6.10476046
427 -523.96820068 -6.09265350
428 -523.69110107 -6.08943141
429 -522.60400391 -6.07679074
430 -522.24365234 -6.07260061
431 -521.78057861 -6.06721603
432 -521.11633301 -6.05949224
433 -521.10406494 -6.05934959
434 -520.94488525 -6.05749867
435 -520.27746582 -6.04973797
436 -520.44226074 -6.05165419
437 -519.60809326 -6.04195457
438 -518.38983154 -6.02778874
439 -518.11120605 -6.02454891
440 -517.86138916 -6.02164406
441 -516.76373291 -6.00888062
442 -516.61920166 -6.00720002
443 -515.86187744 -5.99839392
444 -515.10656738 -5.98961125
445 -515.93859863 -5.99928603
446 -515.87286377 -5.99852167
447 -517.02862549 -6.01196076
448 -516.51007080 -6.00593106
449 -516.26647949 -6.00309860
450 -514.65734863 -5.98438777
451 -514.86956787 -5.98685544
452 -513.59997559 -5.97209274
453 -515.46331787 -5.99375951
454 -514.30999756 -5.98034881
455 -514.93927002 -5.98766593
456 -514.00531006 -5.97680593
457 -513.05419922 -5.96574650
458 -511.71179199 -5.95013712
459 -509.96350098 -5.92980815
460 -509.29492188 -5.92203398
461 -508.08581543 -5.90797460
462 -507.07595825 -5.89623207
463 -508.99414062 -5.91853652
464 -508.20379639 -5.90934647
465 -507.85302734 -5.90526776
466 -507.10406494 -5.89655889
467 -506.29534912 -5.88715522
468 -504.68078613 -5.86838123
469 -503.08636475 -5.84984145
470 -502.76315308 -5.84608318
471 -501.61703491 -5.83275622
472 -504.84759521 -5.87032087
473 -503.04754639 -5.84939007
474 -503.36779785 -5.85311393
475 -500.88757324 -5.82427411
476 -501.84967041 -5.83546128
477 -502.66397095 -5.84492989
478 -502.81054688 -5.84663427
479 -501.59866333 -5.83254260
