0 -414.51394653 -5.60153982
1 -414.53839111 -5.60187015
2 -414.55398560 -5.60208089
3 -414.56365967 -5.60221162
4 -414.57049561 -5.60230399
5 -414.57681274 -5.60238936
6 -414.58172607 -5.60245576
7 -414.58654785 -5.60252092
8 -414.58956909 -5.60256174
9 -414.59365845 -5.60261701
10 -414.59603882 -5.60264917
11 -414.59912109 -5.60269083
12 -414.60095215 -5.60271557
13 -414.60330200 -5.60274732
14 -414.60485840 -5.60276836
15 -414.60681152 -5.60279475
16 -414.60830688 -5.60281496
17 -414.61013794 -5.60283970
18 -414.61157227 -5.60285908
19 -414.61285400 -5.60287641
20 -414.61419678 -5.60289455
21 -414.61538696 -5.60291063
22 -414.61676025 -5.60292919
23 -414.61761475 -5.60294074
24 -414.61895752 -5.60295889
