0 -593.08758545 -6.58986206
1 -593.07135010 -6.58968167
2 -593.05358887 -6.58948432
3 -593.03814697 -6.58931274
4 -593.02227783 -6.58913642
5 -592.99957275 -6.58888414
6 -592.99114990 -6.58879055
7 -592.98181152 -6.58868679
8 -592.96728516 -6.58852539
9 -592.94769287 -6.58830770
10 -592.93792725 -6.58819919
11 -592.91699219 -6.58796658
12 -592.92956543 -6.58810628
13 -592.92462158 -6.58805135
14 -592.91217041 -6.58791300
15 -592.88958740 -6.58766208
16 -592.87884521 -6.58754272
17 -592.85034180 -6.58722602
18 -592.81091309 -6.58678792
19 -592.82916260 -6.58699070
20 -592.80584717 -6.58673164
21 -592.77545166 -6.58639391
22 -592.74969482 -6.58610772
23 -592.76098633 -6.58623318
24 -592.76196289 -6.58624403
25 -592.73199463 -6.58591105
26 -592.71972656 -6.58577474
27 -592.69635010 -6.58551500
28 -592.67559814 -6.58528442
29 -592.67883301 -6.58532037
30 -592.66607666 -6.58517863
31 -592.62445068 -6.58471612
32 -592.64263916 -6.58491821
33 -592.62921143 -6.58476902
34 -592.59594727 -6.58439941
35 -592.55407715 -6.58393419
36 -592.54089355 -6.58378771
37 -592.52435303 -6.58360392
38 -592.51977539 -6.58355306
39 -592.48144531 -6.58312717
40 -592.47747803 -6.58308309
41 -592.47216797 -6.58302409
42 -592.47985840 -6.58310954
43 -592.44506836 -6.58272298
44 -592.43603516 -6.58262261
45 -592.42419434 -6.58249105
46 -592.44519043 -6.58272434
47 -592.44384766 -6.58270942
48 -592.45861816 -6.58287354
49 -592.42620850 -6.58251343
50 -592.44555664 -6.58272841
51 -592.43475342 -6.58260837
52 -592.42718506 -6.58252428
53 -592.43579102 -6.58261990
54 -592.41656494 -6.58240628
55 -592.39263916 -6.58214044
56 -592.36132812 -6.58179253
57 -592.34295654 -6.58158841
58 -592.34802246 -6.58164469
59 -592.33850098 -6.58153890
60 -592.34869385 -6.58165215
61 -592.30859375 -6.58120660
62 -592.29833984 -6.58109266
63 -592.29943848 -6.58110487
64 -592.27618408 -6.58084649
65 -592.24554443 -6.58050605
66 -592.25817871 -6.58064643
67 -592.25494385 -6.58061049
68 -592.24127197 -6.58045858
69 -592.26300049 -6.58070001
70 -592.25103760 -6.58056708
71 -592.20538330 -6.58005981
72 -592.19683838 -6.57996487
73 -592.20434570 -6.58004829
74 -592.15765381 -6.57952949
75 -592.17395020 -6.57971056
76 -592.13549805 -6.57928331
77 -592.10125732 -6.57890286
78 -592.04895020 -6.57832167
79 -592.03240967 -6.57813789
80 -592.01373291 -6.57793037
81 -591.98333740 -6.57759264
82 -591.97424316 -6.57749159
83 -591.96051025 -6.57733900
84 -591.94287109 -6.57714301
85 -591.97668457 -6.57751872
86 -591.93768311 -6.57708537
87 -591.89923096 -6.57665812
88 -591.89898682 -6.57665541
89 -591.91430664 -6.57682563
90 -591.88500977 -6.57650011
91 -591.85070801 -6.57611898
92 -591.80395508 -6.57559950
93 -591.79022217 -6.57544691
94 -591.79730225 -6.57552558
95 -591.82574463 -6.57584161
96 -591.75689697 -6.57507663
97 -591.73120117 -6.57479112
98 -591.70349121 -6.57448324
99 -591.66137695 -6.57401530
100 -591.67376709 -6.57415297
101 -591.64776611 -6.57386407
102 -591.61218262 -6.57346870
103 -591.61712646 -6.57352363
104 -591.62322998 -6.57359144
105 -591.62188721 -6.57357652
106 -591.61511230 -6.57350125
107 -591.62500000 -6.57361111
108 -591.60491943 -6.57338799
109 -591.57196045 -6.57302178
110 -591.55786133 -6.57286513
111 -591.57891846 -6.57309909
112 -591.55017090 -6.57277968
113 -591.54492188 -6.57272135
114 -591.56750488 -6.57297228
115 -591.55126953 -6.57279188
116 -591.50262451 -6.57225138
117 -591.51721191 -6.57241347
118 -591.49090576 -6.57212118
119 -591.53692627 -6.57263251
120 -591.52740479 -6.57252672
121 -591.46838379 -6.57187093
122 -591.49938965 -6.57221544
123 -591.49554443 -6.57217272
124 -591.42498779 -6.57138875
125 -591.42816162 -6.57142402
126 -591.35833740 -6.57064819
127 -591.36865234 -6.57076280
128 -591.38018799 -6.57089098
129 -591.39147949 -6.57101644
130 -591.35711670 -6.57063463
131 -591.30853271 -6.57009481
132 -591.26330566 -6.56959229
133 -591.24993896 -6.56944377
134 -591.24407959 -6.56937866
135 -591.27703857 -6.56974487
136 -591.29998779 -6.56999986
137 -591.28942871 -6.56988254
138 -591.26116943 -6.56956855
139 -591.25939941 -6.56954888
140 -591.24658203 -6.56940647
141 -591.22515869 -6.56916843
142 -591.19250488 -6.56880561
143 -591.22308350 -6.56914537
144 -591.20776367 -6.56897515
145 -591.25195312 -6.56946615
146 -591.27459717 -6.56971775
147 -591.27044678 -6.56967163
148 -591.23870850 -6.56931898
149 -591.27496338 -6.56972182
150 -591.23333740 -6.56925930
151 -591.23394775 -6.56926609
152 -591.29498291 -6.56994425
153 -591.27178955 -6.56968655
154 -591.24658203 -6.56940647
155 -591.24035645 -6.56933729
156 -591.25476074 -6.56949734
157 -591.22534180 -6.56917046
158 -591.19885254 -6.56887614
159 -591.22290039 -6.56914334
160 -591.27600098 -6.56973334
161 -591.28967285 -6.56988525
162 -591.26672363 -6.56963026
163 -591.21759033 -6.56908434
164 -591.18890381 -6.56876560
165 -591.18652344 -6.56873915
166 -591.17388916 -6.56859877
167 -591.17492676 -6.56861030
168 -591.11798096 -6.56797757
169 -591.11096191 -6.56789958
170 -591.03216553 -6.56702406
171 -590.96295166 -6.56625502
172 -590.93145752 -6.56590508
173 -590.86547852 -6.56517198
174 -590.82104492 -6.56467828
175 -590.79425049 -6.56438056
176 -590.71484375 -6.56349826
177 -590.71282959 -6.56347588
178 -590.74932861 -6.56388143
179 -590.75726318 -6.56396959
180 -590.70617676 -6.56340196
181 -590.66662598 -6.56296251
182 -590.60650635 -6.56229451
183 -590.58380127 -6.56204224
184 -590.48785400 -6.56097616
185 -590.47161865 -6.56079576
186 -590.50189209 -6.56113213
187 -590.49713135 -6.56107924
188 -590.44763184 -6.56052924
189 -590.45208740 -6.56057875
190 -590.46575928 -6.56073066
191 -590.46099854 -6.56067776
192 -590.46624756 -6.56073608
193 -590.42132568 -6.56023695
194 -590.43890381 -6.56043226
195 -590.46655273 -6.56073947
196 -590.41796875 -6.56019965
197 -590.43615723 -6.56040175
198 -590.40185547 -6.56002062
199 -590.32354736 -6.55915053
200 -590.37268066 -6.55969645
201 -590.36114502 -6.55956828
202 -590.36773682 -6.55964152
203 -590.40447998 -6.56004978
204 -590.37738037 -6.55974867
205 -590.37664795 -6.55974053
206 -590.36920166 -6.55965780
207 -590.35241699 -6.55947130
208 -590.33892822 -6.55932142
209 -590.30841064 -6.55898234
210 -590.36193848 -6.55957709
211 -590.35614014 -6.55951267
212 -590.33343506 -6.55926039
213 -590.36340332 -6.55959337
214 -590.30981445 -6.55899794
215 -590.31652832 -6.55907254
216 -590.33038330 -6.55922648
217 -590.35620117 -6.55951335
218 -590.35107422 -6.55945638
219 -590.30493164 -6.55894368
220 -590.37158203 -6.55968424
221 -590.37847900 -6.55976088
222 -590.30682373 -6.55896471
223 -590.33026123 -6.55922512
224 -590.30242920 -6.55891588
225 -590.24743652 -6.55830485
226 -590.19342041 -6.55770467
227 -590.15551758 -6.55728353
228 -590.14227295 -6.55713637
229 -590.11517334 -6.55683526
230 -590.16094971 -6.55734389
231 -590.08953857 -6.55655043
232 -590.08959961 -6.55655111
233 -590.06353760 -6.55626153
234 -590.07958984 -6.55643989
235 -590.06860352 -6.55631782
236 -590.05700684 -6.55618896
237 -590.10900879 -6.55676676
238 -590.14135742 -6.55712619
239 -590.12792969 -6.55697700
240 -590.13110352 -6.55701226
241 -590.15704346 -6.55730048
242 -590.16021729 -6.55733575
243 -590.09802246 -6.55664469
244 -590.05511475 -6.55616794
245 -590.04229736 -6.55602553
246 -590.05072021 -6.55611911
247 -590.03198242 -6.55591092
248 -590.01074219 -6.55567491
249 -590.01123047 -6.55568034
250 -589.99609375 -6.55551215
251 -589.96002197 -6.55511136
252 -589.92602539 -6.55473362
253 -589.97064209 -6.55522936
254 -589.97241211 -6.55524902
255 -589.93621826 -6.55484687
256 -589.90972900 -6.55455254
257 -589.93395996 -6.55482178
258 -589.92987061 -6.55477634
259 -589.93218994 -6.55480211
260 -589.97210693 -6.55524563
261 -589.98168945 -6.55535211
262 -589.95257568 -6.55502862
263 -589.95794678 -6.55508830
264 -589.98223877 -6.55535821
265 -589.96789551 -6.55519884
266 -589.97149658 -6.55523885
267 -589.96301270 -6.55514459
268 -589.91430664 -6.55460341
269 -589.92327881 -6.55470310
270 -589.93597412 -6.55484416
271 -589.92248535 -6.55469428
272 -589.85968018 -6.55399645
273 -589.87890625 -6.55421007
274 -589.85284424 -6.55392049
275 -589.78295898 -6.55314399
276 -589.73876953 -6.55265299
277 -589.73333740 -6.55259264
278 -589.67083740 -6.55189819
279 -589.69860840 -6.55220676
280 -589.77972412 -6.55310805
281 -589.76214600 -6.55291273
282 -589.76647949 -6.55296088
283 -589.73065186 -6.55256280
284 -589.79553223 -6.55328369
285 -589.67297363 -6.55192193
286 -589.70910645 -6.55232340
287 -589.69927979 -6.55221422
288 -589.74707031 -6.55274523
289 -589.76116943 -6.55290188
290 -589.79241943 -6.55324910
291 -589.78033447 -6.55311483
292 -589.73779297 -6.55264214
293 -589.69287109 -6.55214301
294 -589.69628906 -6.55218099
295 -589.61242676 -6.55124919
296 -589.57855225 -6.55087280
297 -589.60510254 -6.55116781
298 -589.63702393 -6.55152249
299 -589.59820557 -6.55109117
300 -589.52124023 -6.55023600
301 -589.53356934 -6.55037299
302 -589.63409424 -6.55148994
303 -589.68963623 -6.55210707
304 -589.70349121 -6.55226101
305 -589.66027832 -6.55178087
306 -589.65686035 -6.55174289
307 -589.64227295 -6.55158081
308 -589.63427734 -6.55149197
309 -589.55139160 -6.55057102
310 -589.52600098 -6.55028890
311 -589.51110840 -6.55012343
312 -589.45379639 -6.54948663
313 -589.40191650 -6.54891018
