0 -487.92654419 -6.59360195
1 -487.91351318 -6.59342585
2 -487.90368652 -6.59329306
3 -487.89849854 -6.59322295
4 -487.89331055 -6.59315285
5 -487.88861084 -6.59308934
6 -487.87539673 -6.59291077
7 -487.87155151 -6.59285880
8 -487.85815430 -6.59267776
9 -487.82827759 -6.59227402
10 -487.81982422 -6.59215979
11 -487.80554199 -6.59196678
12 -487.82302856 -6.59220309
13 -487.80358887 -6.59194039
14 -487.78756714 -6.59172388
15 -487.76742554 -6.59145170
16 -487.76647949 -6.59143891
17 -487.75210571 -6.59124467
18 -487.76248169 -6.59138489
19 -487.75164795 -6.59123849
20 -487.73611450 -6.59102857
21 -487.74206543 -6.59110899
22 -487.72204590 -6.59083846
23 -487.70339966 -6.59058648
24 -487.69647217 -6.59049287
25 -487.67568970 -6.59021202
26 -487.63708496 -6.58969034
27 -487.62594604 -6.58953981
28 -487.61471558 -6.58938805
29 -487.62591553 -6.58953940
30 -487.61331177 -6.58936908
31 -487.61340332 -6.58937032
32 -487.63461304 -6.58965693
33 -487.61636353 -6.58941032
34 -487.60171509 -6.58921237
35 -487.57211304 -6.58881234
36 -487.56140137 -6.58866759
37 -487.52117920 -6.58812404
38 -487.52136230 -6.58812652
39 -487.50567627 -6.58791454
40 -487.51773071 -6.58807744
41 -487.49179077 -6.58772690
42 -487.47103882 -6.58744647
43 -487.43878174 -6.58701056
44 -487.43688965 -6.58698500
45 -487.42880249 -6.58687571
46 -487.44509888 -6.58709593
47 -487.42703247 -6.58685179
48 -487.40933228 -6.58661260
49 -487.38104248 -6.58623030
50 -487.38610840 -6.58629876
51 -487.38955688 -6.58634536
52 -487.36190796 -6.58597173
53 -487.39184570 -6.58637629
54 -487.39624023 -6.58643568
55 -487.37362671 -6.58613009
56 -487.38919067 -6.58634041
57 -487.39239502 -6.58638372
58 -487.40512085 -6.58655569
59 -487.41027832 -6.58662538
60 -487.39498901 -6.58641877
61 -487.36660767 -6.58603524
62 -487.37277222 -6.58611854
63 -487.34326172 -6.58571975
64 -487.37118530 -6.58609710
65 -487.31616211 -6.58535354
66 -487.27490234 -6.58479598
67 -487.24993896 -6.58445863
68 -487.25262451 -6.58449493
69 -487.27636719 -6.58481577
70 -487.27496338 -6.58479680
71 -487.25994873 -6.58459390
72 -487.20849609 -6.58389860
73 -487.18292236 -6.58355300
74 -487.17059326 -6.58338640
75 -487.17587280 -6.58345774
76 -487.17654419 -6.58346681
77 -487.15844727 -6.58322226
78 -487.10797119 -6.58254015
79 -487.08380127 -6.58221353
80 -487.08560181 -6.58223786
81 -487.00698853 -6.58117552
82 -486.99652100 -6.58103407
83 -486.93426514 -6.58019277
84 -486.90338135 -6.57977542
85 -486.89776611 -6.57969954
86 -486.93405151 -6.58018989
87 -486.92514038 -6.58006946
88 -486.89971924 -6.57972594
89 -486.89349365 -6.57964181
90 -486.92977905 -6.58013215
91 -486.90969849 -6.57986079
92 -486.88742065 -6.57955974
93 -486.83258057 -6.57881866
94 -486.81665039 -6.57860338
95 -486.82473755 -6.57871267
96 -486.79003906 -6.57824377
97 -486.74697876 -6.57766188
98 -486.68438721 -6.57681604
99 -486.70254517 -6.57706142
100 -486.69183350 -6.57691667
101 -486.66195679 -6.57651293
102 -486.63906860 -6.57620363
103 -486.61914062 -6.57593433
104 -486.61703491 -6.57590588
105 -486.57046509 -6.57527656
106 -486.58450317 -6.57546626
107 -486.55798340 -6.57510788
108 -486.57168579 -6.57529305
109 -486.57861328 -6.57538667
110 -486.55404663 -6.57505468
111 -486.55175781 -6.57502375
112 -486.53823853 -6.57484106
113 -486.56259155 -6.57517016
114 -486.54306030 -6.57490622
115 -486.55117798 -6.57501592
116 -486.51330566 -6.57450413
117 -486.51864624 -6.57457630
118 -486.53939819 -6.57485673
119 -486.51782227 -6.57456517
120 -486.52255249 -6.57462909
121 -486.54092407 -6.57487735
122 -486.54846191 -6.57497922
123 -486.52606201 -6.57467651
124 -486.49053955 -6.57419648
125 -486.46557617 -6.57385914
126 -486.50112915 -6.57433958
127 -486.52288818 -6.57463362
128 -486.57339478 -6.57531615
129 -486.49697876 -6.57428350
130 -486.48840332 -6.57416761
131 -486.47909546 -6.57404183
132 -486.43832397 -6.57349086
133 -486.42147827 -6.57326322
134 -486.45529175 -6.57372016
135 -486.42257690 -6.57327807
136 -486.44671631 -6.57360427
137 -486.46832275 -6.57389625
138 -486.46343994 -6.57383027
139 -486.44906616 -6.57363603
140 -486.40399170 -6.57302691
141 -486.39404297 -6.57289247
142 -486.38638306 -6.57278896
143 -486.35678101 -6.57238893
144 -486.35162354 -6.57231924
145 -486.30908203 -6.57174435
146 -486.28701782 -6.57144619
147 -486.31878662 -6.57187549
148 -486.29327393 -6.57153073
149 -486.31466675 -6.57181982
150 -486.30273438 -6.57165857
151 -486.25744629 -6.57104657
152 -486.24197388 -6.57083748
153 -486.20660400 -6.57035951
154 -486.16781616 -6.56983535
155 -486.15530396 -6.56966627
156 -486.14343262 -6.56950585
157 -486.11328125 -6.56909840
158 -486.06384277 -6.56843031
159 -485.99047852 -6.56743890
160 -486.03884888 -6.56809255
161 -486.02178955 -6.56786202
162 -485.95230103 -6.56692299
163 -485.97604370 -6.56724383
164 -485.92269897 -6.56652296
165 -485.89773560 -6.56618562
166 -485.83047485 -6.56527669
167 -485.86206055 -6.56570352
168 -485.87332153 -6.56585570
169 -485.78607178 -6.56467665
170 -485.81320190 -6.56504327
171 -485.82589722 -6.56521483
172 -485.85122681 -6.56555712
173 -485.84329224 -6.56544990
174 -485.86389160 -6.56572826
175 -485.85159302 -6.56556207
176 -485.83743286 -6.56537071
177 -485.73074341 -6.56392896
178 -485.67672729 -6.56319902
179 -485.64553833 -6.56277755
180 -485.62020874 -6.56243525
181 -485.50454712 -6.56087226
182 -485.52987671 -6.56121455
183 -485.52404785 -6.56113578
184 -485.49954224 -6.56080462
185 -485.53524780 -6.56128713
186 -485.49749756 -6.56077699
187 -485.45678711 -6.56022685
188 -485.52966309 -6.56121166
189 -485.51846313 -6.56106031
190 -485.49383545 -6.56072751
191 -485.51809692 -6.56105536
192 -485.47119141 -6.56042151
193 -485.45065308 -6.56014396
194 -485.47189331 -6.56043099
195 -485.38290405 -6.55922843
196 -485.38177490 -6.55921317
197 -485.36529541 -6.55899048
198 -485.36798096 -6.55902677
199 -485.42089844 -6.55974187
200 -485.44436646 -6.56005901
201 -485.44021606 -6.56000292
202 -485.46212769 -6.56029902
203 -485.52160645 -6.56110279
204 -485.53805542 -6.56132507
205 -485.51824951 -6.56105743
206 -485.54333496 -6.56139642
207 -485.51452637 -6.56100711
208 -485.53662109 -6.56130569
209 -485.52465820 -6.56114403
210 -485.52816772 -6.56119146
211 -485.53720093 -6.56131353
212 -485.51742554 -6.56104629
213 -485.48495483 -6.56060750
214 -485.45678711 -6.56022685
215 -485.41375732 -6.55964537
216 -485.41210938 -6.55962310
217 -485.47064209 -6.56041408
218 -485.44180298 -6.56002436
219 -485.49804688 -6.56078442
220 -485.50097656 -6.56082401
221 -485.46240234 -6.56030273
222 -485.39147949 -6.55934432
223 -485.43167114 -6.55988745
224 -485.33764648 -6.55861684
225 -485.35144043 -6.55880325
226 -485.36221313 -6.55894883
227 -485.35073853 -6.55879376
228 -485.26934814 -6.55769389
229 -485.24511719 -6.55736645
230 -485.23477173 -6.55722664
231 -485.29058838 -6.55798092
232 -485.24722290 -6.55739490
233 -485.24478149 -6.55736191
234 -485.24856567 -6.55741305
235 -485.24438477 -6.55735655
236 -485.19110107 -6.55663650
237 -485.13391113 -6.55586366
238 -485.15649414 -6.55616884
239 -485.16650391 -6.55630411
240 -485.19714355 -6.55671816
241 -485.16195679 -6.55624266
242 -485.17480469 -6.55641628
243 -485.14843750 -6.55605997
244 -485.06491089 -6.55493123
245 -485.08160400 -6.55515681
246 -485.04302979 -6.55463554
247 -485.08959961 -6.55526486
248 -485.03610229 -6.55454192
249 -485.01812744 -6.55429902
250 -485.02343750 -6.55437078
251 -485.00430298 -6.55411220
252 -485.05429077 -6.55478771
253 -485.11804199 -6.55564922
254 -485.13931274 -6.55593666
255 -485.16494751 -6.55628307
256 -485.13806152 -6.55591975
257 -485.11782837 -6.55564633
258 -485.07315063 -6.55504258
259 -485.01333618 -6.55423427
260 -485.02099609 -6.55433779
261 -484.99090576 -6.55393116
262 -484.91122437 -6.55285438
263 -484.90383911 -6.55275458
264 -484.83691406 -6.55185019
265 -484.81274414 -6.55152357
266 -484.80844116 -6.55146542
267 -484.72744751 -6.55037091
268 -484.73226929 -6.55043607
269 -484.74459839 -6.55060268
270 -484.71179199 -6.55015935
271 -484.65380859 -6.54937579
272 -484.65255737 -6.54935888
273 -484.60607910 -6.54873080
274 -484.60867310 -6.54876585
275 -484.61047363 -6.54879018
276 -484.56332397 -6.54815303
277 -484.46792603 -6.54686387
278 -484.37411499 -6.54559615
279 -484.35345459 -6.54531695
280 -484.32385254 -6.54491693
281 -484.26412964 -6.54410986
282 -484.26422119 -6.54411110
283 -484.26724243 -6.54415192
284 -484.23892212 -6.54376922
285 -484.23443604 -6.54370860
286 -484.26104736 -6.54406821
287 -484.16091919 -6.54271512
288 -484.16644287 -6.54278977
289 -484.18008423 -6.54297411
290 -484.12384033 -6.54221406
291 -484.17630005 -6.54292297
292 -484.15106201 -6.54258192
293 -484.19107056 -6.54312258
294 -484.21255493 -6.54341290
295 -484.12026978 -6.54216581
296 -484.08547974 -6.54169567
297 -484.10437012 -6.54195095
298 -484.13412476 -6.54235304
299 -484.13748169 -6.54239840
300 -484.05120850 -6.54123255
301 -484.10018921 -6.54189445
302 -484.07586670 -6.54156577
303 -483.94171143 -6.53975286
304 -483.94442749 -6.53978956
305 -483.86614990 -6.53873176
306 -483.97271729 -6.54017186
307 -483.96179199 -6.54002422
308 -483.85473633 -6.53857752
309 -483.89730835 -6.53915282
310 -483.83499146 -6.53831070
311 -483.80572510 -6.53791520
312 -483.76126099 -6.53731434
313 -483.76452637 -6.53735846
314 -483.73623657 -6.53697617
315 -483.74282837 -6.53706525
316 -483.67144775 -6.53610065
317 -483.66928101 -6.53607136
