0 -634.53710938 -6.34537109
1 -634.51971436 -6.34519714
2 -634.47656250 -6.34476562
3 -634.45166016 -6.34451660
4 -634.42474365 -6.34424744
5 -634.41070557 -6.34410706
6 -634.37005615 -6.34370056
7 -634.32073975 -6.34320740
8 -634.27032471 -6.34270325
9 -634.20361328 -6.34203613
10 -634.16949463 -6.34169495
11 -634.07537842 -6.34075378
12 -633.99407959 -6.33994080
13 -633.92065430 -6.33920654
14 -633.84790039 -6.33847900
15 -633.77978516 -6.33779785
16 -633.70776367 -6.33707764
17 -633.61334229 -6.33613342
18 -633.50952148 -6.33509521
19 -633.53375244 -6.33533752
20 -633.44421387 -6.33444214
21 -633.40991211 -6.33409912
22 -633.37011719 -6.33370117
23 -633.24121094 -6.33241211
24 -633.22625732 -6.33226257
25 -633.09820557 -6.33098206
26 -633.13854980 -6.33138550
27 -633.17889404 -6.33178894
28 -633.08886719 -6.33088867
29 -632.95410156 -6.32954102
30 -633.04113770 -6.33041138
31 -632.96923828 -6.32969238
32 -632.96948242 -6.32969482
33 -632.89172363 -6.32891724
34 -632.71081543 -6.32710815
35 -632.61132812 -6.32611328
36 -632.54943848 -6.32549438
37 -632.54522705 -6.32545227
38 -632.39483643 -6.32394836
39 -632.42895508 -6.32428955
40 -632.44647217 -6.32446472
41 -632.47021484 -6.32470215
42 -632.53100586 -6.32531006
43 -632.42028809 -6.32420288
44 -632.42846680 -6.32428467
45 -632.34252930 -6.32342529
46 -632.28613281 -6.32286133
47 -632.14160156 -6.32141602
48 -631.99902344 -6.31999023
49 -632.16430664 -6.32164307
50 -632.09289551 -6.32092896
51 -632.10815430 -6.32108154
52 -632.05419922 -6.32054199
53 -632.10656738 -6.32106567
54 -632.09619141 -6.32096191
55 -632.18701172 -6.32187012
56 -632.13128662 -6.32131287
57 -632.09747314 -6.32097473
58 -632.12670898 -6.32126709
59 -632.17626953 -6.32176270
60 -632.10430908 -6.32104309
61 -631.99938965 -6.31999390
62 -631.81457520 -6.31814575
63 -631.61035156 -6.31610352
64 -631.55975342 -6.31559753
65 -631.46563721 -6.31465637
66 -631.41381836 -6.31413818
67 -631.40869141 -6.31408691
68 -631.51562500 -6.31515625
69 -631.43872070 -6.31438721
70 -631.41687012 -6.31416870
71 -631.38293457 -6.31382935
72 -631.31066895 -6.31310669
73 -631.22882080 -6.31228821
74 -631.19244385 -6.31192444
75 -631.18273926 -6.31182739
76 -631.06134033 -6.31061340
77 -631.00134277 -6.31001343
78 -630.97485352 -6.30974854
79 -631.03576660 -6.31035767
80 -630.92846680 -6.30928467
81 -630.87835693 -6.30878357
82 -630.90155029 -6.30901550
83 -630.94274902 -6.30942749
84 -630.91094971 -6.30910950
85 -630.98974609 -6.30989746
86 -631.05822754 -6.31058228
87 -630.99145508 -6.30991455
88 -631.06079102 -6.31060791
89 -630.99560547 -6.30995605
90 -630.94311523 -6.30943115
91 -630.81420898 -6.30814209
92 -630.72314453 -6.30723145
93 -630.69000244 -6.30690002
94 -630.62158203 -6.30621582
95 -630.66967773 -6.30669678
96 -630.72973633 -6.30729736
97 -630.50994873 -6.30509949
98 -630.26306152 -6.30263062
99 -630.10284424 -6.30102844
100 -630.30438232 -6.30304382
101 -630.15734863 -6.30157349
102 -630.04589844 -6.30045898
103 -630.09277344 -6.30092773
104 -630.16583252 -6.30165833
105 -630.12835693 -6.30128357
106 -629.98937988 -6.29989380
107 -629.78875732 -6.29788757
108 -629.72357178 -6.29723572
109 -629.64611816 -6.29646118
110 -629.61621094 -6.29616211
111 -629.36779785 -6.29367798
112 -629.30047607 -6.29300476
113 -629.32879639 -6.29328796
114 -629.19226074 -6.29192261
115 -629.22564697 -6.29225647
116 -629.13464355 -6.29134644
117 -629.24304199 -6.29243042
118 -629.31201172 -6.29312012
119 -629.22094727 -6.29220947
120 -629.11529541 -6.29115295
121 -628.95092773 -6.28950928
122 -628.58306885 -6.28583069
123 -628.42712402 -6.28427124
124 -628.03948975 -6.28039490
125 -627.93353271 -6.27933533
126 -628.01232910 -6.28012329
127 -627.92773438 -6.27927734
128 -627.96423340 -6.27964233
129 -628.10729980 -6.28107300
130 -628.08740234 -6.28087402
131 -628.16326904 -6.28163269
132 -628.18255615 -6.28182556
133 -628.22698975 -6.28226990
134 -627.68536377 -6.27685364
135 -627.61468506 -6.27614685
136 -627.29589844 -6.27295898
137 -626.93670654 -6.26936707
138 -626.96014404 -6.26960144
139 -626.77911377 -6.26779114
140 -626.72705078 -6.26727051
141 -626.33569336 -6.26335693
142 -626.10705566 -6.26107056
143 -626.23596191 -6.26235962
144 -625.87457275 -6.25874573
145 -625.63702393 -6.25637024
146 -625.69403076 -6.25694031
147 -625.51611328 -6.25516113
148 -625.33923340 -6.25339233
149 -625.40576172 -6.25405762
150 -625.32891846 -6.25328918
151 -625.46789551 -6.25467896
152 -625.03900146 -6.25039001
153 -625.02105713 -6.25021057
154 -624.91479492 -6.24914795
155 -625.08807373 -6.25088074
156 -624.90930176 -6.24909302
157 -624.93615723 -6.24936157
158 -624.75512695 -6.24755127
159 -624.75109863 -6.24751099
160 -624.72583008 -6.24725830
161 -624.92132568 -6.24921326
162 -624.52789307 -6.24527893
163 -624.70458984 -6.24704590
164 -624.26129150 -6.24261292
165 -624.07312012 -6.24073120
166 -623.93341064 -6.23933411
167 -623.60180664 -6.23601807
168 -623.40100098 -6.23401001
169 -623.72845459 -6.23728455
170 -623.81158447 -6.23811584
171 -623.80529785 -6.23805298
172 -623.41857910 -6.23418579
173 -623.29174805 -6.23291748
174 -622.47753906 -6.22477539
175 -622.21533203 -6.22215332
176 -621.62933350 -6.21629333
177 -621.60931396 -6.21609314
178 -621.65484619 -6.21654846
179 -621.58551025 -6.21585510
180 -621.75396729 -6.21753967
181 -622.18499756 -6.22184998
182 -622.16760254 -6.22167603
183 -622.03131104 -6.22031311
184 -621.95513916 -6.21955139
185 -621.59606934 -6.21596069
186 -621.04772949 -6.21047729
187 -621.00213623 -6.21002136
188 -620.74090576 -6.20740906
189 -621.10736084 -6.21107361
190 -620.46069336 -6.20460693
191 -619.56591797 -6.19565918
192 -619.70422363 -6.19704224
193 -619.38952637 -6.19389526
194 -618.86767578 -6.18867676
195 -618.20825195 -6.18208252
196 -617.87921143 -6.17879211
197 -618.20391846 -6.18203918
198 -618.22546387 -6.18225464
199 -617.64593506 -6.17645935
200 -617.68737793 -6.17687378
201 -617.81225586 -6.17812256
202 -617.68872070 -6.17688721
203 -617.49420166 -6.17494202
204 -617.80657959 -6.17806580
205 -617.65698242 -6.17656982
206 -617.49645996 -6.17496460
207 -617.33239746 -6.17332397
208 -617.19207764 -6.17192078
209 -616.68798828 -6.16687988
210 -616.44250488 -6.16442505
211 -616.39282227 -6.16392822
212 -616.17028809 -6.16170288
213 -616.13391113 -6.16133911
214 -616.22363281 -6.16223633
215 -615.42089844 -6.15420898
216 -614.89233398 -6.14892334
217 -614.70300293 -6.14703003
218 -614.50769043 -6.14507690
219 -614.49243164 -6.14492432
220 -614.34924316 -6.14349243
221 -613.40130615 -6.13401306
222 -613.29003906 -6.13290039
223 -613.25231934 -6.13252319
224 -612.69958496 -6.12699585
225 -612.77307129 -6.12773071
226 -613.58081055 -6.13580811
227 -613.65435791 -6.13654358
228 -614.33068848 -6.14330688
229 -613.91351318 -6.13913513
230 -613.52868652 -6.13528687
231 -613.08758545 -6.13087585
232 -612.69262695 -6.12692627
233 -612.36560059 -6.12365601
234 -612.60339355 -6.12603394
235 -612.19683838 -6.12196838
236 -611.63745117 -6.11637451
237 -611.55279541 -6.11552795
238 -611.36798096 -6.11367981
239 -611.18090820 -6.11180908
240 -610.99249268 -6.10992493
241 -611.20123291 -6.11201233
242 -611.54943848 -6.11549438
243 -610.68457031 -6.10684570
244 -611.17089844 -6.11170898
245 -610.93493652 -6.10934937
246 -610.51898193 -6.10518982
247 -611.00415039 -6.11004150
248 -611.53851318 -6.11538513
249 -611.30993652 -6.11309937
250 -611.04180908 -6.11041809
251 -611.66491699 -6.11664917
252 -611.07104492 -6.11071045
253 -610.35699463 -6.10356995
254 -609.79101562 -6.09791016
255 -609.63549805 -6.09635498
256 -609.87176514 -6.09871765
257 -608.95947266 -6.08959473
258 -608.47088623 -6.08470886
259 -608.50134277 -6.08501343
260 -608.26489258 -6.08264893
261 -607.47680664 -6.07476807
262 -607.63836670 -6.07638367
263 -606.99841309 -6.06998413
264 -608.02416992 -6.08024170
265 -606.85662842 -6.06856628
266 -606.01989746 -6.06019897
267 -605.82562256 -6.05825623
268 -605.95349121 -6.05953491
269 -605.41723633 -6.05417236
270 -605.10162354 -6.05101624
271 -604.87426758 -6.04874268
272 -604.85687256 -6.04856873
273 -604.30389404 -6.04303894
274 -604.50488281 -6.04504883
275 -605.20660400 -6.05206604
276 -605.38452148 -6.05384521
277 -605.67321777 -6.05673218
278 -604.68481445 -6.04684814
279 -604.97241211 -6.04972412
280 -605.30444336 -6.05304443
281 -605.51281738 -6.05512817
282 -606.34729004 -6.06347290
283 -606.22167969 -6.06221680
284 -605.50506592 -6.05505066
285 -604.63732910 -6.04637329
286 -604.56738281 -6.04567383
287 -604.38079834 -6.04380798
288 -604.03967285 -6.04039673
289 -602.99316406 -6.02993164
290 -603.54663086 -6.03546631
291 -602.12561035 -6.02125610
292 -602.15881348 -6.02158813
293 -601.85852051 -6.01858521
294 -601.85333252 -6.01853333
295 -602.05487061 -6.02054871
296 -601.70910645 -6.01709106
297 -602.02947998 -6.02029480
298 -600.99761963 -6.00997620
299 -601.47485352 -6.01474854
300 -601.67877197 -6.01678772
301 -601.95190430 -6.01951904
302 -601.76458740 -6.01764587
303 -601.66442871 -6.01664429
304 -601.66522217 -6.01665222
305 -601.37786865 -6.01377869
306 -602.12463379 -6.02124634
307 -601.29302979 -6.01293030
308 -601.13323975 -6.01133240
309 -601.62805176 -6.01628052
310 -600.54119873 -6.00541199
311 -599.59942627 -5.99599426
312 -599.00848389 -5.99008484
313 -598.93847656 -5.98938477
314 -598.47521973 -5.98475220
315 -597.47888184 -5.97478882
316 -598.65405273 -5.98654053
317 -598.97473145 -5.98974731
318 -598.66625977 -5.98666260
319 -597.29101562 -5.97291016
320 -597.96527100 -5.97965271
321 -597.48004150 -5.97480042
322 -598.48583984 -5.98485840
323 -597.57849121 -5.97578491
324 -597.21820068 -5.97218201
325 -597.97521973 -5.97975220
326 -597.77795410 -5.97777954
327 -597.20520020 -5.97205200
328 -597.30450439 -5.97304504
329 -598.12048340 -5.98120483
330 -596.76953125 -5.96769531
331 -597.46655273 -5.97466553
332 -596.55505371 -5.96555054
333 -595.22607422 -5.95226074
334 -595.00781250 -5.95007813
335 -595.59393311 -5.95593933
336 -594.51617432 -5.94516174
337 -594.04437256 -5.94044373
338 -594.11993408 -5.94119934
339 -593.19976807 -5.93199768
340 -594.20849609 -5.94208496
341 -594.03479004 -5.94034790
342 -595.23211670 -5.95232117
343 -594.76623535 -5.94766235
344 -592.97937012 -5.92979370
345 -593.23992920 -5.93239929
346 -593.72271729 -5.93722717
347 -593.63122559 -5.93631226
348 -593.81555176 -5.93815552
349 -594.71850586 -5.94718506
350 -594.67443848 -5.94674438
351 -594.44372559 -5.94443726
352 -594.91442871 -5.94914429
353 -594.28247070 -5.94282471
354 -594.69171143 -5.94691711
355 -594.94793701 -5.94947937
356 -595.06683350 -5.95066833
357 -596.12921143 -5.96129211
358 -596.87072754 -5.96870728
359 -596.87554932 -5.96875549
360 -597.00622559 -5.97006226
361 -596.52801514 -5.96528015
362 -596.30120850 -5.96301208
363 -595.66662598 -5.95666626
364 -595.82324219 -5.95823242
365 -596.55792236 -5.96557922
366 -596.18542480 -5.96185425
367 -596.16180420 -5.96161804
368 -595.34698486 -5.95346985
369 -595.10021973 -5.95100220
370 -593.73437500 -5.93734375
371 -592.18853760 -5.92188538
372 -592.14392090 -5.92143921
373 -591.90747070 -5.91907471
374 -591.30603027 -5.91306030
375 -592.16735840 -5.92167358
376 -591.46838379 -5.91468384
377 -591.11474609 -5.91114746
378 -592.62463379 -5.92624634
379 -593.31713867 -5.93317139
380 -594.71569824 -5.94715698
381 -594.68945312 -5.94689453
382 -593.58190918 -5.93581909
383 -593.51586914 -5.93515869
384 -593.69836426 -5.93698364
385 -594.07226562 -5.94072266
386 -593.63482666 -5.93634827
387 -593.63128662 -5.93631287
388 -593.10980225 -5.93109802
389 -592.91784668 -5.92917847
390 -592.31909180 -5.92319092
391 -591.37402344 -5.91374023
392 -590.42401123 -5.90424011
393 -591.07775879 -5.91077759
394 -591.12371826 -5.91123718
395 -590.08837891 -5.90088379
396 -588.94451904 -5.88944519
397 -588.01940918 -5.88019409
398 -588.34350586 -5.88343506
399 -588.58068848 -5.88580688
400 -587.60900879 -5.87609009
401 -587.73120117 -5.87731201
402 -587.38690186 -5.87386902
403 -586.97259521 -5.86972595
404 -585.77111816 -5.85771118
405 -584.84179688 -5.84841797
406 -585.48437500 -5.85484375
407 -586.08026123 -5.86080261
408 -585.18334961 -5.85183350
409 -583.92346191 -5.83923462
410 -582.30932617 -5.82309326
411 -582.12591553 -5.82125916
412 -582.78137207 -5.82781372
413 -583.29235840 -5.83292358
414 -583.43402100 -5.83434021
415 -582.66003418 -5.82660034
416 -581.38232422 -5.81382324
417 -579.13494873 -5.79134949
418 -579.27313232 -5.79273132
419 -578.58233643 -5.78582336
420 -577.67254639 -5.77672546
421 -578.04406738 -5.78044067
422 -578.97888184 -5.78978882
423 -578.54406738 -5.78544067
424 -578.94097900 -5.78940979
425 -577.69024658 -5.77690247
426 -578.25744629 -5.78257446
427 -579.07147217 -5.79071472
428 -578.92779541 -5.78927795
429 -577.86584473 -5.77865845
430 -577.81555176 -5.77815552
431 -577.50469971 -5.77504700
432 -575.85034180 -5.75850342
433 -574.88000488 -5.74880005
434 -573.84436035 -5.73844360
435 -574.10516357 -5.74105164
436 -574.24340820 -5.74243408
437 -573.69665527 -5.73696655
438 -573.18457031 -5.73184570
439 -573.34796143 -5.73347961
440 -573.64758301 -5.73647583
441 -573.64038086 -5.73640381
442 -574.56939697 -5.74569397
443 -575.07806396 -5.75078064
444 -574.44256592 -5.74442566
445 -574.21728516 -5.74217285
446 -572.08813477 -5.72088135
447 -572.89025879 -5.72890259
448 -571.50219727 -5.71502197
449 -573.00927734 -5.73009277
450 -571.50146484 -5.71501465
451 -570.62487793 -5.70624878
452 -570.82763672 -5.70827637
453 -571.65112305 -5.71651123
454 -570.72741699 -5.70727417
455 -569.48620605 -5.69486206
456 -567.42108154 -5.67421082
457 -569.31427002 -5.69314270
458 -569.22180176 -5.69221802
459 -568.13073730 -5.68130737
460 -567.47949219 -5.67479492
461 -564.73541260 -5.64735413
462 -564.97149658 -5.64971497
463 -564.26513672 -5.64265137
464 -564.96527100 -5.64965271
465 -565.51354980 -5.65513550
466 -565.34619141 -5.65346191
467 -565.63311768 -5.65633118
468 -564.93804932 -5.64938049
469 -565.52050781 -5.65520508
470 -565.28424072 -5.65284241
471 -566.55798340 -5.66557983
472 -563.70690918 -5.63706909
473 -562.56268311 -5.62562683
474 -562.77917480 -5.62779175
475 -564.33435059 -5.64334351
476 -561.10858154 -5.61108582
477 -559.29327393 -5.59293274
478 -561.98760986 -5.61987610
479 -559.07458496 -5.59074585
480 -558.14611816 -5.58146118
481 -557.44836426 -5.57448364
482 -556.95098877 -5.56950989
