0 -696.88134766 -7.11103416
1 -696.87255859 -7.11094448
2 -696.85833740 -7.11079936
3 -696.84124756 -7.11062498
4 -696.83508301 -7.11056207
5 -696.82519531 -7.11046118
6 -696.81262207 -7.11033288
7 -696.79736328 -7.11017718
8 -696.79736328 -7.11017718
9 -696.77490234 -7.10994798
10 -696.74725342 -7.10966585
11 -696.71508789 -7.10933763
12 -696.69891357 -7.10917259
13 -696.69116211 -7.10909349
14 -696.67095947 -7.10888734
15 -696.65014648 -7.10867496
16 -696.59838867 -7.10814682
17 -696.58044434 -7.10796372
18 -696.55139160 -7.10766726
19 -696.52478027 -7.10739572
20 -696.50354004 -7.10717898
21 -696.47900391 -7.10692861
22 -696.44036865 -7.10653437
23 -696.39416504 -7.10606291
24 -696.37097168 -7.10582624
25 -696.36743164 -7.10579012
26 -696.30334473 -7.10513617
27 -696.32324219 -7.10533921
28 -696.30236816 -7.10512621
29 -696.27099609 -7.10480608
30 -696.23297119 -7.10441807
31 -696.26202393 -7.10471453
32 -696.20800781 -7.10416335
33 -696.17303467 -7.10380648
34 -696.14617920 -7.10353244
35 -696.15112305 -7.10358289
36 -696.13702393 -7.10343902
37 -696.09576416 -7.10301800
38 -696.06427002 -7.10269663
39 -696.03088379 -7.10235596
40 -696.01171875 -7.10216040
41 -695.97021484 -7.10173689
42 -695.98638916 -7.10190193
43 -695.95788574 -7.10161108
44 -695.93194580 -7.10134639
45 -695.86090088 -7.10062144
46 -695.82855225 -7.10029135
47 -695.83123779 -7.10031875
48 -695.78881836 -7.09988590
49 -695.77703857 -7.09976570
50 -695.76080322 -7.09960003
51 -695.71997070 -7.09918337
52 -695.72314453 -7.09921576
53 -695.70690918 -7.09905009
54 -695.63208008 -7.09828653
55 -695.62695312 -7.09823422
56 -695.61041260 -7.09806543
57 -695.56854248 -7.09763819
58 -695.55914307 -7.09754228
59 -695.50189209 -7.09695808
60 -695.46459961 -7.09657755
61 -695.41192627 -7.09604006
62 -695.37194824 -7.09563212
63 -695.38464355 -7.09576167
64 -695.35656738 -7.09547518
65 -695.34997559 -7.09540791
66 -695.29791260 -7.09487666
67 -695.26849365 -7.09457647
68 -695.15948486 -7.09346413
69 -695.10986328 -7.09295779
70 -695.11956787 -7.09305682
71 -695.10455322 -7.09290360
72 -695.18658447 -7.09374066
73 -695.20770264 -7.09395615
74 -695.16125488 -7.09348219
75 -695.18408203 -7.09371512
76 -695.14306641 -7.09329660
77 -695.12988281 -7.09316207
78 -695.07897949 -7.09264265
79 -695.07415771 -7.09259345
80 -695.10302734 -7.09288803
81 -695.12048340 -7.09306616
82 -695.06579590 -7.09250812
83 -695.09869385 -7.09284381
84 -695.05072021 -7.09235429
85 -695.00897217 -7.09192829
86 -694.97357178 -7.09156706
87 -694.98388672 -7.09167231
88 -694.94561768 -7.09128181
89 -694.88397217 -7.09065278
90 -694.82055664 -7.09000568
91 -694.83227539 -7.09012526
92 -694.83563232 -7.09015951
93 -694.78649902 -7.08965815
94 -694.66101074 -7.08837766
95 -694.63146973 -7.08807622
96 -694.63220215 -7.08808370
97 -694.59423828 -7.08769631
98 -694.53527832 -7.08709468
99 -694.43597412 -7.08608137
100 -694.37500000 -7.08545918
101 -694.33508301 -7.08505187
102 -694.34655762 -7.08516896
103 -694.39282227 -7.08564104
104 -694.45733643 -7.08629935
105 -694.37780762 -7.08548783
106 -694.29174805 -7.08460967
107 -694.28698730 -7.08456109
108 -694.33929443 -7.08509484
109 -694.30358887 -7.08473050
110 -694.25207520 -7.08420485
111 -694.23541260 -7.08403482
112 -694.17956543 -7.08346495
113 -694.18200684 -7.08348987
114 -694.11376953 -7.08279357
115 -694.07202148 -7.08236757
116 -694.10003662 -7.08265343
117 -694.11309814 -7.08278672
118 -694.10375977 -7.08269143
119 -694.10571289 -7.08271136
120 -694.11108398 -7.08276616
121 -693.99102783 -7.08154110
122 -694.00183105 -7.08165134
123 -694.08441162 -7.08249400
124 -694.02349854 -7.08187243
125 -693.94598389 -7.08108147
126 -693.91705322 -7.08078626
127 -693.84973145 -7.08009930
128 -693.79412842 -7.07953192
129 -693.72760010 -7.07885306
130 -693.60107422 -7.07756198
131 -693.54541016 -7.07699398
132 -693.38726807 -7.07538029
133 -693.24200439 -7.07389800
134 -693.22363281 -7.07371054
135 -693.17919922 -7.07325713
136 -693.17382812 -7.07320233
137 -693.03332520 -7.07176862
138 -692.99761963 -7.07140428
139 -692.83831787 -7.06977875
140 -692.67333984 -7.06809530
141 -692.59167480 -7.06726199
142 -692.62359619 -7.06758772
143 -692.50286865 -7.06635580
144 -692.41870117 -7.06549695
145 -692.42962646 -7.06560843
146 -692.38629150 -7.06516624
147 -692.34912109 -7.06478695
148 -692.31109619 -7.06439894
149 -692.26660156 -7.06394491
150 -692.24401855 -7.06371448
151 -692.03662109 -7.06159817
152 -691.86132812 -7.05980947
153 -691.67919922 -7.05795101
154 -691.65429688 -7.05769691
155 -691.66644287 -7.05782085
156 -691.58386230 -7.05697819
157 -691.62353516 -7.05738301
158 -691.44506836 -7.05556192
159 -691.35266113 -7.05461899
160 -691.06640625 -7.05169802
161 -691.00439453 -7.05106525
162 -691.06323242 -7.05166564
163 -690.90374756 -7.05003824
164 -690.88604736 -7.04985763
165 -690.86010742 -7.04959293
166 -690.69360352 -7.04789391
167 -690.65655518 -7.04751587
168 -690.57379150 -7.04667134
169 -690.58306885 -7.04676601
170 -690.51593018 -7.04608092
171 -690.45300293 -7.04543881
172 -690.37030029 -7.04459490
173 -690.22351074 -7.04309705
174 -690.03161621 -7.04113894
175 -689.84973145 -7.03928297
176 -689.90112305 -7.03980738
177 -689.69842529 -7.03773903
178 -689.59863281 -7.03672074
179 -689.45147705 -7.03521915
180 -689.63928223 -7.03713553
181 -689.48937988 -7.03560592
182 -689.31756592 -7.03385271
183 -689.04815674 -7.03110364
184 -688.89697266 -7.02956095
185 -688.79266357 -7.02849657
186 -688.64752197 -7.02701553
187 -688.54656982 -7.02598541
188 -688.44702148 -7.02496961
189 -688.53100586 -7.02582659
190 -688.64477539 -7.02698750
191 -688.57104492 -7.02623515
192 -688.44360352 -7.02493473
193 -688.46765137 -7.02518012
194 -688.46820068 -7.02518572
195 -688.30401611 -7.02351037
196 -688.42132568 -7.02470740
197 -688.33044434 -7.02378004
198 -688.01129150 -7.02052338
199 -687.89611816 -7.01934814
200 -687.81201172 -7.01848992
201 -687.91613770 -7.01955243
202 -687.82635498 -7.01863628
203 -687.93060303 -7.01970003
204 -687.94311523 -7.01982771
205 -687.95190430 -7.01991739
206 -687.96221924 -7.02002265
207 -687.90081787 -7.01939610
208 -687.90106201 -7.01939859
209 -687.67816162 -7.01712410
210 -687.85443115 -7.01892277
211 -687.71789551 -7.01752955
212 -687.59851074 -7.01631133
213 -687.60076904 -7.01633438
214 -687.59503174 -7.01627583
215 -687.67486572 -7.01709047
216 -687.75628662 -7.01792129
217 -687.89306641 -7.01931700
218 -687.77807617 -7.01814363
219 -688.04528809 -7.02087029
220 -687.92114258 -7.01960350
221 -687.87268066 -7.01910899
222 -687.69860840 -7.01733274
223 -687.67144775 -7.01705559
224 -687.51849365 -7.01549483
225 -687.43615723 -7.01465467
226 -687.40283203 -7.01431461
227 -687.39422607 -7.01422680
228 -687.68444824 -7.01718825
229 -687.61114502 -7.01644026
230 -687.53460693 -7.01565925
231 -687.27807617 -7.01304159
232 -687.17523193 -7.01199216
233 -687.10638428 -7.01128964
234 -687.29608154 -7.01322532
235 -687.31408691 -7.01340905
236 -687.33935547 -7.01366689
237 -687.21362305 -7.01238391
238 -687.17480469 -7.01198780
239 -687.25958252 -7.01285288
240 -687.19677734 -7.01221201
241 -686.75250244 -7.00767860
242 -686.55908203 -7.00570492
243 -686.58697510 -7.00598954
244 -686.39373779 -7.00401773
245 -686.47058105 -7.00480185
246 -686.26495361 -7.00270361
247 -685.89752197 -6.99895431
248 -685.80029297 -6.99796217
249 -685.82049561 -6.99816832
250 -685.65612793 -6.99649110
251 -685.47894287 -6.99468309
252 -685.42608643 -6.99414374
253 -685.15551758 -6.99138283
254 -684.82055664 -6.98796486
255 -684.72985840 -6.98703937
256 -685.09387207 -6.99075380
257 -684.92053223 -6.98898502
258 -684.81146240 -6.98787207
259 -684.94555664 -6.98924037
260 -684.93218994 -6.98910398
261 -684.98565674 -6.98964956
262 -684.89587402 -6.98873341
263 -684.62164307 -6.98593513
264 -684.60961914 -6.98581244
265 -684.55938721 -6.98529987
266 -684.69049072 -6.98663766
267 -684.46472168 -6.98433389
268 -684.66125488 -6.98633934
269 -684.51452637 -6.98484211
270 -684.18750000 -6.98150510
271 -684.13916016 -6.98101184
272 -683.96936035 -6.97927919
273 -683.92626953 -6.97883949
274 -683.48956299 -6.97438330
275 -683.31298828 -6.97258151
276 -683.44750977 -6.97395418
277 -682.87841797 -6.96814712
278 -682.90692139 -6.96843797
279 -682.98785400 -6.96926382
280 -683.35845947 -6.97304550
281 -683.17279053 -6.97115092
282 -682.92529297 -6.96862544
283 -682.50543213 -6.96434114
284 -681.99023438 -6.95908402
285 -681.80517578 -6.95719567
286 -681.53112793 -6.95439926
287 -681.66528320 -6.95576820
288 -681.30517578 -6.95209363
289 -681.20483398 -6.95106973
290 -681.44201660 -6.95348997
291 -681.04394531 -6.94942801
292 -680.87567139 -6.94771093
293 -680.58026123 -6.94469654
294 -680.58062744 -6.94470028
295 -680.02746582 -6.93905577
296 -679.95025635 -6.93826792
297 -680.15795898 -6.94038734
298 -680.46087646 -6.94347833
299 -680.04724121 -6.93925756
300 -679.83258057 -6.93706715
301 -679.84112549 -6.93715434
302 -680.17236328 -6.94053432
303 -679.89099121 -6.93766318
304 -679.84313965 -6.93717489
305 -680.35198975 -6.94236724
306 -680.55798340 -6.94446922
307 -680.68365479 -6.94575158
