0 -494.14773560 -6.67767210
1 -494.17230225 -6.67800408
2 -494.18493652 -6.67817482
3 -494.19396973 -6.67829689
4 -494.20007324 -6.67837937
5 -494.20651245 -6.67846638
6 -494.21118164 -6.67852948
7 -494.21502686 -6.67858144
8 -494.21997070 -6.67864825
9 -494.22225952 -6.67867918
10 -494.22442627 -6.67870846
11 -494.22735596 -6.67874805
12 -494.23150635 -6.67880414
13 -494.23431396 -6.67884208
14 -494.23614502 -6.67886682
15 -494.23925781 -6.67890889
16 -494.24066162 -6.67892786
17 -494.24325562 -6.67896291
18 -494.24548340 -6.67899302
19 -494.24743652 -6.67901941
20 -494.24908447 -6.67904168
21 -494.25106812 -6.67906849
22 -494.25207520 -6.67908210
23 -494.25408936 -6.67910932
24 -494.25598145 -6.67913488
25 -494.25750732 -6.67915550
26 -494.25933838 -6.67918025
27 -494.26098633 -6.67920252
28 -494.26214600 -6.67921819
29 -494.26324463 -6.67923304
30 -494.26477051 -6.67925366
31 -494.26635742 -6.67927510
32 -494.26715088 -6.67928582
33 -494.26858521 -6.67930521
34 -494.26995850 -6.67932376
35 -494.27059937 -6.67933242
36 -494.27166748 -6.67934686
37 -494.27325439 -6.67936830
38 -494.27374268 -6.67937490
39 -494.27374268 -6.67937490
40 -494.27453613 -6.67938562
41 -494.27627563 -6.67940913
42 -494.27728271 -6.67942274
43 -494.27807617 -6.67943346
44 -494.27917480 -6.67944831
45 -494.27947998 -6.67945243
46 -494.28063965 -6.67946810
47 -494.28085327 -6.67947099
48 -494.28063965 -6.67946810
49 -494.28262329 -6.67949491
50 -494.28216553 -6.67948872
51 -494.28414917 -6.67951553
52 -494.28497314 -6.67952666
53 -494.28530884 -6.67953120
54 -494.28564453 -6.67953574
55 -494.28717041 -6.67955636
56 -494.28826904 -6.67957120
57 -494.28839111 -6.67957285
58 -494.28918457 -6.67958358
59 -494.29022217 -6.67959760
60 -494.29144287 -6.67961409
61 -494.29052734 -6.67960172
62 -494.29217529 -6.67962399
63 -494.29235840 -6.67962646
64 -494.29370117 -6.67964461
65 -494.29479980 -6.67965946
