0 -758.91955566 -6.77606746
1 -758.93750000 -6.77622768
2 -758.95092773 -6.77634757
3 -758.96264648 -6.77645220
4 -758.97290039 -6.77654375
5 -758.98242188 -6.77662877
6 -758.99060059 -6.77670179
7 -758.99914551 -6.77677808
8 -759.00549316 -6.77683476
9 -759.01159668 -6.77688926
10 -759.01647949 -6.77693285
11 -759.02282715 -6.77698953
12 -759.02661133 -6.77702332
13 -759.03112793 -6.77706364
14 -759.03533936 -6.77710124
15 -759.03857422 -6.77713013
16 -759.04223633 -6.77716282
17 -759.04455566 -6.77718353
18 -759.04779053 -6.77721242
19 -759.05096436 -6.77724075
20 -759.05236816 -6.77725329
21 -759.05456543 -6.77727291
22 -759.05841064 -6.77730724
23 -759.05975342 -6.77731923
24 -759.06213379 -6.77734048
25 -759.06402588 -6.77735737
26 -759.06579590 -6.77737318
27 -759.06787109 -6.77739171
28 -759.06909180 -6.77740261
29 -759.07147217 -6.77742386
30 -759.07275391 -6.77743530
31 -759.07397461 -6.77744620
32 -759.07543945 -6.77745928
33 -759.07666016 -6.77747018
34 -759.07763672 -6.77747890
35 -759.07904053 -6.77749143
36 -759.08032227 -6.77750288
37 -759.08062744 -6.77750560
38 -759.08221436 -6.77751977
39 -759.08300781 -6.77752686
40 -759.08410645 -6.77753666
41 -759.08502197 -6.77754484
42 -759.08685303 -6.77756119
