0 -397.64236450 -6.51872729
1 -397.65795898 -6.51898293
2 -397.67028809 -6.51918505
3 -397.68060303 -6.51935415
4 -397.68951416 -6.51950023
5 -397.69824219 -6.51964331
6 -397.70660400 -6.51978039
7 -397.71484375 -6.51991547
8 -397.72183228 -6.52003004
9 -397.72863770 -6.52014160
10 -397.73419189 -6.52023265
11 -397.73913574 -6.52031370
12 -397.74417114 -6.52039625
13 -397.74920654 -6.52047880
14 -397.75341797 -6.52054784
15 -397.75769043 -6.52061788
16 -397.76193237 -6.52068742
17 -397.76544189 -6.52074495
18 -397.76855469 -6.52079598
19 -397.77172852 -6.52084801
20 -397.77493286 -6.52090054
21 -397.77777100 -6.52094707
22 -397.78070068 -6.52099509
23 -397.78295898 -6.52103211
24 -397.78549194 -6.52107364
25 -397.78778076 -6.52111116
26 -397.78964233 -6.52114168
27 -397.79174805 -6.52117620
28 -397.79388428 -6.52121122
29 -397.79583740 -6.52124324
30 -397.79733276 -6.52126775
31 -397.79901123 -6.52129527
32 -397.80084229 -6.52132528
33 -397.80233765 -6.52134980
34 -397.80413818 -6.52137931
35 -397.80566406 -6.52140433
36 -397.80688477 -6.52142434
37 -397.80825806 -6.52144685
38 -397.80963135 -6.52146937
39 -397.81076050 -6.52148788
40 -397.81179810 -6.52150489
41 -397.81323242 -6.52152840
42 -397.81433105 -6.52154641
