0 -650.15985107 -6.50159851
1 -650.19116211 -6.50191162
2 -650.21124268 -6.50211243
3 -650.22650146 -6.50226501
4 -650.23980713 -6.50239807
5 -650.24951172 -6.50249512
6 -650.25848389 -6.50258484
7 -650.26617432 -6.50266174
8 -650.27178955 -6.50271790
9 -650.27697754 -6.50276978
10 -650.28100586 -6.50281006
11 -650.28570557 -6.50285706
12 -650.29028320 -6.50290283
13 -650.29376221 -6.50293762
14 -650.29669189 -6.50296692
15 -650.30029297 -6.50300293
16 -650.30340576 -6.50303406
17 -650.30651855 -6.50306519
18 -650.30828857 -6.50308289
19 -650.31072998 -6.50310730
20 -650.31378174 -6.50313782
21 -650.31591797 -6.50315918
22 -650.31787109 -6.50317871
23 -650.32006836 -6.50320068
24 -650.32183838 -6.50321838
25 -650.32360840 -6.50323608
26 -650.32537842 -6.50325378
27 -650.32684326 -6.50326843
28 -650.32873535 -6.50328735
29 -650.33056641 -6.50330566
