0 -646.18621826 -7.02376324
1 -644.98437500 -7.01069973
2 -642.54553223 -6.98419057
3 -641.51043701 -6.97293953
4 -640.26361084 -6.95938707
5 -639.25134277 -6.94838416
6 -637.22082520 -6.92631332
7 -637.35803223 -6.92780470
8 -635.57843018 -6.90846120
9 -635.18811035 -6.90421859
10 -633.91845703 -6.89041801
11 -633.15289307 -6.88209666
12 -632.55444336 -6.87559178
13 -631.16510010 -6.86049022
14 -629.31072998 -6.84033402
15 -626.34869385 -6.80813798
16 -626.86657715 -6.81376714
17 -625.79516602 -6.80212137
18 -624.57861328 -6.78889797
19 -623.44622803 -6.77658944
20 -624.53137207 -6.78838448
21 -622.90905762 -6.77075063
22 -622.32763672 -6.76443083
23 -619.97924805 -6.73890487
24 -621.62176514 -6.75675832
25 -622.59747314 -6.76736384
26 -620.30529785 -6.74244889
27 -619.18121338 -6.73023058
28 -620.41107178 -6.74359861
29 -620.45037842 -6.74402585
30 -618.98254395 -6.72807113
31 -617.84320068 -6.71568696
32 -617.61071777 -6.71315998
33 -616.70275879 -6.70329086
34 -614.72753906 -6.68182108
35 -613.39453125 -6.66733186
36 -612.78051758 -6.66065780
37 -613.15350342 -6.66471199
38 -613.12084961 -6.66435706
39 -610.56298828 -6.63655422
40 -609.49114990 -6.62490380
41 -609.12469482 -6.62092060
42 -608.93475342 -6.61885602
43 -608.02868652 -6.60900746
44 -607.23358154 -6.60036502
45 -607.33117676 -6.60142583
46 -608.55017090 -6.61467577
47 -606.43341064 -6.59166751
48 -603.50762939 -6.55986554
49 -602.92456055 -6.55352783
50 -601.21276855 -6.53492140
51 -599.93225098 -6.52100273
52 -597.82891846 -6.49814042
53 -599.22595215 -6.51332557
54 -598.28314209 -6.50307763
55 -599.43701172 -6.51561969
56 -598.29785156 -6.50323752
57 -597.84875488 -6.49835603
58 -597.27551270 -6.49212514
59 -596.62664795 -6.48507226
60 -595.75469971 -6.47559456
61 -596.16870117 -6.48009458
62 -595.99707031 -6.47822903
63 -595.91528320 -6.47734003
64 -594.86083984 -6.46587869
65 -596.24053955 -6.48087543
66 -594.63745117 -6.46345056
67 -593.10028076 -6.44674218
68 -593.36413574 -6.44961017
69 -592.81384277 -6.44362873
70 -591.31457520 -6.42733234
71 -591.07452393 -6.42472309
72 -590.81866455 -6.42194201
73 -587.59320068 -6.38688262
74 -589.56848145 -6.40835306
75 -588.69488525 -6.39885745
76 -587.78405762 -6.38895715
77 -588.85766602 -6.40062680
78 -588.90789795 -6.40117280
79 -586.73846436 -6.37759200
80 -586.28417969 -6.37265413
81 -582.30566406 -6.32940939
82 -579.80285645 -6.30220496
83 -578.98687744 -6.29333562
84 -580.28295898 -6.30742347
85 -580.51025391 -6.30989406
86 -582.08471680 -6.32700779
87 -580.71929932 -6.31216630
88 -581.00683594 -6.31529169
89 -582.19506836 -6.32820726
90 -582.55029297 -6.33206840
91 -580.25695801 -6.30714085
92 -582.43823242 -6.33085035
93 -583.61639404 -6.34365646
94 -586.10595703 -6.37071692
95 -586.77435303 -6.37798210
96 -585.91772461 -6.36867092
97 -584.85302734 -6.35709812
98 -585.60833740 -6.36530802
99 -584.36663818 -6.35181128
100 -583.84960938 -6.34619141
101 -583.01879883 -6.33716086
102 -578.50555420 -6.28810385
103 -578.78924561 -6.29118745
104 -576.07580566 -6.26169354
105 -570.66815186 -6.20291469
106 -571.13903809 -6.20803302
107 -572.03344727 -6.21775486
108 -570.80615234 -6.20441470
109 -570.64202881 -6.20263075
110 -569.60687256 -6.19137905
111 -566.24768066 -6.15486609
112 -564.61962891 -6.13716988
113 -561.18145752 -6.09979845
114 -561.15826416 -6.09954635
115 -561.80657959 -6.10659326
116 -561.98297119 -6.10851056
117 -561.54449463 -6.10374451
118 -563.20648193 -6.12180959
119 -562.44396973 -6.11352141
120 -563.08374023 -6.12047544
121 -563.75244141 -6.12774393
122 -563.26342773 -6.12242856
123 -562.08032227 -6.10956872
124 -558.49133301 -6.07055797
125 -559.42553711 -6.08071236
126 -557.51110840 -6.05990335
127 -557.00048828 -6.05435313
128 -556.97711182 -6.05409904
129 -557.58862305 -6.06074590
130 -553.06689453 -6.01159668
131 -552.83703613 -6.00909822
132 -553.09582520 -6.01191114
133 -551.81713867 -5.99801238
134 -550.03399658 -5.97863040
135 -547.69812012 -5.95324044
136 -546.61962891 -5.94151771
137 -547.83496094 -5.95472784
138 -549.85937500 -5.97673234
139 -551.04559326 -5.98962601
140 -549.97668457 -5.97800744
141 -548.84997559 -5.96576060
142 -548.14129639 -5.95805757
143 -546.98962402 -5.94553939
144 -548.68188477 -5.96393353
145 -548.10546875 -5.95766814
146 -547.54364014 -5.95156131
147 -548.06158447 -5.95719114
148 -549.96343994 -5.97786348
149 -548.30041504 -5.95978712
150 -545.52575684 -5.92962779
151 -544.08630371 -5.91398156
152 -546.11999512 -5.93608690
153 -544.45178223 -5.91795415
154 -544.39263916 -5.91731130
155 -545.83093262 -5.93294492
156 -544.70556641 -5.92071268
157 -545.34997559 -5.92771713
158 -543.71948242 -5.90999437
159 -540.85168457 -5.87882266
160 -539.17767334 -5.86062688
161 -534.32690430 -5.80790113
162 -532.82659912 -5.79159347
163 -532.83819580 -5.79171952
164 -532.39294434 -5.78687983
165 -533.31500244 -5.79690220
166 -531.40643311 -5.77615688
167 -532.51202393 -5.78817417
168 -535.85754395 -5.82453852
169 -537.12225342 -5.83828536
170 -539.76959229 -5.86706079
171 -538.39862061 -5.85215892
172 -537.99346924 -5.84775510
173 -534.39904785 -5.80868530
174 -532.97729492 -5.79323147
175 -531.36810303 -5.77574025
176 -532.91387939 -5.79254217
177 -531.89587402 -5.78147689
178 -528.18139648 -5.74110214
179 -529.55346680 -5.75601594
180 -527.29687500 -5.73148777
181 -527.04589844 -5.72875977
182 -524.28076172 -5.69870393
183 -524.32275391 -5.69916037
184 -521.88214111 -5.67263197
185 -520.27014160 -5.65511023
186 -514.18884277 -5.58900916
187 -514.35095215 -5.59077122
188 -514.18200684 -5.58893486
189 -515.69915771 -5.60542563
190 -512.96618652 -5.57571942
191 -512.92858887 -5.57531075
192 -511.62997437 -5.56119537
193 -511.32382202 -5.55786763
194 -514.86853027 -5.59639707
195 -517.71289062 -5.62731403
196 -520.28448486 -5.65526614
197 -522.68969727 -5.68140975
198 -523.36407471 -5.68873994
199 -525.30474854 -5.70983422
200 -525.87249756 -5.71600541
201 -527.26641846 -5.73115672
202 -530.24389648 -5.76352061
203 -531.29931641 -5.77499257
204 -530.81884766 -5.76977008
205 -529.30169678 -5.75327931
206 -529.76281738 -5.75829149
207 -527.73486328 -5.73624851
208 -524.83068848 -5.70468140
209 -524.62133789 -5.70240585
210 -526.46978760 -5.72249769
211 -526.69946289 -5.72499416
212 -525.46588135 -5.71158567
213 -523.23657227 -5.68735405
214 -523.85803223 -5.69410905
215 -523.93115234 -5.69490383
216 -523.43597412 -5.68952146
217 -524.03088379 -5.69598787
218 -522.52496338 -5.67961917
219 -518.58673096 -5.63681229
220 -517.71618652 -5.62734985
221 -517.23474121 -5.62211675
222 -516.87371826 -5.61819259
223 -514.06597900 -5.58767368
224 -512.95306396 -5.57557678
225 -512.12615967 -5.56658869
226 -510.21524048 -5.54581783
227 -510.96856689 -5.55400616
228 -510.31829834 -5.54693803
229 -510.61331177 -5.55014469
230 -508.47576904 -5.52691053
231 -506.08721924 -5.50094804
232 -504.05349731 -5.47884236
233 -507.80697632 -5.51964105
234 -508.32650757 -5.52528813
235 -510.49984741 -5.54891138
236 -513.17315674 -5.57796909
237 -514.21771240 -5.58932296
238 -512.69042969 -5.57272206
239 -512.99658203 -5.57604980
240 -509.69906616 -5.54020724
241 -508.28628540 -5.52485093
242 -506.81948853 -5.50890748
243 -502.46636963 -5.46159097
244 -499.13201904 -5.42534803
245 -497.45034790 -5.40706900
246 -502.20474243 -5.45874720
247 -500.77716064 -5.44323001
248 -494.95800781 -5.37997835
249 -490.72933960 -5.33401456
250 -491.52099609 -5.34261952
251 -491.79913330 -5.34564275
252 -492.95605469 -5.35821799
253 -491.15505981 -5.33864195
254 -493.99594116 -5.36952110
255 -490.66961670 -5.33336540
256 -480.89382935 -5.22710684
257 -478.69451904 -5.20320129
258 -468.07690430 -5.08779244
259 -464.61810303 -5.05019677
260 -458.98428345 -4.98895960
261 -467.68984985 -5.08358532
262 -463.25222778 -5.03535030
263 -464.13793945 -5.04497760
264 -472.88580322 -5.14006308
265 -470.96847534 -5.11922256
266 -476.51055908 -5.17946260
267 -475.69812012 -5.17063174
268 -480.22354126 -5.21982110
269 -482.95104980 -5.24946793
270 -491.31677246 -5.34039970
271 -485.79153442 -5.28034277
272 -477.81805420 -5.19367450
273 -473.07504272 -5.14212003
274 -471.83374023 -5.12862761
275 -471.02191162 -5.11980339
276 -474.28823853 -5.15530694
277 -472.48461914 -5.13570238
278 -481.94509888 -5.23853368
279 -482.64578247 -5.24614981
280 -481.21588135 -5.23060741
281 -485.06127930 -5.27240521
282 -487.54510498 -5.29940332
283 -486.20806885 -5.28487031
284 -486.84988403 -5.29184657
285 -490.60809326 -5.33269667
286 -485.21316528 -5.27405614
287 -485.84268188 -5.28089872
288 -485.62222290 -5.27850242
289 -483.04904175 -5.25053306
290 -486.64395142 -5.28960817
291 -485.98675537 -5.28246473
292 -486.79776001 -5.29128000
293 -488.59082031 -5.31076979
294 -491.55441284 -5.34298275
295 -489.72128296 -5.32305742
296 -489.82281494 -5.32416103
297 -491.17962646 -5.33890898
298 -492.49304199 -5.35318524
299 -492.20544434 -5.35005918
300 -493.46395874 -5.36373868
301 -492.35330200 -5.35166633
302 -492.60421753 -5.35439367
303 -493.50259399 -5.36415863
304 -494.23800659 -5.37215225
305 -492.16262817 -5.34959378
306 -490.83151245 -5.33512514
307 -487.82122803 -5.30240465
308 -491.06903076 -5.33770686
309 -488.96325684 -5.31481801
310 -487.70538330 -5.30114547
