0 -535.51159668 -5.57824580
1 -535.52563477 -5.57839203
2 -535.53686523 -5.57850901
3 -535.54583740 -5.57860247
4 -535.55352783 -5.57868258
5 -535.55987549 -5.57874870
6 -535.56591797 -5.57881165
7 -535.57092285 -5.57886378
8 -535.57617188 -5.57891846
9 -535.58111572 -5.57896996
10 -535.58538818 -5.57901446
11 -535.58892822 -5.57905134
12 -535.59204102 -5.57908376
13 -535.59484863 -5.57911301
14 -535.59783936 -5.57914416
15 -535.60021973 -5.57916896
16 -535.60284424 -5.57919629
17 -535.60534668 -5.57922236
18 -535.60778809 -5.57924779
19 -535.60992432 -5.57927004
