0 -699.23822021 -6.72344443
1 -699.28607178 -6.72390454
2 -699.31225586 -6.72415631
3 -699.33032227 -6.72433002
4 -699.34375000 -6.72445913
5 -699.36077881 -6.72462287
6 -699.36737061 -6.72468626
7 -699.36340332 -6.72464811
8 -699.37780762 -6.72478661
9 -699.38873291 -6.72489166
10 -699.39880371 -6.72498850
11 -699.39941406 -6.72499437
12 -699.40490723 -6.72504718
13 -699.40747070 -6.72507183
14 -699.41204834 -6.72511585
15 -699.41687012 -6.72516221
16 -699.42663574 -6.72525611
17 -699.41833496 -6.72517630
18 -699.41870117 -6.72517982
19 -699.42187500 -6.72521034
20 -699.42370605 -6.72522794
21 -699.42309570 -6.72522207
22 -699.42419434 -6.72523264
23 -699.42639160 -6.72525377
24 -699.42767334 -6.72526609
25 -699.42248535 -6.72521621
26 -699.43804932 -6.72536586
27 -699.43542480 -6.72534062
28 -699.43328857 -6.72532008
29 -699.45007324 -6.72548147
30 -699.44543457 -6.72543687
31 -699.44018555 -6.72538640
32 -699.44152832 -6.72539931
33 -699.45410156 -6.72552021
34 -699.45104980 -6.72549086
35 -699.45770264 -6.72555483
36 -699.45288086 -6.72550847
37 -699.44342041 -6.72541750
38 -699.45117188 -6.72549204
39 -699.44799805 -6.72546152
40 -699.44439697 -6.72542689
41 -699.43414307 -6.72532830
42 -699.43884277 -6.72537349
43 -699.44299316 -6.72541340
44 -699.42504883 -6.72524085
45 -699.43750000 -6.72536058
46 -699.44091797 -6.72539344
47 -699.42163086 -6.72520799
48 -699.42419434 -6.72523264
49 -699.42565918 -6.72524672
50 -699.43090820 -6.72529719
51 -699.43200684 -6.72530776
52 -699.43041992 -6.72529250
53 -699.42553711 -6.72524555
54 -699.43066406 -6.72529485
55 -699.42822266 -6.72527137
56 -699.44018555 -6.72538640
57 -699.43579102 -6.72534414
58 -699.42687988 -6.72525846
59 -699.42614746 -6.72525142
60 -699.44067383 -6.72539109
61 -699.42407227 -6.72523146
62 -699.41894531 -6.72518217
63 -699.42968750 -6.72528546
64 -699.41931152 -6.72518569
65 -699.42248535 -6.72521621
66 -699.41796875 -6.72517278
67 -699.41839600 -6.72517688
68 -699.42968750 -6.72528546
69 -699.42773438 -6.72526668
70 -699.43322754 -6.72531950
71 -699.41442871 -6.72513874
72 -699.41418457 -6.72513639
73 -699.40222168 -6.72502136
74 -699.41369629 -6.72513170
75 -699.40820312 -6.72507888
76 -699.40258789 -6.72502488
77 -699.40710449 -6.72506831
78 -699.38403320 -6.72484647
79 -699.39514160 -6.72495328
80 -699.39111328 -6.72491455
81 -699.40252686 -6.72502430
82 -699.39447021 -6.72494683
83 -699.38421631 -6.72484823
84 -699.38647461 -6.72486995
85 -699.36669922 -6.72467980
86 -699.36865234 -6.72469858
87 -699.37731934 -6.72478192
88 -699.38067627 -6.72481419
89 -699.38793945 -6.72488403
90 -699.38751221 -6.72487993
91 -699.39733887 -6.72497441
92 -699.38433838 -6.72484941
93 -699.36968994 -6.72470856
94 -699.36669922 -6.72467980
95 -699.38073730 -6.72481478
96 -699.36224365 -6.72463696
97 -699.36004639 -6.72461583
98 -699.35809326 -6.72459705
99 -699.36932373 -6.72470504
100 -699.36743164 -6.72468684
101 -699.37554932 -6.72476490
102 -699.37915039 -6.72479952
103 -699.36700439 -6.72468273
104 -699.36169434 -6.72463168
105 -699.37438965 -6.72475375
106 -699.36572266 -6.72467041
107 -699.36120605 -6.72462698
108 -699.35137939 -6.72453249
109 -699.36041260 -6.72461935
110 -699.35382080 -6.72455597
111 -699.35498047 -6.72456712
112 -699.34149170 -6.72443742
113 -699.34497070 -6.72447087
114 -699.32965088 -6.72432357
115 -699.32720947 -6.72430009
116 -699.32592773 -6.72428777
117 -699.34051514 -6.72442803
118 -699.31359863 -6.72416922
119 -699.31304932 -6.72416394
120 -699.31457520 -6.72417861
121 -699.31689453 -6.72420091
122 -699.30615234 -6.72409762
123 -699.30145264 -6.72405243
124 -699.29461670 -6.72398670
125 -699.29589844 -6.72399902
126 -699.32318115 -6.72426136
127 -699.31237793 -6.72415748
128 -699.31982422 -6.72422908
129 -699.30273438 -6.72406475
130 -699.29125977 -6.72395442
131 -699.30065918 -6.72404480
132 -699.28796387 -6.72392273
133 -699.29309082 -6.72397203
134 -699.27911377 -6.72383763
135 -699.25988770 -6.72365277
136 -699.25720215 -6.72362694
137 -699.24645996 -6.72352365
138 -699.24548340 -6.72351426
139 -699.23437500 -6.72340745
140 -699.22021484 -6.72327130
141 -699.20214844 -6.72309758
142 -699.20178223 -6.72309406
143 -699.17559814 -6.72284229
144 -699.17413330 -6.72282820
145 -699.18792725 -6.72296084
146 -699.17456055 -6.72283231
147 -699.18237305 -6.72290743
148 -699.15936279 -6.72268618
149 -699.14221191 -6.72252127
150 -699.12878418 -6.72239216
151 -699.11254883 -6.72223605
152 -699.12042236 -6.72231175
153 -699.13256836 -6.72242854
154 -699.12878418 -6.72239216
155 -699.12835693 -6.72238805
156 -699.14178467 -6.72251716
157 -699.14373779 -6.72253594
158 -699.13568115 -6.72245847
159 -699.13171387 -6.72242033
160 -699.13171387 -6.72242033
161 -699.12597656 -6.72236516
162 -699.11669922 -6.72227595
163 -699.12109375 -6.72231821
164 -699.11383057 -6.72224837
165 -699.12072754 -6.72231469
166 -699.13317871 -6.72243441
167 -699.13049316 -6.72240859
168 -699.10577393 -6.72217090
169 -699.11871338 -6.72229532
170 -699.07727051 -6.72189683
171 -699.04455566 -6.72158227
172 -699.07104492 -6.72183697
173 -699.05639648 -6.72169612
174 -699.08544922 -6.72197547
175 -699.07794189 -6.72190329
176 -699.06323242 -6.72176185
177 -699.06982422 -6.72182523
178 -699.06854248 -6.72181291
179 -699.06323242 -6.72176185
180 -699.05090332 -6.72164330
181 -699.06030273 -6.72173368
182 -699.04406738 -6.72157757
183 -699.04040527 -6.72154236
184 -699.04504395 -6.72158696
185 -699.03820801 -6.72152123
186 -699.03820801 -6.72152123
187 -699.00231934 -6.72117615
188 -698.99926758 -6.72114680
189 -698.97875977 -6.72094961
190 -698.95593262 -6.72073012
191 -698.95593262 -6.72073012
192 -698.97436523 -6.72090736
193 -698.97009277 -6.72086628
194 -698.95715332 -6.72074186
195 -698.95812988 -6.72075125
196 -698.93493652 -6.72052824
197 -698.94616699 -6.72063622
198 -698.95678711 -6.72073834
199 -698.93713379 -6.72054936
200 -698.96948242 -6.72086041
201 -698.97180176 -6.72088271
202 -698.97680664 -6.72093083
203 -698.95410156 -6.72071252
204 -698.94506836 -6.72062566
205 -698.93322754 -6.72051180
206 -698.93420410 -6.72052119
207 -698.92651367 -6.72044725
208 -698.94677734 -6.72064209
209 -698.96740723 -6.72084045
210 -698.96545410 -6.72082167
211 -698.94775391 -6.72065148
212 -698.95526123 -6.72072367
213 -698.93463135 -6.72052530
214 -698.94091797 -6.72058575
215 -698.95318604 -6.72070371
216 -698.96276855 -6.72079585
217 -698.94689941 -6.72064326
218 -698.96112061 -6.72078001
219 -698.96374512 -6.72080524
220 -698.96496582 -6.72081698
221 -698.98614502 -6.72102063
222 -698.96722412 -6.72083869
223 -698.97674561 -6.72093025
224 -698.97650146 -6.72092790
225 -698.97680664 -6.72093083
226 -698.97277832 -6.72089210
227 -698.96966553 -6.72086217
228 -698.96386719 -6.72080642
229 -698.96606445 -6.72082754
230 -698.95654297 -6.72073599
231 -698.96466064 -6.72081404
232 -698.98681641 -6.72102708
233 -699.00036621 -6.72115737
234 -699.02075195 -6.72135338
235 -698.99548340 -6.72111042
236 -699.00457764 -6.72119786
237 -698.99609375 -6.72111629
238 -698.99768066 -6.72113154
239 -699.00378418 -6.72119023
240 -699.00952148 -6.72124540
241 -699.01159668 -6.72126535
242 -698.99377441 -6.72109398
243 -698.99670410 -6.72112215
244 -698.98107910 -6.72097191
245 -698.98156738 -6.72097661
246 -698.97070312 -6.72087215
247 -698.95037842 -6.72067672
248 -698.95153809 -6.72068787
249 -698.96228027 -6.72079116
250 -698.97564697 -6.72091968
251 -698.97760010 -6.72093846
252 -698.96917725 -6.72085747
253 -698.94726562 -6.72064678
254 -698.94433594 -6.72061861
255 -698.93603516 -6.72053880
256 -698.92846680 -6.72046603
257 -698.91082764 -6.72029642
258 -698.91308594 -6.72031813
259 -698.91931152 -6.72037800
260 -698.89843750 -6.72017728
261 -698.88171387 -6.72001648
262 -698.89343262 -6.72012916
263 -698.89172363 -6.72011273
264 -698.90734863 -6.72026297
265 -698.89111328 -6.72010686
266 -698.88952637 -6.72009160
267 -698.88916016 -6.72008808
268 -698.89093018 -6.72010510
269 -698.87121582 -6.71991554
270 -698.87561035 -6.71995779
271 -698.86743164 -6.71987915
272 -698.88653564 -6.72006284
273 -698.86126709 -6.71981988
274 -698.83972168 -6.71961271
275 -698.85290527 -6.71973947
276 -698.86346436 -6.71984100
277 -698.87139893 -6.71991730
278 -698.88183594 -6.72001765
279 -698.87817383 -6.71998244
280 -698.83807373 -6.71959686
281 -698.87316895 -6.71993432
282 -698.83642578 -6.71958102
283 -698.88616943 -6.72005932
284 -698.84887695 -6.71970074
285 -698.86547852 -6.71986037
286 -698.85485840 -6.71975825
287 -698.85046387 -6.71971600
288 -698.84472656 -6.71966083
289 -698.85803223 -6.71978877
290 -698.85400391 -6.71975004
291 -698.88690186 -6.72006636
292 -698.87023926 -6.71990615
293 -698.87976074 -6.71999770
294 -698.89477539 -6.72014207
295 -698.86315918 -6.71983807
296 -698.88195801 -6.72001883
297 -698.87762451 -6.71997716
298 -698.89440918 -6.72013855
299 -698.89709473 -6.72016437
300 -698.87878418 -6.71998831
301 -698.87219238 -6.71992493
302 -698.85717773 -6.71978056
303 -698.84454346 -6.71965907
304 -698.83801270 -6.71959628
305 -698.80725098 -6.71930049
306 -698.78112793 -6.71904931
307 -698.80297852 -6.71925941
308 -698.76959229 -6.71893839
309 -698.80407715 -6.71926997
310 -698.76538086 -6.71889789
311 -698.78637695 -6.71909978
312 -698.81213379 -6.71934744
313 -698.77539062 -6.71899414
314 -698.78833008 -6.71911856
315 -698.79284668 -6.71916199
316 -698.79260254 -6.71915964
317 -698.78228760 -6.71906046
318 -698.80883789 -6.71931575
319 -698.79663086 -6.71919837
320 -698.80596924 -6.71928817
321 -698.80554199 -6.71928406
322 -698.78222656 -6.71905987
323 -698.79461670 -6.71917901
324 -698.76562500 -6.71890024
