0 -748.63171387 -6.34433656
1 -748.65277100 -6.34451501
2 -748.66625977 -6.34462932
3 -748.67572021 -6.34470949
4 -748.68310547 -6.34477208
5 -748.68804932 -6.34481398
6 -748.69342041 -6.34485950
7 -748.69708252 -6.34489053
8 -748.70037842 -6.34491846
9 -748.70312500 -6.34494174
10 -748.70617676 -6.34496760
11 -748.70812988 -6.34498415
12 -748.71044922 -6.34500381
13 -748.71185303 -6.34501570
14 -748.71374512 -6.34503174
15 -748.71502686 -6.34504260
16 -748.71667480 -6.34505657
17 -748.71838379 -6.34507105
18 -748.71966553 -6.34508191
19 -748.72125244 -6.34509536
20 -748.72192383 -6.34510105
21 -748.72290039 -6.34510933
22 -748.72479248 -6.34512536
23 -748.72619629 -6.34513726
