0 -742.37213135 -6.93805730
1 -739.90203857 -6.91497232
2 -739.14697266 -6.90791563
3 -737.34783936 -6.89110130
4 -734.92492676 -6.86845726
5 -733.62762451 -6.85633294
6 -732.83190918 -6.84889635
7 -731.69305420 -6.83825284
8 -728.64343262 -6.80975171
9 -727.43066406 -6.79841742
10 -726.29003906 -6.78775737
11 -723.08026123 -6.75775945
12 -721.55609131 -6.74351487
13 -720.05670166 -6.72950188
14 -718.97595215 -6.71940142
15 -715.74328613 -6.68918959
16 -715.56231689 -6.68749829
17 -712.86401367 -6.66228050
18 -711.66186523 -6.65104547
19 -712.35443115 -6.65751805
20 -708.81854248 -6.62447236
21 -706.65881348 -6.60428798
22 -706.00488281 -6.59817647
23 -703.85955811 -6.57812671
24 -702.04968262 -6.56121199
25 -702.67407227 -6.56704740
26 -700.44946289 -6.54625666
27 -700.84246826 -6.54992961
28 -699.42864990 -6.53671635
29 -697.36511230 -6.51743096
30 -697.49707031 -6.51866421
31 -693.06585693 -6.47725100
32 -689.94232178 -6.44805908
33 -688.63439941 -6.43583551
34 -687.48730469 -6.42511500
35 -685.20410156 -6.40377665
36 -683.45605469 -6.38743976
37 -680.12530518 -6.35631126
38 -677.14721680 -6.32847866
39 -678.27185059 -6.33898926
40 -676.36938477 -6.32120920
41 -675.15917969 -6.30989888
42 -673.67297363 -6.29600910
43 -669.65661621 -6.25847305
44 -667.05346680 -6.23414455
45 -671.32922363 -6.27410489
46 -667.45507812 -6.23789793
47 -666.32788086 -6.22736337
48 -661.62854004 -6.18344430
49 -658.55548096 -6.15472412
50 -657.66174316 -6.14637143
51 -659.89477539 -6.16724089
52 -657.00433350 -6.14022742
53 -657.82580566 -6.14790473
54 -659.34655762 -6.16211736
55 -654.27923584 -6.11475921
56 -652.90844727 -6.10194811
57 -650.79553223 -6.08220124
58 -645.04516602 -6.02845950
59 -647.88458252 -6.05499610
60 -642.31854248 -6.00297703
61 -638.17089844 -5.96421400
62 -636.30627441 -5.94678761
63 -635.76104736 -5.94169203
64 -630.18438721 -5.88957371
65 -628.25134277 -5.87150788
66 -628.89849854 -5.87755606
67 -625.23052979 -5.84327598
68 -628.40936279 -5.87298470
69 -628.45617676 -5.87342221
70 -627.38995361 -5.86345751
71 -627.45507812 -5.86406615
72 -626.06665039 -5.85109019
73 -625.69128418 -5.84758210
74 -626.51342773 -5.85526568
75 -627.80493164 -5.86733581
76 -627.30810547 -5.86269257
77 -622.41534424 -5.81696583
78 -617.85180664 -5.77431595
79 -611.90856934 -5.71877168
80 -611.90765381 -5.71876312
81 -610.56866455 -5.70624920
82 -609.17553711 -5.69322932
83 -611.26824951 -5.71278738
84 -610.57891846 -5.70634503
85 -611.65258789 -5.71637933
86 -610.90783691 -5.70941904
87 -612.40557861 -5.72341662
88 -603.20965576 -5.63747342
89 -598.99139404 -5.59805041
90 -596.58502197 -5.57556095
91 -597.69384766 -5.58592381
92 -597.16674805 -5.58099765
93 -595.91998291 -5.56934563
94 -591.18322754 -5.52507689
95 -590.78601074 -5.52136459
96 -590.17211914 -5.51562728
97 -593.77691650 -5.54931698
98 -589.74426270 -5.51162862
99 -588.21649170 -5.49735039
100 -594.15466309 -5.55284732
101 -598.50085449 -5.59346593
102 -599.25311279 -5.60049638
103 -603.60687256 -5.64118572
104 -600.62969971 -5.61336168
105 -600.78063965 -5.61477233
106 -600.14862061 -5.60886561
107 -601.54785156 -5.62194254
108 -602.25579834 -5.62855886
109 -604.30474854 -5.64770793
110 -603.88720703 -5.64380567
111 -605.14666748 -5.65557633
112 -600.98400879 -5.61667298
113 -595.46838379 -5.56512508
114 -598.68322754 -5.59517035
115 -597.45611572 -5.58370202
116 -591.75598145 -5.53042973
117 -592.03387451 -5.53302686
118 -599.30908203 -5.60101946
119 -597.22503662 -5.58154240
120 -598.82067871 -5.59645494
121 -604.50616455 -5.64959032
122 -605.66333008 -5.66040495
123 -602.58959961 -5.63167850
124 -604.94049072 -5.65364945
125 -603.70397949 -5.64209327
126 -602.21752930 -5.62820121
127 -605.59039307 -5.65972330
128 -608.00878906 -5.68232513
129 -611.23095703 -5.71243885
130 -611.63708496 -5.71623444
131 -607.60650635 -5.67856548
132 -606.78631592 -5.67090015
133 -603.69244385 -5.64198546
134 -602.50305176 -5.63086964
135 -598.13793945 -5.59007420
136 -604.14361572 -5.64620202
137 -600.41162109 -5.61132356
138 -597.05480957 -5.57995149
139 -597.43133545 -5.58347042
140 -601.85485840 -5.62481176
141 -600.30828857 -5.61035784
142 -598.39953613 -5.59251903
143 -594.83691406 -5.55922350
144 -596.79919434 -5.57756256
145 -591.44946289 -5.52756507
146 -591.51196289 -5.52814919
147 -591.36938477 -5.52681668
148 -590.19775391 -5.51586686
149 -592.10375977 -5.53368000
150 -590.13110352 -5.51524396
151 -591.73883057 -5.53026944
152 -589.10290527 -5.50563463
153 -589.42846680 -5.50867726
154 -590.03833008 -5.51437692
155 -584.92169189 -5.46655787
156 -582.63867188 -5.44522123
157 -579.96582031 -5.42024131
158 -581.24487305 -5.43219508
159 -580.88836670 -5.42886324
160 -575.29144287 -5.37655554
161 -568.60534668 -5.31406866
162 -571.19836426 -5.33830247
163 -570.82287598 -5.33479323
164 -568.60583496 -5.31407322
165 -562.87280273 -5.26049348
166 -560.55749512 -5.23885509
167 -558.96997070 -5.22401842
168 -563.69049072 -5.26813543
169 -558.91442871 -5.22349933
170 -558.96545410 -5.22397621
171 -554.22082520 -5.17963388
172 -546.31976318 -5.10579218
173 -541.74328613 -5.06302137
174 -546.27465820 -5.10537064
175 -548.09802246 -5.12241142
176 -547.24084473 -5.11440042
177 -554.49658203 -5.18221105
178 -553.49182129 -5.17282076
179 -552.47271729 -5.16329642
180 -554.56658936 -5.18286532
181 -559.49853516 -5.22895827
182 -556.70056152 -5.20280899
183 -555.32525635 -5.18995567
184 -548.57214355 -5.12684246
185 -544.87585449 -5.09229771
186 -545.40405273 -5.09723414
187 -543.63128662 -5.08066623
188 -533.65106201 -4.98739310
189 -525.27752686 -4.90913577
190 -526.36944580 -4.91934061
191 -521.53778076 -4.87418487
192 -525.25756836 -4.90894924
193 -519.54821777 -4.85559082
194 -516.31567383 -4.82538013
195 -514.67535400 -4.81005004
196 -504.14569092 -4.71164197
197 -509.78247070 -4.76432216
198 -513.89050293 -4.80271498
199 -514.88269043 -4.81198776
200 -506.40557861 -4.73276242
201 -506.23931885 -4.73120859
202 -502.82406616 -4.69929034
203 -501.02313232 -4.68245918
204 -499.87310791 -4.67171129
205 -496.90496826 -4.64397167
206 -497.18005371 -4.64654256
207 -480.58758545 -4.49147276
208 -477.46640015 -4.46230281
209 -471.38366699 -4.40545483
210 -473.18395996 -4.42228000
211 -468.75836182 -4.38091927
212 -475.17224121 -4.44086207
213 -481.00631714 -4.49538614
214 -487.21798706 -4.55343913
215 -485.64971924 -4.53878242
216 -486.97277832 -4.55114746
217 -487.39151001 -4.55506084
218 -496.26889038 -4.63802701
219 -492.08197021 -4.59889692
220 -490.32592773 -4.58248531
221 -494.05505371 -4.61733695
222 -495.47015381 -4.63056219
223 -487.51843262 -4.55624703
224 -485.69580078 -4.53921309
225 -486.17034912 -4.54364812
226 -485.48690796 -4.53726082
227 -487.34027100 -4.55458197
228 -487.45306396 -4.55563611
229 -479.36706543 -4.48006603
230 -485.27966309 -4.53532395
231 -489.13085938 -4.57131644
232 -479.14266968 -4.47796888
233 -467.10513306 -4.36546853
234 -456.35540771 -4.26500381
235 -453.87878418 -4.24185780
236 -449.69076538 -4.20271743
237 -450.93435669 -4.21433978
238 -447.14431763 -4.17891886
239 -453.01550293 -4.23378975
240 -458.46456909 -4.28471560
241 -464.28588867 -4.33912045
242 -470.42996216 -4.39654170
243 -465.41107178 -4.34963618
244 -469.59210205 -4.38871123
245 -466.49786377 -4.35979312
246 -475.70938110 -4.44588207
247 -480.23922729 -4.48821708
248 -478.03506470 -4.46761743
249 -479.15823364 -4.47811433
250 -464.21740723 -4.33848044
251 -460.45428467 -4.30331107
252 -465.72311401 -4.35255247
253 -466.17227173 -4.35675020
254 -463.70199585 -4.33366351
255 -460.24853516 -4.30138818
256 -456.69644165 -4.26819104
257 -452.63159180 -4.23020179
258 -455.45639038 -4.25660178
259 -458.40826416 -4.28418938
260 -460.09552002 -4.29995813
261 -463.96954346 -4.33616396
262 -463.00332642 -4.32713389
263 -460.32226562 -4.30207725
264 -463.56164551 -4.33235183
265 -470.85699463 -4.40053266
266 -474.60821533 -4.43559080
267 -468.44818115 -4.37802038
268 -460.74029541 -4.30598407
269 -447.54998779 -4.18271017
270 -448.81039429 -4.19448967
271 -451.02490234 -4.21518600
272 -441.40209961 -4.12525327
273 -439.55407715 -4.10798203
274 -448.06100464 -4.18748602
275 -447.93405151 -4.18629955
276 -454.47656250 -4.24744451
277 -446.78985596 -4.17560613
278 -448.54959106 -4.19205225
279 -453.18225098 -4.23534814
280 -447.19323730 -4.17937605
281 -458.12576294 -4.28154919
282 -455.72564697 -4.25911820
283 -452.38278198 -4.22787647
