0 -452.72540283 -6.11791085
1 -452.79598999 -6.11886473
2 -452.85345459 -6.11964128
3 -452.89898682 -6.12025658
4 -452.93429565 -6.12073373
5 -452.96197510 -6.12110777
6 -452.98406982 -6.12140635
7 -453.00073242 -6.12163152
8 -453.01419067 -6.12181339
9 -453.02511597 -6.12196103
10 -453.03515625 -6.12209671
11 -453.04498291 -6.12222950
12 -453.05194092 -6.12232353
13 -453.06057739 -6.12244024
14 -453.06655884 -6.12252107
15 -453.07409668 -6.12262293
16 -453.08016968 -6.12270500
17 -453.08505249 -6.12277098
18 -453.09063721 -6.12284645
19 -453.09539795 -6.12291078
20 -453.09951782 -6.12296646
21 -453.10379028 -6.12302419
22 -453.10751343 -6.12307451
23 -453.10937500 -6.12309966
24 -453.11221313 -6.12313802
25 -453.11502075 -6.12317596
26 -453.11810303 -6.12321761
27 -453.12133789 -6.12326132
28 -453.12496948 -6.12331040
29 -453.12609863 -6.12332566
30 -453.12896729 -6.12336442
31 -453.13208008 -6.12340649
32 -453.13339233 -6.12342422
33 -453.13668823 -6.12346876
34 -453.13784790 -6.12348443
35 -453.14080811 -6.12352443
36 -453.14151001 -6.12353392
37 -453.14266968 -6.12354959
38 -453.14495850 -6.12358052
39 -453.14727783 -6.12361186
40 -453.14791870 -6.12362052
41 -453.14901733 -6.12363537
42 -453.15060425 -6.12365681
43 -453.15270996 -6.12368527
44 -453.15393066 -6.12370177
45 -453.15350342 -6.12369599
46 -453.15353394 -6.12369640
47 -453.15533447 -6.12372074
48 -453.15481567 -6.12371373
49 -453.15567017 -6.12372527
50 -453.15814209 -6.12375868
51 -453.16033936 -6.12378837
52 -453.15985107 -6.12378177
53 -453.15975952 -6.12378053
54 -453.16094971 -6.12379662
55 -453.16156006 -6.12380487
56 -453.16180420 -6.12380816
57 -453.16125488 -6.12380074
58 -453.16232300 -6.12381518
59 -453.16156006 -6.12380487
60 -453.16168213 -6.12380652
61 -453.16152954 -6.12380445
62 -453.16094971 -6.12379662
63 -453.16168213 -6.12380652
64 -453.16354370 -6.12383167
65 -453.16336060 -6.12382920
66 -453.16348267 -6.12383085
67 -453.16204834 -6.12381146
68 -453.16265869 -6.12381971
69 -453.16256714 -6.12381847
70 -453.16320801 -6.12382714
71 -453.16406250 -6.12383868
72 -453.16369629 -6.12383373
73 -453.16482544 -6.12384899
74 -453.16641235 -6.12387044
75 -453.16571045 -6.12386095
76 -453.16540527 -6.12385683
77 -453.16531372 -6.12385559
78 -453.16390991 -6.12383662
79 -453.16357422 -6.12383208
80 -453.16574097 -6.12386136
81 -453.16558838 -6.12385930
82 -453.16485596 -6.12384940
83 -453.16436768 -6.12384281
84 -453.16461182 -6.12384611
85 -453.16510010 -6.12385270
86 -453.16613770 -6.12386673
87 -453.16699219 -6.12387827
88 -453.16751099 -6.12388528
89 -453.16897583 -6.12390508
90 -453.16809082 -6.12389312
91 -453.16961670 -6.12391374
92 -453.16986084 -6.12391704
93 -453.16864014 -6.12390054
94 -453.16876221 -6.12390219
95 -453.16705322 -6.12387910
96 -453.16741943 -6.12388405
97 -453.16677856 -6.12387539
98 -453.16723633 -6.12388157
99 -453.16613770 -6.12386673
100 -453.16595459 -6.12386425
101 -453.16653442 -6.12387209
102 -453.16558838 -6.12385930
103 -453.16589355 -6.12386343
104 -453.16516113 -6.12385353
105 -453.16503906 -6.12385188
106 -453.16522217 -6.12385435
107 -453.16369629 -6.12383373
108 -453.16387939 -6.12383621
109 -453.16354370 -6.12383167
110 -453.16229248 -6.12381476
111 -453.16125488 -6.12380074
112 -453.16027832 -6.12378754
113 -453.15869141 -6.12376610
114 -453.15979004 -6.12378095
115 -453.15856934 -6.12376445
116 -453.15881348 -6.12376775
117 -453.15698242 -6.12374301
118 -453.15576172 -6.12372651
119 -453.15515137 -6.12371826
120 -453.15521240 -6.12371909
121 -453.15301514 -6.12368939
122 -453.15185547 -6.12367372
123 -453.15014648 -6.12365063
124 -453.14886475 -6.12363331
125 -453.14904785 -6.12363578
126 -453.14868164 -6.12363083
127 -453.14776611 -6.12361846
128 -453.14727783 -6.12361186
129 -453.14691162 -6.12360691
130 -453.14654541 -6.12360197
131 -453.14672852 -6.12360444
132 -453.14593506 -6.12359372
133 -453.14569092 -6.12359042
134 -453.14636230 -6.12359949
135 -453.14404297 -6.12356815
136 -453.14392090 -6.12356650
137 -453.14294434 -6.12355330
138 -453.14117432 -6.12352938
139 -453.14056396 -6.12352113
140 -453.13995361 -6.12351289
141 -453.13980103 -6.12351082
142 -453.13909912 -6.12350134
143 -453.13922119 -6.12350299
144 -453.13812256 -6.12348814
145 -453.13714600 -6.12347495
146 -453.13787842 -6.12348484
147 -453.13671875 -6.12346917
148 -453.13592529 -6.12345845
149 -453.13626099 -6.12346299
150 -453.13745117 -6.12347907
151 -453.13775635 -6.12348319
152 -453.13751221 -6.12347989
153 -453.13900757 -6.12350010
154 -453.13830566 -6.12349062
155 -453.13793945 -6.12348567
156 -453.13742065 -6.12347866
157 -453.13562012 -6.12345433
158 -453.13641357 -6.12346505
159 -453.13708496 -6.12347412
160 -453.13586426 -6.12345763
161 -453.13430786 -6.12343659
162 -453.13531494 -6.12345020
163 -453.13378906 -6.12342958
164 -453.13403320 -6.12343288
165 -453.13388062 -6.12343082
166 -453.13436890 -6.12343742
167 -453.13372803 -6.12342876
168 -453.13287354 -6.12341721
169 -453.13278198 -6.12341597
170 -453.13339233 -6.12342422
171 -453.13153076 -6.12339906
172 -453.13134766 -6.12339659
173 -453.13156128 -6.12339948
174 -453.12988281 -6.12337679
175 -453.13085938 -6.12338999
176 -453.12951660 -6.12337185
177 -453.12942505 -6.12337061
178 -453.13079834 -6.12338917
179 -453.12933350 -6.12336937
180 -453.12927246 -6.12336855
181 -453.12875366 -6.12336154
182 -453.12866211 -6.12336030
183 -453.12799072 -6.12335123
184 -453.12835693 -6.12335617
185 -453.12884521 -6.12336277
186 -453.12841797 -6.12335700
187 -453.12951660 -6.12337185
188 -453.12945557 -6.12337102
189 -453.13000488 -6.12337844
190 -453.13037109 -6.12338339
191 -453.13055420 -6.12338587
192 -453.12908936 -6.12336607
193 -453.12930298 -6.12336896
194 -453.12844849 -6.12335741
195 -453.12872314 -6.12336112
196 -453.12643433 -6.12333019
197 -453.12716675 -6.12334009
198 -453.12634277 -6.12332896
199 -453.12750244 -6.12334463
200 -453.12786865 -6.12334958
201 -453.12857056 -6.12335906
202 -453.12921143 -6.12336772
203 -453.12835693 -6.12335617
204 -453.12823486 -6.12335453
205 -453.12640381 -6.12332978
206 -453.12646484 -6.12333061
207 -453.12768555 -6.12334710
208 -453.12530518 -6.12331493
209 -453.12533569 -6.12331535
210 -453.12414551 -6.12329926
211 -453.12371826 -6.12329349
212 -453.12219238 -6.12327287
213 -453.12008667 -6.12324441
214 -453.11840820 -6.12322173
215 -453.11828613 -6.12322008
216 -453.11614990 -6.12319121
217 -453.11654663 -6.12319658
218 -453.11614990 -6.12319121
219 -453.11248779 -6.12314173
220 -453.11108398 -6.12312276
221 -453.10964966 -6.12310337
222 -453.11019897 -6.12311080
223 -453.10766602 -6.12307657
224 -453.10797119 -6.12308069
225 -453.10556030 -6.12304811
226 -453.10491943 -6.12303945
227 -453.10296631 -6.12301306
228 -453.10260010 -6.12300811
229 -453.10183716 -6.12299780
230 -453.10223389 -6.12300316
231 -453.10076904 -6.12298337
232 -453.09954834 -6.12296687
233 -453.09963989 -6.12296811
234 -453.09918213 -6.12296192
235 -453.09790039 -6.12294460
236 -453.09777832 -6.12294295
237 -453.09695435 -6.12293182
238 -453.09759521 -6.12294048
239 -453.09759521 -6.12294048
240 -453.09625244 -6.12292233
241 -453.09573364 -6.12291532
242 -453.09552002 -6.12291243
243 -453.09643555 -6.12292480
244 -453.09710693 -6.12293388
245 -453.09710693 -6.12293388
246 -453.09527588 -6.12290913
247 -453.09606934 -6.12291986
248 -453.09564209 -6.12291408
249 -453.09689331 -6.12293099
250 -453.09741211 -6.12293800
251 -453.09698486 -6.12293223
252 -453.09747314 -6.12293883
253 -453.09686279 -6.12293058
254 -453.09765625 -6.12294130
255 -453.09729004 -6.12293635
256 -453.09814453 -6.12294790
257 -453.09783936 -6.12294378
258 -453.09857178 -6.12295367
259 -453.09637451 -6.12292398
260 -453.09643555 -6.12292480
261 -453.09799194 -6.12294584
262 -453.09979248 -6.12297017
263 -453.09869385 -6.12295532
264 -453.09963989 -6.12296811
265 -453.09988403 -6.12297141
266 -453.09878540 -6.12295656
267 -453.09887695 -6.12295780
268 -453.09747314 -6.12293883
269 -453.09780884 -6.12294336
270 -453.09826660 -6.12294955
271 -453.09863281 -6.12295450
272 -453.09588623 -6.12291738
273 -453.09603882 -6.12291944
274 -453.09548950 -6.12291202
275 -453.09472656 -6.12290171
276 -453.09545898 -6.12291161
277 -453.09463501 -6.12290047
278 -453.09570312 -6.12291491
279 -453.09490967 -6.12290418
280 -453.09649658 -6.12292563
281 -453.09506226 -6.12290625
282 -453.09552002 -6.12291243
283 -453.09649658 -6.12292563
284 -453.09591675 -6.12291779
285 -453.09393311 -6.12289099
286 -453.09457397 -6.12289965
287 -453.09228516 -6.12286872
288 -453.09332275 -6.12288274
289 -453.09310913 -6.12287985
290 -453.09332275 -6.12288274
291 -453.09417725 -6.12289429
292 -453.09463501 -6.12290047
293 -453.09490967 -6.12290418
294 -453.09448242 -6.12289841
295 -453.09344482 -6.12288439
296 -453.09234619 -6.12286954
297 -453.09262085 -6.12287325
298 -453.09222412 -6.12286789
299 -453.09136963 -6.12285635
300 -453.09051514 -6.12284480
301 -453.08880615 -6.12282170
302 -453.08782959 -6.12280851
303 -453.08905029 -6.12282500
304 -453.08834839 -6.12281552
305 -453.08868408 -6.12282006
306 -453.08914185 -6.12282624
307 -453.08831787 -6.12281511
308 -453.08816528 -6.12281304
309 -453.08740234 -6.12280273
310 -453.08615112 -6.12278583
311 -453.08624268 -6.12278706
312 -453.08450317 -6.12276356
313 -453.08386230 -6.12275490
314 -453.08334351 -6.12274789
315 -453.08270264 -6.12273922
316 -453.08331299 -6.12274747
317 -453.08245850 -6.12273593
318 -453.08120728 -6.12271902
319 -453.08117676 -6.12271860
320 -453.08157349 -6.12272397
321 -453.08139038 -6.12272149
322 -453.08059692 -6.12271077
323 -453.08050537 -6.12270953
324 -453.07907104 -6.12269015
325 -453.07833862 -6.12268025
326 -453.07797241 -6.12267530
327 -453.07696533 -6.12266169
328 -453.07803345 -6.12267613
329 -453.07785034 -6.12267365
330 -453.07821655 -6.12267860
331 -453.07830811 -6.12267984
332 -453.07647705 -6.12265510
333 -453.07855225 -6.12268314
334 -453.07794189 -6.12267489
335 -453.07763672 -6.12267077
336 -453.07818604 -6.12267819
337 -453.07650757 -6.12265551
338 -453.07830811 -6.12267984
339 -453.07946777 -6.12269551
340 -453.07925415 -6.12269262
341 -453.07919312 -6.12269180
342 -453.07864380 -6.12268438
343 -453.07812500 -6.12267736
344 -453.07913208 -6.12269097
345 -453.07736206 -6.12266705
346 -453.07739258 -6.12266747
347 -453.07537842 -6.12264025
348 -453.07543945 -6.12264107
349 -453.07708740 -6.12266334
350 -453.07669067 -6.12265798
351 -453.07476807 -6.12263200
352 -453.07565308 -6.12264396
353 -453.07479858 -6.12263241
354 -453.07485962 -6.12263324
355 -453.07421875 -6.12262458
356 -453.07403564 -6.12262210
357 -453.07339478 -6.12261344
358 -453.07342529 -6.12261386
359 -453.07269287 -6.12260396
360 -453.07293701 -6.12260726
361 -453.07205200 -6.12259530
362 -453.07135010 -6.12258581
363 -453.07086182 -6.12257921
364 -453.06976318 -6.12256437
365 -453.06887817 -6.12255241
366 -453.06802368 -6.12254086
367 -453.06774902 -6.12253715
368 -453.06781006 -6.12253797
369 -453.06665039 -6.12252230
370 -453.06600952 -6.12251364
371 -453.06402588 -6.12248684
372 -453.06320190 -6.12247570
373 -453.06277466 -6.12246993
374 -453.06243896 -6.12246539
375 -453.06170654 -6.12245549
376 -453.06216431 -6.12246168
377 -453.05987549 -6.12243075
378 -453.06072998 -6.12244230
379 -453.05932617 -6.12242333
380 -453.05862427 -6.12241384
381 -453.05950928 -6.12242580
382 -453.05819702 -6.12240807
383 -453.05798340 -6.12240518
384 -453.05715942 -6.12239405
385 -453.05569458 -6.12237425
386 -453.05490112 -6.12236353
387 -453.05572510 -6.12237466
388 -453.05523682 -6.12236807
389 -453.05529785 -6.12236889
390 -453.05426025 -6.12235487
391 -453.05511475 -6.12236642
392 -453.05493164 -6.12236394
393 -453.05352783 -6.12234497
394 -453.05300903 -6.12233796
395 -453.05364990 -6.12234662
396 -453.05255127 -6.12233177
397 -453.05166626 -6.12231981
398 -453.05056763 -6.12230497
399 -453.05126953 -6.12231445
400 -453.05047607 -6.12230373
401 -453.04946899 -6.12229012
402 -453.04913330 -6.12228559
403 -453.04907227 -6.12228476
404 -453.04870605 -6.12227981
405 -453.04736328 -6.12226167
406 -453.04745483 -6.12226290
407 -453.04614258 -6.12224517
408 -453.04678345 -6.12225383
409 -453.04660034 -6.12225136
410 -453.04772949 -6.12226661
411 -453.04925537 -6.12228723
412 -453.04904175 -6.12228435
413 -453.04992676 -6.12229631
414 -453.04818726 -6.12227280
415 -453.04876709 -6.12228064
416 -453.04861450 -6.12227857
417 -453.04766846 -6.12226579
418 -453.04876709 -6.12228064
419 -453.05010986 -6.12229878
420 -453.04980469 -6.12229466
421 -453.04882812 -6.12228146
422 -453.04934692 -6.12228847
423 -453.05145264 -6.12231693
424 -453.05068970 -6.12230662
425 -453.04989624 -6.12229590
426 -453.04977417 -6.12229425
427 -453.05065918 -6.12230621
428 -453.05072021 -6.12230703
429 -453.05026245 -6.12230084
430 -453.04983521 -6.12229507
431 -453.05139160 -6.12231610
432 -453.05355835 -6.12234538
433 -453.05349731 -6.12234456
434 -453.05364990 -6.12234662
435 -453.05426025 -6.12235487
436 -453.05493164 -6.12236394
437 -453.05429077 -6.12235528
438 -453.05633545 -6.12238291
439 -453.05493164 -6.12236394
440 -453.05584717 -6.12237631
441 -453.05657959 -6.12238621
442 -453.05554199 -6.12237219
443 -453.05645752 -6.12238456
444 -453.05541992 -6.12237054
445 -453.05630493 -6.12238250
446 -453.05572510 -6.12237466
447 -453.05609131 -6.12237961
448 -453.05566406 -6.12237384
449 -453.05545044 -6.12237095
450 -453.05502319 -6.12236518
451 -453.05651855 -6.12238539
452 -453.05541992 -6.12237054
453 -453.05487061 -6.12236312
454 -453.05416870 -6.12235363
455 -453.05535889 -6.12236971
456 -453.05474854 -6.12236147
457 -453.05355835 -6.12234538
458 -453.05194092 -6.12232353
459 -453.04998779 -6.12229713
460 -453.05020142 -6.12230002
461 -453.05047607 -6.12230373
462 -453.04748535 -6.12226332
463 -453.04840088 -6.12227569
464 -453.04669189 -6.12225259
465 -453.04653931 -6.12225053
466 -453.04644775 -6.12224929
467 -453.04644775 -6.12224929
468 -453.04653931 -6.12225053
469 -453.04696655 -6.12225630
470 -453.04592896 -6.12224228
471 -453.04498291 -6.12222950
472 -453.04412842 -6.12221795
473 -453.04351807 -6.12220970
474 -453.04449463 -6.12222290
475 -453.04370117 -6.12221218
476 -453.04336548 -6.12220764
477 -453.04376221 -6.12221300
478 -453.04421997 -6.12221919
479 -453.04290771 -6.12220146
480 -453.04287720 -6.12220104
481 -453.04199219 -6.12218908
482 -453.04244995 -6.12219527
483 -453.04302979 -6.12220311
484 -453.04318237 -6.12220517
485 -453.04351807 -6.12220970
486 -453.04257202 -6.12219692
487 -453.04248047 -6.12219568
488 -453.04342651 -6.12220847
489 -453.04391479 -6.12221506
490 -453.04397583 -6.12221589
491 -453.04174805 -6.12218578
492 -453.04244995 -6.12219527
493 -453.04251099 -6.12219609
494 -453.04226685 -6.12219280
495 -453.04168701 -6.12218496
496 -453.04074097 -6.12217218
497 -453.03930664 -6.12215279
498 -453.03817749 -6.12213753
499 -453.03692627 -6.12212063
500 -453.03704834 -6.12212227
501 -453.03607178 -6.12210908
502 -453.03408813 -6.12208227
503 -453.03442383 -6.12208681
504 -453.03320312 -6.12207031
505 -453.03332520 -6.12207196
506 -453.03280640 -6.12206495
