0 -646.85467529 -6.88143272
1 -646.85998535 -6.88148921
2 -646.86322021 -6.88152362
3 -646.86505127 -6.88154310
4 -646.86608887 -6.88155414
5 -646.86804199 -6.88157491
6 -646.86773682 -6.88157167
7 -646.86993408 -6.88159504
8 -646.87066650 -6.88160284
9 -646.87225342 -6.88161972
10 -646.87145996 -6.88161128
11 -646.87298584 -6.88162751
12 -646.87316895 -6.88162946
13 -646.87390137 -6.88163725
14 -646.87493896 -6.88164829
15 -646.87506104 -6.88164959
16 -646.87567139 -6.88165608
17 -646.87634277 -6.88166322
18 -646.87628174 -6.88166257
19 -646.87677002 -6.88166777
20 -646.87701416 -6.88167036
21 -646.87652588 -6.88166517
22 -646.87725830 -6.88167296
23 -646.87701416 -6.88167036
24 -646.87738037 -6.88167426
25 -646.87786865 -6.88167945
26 -646.87841797 -6.88168530
27 -646.87939453 -6.88169569
28 -646.87994385 -6.88170153
29 -646.87994385 -6.88170153
30 -646.88018799 -6.88170413
31 -646.88073730 -6.88170997
32 -646.88067627 -6.88170932
33 -646.88134766 -6.88171646
34 -646.88159180 -6.88171906
35 -646.88153076 -6.88171841
36 -646.88208008 -6.88172426
37 -646.88201904 -6.88172361
38 -646.88195801 -6.88172296
39 -646.88220215 -6.88172555
40 -646.88299561 -6.88173400
41 -646.88305664 -6.88173465
42 -646.88323975 -6.88173659
43 -646.88354492 -6.88173984
44 -646.88287354 -6.88173270
45 -646.88323975 -6.88173659
46 -646.88397217 -6.88174438
47 -646.88354492 -6.88173984
48 -646.88330078 -6.88173724
49 -646.88397217 -6.88174438
50 -646.88421631 -6.88174698
51 -646.88476562 -6.88175283
52 -646.88433838 -6.88174828
53 -646.88458252 -6.88175088
54 -646.88507080 -6.88175607
55 -646.88513184 -6.88175672
56 -646.88403320 -6.88174503
57 -646.88433838 -6.88174828
58 -646.88494873 -6.88175477
59 -646.88531494 -6.88175867
60 -646.88525391 -6.88175802
61 -646.88616943 -6.88176776
62 -646.88635254 -6.88176971
63 -646.88616943 -6.88176776
64 -646.88635254 -6.88176971
65 -646.88659668 -6.88177231
66 -646.88684082 -6.88177490
67 -646.88610840 -6.88176711
68 -646.88659668 -6.88177231
69 -646.88665771 -6.88177295
70 -646.88696289 -6.88177620
71 -646.88702393 -6.88177685
72 -646.88702393 -6.88177685
73 -646.88732910 -6.88178010
74 -646.88708496 -6.88177750
75 -646.88726807 -6.88177945
76 -646.88659668 -6.88177231
77 -646.88677979 -6.88177425
78 -646.88653564 -6.88177166
79 -646.88745117 -6.88178140
80 -646.88702393 -6.88177685
81 -646.88775635 -6.88178464
82 -646.88824463 -6.88178984
83 -646.88812256 -6.88178854
84 -646.88836670 -6.88179114
85 -646.88793945 -6.88178659
86 -646.88848877 -6.88179243
87 -646.88873291 -6.88179503
88 -646.88861084 -6.88179373
89 -646.88830566 -6.88179049
90 -646.88861084 -6.88179373
91 -646.88787842 -6.88178594
92 -646.88739014 -6.88178075
93 -646.88812256 -6.88178854
94 -646.88842773 -6.88179178
95 -646.88812256 -6.88178854
96 -646.88854980 -6.88179308
97 -646.88867188 -6.88179438
98 -646.88879395 -6.88179568
99 -646.89013672 -6.88180997
100 -646.88940430 -6.88180217
101 -646.88916016 -6.88179958
102 -646.88928223 -6.88180087
103 -646.88928223 -6.88180087
104 -646.88897705 -6.88179763
105 -646.88922119 -6.88180023
106 -646.88977051 -6.88180607
107 -646.88946533 -6.88180282
108 -646.89038086 -6.88181256
109 -646.89050293 -6.88181386
110 -646.88977051 -6.88180607
111 -646.88952637 -6.88180347
112 -646.88995361 -6.88180802
113 -646.88952637 -6.88180347
114 -646.89013672 -6.88180997
115 -646.88970947 -6.88180542
116 -646.89074707 -6.88181646
117 -646.89080811 -6.88181711
118 -646.89038086 -6.88181256
119 -646.89019775 -6.88181061
120 -646.89050293 -6.88181386
121 -646.89117432 -6.88182100
122 -646.89080811 -6.88181711
123 -646.89123535 -6.88182165
124 -646.89129639 -6.88182230
125 -646.89074707 -6.88181646
126 -646.89056396 -6.88181451
127 -646.89086914 -6.88181776
128 -646.89080811 -6.88181711
129 -646.89093018 -6.88181841
130 -646.89154053 -6.88182490
131 -646.89190674 -6.88182880
132 -646.89135742 -6.88182295
133 -646.89105225 -6.88181970
134 -646.89166260 -6.88182620
135 -646.89111328 -6.88182035
136 -646.89123535 -6.88182165
137 -646.89160156 -6.88182555
138 -646.89208984 -6.88183074
139 -646.89215088 -6.88183139
140 -646.89245605 -6.88183464
141 -646.89208984 -6.88183074
142 -646.89233398 -6.88183334
143 -646.89208984 -6.88183074
144 -646.89300537 -6.88184048
145 -646.89294434 -6.88183983
146 -646.89318848 -6.88184243
147 -646.89282227 -6.88183853
148 -646.89318848 -6.88184243
149 -646.89379883 -6.88184892
150 -646.89361572 -6.88184698
151 -646.89434814 -6.88185477
152 -646.89398193 -6.88185087
153 -646.89434814 -6.88185477
154 -646.89465332 -6.88185801
155 -646.89392090 -6.88185022
156 -646.89410400 -6.88185217
157 -646.89422607 -6.88185347
158 -646.89367676 -6.88184763
159 -646.89428711 -6.88185412
160 -646.89428711 -6.88185412
161 -646.89392090 -6.88185022
162 -646.89373779 -6.88184827
163 -646.89385986 -6.88184957
164 -646.89422607 -6.88185347
165 -646.89434814 -6.88185477
166 -646.89367676 -6.88184763
167 -646.89428711 -6.88185412
168 -646.89471436 -6.88185866
169 -646.89385986 -6.88184957
170 -646.89349365 -6.88184568
171 -646.89337158 -6.88184438
172 -646.89349365 -6.88184568
173 -646.89300537 -6.88184048
174 -646.89239502 -6.88183399
175 -646.89263916 -6.88183659
176 -646.89215088 -6.88183139
177 -646.89208984 -6.88183074
178 -646.89208984 -6.88183074
179 -646.89221191 -6.88183204
180 -646.89190674 -6.88182880
181 -646.89257812 -6.88183594
182 -646.89239502 -6.88183399
183 -646.89263916 -6.88183659
184 -646.89160156 -6.88182555
185 -646.89038086 -6.88181256
186 -646.89031982 -6.88181191
187 -646.89044189 -6.88181321
188 -646.89038086 -6.88181256
189 -646.89050293 -6.88181386
190 -646.89062500 -6.88181516
191 -646.89013672 -6.88180997
192 -646.88952637 -6.88180347
193 -646.89050293 -6.88181386
194 -646.88928223 -6.88180087
195 -646.89019775 -6.88181061
196 -646.88946533 -6.88180282
197 -646.88964844 -6.88180477
198 -646.88922119 -6.88180023
199 -646.88903809 -6.88179828
200 -646.88970947 -6.88180542
201 -646.89038086 -6.88181256
202 -646.88983154 -6.88180672
203 -646.89044189 -6.88181321
204 -646.89001465 -6.88180867
205 -646.89086914 -6.88181776
206 -646.89123535 -6.88182165
207 -646.89099121 -6.88181906
208 -646.89062500 -6.88181516
209 -646.89129639 -6.88182230
210 -646.89178467 -6.88182750
211 -646.89190674 -6.88182880
212 -646.89239502 -6.88183399
213 -646.89215088 -6.88183139
214 -646.89166260 -6.88182620
215 -646.89251709 -6.88183529
216 -646.89208984 -6.88183074
217 -646.89276123 -6.88183789
218 -646.89190674 -6.88182880
219 -646.89312744 -6.88184178
220 -646.89270020 -6.88183724
221 -646.89276123 -6.88183789
222 -646.89294434 -6.88183983
223 -646.89343262 -6.88184503
224 -646.89337158 -6.88184438
225 -646.89337158 -6.88184438
226 -646.89379883 -6.88184892
227 -646.89343262 -6.88184503
228 -646.89404297 -6.88185152
229 -646.89392090 -6.88185022
230 -646.89404297 -6.88185152
231 -646.89453125 -6.88185672
232 -646.89379883 -6.88184892
233 -646.89459229 -6.88185736
234 -646.89392090 -6.88185022
235 -646.89453125 -6.88185672
236 -646.89453125 -6.88185672
237 -646.89495850 -6.88186126
238 -646.89526367 -6.88186451
239 -646.89501953 -6.88186191
240 -646.89453125 -6.88185672
241 -646.89434814 -6.88185477
242 -646.89428711 -6.88185412
243 -646.89532471 -6.88186516
244 -646.89453125 -6.88185672
245 -646.89465332 -6.88185801
246 -646.89465332 -6.88185801
247 -646.89465332 -6.88185801
248 -646.89404297 -6.88185152
249 -646.89471436 -6.88185866
250 -646.89532471 -6.88186516
251 -646.89587402 -6.88187100
252 -646.89562988 -6.88186840
253 -646.89624023 -6.88187490
254 -646.89581299 -6.88187035
255 -646.89550781 -6.88186710
256 -646.89550781 -6.88186710
257 -646.89581299 -6.88187035
258 -646.89648438 -6.88187749
259 -646.89575195 -6.88186970
260 -646.89624023 -6.88187490
261 -646.89599609 -6.88187230
262 -646.89630127 -6.88187555
263 -646.89721680 -6.88188529
264 -646.89703369 -6.88188334
265 -646.89746094 -6.88188788
266 -646.89691162 -6.88188204
267 -646.89733887 -6.88188658
268 -646.89697266 -6.88188269
269 -646.89733887 -6.88188658
270 -646.89733887 -6.88188658
271 -646.89807129 -6.88189438
272 -646.89807129 -6.88189438
273 -646.89752197 -6.88188853
274 -646.89752197 -6.88188853
275 -646.89807129 -6.88189438
276 -646.89782715 -6.88189178
277 -646.89849854 -6.88189892
278 -646.89752197 -6.88188853
279 -646.89782715 -6.88189178
280 -646.89831543 -6.88189697
281 -646.89739990 -6.88188723
282 -646.89788818 -6.88189243
283 -646.89788818 -6.88189243
284 -646.89782715 -6.88189178
285 -646.89758301 -6.88188918
286 -646.89855957 -6.88189957
287 -646.89813232 -6.88189502
288 -646.89825439 -6.88189632
289 -646.89898682 -6.88190412
290 -646.89916992 -6.88190606
291 -646.89916992 -6.88190606
292 -646.89892578 -6.88190347
293 -646.89849854 -6.88189892
294 -646.89837646 -6.88189762
295 -646.89862061 -6.88190022
296 -646.89862061 -6.88190022
297 -646.89825439 -6.88189632
298 -646.89843750 -6.88189827
299 -646.89874268 -6.88190152
300 -646.89874268 -6.88190152
301 -646.89880371 -6.88190217
302 -646.89929199 -6.88190736
303 -646.89892578 -6.88190347
304 -646.89880371 -6.88190217
305 -646.89807129 -6.88189438
306 -646.89868164 -6.88190087
307 -646.89819336 -6.88189567
308 -646.89880371 -6.88190217
309 -646.89849854 -6.88189892
310 -646.89874268 -6.88190152
311 -646.89880371 -6.88190217
312 -646.89892578 -6.88190347
313 -646.89868164 -6.88190087
314 -646.89880371 -6.88190217
315 -646.89880371 -6.88190217
316 -646.89855957 -6.88189957
317 -646.89843750 -6.88189827
318 -646.89929199 -6.88190736
319 -646.89923096 -6.88190671
320 -646.89855957 -6.88189957
321 -646.89886475 -6.88190282
322 -646.89770508 -6.88189048
323 -646.89776611 -6.88189113
324 -646.89733887 -6.88188658
325 -646.89782715 -6.88189178
326 -646.89758301 -6.88188918
327 -646.89758301 -6.88188918
328 -646.89752197 -6.88188853
329 -646.89697266 -6.88188269
330 -646.89752197 -6.88188853
331 -646.89770508 -6.88189048
332 -646.89678955 -6.88188074
333 -646.89739990 -6.88188723
334 -646.89691162 -6.88188204
335 -646.89721680 -6.88188529
336 -646.89691162 -6.88188204
337 -646.89715576 -6.88188464
338 -646.89801025 -6.88189373
339 -646.89788818 -6.88189243
340 -646.89739990 -6.88188723
341 -646.89746094 -6.88188788
342 -646.89758301 -6.88188918
343 -646.89727783 -6.88188593
344 -646.89733887 -6.88188658
345 -646.89739990 -6.88188723
346 -646.89703369 -6.88188334
347 -646.89727783 -6.88188593
348 -646.89703369 -6.88188334
349 -646.89782715 -6.88189178
350 -646.89758301 -6.88188918
351 -646.89843750 -6.88189827
352 -646.89782715 -6.88189178
353 -646.89831543 -6.88189697
354 -646.89813232 -6.88189502
355 -646.89801025 -6.88189373
356 -646.89855957 -6.88189957
357 -646.89788818 -6.88189243
358 -646.89868164 -6.88190087
359 -646.89843750 -6.88189827
360 -646.89831543 -6.88189697
361 -646.89776611 -6.88189113
362 -646.89788818 -6.88189243
363 -646.89855957 -6.88189957
364 -646.89813232 -6.88189502
365 -646.89843750 -6.88189827
366 -646.89862061 -6.88190022
367 -646.89886475 -6.88190282
368 -646.89855957 -6.88189957
369 -646.89819336 -6.88189567
370 -646.89880371 -6.88190217
371 -646.89843750 -6.88189827
372 -646.89892578 -6.88190347
373 -646.89898682 -6.88190412
374 -646.89862061 -6.88190022
375 -646.89880371 -6.88190217
376 -646.89843750 -6.88189827
377 -646.89843750 -6.88189827
378 -646.89813232 -6.88189502
379 -646.89862061 -6.88190022
380 -646.89819336 -6.88189567
381 -646.89880371 -6.88190217
382 -646.89874268 -6.88190152
383 -646.89880371 -6.88190217
384 -646.89874268 -6.88190152
385 -646.89855957 -6.88189957
386 -646.89855957 -6.88189957
387 -646.89916992 -6.88190606
388 -646.89886475 -6.88190282
389 -646.89874268 -6.88190152
390 -646.89953613 -6.88190996
391 -646.89965820 -6.88191126
392 -646.89886475 -6.88190282
393 -646.89929199 -6.88190736
394 -646.89916992 -6.88190606
395 -646.89971924 -6.88191191
396 -646.89953613 -6.88190996
397 -646.90032959 -6.88191840
398 -646.90032959 -6.88191840
399 -646.89996338 -6.88191450
400 -646.90020752 -6.88191710
401 -646.90020752 -6.88191710
402 -646.89996338 -6.88191450
403 -646.90032959 -6.88191840
404 -646.90014648 -6.88191645
405 -646.90118408 -6.88192749
406 -646.90069580 -6.88192230
407 -646.90069580 -6.88192230
408 -646.90093994 -6.88192489
409 -646.90148926 -6.88193074
410 -646.90148926 -6.88193074
411 -646.90173340 -6.88193333
412 -646.90216064 -6.88193788
413 -646.90216064 -6.88193788
414 -646.90216064 -6.88193788
415 -646.90179443 -6.88193398
416 -646.90234375 -6.88193983
417 -646.90301514 -6.88194697
418 -646.90203857 -6.88193658
419 -646.90228271 -6.88193918
420 -646.90252686 -6.88194178
421 -646.90277100 -6.88194437
422 -646.90270996 -6.88194372
423 -646.90289307 -6.88194567
424 -646.90252686 -6.88194178
425 -646.90344238 -6.88195151
426 -646.90350342 -6.88195216
427 -646.90319824 -6.88194892
428 -646.90313721 -6.88194827
429 -646.90368652 -6.88195411
430 -646.90277100 -6.88194437
431 -646.90344238 -6.88195151
432 -646.90301514 -6.88194697
433 -646.90301514 -6.88194697
434 -646.90313721 -6.88194827
435 -646.90374756 -6.88195476
436 -646.90393066 -6.88195671
437 -646.90429688 -6.88196061
438 -646.90429688 -6.88196061
439 -646.90441895 -6.88196190
440 -646.90454102 -6.88196320
441 -646.90484619 -6.88196645
442 -646.90509033 -6.88196905
443 -646.90527344 -6.88197099
444 -646.90551758 -6.88197359
445 -646.90576172 -6.88197619
446 -646.90502930 -6.88196840
447 -646.90478516 -6.88196580
448 -646.90460205 -6.88196385
449 -646.90496826 -6.88196775
450 -646.90521240 -6.88197034
451 -646.90460205 -6.88196385
452 -646.90490723 -6.88196710
453 -646.90490723 -6.88196710
454 -646.90466309 -6.88196450
455 -646.90478516 -6.88196580
456 -646.90441895 -6.88196190
457 -646.90417480 -6.88195931
458 -646.90435791 -6.88196125
459 -646.90417480 -6.88195931
460 -646.90478516 -6.88196580
461 -646.90515137 -6.88196970
462 -646.90447998 -6.88196255
463 -646.90570068 -6.88197554
464 -646.90539551 -6.88197229
465 -646.90515137 -6.88196970
466 -646.90484619 -6.88196645
467 -646.90533447 -6.88197164
468 -646.90533447 -6.88197164
469 -646.90557861 -6.88197424
470 -646.90606689 -6.88197944
471 -646.90600586 -6.88197879
472 -646.90588379 -6.88197749
473 -646.90625000 -6.88198138
474 -646.90582275 -6.88197684
475 -646.90563965 -6.88197489
476 -646.90612793 -6.88198008
477 -646.90637207 -6.88198268
478 -646.90631104 -6.88198203
479 -646.90576172 -6.88197619
480 -646.90533447 -6.88197164
481 -646.90612793 -6.88198008
482 -646.90557861 -6.88197424
483 -646.90612793 -6.88198008
484 -646.90594482 -6.88197814
485 -646.90582275 -6.88197684
486 -646.90588379 -6.88197749
487 -646.90600586 -6.88197879
488 -646.90637207 -6.88198268
489 -646.90563965 -6.88197489
490 -646.90545654 -6.88197294
491 -646.90594482 -6.88197814
492 -646.90582275 -6.88197684
493 -646.90582275 -6.88197684
494 -646.90612793 -6.88198008
495 -646.90582275 -6.88197684
496 -646.90570068 -6.88197554
497 -646.90618896 -6.88198073
498 -646.90625000 -6.88198138
499 -646.90637207 -6.88198268
500 -646.90594482 -6.88197814
501 -646.90631104 -6.88198203
502 -646.90625000 -6.88198138
503 -646.90557861 -6.88197424
504 -646.90594482 -6.88197814
505 -646.90625000 -6.88198138
506 -646.90600586 -6.88197879
507 -646.90557861 -6.88197424
508 -646.90625000 -6.88198138
509 -646.90618896 -6.88198073
510 -646.90576172 -6.88197619
511 -646.90704346 -6.88198982
512 -646.90722656 -6.88199177
513 -646.90600586 -6.88197879
514 -646.90612793 -6.88198008
515 -646.90661621 -6.88198528
516 -646.90667725 -6.88198593
517 -646.90655518 -6.88198463
518 -646.90679932 -6.88198723
519 -646.90716553 -6.88199112
520 -646.90625000 -6.88198138
521 -646.90661621 -6.88198528
522 -646.90722656 -6.88199177
523 -646.90673828 -6.88198658
524 -646.90637207 -6.88198268
525 -646.90679932 -6.88198723
526 -646.90710449 -6.88199047
527 -646.90740967 -6.88199372
528 -646.90722656 -6.88199177
529 -646.90679932 -6.88198723
530 -646.90722656 -6.88199177
531 -646.90802002 -6.88200021
532 -646.90734863 -6.88199307
533 -646.90747070 -6.88199437
534 -646.90765381 -6.88199632
535 -646.90759277 -6.88199567
536 -646.90728760 -6.88199242
537 -646.90759277 -6.88199567
538 -646.90710449 -6.88199047
539 -646.90655518 -6.88198463
540 -646.90716553 -6.88199112
541 -646.90692139 -6.88198853
542 -646.90661621 -6.88198528
543 -646.90698242 -6.88198917
544 -646.90686035 -6.88198788
545 -646.90655518 -6.88198463
546 -646.90783691 -6.88199827
547 -646.90667725 -6.88198593
548 -646.90686035 -6.88198788
549 -646.90765381 -6.88199632
550 -646.90686035 -6.88198788
551 -646.90649414 -6.88198398
552 -646.90753174 -6.88199502
553 -646.90728760 -6.88199242
554 -646.90777588 -6.88199762
555 -646.90716553 -6.88199112
556 -646.90777588 -6.88199762
557 -646.90844727 -6.88200476
558 -646.90783691 -6.88199827
559 -646.90716553 -6.88199112
560 -646.90692139 -6.88198853
561 -646.90722656 -6.88199177
562 -646.90643311 -6.88198333
563 -646.90704346 -6.88198982
564 -646.90771484 -6.88199697
565 -646.90716553 -6.88199112
566 -646.90747070 -6.88199437
567 -646.90673828 -6.88198658
568 -646.90667725 -6.88198593
569 -646.90698242 -6.88198917
570 -646.90698242 -6.88198917
571 -646.90716553 -6.88199112
572 -646.90802002 -6.88200021
573 -646.90820312 -6.88200216
574 -646.90802002 -6.88200021
575 -646.90814209 -6.88200151
576 -646.90759277 -6.88199567
577 -646.90820312 -6.88200216
578 -646.90814209 -6.88200151
579 -646.90856934 -6.88200606
580 -646.90777588 -6.88199762
581 -646.90783691 -6.88199827
582 -646.90759277 -6.88199567
583 -646.90856934 -6.88200606
584 -646.90826416 -6.88200281
585 -646.90808105 -6.88200086
586 -646.90808105 -6.88200086
587 -646.90686035 -6.88198788
588 -646.90795898 -6.88199956
589 -646.90740967 -6.88199372
590 -646.90771484 -6.88199697
591 -646.90783691 -6.88199827
592 -646.90850830 -6.88200541
593 -646.90826416 -6.88200281
594 -646.90814209 -6.88200151
595 -646.90722656 -6.88199177
596 -646.90826416 -6.88200281
597 -646.90795898 -6.88199956
598 -646.90789795 -6.88199891
599 -646.90777588 -6.88199762
600 -646.90863037 -6.88200671
601 -646.90759277 -6.88199567
602 -646.90802002 -6.88200021
603 -646.90820312 -6.88200216
604 -646.90863037 -6.88200671
605 -646.90844727 -6.88200476
606 -646.90832520 -6.88200346
607 -646.90838623 -6.88200411
608 -646.90814209 -6.88200151
609 -646.90844727 -6.88200476
610 -646.90863037 -6.88200671
611 -646.90863037 -6.88200671
612 -646.90905762 -6.88201125
613 -646.90881348 -6.88200865
614 -646.90899658 -6.88201060
615 -646.90917969 -6.88201255
616 -646.90863037 -6.88200671
617 -646.90893555 -6.88200995
618 -646.90917969 -6.88201255
619 -646.90869141 -6.88200736
620 -646.90881348 -6.88200865
621 -646.90881348 -6.88200865
622 -646.90850830 -6.88200541
623 -646.90826416 -6.88200281
624 -646.90838623 -6.88200411
625 -646.90856934 -6.88200606
626 -646.90850830 -6.88200541
627 -646.90899658 -6.88201060
628 -646.90899658 -6.88201060
629 -646.90899658 -6.88201060
630 -646.90948486 -6.88201580
631 -646.90899658 -6.88201060
632 -646.90954590 -6.88201645
633 -646.90954590 -6.88201645
634 -646.90930176 -6.88201385
635 -646.90948486 -6.88201580
636 -646.90948486 -6.88201580
637 -646.90972900 -6.88201839
638 -646.90917969 -6.88201255
639 -646.90966797 -6.88201774
640 -646.90930176 -6.88201385
641 -646.90954590 -6.88201645
642 -646.90954590 -6.88201645
643 -646.90979004 -6.88201904
644 -646.90948486 -6.88201580
645 -646.90917969 -6.88201255
646 -646.91015625 -6.88202294
647 -646.90960693 -6.88201710
648 -646.90948486 -6.88201580
649 -646.90942383 -6.88201515
650 -646.90924072 -6.88201320
651 -646.91015625 -6.88202294
652 -646.90954590 -6.88201645
653 -646.90991211 -6.88202034
654 -646.91009521 -6.88202229
655 -646.91058350 -6.88202748
656 -646.91082764 -6.88203008
657 -646.91094971 -6.88203138
658 -646.91076660 -6.88202943
659 -646.91186523 -6.88204112
660 -646.91052246 -6.88202683
661 -646.91088867 -6.88203073
662 -646.91125488 -6.88203463
663 -646.91149902 -6.88203722
664 -646.91180420 -6.88204047
665 -646.91156006 -6.88203787
666 -646.91198730 -6.88204242
667 -646.91217041 -6.88204437
668 -646.91162109 -6.88203852
669 -646.91247559 -6.88204761
670 -646.91265869 -6.88204956
671 -646.91271973 -6.88205021
672 -646.91271973 -6.88205021
673 -646.91314697 -6.88205476
674 -646.91265869 -6.88204956
675 -646.91314697 -6.88205476
676 -646.91284180 -6.88205151
677 -646.91308594 -6.88205411
678 -646.91412354 -6.88206514
679 -646.91314697 -6.88205476
