0 -650.14019775 -7.06674128
1 -650.14074707 -7.06674725
2 -650.13964844 -7.06673531
3 -650.13958740 -7.06673465
4 -650.13940430 -7.06673266
5 -650.13934326 -7.06673199
6 -650.13995361 -7.06673863
7 -650.13800049 -7.06671740
8 -650.13818359 -7.06671939
9 -650.13806152 -7.06671806
10 -650.13763428 -7.06671342
11 -650.13848877 -7.06672270
12 -650.13793945 -7.06671673
13 -650.13745117 -7.06671143
14 -650.13848877 -7.06672270
15 -650.13830566 -7.06672071
16 -650.13787842 -7.06671607
17 -650.13824463 -7.06672005
18 -650.13806152 -7.06671806
19 -650.13714600 -7.06670811
20 -650.13787842 -7.06671607
21 -650.13671875 -7.06670346
22 -650.13629150 -7.06669882
23 -650.13684082 -7.06670479
24 -650.13659668 -7.06670214
25 -650.13690186 -7.06670545
26 -650.13647461 -7.06670081
27 -650.13623047 -7.06669816
28 -650.13592529 -7.06669484
29 -650.13647461 -7.06670081
30 -650.13629150 -7.06669882
31 -650.13598633 -7.06669550
32 -650.13507080 -7.06668555
33 -650.13500977 -7.06668489
34 -650.13494873 -7.06668423
35 -650.13446045 -7.06667892
36 -650.13439941 -7.06667825
37 -650.13446045 -7.06667892
38 -650.13464355 -7.06668091
39 -650.13409424 -7.06667494
40 -650.13452148 -7.06667958
41 -650.13427734 -7.06667693
42 -650.13421631 -7.06667626
43 -650.13305664 -7.06666366
44 -650.13317871 -7.06666499
45 -650.13305664 -7.06666366
46 -650.13269043 -7.06665968
47 -650.13232422 -7.06665570
48 -650.13238525 -7.06665636
49 -650.13342285 -7.06666764
50 -650.13269043 -7.06665968
51 -650.13311768 -7.06666432
52 -650.13256836 -7.06665835
53 -650.13354492 -7.06666897
54 -650.13293457 -7.06666233
55 -650.13311768 -7.06666432
56 -650.13385010 -7.06667228
57 -650.13458252 -7.06668024
58 -650.13348389 -7.06666830
59 -650.13378906 -7.06667162
60 -650.13421631 -7.06667626
61 -650.13391113 -7.06667295
62 -650.13366699 -7.06667029
63 -650.13262939 -7.06665902
64 -650.13269043 -7.06665968
65 -650.13330078 -7.06666631
66 -650.13323975 -7.06666565
67 -650.13385010 -7.06667228
68 -650.13397217 -7.06667361
69 -650.13372803 -7.06667096
70 -650.13330078 -7.06666631
71 -650.13330078 -7.06666631
72 -650.13305664 -7.06666366
73 -650.13330078 -7.06666631
74 -650.13360596 -7.06666963
75 -650.13256836 -7.06665835
76 -650.13293457 -7.06666233
77 -650.13256836 -7.06665835
78 -650.13281250 -7.06666101
79 -650.13275146 -7.06666034
80 -650.13238525 -7.06665636
81 -650.13269043 -7.06665968
82 -650.13189697 -7.06665105
83 -650.13232422 -7.06665570
84 -650.13269043 -7.06665968
85 -650.13171387 -7.06664906
86 -650.13134766 -7.06664508
87 -650.13171387 -7.06664906
88 -650.13177490 -7.06664973
89 -650.13110352 -7.06664243
90 -650.13177490 -7.06664973
91 -650.13220215 -7.06665437
92 -650.13220215 -7.06665437
93 -650.13165283 -7.06664840
94 -650.13183594 -7.06665039
95 -650.13208008 -7.06665304
96 -650.13116455 -7.06664309
97 -650.13208008 -7.06665304
98 -650.13256836 -7.06665835
99 -650.13177490 -7.06664973
100 -650.13195801 -7.06665172
101 -650.13104248 -7.06664177
102 -650.13153076 -7.06664707
103 -650.13128662 -7.06664442
104 -650.13122559 -7.06664376
105 -650.13140869 -7.06664575
106 -650.13110352 -7.06664243
107 -650.13073730 -7.06663845
108 -650.13024902 -7.06663314
109 -650.13037109 -7.06663447
110 -650.13104248 -7.06664177
111 -650.13085938 -7.06663978
112 -650.13177490 -7.06664973
113 -650.13006592 -7.06663115
114 -650.13092041 -7.06664044
115 -650.13110352 -7.06664243
116 -650.13140869 -7.06664575
117 -650.13153076 -7.06664707
118 -650.13244629 -7.06665702
119 -650.13146973 -7.06664641
120 -650.13250732 -7.06665769
121 -650.13189697 -7.06665105
122 -650.13189697 -7.06665105
123 -650.13232422 -7.06665570
124 -650.13201904 -7.06665238
125 -650.13098145 -7.06664110
126 -650.13134766 -7.06664508
127 -650.13134766 -7.06664508
128 -650.13214111 -7.06665371
129 -650.13250732 -7.06665769
130 -650.13330078 -7.06666631
131 -650.13220215 -7.06665437
132 -650.13226318 -7.06665503
133 -650.13287354 -7.06666167
134 -650.13281250 -7.06666101
135 -650.13305664 -7.06666366
136 -650.13275146 -7.06666034
137 -650.13299561 -7.06666300
138 -650.13262939 -7.06665902
139 -650.13208008 -7.06665304
140 -650.13214111 -7.06665371
141 -650.13159180 -7.06664774
142 -650.13201904 -7.06665238
143 -650.13250732 -7.06665769
144 -650.13208008 -7.06665304
145 -650.13134766 -7.06664508
146 -650.13140869 -7.06664575
147 -650.13159180 -7.06664774
148 -650.13098145 -7.06664110
149 -650.13104248 -7.06664177
150 -650.13055420 -7.06663646
151 -650.13116455 -7.06664309
152 -650.13171387 -7.06664906
153 -650.13128662 -7.06664442
154 -650.13177490 -7.06664973
155 -650.13146973 -7.06664641
156 -650.13140869 -7.06664575
157 -650.13128662 -7.06664442
158 -650.13098145 -7.06664110
159 -650.13092041 -7.06664044
160 -650.13085938 -7.06663978
161 -650.13092041 -7.06664044
162 -650.12939453 -7.06662385
163 -650.13067627 -7.06663779
164 -650.12982178 -7.06662850
165 -650.12969971 -7.06662717
166 -650.13067627 -7.06663779
167 -650.13061523 -7.06663712
168 -650.13061523 -7.06663712
169 -650.13043213 -7.06663513
170 -650.13073730 -7.06663845
171 -650.13018799 -7.06663248
172 -650.13049316 -7.06663580
173 -650.13116455 -7.06664309
174 -650.13104248 -7.06664177
175 -650.13104248 -7.06664177
176 -650.13116455 -7.06664309
177 -650.13067627 -7.06663779
178 -650.13110352 -7.06664243
179 -650.13085938 -7.06663978
180 -650.13079834 -7.06663911
181 -650.13061523 -7.06663712
182 -650.13104248 -7.06664177
183 -650.12951660 -7.06662518
184 -650.12976074 -7.06662783
185 -650.12902832 -7.06661987
186 -650.12921143 -7.06662186
187 -650.12994385 -7.06662982
188 -650.12976074 -7.06662783
189 -650.12927246 -7.06662253
190 -650.12915039 -7.06662120
191 -650.12841797 -7.06661324
192 -650.12902832 -7.06661987
193 -650.12847900 -7.06661390
194 -650.12902832 -7.06661987
195 -650.12792969 -7.06660793
196 -650.12854004 -7.06661457
197 -650.12860107 -7.06661523
198 -650.12884521 -7.06661788
199 -650.12847900 -7.06661390
200 -650.12805176 -7.06660926
201 -650.12866211 -7.06661589
202 -650.12744141 -7.06660262
203 -650.12829590 -7.06661191
204 -650.12841797 -7.06661324
205 -650.12884521 -7.06661788
206 -650.12908936 -7.06662054
207 -650.12847900 -7.06661390
208 -650.12872314 -7.06661656
209 -650.12835693 -7.06661258
210 -650.12854004 -7.06661457
211 -650.12860107 -7.06661523
212 -650.12823486 -7.06661125
213 -650.12823486 -7.06661125
214 -650.12780762 -7.06660660
215 -650.12829590 -7.06661191
216 -650.12780762 -7.06660660
217 -650.12744141 -7.06660262
218 -650.12847900 -7.06661390
219 -650.12829590 -7.06661191
220 -650.12841797 -7.06661324
221 -650.12878418 -7.06661722
222 -650.12866211 -7.06661589
223 -650.12823486 -7.06661125
224 -650.12866211 -7.06661589
225 -650.12878418 -7.06661722
226 -650.12921143 -7.06662186
227 -650.12945557 -7.06662452
228 -650.12939453 -7.06662385
229 -650.12841797 -7.06661324
230 -650.12847900 -7.06661390
231 -650.12890625 -7.06661855
232 -650.12896729 -7.06661921
233 -650.12835693 -7.06661258
234 -650.12957764 -7.06662584
235 -650.13067627 -7.06663779
236 -650.13006592 -7.06663115
237 -650.13037109 -7.06663447
238 -650.12976074 -7.06662783
239 -650.13000488 -7.06663049
240 -650.13031006 -7.06663380
241 -650.13024902 -7.06663314
242 -650.13079834 -7.06663911
243 -650.13098145 -7.06664110
244 -650.13140869 -7.06664575
245 -650.13171387 -7.06664906
246 -650.13140869 -7.06664575
247 -650.13049316 -7.06663580
248 -650.13201904 -7.06665238
249 -650.13214111 -7.06665371
250 -650.13140869 -7.06664575
251 -650.13269043 -7.06665968
252 -650.13226318 -7.06665503
253 -650.13220215 -7.06665437
254 -650.13189697 -7.06665105
255 -650.13183594 -7.06665039
256 -650.13159180 -7.06664774
257 -650.13153076 -7.06664707
258 -650.13183594 -7.06665039
259 -650.13201904 -7.06665238
260 -650.13165283 -7.06664840
261 -650.13171387 -7.06664906
262 -650.13134766 -7.06664508
263 -650.13171387 -7.06664906
264 -650.13153076 -7.06664707
265 -650.13177490 -7.06664973
266 -650.13043213 -7.06663513
267 -650.13128662 -7.06664442
268 -650.13189697 -7.06665105
269 -650.12994385 -7.06662982
270 -650.13110352 -7.06664243
271 -650.13110352 -7.06664243
272 -650.13128662 -7.06664442
273 -650.13061523 -7.06663712
274 -650.13055420 -7.06663646
275 -650.13043213 -7.06663513
276 -650.12969971 -7.06662717
277 -650.13073730 -7.06663845
278 -650.12988281 -7.06662916
279 -650.13079834 -7.06663911
280 -650.12957764 -7.06662584
281 -650.12945557 -7.06662452
282 -650.13000488 -7.06663049
283 -650.13049316 -7.06663580
284 -650.12945557 -7.06662452
285 -650.12951660 -7.06662518
286 -650.12988281 -7.06662916
287 -650.12945557 -7.06662452
288 -650.12884521 -7.06661788
289 -650.12945557 -7.06662452
290 -650.12927246 -7.06662253
291 -650.12939453 -7.06662385
292 -650.13000488 -7.06663049
293 -650.12939453 -7.06662385
294 -650.13067627 -7.06663779
295 -650.13098145 -7.06664110
296 -650.13061523 -7.06663712
297 -650.13024902 -7.06663314
298 -650.13024902 -7.06663314
299 -650.12969971 -7.06662717
300 -650.13018799 -7.06663248
301 -650.13006592 -7.06663115
302 -650.13012695 -7.06663181
303 -650.12994385 -7.06662982
304 -650.12982178 -7.06662850
305 -650.12927246 -7.06662253
306 -650.12890625 -7.06661855
307 -650.12792969 -7.06660793
308 -650.12835693 -7.06661258
309 -650.12835693 -7.06661258
310 -650.12908936 -7.06662054
311 -650.12780762 -7.06660660
312 -650.12908936 -7.06662054
313 -650.12896729 -7.06661921
314 -650.12878418 -7.06661722
315 -650.12939453 -7.06662385
316 -650.12945557 -7.06662452
317 -650.12933350 -7.06662319
318 -650.12890625 -7.06661855
319 -650.12872314 -7.06661656
320 -650.12854004 -7.06661457
321 -650.12823486 -7.06661125
322 -650.12762451 -7.06660461
323 -650.12854004 -7.06661457
324 -650.12768555 -7.06660528
325 -650.12780762 -7.06660660
326 -650.12689209 -7.06659665
327 -650.12829590 -7.06661191
328 -650.12823486 -7.06661125
329 -650.12725830 -7.06660063
330 -650.12884521 -7.06661788
331 -650.12756348 -7.06660395
332 -650.12725830 -7.06660063
333 -650.12695312 -7.06659732
334 -650.12670898 -7.06659466
335 -650.12567139 -7.06658338
336 -650.12554932 -7.06658206
337 -650.12695312 -7.06659732
338 -650.12628174 -7.06659002
339 -650.12634277 -7.06659068
340 -650.12585449 -7.06658537
341 -650.12512207 -7.06657741
342 -650.12548828 -7.06658139
343 -650.12475586 -7.06657343
344 -650.12530518 -7.06657940
345 -650.12481689 -7.06657410
346 -650.12500000 -7.06657609
347 -650.12432861 -7.06656879
348 -650.12451172 -7.06657078
349 -650.12585449 -7.06658537
350 -650.12506104 -7.06657675
351 -650.12585449 -7.06658537
352 -650.12615967 -7.06658869
353 -650.12615967 -7.06658869
354 -650.12542725 -7.06658073
355 -650.12670898 -7.06659466
356 -650.12506104 -7.06657675
357 -650.12567139 -7.06658338
358 -650.12542725 -7.06658073
359 -650.12512207 -7.06657741
360 -650.12561035 -7.06658272
361 -650.12475586 -7.06657343
362 -650.12500000 -7.06657609
363 -650.12609863 -7.06658803
364 -650.12567139 -7.06658338
365 -650.12506104 -7.06657675
366 -650.12597656 -7.06658670
367 -650.12542725 -7.06658073
368 -650.12536621 -7.06658007
369 -650.12554932 -7.06658206
370 -650.12585449 -7.06658537
371 -650.12573242 -7.06658405
372 -650.12567139 -7.06658338
373 -650.12512207 -7.06657741
374 -650.12420654 -7.06656746
375 -650.12554932 -7.06658206
376 -650.12518311 -7.06657808
377 -650.12561035 -7.06658272
378 -650.12615967 -7.06658869
379 -650.12542725 -7.06658073
380 -650.12432861 -7.06656879
381 -650.12506104 -7.06657675
382 -650.12396240 -7.06656481
383 -650.12469482 -7.06657277
384 -650.12402344 -7.06656547
385 -650.12426758 -7.06656813
386 -650.12365723 -7.06656149
387 -650.12463379 -7.06657211
388 -650.12402344 -7.06656547
389 -650.12377930 -7.06656282
390 -650.12365723 -7.06656149
391 -650.12365723 -7.06656149
392 -650.12359619 -7.06656083
393 -650.12329102 -7.06655751
394 -650.12298584 -7.06655419
395 -650.12329102 -7.06655751
396 -650.12329102 -7.06655751
397 -650.12280273 -7.06655220
398 -650.12322998 -7.06655685
399 -650.12249756 -7.06654889
400 -650.12255859 -7.06654955
401 -650.12243652 -7.06654822
402 -650.12158203 -7.06653894
403 -650.12194824 -7.06654292
404 -650.12304688 -7.06655486
405 -650.12286377 -7.06655287
406 -650.12231445 -7.06654690
407 -650.12292480 -7.06655353
408 -650.12255859 -7.06654955
409 -650.12292480 -7.06655353
410 -650.12329102 -7.06655751
411 -650.12274170 -7.06655154
412 -650.12261963 -7.06655021
413 -650.12261963 -7.06655021
414 -650.12237549 -7.06654756
415 -650.12194824 -7.06654292
416 -650.12170410 -7.06654026
417 -650.12249756 -7.06654889
418 -650.12133789 -7.06653628
419 -650.12188721 -7.06654225
420 -650.12255859 -7.06654955
421 -650.12249756 -7.06654889
422 -650.12249756 -7.06654889
423 -650.12274170 -7.06655154
424 -650.12255859 -7.06654955
425 -650.12164307 -7.06653960
426 -650.12219238 -7.06654557
427 -650.12207031 -7.06654424
428 -650.12182617 -7.06654159
429 -650.12219238 -7.06654557
430 -650.12176514 -7.06654093
431 -650.12145996 -7.06653761
432 -650.12207031 -7.06654424
433 -650.12243652 -7.06654822
434 -650.12176514 -7.06654093
435 -650.12213135 -7.06654491
436 -650.12237549 -7.06654756
437 -650.12170410 -7.06654026
438 -650.12152100 -7.06653827
439 -650.12133789 -7.06653628
440 -650.12048340 -7.06652699
441 -650.12170410 -7.06654026
442 -650.12219238 -7.06654557
443 -650.12091064 -7.06653164
444 -650.12152100 -7.06653827
445 -650.12097168 -7.06653230
446 -650.12127686 -7.06653562
447 -650.12170410 -7.06654026
448 -650.12286377 -7.06655287
449 -650.12255859 -7.06654955
450 -650.12225342 -7.06654623
451 -650.12292480 -7.06655353
452 -650.12219238 -7.06654557
453 -650.12268066 -7.06655088
454 -650.12194824 -7.06654292
455 -650.12286377 -7.06655287
456 -650.12274170 -7.06655154
457 -650.12249756 -7.06654889
458 -650.12231445 -7.06654690
459 -650.12249756 -7.06654889
460 -650.12133789 -7.06653628
461 -650.12377930 -7.06656282
462 -650.12445068 -7.06657012
463 -650.12457275 -7.06657144
464 -650.12396240 -7.06656481
465 -650.12414551 -7.06656680
466 -650.12353516 -7.06656016
467 -650.12414551 -7.06656680
468 -650.12420654 -7.06656746
469 -650.12426758 -7.06656813
470 -650.12414551 -7.06656680
471 -650.12438965 -7.06656945
472 -650.12487793 -7.06657476
473 -650.12512207 -7.06657741
474 -650.12432861 -7.06656879
475 -650.12463379 -7.06657211
476 -650.12518311 -7.06657808
477 -650.12530518 -7.06657940
478 -650.12469482 -7.06657277
479 -650.12500000 -7.06657609
480 -650.12396240 -7.06656481
481 -650.12408447 -7.06656614
482 -650.12420654 -7.06656746
483 -650.12390137 -7.06656415
484 -650.12371826 -7.06656216
485 -650.12396240 -7.06656481
486 -650.12268066 -7.06655088
487 -650.12347412 -7.06655950
488 -650.12335205 -7.06655817
489 -650.12359619 -7.06656083
490 -650.12469482 -7.06657277
491 -650.12396240 -7.06656481
492 -650.12396240 -7.06656481
493 -650.12335205 -7.06655817
494 -650.12310791 -7.06655552
495 -650.12298584 -7.06655419
496 -650.12261963 -7.06655021
497 -650.12274170 -7.06655154
498 -650.12322998 -7.06655685
499 -650.12292480 -7.06655353
500 -650.12280273 -7.06655220
501 -650.12268066 -7.06655088
502 -650.12347412 -7.06655950
503 -650.12213135 -7.06654491
504 -650.12158203 -7.06653894
505 -650.12182617 -7.06654159
506 -650.12249756 -7.06654889
507 -650.12243652 -7.06654822
508 -650.12200928 -7.06654358
509 -650.12121582 -7.06653495
510 -650.12164307 -7.06653960
511 -650.12170410 -7.06654026
512 -650.12127686 -7.06653562
513 -650.12158203 -7.06653894
514 -650.12164307 -7.06653960
515 -650.12170410 -7.06654026
516 -650.12158203 -7.06653894
517 -650.12176514 -7.06654093
518 -650.12145996 -7.06653761
519 -650.12200928 -7.06654358
520 -650.12176514 -7.06654093
521 -650.12243652 -7.06654822
522 -650.12194824 -7.06654292
523 -650.12213135 -7.06654491
524 -650.12127686 -7.06653562
525 -650.12103271 -7.06653296
526 -650.12042236 -7.06652633
527 -650.12048340 -7.06652699
528 -650.12060547 -7.06652832
529 -650.12084961 -7.06653097
530 -650.12084961 -7.06653097
531 -650.12072754 -7.06652965
532 -650.12036133 -7.06652567
533 -650.12164307 -7.06653960
534 -650.12091064 -7.06653164
535 -650.12103271 -7.06653296
536 -650.12066650 -7.06652898
537 -650.12036133 -7.06652567
538 -650.12127686 -7.06653562
539 -650.12030029 -7.06652500
540 -650.12103271 -7.06653296
541 -650.12060547 -7.06652832
542 -650.12103271 -7.06653296
543 -650.12152100 -7.06653827
544 -650.12072754 -7.06652965
545 -650.12036133 -7.06652567
546 -650.12115479 -7.06653429
547 -650.12078857 -7.06653031
548 -650.12127686 -7.06653562
549 -650.12139893 -7.06653694
550 -650.12042236 -7.06652633
551 -650.11932373 -7.06651439
552 -650.12066650 -7.06652898
553 -650.12017822 -7.06652368
554 -650.12066650 -7.06652898
555 -650.12139893 -7.06653694
556 -650.11987305 -7.06652036
557 -650.11944580 -7.06651572
558 -650.12023926 -7.06652434
559 -650.12030029 -7.06652500
560 -650.12005615 -7.06652235
561 -650.11944580 -7.06651572
562 -650.11932373 -7.06651439
563 -650.11938477 -7.06651505
564 -650.12005615 -7.06652235
565 -650.11975098 -7.06651903
566 -650.11944580 -7.06651572
567 -650.12066650 -7.06652898
568 -650.12078857 -7.06653031
569 -650.12091064 -7.06653164
570 -650.12145996 -7.06653761
571 -650.12115479 -7.06653429
572 -650.12133789 -7.06653628
573 -650.12084961 -7.06653097
574 -650.12060547 -7.06652832
575 -650.12097168 -7.06653230
576 -650.12133789 -7.06653628
