0 -476.52560425 -6.71162823
1 -476.53356934 -6.71174041
2 -476.53933716 -6.71182165
3 -476.54412842 -6.71188913
4 -476.54925537 -6.71196134
5 -476.55273438 -6.71201034
6 -476.55596924 -6.71205590
7 -476.55917358 -6.71210104
8 -476.56228638 -6.71214488
9 -476.56475830 -6.71217969
10 -476.56741333 -6.71221709
11 -476.56900024 -6.71223944
12 -476.57208252 -6.71228285
13 -476.57427979 -6.71231380
14 -476.57568359 -6.71233357
15 -476.57745361 -6.71235850
16 -476.57937622 -6.71238558
17 -476.58029175 -6.71239848
18 -476.58197021 -6.71242212
19 -476.58398438 -6.71245048
20 -476.58551025 -6.71247198
21 -476.58688354 -6.71249132
22 -476.58728027 -6.71249691
23 -476.58911133 -6.71252269
24 -476.58996582 -6.71253473
25 -476.59063721 -6.71254419
26 -476.59097290 -6.71254891
27 -476.59262085 -6.71257212
28 -476.59414673 -6.71259362
29 -476.59411621 -6.71259319
30 -476.59533691 -6.71261038
31 -476.59597778 -6.71261941
32 -476.59671021 -6.71262972
33 -476.59735107 -6.71263875
34 -476.59820557 -6.71265078
35 -476.59857178 -6.71265594
36 -476.59954834 -6.71266969
37 -476.60040283 -6.71268173
38 -476.60086060 -6.71268818
39 -476.60183716 -6.71270193
40 -476.60235596 -6.71270924
41 -476.60244751 -6.71271053
42 -476.60354614 -6.71272600
43 -476.60345459 -6.71272471
44 -476.60409546 -6.71273374
45 -476.60433960 -6.71273718
46 -476.60540771 -6.71275222
47 -476.60491943 -6.71274534
48 -476.60586548 -6.71275867
49 -476.60604858 -6.71276125
50 -476.60586548 -6.71275867
51 -476.60668945 -6.71277027
52 -476.60702515 -6.71277500
53 -476.60726929 -6.71277844
54 -476.60769653 -6.71278446
55 -476.60836792 -6.71279391
56 -476.60791016 -6.71278747
57 -476.60848999 -6.71279563
58 -476.60903931 -6.71280337
59 -476.60882568 -6.71280036
60 -476.60870361 -6.71279864
61 -476.60983276 -6.71281455
62 -476.61013794 -6.71281884
63 -476.61053467 -6.71282443
64 -476.61135864 -6.71283604
65 -476.61093140 -6.71283002
66 -476.61105347 -6.71283174
67 -476.61102295 -6.71283131
68 -476.61172485 -6.71284120
69 -476.61230469 -6.71284936
70 -476.61315918 -6.71286140
71 -476.61251831 -6.71285237
72 -476.61383057 -6.71287085
73 -476.61401367 -6.71287343
74 -476.61425781 -6.71287687
75 -476.61447144 -6.71287988
76 -476.61462402 -6.71288203
77 -476.61480713 -6.71288461
78 -476.61517334 -6.71288977
79 -476.61566162 -6.71289664
80 -476.61590576 -6.71290008
81 -476.61636353 -6.71290653
82 -476.61590576 -6.71290008
83 -476.61630249 -6.71290567
84 -476.61700439 -6.71291555
85 -476.61703491 -6.71291598
86 -476.61709595 -6.71291684
87 -476.61724854 -6.71291899
88 -476.61715698 -6.71291770
89 -476.61706543 -6.71291641
90 -476.61712646 -6.71291727
91 -476.61721802 -6.71291856
92 -476.61788940 -6.71292802
93 -476.61825562 -6.71293318
94 -476.61883545 -6.71294134
95 -476.61849976 -6.71293662
96 -476.61804199 -6.71293017
97 -476.61782837 -6.71292716
98 -476.61807251 -6.71293060
99 -476.61755371 -6.71292329
100 -476.61920166 -6.71294650
101 -476.61892700 -6.71294263
102 -476.61935425 -6.71294865
103 -476.61950684 -6.71295080
104 -476.61953735 -6.71295123
105 -476.61981201 -6.71295510
106 -476.62149048 -6.71297874
107 -476.62084961 -6.71296971
108 -476.62130737 -6.71297616
109 -476.62145996 -6.71297831
110 -476.62106323 -6.71297272
111 -476.62124634 -6.71297530
112 -476.62161255 -6.71298046
113 -476.62185669 -6.71298390
114 -476.62216187 -6.71298820
115 -476.62207031 -6.71298691
116 -476.62225342 -6.71298948
117 -476.62240601 -6.71299163
118 -476.62213135 -6.71298777
119 -476.62207031 -6.71298691
120 -476.62246704 -6.71299249
121 -476.62234497 -6.71299077
122 -476.62338257 -6.71300539
123 -476.62246704 -6.71299249
124 -476.62295532 -6.71299937
125 -476.62313843 -6.71300195
126 -476.62271118 -6.71299593
127 -476.62286377 -6.71299808
128 -476.62319946 -6.71300281
129 -476.62353516 -6.71300754
130 -476.62380981 -6.71301141
131 -476.62335205 -6.71300496
132 -476.62442017 -6.71302000
133 -476.62393188 -6.71301313
134 -476.62411499 -6.71301570
135 -476.62313843 -6.71300195
136 -476.62332153 -6.71300453
137 -476.62289429 -6.71299851
138 -476.62362671 -6.71300883
139 -476.62329102 -6.71300410
140 -476.62469482 -6.71302387
141 -476.62356567 -6.71300797
142 -476.62356567 -6.71300797
143 -476.62426758 -6.71301785
144 -476.62390137 -6.71301270
145 -476.62393188 -6.71301313
146 -476.62442017 -6.71302000
147 -476.62487793 -6.71302645
148 -476.62554932 -6.71303591
149 -476.62518311 -6.71303075
150 -476.62490845 -6.71302688
151 -476.62414551 -6.71301613
152 -476.62466431 -6.71302344
153 -476.62506104 -6.71302903
154 -476.62500000 -6.71302817
155 -476.62582397 -6.71303977
156 -476.62564087 -6.71303720
157 -476.62573242 -6.71303848
158 -476.62622070 -6.71304536
159 -476.62615967 -6.71304450
160 -476.62606812 -6.71304321
161 -476.62612915 -6.71304407
162 -476.62655640 -6.71305009
163 -476.62738037 -6.71306170
164 -476.62692261 -6.71305525
165 -476.62734985 -6.71306127
166 -476.62683105 -6.71305396
167 -476.62725830 -6.71305998
168 -476.62756348 -6.71306427
169 -476.62753296 -6.71306384
170 -476.62893677 -6.71308362
171 -476.62808228 -6.71307158
172 -476.62875366 -6.71308104
173 -476.62918091 -6.71308706
174 -476.62933350 -6.71308920
175 -476.62991333 -6.71309737
176 -476.63027954 -6.71310253
177 -476.62973022 -6.71309479
178 -476.63122559 -6.71311585
