0 -741.46618652 -6.62023381
1 -741.51214600 -6.62064416
2 -741.54302979 -6.62091991
3 -741.57110596 -6.62117059
4 -741.59106445 -6.62134879
5 -741.60791016 -6.62149920
6 -741.62188721 -6.62162399
7 -741.63354492 -6.62172808
8 -741.64331055 -6.62181527
9 -741.65130615 -6.62188666
10 -741.65856934 -6.62195151
11 -741.66534424 -6.62201200
12 -741.67126465 -6.62206486
13 -741.67590332 -6.62210628
14 -741.67968750 -6.62214007
15 -741.68334961 -6.62217276
16 -741.68688965 -6.62220437
17 -741.69036865 -6.62223543
18 -741.69281006 -6.62225723
19 -741.69653320 -6.62229048
20 -741.69921875 -6.62231445
21 -741.70202637 -6.62233952
22 -741.70465088 -6.62236295
23 -741.70678711 -6.62238203
24 -741.70849609 -6.62239729
25 -741.71069336 -6.62241690
26 -741.71350098 -6.62244197
27 -741.71582031 -6.62246268
28 -741.71704102 -6.62247358
29 -741.71850586 -6.62248666
30 -741.71984863 -6.62249865
31 -741.72106934 -6.62250955
32 -741.72265625 -6.62252372
33 -741.72460938 -6.62254116
34 -741.72546387 -6.62254878
35 -741.72570801 -6.62255096
36 -741.72814941 -6.62257276
37 -741.72863770 -6.62257712
38 -741.72998047 -6.62258911
39 -741.73107910 -6.62259892
40 -741.73229980 -6.62260982
41 -741.73327637 -6.62261854
42 -741.73431396 -6.62262780
43 -741.73492432 -6.62263325
44 -741.73583984 -6.62264143
45 -741.73681641 -6.62265015
46 -741.73754883 -6.62265669
47 -741.73913574 -6.62267085
