0 -475.38430786 -7.20279254
1 -475.39559937 -7.20296363
2 -475.40292358 -7.20307460
3 -475.40701294 -7.20313656
4 -475.40948486 -7.20317401
5 -475.41259766 -7.20322118
6 -475.41381836 -7.20323967
7 -475.41567993 -7.20326788
8 -475.41732788 -7.20329285
9 -475.41909790 -7.20331967
10 -475.42001343 -7.20333354
11 -475.42044067 -7.20334001
12 -475.42214966 -7.20336590
13 -475.42303467 -7.20337931
14 -475.42321777 -7.20338209
15 -475.42449951 -7.20340151
16 -475.42541504 -7.20341538
17 -475.42681885 -7.20343665
18 -475.42745972 -7.20344636
19 -475.42852783 -7.20346254
20 -475.42837524 -7.20346023
21 -475.42904663 -7.20347040
22 -475.43063354 -7.20349445
23 -475.43142700 -7.20350647
24 -475.43218994 -7.20351803
25 -475.43322754 -7.20353375
26 -475.43408203 -7.20354670
27 -475.43368530 -7.20354069
28 -475.43466187 -7.20355548
29 -475.43521118 -7.20356381
30 -475.43572998 -7.20357167
31 -475.43704224 -7.20359155
32 -475.43801880 -7.20360635
33 -475.43920898 -7.20362438
34 -475.43930054 -7.20362577
35 -475.43988037 -7.20363455
36 -475.44009399 -7.20363779
37 -475.44009399 -7.20363779
38 -475.44137573 -7.20365721
39 -475.44268799 -7.20367709
40 -475.44302368 -7.20368218
41 -475.44326782 -7.20368588
42 -475.44375610 -7.20369327
43 -475.44421387 -7.20370021
44 -475.44451904 -7.20370483
45 -475.44509888 -7.20371362
46 -475.44512939 -7.20371408
47 -475.44555664 -7.20372056
48 -475.44680786 -7.20373951
49 -475.44680786 -7.20373951
50 -475.44744873 -7.20374922
51 -475.44885254 -7.20377049
52 -475.44891357 -7.20377142
53 -475.44952393 -7.20378067
54 -475.44900513 -7.20377280
55 -475.45043945 -7.20379454
56 -475.45077515 -7.20379962
57 -475.45050049 -7.20379546
58 -475.45071411 -7.20379870
59 -475.45104980 -7.20380378
60 -475.45227051 -7.20382228
61 -475.45278931 -7.20383014
62 -475.45294189 -7.20383245
63 -475.45336914 -7.20383893
64 -475.45407104 -7.20384956
65 -475.45413208 -7.20385049
66 -475.45455933 -7.20385696
67 -475.45498657 -7.20386343
68 -475.45492554 -7.20386251
69 -475.45437622 -7.20385419
70 -475.45501709 -7.20386390
71 -475.45547485 -7.20387083
72 -475.45559692 -7.20387268
73 -475.45550537 -7.20387129
74 -475.45700073 -7.20389395
75 -475.45666504 -7.20388886
76 -475.45706177 -7.20389488
77 -475.45785522 -7.20390690
78 -475.45846558 -7.20391615
79 -475.45748901 -7.20390135
80 -475.45809937 -7.20391060
81 -475.45895386 -7.20392354
82 -475.45901489 -7.20392447
83 -475.45849609 -7.20391661
84 -475.45849609 -7.20391661
85 -475.45956421 -7.20393279
86 -475.45977783 -7.20393603
87 -475.45971680 -7.20393510
88 -475.46084595 -7.20395221
89 -475.46142578 -7.20396100
90 -475.46130371 -7.20395915
91 -475.46191406 -7.20396839
92 -475.46295166 -7.20398412
93 -475.46298218 -7.20398458
94 -475.46386719 -7.20399799
95 -475.46286011 -7.20398273
96 -475.46350098 -7.20399244
97 -475.46447754 -7.20400724
98 -475.46463013 -7.20400955
99 -475.46493530 -7.20401417
100 -475.46389771 -7.20399845
101 -475.46432495 -7.20400492
102 -475.46417236 -7.20400261
103 -475.46459961 -7.20400908
104 -475.46411133 -7.20400169
105 -475.46466064 -7.20401001
106 -475.46487427 -7.20401325
107 -475.46520996 -7.20401833
108 -475.46520996 -7.20401833
109 -475.46560669 -7.20402434
110 -475.46487427 -7.20401325
111 -475.46554565 -7.20402342
112 -475.46609497 -7.20403174
113 -475.46557617 -7.20402388
114 -475.46594238 -7.20402943
115 -475.46655273 -7.20403868
116 -475.46618652 -7.20403313
117 -475.46661377 -7.20403960
118 -475.46780396 -7.20405764
119 -475.46737671 -7.20405116
120 -475.46694946 -7.20404469
121 -475.46789551 -7.20405902
122 -475.46755981 -7.20405394
123 -475.46734619 -7.20405070
124 -475.46768188 -7.20405579
125 -475.46826172 -7.20406457
126 -475.46810913 -7.20406226
127 -475.46810913 -7.20406226
128 -475.46777344 -7.20405717
129 -475.46759033 -7.20405440
130 -475.46826172 -7.20406457
131 -475.46920776 -7.20407891
132 -475.46966553 -7.20408584
133 -475.47006226 -7.20409185
134 -475.46936035 -7.20408122
135 -475.47055054 -7.20409925
136 -475.47015381 -7.20409324
137 -475.47027588 -7.20409509
138 -475.47015381 -7.20409324
139 -475.47082520 -7.20410341
140 -475.47055054 -7.20409925
141 -475.47048950 -7.20409833
142 -475.47033691 -7.20409601
143 -475.47085571 -7.20410387
144 -475.47140503 -7.20411220
145 -475.47088623 -7.20410434
146 -475.47146606 -7.20411312
147 -475.47225952 -7.20412514
148 -475.47250366 -7.20412884
149 -475.47229004 -7.20412561
150 -475.47290039 -7.20413485
151 -475.47302246 -7.20413670
152 -475.47341919 -7.20414271
153 -475.47357178 -7.20414503
154 -475.47378540 -7.20414826
155 -475.47427368 -7.20415566
156 -475.47393799 -7.20415058
157 -475.47341919 -7.20414271
158 -475.47470093 -7.20416214
159 -475.47402954 -7.20415196
160 -475.47436523 -7.20415705
161 -475.47463989 -7.20416121
162 -475.47476196 -7.20416306
163 -475.47506714 -7.20416768
164 -475.47494507 -7.20416583
165 -475.47528076 -7.20417092
166 -475.47521973 -7.20417000
167 -475.47619629 -7.20418479
168 -475.47619629 -7.20418479
169 -475.47601318 -7.20418202
170 -475.47680664 -7.20419404
171 -475.47702026 -7.20419728
172 -475.47735596 -7.20420236
173 -475.47735596 -7.20420236
174 -475.47671509 -7.20419265
175 -475.47717285 -7.20419959
176 -475.47799683 -7.20421207
177 -475.47735596 -7.20420236
178 -475.47772217 -7.20420791
179 -475.47894287 -7.20422641
180 -475.47885132 -7.20422502
181 -475.47894287 -7.20422641
182 -475.47930908 -7.20423196
183 -475.47991943 -7.20424120
184 -475.48031616 -7.20424721
185 -475.47998047 -7.20424213
186 -475.48037720 -7.20424814
187 -475.48086548 -7.20425554
188 -475.48065186 -7.20425230
189 -475.48110962 -7.20425924
190 -475.48062134 -7.20425184
191 -475.48092651 -7.20425646
192 -475.48114014 -7.20425970
193 -475.48150635 -7.20426525
194 -475.48162842 -7.20426710
195 -475.48156738 -7.20426617
196 -475.48068237 -7.20425276
197 -475.48263550 -7.20428236
198 -475.48190308 -7.20427126
199 -475.48236084 -7.20427819
200 -475.48229980 -7.20427727
201 -475.48284912 -7.20428559
202 -475.48339844 -7.20429392
203 -475.48348999 -7.20429530
204 -475.48403931 -7.20430363
205 -475.48385620 -7.20430085
206 -475.48361206 -7.20429715
207 -475.48379517 -7.20429993
208 -475.48379517 -7.20429993
209 -475.48437500 -7.20430871
210 -475.48565674 -7.20432813
211 -475.48507690 -7.20431935
212 -475.48498535 -7.20431796
213 -475.48550415 -7.20432582
214 -475.48516846 -7.20432073
215 -475.48599243 -7.20433322
216 -475.48690796 -7.20434709
217 -475.48678589 -7.20434524
218 -475.48651123 -7.20434108
219 -475.48681641 -7.20434570
220 -475.48773193 -7.20435957
221 -475.48730469 -7.20435310
222 -475.48709106 -7.20434986
223 -475.48791504 -7.20436235
224 -475.48736572 -7.20435403
225 -475.48788452 -7.20436189
226 -475.48764038 -7.20435819
227 -475.48767090 -7.20435865
228 -475.48834229 -7.20436882
229 -475.48864746 -7.20437345
230 -475.48910522 -7.20438038
231 -475.48925781 -7.20438269
232 -475.48956299 -7.20438732
233 -475.48953247 -7.20438686
234 -475.48937988 -7.20438454
235 -475.49017334 -7.20439657
236 -475.48959351 -7.20438778
237 -475.48947144 -7.20438593
238 -475.48992920 -7.20439287
239 -475.49014282 -7.20439610
240 -475.48983765 -7.20439148
241 -475.49014282 -7.20439610
242 -475.48959351 -7.20438778
243 -475.49014282 -7.20439610
244 -475.48962402 -7.20438824
245 -475.49023438 -7.20439749
246 -475.49008179 -7.20439518
247 -475.49050903 -7.20440165
248 -475.49081421 -7.20440628
249 -475.49118042 -7.20441182
250 -475.49114990 -7.20441136
251 -475.49142456 -7.20441552
252 -475.49160767 -7.20441830
253 -475.49124146 -7.20441275
254 -475.49142456 -7.20441552
255 -475.49096680 -7.20440859
256 -475.49176025 -7.20442061
257 -475.49264526 -7.20443402
258 -475.49313354 -7.20444142
259 -475.49206543 -7.20442523
260 -475.49240112 -7.20443032
261 -475.49258423 -7.20443309
262 -475.49227905 -7.20442847
263 -475.49243164 -7.20443078
264 -475.49261475 -7.20443356
265 -475.49215698 -7.20442662
266 -475.49249268 -7.20443171
267 -475.49307251 -7.20444049
268 -475.49261475 -7.20443356
269 -475.49212646 -7.20442616
270 -475.49243164 -7.20443078
271 -475.49237061 -7.20442986
272 -475.49267578 -7.20443448
273 -475.49230957 -7.20442893
274 -475.49172974 -7.20442015
275 -475.49191284 -7.20442292
276 -475.49230957 -7.20442893
277 -475.49234009 -7.20442940
278 -475.49209595 -7.20442570
279 -475.49267578 -7.20443448
280 -475.49212646 -7.20442616
281 -475.49237061 -7.20442986
282 -475.49212646 -7.20442616
283 -475.49160767 -7.20441830
284 -475.49188232 -7.20442246
285 -475.49279785 -7.20443633
286 -475.49197388 -7.20442385
287 -475.49206543 -7.20442523
288 -475.49264526 -7.20443402
289 -475.49249268 -7.20443171
290 -475.49246216 -7.20443124
291 -475.49246216 -7.20443124
292 -475.49221802 -7.20442755
293 -475.49230957 -7.20442893
294 -475.49276733 -7.20443587
295 -475.49218750 -7.20442708
296 -475.49240112 -7.20443032
297 -475.49230957 -7.20442893
298 -475.49276733 -7.20443587
299 -475.49276733 -7.20443587
300 -475.49246216 -7.20443124
301 -475.49288940 -7.20443772
302 -475.49383545 -7.20445205
303 -475.49295044 -7.20443864
304 -475.49328613 -7.20444373
305 -475.49423218 -7.20445806
306 -475.49398804 -7.20445436
307 -475.49450684 -7.20446222
308 -475.49456787 -7.20446315
309 -475.49456787 -7.20446315
310 -475.49395752 -7.20445390
311 -475.49414062 -7.20445668
312 -475.49414062 -7.20445668
313 -475.49484253 -7.20446731
314 -475.49517822 -7.20447240
315 -475.49511719 -7.20447147
316 -475.49517822 -7.20447240
317 -475.49542236 -7.20447610
318 -475.49493408 -7.20446870
319 -475.49557495 -7.20447841
320 -475.49581909 -7.20448211
321 -475.49523926 -7.20447332
322 -475.49615479 -7.20448719
323 -475.49533081 -7.20447471
324 -475.49563599 -7.20447933
325 -475.49536133 -7.20447517
326 -475.49566650 -7.20447980
327 -475.49554443 -7.20447795
328 -475.49588013 -7.20448303
329 -475.49563599 -7.20447933
330 -475.49572754 -7.20448072
331 -475.49581909 -7.20448211
332 -475.49514771 -7.20447193
333 -475.49487305 -7.20446777
334 -475.49548340 -7.20447702
335 -475.49609375 -7.20448627
336 -475.49621582 -7.20448812
337 -475.49630737 -7.20448951
338 -475.49691772 -7.20449875
339 -475.49728394 -7.20450430
340 -475.49688721 -7.20449829
341 -475.49734497 -7.20450523
342 -475.49810791 -7.20451679
343 -475.49771118 -7.20451078
344 -475.49746704 -7.20450708
345 -475.49700928 -7.20450014
346 -475.49731445 -7.20450476
347 -475.49639893 -7.20449089
348 -475.49786377 -7.20451309
349 -475.49798584 -7.20451494
350 -475.49725342 -7.20450384
351 -475.49725342 -7.20450384
352 -475.49807739 -7.20451632
353 -475.49746704 -7.20450708
354 -475.49667358 -7.20449505
355 -475.49642944 -7.20449136
356 -475.49700928 -7.20450014
357 -475.49716187 -7.20450245
358 -475.49707031 -7.20450107
359 -475.49719238 -7.20450291
360 -475.49682617 -7.20449737
361 -475.49630737 -7.20448951
362 -475.49691772 -7.20449875
363 -475.49670410 -7.20449552
364 -475.49710083 -7.20450153
365 -475.49630737 -7.20448951
366 -475.49603271 -7.20448534
367 -475.49606323 -7.20448581
368 -475.49645996 -7.20449182
369 -475.49627686 -7.20448904
370 -475.49682617 -7.20449737
371 -475.49703979 -7.20450060
372 -475.49597168 -7.20448442
373 -475.49710083 -7.20450153
374 -475.49636841 -7.20449043
375 -475.49691772 -7.20449875
376 -475.49664307 -7.20449459
377 -475.49728394 -7.20450430
378 -475.49749756 -7.20450754
379 -475.49780273 -7.20451216
380 -475.49734497 -7.20450523
381 -475.49734497 -7.20450523
382 -475.49697876 -7.20449968
383 -475.49694824 -7.20449922
384 -475.49700928 -7.20450014
385 -475.49676514 -7.20449644
386 -475.49645996 -7.20449182
387 -475.49621582 -7.20448812
388 -475.49627686 -7.20448904
389 -475.49627686 -7.20448904
390 -475.49624634 -7.20448858
391 -475.49707031 -7.20450107
392 -475.49652100 -7.20449274
393 -475.49655151 -7.20449320
394 -475.49703979 -7.20450060
395 -475.49673462 -7.20449598
396 -475.49642944 -7.20449136
397 -475.49612427 -7.20448673
398 -475.49554443 -7.20447795
399 -475.49566650 -7.20447980
400 -475.49588013 -7.20448303
401 -475.49563599 -7.20447933
402 -475.49581909 -7.20448211
403 -475.49618530 -7.20448766
404 -475.49630737 -7.20448951
405 -475.49627686 -7.20448904
406 -475.49703979 -7.20450060
407 -475.49557495 -7.20447841
408 -475.49597168 -7.20448442
409 -475.49533081 -7.20447471
410 -475.49597168 -7.20448442
411 -475.49627686 -7.20448904
412 -475.49627686 -7.20448904
413 -475.49581909 -7.20448211
414 -475.49630737 -7.20448951
415 -475.49569702 -7.20448026
416 -475.49572754 -7.20448072
417 -475.49502563 -7.20447009
418 -475.49499512 -7.20446962
419 -475.49508667 -7.20447101
420 -475.49453735 -7.20446269
421 -475.49481201 -7.20446685
422 -475.49429321 -7.20445899
423 -475.49417114 -7.20445714
424 -475.49514771 -7.20447193
425 -475.49481201 -7.20446685
426 -475.49493408 -7.20446870
427 -475.49487305 -7.20446777
428 -475.49526978 -7.20447378
429 -475.49508667 -7.20447101
430 -475.49432373 -7.20445945
431 -475.49414062 -7.20445668
432 -475.49380493 -7.20445159
433 -475.49319458 -7.20444234
434 -475.49322510 -7.20444280
435 -475.49331665 -7.20444419
436 -475.49307251 -7.20444049
437 -475.49227905 -7.20442847
438 -475.49285889 -7.20443726
439 -475.49298096 -7.20443911
440 -475.49322510 -7.20444280
441 -475.49319458 -7.20444234
442 -475.49380493 -7.20445159
443 -475.49288940 -7.20443772
444 -475.49258423 -7.20443309
445 -475.49145508 -7.20441599
446 -475.49179077 -7.20442107
447 -475.49179077 -7.20442107
448 -475.49243164 -7.20443078
449 -475.49197388 -7.20442385
450 -475.49261475 -7.20443356
451 -475.49200439 -7.20442431
452 -475.49191284 -7.20442292
453 -475.49230957 -7.20442893
454 -475.49066162 -7.20440396
455 -475.49066162 -7.20440396
456 -475.49157715 -7.20441784
457 -475.49038696 -7.20439980
458 -475.49160767 -7.20441830
459 -475.49154663 -7.20441737
460 -475.49130249 -7.20441367
461 -475.49215698 -7.20442662
462 -475.49243164 -7.20443078
463 -475.49240112 -7.20443032
464 -475.49258423 -7.20443309
465 -475.49182129 -7.20442153
466 -475.49182129 -7.20442153
467 -475.49215698 -7.20442662
468 -475.49261475 -7.20443356
469 -475.49270630 -7.20443494
470 -475.49328613 -7.20444373
471 -475.49349976 -7.20444697
472 -475.49368286 -7.20444974
473 -475.49346924 -7.20444650
474 -475.49371338 -7.20445020
475 -475.49414062 -7.20445668
476 -475.49310303 -7.20444095
477 -475.49346924 -7.20444650
478 -475.49447632 -7.20446176
479 -475.49404907 -7.20445529
480 -475.49475098 -7.20446592
481 -475.49453735 -7.20446269
482 -475.49389648 -7.20445298
483 -475.49365234 -7.20444928
484 -475.49328613 -7.20444373
485 -475.49383545 -7.20445205
486 -475.49386597 -7.20445251
487 -475.49417114 -7.20445714
488 -475.49423218 -7.20445806
489 -475.49472046 -7.20446546
490 -475.49432373 -7.20445945
491 -475.49453735 -7.20446269
492 -475.49411011 -7.20445621
493 -475.49395752 -7.20445390
494 -475.49426270 -7.20445853
495 -475.49438477 -7.20446038
496 -475.49368286 -7.20444974
497 -475.49462891 -7.20446407
498 -475.49407959 -7.20445575
499 -475.49484253 -7.20446731
500 -475.49438477 -7.20446038
501 -475.49383545 -7.20445205
502 -475.49468994 -7.20446500
503 -475.49468994 -7.20446500
504 -475.49499512 -7.20446962
505 -475.49468994 -7.20446500
506 -475.49554443 -7.20447795
507 -475.49523926 -7.20447332
508 -475.49572754 -7.20448072
509 -475.49606323 -7.20448581
510 -475.49615479 -7.20448719
511 -475.49545288 -7.20447656
512 -475.49557495 -7.20447841
513 -475.49578857 -7.20448165
514 -475.49533081 -7.20447471
515 -475.49508667 -7.20447101
516 -475.49490356 -7.20446824
517 -475.49581909 -7.20448211
518 -475.49578857 -7.20448165
519 -475.49624634 -7.20448858
520 -475.49591064 -7.20448349
521 -475.49578857 -7.20448165
522 -475.49606323 -7.20448581
523 -475.49652100 -7.20449274
524 -475.49539185 -7.20447563
525 -475.49655151 -7.20449320
526 -475.49523926 -7.20447332
527 -475.49621582 -7.20448812
528 -475.49639893 -7.20449089
529 -475.49578857 -7.20448165
530 -475.49475098 -7.20446592
531 -475.49642944 -7.20449136
532 -475.49533081 -7.20447471
533 -475.49594116 -7.20448396
534 -475.49612427 -7.20448673
535 -475.49655151 -7.20449320
536 -475.49621582 -7.20448812
537 -475.49493408 -7.20446870
538 -475.49591064 -7.20448349
539 -475.49633789 -7.20448997
540 -475.49697876 -7.20449968
541 -475.49612427 -7.20448673
542 -475.49548340 -7.20447702
543 -475.49594116 -7.20448396
544 -475.49578857 -7.20448165
545 -475.49636841 -7.20449043
546 -475.49636841 -7.20449043
547 -475.49649048 -7.20449228
548 -475.49560547 -7.20447887
549 -475.49566650 -7.20447980
550 -475.49542236 -7.20447610
551 -475.49548340 -7.20447702
552 -475.49594116 -7.20448396
553 -475.49588013 -7.20448303
554 -475.49560547 -7.20447887
555 -475.49624634 -7.20448858
556 -475.49545288 -7.20447656
557 -475.49560547 -7.20447887
558 -475.49490356 -7.20446824
559 -475.49533081 -7.20447471
560 -475.49502563 -7.20447009
561 -475.49560547 -7.20447887
562 -475.49539185 -7.20447563
563 -475.49542236 -7.20447610
564 -475.49462891 -7.20446407
565 -475.49447632 -7.20446176
566 -475.49414062 -7.20445668
567 -475.49450684 -7.20446222
568 -475.49517822 -7.20447240
569 -475.49514771 -7.20447193
570 -475.49487305 -7.20446777
571 -475.49432373 -7.20445945
572 -475.49423218 -7.20445806
573 -475.49472046 -7.20446546
574 -475.49517822 -7.20447240
575 -475.49475098 -7.20446592
576 -475.49517822 -7.20447240
577 -475.49539185 -7.20447563
578 -475.49511719 -7.20447147
579 -475.49520874 -7.20447286
580 -475.49472046 -7.20446546
581 -475.49459839 -7.20446361
582 -475.49435425 -7.20445991
583 -475.49462891 -7.20446407
584 -475.49520874 -7.20447286
585 -475.49417114 -7.20445714
586 -475.49398804 -7.20445436
587 -475.49511719 -7.20447147
588 -475.49493408 -7.20446870
589 -475.49530029 -7.20447425
590 -475.49496460 -7.20446916
591 -475.49536133 -7.20447517
592 -475.49536133 -7.20447517
593 -475.49490356 -7.20446824
594 -475.49536133 -7.20447517
595 -475.49560547 -7.20447887
596 -475.49609375 -7.20448627
597 -475.49554443 -7.20447795
598 -475.49542236 -7.20447610
599 -475.49578857 -7.20448165
600 -475.49584961 -7.20448257
601 -475.49581909 -7.20448211
602 -475.49600220 -7.20448488
603 -475.49612427 -7.20448673
604 -475.49691772 -7.20449875
605 -475.49664307 -7.20449459
606 -475.49603271 -7.20448534
607 -475.49719238 -7.20450291
608 -475.49716187 -7.20450245
609 -475.49774170 -7.20451124
610 -475.49819946 -7.20451817
611 -475.49813843 -7.20451725
612 -475.49899292 -7.20453020
613 -475.49853516 -7.20452326
614 -475.49835205 -7.20452049
615 -475.49819946 -7.20451817
616 -475.49816895 -7.20451771
617 -475.49859619 -7.20452418
618 -475.49862671 -7.20452465
619 -475.49765015 -7.20450985
620 -475.49841309 -7.20452141
621 -475.49880981 -7.20452742
622 -475.49783325 -7.20451263
623 -475.49829102 -7.20451956
624 -475.49911499 -7.20453205
625 -475.49868774 -7.20452557
626 -475.49880981 -7.20452742
627 -475.49841309 -7.20452141
628 -475.49807739 -7.20451632
629 -475.49777222 -7.20451170
630 -475.49859619 -7.20452418
631 -475.49859619 -7.20452418
632 -475.49865723 -7.20452511
633 -475.49877930 -7.20452696
634 -475.49853516 -7.20452326
635 -475.49938965 -7.20453621
636 -475.50003052 -7.20454592
637 -475.49914551 -7.20453251
638 -475.49926758 -7.20453436
639 -475.49859619 -7.20452418
640 -475.49972534 -7.20454129
641 -475.49975586 -7.20454176
642 -475.50000000 -7.20454545
643 -475.50064087 -7.20455516
644 -475.50125122 -7.20456441
645 -475.50097656 -7.20456025
646 -475.50057983 -7.20455424
647 -475.50070190 -7.20455609
648 -475.50061035 -7.20455470
649 -475.50082397 -7.20455794
650 -475.50140381 -7.20456672
651 -475.50119019 -7.20456349
652 -475.50158691 -7.20456950
653 -475.50143433 -7.20456719
654 -475.50329590 -7.20459539
655 -475.50292969 -7.20458984
656 -475.50228882 -7.20458013
657 -475.50363159 -7.20460048
658 -475.50360107 -7.20460002
659 -475.50341797 -7.20459724
660 -475.50326538 -7.20459493
661 -475.50375366 -7.20460233
662 -475.50335693 -7.20459632
663 -475.50347900 -7.20459817
664 -475.50332642 -7.20459585
665 -475.50393677 -7.20460510
666 -475.50473022 -7.20461712
667 -475.50469971 -7.20461666
668 -475.50451660 -7.20461389
669 -475.50473022 -7.20461712
670 -475.50451660 -7.20461389
671 -475.50463867 -7.20461574
672 -475.50463867 -7.20461574
673 -475.50518799 -7.20462406
674 -475.50482178 -7.20461851
675 -475.50466919 -7.20461620
676 -475.50491333 -7.20461990
677 -475.50546265 -7.20462822
678 -475.50512695 -7.20462314
679 -475.50607300 -7.20463747
680 -475.50683594 -7.20464903
681 -475.50671387 -7.20464718
682 -475.50692749 -7.20465042
683 -475.50643921 -7.20464302
684 -475.50701904 -7.20465180
685 -475.50665283 -7.20464626
686 -475.50714111 -7.20465365
687 -475.50741577 -7.20465781
688 -475.50720215 -7.20465458
689 -475.50701904 -7.20465180
690 -475.50772095 -7.20466244
691 -475.50842285 -7.20467307
692 -475.50814819 -7.20466891
693 -475.50836182 -7.20467215
694 -475.50802612 -7.20466706
695 -475.50823975 -7.20467030
696 -475.50765991 -7.20466151
697 -475.50802612 -7.20466706
698 -475.50842285 -7.20467307
699 -475.50946045 -7.20468879
700 -475.50942993 -7.20468833
701 -475.50875854 -7.20467816
702 -475.50869751 -7.20467723
703 -475.50863647 -7.20467631
704 -475.50906372 -7.20468278
705 -475.50909424 -7.20468325
706 -475.50918579 -7.20468463
707 -475.50921631 -7.20468510
708 -475.50967407 -7.20469203
709 -475.50976562 -7.20469342
710 -475.50942993 -7.20468833
711 -475.50964355 -7.20469157
712 -475.50933838 -7.20468695
713 -475.50930786 -7.20468648
714 -475.50939941 -7.20468787
715 -475.50924683 -7.20468556
716 -475.50918579 -7.20468463
717 -475.50900269 -7.20468186
718 -475.50958252 -7.20469064
719 -475.50952148 -7.20468972
720 -475.50967407 -7.20469203
721 -475.50967407 -7.20469203
722 -475.50958252 -7.20469064
723 -475.50961304 -7.20469111
724 -475.50915527 -7.20468417
725 -475.50939941 -7.20468787
726 -475.50888062 -7.20468001
727 -475.50860596 -7.20467585
728 -475.50857544 -7.20467539
729 -475.50836182 -7.20467215
730 -475.50817871 -7.20466937
731 -475.50805664 -7.20466752
732 -475.50750732 -7.20465920
733 -475.50878906 -7.20467862
734 -475.50845337 -7.20467354
735 -475.50836182 -7.20467215
736 -475.50866699 -7.20467677
737 -475.50830078 -7.20467122
738 -475.50851440 -7.20467446
739 -475.50872803 -7.20467770
740 -475.50839233 -7.20467261
741 -475.50845337 -7.20467354
742 -475.50891113 -7.20468047
743 -475.50878906 -7.20467862
744 -475.50921631 -7.20468510
745 -475.50888062 -7.20468001
746 -475.50912476 -7.20468371
747 -475.50903320 -7.20468232
748 -475.50921631 -7.20468510
749 -475.50924683 -7.20468556
750 -475.50903320 -7.20468232
751 -475.50881958 -7.20467908
752 -475.50860596 -7.20467585
753 -475.50909424 -7.20468325
754 -475.50845337 -7.20467354
755 -475.50814819 -7.20466891
756 -475.50851440 -7.20467446
757 -475.50878906 -7.20467862
758 -475.50857544 -7.20467539
