0 -662.97277832 -6.13863684
1 -663.07757568 -6.13960718
2 -663.16876221 -6.14045150
3 -663.24353027 -6.14114380
4 -663.31103516 -6.14176884
5 -663.36981201 -6.14231307
6 -663.42199707 -6.14279627
7 -663.46936035 -6.14323482
8 -663.51129150 -6.14362307
9 -663.54925537 -6.14397459
10 -663.58563232 -6.14431141
11 -663.61785889 -6.14460980
12 -663.64874268 -6.14489577
13 -663.67767334 -6.14516364
14 -663.70452881 -6.14541230
15 -663.72979736 -6.14564627
16 -663.75280762 -6.14585933
17 -663.77429199 -6.14605826
18 -663.79467773 -6.14624702
19 -663.81604004 -6.14644482
20 -663.83416748 -6.14661266
21 -663.85284424 -6.14678559
22 -663.87023926 -6.14694666
23 -663.88830566 -6.14711394
24 -663.90496826 -6.14726822
25 -663.92022705 -6.14740951
26 -663.93457031 -6.14754232
27 -663.94873047 -6.14767343
28 -663.96301270 -6.14780567
29 -663.97570801 -6.14792322
30 -663.98870850 -6.14804360
31 -664.00128174 -6.14816002
32 -664.01403809 -6.14827813
33 -664.02618408 -6.14839059
34 -664.03924561 -6.14851153
35 -664.05114746 -6.14862174
36 -664.06378174 -6.14873872
37 -664.07556152 -6.14884779
38 -664.08721924 -6.14895573
39 -664.09808350 -6.14905633
40 -664.10949707 -6.14916201
41 -664.12103271 -6.14926882
42 -664.13079834 -6.14935924
43 -664.14123535 -6.14945588
44 -664.15130615 -6.14954913
45 -664.16131592 -6.14964181
46 -664.17114258 -6.14973280
47 -664.18072510 -6.14982153
48 -664.19067383 -6.14991365
49 -664.19909668 -6.14999164
50 -664.20904541 -6.15008375
51 -664.21759033 -6.15016287
52 -664.22674561 -6.15024764
53 -664.23535156 -6.15032733
54 -664.24468994 -6.15041380
55 -664.25262451 -6.15048726
56 -664.26159668 -6.15057034
57 -664.26989746 -6.15064720
58 -664.27801514 -6.15072236
59 -664.28710938 -6.15080657
60 -664.29528809 -6.15088230
61 -664.30358887 -6.15095916
62 -664.31121826 -6.15102980
63 -664.31829834 -6.15109535
64 -664.32604980 -6.15116713
65 -664.33325195 -6.15123381
66 -664.34082031 -6.15130389
67 -664.34759521 -6.15136662
68 -664.35552979 -6.15144009
69 -664.36193848 -6.15149943
70 -664.36889648 -6.15156386
71 -664.37493896 -6.15161981
72 -664.38238525 -6.15168875
73 -664.38885498 -6.15174866
74 -664.39428711 -6.15179895
75 -664.40045166 -6.15185603
76 -664.40686035 -6.15191537
77 -664.41345215 -6.15197641
78 -664.41943359 -6.15203179
79 -664.42584229 -6.15209113
80 -664.43212891 -6.15214934
81 -664.43774414 -6.15220133
82 -664.44372559 -6.15225672
83 -664.44946289 -6.15230984
84 -664.45520020 -6.15236296
85 -664.46069336 -6.15241383
86 -664.46655273 -6.15246808
87 -664.47100830 -6.15250934
88 -664.47644043 -6.15255963
89 -664.48199463 -6.15261106
90 -664.48645020 -6.15265232
91 -664.49200439 -6.15270374
92 -664.49676514 -6.15274783
93 -664.50189209 -6.15279530
94 -664.50708008 -6.15284333
95 -664.51165771 -6.15288572
96 -664.51647949 -6.15293037
97 -664.52038574 -6.15296653
98 -664.52526855 -6.15301175
99 -664.52984619 -6.15305413
100 -664.53472900 -6.15309934
101 -664.54016113 -6.15314964
102 -664.54425049 -6.15318750
103 -664.54827881 -6.15322480
104 -664.55352783 -6.15327341
105 -664.55798340 -6.15331466
106 -664.56195068 -6.15335140
107 -664.56652832 -6.15339378
108 -664.57025146 -6.15342825
109 -664.57434082 -6.15346612
110 -664.57855225 -6.15350511
111 -664.58233643 -6.15354015
112 -664.58666992 -6.15358028
113 -664.59100342 -6.15362040
114 -664.59436035 -6.15365148
115 -664.59777832 -6.15368313
116 -664.60223389 -6.15372439
117 -664.60540771 -6.15375378
118 -664.60943604 -6.15379107
119 -664.61395264 -6.15383289
120 -664.61724854 -6.15386341
121 -664.62005615 -6.15388941
122 -664.62371826 -6.15392332
123 -664.62707520 -6.15395440
124 -664.63043213 -6.15398548
125 -664.63385010 -6.15401713
126 -664.63800049 -6.15405556
127 -664.64105225 -6.15408382
128 -664.64440918 -6.15411490
129 -664.64715576 -6.15414033
130 -664.65057373 -6.15417198
131 -664.65313721 -6.15419571
132 -664.65551758 -6.15421776
133 -664.65887451 -6.15424884
134 -664.66168213 -6.15427483
135 -664.66467285 -6.15430253
136 -664.66723633 -6.15432626
137 -664.66992188 -6.15435113
138 -664.67303467 -6.15437995
139 -664.67608643 -6.15440821
140 -664.67828369 -6.15442855
141 -664.68023682 -6.15444664
142 -664.68267822 -6.15446924
143 -664.68457031 -6.15448676
144 -664.68695068 -6.15450880
145 -664.68969727 -6.15453423
146 -664.69158936 -6.15455175
147 -664.69396973 -6.15457379
148 -664.69610596 -6.15459357
149 -664.69818115 -6.15461279
