0 -534.41723633 -6.21415391
1 -534.48028564 -6.21488704
2 -534.52984619 -6.21546333
3 -534.57183838 -6.21595161
4 -534.61163330 -6.21641434
5 -534.64691162 -6.21682455
6 -534.67761230 -6.21718154
7 -534.70812988 -6.21753639
8 -534.73486328 -6.21784725
9 -534.76086426 -6.21814958
10 -534.78729248 -6.21845689
11 -534.81170654 -6.21874077
12 -534.83581543 -6.21902111
13 -534.85705566 -6.21926809
14 -534.88024902 -6.21953778
15 -534.90112305 -6.21978050
16 -534.92083740 -6.22000974
17 -534.94104004 -6.22024465
18 -534.96008301 -6.22046608
19 -534.97894287 -6.22068538
20 -534.99737549 -6.22089971
21 -535.01409912 -6.22109418
22 -535.03082275 -6.22128864
23 -535.04620361 -6.22146748
24 -535.06188965 -6.22164988
25 -535.07788086 -6.22183582
26 -535.09228516 -6.22200332
27 -535.10534668 -6.22215519
28 -535.11901855 -6.22231417
29 -535.13256836 -6.22247173
30 -535.14617920 -6.22262999
31 -535.15936279 -6.22278329
32 -535.17266846 -6.22293801
33 -535.18646240 -6.22309840
34 -535.19940186 -6.22324886
35 -535.20989990 -6.22337093
36 -535.22119141 -6.22350223
37 -535.23162842 -6.22362359
38 -535.24237061 -6.22374850
39 -535.25341797 -6.22387695
40 -535.26397705 -6.22399973
41 -535.27362061 -6.22411187
42 -535.28369141 -6.22422897
43 -535.29284668 -6.22433543
44 -535.30230713 -6.22444543
45 -535.31054688 -6.22454124
46 -535.31793213 -6.22462712
47 -535.32757568 -6.22473925
48 -535.33636475 -6.22484145
49 -535.34558105 -6.22494862
50 -535.35327148 -6.22503804
51 -535.36108398 -6.22512888
52 -535.36938477 -6.22522540
53 -535.37658691 -6.22530915
54 -535.38452148 -6.22540141
55 -535.39276123 -6.22549722
56 -535.39965820 -6.22557742
57 -535.40637207 -6.22565549
58 -535.41235352 -6.22572504
59 -535.41778564 -6.22578821
60 -535.42456055 -6.22586698
61 -535.43035889 -6.22593441
62 -535.43652344 -6.22600609
63 -535.44287109 -6.22607990
64 -535.44848633 -6.22614519
65 -535.45404053 -6.22620977
66 -535.46020508 -6.22628145
67 -535.46520996 -6.22633965
68 -535.47064209 -6.22640281
69 -535.47564697 -6.22646101
70 -535.48101807 -6.22652347
71 -535.48608398 -6.22658237
72 -535.49133301 -6.22664341
73 -535.49603271 -6.22669805
74 -535.50091553 -6.22675483
75 -535.50573730 -6.22681090
76 -535.50982666 -6.22685845
77 -535.51367188 -6.22690316
78 -535.51806641 -6.22695426
79 -535.52264404 -6.22700749
80 -535.52685547 -6.22705646
81 -535.52954102 -6.22708769
82 -535.53399658 -6.22713950
83 -535.53778076 -6.22718350
84 -535.54193115 -6.22723176
85 -535.54565430 -6.22727505
86 -535.54949951 -6.22731976
87 -535.55364990 -6.22736802
88 -535.55676270 -6.22740422
89 -535.55981445 -6.22743970
90 -535.56298828 -6.22747661
91 -535.56573486 -6.22750854
92 -535.56921387 -6.22754900
93 -535.57305908 -6.22759371
94 -535.57635498 -6.22763203
95 -535.57922363 -6.22766539
96 -535.58276367 -6.22770655
97 -535.58605957 -6.22774488
98 -535.58825684 -6.22777043
99 -535.59191895 -6.22781301
100 -535.59448242 -6.22784282
101 -535.59735107 -6.22787618
102 -535.60003662 -6.22790740
103 -535.60223389 -6.22793295
104 -535.60504150 -6.22796560
105 -535.60803223 -6.22800037
106 -535.61071777 -6.22803160
107 -535.61297607 -6.22805786
108 -535.61566162 -6.22808909
109 -535.61877441 -6.22812528
110 -535.62145996 -6.22815651
111 -535.62432861 -6.22818987
112 -535.62622070 -6.22821187
113 -535.62866211 -6.22824026
114 -535.63104248 -6.22826794
115 -535.63421631 -6.22830484
116 -535.63677979 -6.22833465
117 -535.63952637 -6.22836659
118 -535.64196777 -6.22839497
119 -535.64416504 -6.22842052
120 -535.64587402 -6.22844040
121 -535.64807129 -6.22846595
122 -535.64996338 -6.22848795
123 -535.65179443 -6.22850924
124 -535.65368652 -6.22853124
125 -535.65570068 -6.22855466
126 -535.65838623 -6.22858589
127 -535.66082764 -6.22861427
128 -535.66284180 -6.22863770
129 -535.66479492 -6.22866041
130 -535.66644287 -6.22867957
131 -535.66833496 -6.22870157
132 -535.66967773 -6.22871718
133 -535.67242432 -6.22874912
134 -535.67462158 -6.22877467
135 -535.67639160 -6.22879525
136 -535.67877197 -6.22882293
137 -535.67938232 -6.22883003
138 -535.68206787 -6.22886125
139 -535.68347168 -6.22887758
140 -535.68524170 -6.22889816
141 -535.68658447 -6.22891377
142 -535.68872070 -6.22893861
143 -535.69030762 -6.22895707
144 -535.69183350 -6.22897481
145 -535.69311523 -6.22898971
146 -535.69482422 -6.22900958
147 -535.69628906 -6.22902662
148 -535.69726562 -6.22903797
149 -535.69873047 -6.22905501
150 -535.70019531 -6.22907204
151 -535.70233154 -6.22909688
152 -535.70367432 -6.22911249
153 -535.70489502 -6.22912669
154 -535.70574951 -6.22913662
155 -535.70697021 -6.22915082
156 -535.70800781 -6.22916288
157 -535.70928955 -6.22917779
158 -535.70983887 -6.22918417
159 -535.71099854 -6.22919766
160 -535.71179199 -6.22920688
161 -535.71325684 -6.22922392
162 -535.71411133 -6.22923385
163 -535.71563721 -6.22925160
164 -535.71643066 -6.22926082
165 -535.71789551 -6.22927785
166 -535.71838379 -6.22928353
167 -535.72015381 -6.22930411
168 -535.72076416 -6.22931121
169 -535.72180176 -6.22932328
170 -535.72283936 -6.22933534
171 -535.72381592 -6.22934670
172 -535.72540283 -6.22936515
173 -535.72607422 -6.22937296
174 -535.72650146 -6.22937792
175 -535.72790527 -6.22939425
176 -535.72845459 -6.22940063
177 -535.72967529 -6.22941483
178 -535.73101807 -6.22943044
179 -535.73199463 -6.22944180
180 -535.73229980 -6.22944535
181 -535.73321533 -6.22945599
182 -535.73425293 -6.22946806
183 -535.73547363 -6.22948225
184 -535.73590088 -6.22948722
185 -535.73724365 -6.22950283
186 -535.73822021 -6.22951419
187 -535.73925781 -6.22952625
188 -535.73999023 -6.22953477
189 -535.74114990 -6.22954825
190 -535.74169922 -6.22955464
191 -535.74279785 -6.22956742
192 -535.74334717 -6.22957380
193 -535.74450684 -6.22958729
194 -535.74530029 -6.22959652
195 -535.74578857 -6.22960219
196 -535.74621582 -6.22960716
197 -535.74682617 -6.22961426
198 -535.74810791 -6.22962916
199 -535.74896240 -6.22963910
200 -535.75006104 -6.22965187
201 -535.75115967 -6.22966465
202 -535.75158691 -6.22966962
203 -535.75238037 -6.22967884
204 -535.75323486 -6.22968878
205 -535.75372314 -6.22969446
206 -535.75445557 -6.22970297
207 -535.75537109 -6.22971362
208 -535.75616455 -6.22972284
209 -535.75708008 -6.22973349
210 -535.75756836 -6.22973917
211 -535.75811768 -6.22974555
212 -535.75860596 -6.22975123
213 -535.75915527 -6.22975762
214 -535.75976562 -6.22976472
215 -535.76013184 -6.22976897
216 -535.76159668 -6.22978601
217 -535.76165771 -6.22978672
218 -535.76190186 -6.22978956
219 -535.76245117 -6.22979594
220 -535.76312256 -6.22980375
221 -535.76354980 -6.22980872
222 -535.76416016 -6.22981582
223 -535.76483154 -6.22982362
224 -535.76519775 -6.22982788
225 -535.76629639 -6.22984066
226 -535.76666260 -6.22984491
227 -535.76702881 -6.22984917
228 -535.76806641 -6.22986124
229 -535.76861572 -6.22986762
230 -535.76892090 -6.22987117
231 -535.76959229 -6.22987898
232 -535.77044678 -6.22988892
233 -535.77111816 -6.22989672
234 -535.77203369 -6.22990737
