0 -721.35388184 -6.67920261
1 -721.36669922 -6.67932129
2 -721.37524414 -6.67940041
3 -721.37292480 -6.67937893
4 -721.36444092 -6.67930038
5 -721.36413574 -6.67929755
6 -721.36364746 -6.67929303
7 -721.36505127 -6.67930603
8 -721.36413574 -6.67929755
9 -721.36895752 -6.67934220
10 -721.36871338 -6.67933994
11 -721.36517334 -6.67930716
12 -721.35491943 -6.67921222
13 -721.35803223 -6.67924104
14 -721.35101318 -6.67917605
15 -721.35290527 -6.67919357
16 -721.35656738 -6.67922748
17 -721.35571289 -6.67921956
18 -721.34747314 -6.67914327
19 -721.34826660 -6.67915062
20 -721.34570312 -6.67912688
21 -721.34814453 -6.67914949
22 -721.34246826 -6.67909693
23 -721.34289551 -6.67910088
24 -721.34155273 -6.67908845
25 -721.34167480 -6.67908958
26 -721.33892822 -6.67906415
27 -721.33740234 -6.67905002
28 -721.33880615 -6.67906302
29 -721.32781982 -6.67896129
30 -721.32843018 -6.67896695
31 -721.32067871 -6.67889517
32 -721.31872559 -6.67887709
33 -721.31457520 -6.67883866
34 -721.31860352 -6.67887596
35 -721.31756592 -6.67886635
36 -721.31262207 -6.67882057
37 -721.31152344 -6.67881040
38 -721.30773926 -6.67877536
39 -721.30346680 -6.67873580
40 -721.29907227 -6.67869511
41 -721.29272461 -6.67863634
42 -721.29034424 -6.67861430
43 -721.28723145 -6.67858548
44 -721.28216553 -6.67853857
45 -721.28405762 -6.67855609
46 -721.27905273 -6.67850975
47 -721.27661133 -6.67848714
48 -721.27001953 -6.67842611
49 -721.27264404 -6.67845041
50 -721.27044678 -6.67843006
51 -721.26654053 -6.67839389
52 -721.26080322 -6.67834077
53 -721.26593018 -6.67838824
54 -721.26153564 -6.67834755
55 -721.26208496 -6.67835264
56 -721.25598145 -6.67829612
57 -721.25256348 -6.67826448
58 -721.24975586 -6.67823848
59 -721.24163818 -6.67816332
60 -721.24066162 -6.67815427
61 -721.23089600 -6.67806385
62 -721.23242188 -6.67807798
63 -721.23095703 -6.67806442
64 -721.23217773 -6.67807572
65 -721.23413086 -6.67809380
66 -721.23010254 -6.67805650
67 -721.22595215 -6.67801808
68 -721.21746826 -6.67793952
69 -721.21789551 -6.67794348
70 -721.21667480 -6.67793217
71 -721.20916748 -6.67786266
72 -721.20666504 -6.67783949
73 -721.20739746 -6.67784627
74 -721.20532227 -6.67782706
75 -721.20440674 -6.67781858
76 -721.20257568 -6.67780163
77 -721.19897461 -6.67776828
78 -721.19879150 -6.67776659
79 -721.19378662 -6.67772025
80 -721.19335938 -6.67771629
81 -721.19134521 -6.67769764
82 -721.18499756 -6.67763887
83 -721.18432617 -6.67763265
84 -721.18048096 -6.67759705
85 -721.17803955 -6.67757444
86 -721.17962646 -6.67758913
87 -721.17773438 -6.67757161
88 -721.17364502 -6.67753375
89 -721.17272949 -6.67752527
90 -721.16790771 -6.67748063
91 -721.16113281 -6.67741790
92 -721.15954590 -6.67740320
93 -721.16040039 -6.67741111
94 -721.15710449 -6.67738060
95 -721.15423584 -6.67735404
96 -721.15002441 -6.67731504
97 -721.15332031 -6.67734556
98 -721.15039062 -6.67731843
99 -721.15106201 -6.67732465
100 -721.14709473 -6.67728791
101 -721.14611816 -6.67727887
102 -721.14886475 -6.67730430
103 -721.14532471 -6.67727153
104 -721.14617920 -6.67727944
105 -721.14813232 -6.67729752
106 -721.13574219 -6.67718280
107 -721.13281250 -6.67715567
108 -721.13732910 -6.67719749
109 -721.13903809 -6.67721332
110 -721.13549805 -6.67718054
111 -721.13183594 -6.67714663
112 -721.13360596 -6.67716302
113 -721.12902832 -6.67712063
114 -721.13232422 -6.67715115
115 -721.12976074 -6.67712741
116 -721.12591553 -6.67709181
117 -721.11865234 -6.67702456
118 -721.11572266 -6.67699743
119 -721.11230469 -6.67696578
120 -721.11315918 -6.67697370
121 -721.11877441 -6.67702569
122 -721.12493896 -6.67708277
123 -721.12530518 -6.67708616
124 -721.12921143 -6.67712233
125 -721.11981201 -6.67703530
126 -721.12371826 -6.67707147
127 -721.11944580 -6.67703191
128 -721.11541748 -6.67699461
129 -721.11743164 -6.67701326
130 -721.11718750 -6.67701100
131 -721.11523438 -6.67699291
132 -721.11871338 -6.67702512
133 -721.11706543 -6.67700987
134 -721.11328125 -6.67697483
135 -721.11212158 -6.67696409
136 -721.11651611 -6.67700478
137 -721.11706543 -6.67700987
138 -721.11212158 -6.67696409
139 -721.11492920 -6.67699009
140 -721.10919189 -6.67693696
141 -721.10961914 -6.67694092
142 -721.10443115 -6.67689288
143 -721.10107422 -6.67686180
144 -721.10290527 -6.67687875
145 -721.09960938 -6.67684823
146 -721.09283447 -6.67678550
147 -721.09448242 -6.67680076
148 -721.09191895 -6.67677703
149 -721.09246826 -6.67678211
150 -721.08154297 -6.67668095
151 -721.08642578 -6.67672616
152 -721.08465576 -6.67670978
153 -721.09155273 -6.67677364
154 -721.09869385 -6.67683976
155 -721.09954834 -6.67684767
156 -721.09295654 -6.67678663
157 -721.09454346 -6.67680133
158 -721.09442139 -6.67680020
159 -721.09344482 -6.67679116
160 -721.09088135 -6.67676742
161 -721.08850098 -6.67674538
162 -721.09197998 -6.67677759
163 -721.08813477 -6.67674199
164 -721.08618164 -6.67672390
165 -721.08898926 -6.67674990
166 -721.09143066 -6.67677251
167 -721.09216309 -6.67677929
168 -721.08789062 -6.67673973
169 -721.08276367 -6.67669226
170 -721.08270264 -6.67669169
171 -721.08361816 -6.67670017
172 -721.08398438 -6.67670356
173 -721.09100342 -6.67676855
174 -721.08770752 -6.67673803
175 -721.09039307 -6.67676290
176 -721.08892822 -6.67674934
177 -721.08972168 -6.67675668
178 -721.08984375 -6.67675781
179 -721.09521484 -6.67680754
180 -721.09533691 -6.67680868
181 -721.09484863 -6.67680415
182 -721.09545898 -6.67680981
183 -721.09564209 -6.67681150
184 -721.09204102 -6.67677816
185 -721.08886719 -6.67674877
186 -721.09246826 -6.67678211
187 -721.09240723 -6.67678155
188 -721.08660889 -6.67672786
189 -721.08734131 -6.67673464
190 -721.08422852 -6.67670582
191 -721.07788086 -6.67664704
192 -721.07849121 -6.67665270
193 -721.07629395 -6.67663235
194 -721.07940674 -6.67666117
195 -721.07525635 -6.67662274
196 -721.07836914 -6.67665157
197 -721.07055664 -6.67657923
198 -721.06622314 -6.67653910
199 -721.06518555 -6.67652950
200 -721.07257080 -6.67659788
201 -721.06469727 -6.67652497
202 -721.06195068 -6.67649954
203 -721.06866455 -6.67656171
204 -721.07275391 -6.67659957
205 -721.07141113 -6.67658714
206 -721.07806396 -6.67664874
207 -721.08233643 -6.67668830
208 -721.07635498 -6.67663292
209 -721.07507324 -6.67662105
210 -721.07537842 -6.67662387
211 -721.07421875 -6.67661314
212 -721.06903076 -6.67656510
213 -721.07299805 -6.67660183
214 -721.07293701 -6.67660127
215 -721.07275391 -6.67659957
216 -721.07183838 -6.67659110
217 -721.06414795 -6.67651989
218 -721.06756592 -6.67655154
219 -721.06689453 -6.67654532
220 -721.06933594 -6.67656793
221 -721.07427979 -6.67661370
222 -721.07208252 -6.67659336
223 -721.07116699 -6.67658488
224 -721.06964111 -6.67657075
225 -721.07067871 -6.67658036
226 -721.07061768 -6.67657979
227 -721.06689453 -6.67654532
228 -721.06665039 -6.67654306
229 -721.06494141 -6.67652724
230 -721.06701660 -6.67654645
231 -721.06793213 -6.67655493
232 -721.06994629 -6.67657358
233 -721.06542969 -6.67653176
234 -721.06103516 -6.67649107
235 -721.06646729 -6.67654136
236 -721.06927490 -6.67656736
237 -721.06634521 -6.67654023
238 -721.06298828 -6.67650915
239 -721.06494141 -6.67652724
240 -721.06024170 -6.67648372
241 -721.05682373 -6.67645207
242 -721.06866455 -6.67656171
243 -721.06365967 -6.67651537
244 -721.05816650 -6.67646450
245 -721.06530762 -6.67653063
246 -721.05926514 -6.67647468
247 -721.05895996 -6.67647185
248 -721.06085205 -6.67648937
249 -721.06030273 -6.67648428
250 -721.06512451 -6.67652893
251 -721.06152344 -6.67649559
252 -721.06347656 -6.67651367
253 -721.06396484 -6.67651819
254 -721.06103516 -6.67649107
255 -721.05590820 -6.67644359
256 -721.05523682 -6.67643738
257 -721.05920410 -6.67647411
258 -721.05145264 -6.67640234
259 -721.04516602 -6.67634413
260 -721.05279541 -6.67641477
261 -721.05218506 -6.67640912
262 -721.05780029 -6.67646111
263 -721.05175781 -6.67640516
264 -721.04925537 -6.67638199
265 -721.05456543 -6.67643116
266 -721.04840088 -6.67637408
267 -721.05029297 -6.67639160
268 -721.05242920 -6.67641138
269 -721.04785156 -6.67636900
270 -721.04553223 -6.67634752
271 -721.04461670 -6.67633904
272 -721.03289795 -6.67623054
273 -721.03747559 -6.67627292
274 -721.03082275 -6.67621132
275 -721.02355957 -6.67614407
276 -721.02929688 -6.67619719
277 -721.02990723 -6.67620284
278 -721.02587891 -6.67616555
279 -721.01293945 -6.67604574
280 -721.01623535 -6.67607625
281 -721.01538086 -6.67606834
282 -721.01672363 -6.67608077
283 -721.01513672 -6.67606608
284 -721.01867676 -6.67609886
285 -721.01538086 -6.67606834
286 -721.01177979 -6.67603500
287 -721.00769043 -6.67599713
288 -721.00830078 -6.67600279
289 -720.99822998 -6.67590954
290 -720.99792480 -6.67590671
291 -720.99572754 -6.67588637
292 -720.99560547 -6.67588524
293 -720.99072266 -6.67584002
294 -720.99353027 -6.67586602
295 -720.98657227 -6.67580160
296 -720.98217773 -6.67576090
297 -720.98266602 -6.67576543
298 -720.98175049 -6.67575695
299 -720.97692871 -6.67571230
300 -720.97735596 -6.67571626
301 -720.97375488 -6.67568292
302 -720.97497559 -6.67569422
303 -720.97485352 -6.67569309
304 -720.97070312 -6.67565466
305 -720.96923828 -6.67564110
306 -720.96905518 -6.67563940
307 -720.96569824 -6.67560832
308 -720.96179199 -6.67557215
309 -720.96203613 -6.67557441
310 -720.95977783 -6.67555350
311 -720.95690918 -6.67552694
312 -720.95404053 -6.67550038
313 -720.95092773 -6.67547155
314 -720.95562744 -6.67551507
315 -720.95312500 -6.67549190
316 -720.95330811 -6.67549359
317 -720.95507812 -6.67550998
318 -720.95556641 -6.67551450
319 -720.95104980 -6.67547268
320 -720.94830322 -6.67544725
321 -720.94689941 -6.67543425
322 -720.94091797 -6.67537887
323 -720.94372559 -6.67540487
324 -720.94763184 -6.67544104
325 -720.95312500 -6.67549190
326 -720.95269775 -6.67548794
327 -720.95672607 -6.67552524
328 -720.95556641 -6.67551450
329 -720.95587158 -6.67551733
330 -720.96002197 -6.67555576
331 -720.96264648 -6.67558006
332 -720.96575928 -6.67560888
333 -720.96240234 -6.67557780
334 -720.95941162 -6.67555011
335 -720.95361328 -6.67549642
336 -720.95312500 -6.67549190
337 -720.94909668 -6.67545460
338 -720.95196533 -6.67548116
339 -720.94714355 -6.67543651
340 -720.94592285 -6.67542521
341 -720.94506836 -6.67541730
342 -720.94921875 -6.67545573
343 -720.95239258 -6.67548512
344 -720.94671631 -6.67543256
345 -720.94567871 -6.67542295
346 -720.94720459 -6.67543708
347 -720.94311523 -6.67539922
348 -720.94317627 -6.67539978
349 -720.93127441 -6.67528958
350 -720.93206787 -6.67529692
351 -720.93615723 -6.67533479
352 -720.93811035 -6.67535287
353 -720.93725586 -6.67534496
354 -720.94116211 -6.67538113
355 -720.93835449 -6.67535513
356 -720.93933105 -6.67536418
357 -720.93945312 -6.67536531
358 -720.93823242 -6.67535400
359 -720.93560791 -6.67532970
360 -720.92791748 -6.67525850
361 -720.93389893 -6.67531388
362 -720.93841553 -6.67535570
363 -720.93450928 -6.67531953
364 -720.93774414 -6.67534948
365 -720.93347168 -6.67530992
366 -720.93133545 -6.67529014
367 -720.92974854 -6.67527545
368 -720.93328857 -6.67530823
369 -720.93420410 -6.67531670
370 -720.93542480 -6.67532801
371 -720.93188477 -6.67529523
372 -720.93450928 -6.67531953
373 -720.92858887 -6.67526471
374 -720.93072510 -6.67528449
375 -720.93286133 -6.67530427
376 -720.93640137 -6.67533705
377 -720.92932129 -6.67527149
