0 -658.14526367 -7.15375287
1 -658.11267090 -7.15339860
2 -658.08557129 -7.15310404
3 -658.04882812 -7.15270465
4 -658.01043701 -7.15228736
5 -657.98083496 -7.15196560
6 -657.96240234 -7.15176524
7 -657.90478516 -7.15113897
8 -657.88330078 -7.15090544
9 -657.84649658 -7.15050540
10 -657.78314209 -7.14981676
11 -657.72076416 -7.14913874
12 -657.64062500 -7.14826766
13 -657.62768555 -7.14812702
14 -657.64044189 -7.14826567
15 -657.56311035 -7.14742511
16 -657.53613281 -7.14713188
17 -657.50891113 -7.14683599
18 -657.42810059 -7.14595762
19 -657.39508057 -7.14559870
20 -657.32946777 -7.14488552
21 -657.26342773 -7.14416769
22 -657.21472168 -7.14363828
23 -657.25683594 -7.14409604
24 -657.13708496 -7.14279440
25 -657.10852051 -7.14248392
26 -657.10876465 -7.14248657
27 -657.07324219 -7.14210046
28 -656.86572266 -7.13984481
29 -656.77514648 -7.13886029
30 -656.73040771 -7.13837400
31 -656.62207031 -7.13719642
32 -656.55407715 -7.13645736
33 -656.39697266 -7.13474970
34 -656.38769531 -7.13464886
35 -656.39746094 -7.13475501
36 -656.20324707 -7.13264399
37 -656.15515137 -7.13212121
38 -656.10949707 -7.13162497
39 -656.04260254 -7.13089785
40 -656.12878418 -7.13183461
41 -656.02307129 -7.13068556
42 -655.85278320 -7.12883460
43 -655.77734375 -7.12801461
44 -655.64489746 -7.12657497
45 -655.57360840 -7.12580009
46 -655.44946289 -7.12445068
47 -655.49426270 -7.12493764
48 -655.44989014 -7.12445533
49 -655.27996826 -7.12260835
50 -655.21508789 -7.12190313
51 -655.10766602 -7.12073550
52 -655.06091309 -7.12022732
53 -654.94885254 -7.11900927
54 -655.01568604 -7.11973572
55 -654.97930908 -7.11934032
56 -654.86474609 -7.11809507
57 -654.78131104 -7.11718816
58 -654.69396973 -7.11623880
59 -654.62927246 -7.11553557
60 -654.58886719 -7.11509638
61 -654.61572266 -7.11538829
62 -654.57275391 -7.11492124
63 -654.53588867 -7.11452053
64 -654.47442627 -7.11385246
65 -654.50317383 -7.11416493
66 -654.51715088 -7.11431686
67 -654.45410156 -7.11363154
68 -654.40185547 -7.11306365
69 -654.29534912 -7.11190597
70 -654.26208496 -7.11154440
71 -654.19189453 -7.11078146
72 -654.06365967 -7.10938761
73 -653.92364502 -7.10786571
74 -653.91528320 -7.10777482
75 -653.97747803 -7.10845085
76 -653.88830566 -7.10748158
77 -653.91455078 -7.10776686
78 -653.93896484 -7.10803223
79 -653.86279297 -7.10720427
80 -653.61590576 -7.10452071
81 -653.68157959 -7.10523456
82 -653.59808350 -7.10432699
83 -653.54602051 -7.10376109
84 -653.41455078 -7.10233207
85 -653.36437988 -7.10178674
86 -653.30694580 -7.10116245
87 -653.17047119 -7.09967903
88 -653.15417480 -7.09950190
89 -653.19531250 -7.09994905
90 -652.85052490 -7.09620136
91 -652.96679688 -7.09746518
92 -652.90612793 -7.09680574
93 -652.86071777 -7.09631215
94 -652.94799805 -7.09726085
95 -652.63098145 -7.09381502
96 -652.58099365 -7.09327167
97 -652.45434570 -7.09189506
98 -652.29315186 -7.09014295
99 -651.96624756 -7.08658965
100 -651.77966309 -7.08456156
101 -651.73144531 -7.08403745
102 -651.70782471 -7.08378070
103 -651.40063477 -7.08044168
104 -651.10986328 -7.07728112
105 -650.99169922 -7.07599673
106 -650.81610107 -7.07408806
107 -650.54833984 -7.07117761
108 -650.26867676 -7.06813779
109 -650.42327881 -7.06981825
110 -650.58294678 -7.07155377
111 -650.69293213 -7.07274926
112 -650.82019043 -7.07413250
113 -650.70312500 -7.07286005
114 -650.37231445 -7.06926429
115 -650.05297852 -7.06579324
116 -650.10070801 -7.06631204
117 -649.96246338 -7.06480938
118 -649.67492676 -7.06168399
119 -649.43188477 -7.05904223
120 -649.30676270 -7.05768220
121 -649.02899170 -7.05466295
122 -648.68359375 -7.05090863
123 -648.50207520 -7.04893560
124 -648.55383301 -7.04949818
125 -648.54425049 -7.04939403
126 -648.75158691 -7.05164768
127 -648.90380859 -7.05330227
128 -648.68780518 -7.05095440
129 -648.38330078 -7.04764457
130 -648.14331055 -7.04503598
131 -647.77502441 -7.04103287
132 -647.24243164 -7.03524382
133 -646.68554688 -7.02919073
134 -646.48693848 -7.02703194
135 -646.51245117 -7.02730925
136 -646.59710693 -7.02822942
137 -646.33032227 -7.02532959
138 -645.94055176 -7.02109295
139 -645.56719971 -7.01703478
140 -645.49993896 -7.01630368
141 -644.99157715 -7.01077801
142 -644.88452148 -7.00961436
143 -644.69787598 -7.00758561
144 -644.70257568 -7.00763669
145 -644.73852539 -7.00802745
146 -644.91473389 -7.00994276
147 -644.94573975 -7.01027978
148 -645.22204590 -7.01328311
149 -644.99743652 -7.01084170
150 -645.12359619 -7.01221300
151 -644.43084717 -7.00468312
152 -644.49615479 -7.00539299
153 -644.31231689 -7.00339475
154 -644.11828613 -7.00128572
155 -644.17779541 -7.00193256
156 -643.76715088 -6.99746903
157 -643.88208008 -6.99871826
158 -643.39898682 -6.99346725
159 -643.48046875 -6.99435292
160 -643.66552734 -6.99636443
161 -643.57385254 -6.99536796
162 -643.63671875 -6.99605129
163 -643.42767334 -6.99377906
164 -643.45727539 -6.99410082
165 -643.35131836 -6.99294911
166 -643.14428711 -6.99069877
167 -643.10614014 -6.99028413
168 -643.39044189 -6.99337437
169 -643.74987793 -6.99728128
170 -643.47186279 -6.99425938
171 -643.34533691 -6.99288410
172 -643.23101807 -6.99164150
173 -642.94885254 -6.98857448
174 -642.87091064 -6.98772729
175 -642.26678467 -6.98116070
176 -642.50970459 -6.98380114
177 -642.57263184 -6.98448513
178 -642.36743164 -6.98225469
179 -642.38769531 -6.98247495
180 -642.06701660 -6.97898931
181 -642.06768799 -6.97899661
182 -642.16149902 -6.98001629
183 -641.68127441 -6.97479646
184 -641.57666016 -6.97365935
185 -641.60827637 -6.97400300
186 -641.65594482 -6.97452114
187 -641.88793945 -6.97704282
188 -642.14697266 -6.97985840
189 -641.52258301 -6.97307155
190 -641.39941406 -6.97173276
191 -641.30847168 -6.97074426
192 -641.09204102 -6.96839175
193 -641.19976807 -6.96956270
194 -641.19073486 -6.96946451
195 -640.94616699 -6.96680616
196 -640.53173828 -6.96230150
197 -640.60034180 -6.96304719
198 -640.47436523 -6.96167788
199 -640.34930420 -6.96031852
200 -640.23199463 -6.95904342
201 -640.08044434 -6.95739613
202 -639.82482910 -6.95461771
203 -640.16986084 -6.95836805
204 -639.59808350 -6.95215308
205 -639.06756592 -6.94638659
206 -639.07873535 -6.94650799
207 -638.96429443 -6.94526407
208 -639.21051025 -6.94794033
209 -639.43145752 -6.95034193
210 -639.13732910 -6.94714488
211 -638.66619873 -6.94202390
212 -638.70532227 -6.94244916
213 -638.51788330 -6.94041178
214 -638.56774902 -6.94095379
215 -638.20269775 -6.93698585
216 -638.01623535 -6.93495908
217 -637.54144287 -6.92979829
218 -637.50122070 -6.92936109
219 -637.21856689 -6.92628877
220 -637.05297852 -6.92448890
221 -637.21539307 -6.92625427
222 -636.82830811 -6.92204683
223 -636.37670898 -6.91713814
224 -636.20507812 -6.91527259
225 -635.86315918 -6.91155608
226 -635.55657959 -6.90822369
227 -635.81542969 -6.91103728
228 -635.04687500 -6.90268342
229 -635.22027588 -6.90456822
230 -634.99145508 -6.90208103
231 -634.71936035 -6.89912348
232 -634.58691406 -6.89768385
233 -634.22644043 -6.89376566
234 -634.09930420 -6.89238374
235 -633.69958496 -6.88803897
236 -633.74243164 -6.88850469
237 -633.57635498 -6.88669951
238 -633.24682617 -6.88311768
239 -632.98333740 -6.88025367
240 -632.60003662 -6.87608735
241 -632.12615967 -6.87093652
242 -632.60693359 -6.87616232
243 -632.60339355 -6.87612384
244 -633.01885986 -6.88063978
245 -632.39697266 -6.87388014
246 -631.60363770 -6.86525693
247 -632.19366455 -6.87167027
248 -631.86944580 -6.86814615
249 -632.57360840 -6.87580009
250 -633.26501465 -6.88331538
251 -633.25671387 -6.88322515
252 -633.34771729 -6.88421432
253 -632.17828369 -6.87150308
254 -631.84045410 -6.86783102
255 -631.47277832 -6.86383455
256 -631.73327637 -6.86666605
257 -632.51110840 -6.87512074
258 -633.44335938 -6.88525391
259 -633.49316406 -6.88579526
260 -632.95764160 -6.87997437
261 -633.16430664 -6.88222072
262 -633.11279297 -6.88166079
263 -633.90368652 -6.89025746
264 -633.97003174 -6.89097861
265 -633.87469482 -6.88994234
266 -633.70666504 -6.88811592
267 -634.03576660 -6.89169312
268 -633.78680420 -6.88898700
269 -634.83282471 -6.90035679
270 -635.34106445 -6.90588114
271 -634.35485840 -6.89516150
272 -634.55773926 -6.89736673
273 -634.33874512 -6.89498636
274 -633.18170166 -6.88240980
275 -632.54412842 -6.87547966
276 -632.54547119 -6.87549425
277 -632.10375977 -6.87069304
278 -631.60614014 -6.86528413
279 -630.21020508 -6.85011092
280 -630.16638184 -6.84963459
281 -630.18572998 -6.84984489
282 -630.03546143 -6.84821154
283 -630.70446777 -6.85548335
284 -630.56555176 -6.85397339
285 -629.91253662 -6.84687540
286 -629.50598145 -6.84245632
287 -629.18182373 -6.83893287
288 -628.94165039 -6.83632229
289 -628.72924805 -6.83401357
290 -628.50415039 -6.83156685
291 -629.07281494 -6.83774799
292 -628.26440430 -6.82896092
293 -627.55078125 -6.82120414
294 -627.49682617 -6.82061768
295 -627.03442383 -6.81559156
296 -626.72387695 -6.81221605
297 -626.84326172 -6.81351371
298 -626.58227539 -6.81067691
299 -625.53973389 -6.79934493
300 -626.08935547 -6.80531908
301 -625.14337158 -6.79503665
302 -624.62567139 -6.78940947
303 -625.20770264 -6.79573590
304 -624.93310547 -6.79275115
305 -624.81250000 -6.79144022
306 -625.03472900 -6.79385575
307 -624.35858154 -6.78650632
308 -624.19232178 -6.78469915
309 -624.53216553 -6.78839310
310 -623.67785645 -6.77910714
311 -623.62609863 -6.77854455
312 -622.62939453 -6.76771081
313 -622.13470459 -6.76233375
314 -622.04364014 -6.76134391
315 -622.04541016 -6.76136315
316 -620.92639160 -6.74919991
317 -620.92346191 -6.74916806
318 -621.06024170 -6.75065480
319 -620.38348389 -6.74329874
320 -619.18103027 -6.73022859
321 -619.47052002 -6.73337522
322 -619.76452637 -6.73657094
323 -619.13305664 -6.72970714
324 -618.45703125 -6.72235904
325 -617.44689941 -6.71137934
326 -616.86206055 -6.70502240
327 -616.20202637 -6.69784811
328 -615.94720459 -6.69507831
329 -616.20611572 -6.69789256
330 -615.14941406 -6.68640667
331 -615.50402832 -6.69026118
332 -615.23809814 -6.68737063
333 -614.61914062 -6.68064283
334 -615.93566895 -6.69495292
335 -614.81793213 -6.68280361
336 -614.43817139 -6.67867578
337 -614.76733398 -6.68225363
338 -613.93560791 -6.67321313
339 -613.74829102 -6.67117708
340 -613.52087402 -6.66870515
341 -613.63452148 -6.66994045
342 -613.81286621 -6.67187898
343 -615.00244141 -6.68480915
344 -613.56207275 -6.66915296
345 -612.83532715 -6.66125356
346 -612.62170410 -6.65893157
347 -613.81140137 -6.67186306
348 -613.28991699 -6.66619475
349 -613.51544189 -6.66864611
350 -612.42382812 -6.65678074
351 -611.66381836 -6.64851976
352 -611.95190430 -6.65165113
353 -612.78454590 -6.66070159
354 -612.46704102 -6.65725045
355 -611.68499756 -6.64874997
356 -609.84509277 -6.62875101
357 -609.94287109 -6.62981382
358 -608.95117188 -6.61903448
359 -607.43695068 -6.60257555
360 -606.65942383 -6.59412417
361 -606.75909424 -6.59520755
362 -606.41882324 -6.59150895
363 -606.11273193 -6.58818187
364 -605.65936279 -6.58325394
365 -603.69805908 -6.56193542
366 -603.35473633 -6.55820366
367 -602.69238281 -6.55100416
368 -603.19281006 -6.55644359
369 -602.63861084 -6.55041968
370 -603.23248291 -6.55687481
371 -604.10650635 -6.56637507
372 -603.45544434 -6.55929831
373 -602.48791504 -6.54878169
374 -601.59545898 -6.53908108
375 -601.40728760 -6.53703573
376 -601.34252930 -6.53633184
377 -602.49462891 -6.54885466
378 -601.54748535 -6.53855962
379 -602.48931885 -6.54879694
380 -603.33941650 -6.55803714
381 -603.67565918 -6.56169195
382 -603.76733398 -6.56268841
383 -604.34277344 -6.56894319
384 -603.15203857 -6.55600042
385 -602.77758789 -6.55193030
386 -601.94598389 -6.54289113
387 -602.60778809 -6.55008465
388 -602.04492188 -6.54396654
389 -602.88305664 -6.55307670
390 -602.91339111 -6.55340643
391 -604.77740479 -6.57366744
392 -605.31140137 -6.57947175
393 -606.96936035 -6.59749305
394 -606.98205566 -6.59763104
395 -607.28100586 -6.60088050
396 -607.25250244 -6.60057068
397 -607.53338623 -6.60362376
398 -607.39331055 -6.60210120
399 -606.98937988 -6.59771065
400 -607.52270508 -6.60350766
401 -608.34765625 -6.61247452
402 -607.38385010 -6.60199837
403 -607.42102051 -6.60240240
404 -606.52996826 -6.59271705
405 -607.07336426 -6.59862352
406 -607.58245850 -6.60415716
407 -607.47912598 -6.60303398
408 -607.59497070 -6.60429316
409 -606.44982910 -6.59184597
410 -606.10803223 -6.58813079
411 -605.73199463 -6.58404342
412 -605.55285645 -6.58209627
413 -604.77282715 -6.57361769
414 -603.85083008 -6.56359598
415 -602.93688965 -6.55366184
416 -601.67608643 -6.53995746
417 -602.14794922 -6.54508640
418 -603.09674072 -6.55539936
419 -602.64636230 -6.55050394
420 -603.18005371 -6.55630493
421 -602.05975342 -6.54412775
422 -602.23498535 -6.54603245
423 -602.47125244 -6.54860057
424 -603.29663086 -6.55757207
425 -603.97357178 -6.56493013
426 -603.53820801 -6.56019791
427 -603.46826172 -6.55943763
428 -603.81024170 -6.56315480
429 -604.64044189 -6.57217872
430 -603.35742188 -6.55823285
431 -602.10888672 -6.54466181
432 -602.63916016 -6.55042565
433 -603.46032715 -6.55935138
434 -604.02569580 -6.56549669
435 -604.04675293 -6.56572558
436 -603.38439941 -6.55852608
437 -604.35644531 -6.56909180
438 -602.91497803 -6.55342367
439 -601.25781250 -6.53541101
440 -599.67205811 -6.51817454
441 -600.22515869 -6.52418651
442 -601.76104736 -6.54088095
443 -601.33056641 -6.53620181
444 -602.84692383 -6.55268395
445 -604.10351562 -6.56634256
446 -601.84082031 -6.54174805
447 -602.76684570 -6.55181354
448 -601.84326172 -6.54177458
449 -601.54406738 -6.53852247
450 -600.36541748 -6.52571106
451 -600.80346680 -6.53047247
452 -601.37982178 -6.53673719
453 -601.92138672 -6.54262377
454 -599.72338867 -6.51873249
455 -600.25292969 -6.52448837
456 -599.10699463 -6.51203255
457 -599.57836914 -6.51715619
458 -599.52935791 -6.51662346
459 -599.62438965 -6.51765641
460 -600.36859131 -6.52574556
461 -599.92047119 -6.52087469
462 -598.81903076 -6.50890251
463 -598.06683350 -6.50072645
464 -596.60412598 -6.48482746
465 -595.23516846 -6.46994748
466 -595.78820801 -6.47595878
467 -595.48315430 -6.47264298
468 -596.09991455 -6.47934690
469 -595.05883789 -6.46803085
470 -594.73657227 -6.46452796
471 -594.08489990 -6.45744456
472 -594.39868164 -6.46085524
473 -592.32489014 -6.43831402
474 -591.70117188 -6.43153448
475 -591.24230957 -6.42654684
476 -590.11450195 -6.41428806
477 -590.24188232 -6.41567263
478 -590.33319092 -6.41666512
479 -589.66876221 -6.40944307
480 -587.58355713 -6.38677779
481 -584.29455566 -6.35102778
482 -584.99578857 -6.35864988
483 -582.41589355 -6.33060754
484 -582.84252930 -6.33524488
485 -582.42761230 -6.33073492
486 -580.14733887 -6.30594934
487 -583.27465820 -6.33994194
488 -582.32495117 -6.32961903
489 -580.54870605 -6.31031202
490 -580.48791504 -6.30965125
491 -580.18823242 -6.30639383
492 -579.94689941 -6.30377065
493 -579.60345459 -6.30003755
494 -579.99621582 -6.30430669
495 -581.47491455 -6.32037951
496 -582.01812744 -6.32628399
497 -579.80517578 -6.30223017
498 -578.56805420 -6.28878320
499 -579.98571777 -6.30419258
500 -578.36621094 -6.28658925
501 -576.88427734 -6.27048128
502 -579.56408691 -6.29960964
503 -578.85668945 -6.29192054
504 -577.41406250 -6.27623981
505 -577.20391846 -6.27395564
506 -578.57165527 -6.28882234
507 -576.21520996 -6.26320880
508 -576.40618896 -6.26528466
509 -575.51470947 -6.25559467
510 -574.95892334 -6.24955351
511 -573.22320557 -6.23068702
512 -573.94049072 -6.23848359
513 -572.34851074 -6.22117946
514 -571.67889404 -6.21390102
