0 -517.15869141 -6.30681331
1 -517.18011475 -6.30707457
2 -517.19494629 -6.30725544
3 -517.20715332 -6.30740431
4 -517.21704102 -6.30752489
5 -517.22552490 -6.30762835
6 -517.23382568 -6.30772958
7 -517.24212646 -6.30783081
8 -517.25048828 -6.30793278
9 -517.25701904 -6.30801243
10 -517.26483154 -6.30810770
11 -517.27148438 -6.30818883
12 -517.27838135 -6.30827294
13 -517.28454590 -6.30834812
14 -517.29028320 -6.30841809
15 -517.29620361 -6.30849029
16 -517.30181885 -6.30855877
17 -517.30670166 -6.30861831
18 -517.31195068 -6.30868233
19 -517.31677246 -6.30874113
20 -517.32135010 -6.30879695
21 -517.32647705 -6.30885948
22 -517.33099365 -6.30891456
23 -517.33544922 -6.30896889
24 -517.34020996 -6.30902695
25 -517.34387207 -6.30907161
26 -517.34771729 -6.30911850
27 -517.35223389 -6.30917358
28 -517.35626221 -6.30922271
29 -517.35998535 -6.30926811
30 -517.36407471 -6.30931798
31 -517.36785889 -6.30936413
32 -517.37127686 -6.30940582
33 -517.37530518 -6.30945494
34 -517.37847900 -6.30949365
35 -517.38183594 -6.30953458
36 -517.38452148 -6.30956734
37 -517.38751221 -6.30960381
38 -517.39013672 -6.30963581
39 -517.39270020 -6.30966708
40 -517.39654541 -6.30971397
41 -517.39990234 -6.30975491
42 -517.40319824 -6.30979510
43 -517.40551758 -6.30982339
44 -517.40844727 -6.30985911
45 -517.41040039 -6.30988293
46 -517.41308594 -6.30991568
47 -517.41503906 -6.30993950
48 -517.41711426 -6.30996481
49 -517.41925049 -6.30999086
50 -517.42205811 -6.31002510
51 -517.42413330 -6.31005041
52 -517.42687988 -6.31008390
53 -517.42877197 -6.31010698
54 -517.43145752 -6.31013973
55 -517.43322754 -6.31016131
56 -517.43542480 -6.31018811
57 -517.43737793 -6.31021193
58 -517.43896484 -6.31023128
59 -517.44049072 -6.31024989
60 -517.44183350 -6.31026626
61 -517.44390869 -6.31029157
62 -517.44580078 -6.31031464
63 -517.44769287 -6.31033772
64 -517.45019531 -6.31036824
65 -517.45202637 -6.31039057
66 -517.45324707 -6.31040545
67 -517.45434570 -6.31041885
68 -517.45635986 -6.31044341
69 -517.45782471 -6.31046128
70 -517.45892334 -6.31047467
71 -517.46057129 -6.31049477
72 -517.46148682 -6.31050594
73 -517.46307373 -6.31052529
74 -517.46478271 -6.31054613
75 -517.46606445 -6.31056176
76 -517.46813965 -6.31058707
77 -517.46948242 -6.31060344
78 -517.47058105 -6.31061684
79 -517.47149658 -6.31062801
80 -517.47314453 -6.31064810
81 -517.47338867 -6.31065108
82 -517.47436523 -6.31066299
83 -517.47601318 -6.31068309
84 -517.47698975 -6.31069500
85 -517.47833252 -6.31071137
86 -517.47979736 -6.31072924
87 -517.48089600 -6.31074263
88 -517.48284912 -6.31076645
89 -517.48406982 -6.31078134
90 -517.48455811 -6.31078729
91 -517.48651123 -6.31081111
92 -517.48779297 -6.31082674
93 -517.48846436 -6.31083493
94 -517.48919678 -6.31084386
95 -517.49017334 -6.31085577
96 -517.49133301 -6.31086991
97 -517.49218750 -6.31088034
98 -517.49316406 -6.31089224
99 -517.49432373 -6.31090639
100 -517.49548340 -6.31092053
101 -517.49609375 -6.31092797
102 -517.49664307 -6.31093467
103 -517.49774170 -6.31094807
104 -517.49890137 -6.31096221
105 -517.49969482 -6.31097189
106 -517.50122070 -6.31099050
107 -517.50183105 -6.31099794
108 -517.50256348 -6.31100687
109 -517.50347900 -6.31101804
110 -517.50439453 -6.31102920
111 -517.50518799 -6.31103888
112 -517.50555420 -6.31104334
113 -517.50646973 -6.31105451
114 -517.50714111 -6.31106270
115 -517.50762939 -6.31106865
116 -517.50830078 -6.31107684
117 -517.50854492 -6.31107982
118 -517.50982666 -6.31109545
119 -517.51043701 -6.31110289
120 -517.51147461 -6.31111554
121 -517.51232910 -6.31112596
122 -517.51269531 -6.31113043
123 -517.51367188 -6.31114234
124 -517.51452637 -6.31115276
125 -517.51562500 -6.31116616
126 -517.51544189 -6.31116393
127 -517.51678467 -6.31118030
128 -517.51721191 -6.31118551
129 -517.51794434 -6.31119444
130 -517.51812744 -6.31119668
131 -517.51892090 -6.31120635
132 -517.51873779 -6.31120412
133 -517.51928711 -6.31121082
134 -517.51965332 -6.31121528
135 -517.52020264 -6.31122198
136 -517.52014160 -6.31122124
137 -517.52081299 -6.31122943
138 -517.52166748 -6.31123985
139 -517.52172852 -6.31124059
140 -517.52288818 -6.31125473
141 -517.52374268 -6.31126515
142 -517.52398682 -6.31126813
143 -517.52380371 -6.31126590
144 -517.52416992 -6.31127036
145 -517.52459717 -6.31127558
146 -517.52490234 -6.31127930
147 -517.52557373 -6.31128748
148 -517.52612305 -6.31129418
149 -517.52606201 -6.31129344
150 -517.52673340 -6.31130163
151 -517.52691650 -6.31130386
152 -517.52740479 -6.31130981
153 -517.52819824 -6.31131949
154 -517.52862549 -6.31132470
155 -517.52905273 -6.31132991
156 -517.52929688 -6.31133289
157 -517.52960205 -6.31133661
158 -517.53057861 -6.31134852
159 -517.53131104 -6.31135745
160 -517.53131104 -6.31135745
161 -517.53247070 -6.31137159
162 -517.53277588 -6.31137532
163 -517.53338623 -6.31138276
164 -517.53369141 -6.31138648
165 -517.53393555 -6.31138946
166 -517.53485107 -6.31140062
167 -517.53497314 -6.31140211
168 -517.53576660 -6.31141179
169 -517.53637695 -6.31141923
170 -517.53625488 -6.31141774
171 -517.53668213 -6.31142295
172 -517.53668213 -6.31142295
173 -517.53704834 -6.31142742
174 -517.53759766 -6.31143412
175 -517.53796387 -6.31143858
176 -517.53857422 -6.31144603
177 -517.53906250 -6.31145198
178 -517.53936768 -6.31145570
179 -517.53991699 -6.31146240
180 -517.54028320 -6.31146687
181 -517.54003906 -6.31146389
182 -517.54052734 -6.31146985
183 -517.54089355 -6.31147431
184 -517.54064941 -6.31147133
185 -517.54125977 -6.31147878
186 -517.54119873 -6.31147803
187 -517.54193115 -6.31148697
188 -517.54199219 -6.31148771
189 -517.54296875 -6.31149962
190 -517.54321289 -6.31150260
191 -517.54290771 -6.31149887
192 -517.54382324 -6.31151004
193 -517.54345703 -6.31150557
194 -517.54431152 -6.31151599
195 -517.54425049 -6.31151525
196 -517.54492188 -6.31152344
197 -517.54528809 -6.31152790
198 -517.54541016 -6.31152939
199 -517.54541016 -6.31152939
200 -517.54608154 -6.31153758
201 -517.54614258 -6.31153832
202 -517.54675293 -6.31154577
203 -517.54669189 -6.31154502
204 -517.54669189 -6.31154502
205 -517.54748535 -6.31155470
206 -517.54711914 -6.31155023
207 -517.54693604 -6.31154800
208 -517.54772949 -6.31155768
209 -517.54736328 -6.31155321
210 -517.54772949 -6.31155768
211 -517.54785156 -6.31155917
212 -517.54852295 -6.31156735
213 -517.54809570 -6.31156214
214 -517.54791260 -6.31155991
215 -517.54882812 -6.31157107
216 -517.54901123 -6.31157331
217 -517.54974365 -6.31158224
218 -517.54943848 -6.31157852
219 -517.54992676 -6.31158447
220 -517.55035400 -6.31158968
221 -517.55096436 -6.31159713
222 -517.55078125 -6.31159489
223 -517.55059814 -6.31159266
224 -517.55139160 -6.31160234
225 -517.55126953 -6.31160085
226 -517.55151367 -6.31160383
227 -517.55096436 -6.31159713
228 -517.55139160 -6.31160234
229 -517.55242920 -6.31161499
