0 -566.88317871 -6.74860927
1 -566.91821289 -6.74902634
2 -566.94024658 -6.74928865
3 -566.95709229 -6.74948919
4 -566.96978760 -6.74964033
5 -566.98229980 -6.74978928
6 -566.99261475 -6.74991208
7 -567.00170898 -6.75002035
8 -567.00964355 -6.75011480
9 -567.01544189 -6.75018383
10 -567.02099609 -6.75024995
11 -567.02716064 -6.75032334
12 -567.03137207 -6.75037348
13 -567.03576660 -6.75042579
14 -567.03906250 -6.75046503
15 -567.04187012 -6.75049845
16 -567.04541016 -6.75054060
17 -567.04772949 -6.75056821
18 -567.05053711 -6.75060163
19 -567.05279541 -6.75062852
20 -567.05554199 -6.75066121
21 -567.05651855 -6.75067284
22 -567.05841064 -6.75069536
23 -567.06042480 -6.75071934
24 -567.06250000 -6.75074405
25 -567.06359863 -6.75075713
26 -567.06488037 -6.75077239
27 -567.06616211 -6.75078764
28 -567.06713867 -6.75079927
29 -567.06823730 -6.75081235
30 -567.06939697 -6.75082615
31 -567.07019043 -6.75083560
32 -567.07177734 -6.75085449
33 -567.07305908 -6.75086975
34 -567.07360840 -6.75087629
35 -567.07421875 -6.75088356
36 -567.07537842 -6.75089736
37 -567.07568359 -6.75090100
38 -567.07690430 -6.75091553
39 -567.07714844 -6.75091843
40 -567.07849121 -6.75093442
