0 -761.18933105 -6.45075704
1 -761.19384766 -6.45079532
2 -761.19677734 -6.45082015
3 -761.19946289 -6.45084291
4 -761.20141602 -6.45085946
5 -761.20166016 -6.45086153
6 -761.20477295 -6.45088791
7 -761.20562744 -6.45089515
8 -761.20703125 -6.45090704
9 -761.20758057 -6.45091170
10 -761.20928955 -6.45092618
11 -761.20996094 -6.45093187
12 -761.21032715 -6.45093498
13 -761.21124268 -6.45094273
14 -761.21166992 -6.45094636
15 -761.21228027 -6.45095153
16 -761.21325684 -6.45095980
17 -761.21447754 -6.45097015
18 -761.21514893 -6.45097584
19 -761.21484375 -6.45097325
20 -761.21496582 -6.45097429
21 -761.21514893 -6.45097584
22 -761.21618652 -6.45098463
23 -761.21679688 -6.45098980
24 -761.21789551 -6.45099911
25 -761.21771240 -6.45099756
26 -761.21832275 -6.45100274
27 -761.21911621 -6.45100946
28 -761.21960449 -6.45101360
29 -761.21942139 -6.45101205
30 -761.22015381 -6.45101825
31 -761.22009277 -6.45101774
32 -761.22033691 -6.45101980
33 -761.22058105 -6.45102187
34 -761.22161865 -6.45103067
35 -761.22155762 -6.45103015
36 -761.22192383 -6.45103325
37 -761.22247314 -6.45103791
38 -761.22253418 -6.45103843
39 -761.22308350 -6.45104308
40 -761.22363281 -6.45104774
41 -761.22369385 -6.45104825
42 -761.22424316 -6.45105291
