0 -579.79711914 -6.90234666
1 -579.80255127 -6.90241132
2 -579.80609131 -6.90245347
3 -579.80871582 -6.90248471
4 -579.81103516 -6.90251232
5 -579.81262207 -6.90253122
6 -579.81396484 -6.90254720
7 -579.81445312 -6.90255301
8 -579.81579590 -6.90256900
9 -579.81652832 -6.90257772
10 -579.81677246 -6.90258062
11 -579.81799316 -6.90259516
12 -579.81890869 -6.90260606
13 -579.81903076 -6.90260751
14 -579.82006836 -6.90261986
15 -579.82080078 -6.90262858
16 -579.82153320 -6.90263730
17 -579.82220459 -6.90264529
18 -579.82281494 -6.90265256
19 -579.82312012 -6.90265619
