0 -597.23187256 -6.94455666
1 -596.05895996 -6.93091814
2 -595.01013184 -6.91872246
3 -594.51965332 -6.91301922
4 -592.60626221 -6.89077049
5 -592.37652588 -6.88809914
6 -592.41931152 -6.88859665
7 -591.70861816 -6.88033277
8 -590.35308838 -6.86457080
9 -590.64459229 -6.86796038
10 -589.40216064 -6.85351350
11 -588.65063477 -6.84477482
12 -587.70745850 -6.83380766
13 -587.66674805 -6.83333428
14 -587.76275635 -6.83445066
15 -586.42205811 -6.81886114
16 -584.84527588 -6.80052646
17 -584.23559570 -6.79343716
18 -583.60882568 -6.78614914
19 -583.72460938 -6.78749546
20 -583.70715332 -6.78729248
21 -584.33862305 -6.79463515
22 -584.11535645 -6.79203903
23 -582.81359863 -6.77690231
24 -580.48040771 -6.74977218
25 -579.42822266 -6.73753747
26 -577.75811768 -6.71811765
27 -576.85015869 -6.70755998
28 -576.82684326 -6.70728888
29 -576.98596191 -6.70913909
30 -576.13397217 -6.69923223
31 -575.13146973 -6.68757523
32 -573.42840576 -6.66777216
33 -572.92370605 -6.66190356
34 -572.47015381 -6.65662970
35 -571.65557861 -6.64715789
36 -571.41058350 -6.64430911
37 -571.27514648 -6.64273426
38 -571.43927002 -6.64464267
39 -570.21264648 -6.63037961
40 -566.99218750 -6.59293241
41 -565.05505371 -6.57040760
42 -564.42211914 -6.56304790
43 -564.01739502 -6.55834180
44 -564.07708740 -6.55903590
45 -564.38879395 -6.56266039
46 -563.81555176 -6.55599479
47 -562.86242676 -6.54491194
48 -559.84533691 -6.50982950
49 -555.82159424 -6.46304179
50 -555.22192383 -6.45606888
51 -553.77728271 -6.43927073
52 -554.24084473 -6.44466099
53 -553.26086426 -6.43326586
54 -553.86816406 -6.44032749
55 -555.61639404 -6.46065574
56 -554.59613037 -6.44879221
57 -553.30578613 -6.43378821
58 -551.52221680 -6.41304903
59 -550.29125977 -6.39873558
60 -551.04211426 -6.40746644
61 -550.14453125 -6.39702943
62 -549.49652100 -6.38949443
63 -550.75695801 -6.40415067
64 -551.29211426 -6.41037342
65 -551.31658936 -6.41065802
66 -552.92401123 -6.42934897
67 -551.24499512 -6.40982552
68 -549.82495117 -6.39331339
69 -546.93774414 -6.35974121
70 -546.96356201 -6.36004142
71 -546.82507324 -6.35843108
72 -546.44726562 -6.35403797
73 -546.31884766 -6.35254474
74 -541.35089111 -6.29477780
75 -541.10644531 -6.29193541
76 -539.76025391 -6.27628202
77 -539.56793213 -6.27404572
78 -536.31347656 -6.23620322
79 -532.51159668 -6.19199531
80 -530.95904541 -6.17394239
81 -529.39562988 -6.15576314
82 -527.23400879 -6.13062801
83 -527.44769287 -6.13311271
84 -528.66992188 -6.14732467
85 -526.92169189 -6.12699642
86 -528.69073486 -6.14756668
87 -531.47662354 -6.17996074
88 -529.58416748 -6.15795544
89 -528.00695801 -6.13961579
90 -527.08380127 -6.12888141
91 -527.72180176 -6.13630002
92 -528.53894043 -6.14580163
93 -527.10284424 -6.12910284
94 -528.40423584 -6.14423530
95 -528.02624512 -6.13984006
96 -530.01232910 -6.16293406
97 -528.66235352 -6.14723667
98 -528.88061523 -6.14977460
99 -527.66082764 -6.13559102
100 -528.97320557 -6.15085123
101 -529.70666504 -6.15937983
102 -531.09790039 -6.17555698
103 -529.98767090 -6.16264734
104 -531.34973145 -6.17848525
105 -530.35595703 -6.16692973
106 -530.55072021 -6.16919442
107 -531.46539307 -6.17983015
108 -529.98321533 -6.16259553
109 -530.10516357 -6.16401353
110 -530.75280762 -6.17154427
111 -530.64788818 -6.17032428
112 -528.50585938 -6.14541697
113 -527.94049072 -6.13884292
114 -526.26116943 -6.11931592
115 -524.53649902 -6.09926162
116 -524.11248779 -6.09433125
117 -523.60357666 -6.08841368
118 -523.61242676 -6.08851659
119 -520.57397461 -6.05318575
120 -519.01879883 -6.03510231
121 -520.24676514 -6.04938099
122 -518.87725830 -6.03345649
123 -518.70257568 -6.03142530
124 -519.29644775 -6.03833079
125 -515.64678955 -5.99589290
126 -514.00476074 -5.97679954
127 -514.27325439 -5.97992156
128 -514.35546875 -5.98087754
129 -513.78247070 -5.97421478
130 -515.26977539 -5.99150902
131 -514.12756348 -5.97822748
132 -514.36712646 -5.98101310
133 -514.79766846 -5.98601940
134 -512.79779053 -5.96276501
135 -512.59814453 -5.96044354
136 -508.90621948 -5.91751418
137 -509.02960205 -5.91894886
138 -511.34381104 -5.94585827
139 -512.14398193 -5.95516258
140 -512.42193604 -5.95839461
141 -511.95114136 -5.95292025
142 -514.00677490 -5.97682296
143 -514.01354980 -5.97690174
144 -512.93768311 -5.96439166
145 -513.26165771 -5.96815881
146 -512.55493164 -5.95994107
147 -511.01934814 -5.94208544
148 -511.27166748 -5.94501939
149 -511.63531494 -5.94924785
150 -509.63519287 -5.92599061
151 -508.70071411 -5.91512458
152 -507.49176025 -5.90106698
153 -504.03973389 -5.86092714
154 -505.06341553 -5.87283041
155 -502.56158447 -5.84373935
156 -501.89233398 -5.83595737
157 -503.31698608 -5.85252309
158 -505.30706787 -5.87566358
159 -506.38906860 -5.88824498
160 -503.46838379 -5.85428353
161 -501.18377686 -5.82771834
162 -501.23193359 -5.82827830
163 -500.37561035 -5.81832105
164 -500.06152344 -5.81466888
165 -499.52874756 -5.80847381
166 -498.55346680 -5.79713333
167 -497.91317749 -5.78968811
168 -499.78735352 -5.81148085
169 -498.83184814 -5.80037033
170 -500.28244019 -5.81723768
171 -501.28668213 -5.82891491
172 -500.84158325 -5.82373934
173 -499.18145752 -5.80443555
174 -498.65020752 -5.79825823
175 -499.55407715 -5.80876834
176 -499.43408203 -5.80737305
177 -497.08197021 -5.78002291
178 -494.67510986 -5.75203616
179 -496.43743896 -5.77252836
180 -496.72521973 -5.77587465
181 -495.49627686 -5.76158461
182 -493.87402344 -5.74272120
183 -494.38476562 -5.74866007
184 -494.69430542 -5.75225937
185 -494.06884766 -5.74498660
186 -492.76745605 -5.72985414
187 -491.60168457 -5.71629866
188 -492.81802368 -5.73044214
189 -492.77459717 -5.72993718
190 -492.05682373 -5.72159097
191 -492.84545898 -5.73076115
192 -492.22433472 -5.72353878
193 -492.51516724 -5.72692055
194 -490.78997803 -5.70686021
195 -487.34469604 -5.66679879
196 -486.00558472 -5.65122773
197 -485.82452393 -5.64912237
198 -484.40466309 -5.63261236
199 -484.55957031 -5.63441361
200 -482.89364624 -5.61504240
201 -482.61804199 -5.61183770
202 -484.05963135 -5.62860036
203 -485.63583374 -5.64692830
204 -486.82281494 -5.66073041
205 -486.69201660 -5.65920950
206 -485.73236084 -5.64805071
207 -485.58386230 -5.64632398
208 -484.16882324 -5.62987004
209 -483.63696289 -5.62368562
210 -485.08837891 -5.64056255
211 -482.37197876 -5.60897650
212 -483.03649902 -5.61670348
213 -480.63955688 -5.58883206
214 -480.33837891 -5.58532999
215 -478.46417236 -5.56353689
216 -479.46160889 -5.57513499
217 -480.99560547 -5.59297216
218 -480.57727051 -5.58810780
219 -481.40386963 -5.59771941
220 -478.96395874 -5.56934836
221 -478.91223145 -5.56874688
222 -476.81604004 -5.54437256
223 -476.01693726 -5.53508067
224 -478.28686523 -5.56147518
225 -479.71569824 -5.57808951
226 -480.47747803 -5.58694742
227 -480.54803467 -5.58776784
228 -479.29211426 -5.57316412
229 -477.35229492 -5.55060808
230 -475.21160889 -5.52571638
231 -476.00622559 -5.53495611
232 -476.89855957 -5.54533209
233 -476.04296875 -5.53538336
234 -477.69897461 -5.55463924
235 -477.84387207 -5.55632409
236 -475.40460205 -5.52796049
237 -476.71997070 -5.54325547
238 -478.79626465 -5.56739843
239 -478.43695068 -5.56322036
240 -477.97290039 -5.55782442
241 -479.30517578 -5.57331600
242 -478.49746704 -5.56392404
243 -477.00372314 -5.54655492
244 -476.59405518 -5.54179134
245 -476.76599121 -5.54379060
246 -476.96954346 -5.54615748
247 -477.15081787 -5.54826532
248 -475.95886230 -5.53440538
249 -475.16650391 -5.52519191
250 -472.24176025 -5.49118326
251 -471.49713135 -5.48252478
252 -471.05764771 -5.47741451
253 -470.44696045 -5.47031349
254 -470.03814697 -5.46555985
255 -467.85455322 -5.44016922
256 -468.87329102 -5.45201501
257 -468.34057617 -5.44582065
258 -467.11114502 -5.43152494
259 -469.23858643 -5.45626263
260 -469.21997070 -5.45604617
261 -470.71600342 -5.47344190
262 -470.58245850 -5.47188905
263 -470.52508545 -5.47122192
264 -469.95526123 -5.46459606
265 -471.29873657 -5.48021787
266 -470.58990479 -5.47197564
267 -469.32885742 -5.45731230
268 -470.34301758 -5.46910486
269 -470.55926514 -5.47161936
270 -472.59149170 -5.49524990
271 -474.59356689 -5.51852985
272 -474.60510254 -5.51866398
273 -472.96032715 -5.49953869
274 -472.79595947 -5.49762744
275 -472.45404053 -5.49365163
276 -471.46343994 -5.48213302
277 -470.87640381 -5.47530702
278 -473.27957153 -5.50325083
279 -473.80743408 -5.50938877
280 -471.23376465 -5.47946238
281 -471.70129395 -5.48489877
282 -469.79086304 -5.46268445
283 -469.89093018 -5.46384803
284 -471.33874512 -5.48068308
285 -468.22747803 -5.44450556
286 -468.19903564 -5.44417483
287 -466.83560181 -5.42832095
288 -467.05810547 -5.43090820
289 -465.41137695 -5.41176020
290 -464.39916992 -5.39999035
291 -464.60528564 -5.40238704
292 -467.15185547 -5.43199832
293 -467.68176270 -5.43816003
294 -465.86114502 -5.41699006
295 -466.47912598 -5.42417588
296 -466.12402344 -5.42004678
297 -466.37048340 -5.42291260
298 -465.69873047 -5.41510152
299 -465.49114990 -5.41268779
300 -464.57550049 -5.40204070
301 -463.23663330 -5.38647248
302 -461.80126953 -5.36978220
303 -461.29327393 -5.36387528
304 -461.43029785 -5.36546858
305 -461.92962646 -5.37127473
306 -460.70843506 -5.35707483
307 -461.70074463 -5.36861331
308 -461.58813477 -5.36730389
309 -459.62731934 -5.34450371
310 -460.39862061 -5.35347233
311 -460.61419678 -5.35597903
312 -460.11984253 -5.35023073
313 -457.61901855 -5.32115138
