0 -409.76336670 -6.82938944
1 -408.88619995 -6.81477000
2 -407.77163696 -6.79619395
3 -406.88851929 -6.78147532
4 -405.58505249 -6.75975087
5 -404.19863892 -6.73664398
6 -404.09838867 -6.73497314
7 -403.32223511 -6.72203725
8 -402.68136597 -6.71135610
9 -402.64584351 -6.71076406
10 -400.59942627 -6.67665710
11 -400.01010132 -6.66683502
12 -398.61923218 -6.64365387
13 -395.52319336 -6.59205322
14 -393.14526367 -6.55242106
15 -391.70385742 -6.52839762
16 -391.71917725 -6.52865295
17 -390.43197632 -6.50719961
18 -389.63787842 -6.49396464
19 -389.35870361 -6.48931173
20 -387.12124634 -6.45202077
21 -387.66406250 -6.46106771
22 -385.45867920 -6.42431132
23 -381.57659912 -6.35960999
24 -381.12268066 -6.35204468
25 -377.26559448 -6.28775991
26 -375.41668701 -6.25694478
27 -371.96859741 -6.19947662
28 -368.37536621 -6.13958944
29 -368.13888550 -6.13564809
30 -369.37377930 -6.15622965
31 -368.92233276 -6.14870555
32 -370.96746826 -6.18279114
33 -367.37777710 -6.12296295
34 -369.49658203 -6.15827637
35 -368.65539551 -6.14425659
36 -367.05651855 -6.11760864
37 -364.60696411 -6.07678274
38 -364.99856567 -6.08330943
39 -369.12158203 -6.15202637
40 -368.39688110 -6.13994802
41 -366.78176880 -6.11302948
42 -366.43350220 -6.10722504
43 -363.07205200 -6.05120087
44 -360.99011230 -6.01650187
45 -363.53228760 -6.05887146
46 -363.62728882 -6.06045481
47 -361.92361450 -6.03206024
48 -360.46932983 -6.00782216
49 -357.06289673 -5.95104828
50 -358.22961426 -5.97049357
51 -355.05749512 -5.91762492
52 -355.95150757 -5.93252513
53 -354.72775269 -5.91212921
54 -351.32824707 -5.85547078
55 -349.79913330 -5.82998556
56 -349.50637817 -5.82510630
57 -352.35366821 -5.87256114
58 -354.15893555 -5.90264893
59 -355.63562012 -5.92726034
60 -359.05929565 -5.98432159
61 -359.12142944 -5.98535716
62 -358.37722778 -5.97295380
63 -354.83358765 -5.91389313
64 -351.40237427 -5.85670624
65 -344.69448853 -5.74490814
66 -340.88006592 -5.68133443
67 -338.47943115 -5.64132385
68 -336.47457886 -5.60790965
69 -332.43209839 -5.54053497
70 -326.80432129 -5.44673869
71 -326.74603271 -5.44576721
72 -325.21948242 -5.42032471
73 -319.18777466 -5.31979624
74 -313.04827881 -5.21747131
75 -316.92987061 -5.28216451
76 -310.21667480 -5.17027791
77 -308.45239258 -5.14087321
78 -299.34790039 -4.98913167
79 -292.92498779 -4.88208313
80 -291.85354614 -4.86422577
81 -292.65789795 -4.87763163
82 -286.76275635 -4.77937927
83 -278.63342285 -4.64389038
84 -270.46466064 -4.50774434
85 -273.03955078 -4.55065918
86 -280.46667480 -4.67444458
87 -275.18566895 -4.58642782
88 -268.34768677 -4.47246145
89 -261.84057617 -4.36400960
90 -269.39456177 -4.48990936
91 -278.70602417 -4.64510040
92 -265.04559326 -4.41742655
93 -266.46606445 -4.44110107
94 -273.34527588 -4.55575460
95 -273.96020508 -4.56600342
96 -278.07675171 -4.63461253
97 -277.09155273 -4.61819255
98 -274.91714478 -4.58195241
99 -265.61065674 -4.42684428
100 -261.51068115 -4.35851135
101 -263.55688477 -4.39261475
102 -256.58703613 -4.27645060
103 -254.25427246 -4.23757121
104 -261.03372192 -4.35056203
105 -263.55474854 -4.39257914
106 -255.14413452 -4.25240224
107 -256.78454590 -4.27974243
108 -245.41177368 -4.09019623
109 -249.36799622 -4.15613327
110 -240.63558960 -4.01059316
111 -245.66275024 -4.09437917
112 -243.75106812 -4.06251780
113 -245.22647095 -4.08710785
114 -253.91247559 -4.23187459
115 -251.00860596 -4.18347677
116 -252.56155396 -4.20935923
117 -252.08811951 -4.20146866
118 -255.92959595 -4.26549327
119 -265.29351807 -4.42155863
120 -273.86993408 -4.56449890
121 -275.23501587 -4.58725026
122 -274.29626465 -4.57160441
123 -270.60687256 -4.51011454
124 -270.41156006 -4.50685933
125 -267.45880127 -4.45764669
126 -267.89642334 -4.46494039
127 -257.58694458 -4.29311574
128 -265.85690308 -4.43094838
129 -256.65371704 -4.27756195
130 -248.81155396 -4.14685923
131 -258.11389160 -4.30189819
132 -245.08407593 -4.08473460
133 -229.54754639 -3.82579244
134 -223.49307251 -3.72488454
135 -224.58673096 -3.74311218
136 -211.40463257 -3.52341054
137 -192.14158630 -3.20235977
138 -204.46905518 -3.40781759
139 -209.73867798 -3.49564463
140 -211.48625183 -3.52477086
141 -220.67828369 -3.67797139
142 -227.56463623 -3.79274394
143 -237.08969116 -3.95149485
144 -240.39401245 -4.00656687
145 -238.42367554 -3.97372793
146 -250.41784668 -4.17363078
147 -241.81823730 -4.03030396
148 -244.28079224 -4.07134654
149 -249.43664551 -4.15727743
150 -253.00622559 -4.21677043
151 -257.98999023 -4.29983317
152 -252.14617920 -4.20243632
153 -253.34983826 -4.22249730
154 -253.96997070 -4.23283285
155 -252.40036011 -4.20667267
156 -254.92974854 -4.24882914
157 -244.89239502 -4.08153992
158 -243.48513794 -4.05808563
159 -249.50708008 -4.15845133
160 -245.11578369 -4.08526306
161 -250.85566711 -4.18092779
162 -255.72247314 -4.26204122
163 -252.34118652 -4.20568644
164 -250.95043945 -4.18250732
165 -257.38604736 -4.28976746
166 -262.19543457 -4.36992391
167 -257.60333252 -4.29338888
168 -257.28186035 -4.28803101
169 -259.54138184 -4.32568970
170 -252.78961182 -4.21316020
171 -246.64645386 -4.11077423
172 -249.04650879 -4.15077515
173 -258.70419312 -4.31173655
174 -245.54565430 -4.09242757
175 -241.81683350 -4.03028056
176 -235.80296326 -3.93004939
177 -239.10971069 -3.98516184
178 -246.51979065 -4.10866318
179 -240.96347046 -4.01605784
180 -241.49499512 -4.02491659
181 -240.08450317 -4.00140839
182 -239.49142456 -3.99152374
183 -237.09390259 -3.95156504
184 -237.27523804 -3.95458730
185 -238.41528320 -3.97358805
186 -230.97238159 -3.84953969
187 -222.40640259 -3.70677338
188 -233.75700378 -3.89595006
189 -242.62326050 -4.04372101
190 -242.67315674 -4.04455261
191 -231.34082031 -3.85568034
192 -229.98735046 -3.83312251
193 -239.00610352 -3.98343506
194 -242.89599609 -4.04826660
195 -241.16104126 -4.01935069
196 -244.17095947 -4.06951599
197 -243.19604492 -4.05326742
198 -245.16137695 -4.08602295
199 -244.45336914 -4.07422282
200 -249.38131714 -4.15635529
201 -250.98728943 -4.18312149
202 -251.35278320 -4.18921305
203 -244.02059937 -4.06700999
204 -239.23129272 -3.98718821
205 -240.92269897 -4.01537832
206 -225.35678101 -3.75594635
207 -225.76318359 -3.76271973
208 -225.18699646 -3.75311661
209 -216.38697815 -3.60644964
210 -224.41613770 -3.74026896
211 -225.96340942 -3.76605682
212 -226.63394165 -3.77723236
213 -220.23086548 -3.67051442
214 -221.20489502 -3.68674825
215 -214.99780273 -3.58329671
216 -216.35586548 -3.60593109
217 -223.38442993 -3.72307383
218 -220.35302734 -3.67255046
219 -224.08776855 -3.73479614
220 -215.25845337 -3.58764089
221 -221.62597656 -3.69376628
222 -221.44314575 -3.69071910
223 -221.71685791 -3.69528097
224 -217.17556763 -3.61959279
225 -213.30746460 -3.55512441
226 -207.60379028 -3.46006317
227 -207.63059998 -3.46051000
228 -209.67492676 -3.49458211
229 -202.34968567 -3.37249476
230 -201.04968262 -3.35082804
