0 -505.23968506 -7.01721785
1 -505.24822998 -7.01733653
2 -505.25738525 -7.01746368
3 -505.26348877 -7.01754846
4 -505.26739502 -7.01760271
5 -505.27059937 -7.01764721
6 -505.27389526 -7.01769299
7 -505.27877808 -7.01776081
8 -505.28015137 -7.01777988
9 -505.28289795 -7.01781803
10 -505.28726196 -7.01787864
11 -505.29086304 -7.01792865
12 -505.29202271 -7.01794476
13 -505.29434204 -7.01797697
14 -505.29754639 -7.01802148
15 -505.30050659 -7.01806259
16 -505.30273438 -7.01809353
17 -505.30386353 -7.01810922
18 -505.30294800 -7.01809650
19 -505.30072021 -7.01806556
20 -505.30279541 -7.01809438
21 -505.30532837 -7.01812956
22 -505.30883789 -7.01817830
23 -505.30831909 -7.01817110
24 -505.31069946 -7.01820416
25 -505.31103516 -7.01820882
26 -505.30957031 -7.01818848
27 -505.30679321 -7.01814991
28 -505.30596924 -7.01813846
29 -505.30752563 -7.01816008
30 -505.30871582 -7.01817661
31 -505.30886841 -7.01817873
32 -505.31005859 -7.01819526
33 -505.30737305 -7.01815796
34 -505.30538940 -7.01813041
35 -505.30450439 -7.01811812
36 -505.30447388 -7.01811769
37 -505.30609131 -7.01814016
38 -505.30999756 -7.01819441
39 -505.30786133 -7.01816474
40 -505.31100464 -7.01820840
41 -505.31173706 -7.01821857
42 -505.30963135 -7.01818932
43 -505.30828857 -7.01817067
44 -505.30969238 -7.01819017
45 -505.30789185 -7.01816516
46 -505.30902100 -7.01818085
47 -505.30816650 -7.01816898
48 -505.30853271 -7.01817407
49 -505.31054688 -7.01820204
50 -505.31042480 -7.01820034
51 -505.30990601 -7.01819314
52 -505.30786133 -7.01816474
53 -505.30722046 -7.01815584
54 -505.30822754 -7.01816983
55 -505.30822754 -7.01816983
56 -505.30621338 -7.01814185
57 -505.30355835 -7.01810498
58 -505.30456543 -7.01811896
59 -505.30651855 -7.01814609
60 -505.30535889 -7.01812998
61 -505.30801392 -7.01816686
62 -505.30694580 -7.01815203
63 -505.30786133 -7.01816474
64 -505.30694580 -7.01815203
65 -505.30606079 -7.01813973
66 -505.30389404 -7.01810964
67 -505.30267334 -7.01809269
68 -505.30358887 -7.01810540
69 -505.30368042 -7.01810667
70 -505.30255127 -7.01809099
71 -505.30450439 -7.01811812
72 -505.30389404 -7.01810964
73 -505.30133057 -7.01807404
74 -505.30505371 -7.01812575
75 -505.30276489 -7.01809396
76 -505.30523682 -7.01812829
77 -505.30090332 -7.01806810
78 -505.29742432 -7.01801978
79 -505.29824829 -7.01803123
80 -505.29907227 -7.01804267
81 -505.29504395 -7.01798672
82 -505.29516602 -7.01798842
83 -505.29061890 -7.01792526
84 -505.29113770 -7.01793247
85 -505.29135132 -7.01793543
86 -505.28839111 -7.01789432
87 -505.28747559 -7.01788161
88 -505.28790283 -7.01788754
89 -505.28570557 -7.01785702
90 -505.28552246 -7.01785448
91 -505.28814697 -7.01789093
92 -505.28729248 -7.01787906
93 -505.28674316 -7.01787143
94 -505.28857422 -7.01789686
95 -505.28762817 -7.01788372
96 -505.29016113 -7.01791890
97 -505.29104614 -7.01793120
98 -505.29302979 -7.01795875
99 -505.29000854 -7.01791679
100 -505.29229736 -7.01794857
101 -505.28961182 -7.01791128
102 -505.28787231 -7.01788712
103 -505.28909302 -7.01790407
104 -505.29040527 -7.01792230
105 -505.29217529 -7.01794688
106 -505.28997803 -7.01791636
107 -505.29037476 -7.01792187
108 -505.28723145 -7.01787821
109 -505.28793335 -7.01788796
110 -505.28640747 -7.01786677
111 -505.28756714 -7.01788288
112 -505.28985596 -7.01791467
113 -505.29287720 -7.01795663
114 -505.29077148 -7.01792738
115 -505.28884888 -7.01790068
116 -505.28619385 -7.01786380
117 -505.28869629 -7.01789856
118 -505.29071045 -7.01792653
119 -505.29037476 -7.01792187
120 -505.28863525 -7.01789771
121 -505.28454590 -7.01784092
122 -505.28405762 -7.01783413
123 -505.28552246 -7.01785448
124 -505.28479004 -7.01784431
125 -505.28375244 -7.01782990
126 -505.28564453 -7.01785617
127 -505.28579712 -7.01785829
128 -505.28555298 -7.01785490
129 -505.28445435 -7.01783964
130 -505.28967285 -7.01791212
131 -505.28585815 -7.01785914
132 -505.28979492 -7.01791382
133 -505.28845215 -7.01789517
134 -505.28991699 -7.01791551
135 -505.28713989 -7.01787694
136 -505.28671265 -7.01787101
137 -505.28628540 -7.01786508
138 -505.28295898 -7.01781887
139 -505.28302002 -7.01781972
140 -505.27697754 -7.01773580
141 -505.27667236 -7.01773156
142 -505.27819824 -7.01775275
143 -505.27957153 -7.01777183
144 -505.28103638 -7.01779217
145 -505.27856445 -7.01775784
146 -505.27526855 -7.01771206
147 -505.27731323 -7.01774046
148 -505.27584839 -7.01772012
149 -505.27490234 -7.01770698
150 -505.27346802 -7.01768706
151 -505.27133179 -7.01765739
152 -505.27374268 -7.01769087
153 -505.26715088 -7.01759932
154 -505.26596069 -7.01758279
155 -505.26605225 -7.01758406
156 -505.26553345 -7.01757685
157 -505.26452637 -7.01756287
158 -505.26461792 -7.01756414
159 -505.26370239 -7.01755142
160 -505.25753784 -7.01746580
161 -505.25643921 -7.01745054
162 -505.25491333 -7.01742935
163 -505.25112915 -7.01737679
164 -505.25073242 -7.01737128
165 -505.25354004 -7.01741028
166 -505.25262451 -7.01739756
167 -505.25378418 -7.01741367
168 -505.25222778 -7.01739205
169 -505.24865723 -7.01734246
170 -505.24633789 -7.01731025
171 -505.24545288 -7.01729796
172 -505.24301147 -7.01726405
173 -505.24978638 -7.01735814
174 -505.24844360 -7.01733949
175 -505.25366211 -7.01741197
176 -505.25164795 -7.01738400
177 -505.25024414 -7.01736450
178 -505.24887085 -7.01734543
179 -505.24877930 -7.01734416
180 -505.24707031 -7.01732042
181 -505.24234009 -7.01725472
182 -505.24365234 -7.01727295
183 -505.24090576 -7.01723480
184 -505.24325562 -7.01726744
185 -505.24182129 -7.01724752
186 -505.24359131 -7.01727210
187 -505.24496460 -7.01729117
188 -505.24099731 -7.01723607
189 -505.24197388 -7.01724964
190 -505.24539185 -7.01729711
191 -505.24218750 -7.01725260
192 -505.24197388 -7.01724964
193 -505.23754883 -7.01718818
194 -505.24169922 -7.01724582
195 -505.23669434 -7.01717631
196 -505.23629761 -7.01717080
197 -505.23745728 -7.01718691
198 -505.23727417 -7.01718436
199 -505.23153687 -7.01710468
200 -505.23208618 -7.01711231
201 -505.23229980 -7.01711528
202 -505.22900391 -7.01706950
203 -505.22674561 -7.01703813
204 -505.22921753 -7.01707247
205 -505.22622681 -7.01703093
206 -505.22500610 -7.01701397
207 -505.22485352 -7.01701185
208 -505.22875977 -7.01706611
209 -505.22775269 -7.01705212
210 -505.22711182 -7.01704322
211 -505.22213745 -7.01697413
212 -505.22280884 -7.01698346
213 -505.22528076 -7.01701779
214 -505.22561646 -7.01702245
215 -505.22515869 -7.01701609
216 -505.22140503 -7.01696396
217 -505.22213745 -7.01697413
218 -505.22201538 -7.01697244
219 -505.21838379 -7.01692200
220 -505.21871948 -7.01692666
221 -505.21871948 -7.01692666
222 -505.22042847 -7.01695040
223 -505.22375488 -7.01699660
224 -505.21948242 -7.01693726
225 -505.21649170 -7.01689572
226 -505.22064209 -7.01695336
227 -505.21957397 -7.01693853
228 -505.22198486 -7.01697201
229 -505.21679688 -7.01689996
230 -505.22085571 -7.01695633
231 -505.22027588 -7.01694828
232 -505.22100830 -7.01695845
233 -505.21499634 -7.01687495
234 -505.21444702 -7.01686732
235 -505.21530151 -7.01687919
236 -505.21401978 -7.01686139
237 -505.21258545 -7.01684146
238 -505.21255493 -7.01684104
239 -505.20880127 -7.01678891
240 -505.21011353 -7.01680713
241 -505.21740723 -7.01690843
242 -505.21478271 -7.01687198
243 -505.21691895 -7.01690165
244 -505.21298218 -7.01684697
245 -505.21035767 -7.01681052
246 -505.20919800 -7.01679442
247 -505.20706177 -7.01676475
248 -505.20742798 -7.01676983
249 -505.20605469 -7.01675076
250 -505.20544434 -7.01674228
251 -505.20605469 -7.01675076
252 -505.20382690 -7.01671982
253 -505.20483398 -7.01673381
254 -505.20513916 -7.01673804
255 -505.20343018 -7.01671431
256 -505.20028687 -7.01667065
257 -505.20535278 -7.01674101
258 -505.20269775 -7.01670414
259 -505.19747925 -7.01663166
260 -505.19921875 -7.01665582
261 -505.19338989 -7.01657486
262 -505.18933105 -7.01651849
263 -505.19042969 -7.01653375
264 -505.18429565 -7.01644855
265 -505.18591309 -7.01647102
266 -505.18252563 -7.01642397
267 -505.18237305 -7.01642185
268 -505.17587280 -7.01633157
269 -505.17623901 -7.01633665
270 -505.17648315 -7.01634004
271 -505.17675781 -7.01634386
272 -505.17401123 -7.01630571
273 -505.17492676 -7.01631843
274 -505.17105103 -7.01626460
275 -505.16949463 -7.01624298
276 -505.17098999 -7.01626375
277 -505.16699219 -7.01620822
278 -505.17340088 -7.01629723
279 -505.17175293 -7.01627435
280 -505.17184448 -7.01627562
281 -505.17227173 -7.01628155
282 -505.17324829 -7.01629512
283 -505.17239380 -7.01628325
284 -505.16885376 -7.01623408
285 -505.16702271 -7.01620865
286 -505.16812134 -7.01622391
287 -505.16699219 -7.01620822
288 -505.16821289 -7.01622518
289 -505.17410278 -7.01630698
290 -505.17523193 -7.01632267
291 -505.17581177 -7.01633072
292 -505.17312622 -7.01629342
293 -505.17523193 -7.01632267
294 -505.17669678 -7.01634301
295 -505.17535400 -7.01632436
296 -505.17346191 -7.01629808
297 -505.17419434 -7.01630825
298 -505.17788696 -7.01635954
299 -505.17559814 -7.01632775
300 -505.16986084 -7.01624807
301 -505.16973877 -7.01624637
302 -505.17239380 -7.01628325
303 -505.17248535 -7.01628452
304 -505.17639160 -7.01633877
305 -505.17849731 -7.01636802
306 -505.17919922 -7.01637777
307 -505.17718506 -7.01634979
308 -505.17721558 -7.01635022
309 -505.17520142 -7.01632224
310 -505.17938232 -7.01638031
311 -505.17285156 -7.01628961
312 -505.18066406 -7.01639811
313 -505.18322754 -7.01643372
314 -505.18246460 -7.01642312
315 -505.18139648 -7.01640828
316 -505.18417358 -7.01644686
317 -505.18222046 -7.01641973
318 -505.17776489 -7.01635785
319 -505.17990112 -7.01638752
320 -505.17654419 -7.01634089
321 -505.17184448 -7.01627562
322 -505.17068481 -7.01625951
323 -505.16607666 -7.01619551
324 -505.16760254 -7.01621670
325 -505.16357422 -7.01616075
326 -505.16519165 -7.01618322
327 -505.16177368 -7.01613575
328 -505.16055298 -7.01611879
329 -505.16235352 -7.01614380
330 -505.16281128 -7.01615016
331 -505.15841675 -7.01608912
332 -505.15484619 -7.01603953
333 -505.15603638 -7.01605606
334 -505.15390015 -7.01602639
335 -505.15170288 -7.01599587
336 -505.14926147 -7.01596196
337 -505.15093994 -7.01598528
338 -505.14773560 -7.01594077
339 -505.14572144 -7.01591280
340 -505.14550781 -7.01590983
341 -505.14349365 -7.01588186
342 -505.14480591 -7.01590008
343 -505.14547729 -7.01590941
344 -505.14459229 -7.01589712
345 -505.14096069 -7.01584668
346 -505.14263916 -7.01586999
347 -505.14038086 -7.01583862
348 -505.14022827 -7.01583650
349 -505.13876343 -7.01581616
350 -505.13555908 -7.01577165
351 -505.13827515 -7.01580938
352 -505.13552856 -7.01577123
353 -505.13500977 -7.01576402
354 -505.13046265 -7.01570087
355 -505.13037109 -7.01569960
356 -505.12713623 -7.01565467
357 -505.12554932 -7.01563263
358 -505.12512207 -7.01562670
359 -505.12405396 -7.01561186
360 -505.12295532 -7.01559660
361 -505.12203979 -7.01558389
362 -505.11993408 -7.01555464
363 -505.12036133 -7.01556057
364 -505.12069702 -7.01556524
365 -505.12142944 -7.01557541
366 -505.12066650 -7.01556481
367 -505.11923218 -7.01554489
368 -505.11450195 -7.01547919
369 -505.11248779 -7.01545122
370 -505.10729980 -7.01537916
371 -505.10571289 -7.01535712
372 -505.10150146 -7.01529863
373 -505.09973145 -7.01527405
374 -505.10009766 -7.01527913
375 -505.10247803 -7.01531219
376 -505.10003662 -7.01527829
377 -505.10427856 -7.01533720
378 -505.10379028 -7.01533042
379 -505.10140991 -7.01529736
380 -505.09829712 -7.01525413
381 -505.09838867 -7.01525540
382 -505.09533691 -7.01521301
383 -505.09201050 -7.01516681
384 -505.09567261 -7.01521768
385 -505.09640503 -7.01522785
386 -505.09487915 -7.01520665
387 -505.09237671 -7.01517190
388 -505.09335327 -7.01518546
389 -505.08932495 -7.01512951
390 -505.09133911 -7.01515749
391 -505.08868408 -7.01512061
392 -505.08862305 -7.01511976
393 -505.09237671 -7.01517190
394 -505.09017944 -7.01514138
395 -505.08605957 -7.01508416
