0 -531.48950195 -6.81396797
1 -529.23059082 -6.78500757
2 -526.09295654 -6.74478149
3 -522.98284912 -6.70490832
4 -518.28106689 -6.64462906
5 -516.09185791 -6.61656228
6 -514.28552246 -6.59340413
7 -511.02893066 -6.55165296
8 -507.77560425 -6.50994364
9 -501.95620728 -6.43533599
10 -498.03048706 -6.38500624
11 -497.17941284 -6.37409504
12 -493.55895996 -6.32767897
13 -491.66644287 -6.30341593
14 -489.23324585 -6.27222110
15 -487.93835449 -6.25561993
16 -484.01022339 -6.20525927
17 -479.81887817 -6.15152408
18 -476.11184692 -6.10399804
19 -472.31048584 -6.05526264
20 -470.29025269 -6.02936221
21 -463.21267700 -5.93862406
22 -456.74133301 -5.85565812
23 -456.82211304 -5.85669376
24 -445.24804688 -5.70830829
