0 -758.07861328 -6.76855905
1 -758.13208008 -6.76903643
2 -758.17260742 -6.76939828
3 -758.20288086 -6.76966858
4 -758.22772217 -6.76989038
5 -758.24688721 -6.77006149
6 -758.26293945 -6.77020482
7 -758.27612305 -6.77032253
8 -758.28820801 -6.77043043
9 -758.29705811 -6.77050945
10 -758.30444336 -6.77057539
11 -758.31079102 -6.77063206
12 -758.31726074 -6.77068983
13 -758.32312012 -6.77074214
14 -758.32714844 -6.77077811
15 -758.33056641 -6.77080863
16 -758.33361816 -6.77083588
17 -758.33648682 -6.77086149
18 -758.33923340 -6.77088601
19 -758.34143066 -6.77090563
20 -758.34405518 -6.77092906
21 -758.34594727 -6.77094596
22 -758.34851074 -6.77096885
23 -758.34997559 -6.77098192
24 -758.35241699 -6.77100372
25 -758.35357666 -6.77101408
26 -758.35546875 -6.77103097
27 -758.35742188 -6.77104841
28 -758.35998535 -6.77107130
29 -758.36206055 -6.77108983
30 -758.36242676 -6.77109310
31 -758.36352539 -6.77110291
32 -758.36480713 -6.77111435
33 -758.36584473 -6.77112361
34 -758.36816406 -6.77114432
35 -758.36840820 -6.77114650
36 -758.37060547 -6.77116612
37 -758.37176514 -6.77117647
38 -758.37292480 -6.77118683
39 -758.37341309 -6.77119119
40 -758.37426758 -6.77119882
41 -758.37573242 -6.77121190
42 -758.37744141 -6.77122716
43 -758.37841797 -6.77123587
44 -758.37841797 -6.77123587
45 -758.38012695 -6.77125113
46 -758.38049316 -6.77125440
47 -758.38183594 -6.77126639
48 -758.38293457 -6.77127620
49 -758.38403320 -6.77128601
50 -758.38403320 -6.77128601
51 -758.38598633 -6.77130345
52 -758.38555908 -6.77129963
53 -758.38635254 -6.77130672
54 -758.38720703 -6.77131435
55 -758.38830566 -6.77132416
56 -758.38952637 -6.77133506
57 -758.39007568 -6.77133996
58 -758.39086914 -6.77134705
59 -758.39208984 -6.77135795
60 -758.39257812 -6.77136230
61 -758.39343262 -6.77136993
62 -758.39324951 -6.77136830
63 -758.39465332 -6.77138083
64 -758.39453125 -6.77137974
65 -758.39624023 -6.77139500
66 -758.39611816 -6.77139391
67 -758.39746094 -6.77140590
68 -758.39697266 -6.77140154
69 -758.39843750 -6.77141462
70 -758.39916992 -6.77142116
71 -758.39916992 -6.77142116
72 -758.40026855 -6.77143097
73 -758.40100098 -6.77143751
74 -758.40124512 -6.77143969
75 -758.40185547 -6.77144514
76 -758.40197754 -6.77144623
77 -758.40283203 -6.77145386
78 -758.40344238 -6.77145931
79 -758.40344238 -6.77145931
80 -758.40435791 -6.77146748
81 -758.40429688 -6.77146694
82 -758.40490723 -6.77147239
83 -758.40484619 -6.77147184
84 -758.40551758 -6.77147784
85 -758.40686035 -6.77148982
86 -758.40747070 -6.77149527
87 -758.40771484 -6.77149745
88 -758.40808105 -6.77150072
89 -758.40881348 -6.77150726
90 -758.40869141 -6.77150617
91 -758.40930176 -6.77151162
92 -758.40979004 -6.77151598
93 -758.40966797 -6.77151489
94 -758.41076660 -6.77152470
95 -758.41125488 -6.77152906
96 -758.41186523 -6.77153451
97 -758.41235352 -6.77153887
98 -758.41180420 -6.77153397
99 -758.41271973 -6.77154214
100 -758.41345215 -6.77154868
101 -758.41320801 -6.77154650
102 -758.41308594 -6.77154541
103 -758.41320801 -6.77154650
104 -758.41406250 -6.77155413
105 -758.41369629 -6.77155086
106 -758.41455078 -6.77155849
107 -758.41491699 -6.77156176
108 -758.41442871 -6.77155740
109 -758.41564941 -6.77156830
110 -758.41540527 -6.77156612
111 -758.41540527 -6.77156612
112 -758.41680908 -6.77157865
113 -758.41613770 -6.77157266
114 -758.41772461 -6.77158683
115 -758.41760254 -6.77158574
116 -758.41864014 -6.77159500
