0 -585.33660889 -6.65155237
1 -585.35681152 -6.65178195
2 -585.36761475 -6.65190471
3 -585.37481689 -6.65198656
4 -585.38018799 -6.65204759
5 -585.38409424 -6.65209198
6 -585.38848877 -6.65214192
7 -585.39196777 -6.65218145
8 -585.39428711 -6.65220781
9 -585.39709473 -6.65223971
10 -585.39862061 -6.65225705
11 -585.40106201 -6.65228480
12 -585.40270996 -6.65230352
13 -585.40405273 -6.65231878
14 -585.40606689 -6.65234167
15 -585.40814209 -6.65236525
16 -585.41015625 -6.65238814
17 -585.41156006 -6.65240409
18 -585.41369629 -6.65242837
19 -585.41522217 -6.65244571
20 -585.41644287 -6.65245958
21 -585.41772461 -6.65247414
22 -585.41918945 -6.65249079
23 -585.42077637 -6.65250882
24 -585.42230225 -6.65252616
25 -585.42303467 -6.65253448
26 -585.42376709 -6.65254281
27 -585.42504883 -6.65255737
28 -585.42596436 -6.65256778
29 -585.42755127 -6.65258581
30 -585.42773438 -6.65258789
31 -585.42907715 -6.65260315
32 -585.42999268 -6.65261355
33 -585.43066406 -6.65262118
34 -585.43194580 -6.65263575
35 -585.43267822 -6.65264407
36 -585.43322754 -6.65265031
37 -585.43402100 -6.65265933
38 -585.43487549 -6.65266904
39 -585.43585205 -6.65268014
40 -585.43640137 -6.65268638
41 -585.43713379 -6.65269470
42 -585.43768311 -6.65270094
43 -585.43798828 -6.65270441
44 -585.43872070 -6.65271274
45 -585.43933105 -6.65271967
46 -585.44000244 -6.65272730
47 -585.44055176 -6.65273354
48 -585.44134521 -6.65274256
49 -585.44232178 -6.65275366
50 -585.44299316 -6.65276129
51 -585.44329834 -6.65276475
52 -585.44366455 -6.65276892
53 -585.44427490 -6.65277585
54 -585.44476318 -6.65278140
55 -585.44519043 -6.65278625
56 -585.44561768 -6.65279111
57 -585.44622803 -6.65279805
58 -585.44683838 -6.65280498
59 -585.44787598 -6.65281677
60 -585.44805908 -6.65281885
61 -585.44866943 -6.65282579
62 -585.44934082 -6.65283342
63 -585.44952393 -6.65283550
64 -585.44952393 -6.65283550
65 -585.45074463 -6.65284937
66 -585.45104980 -6.65285284
67 -585.45190430 -6.65286255
68 -585.45196533 -6.65286324
69 -585.45239258 -6.65286810
70 -585.45330811 -6.65287850
