0 -451.32095337 -5.50391407
1 -451.28817749 -5.50351436
2 -451.26901245 -5.50328064
3 -451.23641968 -5.50288317
4 -451.21282959 -5.50259548
5 -451.18991089 -5.50231599
6 -451.14346313 -5.50174955
7 -451.11343384 -5.50138334
8 -451.02548218 -5.50031076
9 -450.98083496 -5.49976628
10 -450.96969604 -5.49963044
11 -450.96331787 -5.49955266
12 -450.93832397 -5.49924785
13 -450.89083862 -5.49866876
14 -450.86257935 -5.49832414
15 -450.85806274 -5.49826906
16 -450.83822632 -5.49802715
17 -450.79510498 -5.49750128
18 -450.74142456 -5.49684664
19 -450.76354980 -5.49711646
20 -450.70874023 -5.49644805
21 -450.68542480 -5.49616372
22 -450.64077759 -5.49561924
23 -450.60708618 -5.49520837
24 -450.58666992 -5.49495939
25 -450.57672119 -5.49483806
26 -450.56838989 -5.49473646
27 -450.60247803 -5.49515217
28 -450.56170654 -5.49465496
29 -450.56307983 -5.49467171
30 -450.51931763 -5.49413802
31 -450.53637695 -5.49434606
32 -450.45996094 -5.49341416
33 -450.36981201 -5.49231478
34 -450.33251953 -5.49185999
35 -450.29046631 -5.49134715
36 -450.30047607 -5.49146922
37 -450.23913574 -5.49072117
38 -450.14016724 -5.48951423
39 -450.11779785 -5.48924144
40 -450.09020996 -5.48890500
41 -450.02743530 -5.48813945
42 -449.98400879 -5.48760986
43 -449.93118286 -5.48696564
44 -449.93911743 -5.48706241
45 -449.87017822 -5.48622169
46 -449.73519897 -5.48457560
47 -449.66876221 -5.48376539
48 -449.66055298 -5.48366528
49 -449.68121338 -5.48391724
50 -449.65676880 -5.48361913
51 -449.61981201 -5.48316844
52 -449.58267212 -5.48271551
53 -449.52294922 -5.48198719
54 -449.44757080 -5.48106794
55 -449.41787720 -5.48070582
56 -449.39727783 -5.48045461
57 -449.34298706 -5.47979253
58 -449.37399292 -5.48017065
59 -449.35955811 -5.47999461
60 -449.34457397 -5.47981188
61 -449.30783081 -5.47936379
62 -449.19110107 -5.47794026
63 -449.13439941 -5.47724877
64 -449.16320801 -5.47760010
65 -449.10787964 -5.47692536
66 -449.01510620 -5.47579398
67 -448.94839478 -5.47498042
68 -448.80014038 -5.47317244
69 -448.68960571 -5.47182446
70 -448.72125244 -5.47221040
71 -448.71356201 -5.47211661
72 -448.53912354 -5.46998931
73 -448.56842041 -5.47034659
74 -448.54574585 -5.47007007
75 -448.45983887 -5.46902243
76 -448.45175171 -5.46892380
77 -448.42654419 -5.46861639
78 -448.43954468 -5.46877494
79 -448.46090698 -5.46903545
80 -448.41265869 -5.46844706
81 -448.36120605 -5.46781959
82 -448.24874878 -5.46644816
83 -448.20077515 -5.46586311
84 -448.05389404 -5.46407188
85 -447.96075439 -5.46293603
86 -447.90979004 -5.46231451
87 -447.71270752 -5.45991107
88 -447.82641602 -5.46129776
89 -447.81283569 -5.46113214
90 -447.82058716 -5.46122667
91 -447.89013672 -5.46207484
92 -447.76632690 -5.46056496
93 -447.79763794 -5.46094680
94 -447.66696167 -5.45935319
95 -447.70703125 -5.45984184
96 -447.64364624 -5.45906886
97 -447.64193726 -5.45904802
98 -447.57217407 -5.45819724
99 -447.62429810 -5.45883290
100 -447.65371704 -5.45919167
101 -447.66107178 -5.45928136
102 -447.58569336 -5.45836211
103 -447.58840942 -5.45839524
104 -447.58306885 -5.45833011
105 -447.61904907 -5.45876889
106 -447.58877563 -5.45839970
107 -447.54354858 -5.45784815
108 -447.48391724 -5.45712094
109 -447.31649780 -5.45507924
110 -447.32763672 -5.45521508
111 -447.44244385 -5.45661517
112 -447.51550293 -5.45750613
113 -447.45971680 -5.45682581
114 -447.51229858 -5.45746706
115 -447.40948486 -5.45621323
116 -447.30215454 -5.45490432
117 -447.26895142 -5.45449941
118 -447.10888672 -5.45254740
119 -447.07464600 -5.45212983
120 -446.78332520 -5.44857714
121 -446.63897705 -5.44681679
122 -446.62377930 -5.44663145
123 -446.62350464 -5.44662811
124 -446.34277344 -5.44320455
125 -446.23632812 -5.44190644
126 -446.42459106 -5.44420233
127 -446.41946411 -5.44413981
128 -446.27163696 -5.44233704
129 -446.30340576 -5.44272446
130 -446.23776245 -5.44192393
131 -446.34161377 -5.44319041
132 -446.23062134 -5.44183685
133 -446.21728516 -5.44167421
134 -446.12744141 -5.44057855
135 -446.06542969 -5.43982231
136 -445.90542603 -5.43787105
137 -445.82910156 -5.43694026
138 -445.64553833 -5.43470169
139 -445.63043213 -5.43451746
140 -445.46395874 -5.43248730
141 -445.55911255 -5.43364771
142 -445.31997681 -5.43073142
143 -445.08932495 -5.42791860
144 -445.01962280 -5.42706857
145 -445.08715820 -5.42789217
146 -445.17230225 -5.42893052
147 -445.12115479 -5.42830677
148 -445.00112915 -5.42684304
149 -444.83621216 -5.42483186
150 -444.72866821 -5.42352034
151 -444.67016602 -5.42280690
152 -444.62145996 -5.42221293
153 -444.30310059 -5.41833049
154 -444.00738525 -5.41472421
155 -443.88610840 -5.41324522
156 -443.79183960 -5.41209560
157 -443.83816528 -5.41266055
158 -443.87176514 -5.41307031
159 -443.94665527 -5.41398360
160 -443.95053101 -5.41403087
161 -443.65557861 -5.41043389
162 -443.56011963 -5.40926975
163 -443.44345093 -5.40784696
164 -443.21865845 -5.40510559
165 -443.06011963 -5.40317219
166 -442.96881104 -5.40205867
167 -442.81915283 -5.40023357
168 -442.99963379 -5.40243456
169 -442.92517090 -5.40152647
170 -442.81430054 -5.40017440
171 -442.69876099 -5.39876538
172 -442.58267212 -5.39734966
173 -442.56063843 -5.39708096
174 -442.38226318 -5.39490565
175 -442.17874146 -5.39242368
176 -442.11859131 -5.39169014
177 -441.79156494 -5.38770201
178 -441.79281616 -5.38771727
179 -441.76358032 -5.38736074
180 -441.35061646 -5.38232459
181 -441.64013672 -5.38585533
182 -440.88009644 -5.37658654
183 -440.81655884 -5.37581169
184 -440.74328613 -5.37491812
185 -440.40921021 -5.37084403
186 -440.45956421 -5.37145810
187 -440.74893188 -5.37498697
188 -440.54620361 -5.37251468
189 -440.29675293 -5.36947260
190 -440.45388794 -5.37138888
191 -440.25421143 -5.36895380
192 -439.98046875 -5.36561547
193 -439.79446411 -5.36334712
194 -439.80831909 -5.36351609
195 -439.69607544 -5.36214726
196 -439.69515991 -5.36213610
197 -439.58276367 -5.36076541
198 -439.47683716 -5.35947362
199 -439.21109009 -5.35623281
200 -439.13052368 -5.35525029
201 -438.57244873 -5.34844450
202 -438.56961060 -5.34840989
203 -438.56561279 -5.34836113
204 -438.25885010 -5.34462012
205 -437.99987793 -5.34146193
206 -437.57971191 -5.33633795
207 -437.44625854 -5.33471047
208 -437.53372192 -5.33577710
209 -437.29888916 -5.33291328
210 -437.33697510 -5.33337775
211 -437.10372925 -5.33053328
212 -437.10134888 -5.33050425
213 -436.92861938 -5.32839780
214 -437.01855469 -5.32949457
215 -437.50033569 -5.33536995
216 -436.91311646 -5.32820874
217 -436.47738647 -5.32289496
218 -436.33712769 -5.32118448
219 -436.42013550 -5.32219677
220 -436.10568237 -5.31836198
221 -436.07315063 -5.31796525
222 -436.08306885 -5.31808621
223 -435.91986084 -5.31609586
224 -435.70294189 -5.31345051
225 -435.33688354 -5.30898638
226 -435.12887573 -5.30644970
227 -435.06875610 -5.30571654
228 -435.05694580 -5.30557251
229 -434.88079834 -5.30342437
230 -434.99722290 -5.30484418
231 -435.31729126 -5.30874745
232 -435.02914429 -5.30523347
233 -434.57211304 -5.29965992
234 -434.04092407 -5.29318200
235 -433.73532104 -5.28945513
236 -433.36541748 -5.28494412
237 -433.48406982 -5.28639110
238 -433.49060059 -5.28647074
239 -433.53320312 -5.28699028
240 -433.23434448 -5.28334566
241 -433.00427246 -5.28053991
242 -432.84051514 -5.27854287
243 -433.10174561 -5.28172860
244 -432.90994263 -5.27938954
245 -433.44851685 -5.28595752
246 -433.29818726 -5.28412423
247 -433.49038696 -5.28646813
248 -433.00668335 -5.28056931
249 -432.78704834 -5.27789083
250 -432.33557129 -5.27238502
251 -432.28170776 -5.27172814
252 -432.39593506 -5.27312116
253 -432.20080566 -5.27074153
254 -431.74398804 -5.26517059
255 -431.69470215 -5.26456954
256 -432.01278687 -5.26844862
257 -431.70874023 -5.26474073
258 -431.91275024 -5.26722866
259 -431.49227905 -5.26210096
260 -431.47433472 -5.26188213
261 -431.68914795 -5.26450180
262 -432.10961914 -5.26962950
263 -431.76824951 -5.26546646
264 -431.78912354 -5.26572102
265 -431.10980225 -5.25743661
266 -430.68853760 -5.25229924
267 -430.32006836 -5.24780571
268 -429.97393799 -5.24358461
269 -429.60473633 -5.23908215
270 -429.88101196 -5.24245137
271 -430.53762817 -5.25045888
272 -429.82049561 -5.24171336
273 -429.14770508 -5.23350860
274 -428.74038696 -5.22854130
275 -428.53973389 -5.22609432
276 -428.72732544 -5.22838202
277 -427.96624756 -5.21910058
278 -427.57229614 -5.21429629
279 -427.38021851 -5.21195388
280 -427.10723877 -5.20862486
281 -427.40301514 -5.21223189
282 -427.55239868 -5.21405364
283 -426.70062256 -5.20366613
284 -426.07446289 -5.19603004
285 -426.09201050 -5.19624403
286 -426.17932129 -5.19730880
287 -426.06948853 -5.19596937
288 -426.59384155 -5.20236392
289 -427.04425049 -5.20785671
290 -427.02236938 -5.20758987
291 -428.01275635 -5.21966776
292 -428.18527222 -5.22177161
293 -428.53710938 -5.22606231
294 -428.08340454 -5.22052932
295 -427.79559326 -5.21701943
296 -428.53329468 -5.22601579
297 -427.92816162 -5.21863612
298 -427.89883423 -5.21827847
299 -428.10531616 -5.22079654
300 -427.59130859 -5.21452815
301 -427.08883667 -5.20840045
302 -426.43585205 -5.20043722
303 -426.38391113 -5.19980379
304 -426.94061279 -5.20659284
305 -427.33578491 -5.21141201
306 -428.01113892 -5.21964804
307 -427.79473877 -5.21700901
308 -428.17541504 -5.22165140
309 -428.33865356 -5.22364212
310 -427.76089478 -5.21659628
311 -426.85702515 -5.20557348
312 -425.84219360 -5.19319748
313 -425.52868652 -5.18937423
314 -425.35446167 -5.18724953
315 -424.36279297 -5.17515601
316 -424.28039551 -5.17415116
317 -424.81384277 -5.18065662
318 -425.12088013 -5.18440098
319 -424.92117310 -5.18196553
320 -424.94482422 -5.18225395
321 -424.79479980 -5.18042439
322 -424.63220215 -5.17844149
323 -424.31356812 -5.17455571
324 -424.92889404 -5.18205968
325 -424.62860107 -5.17839757
326 -424.14999390 -5.17256090
327 -423.47650146 -5.16434758
328 -422.82415771 -5.15639217
329 -422.59677124 -5.15361916
330 -422.77062988 -5.15573939
331 -422.92779541 -5.15765604
332 -422.97882080 -5.15827830
333 -423.06085205 -5.15927868
334 -422.84768677 -5.15667911
335 -422.18893433 -5.14864554
336 -422.28607178 -5.14983014
337 -422.21319580 -5.14894141
338 -422.43435669 -5.15163850
339 -422.63729858 -5.15411340
340 -422.45190430 -5.15185249
341 -422.95352173 -5.15796978
342 -422.54119873 -5.15294145
343 -422.47286987 -5.15210817
344 -422.46945190 -5.15206649
345 -422.12136841 -5.14782157
346 -422.29510498 -5.14994030
347 -423.27008057 -5.16183025
348 -423.23837280 -5.16144357
349 -422.10800171 -5.14765856
350 -422.03442383 -5.14676127
351 -421.55508423 -5.14091566
352 -421.92260742 -5.14539765
353 -421.61642456 -5.14166371
354 -420.40017700 -5.12683143
355 -420.70684814 -5.13057132
356 -420.35549927 -5.12628658
357 -420.24761963 -5.12497097
358 -420.16656494 -5.12398250
359 -420.92828369 -5.13327175
360 -420.50100708 -5.12806106
361 -420.71554565 -5.13067739
362 -420.03033447 -5.12232115
363 -420.38363647 -5.12662971
364 -420.42431641 -5.12712581
365 -420.57327271 -5.12894235
366 -421.04989624 -5.13475483
367 -420.61160278 -5.12940979
368 -420.35034180 -5.12622368
369 -419.87689209 -5.12044990
370 -420.02639771 -5.12227314
371 -419.19461060 -5.11212940
372 -418.24771118 -5.10058184
373 -417.87570190 -5.09604515
374 -416.45263672 -5.07869069
375 -415.57955933 -5.06804341
376 -417.41198730 -5.09039009
377 -417.58523560 -5.09250287
378 -417.53625488 -5.09190555
379 -417.54196167 -5.09197514
380 -417.69171143 -5.09380136
381 -418.52114868 -5.10391645
382 -418.76489258 -5.10688893
383 -418.69445801 -5.10602998
384 -418.24774170 -5.10058222
385 -418.47415161 -5.10334331
386 -418.67620850 -5.10580742
387 -418.66433716 -5.10566265
388 -417.34823608 -5.08961264
389 -415.65023804 -5.06890534
390 -416.02468872 -5.07347181
391 -414.89816284 -5.05973369
392 -414.93121338 -5.06013675
393 -414.78164673 -5.05831276
394 -416.63992310 -5.08097467
395 -417.15908813 -5.08730595
396 -417.19610596 -5.08775739
397 -416.28231812 -5.07661364
398 -416.44958496 -5.07865348
399 -415.70434570 -5.06956519
400 -416.00970459 -5.07328908
401 -416.29577637 -5.07677776
402 -416.70797729 -5.08180460
403 -417.38500977 -5.09006109
404 -417.49478149 -5.09139977
405 -416.90264893 -5.08417865
406 -416.45080566 -5.07866836
407 -415.82397461 -5.07102408
408 -415.78704834 -5.07057376
409 -415.91000366 -5.07207322
410 -415.75323486 -5.07016140
411 -415.38360596 -5.06565373
412 -414.79669189 -5.05849624
413 -415.00787354 -5.06107163
414 -415.74310303 -5.07003784
415 -415.40753174 -5.06594551
416 -416.56250000 -5.08003049
417 -417.36474609 -5.08981398
418 -418.21514893 -5.10018474
419 -417.88742065 -5.09618806
420 -419.06387329 -5.11053504
421 -419.52032471 -5.11610152
422 -419.71777344 -5.11850943
423 -419.86068726 -5.12025228
424 -419.37591553 -5.11434043
425 -418.70349121 -5.10614014
426 -417.88815308 -5.09619699
427 -416.43243408 -5.07844432
428 -415.97048950 -5.07281085
429 -414.89923096 -5.05974672
430 -413.13970947 -5.03828914
431 -411.73336792 -5.02113863
432 -411.39916992 -5.01706305
433 -410.90670776 -5.01105741
434 -412.36642456 -5.02885884
435 -411.83139038 -5.02233403
436 -412.72848511 -5.03327421
437 -412.23306274 -5.02723247
438 -411.78527832 -5.02177169
439 -411.48532104 -5.01811367
440 -410.34814453 -5.00424567
441 -410.12817383 -5.00156310
442 -410.21139526 -5.00257799
443 -410.00064087 -5.00000782
444 -409.55773926 -4.99460658
445 -409.91641235 -4.99898064
446 -409.99227905 -4.99990584
447 -408.78182983 -4.98514427
448 -408.39434814 -4.98041888
449 -407.09118652 -4.96452666
450 -406.32052612 -4.95512837
451 -406.00918579 -4.95133153
452 -405.00021362 -4.93902700
453 -406.06091309 -4.95196235
454 -405.23175049 -4.94185062
455 -404.20587158 -4.92933990
456 -404.03897095 -4.92730452
457 -404.10205078 -4.92807379
458 -404.20343018 -4.92931012
459 -402.73208618 -4.91136690
460 -404.45831299 -4.93241845
461 -403.85855103 -4.92510428
462 -404.60989380 -4.93426700
463 -402.48114014 -4.90830659
464 -402.08035278 -4.90341894
465 -404.18841553 -4.92912702
466 -404.13809204 -4.92851332
467 -404.52792358 -4.93326736
468 -403.26007080 -4.91780574
469 -402.94619751 -4.91397802
470 -402.60803223 -4.90985405
471 -403.64511108 -4.92250135
472 -402.45852661 -4.90803081
473 -404.41973877 -4.93194803
474 -402.23760986 -4.90533671
475 -402.25503540 -4.90554921
476 -401.56411743 -4.89712338
477 -402.92257690 -4.91368996
478 -400.30892944 -4.88181621
479 -401.30126953 -4.89391792
480 -401.23583984 -4.89312000
481 -401.41253662 -4.89527484
482 -400.45474243 -4.88359442
483 -399.35098267 -4.87013393
484 -400.67825317 -4.88632016
485 -398.88903809 -4.86450046
486 -397.52804565 -4.84790300
487 -397.64950562 -4.84938421
488 -395.01037598 -4.81719971
489 -395.82910156 -4.82718417
490 -398.15231323 -4.85551602
491 -401.50942993 -4.89645646
492 -402.30752563 -4.90618934
493 -403.77059937 -4.92403170
494 -403.69171143 -4.92306965
495 -403.05621338 -4.91531968
496 -404.43951416 -4.93218920
497 -405.25894165 -4.94218222
498 -404.49819946 -4.93290487
499 -403.64578247 -4.92250954
500 -402.71014404 -4.91109932
501 -400.65307617 -4.88601312
502 -401.83587646 -4.90043752
503 -402.22824097 -4.90522245
504 -400.99890137 -4.89023050
505 -402.52273560 -4.90881385
506 -401.31948853 -4.89414010
507 -401.65472412 -4.89822834
508 -399.60531616 -4.87323556
509 -398.98867798 -4.86571559
510 -399.95294189 -4.87747490
511 -398.35812378 -4.85802590
512 -397.07629395 -4.84239383
513 -398.38867188 -4.85839844
514 -396.48403931 -4.83517121
515 -395.35354614 -4.82138471
516 -396.12344360 -4.83077370
517 -397.78042603 -4.85098081
518 -396.22665405 -4.83203237
519 -395.63146973 -4.82477402
520 -396.93130493 -4.84062567
521 -395.47018433 -4.82280713
522 -394.34463501 -4.80908091
523 -394.92550659 -4.81616471
524 -394.14291382 -4.80662090
525 -394.32492065 -4.80884050
526 -395.51376343 -4.82333858
527 -395.79742432 -4.82679786
