0 -785.86950684 -6.54891256
1 -784.79534912 -6.53996124
2 -783.35577393 -6.52796478
3 -781.14953613 -6.50957947
4 -779.09936523 -6.49249471
5 -777.31512451 -6.47762604
6 -776.05346680 -6.46711222
7 -774.92974854 -6.45774790
8 -773.23321533 -6.44361013
9 -769.68951416 -6.41407928
10 -768.37866211 -6.40315552
11 -767.04412842 -6.39203440
12 -764.56079102 -6.37133993
13 -763.26812744 -6.36056773
14 -762.28680420 -6.35239003
15 -760.42687988 -6.33689067
16 -760.11370850 -6.33428090
17 -757.64685059 -6.31372375
18 -754.96350098 -6.29136251
19 -753.09600830 -6.27580007
20 -749.84265137 -6.24868876
21 -748.03833008 -6.23365275
22 -744.35815430 -6.20298462
23 -742.06762695 -6.18389689
24 -740.30615234 -6.16921794
25 -737.49438477 -6.14578654
26 -737.72039795 -6.14766998
27 -735.22424316 -6.12686869
28 -727.60589600 -6.06338247
29 -727.43017578 -6.06191813
30 -723.08593750 -6.02571615
31 -715.93688965 -5.96614075
32 -711.48443604 -5.92903697
33 -714.19665527 -5.95163879
34 -706.83190918 -5.89026591
35 -706.25079346 -5.88542328
36 -709.35272217 -5.91127268
37 -709.41729736 -5.91181081
38 -710.30035400 -5.91916962
39 -704.84472656 -5.87370605
40 -703.40960693 -5.86174672
41 -700.36956787 -5.83641307
42 -698.72589111 -5.82271576
43 -692.67474365 -5.77228953
44 -684.83410645 -5.70695089
45 -680.99230957 -5.67493591
46 -675.00402832 -5.62503357
47 -668.55480957 -5.57129008
48 -679.03198242 -5.65859985
49 -681.80328369 -5.68169403
50 -674.91333008 -5.62427775
51 -671.46221924 -5.59551849
52 -667.99975586 -5.56666463
53 -665.85314941 -5.54877625
54 -660.02435303 -5.50020294
55 -659.47338867 -5.49561157
56 -662.06829834 -5.51723582
57 -658.01623535 -5.48346863
58 -660.62573242 -5.50521444
59 -653.57373047 -5.44644775
60 -657.84521484 -5.48204346
61 -649.03869629 -5.40865580
62 -649.93994141 -5.41616618
63 -651.05194092 -5.42543284
64 -647.45727539 -5.39547729
65 -647.27929688 -5.39399414
66 -645.67126465 -5.38059387
67 -634.06250000 -5.28385417
68 -622.11889648 -5.18432414
69 -627.06500244 -5.22554169
70 -619.20635986 -5.16005300
71 -614.09448242 -5.11745402
72 -601.74804688 -5.01456706
73 -589.81738281 -4.91514486
74 -594.21166992 -4.95176392
75 -591.32287598 -4.92769063
76 -556.16772461 -4.63473104
77 -419.18734741 -3.49322790
