0 -783.32006836 -7.25296360
1 -783.35614014 -7.25329759
2 -783.38244629 -7.25354117
3 -783.40325928 -7.25373388
4 -783.42089844 -7.25389721
5 -783.43579102 -7.25403510
6 -783.45019531 -7.25416848
7 -783.46282959 -7.25428546
8 -783.47479248 -7.25439623
9 -783.48638916 -7.25450360
10 -783.49700928 -7.25460194
11 -783.50659180 -7.25469066
12 -783.51513672 -7.25476978
13 -783.52441406 -7.25485569
14 -783.53283691 -7.25493368
15 -783.53991699 -7.25499923
16 -783.54693604 -7.25506422
17 -783.55334473 -7.25512356
18 -783.55969238 -7.25518234
19 -783.56579590 -7.25523885
20 -783.57110596 -7.25528802
21 -783.57659912 -7.25533888
22 -783.58026123 -7.25537279
23 -783.58593750 -7.25542535
24 -783.59033203 -7.25546604
25 -783.59484863 -7.25550786
26 -783.59863281 -7.25554290
27 -783.60284424 -7.25558189
28 -783.60614014 -7.25561241
29 -783.61016846 -7.25564971
30 -783.61401367 -7.25568531
31 -783.61706543 -7.25571357
32 -783.62030029 -7.25574352
33 -783.62451172 -7.25578252
34 -783.62695312 -7.25580512
35 -783.63031006 -7.25583620
36 -783.63305664 -7.25586164
37 -783.63537598 -7.25588311
38 -783.63726807 -7.25590063
39 -783.63946533 -7.25592098
40 -783.64208984 -7.25594528
41 -783.64416504 -7.25596449
42 -783.64648438 -7.25598597
43 -783.64892578 -7.25600857
44 -783.65087891 -7.25602666
45 -783.65295410 -7.25604587
46 -783.65527344 -7.25606735
47 -783.65740967 -7.25608713
48 -783.65814209 -7.25609391
49 -783.66082764 -7.25611877
50 -783.66198730 -7.25612951
51 -783.66418457 -7.25614986
52 -783.66638184 -7.25617020
53 -783.66906738 -7.25619507
54 -783.67041016 -7.25620750
55 -783.67230225 -7.25622502
56 -783.67382812 -7.25623915
57 -783.67510986 -7.25625102
58 -783.67681885 -7.25626684
59 -783.67852783 -7.25628267
60 -783.67980957 -7.25629453
61 -783.68115234 -7.25630697
62 -783.68316650 -7.25632562
63 -783.68438721 -7.25633692
64 -783.68579102 -7.25634992
65 -783.68823242 -7.25637252
66 -783.68914795 -7.25638100
67 -783.69091797 -7.25639739
68 -783.69183350 -7.25640587
69 -783.69372559 -7.25642339
70 -783.69506836 -7.25643582
71 -783.69616699 -7.25644599
72 -783.69732666 -7.25645673
73 -783.69854736 -7.25646803
74 -783.69995117 -7.25648103
75 -783.70037842 -7.25648499
76 -783.70172119 -7.25649742
77 -783.70275879 -7.25650703
78 -783.70324707 -7.25651155
79 -783.70446777 -7.25652285
80 -783.70526123 -7.25653020
81 -783.70629883 -7.25653980
82 -783.70806885 -7.25655619
83 -783.70910645 -7.25656580
84 -783.70983887 -7.25657258
85 -783.71142578 -7.25658728
86 -783.71276855 -7.25659971
87 -783.71429443 -7.25661384
88 -783.71447754 -7.25661553
89 -783.71545410 -7.25662458
90 -783.71624756 -7.25663192
91 -783.71752930 -7.25664379
92 -783.71875000 -7.25665509
93 -783.72003174 -7.25666696
94 -783.72094727 -7.25667544
95 -783.72229004 -7.25668787
96 -783.72381592 -7.25670200
97 -783.72540283 -7.25671669
98 -783.72558594 -7.25671839
99 -783.72698975 -7.25673139
100 -783.72808838 -7.25674156
101 -783.72869873 -7.25674721
102 -783.73022461 -7.25676134
103 -783.73150635 -7.25677321
104 -783.73223877 -7.25677999
105 -783.73364258 -7.25679299
106 -783.73413086 -7.25679751
107 -783.73559570 -7.25681107
108 -783.73645020 -7.25681898
109 -783.73760986 -7.25682972
110 -783.73876953 -7.25684046
111 -783.73889160 -7.25684159
112 -783.74017334 -7.25685346
113 -783.74072266 -7.25685854
114 -783.74218750 -7.25687211
115 -783.74334717 -7.25688284
116 -783.74346924 -7.25688397
117 -783.74432373 -7.25689189
118 -783.74523926 -7.25690036
119 -783.74639893 -7.25691110
120 -783.74761963 -7.25692240
121 -783.74871826 -7.25693258
122 -783.74914551 -7.25693653
123 -783.75006104 -7.25694501
124 -783.75067139 -7.25695066
125 -783.75146484 -7.25695801
126 -783.75250244 -7.25696762
127 -783.75390625 -7.25698061
128 -783.75445557 -7.25698570
129 -783.75537109 -7.25699418
130 -783.75549316 -7.25699531
131 -783.75585938 -7.25699870
132 -783.75665283 -7.25700604
133 -783.75781250 -7.25701678
134 -783.75799561 -7.25701848
135 -783.75817871 -7.25702017
136 -783.75939941 -7.25703148
137 -783.76049805 -7.25704165
138 -783.76049805 -7.25704165
139 -783.76159668 -7.25705182
140 -783.76190186 -7.25705465
141 -783.76306152 -7.25706538
142 -783.76434326 -7.25707725
143 -783.76458740 -7.25707951
144 -783.76538086 -7.25708686
145 -783.76660156 -7.25709816
146 -783.76733398 -7.25710494
147 -783.76776123 -7.25710890
148 -783.76776123 -7.25710890
149 -783.76947021 -7.25712472
150 -783.76965332 -7.25712642
151 -783.76995850 -7.25712925
152 -783.77099609 -7.25713885
153 -783.77160645 -7.25714450
154 -783.77166748 -7.25714507
155 -783.77307129 -7.25715807
156 -783.77374268 -7.25716428
157 -783.77441406 -7.25717050
158 -783.77465820 -7.25717276
159 -783.77496338 -7.25717559
160 -783.77545166 -7.25718011
161 -783.77709961 -7.25719537
162 -783.77734375 -7.25719763
163 -783.77838135 -7.25720723
164 -783.77801514 -7.25720384
165 -783.77917480 -7.25721458
166 -783.78002930 -7.25722249
167 -783.78063965 -7.25722814
168 -783.78167725 -7.25723775
169 -783.78186035 -7.25723945
170 -783.78192139 -7.25724001
171 -783.78277588 -7.25724792
172 -783.78369141 -7.25725640
