0 -787.61328125 -7.09561515
1 -787.61132812 -7.09559755
2 -787.61010742 -7.09558655
3 -787.61071777 -7.09559205
4 -787.61224365 -7.09560580
5 -787.61236572 -7.09560690
6 -787.61187744 -7.09560250
7 -787.61132812 -7.09559755
8 -787.60949707 -7.09558105
9 -787.61041260 -7.09558930
10 -787.61059570 -7.09559095
11 -787.60754395 -7.09556346
12 -787.60742188 -7.09556236
13 -787.60906982 -7.09557721
14 -787.60913086 -7.09557776
15 -787.60601807 -7.09554971
16 -787.60742188 -7.09556236
17 -787.60479736 -7.09553871
18 -787.60736084 -7.09556181
19 -787.60430908 -7.09553432
20 -787.60644531 -7.09555356
21 -787.60601807 -7.09554971
22 -787.60705566 -7.09555906
23 -787.60546875 -7.09554476
24 -787.60479736 -7.09553871
25 -787.60400391 -7.09553157
26 -787.60083008 -7.09550297
27 -787.60180664 -7.09551177
28 -787.60046387 -7.09549967
29 -787.59741211 -7.09547218
30 -787.60113525 -7.09550572
31 -787.59906006 -7.09548703
32 -787.59631348 -7.09546228
33 -787.59887695 -7.09548538
34 -787.59686279 -7.09546723
35 -787.60009766 -7.09549638
36 -787.59936523 -7.09548978
37 -787.59832764 -7.09548043
38 -787.59899902 -7.09548648
39 -787.59899902 -7.09548648
40 -787.59729004 -7.09547108
41 -787.59790039 -7.09547658
42 -787.60046387 -7.09549967
43 -787.59704590 -7.09546888
44 -787.59826660 -7.09547988
45 -787.59704590 -7.09546888
46 -787.59289551 -7.09543149
47 -787.59667969 -7.09546558
48 -787.59130859 -7.09541719
49 -787.59503174 -7.09545074
50 -787.59289551 -7.09543149
51 -787.59545898 -7.09545459
52 -787.59155273 -7.09541939
53 -787.59478760 -7.09544854
54 -787.59204102 -7.09542379
55 -787.59069824 -7.09541170
56 -787.58972168 -7.09540290
57 -787.59179688 -7.09542159
58 -787.59210205 -7.09542434
59 -787.58959961 -7.09540180
60 -787.59368896 -7.09543864
61 -787.58984375 -7.09540400
62 -787.59100342 -7.09541445
63 -787.59185791 -7.09542214
64 -787.59033203 -7.09540840
65 -787.59356689 -7.09543754
66 -787.59204102 -7.09542379
67 -787.59436035 -7.09544469
68 -787.59295654 -7.09543204
69 -787.59069824 -7.09541170
70 -787.58874512 -7.09539410
71 -787.59320068 -7.09543424
72 -787.59167480 -7.09542049
73 -787.59246826 -7.09542764
74 -787.58972168 -7.09540290
75 -787.59197998 -7.09542324
76 -787.59228516 -7.09542599
77 -787.59216309 -7.09542489
78 -787.59252930 -7.09542819
79 -787.59143066 -7.09541829
80 -787.59277344 -7.09543039
81 -787.59307861 -7.09543314
82 -787.59228516 -7.09542599
83 -787.58673096 -7.09537595
84 -787.58923340 -7.09539850
85 -787.58801270 -7.09538750
86 -787.59167480 -7.09542049
87 -787.58953857 -7.09540125
88 -787.59149170 -7.09541884
89 -787.58874512 -7.09539410
90 -787.58966064 -7.09540235
91 -787.58795166 -7.09538695
92 -787.58892822 -7.09539575
93 -787.59094238 -7.09541390
94 -787.58782959 -7.09538585
95 -787.58685303 -7.09537705
96 -787.58947754 -7.09540070
97 -787.58721924 -7.09538035
98 -787.58697510 -7.09537815
99 -787.58728027 -7.09538090
100 -787.58715820 -7.09537980
101 -787.58502197 -7.09536056
102 -787.58624268 -7.09537156
103 -787.58557129 -7.09536551
104 -787.58483887 -7.09535891
105 -787.58471680 -7.09535781
106 -787.58367920 -7.09534846
107 -787.58325195 -7.09534461
108 -787.58300781 -7.09534241
109 -787.58300781 -7.09534241
110 -787.58062744 -7.09532097
111 -787.58056641 -7.09532042
112 -787.58264160 -7.09533911
113 -787.58398438 -7.09535121
114 -787.58245850 -7.09533746
115 -787.57885742 -7.09530502
116 -787.57824707 -7.09529952
117 -787.57714844 -7.09528963
118 -787.57757568 -7.09529347
119 -787.57928467 -7.09530887
120 -787.58105469 -7.09532482
121 -787.57843018 -7.09530117
122 -787.57641602 -7.09528303
123 -787.57482910 -7.09526873
124 -787.57745361 -7.09529237
125 -787.57629395 -7.09528193
126 -787.57543945 -7.09527423
127 -787.57446289 -7.09526543
128 -787.57299805 -7.09525223
129 -787.57104492 -7.09523464
130 -787.56835938 -7.09521044
131 -787.56860352 -7.09521264
132 -787.56781006 -7.09520550
133 -787.56750488 -7.09520275
134 -787.56719971 -7.09520000
135 -787.56658936 -7.09519450
136 -787.56439209 -7.09517470
137 -787.56488037 -7.09517910
138 -787.56396484 -7.09517085
139 -787.56085205 -7.09514281
140 -787.56060791 -7.09514061
141 -787.55853271 -7.09512192
142 -787.55877686 -7.09512412
143 -787.56072998 -7.09514171
144 -787.55847168 -7.09512137
145 -787.55798340 -7.09511697
146 -787.55853271 -7.09512192
147 -787.55712891 -7.09510927
148 -787.55401611 -7.09508123
149 -787.55456543 -7.09508618
150 -787.55352783 -7.09507683
151 -787.55364990 -7.09507793
152 -787.55548096 -7.09509442
153 -787.55895996 -7.09512577
154 -787.55847168 -7.09512137
155 -787.55651855 -7.09510377
156 -787.55718994 -7.09510982
157 -787.55554199 -7.09509497
158 -787.55505371 -7.09509057
159 -787.55187988 -7.09506198
160 -787.55010986 -7.09504603
161 -787.55078125 -7.09505208
162 -787.55383301 -7.09507958
163 -787.55010986 -7.09504603
164 -787.55584717 -7.09509772
165 -787.55175781 -7.09506088
166 -787.55395508 -7.09508068
167 -787.55316162 -7.09507353
168 -787.55407715 -7.09508178
169 -787.55725098 -7.09511037
170 -787.55554199 -7.09509497
171 -787.55712891 -7.09510927
172 -787.55578613 -7.09509717
173 -787.55474854 -7.09508782
174 -787.55554199 -7.09509497
175 -787.55682373 -7.09510652
176 -787.55487061 -7.09508892
177 -787.55633545 -7.09510212
178 -787.55755615 -7.09511312
179 -787.55371094 -7.09507848
180 -787.55682373 -7.09510652
181 -787.55352783 -7.09507683
182 -787.55603027 -7.09509937
183 -787.55432129 -7.09508398
184 -787.55700684 -7.09510817
185 -787.55657959 -7.09510432
186 -787.55706787 -7.09510872
187 -787.55548096 -7.09509442
188 -787.55426025 -7.09508343
189 -787.55841064 -7.09512082
190 -787.55505371 -7.09509057
191 -787.55236816 -7.09506638
192 -787.55267334 -7.09506913
193 -787.55419922 -7.09508288
194 -787.55029297 -7.09504768
195 -787.55096436 -7.09505373
196 -787.55285645 -7.09507078
197 -787.55267334 -7.09506913
198 -787.55187988 -7.09506198
199 -787.54943848 -7.09503999
200 -787.55163574 -7.09505978
201 -787.55010986 -7.09504603
202 -787.55310059 -7.09507298
203 -787.54809570 -7.09502789
204 -787.55041504 -7.09504878
205 -787.54718018 -7.09501964
206 -787.54882812 -7.09503449
207 -787.54913330 -7.09503724
208 -787.55072021 -7.09505153
209 -787.54876709 -7.09503394
210 -787.54907227 -7.09503669
211 -787.54736328 -7.09502129
212 -787.54638672 -7.09501249
213 -787.54541016 -7.09500370
214 -787.54467773 -7.09499710
215 -787.54278564 -7.09498005
216 -787.54559326 -7.09500534
217 -787.54229736 -7.09497565
218 -787.54248047 -7.09497730
219 -787.53894043 -7.09494541
220 -787.53948975 -7.09495036
221 -787.53887939 -7.09494486
222 -787.54107666 -7.09496465
223 -787.53723145 -7.09493001
224 -787.53741455 -7.09493166
225 -787.53741455 -7.09493166
226 -787.53497314 -7.09490967
227 -787.53430176 -7.09490362
228 -787.53369141 -7.09489812
229 -787.53405762 -7.09490142
230 -787.53283691 -7.09489042
231 -787.53063965 -7.09487063
232 -787.53063965 -7.09487063
233 -787.53125000 -7.09487613
234 -787.52966309 -7.09486183
235 -787.52911377 -7.09485688
236 -787.53076172 -7.09487173
237 -787.52850342 -7.09485138
238 -787.53247070 -7.09488712
239 -787.52825928 -7.09484918
240 -787.52844238 -7.09485083
241 -787.53161621 -7.09487943
242 -787.53027344 -7.09486733
243 -787.53198242 -7.09488272
244 -787.53100586 -7.09487393
245 -787.53070068 -7.09487118
246 -787.52850342 -7.09485138
247 -787.52905273 -7.09485633
248 -787.52954102 -7.09486073
249 -787.52868652 -7.09485303
250 -787.52679443 -7.09483599
251 -787.52899170 -7.09485578
252 -787.53057861 -7.09487008
253 -787.53143311 -7.09487778
254 -787.52856445 -7.09485193
255 -787.52789307 -7.09484588
256 -787.52825928 -7.09484918
257 -787.53106689 -7.09487448
258 -787.52667236 -7.09483489
259 -787.52746582 -7.09484203
260 -787.52526855 -7.09482224
261 -787.52661133 -7.09483434
262 -787.52496338 -7.09481949
263 -787.52252197 -7.09479750
264 -787.52575684 -7.09482664
265 -787.52581787 -7.09482719
266 -787.52355957 -7.09480684
267 -787.52490234 -7.09481894
268 -787.52062988 -7.09478045
269 -787.52490234 -7.09481894
270 -787.52172852 -7.09479035
271 -787.52288818 -7.09480079
272 -787.52270508 -7.09479914
273 -787.52386475 -7.09480959
274 -787.52221680 -7.09479475
275 -787.51855469 -7.09476175
276 -787.52276611 -7.09479969
277 -787.51855469 -7.09476175
278 -787.51568604 -7.09473591
279 -787.51489258 -7.09472876
280 -787.51513672 -7.09473096
281 -787.51177979 -7.09470072
282 -787.51306152 -7.09471227
283 -787.51019287 -7.09468642
284 -787.51147461 -7.09469797
285 -787.50933838 -7.09467872
286 -787.51245117 -7.09470677
287 -787.50860596 -7.09467213
288 -787.51287842 -7.09471062
289 -787.51019287 -7.09468642
290 -787.51019287 -7.09468642
291 -787.50952148 -7.09468037
292 -787.50390625 -7.09462979
293 -787.50292969 -7.09462099
294 -787.50317383 -7.09462319
295 -787.50286865 -7.09462044
296 -787.50518799 -7.09464133
297 -787.50012207 -7.09459569
298 -787.50201416 -7.09461274
299 -787.50085449 -7.09460229
300 -787.50140381 -7.09460724
301 -787.49932861 -7.09458855
302 -787.49890137 -7.09458470
303 -787.49688721 -7.09456655
304 -787.49816895 -7.09457810
305 -787.49761963 -7.09457315
306 -787.49975586 -7.09459240
307 -787.49877930 -7.09458360
308 -787.49725342 -7.09456985
309 -787.49816895 -7.09457810
310 -787.49578857 -7.09455665
311 -787.49536133 -7.09455280
312 -787.49377441 -7.09453851
313 -787.49664307 -7.09456435
314 -787.49377441 -7.09453851
315 -787.49237061 -7.09452586
316 -787.49108887 -7.09451431
317 -787.49096680 -7.09451321
318 -787.49005127 -7.09450497
319 -787.48980713 -7.09450277
320 -787.48822021 -7.09448847
321 -787.48828125 -7.09448902
322 -787.48461914 -7.09445603
323 -787.48614502 -7.09446977
324 -787.48510742 -7.09446043
325 -787.48620605 -7.09447032
326 -787.48516846 -7.09446098
327 -787.48254395 -7.09443733
328 -787.48150635 -7.09442799
329 -787.47973633 -7.09441204
330 -787.47827148 -7.09439884
331 -787.48016357 -7.09441589
332 -787.47760010 -7.09439279
333 -787.47790527 -7.09439554
334 -787.47772217 -7.09439389
335 -787.47442627 -7.09436420
336 -787.47528076 -7.09437190
337 -787.47497559 -7.09436915
338 -787.47192383 -7.09434166
339 -787.47338867 -7.09435485
340 -787.47351074 -7.09435595
341 -787.47351074 -7.09435595
342 -787.47314453 -7.09435265
343 -787.47106934 -7.09433396
344 -787.46954346 -7.09432021
345 -787.46838379 -7.09430976
346 -787.46862793 -7.09431196
347 -787.46832275 -7.09430921
348 -787.46765137 -7.09430317
349 -787.46722412 -7.09429932
350 -787.46569824 -7.09428557
351 -787.46716309 -7.09429877
352 -787.46636963 -7.09429162
353 -787.46862793 -7.09431196
354 -787.46551514 -7.09428392
355 -787.46752930 -7.09430207
356 -787.46655273 -7.09429327
357 -787.46997070 -7.09432406
358 -787.46618652 -7.09428997
359 -787.46740723 -7.09430097
360 -787.46496582 -7.09427897
361 -787.46624756 -7.09429052
362 -787.46569824 -7.09428557
363 -787.46893311 -7.09431471
364 -787.46459961 -7.09427567
365 -787.46356201 -7.09426632
366 -787.46350098 -7.09426577
367 -787.46270752 -7.09425863
368 -787.46441650 -7.09427402
369 -787.46350098 -7.09426577
370 -787.46221924 -7.09425423
371 -787.46502686 -7.09427952
372 -787.46313477 -7.09426248
373 -787.46380615 -7.09426852
374 -787.46466064 -7.09427622
375 -787.46337891 -7.09426467
376 -787.46710205 -7.09429822
377 -787.46472168 -7.09427677
378 -787.46496582 -7.09427897
379 -787.46228027 -7.09425478
380 -787.46545410 -7.09428337
381 -787.46215820 -7.09425368
382 -787.46301270 -7.09426138
383 -787.46447754 -7.09427457
384 -787.46520996 -7.09428117
385 -787.46478271 -7.09427732
386 -787.46527100 -7.09428172
387 -787.46466064 -7.09427622
388 -787.46374512 -7.09426797
389 -787.46594238 -7.09428777
390 -787.46466064 -7.09427622
391 -787.46478271 -7.09427732
392 -787.46783447 -7.09430482
393 -787.46533203 -7.09428227
394 -787.46551514 -7.09428392
395 -787.46636963 -7.09429162
396 -787.46575928 -7.09428612
397 -787.46771240 -7.09430372
398 -787.46679688 -7.09429547
399 -787.46838379 -7.09430976
400 -787.46881104 -7.09431361
401 -787.46752930 -7.09430207
402 -787.46936035 -7.09431856
403 -787.46887207 -7.09431416
404 -787.46838379 -7.09430976
405 -787.47058105 -7.09432956
406 -787.46777344 -7.09430427
407 -787.46820068 -7.09430811
408 -787.46875000 -7.09431306
409 -787.46838379 -7.09430976
410 -787.46765137 -7.09430317
411 -787.46368408 -7.09426742
412 -787.46520996 -7.09428117
413 -787.46594238 -7.09428777
414 -787.46563721 -7.09428502
415 -787.46478271 -7.09427732
416 -787.46612549 -7.09428942
417 -787.46472168 -7.09427677
418 -787.46350098 -7.09426577
419 -787.46160889 -7.09424873
420 -787.46264648 -7.09425808
421 -787.46105957 -7.09424378
422 -787.46435547 -7.09427347
423 -787.46081543 -7.09424158
424 -787.45794678 -7.09421574
425 -787.45751953 -7.09421189
426 -787.46044922 -7.09423828
427 -787.45635986 -7.09420144
428 -787.45538330 -7.09419264
429 -787.45446777 -7.09418439
430 -787.45562744 -7.09419484
431 -787.45422363 -7.09418219
432 -787.45318604 -7.09417285
433 -787.45422363 -7.09418219
434 -787.45379639 -7.09417835
435 -787.45172119 -7.09415965
436 -787.45233154 -7.09416515
437 -787.45251465 -7.09416680
438 -787.45062256 -7.09414975
439 -787.45056152 -7.09414920
440 -787.44702148 -7.09411731
441 -787.44604492 -7.09410851
442 -787.44757080 -7.09412226
443 -787.44683838 -7.09411566
444 -787.44427490 -7.09409257
445 -787.44140625 -7.09406672
446 -787.44464111 -7.09409587
447 -787.44281006 -7.09407937
448 -787.44512939 -7.09410026
449 -787.44433594 -7.09409312
450 -787.44067383 -7.09406012
451 -787.44494629 -7.09409862
452 -787.44134521 -7.09406617
453 -787.44396973 -7.09408982
454 -787.44049072 -7.09405847
455 -787.44384766 -7.09408872
456 -787.44384766 -7.09408872
457 -787.44458008 -7.09409532
458 -787.44317627 -7.09408267
459 -787.44836426 -7.09412941
460 -787.44445801 -7.09409422
461 -787.44689941 -7.09411621
462 -787.44488525 -7.09409807
463 -787.44403076 -7.09409037
464 -787.44311523 -7.09408212
465 -787.44177246 -7.09407002
466 -787.44366455 -7.09408707
467 -787.44189453 -7.09407112
468 -787.44116211 -7.09406452
469 -787.44750977 -7.09412171
470 -787.44390869 -7.09408927
471 -787.44073486 -7.09406067
472 -787.44213867 -7.09407332
473 -787.43859863 -7.09404143
474 -787.44537354 -7.09410246
475 -787.44226074 -7.09407442
476 -787.44433594 -7.09409312
477 -787.44360352 -7.09408652
478 -787.44354248 -7.09408597
479 -787.44494629 -7.09409862
