0 -459.30212402 -6.04344900
1 -457.24218750 -6.01634457
2 -455.86029053 -5.99816172
3 -453.69287109 -5.96964304
4 -451.27453613 -5.93782284
5 -447.88674927 -5.89324670
6 -444.30300903 -5.84609222
7 -440.46191406 -5.79555150
8 -434.08941650 -5.71170285
9 -427.38092041 -5.62343316
10 -420.61318970 -5.53438407
11 -415.50067139 -5.46711410
12 -410.90832520 -5.40668849
13 -404.88973999 -5.32749658
14 -397.81942749 -5.23446615
15 -392.66149902 -5.16659867
16 -385.18225098 -5.06818751
17 -377.81069946 -4.97119341
18 -365.68017578 -4.81158126
19 -360.27337646 -4.74043916
20 -350.30911255 -4.60933043
21 -342.40643311 -4.50534780
22 -335.65570068 -4.41652238
23 -331.87722778 -4.36680563
24 -324.60632324 -4.27113583
25 -323.69085693 -4.25909022
26 -319.32336426 -4.20162321
27 -319.31982422 -4.20157663
28 -311.37637329 -4.09705754
29 -309.88479614 -4.07743153
30 -306.96182251 -4.03897135
31 -298.85150146 -3.93225660
32 -295.05270386 -3.88227242
33 -294.04797363 -3.86905228
34 -294.72927856 -3.87801682
35 -289.88803101 -3.81431620
36 -284.06420898 -3.73768696
37 -270.19241333 -3.55516333
38 -249.24592590 -3.27955166
39 -245.56863403 -3.23116624
40 -231.09948730 -3.04078273
41 -229.90864563 -3.02511376
42 -223.83694458 -2.94522296
43 -208.60487366 -2.74480097
44 -198.36528015 -2.61006948
45 -200.64913940 -2.64012026
46 -205.11758423 -2.69891558
