0 -598.06726074 -6.71985686
1 -596.65808105 -6.70402338
2 -595.75830078 -6.69391349
3 -595.12707520 -6.68682107
4 -594.15344238 -6.67588138
5 -593.37878418 -6.66717735
6 -592.17364502 -6.65363646
7 -591.81018066 -6.64955259
8 -591.43109131 -6.64529316
9 -591.60375977 -6.64723326
10 -590.82696533 -6.63850523
11 -591.09338379 -6.64149869
12 -590.53936768 -6.63527379
13 -589.70092773 -6.62585312
14 -589.17858887 -6.61998414
15 -589.25323486 -6.62082286
16 -588.09082031 -6.60776203
17 -588.66674805 -6.61423312
18 -588.20812988 -6.60908011
19 -588.12945557 -6.60819613
20 -588.15319824 -6.60846290
21 -587.57543945 -6.60197123
22 -585.41094971 -6.57765112
23 -583.87585449 -6.56040286
24 -582.80786133 -6.54840294
25 -582.99011230 -6.55045070
26 -582.57720947 -6.54581134
27 -582.35272217 -6.54328901
28 -581.76031494 -6.53663275
29 -582.29980469 -6.54269443
30 -581.04516602 -6.52859737
31 -580.89825439 -6.52694668
32 -580.36999512 -6.52101118
33 -578.71813965 -6.50245101
34 -579.29089355 -6.50888644
35 -579.05169678 -6.50619884
36 -579.08337402 -6.50655476
37 -578.84582520 -6.50388568
38 -578.93444824 -6.50488144
39 -577.26763916 -6.48615325
40 -575.89050293 -6.47067981
41 -575.47180176 -6.46597530
42 -574.89111328 -6.45945071
43 -575.60437012 -6.46746483
44 -575.00781250 -6.46076194
45 -574.54559326 -6.45556846
46 -573.78503418 -6.44702286
47 -572.67596436 -6.43456140
48 -573.10351562 -6.43936534
49 -573.79296875 -6.44711201
50 -574.37182617 -6.45361602
51 -574.51171875 -6.45518785
52 -573.88940430 -6.44819555
53 -573.31762695 -6.44177109
54 -572.89562988 -6.43702955
55 -572.48846436 -6.43245466
56 -571.57800293 -6.42222475
57 -571.32855225 -6.41942194
58 -572.67535400 -6.43455454
59 -571.88049316 -6.42562352
60 -571.84436035 -6.42521753
61 -572.86468506 -6.43668185
62 -570.79162598 -6.41338906
63 -570.52105713 -6.41034896
64 -570.26153564 -6.40743298
65 -569.98547363 -6.40433116
66 -569.35412598 -6.39723737
67 -571.02734375 -6.41603757
68 -569.32116699 -6.39686704
69 -568.95568848 -6.39276054
70 -568.25750732 -6.38491581
71 -568.46954346 -6.38729824
72 -565.64318848 -6.35554144
73 -566.18560791 -6.36163604
74 -565.91894531 -6.35863983
75 -566.34155273 -6.36338823
76 -565.87414551 -6.35813647
77 -565.66662598 -6.35580479
78 -565.45776367 -6.35345802
79 -565.21014404 -6.35067578
80 -564.80285645 -6.34609951
81 -564.75231934 -6.34553168
82 -565.45275879 -6.35340178
83 -564.30499268 -6.34050554
84 -563.90881348 -6.33605408
85 -562.96252441 -6.32542162
86 -561.62219238 -6.31036171
87 -560.45922852 -6.29729470
88 -559.65136719 -6.28821761
89 -558.66638184 -6.27715036
90 -558.84619141 -6.27917069
91 -559.09509277 -6.28196733
92 -558.98260498 -6.28070343
93 -557.71240234 -6.26643149
94 -557.17309570 -6.26037186
95 -557.23303223 -6.26104531
96 -557.88891602 -6.26841479
97 -556.66296387 -6.25464004
98 -555.45788574 -6.24109984
99 -554.16381836 -6.22655976
100 -553.96032715 -6.22427334
101 -553.81335449 -6.22262196
102 -553.77575684 -6.22219952
103 -553.90429688 -6.22364379
104 -552.95672607 -6.21299692
105 -553.54394531 -6.21959489
106 -552.48559570 -6.20770332
107 -552.42309570 -6.20700108
108 -552.36450195 -6.20634272
109 -552.05737305 -6.20289183
110 -552.48437500 -6.20768961
111 -552.65875244 -6.20964890
112 -550.95983887 -6.19055999
113 -550.04382324 -6.18026768
114 -548.83441162 -6.16667878
115 -548.40649414 -6.16187072
116 -548.84582520 -6.16680702
117 -549.56195068 -6.17485338
118 -549.66625977 -6.17602539
119 -547.74340820 -6.15442032
120 -547.39404297 -6.15049486
121 -546.84362793 -6.14431043
122 -546.36596680 -6.13894345
123 -546.72784424 -6.14300949
124 -545.91564941 -6.13388370
125 -544.69415283 -6.12015902
126 -543.66827393 -6.10863229
127 -542.88543701 -6.09983637
128 -542.43652344 -6.09479240
129 -540.84423828 -6.07690155
130 -540.75238037 -6.07586944
131 -541.18695068 -6.08075225
132 -541.09521484 -6.07972152
133 -540.57659912 -6.07389437
134 -539.32342529 -6.05981377
135 -538.86303711 -6.05464087
136 -538.23986816 -6.04763897
137 -538.33520508 -6.04871017
138 -537.54663086 -6.03984978
139 -536.88995361 -6.03247139
140 -537.96545410 -6.04455566
141 -537.53155518 -6.03968040
142 -537.81750488 -6.04289331
143 -538.02581787 -6.04523391
144 -538.20812988 -6.04728236
145 -538.26318359 -6.04790094
146 -538.65917969 -6.05235033
147 -537.83691406 -6.04311139
148 -537.51464844 -6.03949043
149 -537.31677246 -6.03726711
150 -536.62744141 -6.02952181
151 -536.61938477 -6.02943129
152 -536.53417969 -6.02847393
153 -535.72546387 -6.01938723
154 -535.70941162 -6.01920687
155 -534.72918701 -6.00819311
156 -533.50061035 -5.99438888
157 -532.90905762 -5.98774222
158 -532.22100830 -5.98001133
159 -531.24725342 -5.96907026
160 -531.07104492 -5.96709039
161 -531.52520752 -5.97219334
162 -530.87646484 -5.96490410
163 -530.57910156 -5.96156294
164 -531.21484375 -5.96870611
165 -530.89813232 -5.96514755
166 -530.73760986 -5.96334393
167 -529.64147949 -5.95102786
168 -529.75354004 -5.95228697
169 -529.13757324 -5.94536599
170 -528.89892578 -5.94268456
171 -529.47149658 -5.94911794
172 -528.67333984 -5.94014989
173 -528.72094727 -5.94068480
174 -527.86608887 -5.93107965
175 -527.58850098 -5.92796069
176 -525.73364258 -5.90711958
177 -526.32476807 -5.91376144
178 -525.95849609 -5.90964602
179 -525.27032471 -5.90191376
180 -524.57928467 -5.89414927
181 -524.00012207 -5.88764182
182 -523.81420898 -5.88555291
183 -522.92749023 -5.87558978
184 -523.38342285 -5.88071262
185 -524.18267822 -5.88969301
186 -524.05737305 -5.88828509
187 -523.55767822 -5.88267054
188 -523.00152588 -5.87642164
189 -522.59643555 -5.87187006
190 -522.32568359 -5.86882791
191 -522.68255615 -5.87283771
192 -522.40447998 -5.86971326
193 -521.82800293 -5.86323599
194 -520.90576172 -5.85287373
195 -520.18609619 -5.84478760
196 -520.22601318 -5.84523610
197 -518.68212891 -5.82788909
198 -518.24981689 -5.82303165
199 -517.12481689 -5.81039120
200 -516.18347168 -5.79981429
201 -516.36090088 -5.80180788
202 -516.74377441 -5.80610982
203 -516.12982178 -5.79921148
204 -514.93475342 -5.78578375
205 -514.40686035 -5.77985236
206 -512.91540527 -5.76309444
207 -512.83795166 -5.76222418
208 -511.74862671 -5.74998457
209 -511.02557373 -5.74186038
210 -511.70117188 -5.74945137
211 -510.66467285 -5.73780531
212 -510.37448120 -5.73454473
213 -510.95007324 -5.74101206
214 -511.09625244 -5.74265452
215 -512.76562500 -5.76141152
216 -511.53549194 -5.74758980
217 -511.70816040 -5.74952989
218 -511.33435059 -5.74532978
219 -512.28021240 -5.75595744
220 -513.02636719 -5.76434120
221 -511.37976074 -5.74584001
222 -511.41964722 -5.74628817
223 -511.84655762 -5.75108492
224 -511.87463379 -5.75140038
225 -510.75192261 -5.73878565
226 -509.96517944 -5.72994584
227 -510.20556641 -5.73264681
228 -509.30026245 -5.72247486
229 -509.61175537 -5.72597478
230 -509.74887085 -5.72751540
231 -509.83465576 -5.72847928
232 -507.95690918 -5.70738100
233 -507.66543579 -5.70410602
234 -506.90991211 -5.69561699
235 -507.21301270 -5.69902261
236 -506.38275146 -5.68969384
237 -505.61120605 -5.68102479
238 -505.08923340 -5.67515993
239 -505.59521484 -5.68084511
240 -506.50457764 -5.69106267
241 -506.46765137 -5.69064777
242 -505.66680908 -5.68164954
243 -504.68585205 -5.67062755
244 -504.57489014 -5.66938079
245 -505.44238281 -5.67912790
246 -505.30749512 -5.67761230
247 -504.05517578 -5.66354130
248 -503.25933838 -5.65459931
249 -503.66455078 -5.65915226
250 -502.68853760 -5.64818582
251 -502.76257324 -5.64901768
252 -503.22680664 -5.65423378
253 -502.69372559 -5.64824411
254 -501.19213867 -5.63137234
255 -501.64862061 -5.63650136
256 -500.81048584 -5.62708411
257 -500.71804810 -5.62604548
258 -500.57379150 -5.62442462
259 -500.95593262 -5.62871834
260 -501.64544678 -5.63646569
261 -502.02426147 -5.64072204
262 -503.05908203 -5.65234924
263 -502.85046387 -5.65000521
264 -503.00292969 -5.65171831
265 -502.04943848 -5.64100493
266 -501.74566650 -5.63759176
267 -501.76208496 -5.63777624
268 -501.86444092 -5.63892630
269 -501.45867920 -5.63436718
270 -501.37100220 -5.63338205
271 -500.19628906 -5.62018302
272 -500.14599609 -5.61961793
273 -500.45806885 -5.62312437
274 -500.44189453 -5.62294264
275 -500.99969482 -5.62921005
276 -500.97839355 -5.62897071
277 -501.25094604 -5.63203310
278 -499.94866943 -5.61740078
279 -499.73126221 -5.61495800
280 -499.17926025 -5.60875573
281 -500.01907349 -5.61819184
282 -500.09460449 -5.61904050
283 -501.33551025 -5.63298326
284 -501.22668457 -5.63176050
285 -500.09136963 -5.61900415
286 -499.85879517 -5.61639096
287 -498.75506592 -5.60398950
288 -498.88470459 -5.60544612
289 -497.42575073 -5.58905338
290 -495.82595825 -5.57107818
291 -496.81280518 -5.58216635
292 -497.57873535 -5.59077231
293 -497.85656738 -5.59389402
294 -498.87402344 -5.60532611
295 -499.41607666 -5.61141659
296 -498.73614502 -5.60377691
297 -498.63955688 -5.60269165
298 -498.14016724 -5.59708053
299 -499.10131836 -5.60787998
300 -497.89346313 -5.59430857
301 -498.06216431 -5.59620409
302 -498.66442871 -5.60297111
303 -499.28698730 -5.60996615
304 -498.84710693 -5.60502367
305 -497.87432861 -5.59409358
306 -497.44796753 -5.58930301
307 -499.15179443 -5.60844713
308 -497.62481689 -5.59129008
309 -497.81359863 -5.59341122
310 -497.66665649 -5.59176019
311 -497.26330566 -5.58722815
312 -497.41485596 -5.58893097
313 -498.07092285 -5.59630250
314 -497.93469238 -5.59477182
315 -497.47430420 -5.58959892
316 -496.13684082 -5.57457125
317 -496.66476440 -5.58050297
318 -495.69506836 -5.56960751
319 -495.45422363 -5.56690139
320 -495.74209595 -5.57013591
321 -495.62457275 -5.56881542
322 -495.05120850 -5.56237313
323 -494.84698486 -5.56007848
324 -495.16790771 -5.56368436
325 -495.21768188 -5.56424362
326 -495.24301147 -5.56452822
327 -494.75469971 -5.55904157
328 -493.35958862 -5.54336616
329 -492.20538330 -5.53039757
330 -492.82723999 -5.53738472
331 -492.86437988 -5.53780202
332 -491.72308350 -5.52497847
