0 -792.50061035 -6.83190181
1 -792.46960449 -6.83163452
2 -792.39959717 -6.83103101
3 -792.34851074 -6.83059061
4 -792.26318359 -6.82985503
5 -792.21185303 -6.82941253
6 -792.16809082 -6.82903527
7 -792.11273193 -6.82855803
8 -792.07080078 -6.82819656
9 -791.98547363 -6.82746098
10 -791.90136719 -6.82673592
11 -791.90350342 -6.82675434
12 -791.80041504 -6.82586565
13 -791.73242188 -6.82527950
14 -791.66717529 -6.82471703
15 -791.60839844 -6.82421033
16 -791.54296875 -6.82364628
17 -791.46252441 -6.82295280
18 -791.40747070 -6.82247820
19 -791.37414551 -6.82219091
20 -791.30004883 -6.82155215
21 -791.17462158 -6.82047088
22 -790.99499512 -6.81892237
23 -790.90112305 -6.81811313
24 -790.82171631 -6.81742859
25 -790.77563477 -6.81703133
26 -790.59844971 -6.81550388
27 -790.47290039 -6.81442156
28 -790.36535645 -6.81349445
29 -790.37438965 -6.81357232
30 -790.30145264 -6.81294356
31 -790.27520752 -6.81271731
32 -790.26666260 -6.81264364
33 -790.14733887 -6.81161499
34 -790.18994141 -6.81198225
35 -790.02636719 -6.81057213
36 -789.93151855 -6.80975447
37 -789.90051270 -6.80948718
38 -789.95715332 -6.80997546
39 -789.77148438 -6.80837487
40 -789.74450684 -6.80814230
41 -789.61132812 -6.80699421
42 -789.48559570 -6.80591031
43 -789.42767334 -6.80541098
44 -789.29174805 -6.80423921
45 -788.90600586 -6.80091384
46 -788.99499512 -6.80168099
47 -788.84271240 -6.80036821
48 -788.90502930 -6.80090542
49 -788.99938965 -6.80171888
50 -789.08453369 -6.80245288
51 -789.08740234 -6.80247761
52 -789.02282715 -6.80192092
53 -788.95306396 -6.80131952
54 -788.83300781 -6.80028455
55 -788.80834961 -6.80007198
56 -788.68542480 -6.79901228
57 -788.67407227 -6.79891442
58 -788.47991943 -6.79724068
59 -788.35144043 -6.79613311
60 -788.33001709 -6.79594842
61 -788.22650146 -6.79505605
62 -788.07513428 -6.79375116
63 -787.88354492 -6.79209953
64 -787.78784180 -6.79127450
65 -787.91918945 -6.79240681
66 -787.66638184 -6.79022743
67 -787.55621338 -6.78927770
68 -787.52832031 -6.78903724
69 -787.30407715 -6.78710411
70 -787.39855957 -6.78791862
71 -787.54455566 -6.78917720
72 -787.47851562 -6.78860789
73 -787.22705078 -6.78644009
74 -787.14208984 -6.78570767
75 -787.02679443 -6.78471375
76 -787.06732178 -6.78506312
77 -786.96154785 -6.78415127
78 -786.87121582 -6.78337255
79 -786.94042969 -6.78396922
80 -786.70440674 -6.78193454
81 -786.64196777 -6.78139627
82 -786.77844238 -6.78257278
83 -786.74890137 -6.78231812
84 -786.80810547 -6.78282850
85 -786.52783203 -6.78041235
86 -786.27453613 -6.77822876
87 -786.33374023 -6.77873914
88 -786.13635254 -6.77703752
89 -786.05603027 -6.77634509
90 -785.61932373 -6.77258038
91 -785.58532715 -6.77228730
92 -785.75708008 -6.77376793
93 -785.62585449 -6.77263668
94 -785.48828125 -6.77145070
95 -785.61242676 -6.77252092
96 -785.45300293 -6.77114658
97 -785.19421387 -6.76891564
98 -785.10626221 -6.76815743
99 -784.80444336 -6.76555555
100 -784.52825928 -6.76317465
101 -784.05053711 -6.75905635
102 -783.75274658 -6.75648919
103 -783.62384033 -6.75537793
104 -783.69177246 -6.75596356
105 -783.48132324 -6.75414934
106 -783.36920166 -6.75318277
107 -783.62664795 -6.75540214
108 -783.60504150 -6.75521588
109 -783.54992676 -6.75474075
110 -783.32745361 -6.75282288
111 -783.12567139 -6.75108337
112 -782.94348145 -6.74951277
113 -782.56207275 -6.74622477
114 -782.38562012 -6.74470362
115 -782.08453369 -6.74210805
116 -782.03381348 -6.74167081
117 -782.18249512 -6.74295254
118 -781.92358398 -6.74072055
119 -781.84014893 -6.74000128
120 -781.59918213 -6.73792398
121 -781.52838135 -6.73731363
122 -781.62469482 -6.73814392
123 -781.19372559 -6.73442867
124 -780.72723389 -6.73040719
125 -780.27478027 -6.72650673
126 -780.44451904 -6.72796999
127 -780.50280762 -6.72847248
128 -780.36328125 -6.72726967
129 -780.33978271 -6.72706709
130 -780.10015869 -6.72500137
131 -779.85485840 -6.72288671
132 -779.80877686 -6.72248946
133 -779.85577393 -6.72289460
134 -779.45782471 -6.71946401
135 -779.29449463 -6.71805599
136 -779.39733887 -6.71894258
137 -779.11328125 -6.71649380
138 -778.90606689 -6.71470747
139 -778.83966064 -6.71413501
140 -778.48486328 -6.71107641
141 -778.37042236 -6.71008985
142 -778.13244629 -6.70803833
143 -778.01788330 -6.70705072
144 -777.98223877 -6.70674344
145 -777.83172607 -6.70544591
146 -777.66925049 -6.70404526
147 -777.60571289 -6.70349752
148 -777.47033691 -6.70233049
149 -777.39520264 -6.70168278
150 -777.22100830 -6.70018111
151 -777.32446289 -6.70107296
152 -777.34307861 -6.70123344
153 -777.11401367 -6.69925874
154 -776.98144531 -6.69811591
155 -776.75158691 -6.69613437
156 -776.65765381 -6.69532460
157 -776.31237793 -6.69234809
158 -776.49334717 -6.69390817
159 -776.61169434 -6.69492840
160 -776.65612793 -6.69531145
161 -776.21917725 -6.69154463
162 -776.07379150 -6.69029131
163 -776.45550537 -6.69358194
164 -776.57623291 -6.69462270
165 -776.42138672 -6.69328782
166 -775.48254395 -6.68519434
167 -774.97521973 -6.68082086
168 -774.88916016 -6.68007897
169 -774.84558105 -6.67970328
170 -774.46484375 -6.67642107
171 -773.91613770 -6.67169084
172 -773.89923096 -6.67154509
173 -773.97802734 -6.67222437
174 -773.96624756 -6.67212282
175 -773.69189453 -6.66975771
176 -773.32263184 -6.66657441
177 -772.92669678 -6.66316118
178 -772.66748047 -6.66092656
179 -772.30364990 -6.65779009
180 -771.71545410 -6.65271943
181 -772.28125000 -6.65759698
182 -772.49462891 -6.65943646
183 -772.08270264 -6.65588537
184 -772.20257568 -6.65691876
185 -771.96038818 -6.65483093
186 -771.69152832 -6.65251318
187 -771.11566162 -6.64754881
188 -771.33050537 -6.64940091
189 -771.22576904 -6.64849801
190 -771.10064697 -6.64741937
191 -771.12774658 -6.64765299
192 -770.80346680 -6.64485747
193 -770.27990723 -6.64034403
194 -770.56335449 -6.64278754
195 -770.99481201 -6.64650700
196 -771.08856201 -6.64731519
197 -770.76245117 -6.64450389
198 -770.09619141 -6.63876027
199 -770.14776611 -6.63920488
200 -769.94171143 -6.63742855
201 -769.90545654 -6.63711600
202 -769.81622314 -6.63634675
203 -769.76452637 -6.63590109
204 -769.59307861 -6.63442309
205 -768.42993164 -6.62439596
206 -767.53021240 -6.61663976
207 -767.64752197 -6.61765105
208 -767.38555908 -6.61539275
209 -766.25799561 -6.60567238
210 -765.78350830 -6.60158197
211 -766.57348633 -6.60839212
212 -766.35992432 -6.60655107
213 -765.69335938 -6.60080482
214 -765.56396484 -6.59968935
215 -765.38848877 -6.59817663
216 -765.77087402 -6.60147305
217 -765.96008301 -6.60310416
218 -765.52087402 -6.59931788
219 -765.98950195 -6.60335778
220 -765.61047363 -6.60009029
221 -765.63171387 -6.60027340
222 -765.81933594 -6.60189083
223 -765.16564941 -6.59625560
224 -765.06890869 -6.59542163
225 -764.64672852 -6.59178214
226 -764.54882812 -6.59093817
227 -764.39953613 -6.58965117
228 -764.19555664 -6.58789273
229 -764.36853027 -6.58938388
230 -764.28173828 -6.58863567
231 -764.27581787 -6.58858464
232 -764.33190918 -6.58906818
233 -764.29925537 -6.58878668
234 -763.65594482 -6.58324090
235 -763.65075684 -6.58319618
236 -763.20977783 -6.57939464
237 -762.79290771 -6.57580093
238 -762.11071777 -6.56991998
239 -762.44323730 -6.57278653
240 -762.29638672 -6.57152058
241 -761.93322754 -6.56838989
242 -762.06695557 -6.56954272
243 -761.02484131 -6.56055898
244 -760.78656006 -6.55850483
245 -761.04168701 -6.56070420
246 -760.52056885 -6.55621180
247 -759.76892090 -6.54973208
248 -759.75488281 -6.54961106
249 -759.45690918 -6.54704232
250 -759.19946289 -6.54482296
251 -759.32788086 -6.54593001
252 -758.26489258 -6.53676632
253 -758.25866699 -6.53671265
254 -757.37121582 -6.52906221
255 -756.73254395 -6.52355641
256 -756.40759277 -6.52075511
257 -756.61730957 -6.52256301
258 -756.29199219 -6.51975855
259 -755.70068359 -6.51466107
260 -755.31286621 -6.51131781
261 -754.47204590 -6.50406936
262 -754.36267090 -6.50312647
263 -753.77307129 -6.49804372
264 -753.77819824 -6.49808792
265 -753.70892334 -6.49749072
266 -753.54052734 -6.49603903
267 -752.95855713 -6.49102204
268 -752.81188965 -6.48975767
269 -752.90100098 -6.49052587
270 -753.23217773 -6.49338084
271 -752.33642578 -6.48565884
272 -751.94598389 -6.48229296
273 -752.37854004 -6.48602190
274 -752.06481934 -6.48331741
275 -751.03393555 -6.47443048
276 -750.71020508 -6.47163970
277 -751.07183838 -6.47475723
278 -750.02435303 -6.46572718
279 -751.43853760 -6.47791843
280 -752.23632812 -6.48479593
281 -752.13427734 -6.48391618
282 -751.30010986 -6.47672509
283 -751.51293945 -6.47855982
284 -750.84405518 -6.47279358
285 -750.43041992 -6.46922776
286 -751.24255371 -6.47622891
287 -751.57177734 -6.47906705
288 -751.78881836 -6.48093809
289 -752.05456543 -6.48322901
290 -751.27893066 -6.47654251
291 -750.41394043 -6.46908569
292 -751.30065918 -6.47672982
293 -750.82598877 -6.47263783
294 -750.71038818 -6.47164128
295 -751.38922119 -6.47749329
296 -749.96386719 -6.46520575
297 -749.45568848 -6.46082490
298 -750.25366211 -6.46770398
299 -750.99224854 -6.47407111
300 -750.90997314 -6.47336184
301 -751.28552246 -6.47659933
302 -751.26464844 -6.47641938
303 -750.79870605 -6.47240264
304 -750.76025391 -6.47207115
305 -750.48480225 -6.46969657
306 -749.39916992 -6.46033767
307 -749.74743652 -6.46333997
308 -749.24530029 -6.45901121
309 -748.11022949 -6.44922612
310 -747.65295410 -6.44528409
311 -747.07226562 -6.44027815
312 -746.87310791 -6.43856128
313 -746.94256592 -6.43916005
314 -746.82275391 -6.43812719
315 -746.00415039 -6.43107026
316 -745.46899414 -6.42645685
317 -745.03363037 -6.42270371
318 -744.67041016 -6.41957250
319 -744.14276123 -6.41502380
320 -743.66845703 -6.41093497
321 -743.96667480 -6.41350582
322 -743.49133301 -6.40940804
323 -742.54754639 -6.40127195
324 -741.15014648 -6.38922540
325 -740.35083008 -6.38233474
326 -741.14135742 -6.38914963
327 -741.40637207 -6.39143424
328 -742.27313232 -6.39890631
329 -741.52404785 -6.39244869
330 -741.71862793 -6.39412610
331 -742.46221924 -6.40053637
332 -741.18176270 -6.38949795
333 -740.67340088 -6.38511552
334 -740.93823242 -6.38739856
335 -740.05200195 -6.37975864
336 -739.38140869 -6.37397766
337 -738.36663818 -6.36522964
338 -737.50665283 -6.35781597
339 -736.68530273 -6.35073537
340 -737.49926758 -6.35775231
341 -737.39465332 -6.35685046
342 -736.29046631 -6.34733161
343 -735.35058594 -6.33922919
344 -737.03759766 -6.35377239
345 -737.43389893 -6.35718878
346 -739.24707031 -6.37281957
347 -739.18365479 -6.37227289
348 -738.69323730 -6.36804515
349 -738.82012939 -6.36913905
350 -739.26245117 -6.37295217
351 -738.54193115 -6.36674079
352 -739.18444824 -6.37227973
353 -738.68304443 -6.36795728
354 -738.69299316 -6.36804304
355 -738.44775391 -6.36592891
356 -738.06835938 -6.36265827
357 -738.64184570 -6.36760212
358 -739.12463379 -6.37176408
359 -738.61462402 -6.36736745
360 -738.52484131 -6.36659346
361 -737.54913330 -6.35818218
362 -736.96514893 -6.35314784
363 -736.20904541 -6.34662970
364 -735.90435791 -6.34400309
365 -735.60131836 -6.34139068
366 -733.99865723 -6.32757463
367 -733.72985840 -6.32525740
368 -732.67846680 -6.31619368
369 -732.67022705 -6.31612265
370 -732.90594482 -6.31815470
371 -732.63964844 -6.31585904
372 -731.67193604 -6.30751669
373 -732.21191406 -6.31217167
374 -730.86560059 -6.30056552
375 -731.61694336 -6.30704262
376 -730.93798828 -6.30118955
377 -729.92089844 -6.29242154
378 -729.57751465 -6.28946133
379 -728.84814453 -6.28317366
380 -729.13403320 -6.28563822
381 -729.37060547 -6.28767763
382 -730.97497559 -6.30150841
383 -730.01696777 -6.29324972
384 -729.74584961 -6.29091250
385 -730.03247070 -6.29338337
386 -728.02563477 -6.27608306
387 -728.42846680 -6.27955575
388 -727.80340576 -6.27416729
389 -726.81811523 -6.26567341
390 -725.75219727 -6.25648446
391 -726.51641846 -6.26307257
392 -725.41455078 -6.25357371
393 -724.28503418 -6.24383650
394 -724.22180176 -6.24329139
395 -725.08428955 -6.25072663
396 -725.29827881 -6.25257137
397 -725.09350586 -6.25080608
398 -724.72326660 -6.24761437
399 -724.08160400 -6.24208279
400 -722.59320068 -6.22925173
401 -722.72619629 -6.23039824
402 -725.70483398 -6.25607616
403 -725.92150879 -6.25794404
404 -724.70385742 -6.24744705
405 -722.44213867 -6.22794947
406 -721.53564453 -6.22013487
407 -720.65771484 -6.21256651
408 -719.02648926 -6.19850422
409 -717.94464111 -6.18917794
410 -716.81579590 -6.17944652
411 -716.43475342 -6.17616167
412 -715.27178955 -6.16613612
413 -713.98242188 -6.15502088
414 -712.73852539 -6.14429763
415 -711.10754395 -6.13023745
416 -712.47607422 -6.14203512
417 -710.88342285 -6.12830537
418 -711.96008301 -6.13758692
419 -711.33386230 -6.13218847
420 -709.74267578 -6.11847134
421 -711.17614746 -6.13082886
422 -710.52050781 -6.12517679
423 -711.09399414 -6.13012064
424 -712.19494629 -6.13961161
425 -711.22113037 -6.13121664
426 -712.90441895 -6.14572775
427 -710.27832031 -6.12308897
428 -711.74847412 -6.13576271
429 -709.46777344 -6.11610150
430 -706.73547363 -6.09254719
431 -705.49890137 -6.08188708
432 -703.46203613 -6.06432790
433 -702.25659180 -6.05393614
434 -702.46093750 -6.05569774
435 -703.80590820 -6.06729231
436 -700.77294922 -6.04114611
437 -699.62316895 -6.03123422
438 -696.75207520 -6.00648341
439 -696.08312988 -6.00071664
440 -696.09887695 -6.00085239
441 -698.47015381 -6.02129443
442 -698.52673340 -6.02178218
443 -698.48114014 -6.02138914
444 -697.46118164 -6.01259639
445 -697.42468262 -6.01228175
446 -697.72631836 -6.01488205
447 -698.40710449 -6.02075090
448 -699.57885742 -6.03085222
449 -699.11999512 -6.02689651
450 -698.78149414 -6.02397840
451 -697.87280273 -6.01614485
452 -697.47155762 -6.01268584
453 -696.97546387 -6.00840917
