0 -533.14196777 -6.50173131
1 -532.26873779 -6.49108217
2 -531.35327148 -6.47991794
3 -531.12695312 -6.47715796
4 -529.99816895 -6.46339230
5 -529.49261475 -6.45722701
6 -527.46838379 -6.43254127
7 -527.04754639 -6.42740910
8 -526.25036621 -6.41768739
9 -526.38909912 -6.41937926
10 -525.21813965 -6.40509926
11 -524.40447998 -6.39517659
12 -523.69372559 -6.38650885
13 -523.42633057 -6.38324793
14 -521.91656494 -6.36483616
15 -521.27374268 -6.35699686
16 -521.56939697 -6.36060240
17 -521.07598877 -6.35458523
18 -520.48028564 -6.34732056
19 -520.04077148 -6.34196063
20 -519.55297852 -6.33601193
21 -519.42901611 -6.33450020
22 -517.45111084 -6.31037940
23 -516.93109131 -6.30403770
24 -517.26397705 -6.30809728
25 -516.98492432 -6.30469420
26 -516.89520264 -6.30360003
27 -514.42071533 -6.27342336
28 -515.55450439 -6.28725005
29 -515.05352783 -6.28114058
30 -515.35156250 -6.28477515
31 -515.50903320 -6.28669553
32 -516.21765137 -6.29533721
33 -515.21008301 -6.28304979
34 -515.42022705 -6.28561253
35 -515.51892090 -6.28681611
36 -514.87377930 -6.27894853
37 -515.14379883 -6.28224145
38 -515.07122803 -6.28135644
39 -514.51135254 -6.27452869
40 -513.68603516 -6.26446384
41 -513.34106445 -6.26025688
42 -513.21313477 -6.25869677
43 -514.00451660 -6.26834776
44 -512.80462646 -6.25371496
45 -512.96679688 -6.25569264
46 -512.93328857 -6.25528401
47 -512.84552002 -6.25421366
48 -512.25512695 -6.24701374
49 -511.27746582 -6.23509105
50 -510.31503296 -6.22335406
51 -510.07748413 -6.22045712
52 -508.37442017 -6.19968805
53 -507.94097900 -6.19440218
54 -507.02526855 -6.18323498
55 -506.72644043 -6.17959074
56 -506.42428589 -6.17590593
57 -507.41119385 -6.18794139
58 -506.95581055 -6.18238793
59 -506.96551514 -6.18250628
60 -505.36993408 -6.16304798
61 -503.82931519 -6.14425994
62 -502.20913696 -6.12450167
63 -502.03280640 -6.12235130
64 -501.03308105 -6.11015953
65 -500.76705933 -6.10691536
66 -499.70642090 -6.09398074
67 -501.81286621 -6.11966910
68 -503.80194092 -6.14392611
69 -502.79940796 -6.13170010
70 -503.53186035 -6.14063244
71 -503.72738647 -6.14301691
72 -503.61029053 -6.14158891
73 -501.32385254 -6.11370552
74 -499.90609741 -6.09641582
75 -501.19479370 -6.11213163
76 -500.37234497 -6.10210177
77 -499.41928101 -6.09047904
78 -499.41110229 -6.09037930
79 -497.34375000 -6.06516768
80 -496.64541626 -6.05665142
81 -496.06317139 -6.04955087
82 -493.37042236 -6.01671247
83 -491.79815674 -5.99753850
84 -491.51327515 -5.99406433
85 -492.30364990 -6.00370305
86 -490.90802002 -5.98668317
87 -490.44479370 -5.98103407
88 -489.76257324 -5.97271431
89 -490.02389526 -5.97590116
90 -491.78054810 -5.99732376
91 -494.50115967 -6.03050195
92 -494.87997437 -6.03512164
93 -493.74652100 -6.02129904
94 -494.94143677 -6.03587118
95 -493.78268433 -6.02174005
96 -493.28686523 -6.01569348
97 -495.11666870 -6.03800815
98 -494.99612427 -6.03653810
99 -495.23092651 -6.03940154
100 -493.91406250 -6.02334223
101 -493.83883667 -6.02242484
102 -493.40902710 -6.01718326
103 -493.36230469 -6.01661347
104 -493.26214600 -6.01539202
105 -493.34658813 -6.01642181
106 -495.07028198 -6.03744246
107 -494.86981201 -6.03499771
108 -495.51211548 -6.04283068
109 -494.80245972 -6.03417634
110 -494.75564575 -6.03360544
111 -494.81143188 -6.03428575
112 -494.64184570 -6.03221763
113 -494.82116699 -6.03440448
114 -495.55667114 -6.04337404
115 -495.20742798 -6.03911498
116 -495.46142578 -6.04221251
117 -496.83648682 -6.05898155
118 -497.09304810 -6.06211034
119 -495.38156128 -6.04123855
120 -494.45687866 -6.02996193
121 -493.34283447 -6.01637603
122 -493.77099609 -6.02159751
123 -493.65777588 -6.02021678
124 -493.71401978 -6.02090268
125 -494.95190430 -6.03599883
126 -493.94885254 -6.02376649
127 -493.84356689 -6.02248252
128 -493.19305420 -6.01454944
129 -494.40332031 -6.02930878
130 -494.09387207 -6.02553503
131 -492.10388184 -6.00126685
132 -491.19357300 -5.99016552
133 -490.87625122 -5.98629575
134 -489.58911133 -5.97059892
135 -488.22122192 -5.95391734
136 -488.40069580 -5.95610605
137 -489.96090698 -5.97513301
138 -490.35107422 -5.97989115
139 -491.12515259 -5.98933113
140 -490.80886841 -5.98547400
141 -490.48281860 -5.98149779
142 -490.39462280 -5.98042223
143 -491.94418335 -5.99931931
144 -492.27380371 -6.00333907
145 -491.72219849 -5.99661218
146 -491.53598022 -5.99434122
147 -491.38424683 -5.99249081
148 -491.28143311 -5.99123699
149 -490.79931641 -5.98535752
150 -489.37094116 -5.96793831
151 -488.26464844 -5.95444693
152 -487.09017944 -5.94012414
153 -486.77172852 -5.93624059
154 -485.88357544 -5.92540946
155 -485.91339111 -5.92577306
156 -486.07333374 -5.92772358
157 -485.43444824 -5.91993230
158 -485.30084229 -5.91830295
159 -484.91421509 -5.91358799
160 -483.89538574 -5.90116324
161 -484.83926392 -5.91267395
162 -484.47467041 -5.90822769
163 -483.47982788 -5.89609546
164 -484.33706665 -5.90654959
165 -483.39514160 -5.89506270
166 -482.38735962 -5.88277268
167 -482.30612183 -5.88178197
168 -482.70608521 -5.88665958
169 -482.13867188 -5.87973990
170 -480.96752930 -5.86545767
171 -480.60418701 -5.86102667
172 -479.83816528 -5.85168494
173 -478.67129517 -5.83745482
174 -477.23785400 -5.81997383
175 -478.01644897 -5.82946889
176 -478.17355347 -5.83138480
177 -478.27941895 -5.83267584
178 -477.74203491 -5.82612238
179 -479.18304443 -5.84369566
180 -478.38122559 -5.83391739
181 -479.24526978 -5.84445451
182 -479.76760864 -5.85082450
183 -478.79116821 -5.83891669
184 -477.80090332 -5.82684028
185 -477.44113159 -5.82245282
186 -477.40924072 -5.82206391
187 -478.92224121 -5.84051514
188 -479.71090698 -5.85013301
189 -480.14410400 -5.85541590
190 -480.54821777 -5.86034412
191 -479.00817871 -5.84156316
192 -479.68618774 -5.84983156
193 -480.36224365 -5.85807614
194 -480.58676147 -5.86081416
195 -481.40853882 -5.87083584
196 -481.24679565 -5.86886336
197 -480.59255981 -5.86088488
198 -480.54803467 -5.86034189
199 -479.63052368 -5.84915273
200 -478.87432861 -5.83993084
201 -477.95568848 -5.82872791
202 -477.34378052 -5.82126562
203 -475.33840942 -5.79680987
204 -474.51916504 -5.78681909
205 -474.84161377 -5.79075139
206 -473.97091675 -5.78013313
207 -472.34906006 -5.76035439
208 -472.30947876 -5.75987169
209 -471.43560791 -5.74921473
210 -469.95849609 -5.73120117
211 -471.36651611 -5.74837215
212 -470.81484985 -5.74164451
213 -469.92404175 -5.73078100
214 -469.61822510 -5.72705153
215 -470.03668213 -5.73215466
216 -469.95687866 -5.73118145
217 -470.66116333 -5.73977028
218 -469.33853149 -5.72364063
219 -468.95233154 -5.71893087
220 -467.73965454 -5.70414213
221 -467.37414551 -5.69968470
222 -467.54513550 -5.70176995
223 -466.23245239 -5.68576161
224 -465.18618774 -5.67300229
225 -464.96054077 -5.67025050
226 -465.49182129 -5.67672953
227 -465.30084229 -5.67440052
228 -465.29455566 -5.67432385
229 -464.49099731 -5.66452436
230 -465.57562256 -5.67775149
231 -465.18173218 -5.67294795
232 -465.82128906 -5.68074743
233 -465.03076172 -5.67110685
234 -464.65731812 -5.66655266
235 -465.38214111 -5.67539196
236 -464.59161377 -5.66575139
237 -464.34561157 -5.66275136
238 -463.80490112 -5.65615733
239 -463.33447266 -5.65042040
240 -464.10623169 -5.65983209
241 -463.48526001 -5.65225927
242 -462.10946655 -5.63548130
243 -463.03631592 -5.64678434
244 -463.00360107 -5.64638538
245 -463.72427368 -5.65517407
246 -464.08874512 -5.65961884
247 -463.43502808 -5.65164668
248 -463.19213867 -5.64868462
249 -463.77911377 -5.65584285
250 -464.44467163 -5.66395941
251 -464.61773682 -5.66606996
252 -465.28579712 -5.67421704
253 -464.91293335 -5.66966992
254 -464.14984131 -5.66036392
255 -463.40911865 -5.65133072
256 -462.60198975 -5.64148768
257 -462.52642822 -5.64056620
258 -463.03652954 -5.64678695
259 -463.80130005 -5.65611342
260 -463.13430786 -5.64797936
261 -461.88882446 -5.63279054
262 -461.84313965 -5.63223341
263 -462.08300781 -5.63515863
264 -461.13720703 -5.62362448
265 -462.62289429 -5.64174261
266 -461.44900513 -5.62742689
267 -460.20275879 -5.61222877
268 -460.31359863 -5.61358047
269 -460.47525024 -5.61555183
270 -459.70126343 -5.60611297
271 -458.54125977 -5.59196658
272 -457.70388794 -5.58175473
273 -459.13278198 -5.59918027
274 -458.04006958 -5.58585451
275 -459.07794189 -5.59851149
276 -458.27130127 -5.58867441
277 -457.57901001 -5.58023183
278 -457.31472778 -5.57700888
279 -457.71887207 -5.58193746
280 -458.90521240 -5.59640503
281 -457.72610474 -5.58202567
282 -457.61843872 -5.58071267
283 -458.22583008 -5.58811988
284 -457.75411987 -5.58236732
285 -457.08154297 -5.57416516
286 -456.09002686 -5.56207350
287 -454.89483643 -5.54749801
288 -455.35595703 -5.55312143
289 -456.72921753 -5.56986851
290 -457.00427246 -5.57322283
291 -457.36352539 -5.57760397
292 -457.06719971 -5.57399024
293 -456.39617920 -5.56580706
294 -456.33541870 -5.56506608
295 -456.90780640 -5.57204642
296 -458.38192749 -5.59002351
297 -457.62649536 -5.58081092
298 -457.05996704 -5.57390204
299 -456.50158691 -5.56709252
300 -457.19946289 -5.57560321
301 -457.19012451 -5.57548932
302 -457.18243408 -5.57539554
303 -457.25689697 -5.57630362
304 -456.87527466 -5.57164969
305 -456.79623413 -5.57068578
306 -455.72427368 -5.55761309
307 -456.11355591 -5.56236044
308 -456.92568970 -5.57226451
309 -457.56753540 -5.58009190
310 -456.18286133 -5.56320563
311 -456.69232178 -5.56941856
312 -455.54309082 -5.55540355
313 -454.67681885 -5.54483925
314 -454.28985596 -5.54012019
315 -453.95065308 -5.53598357
316 -452.98434448 -5.52419932
317 -452.57864380 -5.51925175
318 -451.59625244 -5.50727137
319 -451.27215576 -5.50331897
320 -452.10351562 -5.51345751
321 -452.32055664 -5.51610435
322 -451.75405884 -5.50919584
323 -453.11730957 -5.52582085
324 -451.98651123 -5.51203062
325 -451.00729370 -5.50008895
326 -449.47998047 -5.48146318
327 -449.02685547 -5.47593726
