0 -484.82138062 -6.46428507
1 -484.82135010 -6.46428467
2 -484.82135010 -6.46428467
3 -484.82077026 -6.46427694
4 -484.81893921 -6.46425252
5 -484.81860352 -6.46424805
6 -484.81838989 -6.46424520
7 -484.81680298 -6.46422404
8 -484.81591797 -6.46421224
9 -484.81286621 -6.46417155
10 -484.81265259 -6.46416870
11 -484.81057739 -6.46414103
12 -484.80679321 -6.46409058
13 -484.80865479 -6.46411540
14 -484.80563354 -6.46407511
15 -484.80532837 -6.46407104
16 -484.80245972 -6.46403280
17 -484.80053711 -6.46400716
18 -484.80368042 -6.46404907
19 -484.80056763 -6.46400757
20 -484.80004883 -6.46400065
21 -484.79870605 -6.46398275
22 -484.79830933 -6.46397746
23 -484.79653931 -6.46395386
24 -484.79635620 -6.46395142
25 -484.79296875 -6.46390625
26 -484.79153442 -6.46388713
27 -484.79141235 -6.46388550
28 -484.79119873 -6.46388265
29 -484.79046631 -6.46387288
30 -484.78723145 -6.46382975
31 -484.78488159 -6.46379842
32 -484.78689575 -6.46382528
33 -484.78228760 -6.46376383
34 -484.78292847 -6.46377238
35 -484.78240967 -6.46376546
36 -484.78149414 -6.46375326
37 -484.78137207 -6.46375163
38 -484.77890015 -6.46371867
39 -484.78128052 -6.46375041
40 -484.77911377 -6.46372152
41 -484.77960205 -6.46372803
42 -484.77740479 -6.46369873
43 -484.77447510 -6.46365967
44 -484.77590942 -6.46367879
45 -484.77374268 -6.46364990
46 -484.77670288 -6.46368937
47 -484.77343750 -6.46364583
48 -484.77154541 -6.46362061
49 -484.76843262 -6.46357910
50 -484.76812744 -6.46357503
51 -484.76614380 -6.46354858
52 -484.76757812 -6.46356771
53 -484.76989746 -6.46359863
54 -484.76583862 -6.46354451
55 -484.76617432 -6.46354899
56 -484.76403809 -6.46352051
57 -484.76690674 -6.46355876
58 -484.76528931 -6.46353719
59 -484.76766968 -6.46356893
60 -484.76559448 -6.46354126
61 -484.76745605 -6.46356608
62 -484.76666260 -6.46355550
63 -484.76889038 -6.46358521
64 -484.77090454 -6.46361206
65 -484.76806641 -6.46357422
66 -484.76657104 -6.46355428
67 -484.76895142 -6.46358602
68 -484.76718140 -6.46356242
69 -484.76538086 -6.46353841
70 -484.76663208 -6.46355509
71 -484.76303101 -6.46350708
72 -484.76226807 -6.46349691
73 -484.76232910 -6.46349772
74 -484.75997925 -6.46346639
75 -484.75704956 -6.46342733
76 -484.75805664 -6.46344076
77 -484.75982666 -6.46346436
78 -484.75747681 -6.46343302
79 -484.75833130 -6.46344442
80 -484.75659180 -6.46342122
81 -484.75619507 -6.46341593
82 -484.75643921 -6.46341919
83 -484.75796509 -6.46343953
84 -484.75927734 -6.46345703
85 -484.75756836 -6.46343424
86 -484.75814819 -6.46344198
87 -484.75515747 -6.46340210
88 -484.75723267 -6.46342977
89 -484.75299072 -6.46337321
90 -484.75173950 -6.46335653
91 -484.75109863 -6.46334798
92 -484.75170898 -6.46335612
93 -484.75134277 -6.46335124
94 -484.74954224 -6.46332723
95 -484.75375366 -6.46338338
96 -484.75097656 -6.46334635
97 -484.75061035 -6.46334147
98 -484.75106812 -6.46334757
99 -484.75082397 -6.46334432
100 -484.74850464 -6.46331340
101 -484.75097656 -6.46334635
102 -484.74737549 -6.46329834
103 -484.74768066 -6.46330241
104 -484.74612427 -6.46328166
105 -484.74880981 -6.46331746
106 -484.74697876 -6.46329305
107 -484.74868774 -6.46331584
108 -484.74932861 -6.46332438
109 -484.74688721 -6.46329183
110 -484.74624634 -6.46328328
111 -484.74490356 -6.46326538
112 -484.74322510 -6.46324300
113 -484.74188232 -6.46322510
114 -484.74255371 -6.46323405
115 -484.74154663 -6.46322062
116 -484.74111938 -6.46321493
117 -484.73931885 -6.46319092
118 -484.73922729 -6.46318970
119 -484.73803711 -6.46317383
120 -484.73977661 -6.46319702
121 -484.73864746 -6.46318197
122 -484.73828125 -6.46317708
123 -484.73712158 -6.46316162
124 -484.73605347 -6.46314738
125 -484.73425293 -6.46312337
126 -484.73571777 -6.46314290
127 -484.73193359 -6.46309245
128 -484.73013306 -6.46306844
129 -484.72998047 -6.46306641
130 -484.72909546 -6.46305461
131 -484.72885132 -6.46305135
132 -484.72695923 -6.46302612
133 -484.72622681 -6.46301636
134 -484.72467041 -6.46299561
135 -484.72589111 -6.46301188
136 -484.72540283 -6.46300537
137 -484.72814941 -6.46304199
138 -484.72717285 -6.46302897
139 -484.72665405 -6.46302205
140 -484.72738647 -6.46303182
141 -484.72540283 -6.46300537
142 -484.72528076 -6.46300374
143 -484.72705078 -6.46302734
144 -484.72662354 -6.46302165
145 -484.72540283 -6.46300537
146 -484.72497559 -6.46299967
147 -484.72241211 -6.46296549
148 -484.72326660 -6.46297689
149 -484.71990967 -6.46293213
150 -484.72045898 -6.46293945
151 -484.71902466 -6.46292033
152 -484.72106934 -6.46294759
153 -484.72180176 -6.46295736
154 -484.72097778 -6.46294637
155 -484.72229004 -6.46296387
156 -484.72055054 -6.46294067
157 -484.72259521 -6.46296794
158 -484.72140503 -6.46295207
159 -484.71902466 -6.46292033
160 -484.71694946 -6.46289266
161 -484.71649170 -6.46288656
162 -484.71578979 -6.46287720
163 -484.71603394 -6.46288045
164 -484.71588135 -6.46287842
165 -484.71795654 -6.46290609
166 -484.71289062 -6.46283854
167 -484.71868896 -6.46291585
168 -484.71398926 -6.46285319
169 -484.71643066 -6.46288574
170 -484.71246338 -6.46283285
171 -484.71649170 -6.46288656
172 -484.71276855 -6.46283691
173 -484.71206665 -6.46282756
174 -484.71023560 -6.46280314
175 -484.70980835 -6.46279744
176 -484.70800781 -6.46277344
177 -484.70770264 -6.46276937
178 -484.70639038 -6.46275187
179 -484.70672607 -6.46275635
180 -484.70584106 -6.46274455
181 -484.70837402 -6.46277832
182 -484.70330811 -6.46271077
183 -484.70278931 -6.46270386
184 -484.70352173 -6.46271362
185 -484.70086670 -6.46267822
186 -484.69732666 -6.46263102
187 -484.69729614 -6.46263062
188 -484.69866943 -6.46264893
189 -484.69769287 -6.46263590
190 -484.69534302 -6.46260457
191 -484.69613647 -6.46261515
192 -484.69619751 -6.46261597
193 -484.69598389 -6.46261312
194 -484.69607544 -6.46261434
195 -484.69638062 -6.46261841
196 -484.69631958 -6.46261759
197 -484.69885254 -6.46265137
198 -484.69882202 -6.46265096
199 -484.69723511 -6.46262980
200 -484.69744873 -6.46263265
201 -484.69738770 -6.46263184
202 -484.69500732 -6.46260010
203 -484.69570923 -6.46260946
204 -484.69616699 -6.46261556
205 -484.69573975 -6.46260986
206 -484.69509888 -6.46260132
207 -484.69403076 -6.46258708
208 -484.69244385 -6.46256592
209 -484.69219971 -6.46256266
210 -484.69268799 -6.46256917
211 -484.69155884 -6.46255412
212 -484.68856812 -6.46251424
213 -484.68981934 -6.46253092
214 -484.68618774 -6.46248250
215 -484.68759155 -6.46250122
216 -484.68725586 -6.46249674
217 -484.68798828 -6.46250651
218 -484.68762207 -6.46250163
219 -484.68432617 -6.46245768
220 -484.68212891 -6.46242839
221 -484.68325806 -6.46244344
222 -484.68310547 -6.46244141
223 -484.68212891 -6.46242839
224 -484.68139648 -6.46241862
225 -484.68170166 -6.46242269
226 -484.68020630 -6.46240275
227 -484.67831421 -6.46237752
228 -484.67868042 -6.46238241
229 -484.67803955 -6.46237386
230 -484.67526245 -6.46233683
231 -484.67825317 -6.46237671
232 -484.67645264 -6.46235270
233 -484.67852783 -6.46238037
234 -484.67538452 -6.46233846
235 -484.67840576 -6.46237874
236 -484.67489624 -6.46233195
237 -484.67492676 -6.46233236
238 -484.67340088 -6.46231201
239 -484.67581177 -6.46234416
240 -484.67248535 -6.46229980
241 -484.67364502 -6.46231527
242 -484.67276001 -6.46230347
243 -484.67147827 -6.46228638
244 -484.67251587 -6.46230021
245 -484.67144775 -6.46228597
246 -484.66952515 -6.46226034
247 -484.66806030 -6.46224080
248 -484.67019653 -6.46226929
249 -484.66809082 -6.46224121
250 -484.66744995 -6.46223267
251 -484.66836548 -6.46224487
252 -484.66815186 -6.46224202
253 -484.66607666 -6.46221436
254 -484.66558838 -6.46220785
255 -484.66397095 -6.46218628
256 -484.66314697 -6.46217529
257 -484.66162109 -6.46215495
258 -484.65930176 -6.46212402
259 -484.65933228 -6.46212443
260 -484.65649414 -6.46208659
261 -484.65844727 -6.46211263
262 -484.65817261 -6.46210897
263 -484.65856934 -6.46211426
264 -484.65618896 -6.46208252
265 -484.65405273 -6.46205404
266 -484.65393066 -6.46205241
267 -484.65213013 -6.46202840
268 -484.65206909 -6.46202759
269 -484.64984131 -6.46199788
270 -484.65176392 -6.46202352
271 -484.64880371 -6.46198405
272 -484.65176392 -6.46202352
273 -484.64947510 -6.46199300
274 -484.64871216 -6.46198283
275 -484.65017700 -6.46200236
276 -484.64804077 -6.46197388
277 -484.64584351 -6.46194458
278 -484.64486694 -6.46193156
279 -484.64199829 -6.46189331
280 -484.64367676 -6.46191569
281 -484.64392090 -6.46191895
282 -484.64401245 -6.46192017
283 -484.64462280 -6.46192830
284 -484.64187622 -6.46189168
285 -484.64093018 -6.46187907
286 -484.63909912 -6.46185465
287 -484.64163208 -6.46188843
288 -484.63809204 -6.46184123
289 -484.63775635 -6.46183675
290 -484.63864136 -6.46184855
291 -484.63821411 -6.46184285
292 -484.63839722 -6.46184530
293 -484.63720703 -6.46182943
294 -484.63647461 -6.46181966
295 -484.63656616 -6.46182088
296 -484.63369751 -6.46178263
297 -484.63470459 -6.46179606
298 -484.63403320 -6.46178711
299 -484.63491821 -6.46179891
300 -484.63168335 -6.46175578
301 -484.63128662 -6.46175049
302 -484.63339233 -6.46177856
303 -484.63061523 -6.46174154
304 -484.63031006 -6.46173747
305 -484.62844849 -6.46171265
306 -484.62811279 -6.46170817
307 -484.62808228 -6.46170776
308 -484.62594604 -6.46167928
309 -484.62585449 -6.46167806
310 -484.62426758 -6.46165690
311 -484.62316895 -6.46164225
312 -484.62316895 -6.46164225
313 -484.62115479 -6.46161540
314 -484.61993408 -6.46159912
315 -484.62026978 -6.46160360
316 -484.61776733 -6.46157023
317 -484.61950684 -6.46159342
318 -484.61999512 -6.46159993
319 -484.61703491 -6.46156047
320 -484.61523438 -6.46153646
321 -484.61846924 -6.46157959
322 -484.61499023 -6.46153320
323 -484.61694336 -6.46155924
324 -484.61532593 -6.46153768
325 -484.61413574 -6.46152181
326 -484.61352539 -6.46151367
327 -484.61416626 -6.46152222
328 -484.61300659 -6.46150675
329 -484.61437988 -6.46152507
330 -484.61349487 -6.46151326
331 -484.61395264 -6.46151937
332 -484.61404419 -6.46152059
333 -484.60986328 -6.46146484
334 -484.61071777 -6.46147624
335 -484.60815430 -6.46144206
336 -484.61120605 -6.46148275
337 -484.60699463 -6.46142660
338 -484.60729980 -6.46143066
339 -484.60888672 -6.46145182
340 -484.61038208 -6.46147176
341 -484.60870361 -6.46144938
342 -484.60879517 -6.46145060
343 -484.60842896 -6.46144572
344 -484.60583496 -6.46141113
345 -484.60626221 -6.46141683
346 -484.60525513 -6.46140340
347 -484.60733032 -6.46143107
348 -484.60586548 -6.46141154
349 -484.60736084 -6.46143148
350 -484.60241699 -6.46136556
351 -484.60549927 -6.46140666
352 -484.60482788 -6.46139771
353 -484.60437012 -6.46139160
354 -484.60076904 -6.46134359
355 -484.60305786 -6.46137410
356 -484.60375977 -6.46138346
357 -484.60266113 -6.46136882
358 -484.60427856 -6.46139038
359 -484.60284424 -6.46137126
360 -484.60412598 -6.46138835
361 -484.60461426 -6.46139486
362 -484.60430908 -6.46139079
363 -484.60159302 -6.46135457
364 -484.59869385 -6.46131592
365 -484.59863281 -6.46131510
366 -484.59808350 -6.46130778
367 -484.59841919 -6.46131226
368 -484.59692383 -6.46129232
369 -484.59545898 -6.46127279
370 -484.59393311 -6.46125244
371 -484.59103394 -6.46121379
372 -484.59234619 -6.46123128
373 -484.59179688 -6.46122396
374 -484.59439087 -6.46125854
375 -484.59213257 -6.46122843
376 -484.59155273 -6.46122070
377 -484.59204102 -6.46122721
378 -484.59408569 -6.46125448
379 -484.59320068 -6.46124268
380 -484.59252930 -6.46123372
381 -484.59222412 -6.46122965
382 -484.58746338 -6.46116618
383 -484.58663940 -6.46115519
384 -484.58630371 -6.46115072
385 -484.58374023 -6.46111654
386 -484.58596802 -6.46114624
387 -484.58404541 -6.46112061
388 -484.58334351 -6.46111125
389 -484.58358765 -6.46111450
390 -484.58151245 -6.46108683
391 -484.58407593 -6.46112101
392 -484.58093262 -6.46107910
393 -484.58020020 -6.46106934
394 -484.58258057 -6.46110107
395 -484.58175659 -6.46109009
396 -484.58203125 -6.46109375
397 -484.58020020 -6.46106934
398 -484.58276367 -6.46110352
399 -484.58004761 -6.46106730
400 -484.58166504 -6.46108887
401 -484.58062744 -6.46107503
402 -484.57608032 -6.46101440
403 -484.57730103 -6.46103068
404 -484.57666016 -6.46102214
405 -484.57815552 -6.46104207
406 -484.57711792 -6.46102824
407 -484.57821655 -6.46104289
408 -484.57998657 -6.46106649
409 -484.58099365 -6.46107992
410 -484.58291626 -6.46110555
411 -484.58343506 -6.46111247
412 -484.58032227 -6.46107096
413 -484.58074951 -6.46107666
414 -484.57656860 -6.46102091
415 -484.57638550 -6.46101847
416 -484.57513428 -6.46100179
417 -484.57470703 -6.46099609
418 -484.57748413 -6.46103312
419 -484.57775879 -6.46103678
420 -484.57711792 -6.46102824
421 -484.57464600 -6.46099528
422 -484.57614136 -6.46101522
423 -484.57281494 -6.46097087
424 -484.57687378 -6.46102498
425 -484.57522583 -6.46100301
426 -484.57348633 -6.46097982
427 -484.57678223 -6.46102376
428 -484.57366943 -6.46098226
429 -484.57299805 -6.46097331
430 -484.57250977 -6.46096680
431 -484.57177734 -6.46095703
432 -484.57067871 -6.46094238
433 -484.57183838 -6.46095785
434 -484.56777954 -6.46090373
435 -484.56948853 -6.46092651
436 -484.56674194 -6.46088989
437 -484.56744385 -6.46089925
438 -484.56610107 -6.46088135
439 -484.56890869 -6.46091878
440 -484.56756592 -6.46090088
441 -484.56829834 -6.46091064
442 -484.56765747 -6.46090210
443 -484.56668091 -6.46088908
444 -484.56631470 -6.46088420
445 -484.56915283 -6.46092204
446 -484.56701660 -6.46089355
447 -484.56802368 -6.46090698
448 -484.56484985 -6.46086466
449 -484.56787109 -6.46090495
450 -484.56680298 -6.46089071
451 -484.56945801 -6.46092611
452 -484.56604004 -6.46088053
453 -484.56701660 -6.46089355
