0 -415.67666626 -6.11289215
1 -414.94522095 -6.10213560
2 -414.02960205 -6.08867062
3 -412.66461182 -6.06859723
4 -411.61853027 -6.05321368
5 -409.96716309 -6.02892887
6 -408.70440674 -6.01035892
7 -408.16076660 -6.00236421
8 -407.65817261 -5.99497313
9 -406.51669312 -5.97818666
10 -404.91976929 -5.95470249
11 -403.89059448 -5.93956757
12 -403.21313477 -5.92960492
13 -402.03491211 -5.91227812
14 -402.74713135 -5.92275193
15 -401.46365356 -5.90387726
16 -400.02740479 -5.88275595
17 -398.71594238 -5.86346974
18 -398.20516968 -5.85595838
19 -395.59552002 -5.81758118
20 -395.05999756 -5.80970585
21 -394.73025513 -5.80485669
22 -394.27224731 -5.79812128
23 -393.30007935 -5.78382470
24 -390.14242554 -5.73738861
25 -387.06695557 -5.69216111
26 -386.69363403 -5.68667109
27 -387.48254395 -5.69827271
28 -387.93011475 -5.70485463
29 -386.49362183 -5.68372973
30 -385.29736328 -5.66613770
31 -382.42370605 -5.62387803
32 -380.44909668 -5.59483966
33 -377.92419434 -5.55770874
34 -377.29577637 -5.54846730
35 -376.37374878 -5.53490807
36 -375.93377686 -5.52843789
37 -375.28890991 -5.51895456
38 -373.25061035 -5.48897956
39 -370.91815186 -5.45467870
40 -370.17773438 -5.44379021
41 -366.40365601 -5.38828906
42 -364.54577637 -5.36096730
43 -364.93579102 -5.36670281
44 -361.88146973 -5.32178632
45 -361.11398315 -5.31049975
46 -359.20562744 -5.28243570
47 -360.30548096 -5.29861001
48 -356.71212769 -5.24576658
49 -358.23687744 -5.26818937
50 -357.47848511 -5.25703655
51 -353.86581421 -5.20390903
52 -356.34783936 -5.24040940
53 -357.50653076 -5.25744898
54 -359.27441406 -5.28344727
55 -359.54794312 -5.28746975
56 -361.04174805 -5.30943747
57 -360.93093872 -5.30780792
58 -358.22421265 -5.26800313
59 -355.69375610 -5.23079053
60 -356.21289062 -5.23842486
61 -358.98071289 -5.27912813
62 -357.16207886 -5.25238351
63 -354.78652954 -5.21744896
64 -356.18377686 -5.23799672
65 -357.00161743 -5.25002379
66 -356.90316772 -5.24857600
67 -356.84625244 -5.24773901
68 -356.14053345 -5.23736079
69 -360.39447021 -5.29991868
70 -358.02621460 -5.26509139
71 -358.72509766 -5.27536908
72 -356.59472656 -5.24404010
73 -358.27508545 -5.26875126
74 -358.47793579 -5.27173435
75 -360.96450806 -5.30830159
76 -362.74761963 -5.33452382
77 -361.65264893 -5.31842131
78 -360.02331543 -5.29446052
79 -359.20761108 -5.28246487
80 -358.11340332 -5.26637358
81 -357.63616943 -5.25935543
82 -355.23706055 -5.22407442
83 -350.97512817 -5.16139894
84 -349.58996582 -5.14102891
85 -347.08935547 -5.10425523
86 -347.86602783 -5.11567688
87 -346.75231934 -5.09929881
88 -346.27172852 -5.09223130
89 -349.03814697 -5.13291393
90 -348.66290283 -5.12739563
91 -351.46347046 -5.16858045
92 -350.42324829 -5.15328306
93 -349.67294312 -5.14224916
94 -350.74240112 -5.15797649
95 -350.09286499 -5.14842449
96 -348.67422485 -5.12756213
97 -347.94061279 -5.11677372
98 -346.16232300 -5.09062240
99 -346.50006104 -5.09558913
100 -342.88497925 -5.04242617
101 -341.34478760 -5.01977629
102 -338.46569824 -4.97743674
103 -337.10809326 -4.95747196
104 -335.22579956 -4.92979117
105 -337.25650024 -4.95965442
106 -334.54702759 -4.91980923
107 -335.03579712 -4.92699702
108 -335.96438599 -4.94065274
109 -330.49487305 -4.86021872
110 -325.45642090 -4.78612384
111 -324.33773804 -4.76967262
112 -317.75640869 -4.67288836
113 -322.41900635 -4.74145598
114 -313.14971924 -4.60514293
115 -314.10339355 -4.61916755
116 -313.81851196 -4.61497812
117 -315.14208984 -4.63444250
118 -313.17120361 -4.60545888
119 -317.24768066 -4.66540707
120 -316.79605103 -4.65876546
121 -311.00494385 -4.57360212
122 -313.35046387 -4.60809506
123 -312.24600220 -4.59185297
124 -310.86782837 -4.57158571
125 -312.00836182 -4.58835826
126 -307.05734253 -4.51554915
127 -299.50894165 -4.40454326
128 -301.79284668 -4.43813010
129 -304.00192261 -4.47061651
130 -299.95742798 -4.41113865
131 -298.15628052 -4.38465118
132 -299.36236572 -4.40238773
133 -308.10040283 -4.53088828
134 -301.43139648 -4.43281465
135 -300.24114990 -4.41531103
136 -301.24188232 -4.43002768
137 -302.57757568 -4.44967023
138 -306.13354492 -4.50196390
139 -306.51220703 -4.50753246
140 -295.80584717 -4.35008599
141 -295.65396118 -4.34785237
142 -282.85510254 -4.15963386
143 -280.00305176 -4.11769194
144 -276.43606567 -4.06523626
145 -279.65213013 -4.11253133
146 -285.07113647 -4.19222260
147 -282.78314209 -4.15857562
148 -291.46215820 -4.28620821
149 -279.80487061 -4.11477751
150 -279.45367432 -4.10961286
151 -266.41128540 -3.91781302
152 -261.23315430 -3.84166403
153 -274.55688477 -4.03760125
154 -271.24176025 -3.98884942
155 -269.49691772 -3.96318997
156 -247.97497559 -3.64669082
157 -237.50076294 -3.49265828
158 -228.65547180 -3.36258047
159 -194.33877563 -2.85792317
160 -154.15090942 -2.26692514
161 -174.93135071 -2.57251986
162 -167.24142456 -2.45943271
163 -173.27880859 -2.54821777
164 -158.07322693 -2.32460628
165 -25.10942841 -0.36925630
