0 -672.78289795 -7.00815519
1 -672.73120117 -7.00761668
2 -672.66925049 -7.00697136
3 -672.63012695 -7.00656382
4 -672.55963135 -7.00582949
5 -672.50415039 -7.00525157
6 -672.46972656 -7.00489299
7 -672.43713379 -7.00455348
8 -672.42248535 -7.00440089
9 -672.36914062 -7.00384521
10 -672.34393311 -7.00358264
11 -672.32586670 -7.00339444
12 -672.25323486 -7.00263786
13 -672.22058105 -7.00229772
14 -672.18273926 -7.00190353
15 -672.11889648 -7.00123851
16 -672.01904297 -7.00019836
17 -671.90484619 -6.99900881
18 -671.87628174 -6.99871127
19 -671.82055664 -6.99813080
20 -671.78845215 -6.99779638
21 -671.74304199 -6.99732335
22 -671.65185547 -6.99637349
23 -671.56921387 -6.99551264
24 -671.57934570 -6.99561818
25 -671.52783203 -6.99508158
26 -671.48822021 -6.99466896
27 -671.47308350 -6.99451129
28 -671.42608643 -6.99402173
29 -671.32440186 -6.99296252
30 -671.29608154 -6.99266752
31 -671.32061768 -6.99292310
32 -671.22778320 -6.99195608
33 -671.22985840 -6.99197769
34 -671.24133301 -6.99209722
35 -671.19091797 -6.99157206
36 -670.98388672 -6.98941549
37 -670.89807129 -6.98852158
38 -670.82128906 -6.98772176
39 -670.84729004 -6.98799260
40 -670.79077148 -6.98740387
41 -670.79260254 -6.98742294
42 -670.75567627 -6.98703829
43 -670.66534424 -6.98609734
44 -670.59216309 -6.98533503
45 -670.54779053 -6.98487282
46 -670.43060303 -6.98365211
47 -670.37481689 -6.98307101
48 -670.21929932 -6.98145103
49 -670.05242920 -6.97971280
50 -669.90075684 -6.97813288
51 -669.86639404 -6.97777494
52 -669.76721191 -6.97674179
53 -669.72839355 -6.97633743
54 -669.70605469 -6.97610474
55 -669.53942871 -6.97436905
56 -669.35900879 -6.97248967
57 -669.19848633 -6.97081757
58 -668.93859863 -6.96811040
59 -668.94549561 -6.96818225
60 -668.74041748 -6.96604602
61 -668.84039307 -6.96708743
62 -668.77252197 -6.96638044
63 -668.60253906 -6.96460978
64 -668.48223877 -6.96335665
65 -668.31671143 -6.96163241
66 -668.23248291 -6.96075503
67 -668.19256592 -6.96033923
68 -668.32287598 -6.96169662
69 -668.29077148 -6.96136220
70 -668.15942383 -6.95999400
71 -668.15356445 -6.95993296
72 -668.13464355 -6.95973587
73 -667.97113037 -6.95803261
74 -667.74975586 -6.95572662
75 -667.50286865 -6.95315488
76 -667.40856934 -6.95217260
77 -667.38330078 -6.95190938
78 -667.07110596 -6.94865735
79 -666.97656250 -6.94767253
80 -666.86346436 -6.94649442
81 -666.75988770 -6.94541550
82 -666.49511719 -6.94265747
83 -666.40649414 -6.94173431
84 -666.54675293 -6.94319534
85 -666.19689941 -6.93955104
86 -665.88562012 -6.93630854
87 -665.81494141 -6.93557231
88 -665.86090088 -6.93605105
89 -665.68908691 -6.93426132
90 -665.92034912 -6.93667030
91 -665.71893311 -6.93457222
92 -665.76275635 -6.93502871
93 -665.75750732 -6.93497403
94 -665.56909180 -6.93301137
95 -665.43139648 -6.93157705
96 -665.34558105 -6.93068314
97 -665.50012207 -6.93229294
98 -665.44702148 -6.93173981
99 -665.18310547 -6.92899068
100 -665.00634766 -6.92714945
101 -664.75207520 -6.92450078
102 -664.63452148 -6.92327627
103 -664.56140137 -6.92251460
104 -664.30932617 -6.91988881
105 -664.27264404 -6.91950671
106 -664.29766846 -6.91976738
107 -664.06451416 -6.91733869
108 -663.90197754 -6.91564560
109 -663.80590820 -6.91464488
110 -663.45062256 -6.91094398
111 -663.38800049 -6.91029167
112 -663.56427002 -6.91212781
113 -663.84002686 -6.91500028
114 -663.45452881 -6.91098468
115 -663.49560547 -6.91141256
116 -663.43225098 -6.91075261
117 -663.09436035 -6.90723292
118 -662.89208984 -6.90512594
119 -662.74182129 -6.90356064
120 -662.75860596 -6.90373548
121 -662.70056152 -6.90313085
122 -662.74609375 -6.90360514
123 -662.29986572 -6.89895693
124 -662.08410645 -6.89670944
125 -662.10870361 -6.89696566
126 -662.18066406 -6.89771525
127 -662.14233398 -6.89731598
128 -661.90197754 -6.89481227
129 -661.53680420 -6.89100838
130 -661.57031250 -6.89135742
131 -661.51232910 -6.89075343
132 -661.68322754 -6.89253362
133 -661.35070801 -6.88906988
134 -661.05566406 -6.88599650
135 -660.82421875 -6.88358561
136 -660.51135254 -6.88032659
137 -659.87109375 -6.87365723
138 -659.61364746 -6.87097549
139 -659.56524658 -6.87047132
140 -659.01843262 -6.86477534
141 -658.83361816 -6.86285019
142 -658.81005859 -6.86260478
143 -658.82568359 -6.86276754
144 -658.39147949 -6.85824458
145 -658.11883545 -6.85540454
146 -657.74877930 -6.85154978
147 -657.47558594 -6.84870402
148 -657.45947266 -6.84853617
149 -657.74603271 -6.85152117
150 -657.66760254 -6.85070419
151 -657.31958008 -6.84707896
152 -657.04553223 -6.84422429
153 -656.75799561 -6.84122912
154 -656.23742676 -6.83580653
155 -656.12060547 -6.83458964
156 -655.95202637 -6.83283361
157 -655.57788086 -6.82893626
158 -654.70312500 -6.81982422
159 -654.34167480 -6.81605911
160 -654.49395752 -6.81764539
161 -654.33746338 -6.81601524
162 -654.59747314 -6.81872368
163 -654.44830322 -6.81716983
164 -654.50085449 -6.81771723
165 -654.23809814 -6.81498019
166 -654.21258545 -6.81471443
167 -653.42852783 -6.80654716
168 -653.48162842 -6.80710030
169 -653.69152832 -6.80928675
170 -653.78845215 -6.81029638
171 -653.74249268 -6.80981763
172 -653.72448730 -6.80963008
173 -653.59521484 -6.80828349
174 -653.66485596 -6.80900892
175 -653.09338379 -6.80305608
176 -653.43414307 -6.80660566
177 -653.45880127 -6.80686251
178 -653.03826904 -6.80248197
179 -653.15734863 -6.80372238
180 -653.27819824 -6.80498123
181 -652.87243652 -6.80075455
182 -652.46807861 -6.79654249
183 -652.15264893 -6.79325676
184 -651.73229980 -6.78887812
185 -651.40454102 -6.78546397
186 -650.11218262 -6.77200190
187 -650.10363770 -6.77191289
188 -650.08789062 -6.77174886
189 -650.23773193 -6.77330971
190 -650.00665283 -6.77090263
191 -649.48309326 -6.76544889
192 -648.83087158 -6.75865491
193 -648.51483154 -6.75536283
194 -648.59075928 -6.75615374
195 -647.63372803 -6.74618467
196 -647.44927979 -6.74426333
197 -647.17553711 -6.74141184
198 -647.73071289 -6.74719493
199 -647.35986328 -6.74333191
200 -647.44219971 -6.74418958
201 -647.57568359 -6.74558004
202 -647.33251953 -6.74304708
203 -646.62579346 -6.73568535
204 -646.53002930 -6.73468781
205 -646.66125488 -6.73605474
206 -646.05773926 -6.72976812
207 -646.50268555 -6.73440297
208 -645.90911865 -6.72821999
209 -645.50347900 -6.72399457
210 -645.57843018 -6.72477531
211 -645.58093262 -6.72480138
212 -645.20819092 -6.72091866
213 -644.50958252 -6.71364148
214 -644.06860352 -6.70904795
215 -643.12805176 -6.69925054
216 -643.14965820 -6.69947561
217 -642.75109863 -6.69532394
218 -641.96551514 -6.68714078
219 -642.12109375 -6.68876139
220 -642.02966309 -6.68780899
221 -641.43212891 -6.68158468
222 -640.97772217 -6.67685127
223 -640.88140869 -6.67584801
224 -640.91821289 -6.67623138
225 -641.10363770 -6.67816289
226 -640.52172852 -6.67210134
227 -639.76599121 -6.66422908
228 -638.61547852 -6.65224457
229 -638.67657471 -6.65288099
230 -637.87469482 -6.64452807
231 -637.94934082 -6.64530563
232 -638.71411133 -6.65327199
233 -638.74719238 -6.65361659
234 -638.87536621 -6.65495173
235 -638.00610352 -6.64589691
236 -637.99786377 -6.64581108
237 -638.54364014 -6.65149625
238 -638.63787842 -6.65247790
239 -639.48968506 -6.66135089
240 -639.11865234 -6.65748596
241 -639.40618896 -6.66048114
242 -639.17150879 -6.65803655
243 -638.81005859 -6.65427144
244 -637.90313721 -6.64482435
245 -636.24908447 -6.62759463
246 -636.20300293 -6.62711461
247 -635.73010254 -6.62218857
248 -634.97589111 -6.61433220
249 -635.23858643 -6.61706861
250 -634.06817627 -6.60487684
251 -634.34942627 -6.60780652
252 -634.14392090 -6.60566584
253 -634.02398682 -6.60441653
254 -633.45507812 -6.59849040
255 -631.87042236 -6.58198357
256 -633.01403809 -6.59389623
257 -633.28771973 -6.59674708
258 -633.08026123 -6.59458605
259 -631.97937012 -6.58311844
260 -631.57110596 -6.57886569
261 -631.46466064 -6.57775688
262 -631.51470947 -6.57827822
263 -631.55908203 -6.57874044
264 -631.58227539 -6.57898204
265 -631.65167236 -6.57970492
266 -631.87506104 -6.58203189
267 -631.28918457 -6.57592901
268 -630.28576660 -6.56547674
269 -630.38488770 -6.56650925
270 -629.67547607 -6.55911954
271 -628.68981934 -6.54885228
272 -628.34490967 -6.54525948
273 -627.09893799 -6.53228060
274 -626.95788574 -6.53081131
275 -627.25238037 -6.53387896
276 -626.43365479 -6.52535057
277 -626.08587646 -6.52172788
278 -623.87658691 -6.49871445
279 -624.97485352 -6.51015472
280 -625.85644531 -6.51933797
281 -626.05316162 -6.52138710
282 -627.55529785 -6.53703435
283 -626.76312256 -6.52878253
284 -625.80603027 -6.51881282
285 -625.75402832 -6.51827113
286 -625.91540527 -6.51995214
287 -625.73907471 -6.51811536
288 -623.91333008 -6.49909719
289 -625.60955811 -6.51676623
290 -625.76623535 -6.51839828
291 -625.73229980 -6.51804479
292 -624.81488037 -6.50848834
293 -626.51342773 -6.52618154
294 -626.48504639 -6.52588590
295 -626.60125732 -6.52709643
296 -626.05462646 -6.52140236
297 -627.03118896 -6.53157489
298 -627.26550293 -6.53401566
299 -626.37292480 -6.52471797
300 -625.13244629 -6.51179632
301 -625.03887939 -6.51082166
302 -624.66235352 -6.50689952
303 -624.23962402 -6.50249608
304 -623.95147705 -6.49949455
305 -624.07629395 -6.50079473
306 -624.34313965 -6.50357437
307 -625.22393799 -6.51274935
308 -626.66217041 -6.52773094
309 -626.26708984 -6.52361552
310 -626.36297607 -6.52461433
311 -627.48297119 -6.53628095
312 -626.51995850 -6.52624957
313 -625.86639404 -6.51944160
314 -625.51934814 -6.51582654
315 -625.36663818 -6.51423581
316 -624.81262207 -6.50846481
317 -625.06549072 -6.51109886
318 -624.66888428 -6.50696754
319 -623.42523193 -6.49401283
320 -623.13018799 -6.49093946
321 -622.22387695 -6.48149872
322 -621.50439453 -6.47400411
323 -622.15405273 -6.48077138
324 -621.30841064 -6.47196261
325 -622.10888672 -6.48030090
326 -621.86389160 -6.47774887
327 -620.87725830 -6.46747144
328 -620.23504639 -6.46078173
329 -620.26245117 -6.46106720
330 -619.15258789 -6.44950612
331 -619.36669922 -6.45173645
332 -619.47973633 -6.45291392
333 -618.53112793 -6.44303258
334 -619.19525146 -6.44995054
335 -618.96289062 -6.44753011
336 -617.97821045 -6.43727303
337 -617.65008545 -6.43385506
338 -617.40124512 -6.43126297
339 -615.86694336 -6.41528066
340 -615.90502930 -6.41567739
341 -616.10827637 -6.41779455
342 -616.20233154 -6.41877429
343 -615.11602783 -6.40745862
344 -615.63970947 -6.41291364
345 -615.26763916 -6.40903791
346 -616.06536865 -6.41734759
347 -614.83251953 -6.40450541
348 -614.33947754 -6.39936956
349 -613.65332031 -6.39222209
350 -612.96563721 -6.38505872
351 -612.64819336 -6.38175201
352 -612.20465088 -6.37713178
353 -612.47436523 -6.37994130
354 -612.09289551 -6.37596766
355 -611.62677002 -6.37111219
