0 -668.17401123 -6.42475011
1 -668.22052002 -6.42519731
2 -668.25579834 -6.42553652
3 -668.28674316 -6.42583407
4 -668.31585693 -6.42611401
5 -668.33978271 -6.42634406
6 -668.36151123 -6.42655299
7 -668.38256836 -6.42675546
8 -668.40136719 -6.42693622
9 -668.41894531 -6.42710524
10 -668.43408203 -6.42725079
11 -668.44805908 -6.42738518
12 -668.46270752 -6.42752603
13 -668.47546387 -6.42764869
14 -668.48608398 -6.42775081
15 -668.49737549 -6.42785938
16 -668.50793457 -6.42796091
17 -668.51770020 -6.42805481
18 -668.52636719 -6.42813815
19 -668.53564453 -6.42822735
20 -668.54473877 -6.42831480
21 -668.55242920 -6.42838874
22 -668.56024170 -6.42846386
23 -668.56811523 -6.42853957
24 -668.57537842 -6.42860941
25 -668.58245850 -6.42867749
26 -668.58843994 -6.42873500
27 -668.59405518 -6.42878899
28 -668.60021973 -6.42884827
29 -668.60601807 -6.42890402
30 -668.61145020 -6.42895625
31 -668.61743164 -6.42901377
32 -668.62335205 -6.42907069
33 -668.62805176 -6.42911588
34 -668.63208008 -6.42915462
35 -668.63696289 -6.42920157
36 -668.64111328 -6.42924147
37 -668.64526367 -6.42928138
38 -668.64984131 -6.42932540
39 -668.65325928 -6.42935826
40 -668.65765381 -6.42940052
41 -668.66186523 -6.42944101
42 -668.66564941 -6.42947740
43 -668.66925049 -6.42951202
44 -668.67242432 -6.42954254
45 -668.67517090 -6.42956895
46 -668.67919922 -6.42960768
47 -668.68249512 -6.42963938
48 -668.68737793 -6.42968633
49 -668.69036865 -6.42971508
50 -668.69366455 -6.42974677
51 -668.69659424 -6.42977494
52 -668.70001221 -6.42980781
53 -668.70318604 -6.42983833
54 -668.70660400 -6.42987119
55 -668.70959473 -6.42989995
56 -668.71319580 -6.42993458
57 -668.71643066 -6.42996568
58 -668.71868896 -6.42998739
59 -668.72259521 -6.43002495
60 -668.72558594 -6.43005371
61 -668.72875977 -6.43008423
62 -668.73107910 -6.43010653
63 -668.73364258 -6.43013118
64 -668.73608398 -6.43015465
65 -668.73913574 -6.43018400
66 -668.74078369 -6.43019984
67 -668.74420166 -6.43023271
68 -668.74688721 -6.43025853
69 -668.74926758 -6.43028142
70 -668.75140381 -6.43030196
71 -668.75384521 -6.43032543
72 -668.75665283 -6.43035243
73 -668.75872803 -6.43037238
74 -668.76165771 -6.43040055
75 -668.76397705 -6.43042286
76 -668.76678467 -6.43044985
77 -668.76800537 -6.43046159
78 -668.77075195 -6.43048800
79 -668.77288818 -6.43050854
80 -668.77447510 -6.43052380
81 -668.77728271 -6.43055080
82 -668.77911377 -6.43056840
83 -668.78070068 -6.43058366
84 -668.78320312 -6.43060772
85 -668.78533936 -6.43062826
86 -668.78729248 -6.43064704
87 -668.79003906 -6.43067345
88 -668.79174805 -6.43068989
89 -668.79345703 -6.43070632
90 -668.79504395 -6.43072158
91 -668.79718018 -6.43074212
92 -668.79980469 -6.43076735
93 -668.80145264 -6.43078320
94 -668.80413818 -6.43080902
95 -668.80670166 -6.43083367
96 -668.80834961 -6.43084952
97 -668.81005859 -6.43086595
98 -668.81213379 -6.43088590
99 -668.81347656 -6.43089881
100 -668.81524658 -6.43091583
101 -668.81738281 -6.43093637
102 -668.81909180 -6.43095281
103 -668.82104492 -6.43097159
104 -668.82287598 -6.43098919
105 -668.82507324 -6.43101032
106 -668.82733154 -6.43103203
107 -668.82965088 -6.43105434
108 -668.83160400 -6.43107312
109 -668.83349609 -6.43109131
110 -668.83520508 -6.43110774
111 -668.83740234 -6.43112887
112 -668.83978271 -6.43115176
113 -668.84167480 -6.43116995
114 -668.84283447 -6.43118110
115 -668.84521484 -6.43120399
116 -668.84710693 -6.43122218
117 -668.84899902 -6.43124038
118 -668.85156250 -6.43126502
119 -668.85388184 -6.43128733
120 -668.85589600 -6.43130669
121 -668.85791016 -6.43132606
122 -668.85906982 -6.43133721
123 -668.86059570 -6.43135188
124 -668.86315918 -6.43137653
125 -668.86474609 -6.43139179
126 -668.86627197 -6.43140646
127 -668.86779785 -6.43142113
128 -668.86950684 -6.43143757
129 -668.87176514 -6.43145928
130 -668.87408447 -6.43148158
131 -668.87493896 -6.43148980
132 -668.87683105 -6.43150799
133 -668.87902832 -6.43152912
134 -668.88110352 -6.43154907
135 -668.88256836 -6.43156316
136 -668.88415527 -6.43157842
137 -668.88580322 -6.43159426
138 -668.88787842 -6.43161422
139 -668.88970947 -6.43163182
140 -668.89154053 -6.43164943
141 -668.89282227 -6.43166175
142 -668.89550781 -6.43168758
143 -668.89697266 -6.43170166
144 -668.89849854 -6.43171633
145 -668.90014648 -6.43173218
146 -668.90185547 -6.43174861
147 -668.90386963 -6.43176798
148 -668.90563965 -6.43178500
149 -668.90722656 -6.43180026
150 -668.90911865 -6.43181845
151 -668.91113281 -6.43183782
152 -668.91326904 -6.43185836
153 -668.91406250 -6.43186599
154 -668.91552734 -6.43188007
155 -668.91662598 -6.43189063
156 -668.91876221 -6.43191118
157 -668.92065430 -6.43192937
158 -668.92218018 -6.43194404
159 -668.92401123 -6.43196165
160 -668.92578125 -6.43197867
161 -668.92724609 -6.43199275
162 -668.92877197 -6.43200742
163 -668.93005371 -6.43201975
164 -668.93115234 -6.43203031
165 -668.93237305 -6.43204205
166 -668.93334961 -6.43205144
167 -668.93481445 -6.43206552
168 -668.93676758 -6.43208430
169 -668.93847656 -6.43210074
170 -668.93963623 -6.43211189
171 -668.94171143 -6.43213184
172 -668.94281006 -6.43214240
173 -668.94458008 -6.43215942
174 -668.94525146 -6.43216588
175 -668.94708252 -6.43218349
176 -668.94879150 -6.43219992
177 -668.94970703 -6.43220872
178 -668.95098877 -6.43222105
179 -668.95251465 -6.43223572
180 -668.95458984 -6.43225567
181 -668.95556641 -6.43226506
182 -668.95635986 -6.43227269
183 -668.95770264 -6.43228560
184 -668.95971680 -6.43230497
185 -668.96142578 -6.43232140
186 -668.96356201 -6.43234194
187 -668.96435547 -6.43234957
188 -668.96563721 -6.43236190
189 -668.96630859 -6.43236835
190 -668.96917725 -6.43239594
191 -668.97094727 -6.43241295
192 -668.97222900 -6.43242528
193 -668.97387695 -6.43244112
194 -668.97503662 -6.43245228
195 -668.97644043 -6.43246577
196 -668.97772217 -6.43247810
197 -668.97949219 -6.43249512
198 -668.98114014 -6.43251096
199 -668.98229980 -6.43252211
200 -668.98321533 -6.43253092
201 -668.98486328 -6.43254676
202 -668.98620605 -6.43255967
203 -668.98846436 -6.43258139
204 -668.98937988 -6.43259019
205 -668.99157715 -6.43261132
206 -668.99273682 -6.43262247
207 -668.99316406 -6.43262658
208 -668.99511719 -6.43264536
209 -668.99572754 -6.43265123
210 -668.99719238 -6.43266531
211 -668.99914551 -6.43268409
212 -669.00000000 -6.43269231
213 -669.00134277 -6.43270522
214 -669.00280762 -6.43271930
215 -669.00427246 -6.43273339
216 -669.00500488 -6.43274043
217 -669.00708008 -6.43276039
218 -669.00836182 -6.43277271
219 -669.00939941 -6.43278269
220 -669.01153564 -6.43280323
221 -669.01257324 -6.43281320
222 -669.01409912 -6.43282788
223 -669.01452637 -6.43283198
224 -669.01666260 -6.43285252
225 -669.01745605 -6.43286015
226 -669.01849365 -6.43287013
227 -669.01947021 -6.43287952
228 -669.02014160 -6.43288598
229 -669.02172852 -6.43290124
230 -669.02325439 -6.43291591
231 -669.02453613 -6.43292823
232 -669.02587891 -6.43294114
233 -669.02636719 -6.43294584
234 -669.02703857 -6.43295229
235 -669.02856445 -6.43296697
236 -669.02990723 -6.43297988
237 -669.03149414 -6.43299514
238 -669.03240967 -6.43300394
239 -669.03369141 -6.43301626
240 -669.03491211 -6.43302800
241 -669.03564453 -6.43303504
242 -669.03649902 -6.43304326
243 -669.03674316 -6.43304561
244 -669.03869629 -6.43306439
245 -669.03930664 -6.43307026
246 -669.04071045 -6.43308375
247 -669.04193115 -6.43309549
248 -669.04327393 -6.43310840
249 -669.04406738 -6.43311603
250 -669.04461670 -6.43312131
251 -669.04516602 -6.43312660
252 -669.04614258 -6.43313599
253 -669.04687500 -6.43314303
254 -669.04840088 -6.43315770
255 -669.04956055 -6.43316885
256 -669.05035400 -6.43317648
257 -669.05114746 -6.43318411
258 -669.05187988 -6.43319115
259 -669.05346680 -6.43320641
260 -669.05474854 -6.43321874
261 -669.05590820 -6.43322989
262 -669.05639648 -6.43323458
263 -669.05676270 -6.43323810
264 -669.05810547 -6.43325101
265 -669.05883789 -6.43325806
266 -669.06036377 -6.43327273
267 -669.06140137 -6.43328271
268 -669.06280518 -6.43329620
269 -669.06311035 -6.43329914
270 -669.06378174 -6.43330559
271 -669.06469727 -6.43331440
272 -669.06604004 -6.43332731
273 -669.06726074 -6.43333905
274 -669.06793213 -6.43334550
275 -669.06921387 -6.43335783
276 -669.07006836 -6.43336604
277 -669.07128906 -6.43337778
278 -669.07208252 -6.43338541
279 -669.07360840 -6.43340008
280 -669.07452393 -6.43340888
281 -669.07568359 -6.43342003
282 -669.07617188 -6.43342473
283 -669.07751465 -6.43343764
284 -669.07812500 -6.43344351
285 -669.07910156 -6.43345290
286 -669.07952881 -6.43345701
287 -669.08105469 -6.43347168
288 -669.08129883 -6.43347403
289 -669.08251953 -6.43348576
290 -669.08300781 -6.43349046
291 -669.08422852 -6.43350220
292 -669.08557129 -6.43351511
293 -669.08679199 -6.43352685
294 -669.08685303 -6.43352743
295 -669.08764648 -6.43353506
296 -669.08837891 -6.43354210
297 -669.08996582 -6.43355736
298 -669.09082031 -6.43356558
299 -669.09173584 -6.43357438
300 -669.09240723 -6.43358084
301 -669.09375000 -6.43359375
302 -669.09387207 -6.43359492
303 -669.09515381 -6.43360725
304 -669.09619141 -6.43361723
305 -669.09790039 -6.43363366
306 -669.09899902 -6.43364422
307 -669.09918213 -6.43364598
308 -669.10070801 -6.43366065
309 -669.10125732 -6.43366594
310 -669.10235596 -6.43367650
311 -669.10284424 -6.43368119
312 -669.10327148 -6.43368530
313 -669.10437012 -6.43369587
314 -669.10467529 -6.43369880
315 -669.10534668 -6.43370526
316 -669.10754395 -6.43372638
317 -669.10778809 -6.43372873
318 -669.10906982 -6.43374106
319 -669.10998535 -6.43374986
320 -669.11102295 -6.43375984
321 -669.11230469 -6.43377216
322 -669.11315918 -6.43378038
323 -669.11401367 -6.43378859
324 -669.11474609 -6.43379564
325 -669.11645508 -6.43381207
326 -669.11718750 -6.43381911
327 -669.11834717 -6.43383026
328 -669.11901855 -6.43383672
329 -669.12042236 -6.43385022
330 -669.12072754 -6.43385315
331 -669.12231445 -6.43386841
332 -669.12255859 -6.43387076
333 -669.12402344 -6.43388484
334 -669.12432861 -6.43388778
335 -669.12561035 -6.43390010
336 -669.12646484 -6.43390832
337 -669.12744141 -6.43391771
338 -669.12884521 -6.43393120
339 -669.12963867 -6.43393883
340 -669.13037109 -6.43394588
341 -669.13146973 -6.43395644
342 -669.13220215 -6.43396348
343 -669.13342285 -6.43397522
344 -669.13366699 -6.43397757
345 -669.13452148 -6.43398578
346 -669.13525391 -6.43399283
347 -669.13616943 -6.43400163
348 -669.13720703 -6.43401161
349 -669.13708496 -6.43401043
350 -669.13806152 -6.43401982
351 -669.13842773 -6.43402334
352 -669.13989258 -6.43403743
353 -669.14050293 -6.43404330
354 -669.14135742 -6.43405151
355 -669.14190674 -6.43405680
356 -669.14172363 -6.43405503
357 -669.14270020 -6.43406442
358 -669.14331055 -6.43407029
359 -669.14422607 -6.43407910
360 -669.14465332 -6.43408321
361 -669.14489746 -6.43408555
362 -669.14520264 -6.43408849
363 -669.14642334 -6.43410022
364 -669.14721680 -6.43410785
365 -669.14855957 -6.43412077
366 -669.14941406 -6.43412898
367 -669.14996338 -6.43413426
368 -669.15075684 -6.43414189
369 -669.15148926 -6.43414894
370 -669.15228271 -6.43415656
371 -669.15252686 -6.43415891
372 -669.15393066 -6.43417241
373 -669.15417480 -6.43417476
374 -669.15515137 -6.43418415
375 -669.15588379 -6.43419119
376 -669.15588379 -6.43419119
377 -669.15649414 -6.43419706
378 -669.15710449 -6.43420293
379 -669.15820312 -6.43421349
380 -669.15808105 -6.43421232
381 -669.15979004 -6.43422875
382 -669.15979004 -6.43422875
383 -669.16009521 -6.43423168
384 -669.16125488 -6.43424284
385 -669.16186523 -6.43424870
386 -669.16302490 -6.43425985
387 -669.16333008 -6.43426279
388 -669.16369629 -6.43426631
389 -669.16479492 -6.43427687
390 -669.16601562 -6.43428861
391 -669.16632080 -6.43429155
392 -669.16735840 -6.43430152
393 -669.16735840 -6.43430152
394 -669.16815186 -6.43430915
395 -669.16949463 -6.43432206
396 -669.16967773 -6.43432382
397 -669.17053223 -6.43433204
398 -669.17108154 -6.43433732
399 -669.17144775 -6.43434084
400 -669.17175293 -6.43434378
401 -669.17211914 -6.43434730
402 -669.17260742 -6.43435199
403 -669.17266846 -6.43435258
404 -669.17346191 -6.43436021
405 -669.17462158 -6.43437136
406 -669.17535400 -6.43437840
407 -669.17651367 -6.43438955
408 -669.17700195 -6.43439425
409 -669.17773438 -6.43440129
410 -669.17810059 -6.43440481
411 -669.17797852 -6.43440364
412 -669.17883301 -6.43441186
413 -669.17968750 -6.43442007
414 -669.18041992 -6.43442711
415 -669.18054199 -6.43442829
416 -669.18127441 -6.43443533
417 -669.18225098 -6.43444472
418 -669.18249512 -6.43444707
419 -669.18231201 -6.43444531
420 -669.18347168 -6.43445646
421 -669.18371582 -6.43445881
422 -669.18402100 -6.43446174
423 -669.18463135 -6.43446761
424 -669.18493652 -6.43447054
425 -669.18591309 -6.43447993
426 -669.18640137 -6.43448463
427 -669.18701172 -6.43449050
428 -669.18786621 -6.43449871
429 -669.18811035 -6.43450106
430 -669.18884277 -6.43450810
431 -669.18872070 -6.43450693
432 -669.19006348 -6.43451984
433 -669.19116211 -6.43453040
