0 -729.26129150 -7.01212780
1 -729.22967529 -7.01182380
2 -729.20019531 -7.01154034
3 -729.16003418 -7.01115417
4 -729.11364746 -7.01070815
5 -729.03356934 -7.00993817
6 -729.00646973 -7.00967759
7 -728.90118408 -7.00866523
8 -728.86743164 -7.00834069
9 -728.84039307 -7.00808070
10 -728.77087402 -7.00741225
11 -728.73040771 -7.00702315
12 -728.64007568 -7.00615457
13 -728.63055420 -7.00606302
14 -728.51806641 -7.00498141
15 -728.46484375 -7.00446965
16 -728.33874512 -7.00325716
17 -728.27655029 -7.00265914
18 -728.23529053 -7.00226241
19 -728.20874023 -7.00200712
20 -728.19152832 -7.00184162
21 -728.11523438 -7.00110802
22 -728.08575439 -7.00082456
23 -728.05639648 -7.00054227
24 -728.03283691 -7.00031574
25 -728.07562256 -7.00072714
26 -728.03350830 -7.00032220
27 -728.02447510 -7.00023534
28 -727.95068359 -6.99952580
29 -727.83886719 -6.99845065
30 -727.75292969 -6.99762432
31 -727.64550781 -6.99659142
32 -727.63604736 -6.99650046
33 -727.59063721 -6.99606382
34 -727.51971436 -6.99538187
35 -727.51855469 -6.99537072
36 -727.42681885 -6.99448864
37 -727.37078857 -6.99394989
38 -727.28186035 -6.99309481
39 -727.08337402 -6.99118629
40 -727.03204346 -6.99069273
41 -727.06018066 -6.99096328
42 -727.01153564 -6.99049554
43 -727.02661133 -6.99064049
44 -726.89062500 -6.98933293
45 -726.86926270 -6.98912753
46 -726.74505615 -6.98793323
47 -726.65026855 -6.98702181
48 -726.57751465 -6.98632226
49 -726.52117920 -6.98578057
50 -726.44128418 -6.98501235
51 -726.43682861 -6.98496951
52 -726.35839844 -6.98421537
53 -726.28210449 -6.98348177
54 -726.36138916 -6.98424413
55 -726.40020752 -6.98461738
56 -726.40832520 -6.98469543
57 -726.31201172 -6.98376934
58 -726.15521240 -6.98226166
59 -726.06304932 -6.98137547
60 -726.03125000 -6.98106971
61 -725.94622803 -6.98025219
62 -725.80065918 -6.97885249
63 -725.86547852 -6.97947575
64 -725.72167969 -6.97809307
65 -725.76898193 -6.97854790
66 -725.69989014 -6.97788356
67 -725.43646240 -6.97535060
68 -725.46441650 -6.97561939
69 -725.24829102 -6.97354126
70 -725.22491455 -6.97331649
71 -725.18701172 -6.97295204
72 -725.17083740 -6.97279651
73 -725.21850586 -6.97325486
74 -725.12957764 -6.97239978
75 -724.88482666 -6.97004641
76 -724.59234619 -6.96723410
77 -724.22991943 -6.96374923
78 -724.33532715 -6.96476276
79 -724.41510010 -6.96552981
80 -724.38452148 -6.96523578
81 -724.20227051 -6.96348337
82 -724.05584717 -6.96207545
83 -723.92425537 -6.96081015
84 -723.89190674 -6.96049910
85 -723.91168213 -6.96068925
86 -723.77960205 -6.95941925
87 -723.97338867 -6.96128258
88 -724.01055908 -6.96163999
89 -724.00048828 -6.96154316
90 -724.00701904 -6.96160595
91 -723.93298340 -6.96089407
92 -723.89251709 -6.96050497
93 -724.00537109 -6.96159011
94 -724.02697754 -6.96179786
95 -724.05535889 -6.96207076
96 -723.89611816 -6.96053960
97 -723.75372314 -6.95917041
98 -723.62188721 -6.95790276
99 -723.53680420 -6.95708466
100 -723.50549316 -6.95678359
101 -723.32843018 -6.95508106
102 -723.37609863 -6.95553941
103 -723.36108398 -6.95539504
104 -723.29730225 -6.95478175
105 -723.12677002 -6.95314202
106 -723.10681152 -6.95295011
107 -723.25073242 -6.95433397
108 -723.10815430 -6.95296302
109 -722.84259033 -6.95040952
110 -722.71368408 -6.94917004
111 -722.54840088 -6.94758078
112 -722.37103271 -6.94587531
113 -722.18218994 -6.94405952
114 -722.16827393 -6.94392571
115 -722.12329102 -6.94349318
116 -721.65332031 -6.93897423
117 -721.30902100 -6.93566366
118 -720.69299316 -6.92974032
119 -720.82556152 -6.93101501
120 -720.68884277 -6.92970041
121 -720.76879883 -6.93046922
122 -720.75225830 -6.93031018
123 -720.58648682 -6.92871622
124 -720.26397705 -6.92561516
125 -719.82214355 -6.92136676
126 -719.80334473 -6.92118601
127 -719.39385986 -6.91724865
128 -719.54772949 -6.91872817
129 -719.42620850 -6.91755970
130 -719.42541504 -6.91755207
131 -719.32653809 -6.91660133
132 -718.86132812 -6.91212816
133 -718.73913574 -6.91095323
134 -718.49859619 -6.90864035
135 -718.65991211 -6.91019146
136 -718.77423096 -6.91129068
137 -718.98645020 -6.91333125
138 -718.60650635 -6.90967795
139 -719.12432861 -6.91465701
140 -719.11755371 -6.91459186
141 -718.90460205 -6.91254425
142 -718.68218994 -6.91040567
143 -718.44677734 -6.90814209
144 -718.23950195 -6.90614906
145 -718.26318359 -6.90637677
146 -718.20233154 -6.90579165
147 -718.40527344 -6.90774301
148 -718.74157715 -6.91097670
149 -718.30908203 -6.90681810
150 -718.10064697 -6.90481391
151 -718.02514648 -6.90408795
152 -718.03936768 -6.90422469
153 -717.36926270 -6.89778137
154 -716.99896240 -6.89422079
155 -716.63482666 -6.89071949
156 -716.50994873 -6.88951874
157 -716.56280518 -6.89002697
158 -716.93182373 -6.89357523
159 -716.83123779 -6.89260806
160 -716.66156006 -6.89097654
161 -716.47534180 -6.88918598
162 -716.27911377 -6.88729917
163 -716.18054199 -6.88635137
164 -715.86578369 -6.88332484
165 -716.13928223 -6.88595464
166 -716.41735840 -6.88862845
167 -716.25531006 -6.88707029
168 -716.01928711 -6.88480084
169 -716.13781738 -6.88594055
170 -715.69946289 -6.88172560
171 -715.75946045 -6.88230250
172 -715.75866699 -6.88229487
173 -715.84204102 -6.88309655
174 -716.05871582 -6.88517996
175 -715.74359131 -6.88214992
176 -715.68597412 -6.88159591
177 -715.98205566 -6.88444284
178 -715.86712646 -6.88333775
179 -715.54388428 -6.88022966
180 -715.12689209 -6.87622012
181 -714.93603516 -6.87438495
182 -715.06719971 -6.87564615
183 -714.80700684 -6.87314430
184 -714.84509277 -6.87351051
185 -714.75988770 -6.87269123
186 -715.02880859 -6.87527701
187 -715.07080078 -6.87568078
188 -714.97344971 -6.87474471
189 -714.48266602 -6.87002563
190 -714.60443115 -6.87119645
191 -713.94378662 -6.86484410
192 -713.56005859 -6.86115441
193 -712.80676270 -6.85391118
194 -712.80572510 -6.85390120
195 -712.26745605 -6.84872554
196 -711.93579102 -6.84553645
197 -711.92700195 -6.84545194
198 -712.02575684 -6.84640151
199 -711.91748047 -6.84536039
200 -711.66540527 -6.84293659
201 -711.19360352 -6.83840003
202 -710.86767578 -6.83526611
203 -710.80468750 -6.83466046
204 -710.03710938 -6.82727990
205 -710.00689697 -6.82698939
206 -709.48687744 -6.82198921
207 -709.47241211 -6.82185012
208 -709.38360596 -6.82099621
209 -709.27014160 -6.81990521
210 -709.88256836 -6.82579393
211 -709.49426270 -6.82206022
212 -710.31896973 -6.82999009
213 -710.33404541 -6.83013505
214 -710.25183105 -6.82934453
215 -710.36895752 -6.83047075
216 -709.90466309 -6.82600638
217 -709.90991211 -6.82605685
218 -710.00311279 -6.82695301
219 -709.35144043 -6.82068693
220 -709.29803467 -6.82017341
221 -709.08410645 -6.81811641
222 -708.90240479 -6.81636928
223 -708.96990967 -6.81701836
224 -709.12402344 -6.81850023
225 -708.61096191 -6.81356694
226 -708.50372314 -6.81253580
227 -708.07092285 -6.80837426
228 -708.40167236 -6.81155454
229 -708.68975830 -6.81432460
230 -708.31494141 -6.81072059
231 -707.73394775 -6.80513411
232 -707.73913574 -6.80518400
233 -706.97094727 -6.79779757
234 -706.55615234 -6.79380916
235 -706.09124756 -6.78933892
236 -704.83239746 -6.77723459
237 -704.25000000 -6.77163462
238 -705.09771729 -6.77978574
239 -704.49273682 -6.77396862
240 -704.62707520 -6.77526034
241 -704.57794189 -6.77478790
242 -703.99255371 -6.76915917
243 -703.88793945 -6.76815326
244 -703.41162109 -6.76357328
245 -703.76800537 -6.76700005
246 -703.01629639 -6.75977208
247 -703.53582764 -6.76476757
248 -703.24011230 -6.76192416
249 -702.69104004 -6.75664462
250 -701.94097900 -6.74943249
251 -702.11724854 -6.75112739
252 -702.34106445 -6.75327947
253 -702.40551758 -6.75389921
254 -701.38116455 -6.74404966
255 -701.51989746 -6.74538363
256 -701.51184082 -6.74530616
257 -700.58544922 -6.73639855
258 -700.66680908 -6.73718086
259 -701.20422363 -6.74234830
260 -699.89849854 -6.72979326
261 -699.54168701 -6.72636238
262 -698.94799805 -6.72065383
263 -699.00207520 -6.72117380
264 -698.42395020 -6.71561491
265 -697.97528076 -6.71130078
266 -697.14331055 -6.70330106
267 -696.83404541 -6.70032736
268 -697.09167480 -6.70280457
269 -697.20159912 -6.70386153
270 -696.45477295 -6.69668051
271 -695.88745117 -6.69122549
272 -695.86822510 -6.69104063
273 -696.39477539 -6.69610361
274 -696.64770508 -6.69853563
275 -695.76470947 -6.69004528
276 -695.80639648 -6.69044612
277 -695.67419434 -6.68917495
278 -695.43823242 -6.68690608
279 -694.09082031 -6.67395020
280 -692.94677734 -6.66294978
281 -692.22082520 -6.65596947
282 -690.88409424 -6.64311629
283 -689.79217529 -6.63261707
284 -688.45074463 -6.61971870
285 -687.73828125 -6.61286809
286 -687.86791992 -6.61411461
287 -687.21600342 -6.60784619
288 -686.79956055 -6.60384193
289 -686.03564453 -6.59649658
290 -684.63055420 -6.58298610
291 -684.16186523 -6.57847947
292 -684.35186768 -6.58030642
293 -683.26312256 -6.56983772
294 -682.63006592 -6.56375063
295 -683.05609131 -6.56784703
296 -682.69989014 -6.56442202
297 -682.19317627 -6.55954977
298 -682.38732910 -6.56141663
299 -681.29003906 -6.55086576
300 -681.11956787 -6.54922661
301 -680.91143799 -6.54722537
302 -680.74224854 -6.54559854
303 -679.53021240 -6.53394435
304 -678.77484131 -6.52668117
305 -677.93334961 -6.51858990
306 -677.22027588 -6.51173342
307 -675.59002686 -6.49605795
308 -673.89648438 -6.47977389
309 -673.05645752 -6.47169671
310 -672.54510498 -6.46677986
311 -672.69256592 -6.46819775
312 -672.27685547 -6.46420053
313 -673.15893555 -6.47268207
314 -672.16870117 -6.46316059
315 -671.20794678 -6.45392257
316 -672.00097656 -6.46154785
317 -671.58404541 -6.45753890
318 -671.20831299 -6.45392609
319 -671.76196289 -6.45924964
320 -672.09594727 -6.46246103
321 -669.56579590 -6.43813265
322 -669.49639893 -6.43746537
323 -669.47998047 -6.43730750
324 -668.99127197 -6.43260838
325 -668.21520996 -6.42514625
326 -667.21954346 -6.41557253
327 -664.67810059 -6.39113558
328 -664.26696777 -6.38718238
329 -661.27581787 -6.35842133
330 -662.01843262 -6.36556185
331 -664.60723877 -6.39045422
332 -663.83892822 -6.38306662
333 -662.21496582 -6.36745159
334 -662.05072021 -6.36587231
335 -662.27319336 -6.36801147
336 -661.65899658 -6.36210574
337 -662.66296387 -6.37175927
338 -661.80920410 -6.36355004
339 -660.33862305 -6.34940984
340 -659.58087158 -6.34212377
341 -659.22113037 -6.33866472
342 -659.69201660 -6.34319247
343 -659.19268799 -6.33839123
344 -657.72406006 -6.32426981
345 -656.94830322 -6.31681061
346 -657.39624023 -6.32111769
347 -656.08532715 -6.30851276
348 -655.34906006 -6.30143327
349 -655.65209961 -6.30434711
350 -656.43347168 -6.31186030
351 -657.50665283 -6.32217935
352 -657.98797607 -6.32680746
353 -658.16156006 -6.32847654
354 -658.14788818 -6.32834508
355 -656.30010986 -6.31057798
356 -655.76953125 -6.30547626
357 -655.44824219 -6.30238694
