0 -597.71252441 -6.79218778
1 -597.66882324 -6.79169117
2 -597.62359619 -6.79117723
3 -597.58898926 -6.79078397
4 -597.55236816 -6.79036782
5 -597.54003906 -6.79022772
6 -597.48321533 -6.78958199
7 -597.44323730 -6.78912770
8 -597.44512939 -6.78914920
9 -597.34771729 -6.78804224
10 -597.28002930 -6.78727306
11 -597.20855713 -6.78646088
12 -597.17004395 -6.78602323
13 -597.08978271 -6.78511117
14 -597.04376221 -6.78458821
15 -596.95391846 -6.78356726
16 -596.95544434 -6.78358459
17 -596.89398193 -6.78288616
18 -596.77087402 -6.78148720
19 -596.73706055 -6.78110296
20 -596.67163086 -6.78035944
21 -596.58386230 -6.77936207
22 -596.48803711 -6.77827315
23 -596.46386719 -6.77799849
24 -596.35498047 -6.77676114
25 -596.33428955 -6.77652602
26 -596.25103760 -6.77557997
27 -596.28948975 -6.77601693
28 -596.31475830 -6.77630407
29 -596.28601074 -6.77597739
30 -596.25494385 -6.77562436
31 -596.21356201 -6.77515411
32 -596.19500732 -6.77494327
33 -596.19445801 -6.77493702
34 -596.16461182 -6.77459786
35 -596.09271240 -6.77378082
36 -595.98529053 -6.77256012
37 -595.89685059 -6.77155512
38 -595.84289551 -6.77094199
39 -595.78356934 -6.77026783
40 -595.71386719 -6.76947576
41 -595.62878418 -6.76850891
42 -595.52117920 -6.76728613
43 -595.37188721 -6.76558963
44 -595.23229980 -6.76400341
45 -595.14642334 -6.76302754
46 -595.05871582 -6.76203086
47 -594.84460449 -6.75959778
48 -594.62506104 -6.75710297
49 -594.59503174 -6.75676172
50 -594.47607422 -6.75540993
51 -594.31542969 -6.75358443
52 -594.24047852 -6.75273271
53 -594.23510742 -6.75267168
54 -594.12689209 -6.75144196
55 -593.99169922 -6.74990567
56 -593.99334717 -6.74992440
57 -593.87158203 -6.74854070
58 -593.71520996 -6.74676375
59 -593.73602295 -6.74700026
60 -593.77423096 -6.74743444
61 -593.80584717 -6.74779372
62 -593.74102783 -6.74705713
63 -593.74542236 -6.74710707
64 -593.65112305 -6.74603549
65 -593.57202148 -6.74513661
66 -593.52471924 -6.74459908
67 -593.32690430 -6.74235119
68 -593.08184814 -6.73956646
69 -592.90460205 -6.73755230
70 -592.79248047 -6.73627819
71 -592.76074219 -6.73591752
72 -592.63208008 -6.73445546
73 -592.38873291 -6.73169015
74 -592.33593750 -6.73109020
75 -592.19427490 -6.72948040
76 -591.95068359 -6.72671231
77 -592.09674072 -6.72837205
78 -591.91772461 -6.72633778
79 -591.85418701 -6.72561576
80 -591.53796387 -6.72202232
81 -591.46386719 -6.72118031
82 -591.36956787 -6.72010873
83 -591.57604980 -6.72245511
84 -591.35919189 -6.71999082
85 -591.23309326 -6.71855788
86 -591.08325195 -6.71685514
87 -590.83496094 -6.71403365
88 -590.86004639 -6.71431871
89 -590.85803223 -6.71429582
90 -590.82403564 -6.71390950
91 -590.68560791 -6.71233645
92 -590.62243652 -6.71161860
93 -590.61962891 -6.71158669
94 -590.43902588 -6.70953438
95 -590.19982910 -6.70681624
96 -590.04693604 -6.70507882
97 -589.81890869 -6.70248760
98 -589.77557373 -6.70199516
99 -589.34997559 -6.69715881
100 -589.47338867 -6.69856123
101 -589.50976562 -6.69897461
102 -589.64624023 -6.70052546
103 -589.61627197 -6.70018491
104 -589.37969971 -6.69749659
105 -589.53826904 -6.69929851
106 -589.48071289 -6.69864446
107 -589.46588135 -6.69847592
108 -588.94213867 -6.69252430
109 -588.83404541 -6.69129597
110 -588.65936279 -6.68931094
111 -588.53704834 -6.68792100
112 -588.53356934 -6.68788147
113 -588.23614502 -6.68450165
114 -588.10760498 -6.68304097
115 -587.97308350 -6.68151231
116 -588.15588379 -6.68358959
117 -588.14422607 -6.68345711
118 -588.38519287 -6.68619537
119 -588.30541992 -6.68528886
120 -588.12420654 -6.68322962
121 -588.14599609 -6.68347723
122 -588.18127441 -6.68387812
123 -588.02752686 -6.68213099
124 -588.04547119 -6.68233490
125 -587.84246826 -6.68002805
126 -587.40667725 -6.67507588
127 -587.45007324 -6.67556901
128 -587.78393555 -6.67936290
129 -587.73168945 -6.67876920
130 -587.50939941 -6.67624318
131 -587.14147949 -6.67206227
132 -586.95202637 -6.66990939
133 -586.86486816 -6.66891896
134 -586.61547852 -6.66608498
135 -586.26391602 -6.66208995
136 -586.12091064 -6.66046489
137 -585.83728027 -6.65724182
138 -585.44458008 -6.65277932
139 -585.62902832 -6.65487532
140 -585.75061035 -6.65625694
141 -585.53466797 -6.65380305
142 -585.31951904 -6.65135817
143 -584.81091309 -6.64557856
144 -584.83441162 -6.64584559
145 -584.42657471 -6.64121108
146 -583.76379395 -6.63367948
147 -583.70794678 -6.63304485
148 -583.79803467 -6.63406858
149 -583.62127686 -6.63205996
150 -583.51922607 -6.63090030
151 -583.19342041 -6.62719796
152 -582.90704346 -6.62394368
153 -582.88977051 -6.62374739
154 -582.50073242 -6.61932650
155 -582.52044678 -6.61955053
156 -583.04296875 -6.62548828
157 -582.96331787 -6.62458316
158 -582.99566650 -6.62495076
159 -582.72674561 -6.62189484
160 -582.72137451 -6.62183380
161 -582.32250977 -6.61730125
162 -582.67474365 -6.62130391
163 -582.51049805 -6.61943748
164 -581.98553467 -6.61347198
165 -581.31915283 -6.60589946
166 -581.23742676 -6.60497076
167 -580.42718506 -6.59576347
168 -580.30651855 -6.59439226
169 -580.59228516 -6.59763960
170 -580.12426758 -6.59232122
171 -579.84033203 -6.58909468
172 -579.49072266 -6.58512185
173 -579.74774170 -6.58804252
174 -579.44854736 -6.58464258
175 -579.23181152 -6.58217968
176 -578.85876465 -6.57794051
177 -578.60284424 -6.57503232
178 -578.40106201 -6.57273934
179 -578.22631836 -6.57075362
180 -577.87390137 -6.56674888
181 -577.34460449 -6.56073414
182 -577.18591309 -6.55893083
183 -576.87896729 -6.55544281
184 -576.14575195 -6.54711082
185 -576.09869385 -6.54657607
186 -575.64355469 -6.54140403
187 -575.66015625 -6.54159268
188 -575.53649902 -6.54018749
189 -575.87994385 -6.54409027
190 -576.55615234 -6.55177446
191 -576.43286133 -6.55037342
192 -577.04943848 -6.55737998
193 -577.53692627 -6.56291962
194 -577.32159424 -6.56047266
195 -576.91577148 -6.55586104
196 -576.80236816 -6.55457237
197 -576.75024414 -6.55398005
198 -575.98999023 -6.54534080
199 -576.66070557 -6.55296256
200 -576.95111084 -6.55626262
201 -577.46929932 -6.56215113
202 -577.37237549 -6.56104972
203 -576.33673096 -6.54928103
204 -575.78320312 -6.54299094
205 -575.40789795 -6.53872611
206 -574.81665039 -6.53200739
207 -574.52435303 -6.52868583
208 -574.18029785 -6.52477611
209 -573.36682129 -6.51553206
210 -572.90930176 -6.51033297
211 -573.01629639 -6.51154882
212 -572.40063477 -6.50455267
213 -572.32208252 -6.50366003
214 -570.95507812 -6.48812589
215 -570.36944580 -6.48147098
216 -569.53460693 -6.47198417
217 -569.47497559 -6.47130654
218 -568.68322754 -6.46230940
219 -569.12487793 -6.46732816
220 -569.59155273 -6.47263128
221 -568.64495850 -6.46187453
222 -567.17211914 -6.44513772
223 -568.03466797 -6.45493941
224 -567.76788330 -6.45190776
225 -567.97143555 -6.45422086
226 -567.80548096 -6.45233501
227 -566.95159912 -6.44263181
228 -567.17883301 -6.44521401
229 -567.00561523 -6.44324563
230 -566.83544922 -6.44131192
231 -565.77844238 -6.42930048
232 -564.89190674 -6.41922621
233 -564.58978271 -6.41579299
234 -564.58251953 -6.41571045
235 -563.89654541 -6.40791529
236 -563.08947754 -6.39874406
237 -562.45739746 -6.39156133
238 -562.91412354 -6.39675140
239 -561.62542725 -6.38210713
240 -562.54040527 -6.39250461
241 -562.99743652 -6.39769814
242 -563.42706299 -6.40258026
243 -563.18835449 -6.39986766
244 -562.45489502 -6.39153290
245 -561.57080078 -6.38148637
246 -560.38177490 -6.36797471
247 -560.77752686 -6.37247190
248 -560.60736084 -6.37053819
249 -559.93218994 -6.36286579
250 -559.49035645 -6.35784496
251 -558.79345703 -6.34992565
252 -558.68310547 -6.34867165
253 -558.53216553 -6.34695643
254 -558.92022705 -6.35136622
255 -557.97253418 -6.34059698
256 -557.47125244 -6.33490060
257 -556.25408936 -6.32106920
258 -556.66339111 -6.32572035
259 -556.41363525 -6.32288222
260 -556.47637939 -6.32359522
261 -556.34680176 -6.32212275
262 -556.48992920 -6.32374920
263 -556.14660645 -6.31984780
264 -556.81158447 -6.32740437
265 -557.49230957 -6.33513988
266 -557.70819092 -6.33759308
267 -556.06719971 -6.31894545
268 -556.10974121 -6.31942888
269 -557.10375977 -6.33072454
270 -557.85418701 -6.33925213
271 -557.21289062 -6.33196467
272 -556.76269531 -6.32684881
273 -555.46398926 -6.31209079
274 -556.15368652 -6.31992826
275 -555.69628906 -6.31473056
276 -555.40930176 -6.31146934
277 -553.97521973 -6.29517295
278 -553.56988525 -6.29056688
279 -552.93353271 -6.28333560
280 -549.74810791 -6.24713759
281 -548.84716797 -6.23689964
282 -548.41424561 -6.23198006
283 -548.78125000 -6.23615057
284 -548.51397705 -6.23311338
285 -548.68792725 -6.23509008
286 -547.08776855 -6.21690646
287 -546.31671143 -6.20814445
288 -547.39276123 -6.22037229
289 -547.32098389 -6.21955664
290 -546.53643799 -6.21064134
291 -546.20819092 -6.20691126
292 -546.45489502 -6.20971472
293 -548.18585205 -6.22938468
294 -546.99194336 -6.21581754
295 -547.23828125 -6.21861683
296 -545.56506348 -6.19960299
297 -548.02856445 -6.22759732
298 -545.67535400 -6.20085630
299 -545.68719482 -6.20099085
300 -545.25268555 -6.19605324
301 -543.67462158 -6.17812070
302 -544.38995361 -6.18624947
303 -545.02233887 -6.19343567
304 -545.77423096 -6.20197990
305 -544.86541748 -6.19165247
306 -544.96307373 -6.19276220
307 -544.81622314 -6.19109344
