0 -634.67492676 -6.34674927
1 -634.71221924 -6.34712219
2 -634.73822021 -6.34738220
3 -634.75653076 -6.34756531
4 -634.76971436 -6.34769714
5 -634.78088379 -6.34780884
6 -634.79058838 -6.34790588
7 -634.79919434 -6.34799194
8 -634.80725098 -6.34807251
9 -634.81433105 -6.34814331
10 -634.82128906 -6.34821289
11 -634.82727051 -6.34827271
12 -634.83337402 -6.34833374
13 -634.83947754 -6.34839478
14 -634.84521484 -6.34845215
15 -634.85058594 -6.34850586
16 -634.85583496 -6.34855835
17 -634.86114502 -6.34861145
18 -634.86627197 -6.34866272
19 -634.87078857 -6.34870789
20 -634.87567139 -6.34875671
21 -634.88018799 -6.34880188
22 -634.88513184 -6.34885132
23 -634.88934326 -6.34889343
