0 -503.24499512 -6.62164467
1 -503.25588989 -6.62178802
2 -503.26260376 -6.62187637
3 -503.26828003 -6.62195105
4 -503.27243042 -6.62200566
5 -503.27529907 -6.62204341
6 -503.27795410 -6.62207834
7 -503.28036499 -6.62211007
8 -503.28134155 -6.62212292
9 -503.28356934 -6.62215223
10 -503.28475952 -6.62216789
11 -503.28622437 -6.62218716
12 -503.28726196 -6.62220082
13 -503.28811646 -6.62221206
14 -503.28860474 -6.62221848
15 -503.28869629 -6.62221969
16 -503.28906250 -6.62222451
17 -503.28991699 -6.62223575
18 -503.29037476 -6.62224177
19 -503.29064941 -6.62224539
20 -503.29067993 -6.62224579
21 -503.29159546 -6.62225783
22 -503.29211426 -6.62226466
