0 -734.03076172 -6.67300692
1 -734.07293701 -6.67339034
2 -734.09942627 -6.67363115
3 -734.11682129 -6.67378928
4 -734.13085938 -6.67391690
5 -734.14331055 -6.67403010
6 -734.15356445 -6.67412331
7 -734.16229248 -6.67420266
8 -734.17156982 -6.67428700
9 -734.17828369 -6.67434803
10 -734.18469238 -6.67440629
11 -734.19030762 -6.67445734
12 -734.19543457 -6.67450395
13 -734.19964600 -6.67454224
14 -734.20367432 -6.67457886
15 -734.20843506 -6.67462214
16 -734.21264648 -6.67466042
17 -734.21624756 -6.67469316
18 -734.21948242 -6.67472257
19 -734.22302246 -6.67475475
20 -734.22637939 -6.67478527
21 -734.22924805 -6.67481135
22 -734.23345947 -6.67484963
23 -734.23663330 -6.67487848
24 -734.23913574 -6.67490123
25 -734.24255371 -6.67493231
26 -734.24560547 -6.67496005
27 -734.24835205 -6.67498502
28 -734.25134277 -6.67501221
29 -734.25354004 -6.67503218
30 -734.25646973 -6.67505882
31 -734.25842285 -6.67507657
32 -734.26086426 -6.67509877
33 -734.26239014 -6.67511264
34 -734.26501465 -6.67513650
35 -734.26727295 -6.67515703
36 -734.26824951 -6.67516590
37 -734.27124023 -6.67519309
38 -734.27380371 -6.67521640
39 -734.27606201 -6.67523693
40 -734.27728271 -6.67524802
41 -734.27954102 -6.67526855
42 -734.28210449 -6.67529186
43 -734.28436279 -6.67531239
44 -734.28552246 -6.67532293
45 -734.28790283 -6.67534457
46 -734.28875732 -6.67535234
47 -734.29089355 -6.67537176
48 -734.29315186 -6.67539229
49 -734.29656982 -6.67542336
50 -734.29791260 -6.67543557
51 -734.29998779 -6.67545443
52 -734.30371094 -6.67548828
53 -734.30432129 -6.67549383
54 -734.30718994 -6.67551991
55 -734.31024170 -6.67554765
56 -734.31182861 -6.67556208
57 -734.31408691 -6.67558261
58 -734.31622314 -6.67560203
59 -734.31793213 -6.67561756
60 -734.31945801 -6.67563144
61 -734.32220459 -6.67565641
62 -734.32427979 -6.67567527
63 -734.32623291 -6.67569303
64 -734.32885742 -6.67571689
65 -734.33142090 -6.67574019
66 -734.33343506 -6.67575850
67 -734.33508301 -6.67577348
68 -734.33679199 -6.67578902
69 -734.33880615 -6.67580733
70 -734.34057617 -6.67582342
71 -734.34338379 -6.67584894
72 -734.34564209 -6.67586947
73 -734.34747314 -6.67588612
74 -734.34954834 -6.67590498
75 -734.35021973 -6.67591109
76 -734.35345459 -6.67594050
77 -734.35546875 -6.67595881
78 -734.35650635 -6.67596824
79 -734.35943604 -6.67599487
80 -734.36175537 -6.67601596
81 -734.36413574 -6.67603760
82 -734.36627197 -6.67605702
83 -734.36816406 -6.67607422
84 -734.37048340 -6.67609530
85 -734.37249756 -6.67611361
86 -734.37408447 -6.67612804
87 -734.37652588 -6.67615024
88 -734.37738037 -6.67615800
89 -734.38085938 -6.67618963
90 -734.38208008 -6.67620073
91 -734.38336182 -6.67621238
92 -734.38714600 -6.67624678
93 -734.38830566 -6.67625732
94 -734.39129639 -6.67628451
95 -734.39135742 -6.67628507
96 -734.39263916 -6.67629672
97 -734.39453125 -6.67631392
98 -734.39770508 -6.67634277
99 -734.39892578 -6.67635387
100 -734.40167236 -6.67637884
101 -734.40240479 -6.67638550
102 -734.40447998 -6.67640436
103 -734.40606689 -6.67641879
104 -734.40832520 -6.67643932
105 -734.40948486 -6.67644986
106 -734.41064453 -6.67646040
107 -734.41369629 -6.67648815
108 -734.41522217 -6.67650202
109 -734.41705322 -6.67651867
110 -734.41778564 -6.67652532
111 -734.41888428 -6.67653531
112 -734.42144775 -6.67655862
113 -734.42224121 -6.67656583
114 -734.42437744 -6.67658525
115 -734.42578125 -6.67659801
116 -734.42736816 -6.67661244
117 -734.42883301 -6.67662575
118 -734.42999268 -6.67663630
119 -734.43237305 -6.67665794
120 -734.43322754 -6.67666570
121 -734.43347168 -6.67666792
122 -734.43438721 -6.67667625
123 -734.43664551 -6.67669678
124 -734.43621826 -6.67669289
125 -734.43792725 -6.67670843
126 -734.43865967 -6.67671509
127 -734.44006348 -6.67672785
128 -734.44067383 -6.67673340
129 -734.44091797 -6.67673562
130 -734.44299316 -6.67675448
131 -734.44476318 -6.67677057
132 -734.44659424 -6.67678722
133 -734.44726562 -6.67679332
134 -734.44909668 -6.67680997
135 -734.45068359 -6.67682440
136 -734.45129395 -6.67682994
137 -734.45214844 -6.67683771
138 -734.45483398 -6.67686213
139 -734.45513916 -6.67686490
140 -734.45611572 -6.67687378
141 -734.45715332 -6.67688321
142 -734.45684814 -6.67688044
143 -734.45874023 -6.67689764
144 -734.45983887 -6.67690763
145 -734.46093750 -6.67691761
146 -734.46228027 -6.67692982
147 -734.46191406 -6.67692649
148 -734.46386719 -6.67694425
149 -734.46490479 -6.67695368
150 -734.46624756 -6.67696589
151 -734.46661377 -6.67696922
152 -734.46734619 -6.67697587
153 -734.46899414 -6.67699086
154 -734.46997070 -6.67699973
155 -734.47082520 -6.67700750
156 -734.47113037 -6.67701028
157 -734.47271729 -6.67702470
158 -734.47344971 -6.67703136
159 -734.47412109 -6.67703746
160 -734.47442627 -6.67704024
161 -734.47509766 -6.67704634
162 -734.47656250 -6.67705966
163 -734.47625732 -6.67705688
164 -734.47711182 -6.67706465
165 -734.47784424 -6.67707131
166 -734.47814941 -6.67707409
167 -734.47821045 -6.67707464
168 -734.47955322 -6.67708685
169 -734.48175049 -6.67710682
170 -734.48126221 -6.67710238
171 -734.48175049 -6.67710682
172 -734.48321533 -6.67712014
173 -734.48364258 -6.67712402
174 -734.48492432 -6.67713568
175 -734.48461914 -6.67713290
176 -734.48376465 -6.67712513
177 -734.48461914 -6.67713290
178 -734.48712158 -6.67715565
179 -734.48797607 -6.67716342
180 -734.48767090 -6.67716064
181 -734.48864746 -6.67716952
182 -734.48864746 -6.67716952
183 -734.48968506 -6.67717896
184 -734.48919678 -6.67717452
185 -734.48999023 -6.67718173
186 -734.49108887 -6.67719172
187 -734.49114990 -6.67719227
188 -734.49249268 -6.67720448
189 -734.49249268 -6.67720448
190 -734.49200439 -6.67720004
191 -734.49371338 -6.67721558
192 -734.49432373 -6.67722112
193 -734.49395752 -6.67721780
194 -734.49566650 -6.67723333
195 -734.49633789 -6.67723944
196 -734.49621582 -6.67723833
197 -734.49603271 -6.67723666
198 -734.49713135 -6.67724665
199 -734.49865723 -6.67726052
200 -734.49804688 -6.67725497
201 -734.49890137 -6.67726274
202 -734.49975586 -6.67727051
203 -734.49932861 -6.67726662
204 -734.50048828 -6.67727717
205 -734.49969482 -6.67726995
206 -734.50115967 -6.67728327
207 -734.50109863 -6.67728271
208 -734.50085449 -6.67728050
209 -734.50238037 -6.67729437
210 -734.50164795 -6.67728771
211 -734.50140381 -6.67728549
212 -734.50286865 -6.67729881
213 -734.50372314 -6.67730657
214 -734.50360107 -6.67730546
215 -734.50463867 -6.67731490
216 -734.50622559 -6.67732932
217 -734.50653076 -6.67733210
218 -734.50585938 -6.67732599
219 -734.50659180 -6.67733265
220 -734.50665283 -6.67733321
221 -734.50708008 -6.67733709
222 -734.50769043 -6.67734264
223 -734.50701904 -6.67733654
224 -734.50842285 -6.67734930
225 -734.50842285 -6.67734930
226 -734.50909424 -6.67735540
227 -734.50909424 -6.67735540
228 -734.50860596 -6.67735096
229 -734.50982666 -6.67736206
230 -734.50885010 -6.67735318
231 -734.50976562 -6.67736151
232 -734.50921631 -6.67735651
233 -734.51068115 -6.67736983
234 -734.51123047 -6.67737482
235 -734.51043701 -6.67736761
236 -734.51147461 -6.67737704
237 -734.51177979 -6.67737982
238 -734.51153564 -6.67737760
239 -734.51055908 -6.67736872
240 -734.51275635 -6.67738869
241 -734.51232910 -6.67738481
242 -734.51208496 -6.67738259
243 -734.51287842 -6.67738980
244 -734.51202393 -6.67738204
245 -734.51269531 -6.67738814
246 -734.51269531 -6.67738814
247 -734.51251221 -6.67738647
248 -734.51409912 -6.67740090
249 -734.51385498 -6.67739868
250 -734.51367188 -6.67739702
251 -734.51403809 -6.67740035
252 -734.51531982 -6.67741200
253 -734.51599121 -6.67741810
254 -734.51666260 -6.67742421
255 -734.51623535 -6.67742032
256 -734.51611328 -6.67741921
257 -734.51696777 -6.67742698
258 -734.51666260 -6.67742421
259 -734.51666260 -6.67742421
260 -734.51721191 -6.67742920
261 -734.51916504 -6.67744695
