0 -569.37243652 -6.69849925
1 -569.40917969 -6.69893153
2 -569.43066406 -6.69918428
3 -569.45190430 -6.69943417
4 -569.46728516 -6.69961512
5 -569.48254395 -6.69979463
6 -569.49578857 -6.69995045
7 -569.50805664 -6.70009478
8 -569.51782227 -6.70020967
9 -569.52856445 -6.70033605
10 -569.53704834 -6.70043586
11 -569.54370117 -6.70051413
12 -569.55187988 -6.70061035
13 -569.56011963 -6.70070729
14 -569.56658936 -6.70078340
15 -569.57318115 -6.70086095
16 -569.57952881 -6.70093563
17 -569.58666992 -6.70101965
18 -569.59326172 -6.70109720
19 -569.59863281 -6.70116039
20 -569.60479736 -6.70123291
21 -569.61029053 -6.70129754
22 -569.61511230 -6.70135426
23 -569.61968994 -6.70140812
24 -569.62591553 -6.70148136
25 -569.63079834 -6.70153880
26 -569.63549805 -6.70159409
27 -569.64062500 -6.70165441
28 -569.64410400 -6.70169534
29 -569.65039062 -6.70176930
30 -569.65423584 -6.70181454
31 -569.65917969 -6.70187270
32 -569.66265869 -6.70191363
33 -569.66741943 -6.70196964
34 -569.67108154 -6.70201272
35 -569.67541504 -6.70206371
36 -569.67950439 -6.70211182
37 -569.68395996 -6.70216423
38 -569.68676758 -6.70219727
39 -569.69000244 -6.70223532
40 -569.69342041 -6.70227553
41 -569.69775391 -6.70232652
42 -569.70172119 -6.70237319
43 -569.70501709 -6.70241197
44 -569.70745850 -6.70244069
45 -569.71081543 -6.70248018
46 -569.71368408 -6.70251393
47 -569.71606445 -6.70254193
48 -569.71990967 -6.70258717
49 -569.72204590 -6.70261230
50 -569.72601318 -6.70265898
51 -569.72882080 -6.70269201
52 -569.73223877 -6.70273222
53 -569.73583984 -6.70277459
54 -569.73760986 -6.70279541
55 -569.74090576 -6.70283419
56 -569.74371338 -6.70286722
57 -569.74719238 -6.70290815
58 -569.74896240 -6.70292897
59 -569.75170898 -6.70296128
60 -569.75488281 -6.70299862
61 -569.75592041 -6.70301083
62 -569.75927734 -6.70305032
63 -569.76159668 -6.70307761
64 -569.76391602 -6.70310489
65 -569.76611328 -6.70313074
66 -569.76904297 -6.70316521
67 -569.77111816 -6.70318963
68 -569.77301025 -6.70321189
69 -569.77514648 -6.70323702
70 -569.77703857 -6.70325928
71 -569.77960205 -6.70328944
72 -569.78155518 -6.70331241
73 -569.78295898 -6.70332893
74 -569.78546143 -6.70335837
75 -569.78674316 -6.70337345
76 -569.78918457 -6.70340217
77 -569.79113770 -6.70342515
78 -569.79351807 -6.70345315
79 -569.79565430 -6.70347829
80 -569.79736328 -6.70349839
81 -569.80004883 -6.70352999
82 -569.80108643 -6.70354219
83 -569.80371094 -6.70357307
84 -569.80499268 -6.70358815
85 -569.80627441 -6.70360323
86 -569.80737305 -6.70361615
87 -569.80981445 -6.70364488
88 -569.81103516 -6.70365924
89 -569.81250000 -6.70367647
90 -569.81329346 -6.70368581
91 -569.81475830 -6.70370304
92 -569.81738281 -6.70373392
93 -569.81799316 -6.70374110
94 -569.82080078 -6.70377413
95 -569.82098389 -6.70377628
96 -569.82397461 -6.70381147
97 -569.82507324 -6.70382439
98 -569.82727051 -6.70385024
99 -569.82855225 -6.70386532
100 -569.82897949 -6.70387035
101 -569.83148193 -6.70389979
102 -569.83239746 -6.70391056
103 -569.83465576 -6.70393713
104 -569.83587646 -6.70395149
105 -569.83752441 -6.70397088
106 -569.83874512 -6.70398524
107 -569.83990479 -6.70399888
108 -569.84161377 -6.70401899
109 -569.84423828 -6.70404986
110 -569.84442139 -6.70405202
111 -569.84661865 -6.70407787
112 -569.84674072 -6.70407930
113 -569.84741211 -6.70408720
114 -569.84899902 -6.70410587
115 -569.85217285 -6.70414321
116 -569.85357666 -6.70415973
117 -569.85412598 -6.70416619
118 -569.85394287 -6.70416403
119 -569.85455322 -6.70417121
120 -569.85620117 -6.70419060
121 -569.85705566 -6.70420065
122 -569.85913086 -6.70422507
123 -569.85943604 -6.70422866
124 -569.86035156 -6.70423943
125 -569.86242676 -6.70426384
126 -569.86370850 -6.70427892
127 -569.86395264 -6.70428180
128 -569.86407471 -6.70428323
129 -569.86584473 -6.70430406
130 -569.86608887 -6.70430693
131 -569.86682129 -6.70431554
132 -569.86914062 -6.70434283
133 -569.87121582 -6.70436724
134 -569.87152100 -6.70437084
135 -569.87243652 -6.70438161
136 -569.87396240 -6.70439956
137 -569.87567139 -6.70441966
138 -569.87719727 -6.70443761
139 -569.87738037 -6.70443977
140 -569.87957764 -6.70446562
141 -569.88073730 -6.70447926
142 -569.88146973 -6.70448788
143 -569.88305664 -6.70450655
144 -569.88421631 -6.70452019
145 -569.88555908 -6.70453599
146 -569.88598633 -6.70454102
147 -569.88739014 -6.70455753
148 -569.88751221 -6.70455897
149 -569.88879395 -6.70457405
150 -569.88879395 -6.70457405
151 -569.88964844 -6.70458410
152 -569.89099121 -6.70459990
153 -569.89196777 -6.70461139
154 -569.89202881 -6.70461210
155 -569.89263916 -6.70461928
156 -569.89422607 -6.70463795
157 -569.89562988 -6.70465447
158 -569.89648438 -6.70466452
159 -569.89746094 -6.70467601
160 -569.89868164 -6.70469037
161 -569.89965820 -6.70470186
162 -569.90032959 -6.70470976
163 -569.90191650 -6.70472843
164 -569.90264893 -6.70473705
165 -569.90246582 -6.70473489
166 -569.90380859 -6.70475069
167 -569.90527344 -6.70476792
168 -569.90563965 -6.70477223
169 -569.90649414 -6.70478228
170 -569.90753174 -6.70479449
171 -569.90759277 -6.70479521
172 -569.90856934 -6.70480670
173 -569.90966797 -6.70481962
174 -569.90966797 -6.70481962
175 -569.91143799 -6.70484045
176 -569.91204834 -6.70484763
177 -569.91259766 -6.70485409
178 -569.91351318 -6.70486486
179 -569.91387939 -6.70486917
180 -569.91436768 -6.70487491
181 -569.91589355 -6.70489287
182 -569.91571045 -6.70489071
183 -569.91601562 -6.70489430
184 -569.91674805 -6.70490292
185 -569.91790771 -6.70491656
186 -569.91827393 -6.70492087
187 -569.91851807 -6.70492374
188 -569.91937256 -6.70493379
189 -569.91967773 -6.70493739
190 -569.92102051 -6.70495318
191 -569.92248535 -6.70497042
192 -569.92272949 -6.70497329
193 -569.92309570 -6.70497760
194 -569.92419434 -6.70499052
195 -569.92449951 -6.70499411
196 -569.92596436 -6.70501135
197 -569.92730713 -6.70502714
198 -569.92730713 -6.70502714
199 -569.92773438 -6.70503217
200 -569.92889404 -6.70504581
201 -569.92968750 -6.70505515
202 -569.92987061 -6.70505730
203 -569.92968750 -6.70505515
204 -569.93127441 -6.70507382
205 -569.93200684 -6.70508243
206 -569.93194580 -6.70508172
207 -569.93255615 -6.70508890
208 -569.93249512 -6.70508818
209 -569.93334961 -6.70509823
210 -569.93359375 -6.70510110
211 -569.93377686 -6.70510326
212 -569.93487549 -6.70511618
213 -569.93524170 -6.70512049
214 -569.93597412 -6.70512911
215 -569.93597412 -6.70512911
216 -569.93646240 -6.70513485
217 -569.93695068 -6.70514060
218 -569.93646240 -6.70513485
219 -569.93768311 -6.70514921
220 -569.93859863 -6.70515998
221 -569.93896484 -6.70516429
222 -569.93859863 -6.70515998
223 -569.93933105 -6.70516860
224 -569.94024658 -6.70517937
225 -569.94104004 -6.70518871
226 -569.94030762 -6.70518009
227 -569.94097900 -6.70518799
228 -569.94213867 -6.70520163
229 -569.94250488 -6.70520594
230 -569.94342041 -6.70521671
231 -569.94287109 -6.70521025
232 -569.94470215 -6.70523179
233 -569.94500732 -6.70523538
234 -569.94500732 -6.70523538
235 -569.94586182 -6.70524543
236 -569.94635010 -6.70525118
237 -569.94714355 -6.70526051
238 -569.94702148 -6.70525908
239 -569.94708252 -6.70525979
240 -569.94769287 -6.70526697
241 -569.94787598 -6.70526913
242 -569.94866943 -6.70527846
243 -569.94934082 -6.70528636
244 -569.94934082 -6.70528636
245 -569.95007324 -6.70529498
246 -569.95001221 -6.70529426
247 -569.95025635 -6.70529713
248 -569.95123291 -6.70530862
249 -569.95086670 -6.70530431
250 -569.95056152 -6.70530072
251 -569.95123291 -6.70530862
252 -569.95159912 -6.70531293
253 -569.95245361 -6.70532298
254 -569.95275879 -6.70532657
255 -569.95330811 -6.70533304
256 -569.95404053 -6.70534165
257 -569.95452881 -6.70534740
258 -569.95410156 -6.70534237
259 -569.95397949 -6.70534094
260 -569.95520020 -6.70535530
261 -569.95483398 -6.70535099
262 -569.95440674 -6.70534596
263 -569.95507812 -6.70535386
264 -569.95660400 -6.70537181
265 -569.95660400 -6.70537181
266 -569.95800781 -6.70538833
267 -569.95727539 -6.70537971
268 -569.95776367 -6.70538545
269 -569.95758057 -6.70538330
270 -569.95794678 -6.70538761
271 -569.95922852 -6.70540269
272 -569.95971680 -6.70540843
273 -569.95922852 -6.70540269
274 -569.95965576 -6.70540771
275 -569.96051025 -6.70541777
276 -569.96069336 -6.70541992
277 -569.96130371 -6.70542710
278 -569.96221924 -6.70543787
279 -569.96209717 -6.70543644
280 -569.96313477 -6.70544864
281 -569.96301270 -6.70544721
282 -569.96398926 -6.70545870
283 -569.96466064 -6.70546660
284 -569.96417236 -6.70546085
285 -569.96490479 -6.70546947
286 -569.96490479 -6.70546947
287 -569.96643066 -6.70548742
288 -569.96569824 -6.70547880
289 -569.96612549 -6.70548383
290 -569.96643066 -6.70548742
291 -569.96667480 -6.70549029
292 -569.96728516 -6.70549747
293 -569.96759033 -6.70550106
294 -569.96783447 -6.70550393
295 -569.96838379 -6.70551040
296 -569.96850586 -6.70551183
297 -569.96759033 -6.70550106
298 -569.96875000 -6.70551471
299 -569.96868896 -6.70551399
300 -569.96972656 -6.70552619
301 -569.96972656 -6.70552619
302 -569.97052002 -6.70553553
303 -569.97137451 -6.70554558
304 -569.97119141 -6.70554343
305 -569.97198486 -6.70555276
306 -569.97296143 -6.70556425
307 -569.97332764 -6.70556856
308 -569.97204590 -6.70555348
309 -569.97351074 -6.70557071
310 -569.97399902 -6.70557646
311 -569.97381592 -6.70557430
312 -569.97436523 -6.70558077
313 -569.97351074 -6.70557071
314 -569.97448730 -6.70558220
315 -569.97454834 -6.70558292
316 -569.97564697 -6.70559585
317 -569.97656250 -6.70560662
318 -569.97747803 -6.70561739
319 -569.97760010 -6.70561882
320 -569.97851562 -6.70562960
321 -569.97802734 -6.70562385
322 -569.97955322 -6.70564180
323 -569.97912598 -6.70563678
324 -569.98077393 -6.70565616
325 -569.98089600 -6.70565760
326 -569.98114014 -6.70566047
327 -569.98101807 -6.70565904
328 -569.98144531 -6.70566406
329 -569.98168945 -6.70566693
330 -569.98254395 -6.70567699
331 -569.98309326 -6.70568345
332 -569.98437500 -6.70569853
333 -569.98431396 -6.70569781
334 -569.98468018 -6.70570212
335 -569.98590088 -6.70571648
336 -569.98522949 -6.70570858
337 -569.98663330 -6.70572510
338 -569.98724365 -6.70573228
339 -569.98724365 -6.70573228
340 -569.98803711 -6.70574161
341 -569.98852539 -6.70574736
342 -569.98815918 -6.70574305
343 -569.98974609 -6.70576172
344 -569.98937988 -6.70575741
345 -569.98944092 -6.70575813
346 -569.98925781 -6.70575597
347 -569.99023438 -6.70576746
348 -569.99023438 -6.70576746
349 -569.99029541 -6.70576818
350 -569.99047852 -6.70577034
351 -569.99078369 -6.70577393
352 -569.99035645 -6.70576890
353 -569.99047852 -6.70577034
354 -569.99145508 -6.70578182
355 -569.99163818 -6.70578398
356 -569.99169922 -6.70578470
357 -569.99114990 -6.70577823
358 -569.99114990 -6.70577823
359 -569.99163818 -6.70578398
360 -569.99163818 -6.70578398
361 -569.99218750 -6.70579044
362 -569.99267578 -6.70579619
363 -569.99243164 -6.70579331
364 -569.99328613 -6.70580337
365 -569.99298096 -6.70579978
366 -569.99371338 -6.70580839
367 -569.99310303 -6.70580121
368 -569.99420166 -6.70581414
369 -569.99365234 -6.70580767
370 -569.99420166 -6.70581414
371 -569.99414062 -6.70581342
372 -569.99536133 -6.70582778
373 -569.99511719 -6.70582491
374 -569.99432373 -6.70581557
375 -569.99548340 -6.70582922
376 -569.99560547 -6.70583065
377 -569.99639893 -6.70583999
378 -569.99652100 -6.70584142
379 -569.99688721 -6.70584573
380 -569.99761963 -6.70585435
381 -569.99652100 -6.70584142
382 -569.99676514 -6.70584430
383 -569.99652100 -6.70584142
384 -569.99719238 -6.70584932
385 -569.99810791 -6.70586009
386 -569.99841309 -6.70586368
387 -569.99786377 -6.70585722
388 -569.99822998 -6.70586153
389 -569.99902344 -6.70587086
390 -569.99816895 -6.70586081
391 -569.99908447 -6.70587158
392 -570.00000000 -6.70588235
393 -569.99957275 -6.70587733
394 -570.00018311 -6.70588451
395 -570.00018311 -6.70588451
396 -570.00048828 -6.70588810
397 -570.00018311 -6.70588451
398 -569.99932861 -6.70587445
399 -570.00140381 -6.70589887
400 -570.00170898 -6.70590246
401 -570.00213623 -6.70590749
402 -570.00170898 -6.70590246
403 -570.00256348 -6.70591251
404 -570.00341797 -6.70592256
405 -570.00341797 -6.70592256
406 -570.00311279 -6.70591897
407 -570.00360107 -6.70592472
408 -570.00421143 -6.70593190
409 -570.00415039 -6.70593118
410 -570.00463867 -6.70593693
411 -570.00543213 -6.70594626
412 -570.00494385 -6.70594052
413 -570.00549316 -6.70594698
414 -570.00573730 -6.70594985
415 -570.00512695 -6.70594267
416 -570.00610352 -6.70595416
417 -570.00579834 -6.70595057
418 -570.00488281 -6.70593980
419 -570.00518799 -6.70594339
420 -570.00567627 -6.70594913
421 -570.00659180 -6.70595990
422 -570.00769043 -6.70597283
423 -570.00744629 -6.70596996
424 -570.00659180 -6.70595990
425 -570.00683594 -6.70596278
426 -570.00701904 -6.70596493
427 -570.00634766 -6.70595703
428 -570.00744629 -6.70596996
429 -570.00891113 -6.70598719
430 -570.00744629 -6.70596996
431 -570.00775146 -6.70597355
432 -570.00854492 -6.70598288
433 -570.00817871 -6.70597857
434 -570.00885010 -6.70598647
435 -570.00903320 -6.70598863
436 -570.00842285 -6.70598145
437 -570.00799561 -6.70597642
438 -570.00982666 -6.70599796
439 -570.00958252 -6.70599509
440 -570.01055908 -6.70600658
441 -570.01055908 -6.70600658
442 -570.01135254 -6.70601591
443 -570.01116943 -6.70601376
444 -570.01092529 -6.70601089
445 -570.01104736 -6.70601232
446 -570.01226807 -6.70602668
447 -570.01257324 -6.70603027
448 -570.01281738 -6.70603315
449 -570.01245117 -6.70602884
450 -570.01300049 -6.70603530
451 -570.01373291 -6.70604392
452 -570.01342773 -6.70604033
453 -570.01354980 -6.70604176
454 -570.01379395 -6.70604463
455 -570.01367188 -6.70604320
456 -570.01452637 -6.70605325
457 -570.01489258 -6.70605756
458 -570.01525879 -6.70606187
459 -570.01507568 -6.70605971
460 -570.01580811 -6.70606833
461 -570.01574707 -6.70606761
462 -570.01538086 -6.70606330
463 -570.01629639 -6.70607408
464 -570.01611328 -6.70607192
465 -570.01544189 -6.70606402
466 -570.01641846 -6.70607551
467 -570.01574707 -6.70606761
468 -570.01715088 -6.70608413
469 -570.01660156 -6.70607767
470 -570.01593018 -6.70606977
471 -570.01727295 -6.70608556
472 -570.01696777 -6.70608197
473 -570.01727295 -6.70608556
474 -570.01629639 -6.70607408
475 -570.01647949 -6.70607623
476 -570.01641846 -6.70607551
477 -570.01672363 -6.70607910
478 -570.01678467 -6.70607982
479 -570.01623535 -6.70607336
480 -570.01721191 -6.70608485
481 -570.01635742 -6.70607479
482 -570.01672363 -6.70607910
483 -570.01733398 -6.70608628
484 -570.01702881 -6.70608269
485 -570.01751709 -6.70608844
486 -570.01666260 -6.70607838
487 -570.01715088 -6.70608413
488 -570.01672363 -6.70607910
489 -570.01660156 -6.70607767
490 -570.01623535 -6.70607336
491 -570.01660156 -6.70607767
492 -570.01660156 -6.70607767
493 -570.01684570 -6.70608054
494 -570.01745605 -6.70608772
495 -570.01690674 -6.70608126
496 -570.01733398 -6.70608628
497 -570.01794434 -6.70609346
498 -570.01806641 -6.70609490
499 -570.01812744 -6.70609562
500 -570.01831055 -6.70609777
501 -570.01751709 -6.70608844
502 -570.01879883 -6.70610352
503 -570.01800537 -6.70609418
504 -570.01849365 -6.70609993
505 -570.01849365 -6.70609993
506 -570.01800537 -6.70609418
507 -570.01855469 -6.70610064
508 -570.01916504 -6.70610782
509 -570.01910400 -6.70610711
510 -570.01965332 -6.70611357
511 -570.01977539 -6.70611500
512 -570.01983643 -6.70611572
513 -570.02087402 -6.70612793
514 -570.02056885 -6.70612434
515 -570.02062988 -6.70612506
516 -570.02014160 -6.70611931
517 -570.01977539 -6.70611500
518 -570.02008057 -6.70611859
519 -570.02087402 -6.70612793
520 -570.02093506 -6.70612865
521 -570.02117920 -6.70613152
522 -570.02062988 -6.70612506
523 -570.02142334 -6.70613439
524 -570.02160645 -6.70613655
525 -570.02215576 -6.70614301
526 -570.02160645 -6.70613655
527 -570.02148438 -6.70613511
528 -570.02142334 -6.70613439
529 -570.02185059 -6.70613942
530 -570.02239990 -6.70614588
531 -570.02117920 -6.70613152
532 -570.02172852 -6.70613798
533 -570.02111816 -6.70613080
534 -570.02111816 -6.70613080
535 -570.02160645 -6.70613655
536 -570.02301025 -6.70615306
537 -570.02276611 -6.70615019
538 -570.02331543 -6.70615665
539 -570.02294922 -6.70615234
540 -570.02343750 -6.70615809
541 -570.02337646 -6.70615737
542 -570.02362061 -6.70616024
543 -570.02337646 -6.70615737
544 -570.02380371 -6.70616240
545 -570.02368164 -6.70616096
546 -570.02349854 -6.70615881
547 -570.02429199 -6.70616814
548 -570.02392578 -6.70616383
549 -570.02380371 -6.70616240
550 -570.02392578 -6.70616383
551 -570.02423096 -6.70616742
552 -570.02410889 -6.70616599
553 -570.02386475 -6.70616311
554 -570.02471924 -6.70617317
555 -570.02435303 -6.70616886
556 -570.02453613 -6.70617101
557 -570.02429199 -6.70616814
558 -570.02404785 -6.70616527
559 -570.02429199 -6.70616814
560 -570.02416992 -6.70616670
561 -570.02539062 -6.70618107
562 -570.02600098 -6.70618825
563 -570.02587891 -6.70618681
564 -570.02612305 -6.70618968
565 -570.02636719 -6.70619256
566 -570.02606201 -6.70618896
567 -570.02575684 -6.70618537
568 -570.02661133 -6.70619543
569 -570.02648926 -6.70619399
570 -570.02459717 -6.70617173
571 -570.02526855 -6.70617963
572 -570.02465820 -6.70617245
573 -570.02490234 -6.70617532
574 -570.02502441 -6.70617676
575 -570.02471924 -6.70617317
576 -570.02465820 -6.70617245
577 -570.02416992 -6.70616670
578 -570.02569580 -6.70618466
579 -570.02502441 -6.70617676
