0 -632.83312988 -6.87862098
1 -632.83538818 -6.87864552
2 -632.83673096 -6.87866012
3 -632.83642578 -6.87865680
4 -632.83703613 -6.87866344
5 -632.83837891 -6.87867803
6 -632.83801270 -6.87867405
7 -632.83776855 -6.87867140
8 -632.83807373 -6.87867471
9 -632.83807373 -6.87867471
10 -632.83715820 -6.87866476
11 -632.83728027 -6.87866609
12 -632.83843994 -6.87867870
13 -632.83813477 -6.87867538
14 -632.83801270 -6.87867405
15 -632.83831787 -6.87867737
16 -632.83850098 -6.87867936
17 -632.83856201 -6.87868002
18 -632.83905029 -6.87868533
19 -632.83935547 -6.87868865
20 -632.83935547 -6.87868865
21 -632.83874512 -6.87868201
22 -632.83880615 -6.87868268
23 -632.83886719 -6.87868334
24 -632.83886719 -6.87868334
25 -632.83831787 -6.87867737
26 -632.83752441 -6.87866874
27 -632.83782959 -6.87867206
28 -632.83789062 -6.87867272
29 -632.83807373 -6.87867471
30 -632.83837891 -6.87867803
31 -632.83905029 -6.87868533
32 -632.83935547 -6.87868865
33 -632.83966064 -6.87869196
34 -632.83831787 -6.87867737
35 -632.83874512 -6.87868201
36 -632.83898926 -6.87868467
37 -632.83868408 -6.87868135
38 -632.83831787 -6.87867737
39 -632.83911133 -6.87868599
40 -632.83886719 -6.87868334
41 -632.83935547 -6.87868865
42 -632.83911133 -6.87868599
43 -632.83929443 -6.87868798
44 -632.83886719 -6.87868334
45 -632.83874512 -6.87868201
46 -632.83898926 -6.87868467
47 -632.83929443 -6.87868798
48 -632.83813477 -6.87867538
49 -632.83886719 -6.87868334
50 -632.83837891 -6.87867803
51 -632.83862305 -6.87868069
52 -632.83843994 -6.87867870
53 -632.83874512 -6.87868201
54 -632.83966064 -6.87869196
55 -632.84051514 -6.87870125
56 -632.84057617 -6.87870191
57 -632.84020996 -6.87869793
58 -632.84027100 -6.87869860
59 -632.84014893 -6.87869727
60 -632.83959961 -6.87869130
61 -632.84014893 -6.87869727
62 -632.84075928 -6.87870391
63 -632.84075928 -6.87870391
64 -632.84094238 -6.87870590
65 -632.84100342 -6.87870656
66 -632.84100342 -6.87870656
67 -632.84082031 -6.87870457
68 -632.84033203 -6.87869926
69 -632.84020996 -6.87869793
70 -632.84051514 -6.87870125
71 -632.84033203 -6.87869926
72 -632.83978271 -6.87869329
73 -632.84082031 -6.87870457
74 -632.84112549 -6.87870789
75 -632.84075928 -6.87870391
76 -632.84057617 -6.87870191
77 -632.84069824 -6.87870324
78 -632.84106445 -6.87870722
79 -632.84033203 -6.87869926
80 -632.83978271 -6.87869329
81 -632.84008789 -6.87869661
82 -632.83972168 -6.87869263
83 -632.83996582 -6.87869528
84 -632.84063721 -6.87870258
85 -632.84057617 -6.87870191
86 -632.83966064 -6.87869196
87 -632.83959961 -6.87869130
88 -632.84100342 -6.87870656
89 -632.84027100 -6.87869860
90 -632.84051514 -6.87870125
91 -632.84100342 -6.87870656
92 -632.84094238 -6.87870590
93 -632.84082031 -6.87870457
94 -632.84155273 -6.87871253
95 -632.84106445 -6.87870722
96 -632.84179688 -6.87871518
97 -632.84197998 -6.87871717
98 -632.84204102 -6.87871784
99 -632.84185791 -6.87871585
100 -632.84191895 -6.87871651
101 -632.84197998 -6.87871717
102 -632.84210205 -6.87871850
103 -632.84179688 -6.87871518
104 -632.84161377 -6.87871319
105 -632.84216309 -6.87871916
106 -632.84149170 -6.87871187
107 -632.84191895 -6.87871651
108 -632.84216309 -6.87871916
109 -632.84222412 -6.87871983
110 -632.84167480 -6.87871386
111 -632.84149170 -6.87871187
112 -632.84228516 -6.87872049
113 -632.84197998 -6.87871717
114 -632.84271240 -6.87872513
115 -632.84149170 -6.87871187
116 -632.84197998 -6.87871717
117 -632.84179688 -6.87871518
118 -632.84155273 -6.87871253
119 -632.84143066 -6.87871120
120 -632.84197998 -6.87871717
121 -632.84161377 -6.87871319
122 -632.84112549 -6.87870789
123 -632.84222412 -6.87871983
124 -632.84216309 -6.87871916
125 -632.84265137 -6.87872447
126 -632.84289551 -6.87872713
127 -632.84283447 -6.87872646
128 -632.84265137 -6.87872447
129 -632.84155273 -6.87871253
130 -632.84179688 -6.87871518
131 -632.84234619 -6.87872115
132 -632.84246826 -6.87872248
133 -632.84289551 -6.87872713
134 -632.84283447 -6.87872646
135 -632.84216309 -6.87871916
136 -632.84265137 -6.87872447
137 -632.84277344 -6.87872580
138 -632.84252930 -6.87872314
139 -632.84313965 -6.87872978
140 -632.84191895 -6.87871651
141 -632.84210205 -6.87871850
142 -632.84197998 -6.87871717
143 -632.84155273 -6.87871253
144 -632.84179688 -6.87871518
145 -632.84167480 -6.87871386
146 -632.84197998 -6.87871717
147 -632.84179688 -6.87871518
148 -632.84167480 -6.87871386
149 -632.84112549 -6.87870789
150 -632.84112549 -6.87870789
151 -632.84088135 -6.87870523
152 -632.84075928 -6.87870391
153 -632.84063721 -6.87870258
154 -632.84069824 -6.87870324
155 -632.84063721 -6.87870258
156 -632.84033203 -6.87869926
157 -632.84069824 -6.87870324
158 -632.84039307 -6.87869992
159 -632.83996582 -6.87869528
160 -632.84051514 -6.87870125
161 -632.84020996 -6.87869793
162 -632.84014893 -6.87869727
163 -632.83966064 -6.87869196
164 -632.83911133 -6.87868599
165 -632.83917236 -6.87868666
166 -632.83917236 -6.87868666
167 -632.83947754 -6.87868997
168 -632.83868408 -6.87868135
169 -632.84027100 -6.87869860
170 -632.83996582 -6.87869528
171 -632.83953857 -6.87869064
172 -632.83990479 -6.87869462
173 -632.84057617 -6.87870191
174 -632.83947754 -6.87868997
175 -632.84002686 -6.87869594
176 -632.83978271 -6.87869329
177 -632.83947754 -6.87868997
178 -632.84002686 -6.87869594
179 -632.84045410 -6.87870059
180 -632.84020996 -6.87869793
181 -632.83898926 -6.87868467
182 -632.84063721 -6.87870258
183 -632.84002686 -6.87869594
184 -632.84082031 -6.87870457
185 -632.84075928 -6.87870391
186 -632.84082031 -6.87870457
187 -632.84027100 -6.87869860
188 -632.84106445 -6.87870722
189 -632.84167480 -6.87871386
190 -632.84130859 -6.87870988
191 -632.84130859 -6.87870988
192 -632.84100342 -6.87870656
193 -632.84216309 -6.87871916
194 -632.84124756 -6.87870921
195 -632.84130859 -6.87870988
196 -632.84057617 -6.87870191
197 -632.84088135 -6.87870523
198 -632.84014893 -6.87869727
199 -632.84002686 -6.87869594
200 -632.84143066 -6.87871120
201 -632.84155273 -6.87871253
202 -632.84033203 -6.87869926
203 -632.84088135 -6.87870523
204 -632.84057617 -6.87870191
205 -632.84045410 -6.87870059
206 -632.84039307 -6.87869992
207 -632.84057617 -6.87870191
208 -632.84051514 -6.87870125
209 -632.84106445 -6.87870722
210 -632.84057617 -6.87870191
211 -632.84094238 -6.87870590
212 -632.84063721 -6.87870258
213 -632.84039307 -6.87869992
214 -632.84045410 -6.87870059
215 -632.84063721 -6.87870258
216 -632.84088135 -6.87870523
217 -632.84106445 -6.87870722
218 -632.84069824 -6.87870324
219 -632.84027100 -6.87869860
220 -632.83984375 -6.87869395
221 -632.84027100 -6.87869860
222 -632.83984375 -6.87869395
223 -632.84106445 -6.87870722
224 -632.84136963 -6.87871054
225 -632.84014893 -6.87869727
226 -632.84002686 -6.87869594
227 -632.83929443 -6.87868798
228 -632.83898926 -6.87868467
229 -632.83929443 -6.87868798
230 -632.83935547 -6.87868865
231 -632.83935547 -6.87868865
232 -632.83923340 -6.87868732
233 -632.83947754 -6.87868997
234 -632.83892822 -6.87868400
235 -632.83929443 -6.87868798
236 -632.83917236 -6.87868666
237 -632.83874512 -6.87868201
238 -632.83831787 -6.87867737
239 -632.83868408 -6.87868135
240 -632.83905029 -6.87868533
241 -632.83905029 -6.87868533
242 -632.83874512 -6.87868201
243 -632.83843994 -6.87867870
244 -632.83843994 -6.87867870
245 -632.83905029 -6.87868533
246 -632.83856201 -6.87868002
247 -632.83941650 -6.87868931
248 -632.83856201 -6.87868002
249 -632.83813477 -6.87867538
250 -632.83807373 -6.87867471
251 -632.83758545 -6.87866941
252 -632.83801270 -6.87867405
253 -632.83807373 -6.87867471
254 -632.83789062 -6.87867272
255 -632.83758545 -6.87866941
256 -632.83831787 -6.87867737
257 -632.83819580 -6.87867604
258 -632.83807373 -6.87867471
259 -632.83782959 -6.87867206
260 -632.83801270 -6.87867405
261 -632.83850098 -6.87867936
262 -632.83874512 -6.87868201
263 -632.83837891 -6.87867803
264 -632.83831787 -6.87867737
265 -632.83837891 -6.87867803
266 -632.83782959 -6.87867206
267 -632.83850098 -6.87867936
268 -632.83831787 -6.87867737
269 -632.83715820 -6.87866476
270 -632.83776855 -6.87867140
271 -632.83837891 -6.87867803
272 -632.83721924 -6.87866543
273 -632.83770752 -6.87867073
274 -632.83758545 -6.87866941
275 -632.83874512 -6.87868201
276 -632.83880615 -6.87868268
277 -632.83813477 -6.87867538
278 -632.83843994 -6.87867870
279 -632.83862305 -6.87868069
280 -632.83776855 -6.87867140
281 -632.83831787 -6.87867737
282 -632.83898926 -6.87868467
283 -632.83795166 -6.87867339
284 -632.83813477 -6.87867538
285 -632.83758545 -6.87866941
286 -632.83801270 -6.87867405
287 -632.83825684 -6.87867670
288 -632.83813477 -6.87867538
289 -632.83923340 -6.87868732
290 -632.83868408 -6.87868135
291 -632.83807373 -6.87867471
292 -632.83856201 -6.87868002
293 -632.83905029 -6.87868533
294 -632.83862305 -6.87868069
295 -632.83831787 -6.87867737
296 -632.83825684 -6.87867670
297 -632.83770752 -6.87867073
298 -632.83795166 -6.87867339
299 -632.83898926 -6.87868467
300 -632.83874512 -6.87868201
301 -632.83898926 -6.87868467
302 -632.83874512 -6.87868201
303 -632.83935547 -6.87868865
304 -632.83929443 -6.87868798
305 -632.83984375 -6.87869395
306 -632.84008789 -6.87869661
307 -632.83978271 -6.87869329
308 -632.83966064 -6.87869196
309 -632.84027100 -6.87869860
310 -632.83959961 -6.87869130
311 -632.83911133 -6.87868599
312 -632.83953857 -6.87869064
313 -632.83953857 -6.87869064
314 -632.83953857 -6.87869064
315 -632.83941650 -6.87868931
316 -632.83898926 -6.87868467
317 -632.83953857 -6.87869064
318 -632.83923340 -6.87868732
319 -632.83941650 -6.87868931
320 -632.83923340 -6.87868732
321 -632.84002686 -6.87869594
322 -632.83978271 -6.87869329
323 -632.83959961 -6.87869130
324 -632.84045410 -6.87870059
325 -632.84033203 -6.87869926
326 -632.83935547 -6.87868865
327 -632.83953857 -6.87869064
328 -632.83941650 -6.87868931
329 -632.83947754 -6.87868997
330 -632.83911133 -6.87868599
331 -632.83947754 -6.87868997
332 -632.83911133 -6.87868599
333 -632.83892822 -6.87868400
334 -632.83892822 -6.87868400
335 -632.83868408 -6.87868135
336 -632.83819580 -6.87867604
337 -632.83923340 -6.87868732
338 -632.83874512 -6.87868201
339 -632.83850098 -6.87867936
340 -632.83813477 -6.87867538
341 -632.83776855 -6.87867140
342 -632.83801270 -6.87867405
343 -632.83801270 -6.87867405
344 -632.83874512 -6.87868201
345 -632.83825684 -6.87867670
346 -632.83831787 -6.87867737
347 -632.83843994 -6.87867870
348 -632.83770752 -6.87867073
349 -632.83758545 -6.87866941
350 -632.83758545 -6.87866941
351 -632.83758545 -6.87866941
352 -632.83612061 -6.87865348
353 -632.83648682 -6.87865747
354 -632.83642578 -6.87865680
355 -632.83666992 -6.87865946
356 -632.83734131 -6.87866675
357 -632.83746338 -6.87866808
358 -632.83691406 -6.87866211
359 -632.83752441 -6.87866874
360 -632.83605957 -6.87865282
361 -632.83593750 -6.87865149
362 -632.83636475 -6.87865614
363 -632.83526611 -6.87864420
364 -632.83679199 -6.87866078
365 -632.83740234 -6.87866742
366 -632.83709717 -6.87866410
367 -632.83618164 -6.87865415
368 -632.83612061 -6.87865348
369 -632.83648682 -6.87865747
370 -632.83587646 -6.87865083
371 -632.83538818 -6.87864552
372 -632.83557129 -6.87864751
373 -632.83599854 -6.87865216
374 -632.83587646 -6.87865083
375 -632.83557129 -6.87864751
376 -632.83612061 -6.87865348
377 -632.83538818 -6.87864552
378 -632.83514404 -6.87864287
379 -632.83532715 -6.87864486
380 -632.83496094 -6.87864088
381 -632.83514404 -6.87864287
382 -632.83453369 -6.87863624
383 -632.83471680 -6.87863823
384 -632.83453369 -6.87863624
385 -632.83453369 -6.87863624
386 -632.83422852 -6.87863292
387 -632.83441162 -6.87863491
388 -632.83441162 -6.87863491
389 -632.83276367 -6.87861700
390 -632.83282471 -6.87861766
391 -632.83331299 -6.87862297
392 -632.83270264 -6.87861633
393 -632.83233643 -6.87861235
394 -632.83221436 -6.87861103
395 -632.83160400 -6.87860439
396 -632.83184814 -6.87860705
397 -632.83197021 -6.87860837
398 -632.83172607 -6.87860572
399 -632.83178711 -6.87860638
400 -632.83154297 -6.87860373
401 -632.83129883 -6.87860107
402 -632.83148193 -6.87860306
403 -632.83111572 -6.87859908
404 -632.83050537 -6.87859245
405 -632.83093262 -6.87859709
406 -632.83062744 -6.87859378
407 -632.83093262 -6.87859709
408 -632.83111572 -6.87859908
409 -632.83117676 -6.87859975
410 -632.83111572 -6.87859908
411 -632.83093262 -6.87859709
412 -632.83142090 -6.87860240
413 -632.83087158 -6.87859643
414 -632.83123779 -6.87860041
415 -632.83142090 -6.87860240
416 -632.83099365 -6.87859776
417 -632.83111572 -6.87859908
418 -632.83135986 -6.87860174
419 -632.83044434 -6.87859179
420 -632.83074951 -6.87859510
421 -632.83099365 -6.87859776
422 -632.83142090 -6.87860240
423 -632.83148193 -6.87860306
424 -632.83148193 -6.87860306
425 -632.83135986 -6.87860174
426 -632.83123779 -6.87860041
427 -632.83105469 -6.87859842
428 -632.83123779 -6.87860041
429 -632.83135986 -6.87860174
430 -632.82995605 -6.87858648
431 -632.83050537 -6.87859245
432 -632.82940674 -6.87858051
433 -632.82977295 -6.87858449
434 -632.82946777 -6.87858117
435 -632.82989502 -6.87858582
436 -632.82983398 -6.87858515
437 -632.82916260 -6.87857785
438 -632.82836914 -6.87856923
439 -632.82800293 -6.87856525
440 -632.82861328 -6.87857188
441 -632.82885742 -6.87857454
442 -632.82818604 -6.87856724
443 -632.82812500 -6.87856658
444 -632.82708740 -6.87855530
445 -632.82635498 -6.87854734
446 -632.82604980 -6.87854402
447 -632.82641602 -6.87854800
448 -632.82672119 -6.87855132
449 -632.82598877 -6.87854336
450 -632.82598877 -6.87854336
451 -632.82519531 -6.87853473
452 -632.82550049 -6.87853805
453 -632.82568359 -6.87854004
454 -632.82482910 -6.87853075
455 -632.82318115 -6.87851284
456 -632.82397461 -6.87852146
457 -632.82318115 -6.87851284
458 -632.82275391 -6.87850819
459 -632.82305908 -6.87851151
460 -632.82348633 -6.87851616
461 -632.82275391 -6.87850819
462 -632.82159424 -6.87849559
463 -632.82196045 -6.87849957
464 -632.82128906 -6.87849227
465 -632.82238770 -6.87850421
466 -632.82049561 -6.87848365
467 -632.82012939 -6.87847967
468 -632.82055664 -6.87848431
469 -632.81915283 -6.87846905
470 -632.81903076 -6.87846773
471 -632.82055664 -6.87848431
472 -632.81939697 -6.87847171
473 -632.81823730 -6.87845910
474 -632.81848145 -6.87846175
475 -632.81860352 -6.87846308
476 -632.81829834 -6.87845976
477 -632.81842041 -6.87846109
478 -632.81695557 -6.87844517
479 -632.81774902 -6.87845379
480 -632.81762695 -6.87845247
481 -632.81750488 -6.87845114
482 -632.81726074 -6.87844849
483 -632.81658936 -6.87844119
484 -632.81652832 -6.87844053
485 -632.81634521 -6.87843853
486 -632.81628418 -6.87843787
487 -632.81585693 -6.87843323
488 -632.81689453 -6.87844451
489 -632.81567383 -6.87843124
490 -632.81500244 -6.87842394
491 -632.81549072 -6.87842925
492 -632.81518555 -6.87842593
493 -632.81414795 -6.87841465
494 -632.81463623 -6.87841996
495 -632.81457520 -6.87841930
496 -632.81555176 -6.87842991
497 -632.81530762 -6.87842726
498 -632.81518555 -6.87842593
499 -632.81555176 -6.87842991
500 -632.81610107 -6.87843588
501 -632.81494141 -6.87842328
502 -632.81524658 -6.87842659
503 -632.81555176 -6.87842991
504 -632.81628418 -6.87843787
505 -632.81597900 -6.87843455
506 -632.81591797 -6.87843389
507 -632.81610107 -6.87843588
508 -632.81671143 -6.87844252
509 -632.81652832 -6.87844053
510 -632.81683350 -6.87844384
511 -632.81726074 -6.87844849
512 -632.81787109 -6.87845512
513 -632.81848145 -6.87846175
514 -632.81835938 -6.87846043
515 -632.81964111 -6.87847436
516 -632.81927490 -6.87847038
517 -632.82012939 -6.87847967
518 -632.82037354 -6.87848232
519 -632.82019043 -6.87848033
520 -632.82141113 -6.87849360
521 -632.82116699 -6.87849095
522 -632.82165527 -6.87849625
523 -632.82135010 -6.87849294
524 -632.82141113 -6.87849360
525 -632.82159424 -6.87849559
526 -632.82116699 -6.87849095
527 -632.82238770 -6.87850421
528 -632.82232666 -6.87850355
529 -632.82189941 -6.87849891
530 -632.82122803 -6.87849161
531 -632.82110596 -6.87849028
532 -632.82104492 -6.87848962
533 -632.82067871 -6.87848564
534 -632.82141113 -6.87849360
535 -632.82165527 -6.87849625
536 -632.82141113 -6.87849360
537 -632.82220459 -6.87850222
538 -632.82220459 -6.87850222
539 -632.82244873 -6.87850488
540 -632.82202148 -6.87850023
541 -632.82226562 -6.87850289
542 -632.82208252 -6.87850090
543 -632.82177734 -6.87849758
544 -632.82183838 -6.87849824
545 -632.82250977 -6.87850554
546 -632.82238770 -6.87850421
547 -632.82177734 -6.87849758
548 -632.82238770 -6.87850421
549 -632.82208252 -6.87850090
550 -632.82214355 -6.87850156
551 -632.82177734 -6.87849758
552 -632.82177734 -6.87849758
553 -632.82208252 -6.87850090
554 -632.82214355 -6.87850156
555 -632.82165527 -6.87849625
556 -632.82159424 -6.87849559
557 -632.82135010 -6.87849294
558 -632.82165527 -6.87849625
559 -632.82055664 -6.87848431
560 -632.82159424 -6.87849559
561 -632.82116699 -6.87849095
562 -632.82177734 -6.87849758
563 -632.82153320 -6.87849493
564 -632.82104492 -6.87848962
565 -632.82153320 -6.87849493
566 -632.81970215 -6.87847502
567 -632.81976318 -6.87847569
568 -632.82080078 -6.87848697
569 -632.82086182 -6.87848763
570 -632.82214355 -6.87850156
571 -632.82019043 -6.87848033
572 -632.82037354 -6.87848232
573 -632.81958008 -6.87847370
574 -632.81982422 -6.87847635
575 -632.81915283 -6.87846905
576 -632.81884766 -6.87846574
577 -632.81933594 -6.87847104
578 -632.81939697 -6.87847171
579 -632.81994629 -6.87847768
580 -632.81994629 -6.87847768
581 -632.82037354 -6.87848232
582 -632.82067871 -6.87848564
583 -632.81933594 -6.87847104
584 -632.82006836 -6.87847900
585 -632.81915283 -6.87846905
586 -632.81945801 -6.87847237
587 -632.81939697 -6.87847171
588 -632.82000732 -6.87847834
589 -632.81866455 -6.87846375
590 -632.81982422 -6.87847635
591 -632.81884766 -6.87846574
592 -632.81817627 -6.87845844
593 -632.81854248 -6.87846242
594 -632.81872559 -6.87846441
595 -632.81829834 -6.87845976
596 -632.81903076 -6.87846773
597 -632.81872559 -6.87846441
598 -632.81884766 -6.87846574
599 -632.81878662 -6.87846507
600 -632.81921387 -6.87846972
601 -632.82019043 -6.87848033
602 -632.81988525 -6.87847701
603 -632.81939697 -6.87847171
604 -632.81945801 -6.87847237
605 -632.81982422 -6.87847635
606 -632.82025146 -6.87848099
607 -632.81988525 -6.87847701
608 -632.82061768 -6.87848497
609 -632.82031250 -6.87848166
610 -632.82116699 -6.87849095
611 -632.82141113 -6.87849360
612 -632.82122803 -6.87849161
613 -632.82220459 -6.87850222
614 -632.82263184 -6.87850687
615 -632.82318115 -6.87851284
616 -632.82324219 -6.87851350
617 -632.82299805 -6.87851085
618 -632.82354736 -6.87851682
619 -632.82403564 -6.87852213
620 -632.82397461 -6.87852146
621 -632.82476807 -6.87853009
622 -632.82476807 -6.87853009
623 -632.82495117 -6.87853208
624 -632.82501221 -6.87853274
625 -632.82525635 -6.87853540
626 -632.82458496 -6.87852810
627 -632.82537842 -6.87853672
628 -632.82580566 -6.87854137
629 -632.82678223 -6.87855198
630 -632.82733154 -6.87855795
631 -632.82727051 -6.87855729
632 -632.82775879 -6.87856260
633 -632.82775879 -6.87856260
634 -632.82800293 -6.87856525
635 -632.82781982 -6.87856326
636 -632.82684326 -6.87855264
637 -632.82617188 -6.87854535
638 -632.82714844 -6.87855596
639 -632.82769775 -6.87856193
640 -632.82800293 -6.87856525
641 -632.82702637 -6.87855463
642 -632.82745361 -6.87855928
643 -632.82788086 -6.87856392
644 -632.82641602 -6.87854800
645 -632.82781982 -6.87856326
646 -632.82690430 -6.87855331
647 -632.82806396 -6.87856591
648 -632.82788086 -6.87856392
649 -632.82861328 -6.87857188
650 -632.82836914 -6.87856923
651 -632.82788086 -6.87856392
652 -632.82763672 -6.87856127
653 -632.82727051 -6.87855729
654 -632.82739258 -6.87855861
655 -632.82769775 -6.87856193
656 -632.82696533 -6.87855397
657 -632.82696533 -6.87855397
658 -632.82666016 -6.87855065
659 -632.82733154 -6.87855795
660 -632.82678223 -6.87855198
661 -632.82751465 -6.87855994
662 -632.82739258 -6.87855861
663 -632.82702637 -6.87855463
664 -632.82714844 -6.87855596
665 -632.82739258 -6.87855861
666 -632.82727051 -6.87855729
667 -632.82708740 -6.87855530
668 -632.82647705 -6.87854866
669 -632.82708740 -6.87855530
670 -632.82775879 -6.87856260
671 -632.82769775 -6.87856193
672 -632.82788086 -6.87856392
673 -632.82836914 -6.87856923
674 -632.82800293 -6.87856525
675 -632.82830811 -6.87856857
676 -632.82904053 -6.87857653
677 -632.82806396 -6.87856591
678 -632.82873535 -6.87857321
679 -632.82836914 -6.87856923
680 -632.82885742 -6.87857454
681 -632.82867432 -6.87857255
682 -632.82879639 -6.87857387
683 -632.82867432 -6.87857255
684 -632.82867432 -6.87857255
685 -632.82806396 -6.87856591
686 -632.82812500 -6.87856658
687 -632.82769775 -6.87856193
688 -632.82897949 -6.87857586
689 -632.82843018 -6.87856989
690 -632.82843018 -6.87856989
691 -632.82861328 -6.87857188
692 -632.82855225 -6.87857122
693 -632.82904053 -6.87857653
694 -632.82824707 -6.87856790
695 -632.82843018 -6.87856989
696 -632.82855225 -6.87857122
697 -632.82836914 -6.87856923
698 -632.82879639 -6.87857387
699 -632.82849121 -6.87857056
700 -632.82867432 -6.87857255
701 -632.82910156 -6.87857719
702 -632.82952881 -6.87858183
703 -632.82940674 -6.87858051
704 -632.82995605 -6.87858648
705 -632.82946777 -6.87858117
706 -632.82934570 -6.87857984
707 -632.82904053 -6.87857653
708 -632.82952881 -6.87858183
709 -632.82916260 -6.87857785
710 -632.82873535 -6.87857321
711 -632.82916260 -6.87857785
712 -632.82843018 -6.87856989
713 -632.82806396 -6.87856591
714 -632.82739258 -6.87855861
715 -632.82739258 -6.87855861
716 -632.82696533 -6.87855397
717 -632.82763672 -6.87856127
718 -632.82696533 -6.87855397
719 -632.82794189 -6.87856459
720 -632.82739258 -6.87855861
721 -632.82751465 -6.87855994
722 -632.82672119 -6.87855132
723 -632.82733154 -6.87855795
724 -632.82861328 -6.87857188
725 -632.82788086 -6.87856392
726 -632.82879639 -6.87857387
727 -632.82806396 -6.87856591
728 -632.82769775 -6.87856193
729 -632.82855225 -6.87857122
730 -632.82830811 -6.87856857
731 -632.82830811 -6.87856857
732 -632.82824707 -6.87856790
733 -632.82781982 -6.87856326
734 -632.82824707 -6.87856790
735 -632.82739258 -6.87855861
736 -632.82757568 -6.87856061
737 -632.82806396 -6.87856591
738 -632.82806396 -6.87856591
739 -632.82757568 -6.87856061
740 -632.82720947 -6.87855662
741 -632.82757568 -6.87856061
742 -632.82794189 -6.87856459
743 -632.82714844 -6.87855596
744 -632.82714844 -6.87855596
745 -632.82751465 -6.87855994
746 -632.82757568 -6.87856061
747 -632.82757568 -6.87856061
748 -632.82733154 -6.87855795
749 -632.82702637 -6.87855463
750 -632.82763672 -6.87856127
751 -632.82763672 -6.87856127
752 -632.82763672 -6.87856127
753 -632.82727051 -6.87855729
754 -632.82806396 -6.87856591
755 -632.82806396 -6.87856591
756 -632.82824707 -6.87856790
757 -632.82824707 -6.87856790
758 -632.82794189 -6.87856459
759 -632.82812500 -6.87856658
760 -632.82800293 -6.87856525
761 -632.82800293 -6.87856525
762 -632.82757568 -6.87856061
763 -632.82806396 -6.87856591
764 -632.82873535 -6.87857321
765 -632.82916260 -6.87857785
766 -632.82867432 -6.87857255
767 -632.82971191 -6.87858383
768 -632.82977295 -6.87858449
769 -632.82897949 -6.87857586
770 -632.82867432 -6.87857255
771 -632.82910156 -6.87857719
772 -632.82891846 -6.87857520
773 -632.82952881 -6.87858183
774 -632.82897949 -6.87857586
775 -632.82873535 -6.87857321
776 -632.82788086 -6.87856392
777 -632.82836914 -6.87856923
778 -632.82891846 -6.87857520
779 -632.82739258 -6.87855861
780 -632.82830811 -6.87856857
781 -632.82873535 -6.87857321
782 -632.82891846 -6.87857520
783 -632.82861328 -6.87857188
784 -632.82818604 -6.87856724
785 -632.82800293 -6.87856525
786 -632.82861328 -6.87857188
787 -632.82849121 -6.87857056
788 -632.82830811 -6.87856857
789 -632.82916260 -6.87857785
790 -632.82922363 -6.87857852
791 -632.82922363 -6.87857852
792 -632.82922363 -6.87857852
793 -632.82922363 -6.87857852
794 -632.82879639 -6.87857387
795 -632.82873535 -6.87857321
796 -632.82983398 -6.87858515
797 -632.82818604 -6.87856724
798 -632.82855225 -6.87857122
799 -632.82891846 -6.87857520
800 -632.82910156 -6.87857719
801 -632.82928467 -6.87857918
802 -632.82922363 -6.87857852
803 -632.82891846 -6.87857520
804 -632.82873535 -6.87857321
805 -632.82897949 -6.87857586
806 -632.82922363 -6.87857852
807 -632.82928467 -6.87857918
808 -632.82995605 -6.87858648
809 -632.83013916 -6.87858847
810 -632.83062744 -6.87859378
811 -632.83111572 -6.87859908
812 -632.83154297 -6.87860373
813 -632.83178711 -6.87860638
814 -632.83233643 -6.87861235
815 -632.83276367 -6.87861700
816 -632.83258057 -6.87861501
817 -632.83190918 -6.87860771
818 -632.83233643 -6.87861235
819 -632.83239746 -6.87861302
820 -632.83203125 -6.87860904
821 -632.83337402 -6.87862363
822 -632.83319092 -6.87862164
823 -632.83374023 -6.87862761
824 -632.83361816 -6.87862628
825 -632.83337402 -6.87862363
826 -632.83312988 -6.87862098
827 -632.83374023 -6.87862761
828 -632.83349609 -6.87862496
829 -632.83398438 -6.87863026
830 -632.83422852 -6.87863292
831 -632.83416748 -6.87863226
832 -632.83489990 -6.87864022
833 -632.83428955 -6.87863358
834 -632.83404541 -6.87863093
835 -632.83428955 -6.87863358
836 -632.83422852 -6.87863292
837 -632.83398438 -6.87863026
838 -632.83422852 -6.87863292
839 -632.83422852 -6.87863292
840 -632.83483887 -6.87863955
841 -632.83422852 -6.87863292
842 -632.83428955 -6.87863358
843 -632.83447266 -6.87863557
844 -632.83410645 -6.87863159
845 -632.83496094 -6.87864088
846 -632.83514404 -6.87864287
847 -632.83551025 -6.87864685
848 -632.83520508 -6.87864353
849 -632.83538818 -6.87864552
850 -632.83587646 -6.87865083
851 -632.83563232 -6.87864818
852 -632.83587646 -6.87865083
853 -632.83581543 -6.87865017
854 -632.83575439 -6.87864950
855 -632.83569336 -6.87864884
856 -632.83532715 -6.87864486
857 -632.83544922 -6.87864619
858 -632.83508301 -6.87864221
859 -632.83563232 -6.87864818
860 -632.83612061 -6.87865348
861 -632.83538818 -6.87864552
862 -632.83618164 -6.87865415
863 -632.83630371 -6.87865548
864 -632.83593750 -6.87865149
865 -632.83642578 -6.87865680
866 -632.83703613 -6.87866344
867 -632.83679199 -6.87866078
868 -632.83679199 -6.87866078
869 -632.83630371 -6.87865548
870 -632.83691406 -6.87866211
871 -632.83740234 -6.87866742
872 -632.83673096 -6.87866012
873 -632.83685303 -6.87866145
874 -632.83654785 -6.87865813
875 -632.83703613 -6.87866344
876 -632.83776855 -6.87867140
877 -632.83740234 -6.87866742
878 -632.83825684 -6.87867670
879 -632.83770752 -6.87867073
880 -632.83789062 -6.87867272
881 -632.83758545 -6.87866941
882 -632.83679199 -6.87866078
883 -632.83697510 -6.87866277
884 -632.83813477 -6.87867538
885 -632.83819580 -6.87867604
886 -632.83795166 -6.87867339
887 -632.83801270 -6.87867405
888 -632.83886719 -6.87868334
889 -632.83905029 -6.87868533
890 -632.83843994 -6.87867870
891 -632.83880615 -6.87868268
892 -632.83825684 -6.87867670
893 -632.83770752 -6.87867073
894 -632.83752441 -6.87866874
895 -632.83764648 -6.87867007
896 -632.83813477 -6.87867538
897 -632.83740234 -6.87866742
898 -632.83709717 -6.87866410
899 -632.83721924 -6.87866543
900 -632.83740234 -6.87866742
901 -632.83660889 -6.87865879
902 -632.83685303 -6.87866145
903 -632.83734131 -6.87866675
904 -632.83789062 -6.87867272
905 -632.83801270 -6.87867405
906 -632.83776855 -6.87867140
907 -632.83721924 -6.87866543
908 -632.83770752 -6.87867073
909 -632.83776855 -6.87867140
910 -632.83770752 -6.87867073
911 -632.83758545 -6.87866941
912 -632.83734131 -6.87866675
913 -632.83703613 -6.87866344
914 -632.83746338 -6.87866808
915 -632.83782959 -6.87867206
916 -632.83782959 -6.87867206
917 -632.83770752 -6.87867073
918 -632.83776855 -6.87867140
919 -632.83789062 -6.87867272
920 -632.83752441 -6.87866874
921 -632.83789062 -6.87867272
922 -632.83752441 -6.87866874
923 -632.83728027 -6.87866609
924 -632.83789062 -6.87867272
925 -632.83666992 -6.87865946
926 -632.83776855 -6.87867140
927 -632.83795166 -6.87867339
928 -632.83789062 -6.87867272
929 -632.83862305 -6.87868069
930 -632.83856201 -6.87868002
931 -632.83789062 -6.87867272
932 -632.83776855 -6.87867140
933 -632.83715820 -6.87866476
934 -632.83636475 -6.87865614
935 -632.83734131 -6.87866675
936 -632.83746338 -6.87866808
937 -632.83703613 -6.87866344
938 -632.83673096 -6.87866012
939 -632.83673096 -6.87866012
940 -632.83715820 -6.87866476
941 -632.83673096 -6.87866012
942 -632.83660889 -6.87865879
943 -632.83721924 -6.87866543
944 -632.83728027 -6.87866609
945 -632.83734131 -6.87866675
946 -632.83660889 -6.87865879
947 -632.83654785 -6.87865813
948 -632.83624268 -6.87865481
949 -632.83612061 -6.87865348
950 -632.83569336 -6.87864884
951 -632.83642578 -6.87865680
