0 -719.56884766 -6.78838536
1 -719.58911133 -6.78857652
2 -719.60485840 -6.78872508
3 -719.61486816 -6.78881951
4 -719.61968994 -6.78886500
5 -719.62341309 -6.78890012
6 -719.62585449 -6.78892316
7 -719.62878418 -6.78895079
8 -719.63018799 -6.78896404
9 -719.63110352 -6.78897267
10 -719.63269043 -6.78898765
11 -719.63403320 -6.78900031
12 -719.63568115 -6.78901586
13 -719.63623047 -6.78902104
14 -719.63720703 -6.78903026
15 -719.63690186 -6.78902738
16 -719.63934326 -6.78905041
17 -719.63977051 -6.78905444
18 -719.64025879 -6.78905905
19 -719.64123535 -6.78906826
20 -719.64263916 -6.78908150
21 -719.64355469 -6.78909014
22 -719.64404297 -6.78909474
23 -719.64526367 -6.78910626
24 -719.64538574 -6.78910741
25 -719.64587402 -6.78911202
26 -719.64746094 -6.78912699
27 -719.64801025 -6.78913217
28 -719.64843750 -6.78913620
29 -719.64843750 -6.78913620
30 -719.64953613 -6.78914657
31 -719.65020752 -6.78915290
32 -719.65032959 -6.78915405
33 -719.65124512 -6.78916269
34 -719.65209961 -6.78917075
35 -719.65222168 -6.78917190
36 -719.65307617 -6.78917996
37 -719.65344238 -6.78918342
38 -719.65393066 -6.78918803
39 -719.65441895 -6.78919263
40 -719.65478516 -6.78919609
41 -719.65527344 -6.78920069
42 -719.65539551 -6.78920184
43 -719.65600586 -6.78920760
44 -719.65533447 -6.78920127
45 -719.65649414 -6.78921221
46 -719.65698242 -6.78921682
47 -719.65771484 -6.78922372
48 -719.65795898 -6.78922603
49 -719.65869141 -6.78923294
50 -719.65881348 -6.78923409
51 -719.65942383 -6.78923985
52 -719.65979004 -6.78924330
53 -719.66040039 -6.78924906
54 -719.66003418 -6.78924561
55 -719.66137695 -6.78925827
56 -719.66125488 -6.78925712
57 -719.66101074 -6.78925482
58 -719.66101074 -6.78925482
59 -719.66223145 -6.78926633
60 -719.66094971 -6.78925424
61 -719.66088867 -6.78925367
62 -719.66162109 -6.78926058
63 -719.66198730 -6.78926403
64 -719.66259766 -6.78926979
65 -719.66259766 -6.78926979
66 -719.66271973 -6.78927094
67 -719.66223145 -6.78926633
68 -719.66302490 -6.78927382
69 -719.66333008 -6.78927670
70 -719.66345215 -6.78927785
71 -719.66278076 -6.78927152
72 -719.66400146 -6.78928303
73 -719.66430664 -6.78928591
74 -719.66491699 -6.78929167
75 -719.66485596 -6.78929109
76 -719.66516113 -6.78929397
77 -719.66552734 -6.78929743
78 -719.66503906 -6.78929282
79 -719.66601562 -6.78930203
80 -719.66601562 -6.78930203
81 -719.66674805 -6.78930894
82 -719.66625977 -6.78930434
83 -719.66625977 -6.78930434
84 -719.66546631 -6.78929685
85 -719.66674805 -6.78930894
86 -719.66687012 -6.78931010
87 -719.66687012 -6.78931010
88 -719.66815186 -6.78932219
89 -719.66821289 -6.78932276
90 -719.66894531 -6.78932967
91 -719.66876221 -6.78932795
92 -719.66754150 -6.78931643
93 -719.66870117 -6.78932737
94 -719.66845703 -6.78932507
95 -719.66827393 -6.78932334
96 -719.66943359 -6.78933428
97 -719.66931152 -6.78933313
98 -719.66882324 -6.78932852
99 -719.67041016 -6.78934349
100 -719.66937256 -6.78933370
101 -719.67016602 -6.78934119
102 -719.66979980 -6.78933773
103 -719.66973877 -6.78933716
104 -719.67108154 -6.78934983
105 -719.66967773 -6.78933658
106 -719.66906738 -6.78933082
107 -719.67010498 -6.78934061
108 -719.66925049 -6.78933255
109 -719.67004395 -6.78934004
110 -719.67089844 -6.78934810
111 -719.67010498 -6.78934061
112 -719.67089844 -6.78934810
113 -719.67077637 -6.78934695
114 -719.67077637 -6.78934695
115 -719.67181396 -6.78935674
116 -719.67193604 -6.78935789
117 -719.67211914 -6.78935961
118 -719.67150879 -6.78935386
119 -719.67175293 -6.78935616
120 -719.67187500 -6.78935731
121 -719.67199707 -6.78935846
122 -719.67065430 -6.78934580
123 -719.67120361 -6.78935098
124 -719.67205811 -6.78935904
125 -719.67297363 -6.78936768
126 -719.67260742 -6.78936422
127 -719.67279053 -6.78936595
128 -719.67236328 -6.78936192
129 -719.67260742 -6.78936422
130 -719.67358398 -6.78937343
131 -719.67346191 -6.78937228
132 -719.67181396 -6.78935674
133 -719.67199707 -6.78935846
134 -719.67224121 -6.78936077
135 -719.67260742 -6.78936422
136 -719.67272949 -6.78936537
137 -719.67370605 -6.78937459
138 -719.67285156 -6.78936652
139 -719.67266846 -6.78936480
140 -719.67364502 -6.78937401
141 -719.67419434 -6.78937919
142 -719.67199707 -6.78935846
143 -719.67364502 -6.78937401
144 -719.67388916 -6.78937631
145 -719.67480469 -6.78938495
146 -719.67492676 -6.78938610
147 -719.67541504 -6.78939071
148 -719.67480469 -6.78938495
149 -719.67565918 -6.78939301
150 -719.67565918 -6.78939301
151 -719.67517090 -6.78938840
152 -719.67462158 -6.78938322
153 -719.67517090 -6.78938840
154 -719.67602539 -6.78939647
155 -719.67468262 -6.78938380
156 -719.67663574 -6.78940222
157 -719.67614746 -6.78939762
158 -719.67443848 -6.78938150
159 -719.67584229 -6.78939474
160 -719.67535400 -6.78939013
161 -719.67651367 -6.78940107
162 -719.67541504 -6.78939071
163 -719.67565918 -6.78939301
164 -719.67590332 -6.78939531
165 -719.67639160 -6.78939992
166 -719.67565918 -6.78939301
167 -719.67602539 -6.78939647
168 -719.67553711 -6.78939186
169 -719.67565918 -6.78939301
170 -719.67663574 -6.78940222
171 -719.67669678 -6.78940280
172 -719.67608643 -6.78939704
173 -719.67651367 -6.78940107
174 -719.67639160 -6.78939992
175 -719.67602539 -6.78939647
176 -719.67510986 -6.78938783
177 -719.67626953 -6.78939877
178 -719.67724609 -6.78940798
179 -719.67614746 -6.78939762
180 -719.67742920 -6.78940971
181 -719.67761230 -6.78941144
182 -719.67797852 -6.78941489
183 -719.67675781 -6.78940338
184 -719.67822266 -6.78941719
185 -719.67724609 -6.78940798
186 -719.67846680 -6.78941950
187 -719.67675781 -6.78940338
188 -719.67785645 -6.78941374
189 -719.67700195 -6.78940568
190 -719.67602539 -6.78939647
191 -719.67785645 -6.78941374
192 -719.67584229 -6.78939474
193 -719.67724609 -6.78940798
194 -719.67700195 -6.78940568
195 -719.67553711 -6.78939186
196 -719.67724609 -6.78940798
197 -719.67736816 -6.78940913
198 -719.67651367 -6.78940107
199 -719.67742920 -6.78940971
200 -719.67730713 -6.78940856
201 -719.67749023 -6.78941029
202 -719.67651367 -6.78940107
203 -719.67822266 -6.78941719
204 -719.67657471 -6.78940165
205 -719.67785645 -6.78941374
206 -719.67822266 -6.78941719
207 -719.67803955 -6.78941547
208 -719.67901611 -6.78942468
209 -719.67810059 -6.78941604
210 -719.67761230 -6.78941144
211 -719.67834473 -6.78941835
212 -719.67791748 -6.78941432
213 -719.67736816 -6.78940913
214 -719.67810059 -6.78941604
215 -719.67785645 -6.78941374
216 -719.67712402 -6.78940683
217 -719.67797852 -6.78941489
218 -719.67797852 -6.78941489
219 -719.67761230 -6.78941144
220 -719.67718506 -6.78940741
221 -719.67749023 -6.78941029
222 -719.67773438 -6.78941259
223 -719.67687988 -6.78940453
224 -719.67742920 -6.78940971
225 -719.67749023 -6.78941029
226 -719.67883301 -6.78942295
227 -719.67846680 -6.78941950
228 -719.67773438 -6.78941259
229 -719.67761230 -6.78941144
230 -719.67810059 -6.78941604
231 -719.67864990 -6.78942123
232 -719.67803955 -6.78941547
233 -719.67736816 -6.78940913
234 -719.67834473 -6.78941835
235 -719.67846680 -6.78941950
236 -719.67761230 -6.78941144
237 -719.67785645 -6.78941374
238 -719.67687988 -6.78940453
239 -719.67840576 -6.78941892
240 -719.67858887 -6.78942065
241 -719.67871094 -6.78942180
242 -719.67871094 -6.78942180
243 -719.67687988 -6.78940453
244 -719.67736816 -6.78940913
245 -719.67761230 -6.78941144
246 -719.67810059 -6.78941604
247 -719.67712402 -6.78940683
248 -719.67718506 -6.78940741
249 -719.67700195 -6.78940568
250 -719.67761230 -6.78941144
251 -719.67681885 -6.78940395
252 -719.67767334 -6.78941201
253 -719.67687988 -6.78940453
254 -719.67700195 -6.78940568
255 -719.67614746 -6.78939762
256 -719.67791748 -6.78941432
257 -719.67785645 -6.78941374
258 -719.67797852 -6.78941489
259 -719.67883301 -6.78942295
260 -719.67962646 -6.78943044
261 -719.67944336 -6.78942871
262 -719.67822266 -6.78941719
263 -719.67907715 -6.78942526
264 -719.67895508 -6.78942410
265 -719.67895508 -6.78942410
266 -719.67785645 -6.78941374
267 -719.67840576 -6.78941892
268 -719.67926025 -6.78942698
269 -719.67895508 -6.78942410
270 -719.67871094 -6.78942180
271 -719.67913818 -6.78942583
272 -719.67919922 -6.78942641
273 -719.67895508 -6.78942410
274 -719.67846680 -6.78941950
275 -719.67877197 -6.78942238
276 -719.67968750 -6.78943101
277 -719.67980957 -6.78943217
278 -719.67871094 -6.78942180
279 -719.67907715 -6.78942526
280 -719.67999268 -6.78943389
281 -719.68041992 -6.78943792
282 -719.67968750 -6.78943101
283 -719.67932129 -6.78942756
284 -719.67785645 -6.78941374
285 -719.67944336 -6.78942871
286 -719.67919922 -6.78942641
287 -719.67950439 -6.78942929
288 -719.67907715 -6.78942526
289 -719.67871094 -6.78942180
290 -719.67883301 -6.78942295
291 -719.67950439 -6.78942929
292 -719.67797852 -6.78941489
293 -719.67810059 -6.78941604
294 -719.67956543 -6.78942986
295 -719.67889404 -6.78942353
296 -719.67901611 -6.78942468
297 -719.67883301 -6.78942295
298 -719.67907715 -6.78942526
299 -719.67938232 -6.78942814
300 -719.67913818 -6.78942583
301 -719.67907715 -6.78942526
302 -719.67797852 -6.78941489
303 -719.67871094 -6.78942180
304 -719.67895508 -6.78942410
305 -719.67822266 -6.78941719
306 -719.67846680 -6.78941950
307 -719.67938232 -6.78942814
308 -719.67877197 -6.78942238
309 -719.67834473 -6.78941835
310 -719.67773438 -6.78941259
311 -719.67700195 -6.78940568
312 -719.67803955 -6.78941547
313 -719.67773438 -6.78941259
314 -719.67785645 -6.78941374
315 -719.67797852 -6.78941489
316 -719.67822266 -6.78941719
317 -719.67822266 -6.78941719
318 -719.67785645 -6.78941374
319 -719.67712402 -6.78940683
320 -719.67773438 -6.78941259
321 -719.67687988 -6.78940453
322 -719.67614746 -6.78939762
323 -719.67675781 -6.78940338
324 -719.67755127 -6.78941086
325 -719.67590332 -6.78939531
326 -719.67687988 -6.78940453
327 -719.67651367 -6.78940107
328 -719.67645264 -6.78940050
329 -719.67651367 -6.78940107
330 -719.67614746 -6.78939762
331 -719.67584229 -6.78939474
332 -719.67608643 -6.78939704
333 -719.67590332 -6.78939531
334 -719.67651367 -6.78940107
335 -719.67608643 -6.78939704
336 -719.67626953 -6.78939877
337 -719.67675781 -6.78940338
338 -719.67553711 -6.78939186
339 -719.67669678 -6.78940280
340 -719.67517090 -6.78938840
341 -719.67590332 -6.78939531
342 -719.67492676 -6.78938610
343 -719.67639160 -6.78939992
344 -719.67620850 -6.78939819
345 -719.67541504 -6.78939071
346 -719.67578125 -6.78939416
347 -719.67657471 -6.78940165
348 -719.67608643 -6.78939704
349 -719.67492676 -6.78938610
350 -719.67419434 -6.78937919
351 -719.67559814 -6.78939244
352 -719.67614746 -6.78939762
353 -719.67602539 -6.78939647
354 -719.67480469 -6.78938495
355 -719.67388916 -6.78937631
356 -719.67468262 -6.78938380
357 -719.67480469 -6.78938495
358 -719.67639160 -6.78939992
359 -719.67596436 -6.78939589
360 -719.67614746 -6.78939762
361 -719.67602539 -6.78939647
362 -719.67578125 -6.78939416
363 -719.67712402 -6.78940683
364 -719.67651367 -6.78940107
365 -719.67565918 -6.78939301
366 -719.67614746 -6.78939762
367 -719.67645264 -6.78940050
368 -719.67687988 -6.78940453
369 -719.67724609 -6.78940798
370 -719.67675781 -6.78940338
371 -719.67639160 -6.78939992
372 -719.67523193 -6.78938898
373 -719.67687988 -6.78940453
374 -719.67529297 -6.78938956
375 -719.67675781 -6.78940338
376 -719.67675781 -6.78940338
377 -719.67687988 -6.78940453
378 -719.67614746 -6.78939762
379 -719.67590332 -6.78939531
380 -719.67333984 -6.78937113
381 -719.67553711 -6.78939186
382 -719.67358398 -6.78937343
383 -719.67437744 -6.78938092
384 -719.67553711 -6.78939186
385 -719.67651367 -6.78940107
386 -719.67565918 -6.78939301
387 -719.67486572 -6.78938553
388 -719.67523193 -6.78938898
389 -719.67370605 -6.78937459
390 -719.67492676 -6.78938610
391 -719.67480469 -6.78938495
392 -719.67529297 -6.78938956
393 -719.67456055 -6.78938265
394 -719.67358398 -6.78937343
395 -719.67449951 -6.78938207
396 -719.67498779 -6.78938668
397 -719.67395020 -6.78937689
398 -719.67456055 -6.78938265
399 -719.67456055 -6.78938265
400 -719.67486572 -6.78938553
401 -719.67395020 -6.78937689
402 -719.67468262 -6.78938380
403 -719.67517090 -6.78938840
404 -719.67572021 -6.78939359
405 -719.67602539 -6.78939647
406 -719.67541504 -6.78939071
407 -719.67602539 -6.78939647
408 -719.67645264 -6.78940050
409 -719.67626953 -6.78939877
410 -719.67504883 -6.78938725
411 -719.67559814 -6.78939244
412 -719.67596436 -6.78939589
413 -719.67578125 -6.78939416
414 -719.67541504 -6.78939071
415 -719.67620850 -6.78939819
416 -719.67468262 -6.78938380
417 -719.67480469 -6.78938495
418 -719.67504883 -6.78938725
419 -719.67492676 -6.78938610
420 -719.67523193 -6.78938898
421 -719.67578125 -6.78939416
422 -719.67504883 -6.78938725
423 -719.67590332 -6.78939531
424 -719.67608643 -6.78939704
425 -719.67529297 -6.78938956
426 -719.67407227 -6.78937804
427 -719.67382812 -6.78937574
428 -719.67498779 -6.78938668
429 -719.67407227 -6.78937804
430 -719.67517090 -6.78938840
431 -719.67462158 -6.78938322
432 -719.67431641 -6.78938034
433 -719.67578125 -6.78939416
434 -719.67492676 -6.78938610
435 -719.67437744 -6.78938092
436 -719.67614746 -6.78939762
437 -719.67431641 -6.78938034
438 -719.67517090 -6.78938840
439 -719.67572021 -6.78939359
440 -719.67474365 -6.78938437
441 -719.67529297 -6.78938956
442 -719.67504883 -6.78938725
443 -719.67553711 -6.78939186
444 -719.67645264 -6.78940050
445 -719.67553711 -6.78939186
446 -719.67614746 -6.78939762
447 -719.67529297 -6.78938956
448 -719.67547607 -6.78939128
449 -719.67590332 -6.78939531
450 -719.67687988 -6.78940453
451 -719.67639160 -6.78939992
452 -719.67663574 -6.78940222
453 -719.67675781 -6.78940338
454 -719.67541504 -6.78939071
455 -719.67590332 -6.78939531
456 -719.67675781 -6.78940338
457 -719.67504883 -6.78938725
458 -719.67639160 -6.78939992
459 -719.67681885 -6.78940395
460 -719.67559814 -6.78939244
461 -719.67553711 -6.78939186
462 -719.67639160 -6.78939992
463 -719.67639160 -6.78939992
464 -719.67633057 -6.78939934
465 -719.67614746 -6.78939762
466 -719.67700195 -6.78940568
467 -719.67651367 -6.78940107
468 -719.67712402 -6.78940683
469 -719.67736816 -6.78940913
470 -719.67700195 -6.78940568
471 -719.67645264 -6.78940050
472 -719.67651367 -6.78940107
473 -719.67614746 -6.78939762
474 -719.67663574 -6.78940222
475 -719.67572021 -6.78939359
476 -719.67486572 -6.78938553
477 -719.67504883 -6.78938725
478 -719.67431641 -6.78938034
479 -719.67578125 -6.78939416
480 -719.67504883 -6.78938725
481 -719.67395020 -6.78937689
482 -719.67553711 -6.78939186
483 -719.67498779 -6.78938668
484 -719.67596436 -6.78939589
485 -719.67480469 -6.78938495
486 -719.67517090 -6.78938840
487 -719.67395020 -6.78937689
488 -719.67565918 -6.78939301
489 -719.67529297 -6.78938956
490 -719.67578125 -6.78939416
491 -719.67633057 -6.78939934
492 -719.67565918 -6.78939301
493 -719.67639160 -6.78939992
494 -719.67651367 -6.78940107
495 -719.67694092 -6.78940510
496 -719.67724609 -6.78940798
497 -719.67626953 -6.78939877
498 -719.67626953 -6.78939877
499 -719.67773438 -6.78941259
500 -719.67767334 -6.78941201
501 -719.67675781 -6.78940338
502 -719.67517090 -6.78938840
503 -719.67663574 -6.78940222
504 -719.67523193 -6.78938898
505 -719.67590332 -6.78939531
506 -719.67565918 -6.78939301
507 -719.67559814 -6.78939244
508 -719.67694092 -6.78940510
509 -719.67639160 -6.78939992
510 -719.67553711 -6.78939186
511 -719.67669678 -6.78940280
512 -719.67718506 -6.78940741
513 -719.67639160 -6.78939992
514 -719.67675781 -6.78940338
515 -719.67724609 -6.78940798
516 -719.67700195 -6.78940568
517 -719.67749023 -6.78941029
518 -719.67614746 -6.78939762
519 -719.67602539 -6.78939647
520 -719.67614746 -6.78939762
521 -719.67651367 -6.78940107
522 -719.67663574 -6.78940222
523 -719.67614746 -6.78939762
524 -719.67547607 -6.78939128
525 -719.67626953 -6.78939877
526 -719.67626953 -6.78939877
527 -719.67669678 -6.78940280
528 -719.67687988 -6.78940453
529 -719.67724609 -6.78940798
530 -719.67639160 -6.78939992
531 -719.67620850 -6.78939819
532 -719.67602539 -6.78939647
533 -719.67602539 -6.78939647
534 -719.67565918 -6.78939301
535 -719.67498779 -6.78938668
536 -719.67596436 -6.78939589
537 -719.67492676 -6.78938610
538 -719.67663574 -6.78940222
539 -719.67559814 -6.78939244
540 -719.67669678 -6.78940280
541 -719.67553711 -6.78939186
542 -719.67614746 -6.78939762
543 -719.67492676 -6.78938610
544 -719.67596436 -6.78939589
545 -719.67602539 -6.78939647
546 -719.67602539 -6.78939647
547 -719.67626953 -6.78939877
548 -719.67602539 -6.78939647
549 -719.67614746 -6.78939762
550 -719.67675781 -6.78940338
551 -719.67596436 -6.78939589
552 -719.67590332 -6.78939531
553 -719.67651367 -6.78940107
554 -719.67553711 -6.78939186
555 -719.67590332 -6.78939531
556 -719.67578125 -6.78939416
557 -719.67492676 -6.78938610
558 -719.67480469 -6.78938495
559 -719.67565918 -6.78939301
560 -719.67724609 -6.78940798
561 -719.67590332 -6.78939531
562 -719.67517090 -6.78938840
563 -719.67590332 -6.78939531
564 -719.67578125 -6.78939416
565 -719.67602539 -6.78939647
566 -719.67565918 -6.78939301
567 -719.67602539 -6.78939647
568 -719.67724609 -6.78940798
569 -719.67736816 -6.78940913
570 -719.67687988 -6.78940453
571 -719.67663574 -6.78940222
572 -719.67687988 -6.78940453
573 -719.67700195 -6.78940568
574 -719.67626953 -6.78939877
575 -719.67700195 -6.78940568
576 -719.67700195 -6.78940568
577 -719.67651367 -6.78940107
578 -719.67651367 -6.78940107
579 -719.67675781 -6.78940338
580 -719.67663574 -6.78940222
581 -719.67663574 -6.78940222
582 -719.67724609 -6.78940798
583 -719.67687988 -6.78940453
584 -719.67663574 -6.78940222
585 -719.67712402 -6.78940683
586 -719.67700195 -6.78940568
587 -719.67749023 -6.78941029
588 -719.67724609 -6.78940798
589 -719.67773438 -6.78941259
590 -719.67712402 -6.78940683
591 -719.67755127 -6.78941086
592 -719.67755127 -6.78941086
593 -719.67761230 -6.78941144
594 -719.67834473 -6.78941835
595 -719.67712402 -6.78940683
596 -719.67626953 -6.78939877
597 -719.67651367 -6.78940107
598 -719.67663574 -6.78940222
599 -719.67749023 -6.78941029
600 -719.67736816 -6.78940913
601 -719.67675781 -6.78940338
602 -719.67663574 -6.78940222
603 -719.67687988 -6.78940453
604 -719.67572021 -6.78939359
605 -719.67553711 -6.78939186
606 -719.67663574 -6.78940222
607 -719.67578125 -6.78939416
608 -719.67608643 -6.78939704
609 -719.67712402 -6.78940683
610 -719.67553711 -6.78939186
611 -719.67663574 -6.78940222
612 -719.67443848 -6.78938150
613 -719.67517090 -6.78938840
614 -719.67663574 -6.78940222
615 -719.67578125 -6.78939416
616 -719.67498779 -6.78938668
617 -719.67480469 -6.78938495
618 -719.67370605 -6.78937459
619 -719.67443848 -6.78938150
620 -719.67584229 -6.78939474
621 -719.67565918 -6.78939301
622 -719.67541504 -6.78939071
623 -719.67407227 -6.78937804
624 -719.67590332 -6.78939531
625 -719.67553711 -6.78939186
626 -719.67468262 -6.78938380
627 -719.67541504 -6.78939071
628 -719.67425537 -6.78937977
629 -719.67358398 -6.78937343
630 -719.67541504 -6.78939071
631 -719.67535400 -6.78939013
632 -719.67419434 -6.78937919
633 -719.67529297 -6.78938956
634 -719.67529297 -6.78938956
635 -719.67480469 -6.78938495
636 -719.67626953 -6.78939877
637 -719.67590332 -6.78939531
638 -719.67492676 -6.78938610
639 -719.67553711 -6.78939186
640 -719.67559814 -6.78939244
641 -719.67553711 -6.78939186
642 -719.67529297 -6.78938956
643 -719.67590332 -6.78939531
644 -719.67578125 -6.78939416
645 -719.67559814 -6.78939244
646 -719.67578125 -6.78939416
647 -719.67614746 -6.78939762
648 -719.67608643 -6.78939704
649 -719.67651367 -6.78940107
650 -719.67529297 -6.78938956
651 -719.67456055 -6.78938265
652 -719.67547607 -6.78939128
653 -719.67517090 -6.78938840
654 -719.67480469 -6.78938495
655 -719.67443848 -6.78938150
656 -719.67456055 -6.78938265
657 -719.67468262 -6.78938380
658 -719.67456055 -6.78938265
659 -719.67535400 -6.78939013
660 -719.67370605 -6.78937459
661 -719.67382812 -6.78937574
662 -719.67443848 -6.78938150
663 -719.67498779 -6.78938668
664 -719.67388916 -6.78937631
665 -719.67468262 -6.78938380
666 -719.67456055 -6.78938265
667 -719.67388916 -6.78937631
668 -719.67401123 -6.78937746
669 -719.67431641 -6.78938034
670 -719.67443848 -6.78938150
671 -719.67370605 -6.78937459
672 -719.67333984 -6.78937113
673 -719.67407227 -6.78937804
674 -719.67236328 -6.78936192
675 -719.67382812 -6.78937574
676 -719.67315674 -6.78936940
677 -719.67358398 -6.78937343
678 -719.67321777 -6.78936998
679 -719.67309570 -6.78936883
680 -719.67321777 -6.78936998
681 -719.67333984 -6.78937113
682 -719.67211914 -6.78935961
683 -719.67266846 -6.78936480
684 -719.67187500 -6.78935731
685 -719.67199707 -6.78935846
686 -719.67309570 -6.78936883
687 -719.67272949 -6.78936537
688 -719.67340088 -6.78937171
689 -719.67309570 -6.78936883
690 -719.67309570 -6.78936883
691 -719.67346191 -6.78937228
692 -719.67279053 -6.78936595
693 -719.67236328 -6.78936192
694 -719.67272949 -6.78936537
695 -719.67248535 -6.78936307
696 -719.67242432 -6.78936249
697 -719.67211914 -6.78935961
698 -719.67150879 -6.78935386
699 -719.67199707 -6.78935846
700 -719.67156982 -6.78935443
701 -719.67150879 -6.78935386
702 -719.67163086 -6.78935501
703 -719.67205811 -6.78935904
704 -719.67181396 -6.78935674
705 -719.67211914 -6.78935961
706 -719.67187500 -6.78935731
707 -719.67150879 -6.78935386
708 -719.67181396 -6.78935674
709 -719.67175293 -6.78935616
710 -719.67175293 -6.78935616
711 -719.67114258 -6.78935040
712 -719.67181396 -6.78935674
713 -719.67138672 -6.78935270
714 -719.67138672 -6.78935270
715 -719.67126465 -6.78935155
716 -719.67150879 -6.78935386
717 -719.67150879 -6.78935386
718 -719.67126465 -6.78935155
719 -719.67132568 -6.78935213
720 -719.67047119 -6.78934407
721 -719.67102051 -6.78934925
722 -719.66979980 -6.78933773
723 -719.67047119 -6.78934407
724 -719.67156982 -6.78935443
