0 -710.96459961 -6.77109142
1 -711.00915527 -6.77151576
2 -711.04003906 -6.77180990
3 -711.06250000 -6.77202381
4 -711.08361816 -6.77222493
5 -711.10192871 -6.77239932
6 -711.11901855 -6.77256208
7 -711.13220215 -6.77268764
8 -711.14636230 -6.77282250
9 -711.15966797 -6.77294922
10 -711.17236328 -6.77307013
11 -711.18457031 -6.77318638
12 -711.19519043 -6.77328753
13 -711.20568848 -6.77338751
14 -711.21594238 -6.77348517
15 -711.22558594 -6.77357701
16 -711.23474121 -6.77366420
17 -711.24426270 -6.77375488
18 -711.25488281 -6.77385603
19 -711.26403809 -6.77394322
20 -711.27294922 -6.77402809
21 -711.28283691 -6.77412226
22 -711.29077148 -6.77419782
23 -711.29846191 -6.77427107
24 -711.30627441 -6.77434547
25 -711.31439209 -6.77442278
26 -711.32287598 -6.77450358
27 -711.32958984 -6.77456752
28 -711.33728027 -6.77464076
29 -711.34423828 -6.77470703
30 -711.35131836 -6.77477446
31 -711.35815430 -6.77483956
32 -711.36572266 -6.77491164
33 -711.37243652 -6.77497559
34 -711.37927246 -6.77504069
35 -711.38647461 -6.77510928
36 -711.39331055 -6.77517439
37 -711.40136719 -6.77525112
38 -711.40734863 -6.77530808
39 -711.41357422 -6.77536737
40 -711.41955566 -6.77542434
41 -711.42620850 -6.77548770
42 -711.43194580 -6.77554234
43 -711.43847656 -6.77560454
44 -711.44519043 -6.77566848
45 -711.45086670 -6.77572254
46 -711.45751953 -6.77578590
47 -711.46447754 -6.77585217
48 -711.46948242 -6.77589983
49 -711.47607422 -6.77596261
50 -711.48223877 -6.77602132
51 -711.48852539 -6.77608119
52 -711.49462891 -6.77613932
53 -711.50073242 -6.77619745
54 -711.50677490 -6.77625500
55 -711.51416016 -6.77632533
56 -711.51989746 -6.77637998
57 -711.52569580 -6.77643520
58 -711.53247070 -6.77649972
59 -711.53869629 -6.77655901
60 -711.54418945 -6.77661133
61 -711.55010986 -6.77666771
62 -711.55566406 -6.77672061
63 -711.56176758 -6.77677874
64 -711.56665039 -6.77682524
65 -711.57257080 -6.77688163
66 -711.57824707 -6.77693569
67 -711.58398438 -6.77699033
68 -711.59033203 -6.77705078
69 -711.59429932 -6.77708856
70 -711.60009766 -6.77714379
71 -711.60473633 -6.77718797
72 -711.61047363 -6.77724261
73 -711.61450195 -6.77728097
74 -711.62017822 -6.77733503
75 -711.62561035 -6.77738677
76 -711.62963867 -6.77742513
77 -711.63513184 -6.77747745
78 -711.63916016 -6.77751581
79 -711.64501953 -6.77757161
80 -711.64929199 -6.77761230
81 -711.65374756 -6.77765474
82 -711.65869141 -6.77770182
83 -711.66284180 -6.77774135
84 -711.66674805 -6.77777855
85 -711.67102051 -6.77781924
86 -711.67639160 -6.77787040
87 -711.68054199 -6.77790992
88 -711.68444824 -6.77794713
89 -711.68902588 -6.77799072
90 -711.69360352 -6.77803432
91 -711.69677734 -6.77806455
92 -711.70019531 -6.77809710
93 -711.70361328 -6.77812965
94 -711.70751953 -6.77816685
95 -711.71081543 -6.77819824
96 -711.71435547 -6.77823196
97 -711.71838379 -6.77827032
98 -711.72113037 -6.77829648
99 -711.72473145 -6.77833078
100 -711.72790527 -6.77836100
101 -711.73083496 -6.77838890
102 -711.73425293 -6.77842146
103 -711.73742676 -6.77845168
104 -711.74096680 -6.77848540
105 -711.74353027 -6.77850981
106 -711.74584961 -6.77853190
107 -711.74865723 -6.77855864
108 -711.75158691 -6.77858654
109 -711.75335693 -6.77860340
110 -711.75646973 -6.77863305
111 -711.75842285 -6.77865165
112 -711.76184082 -6.77868420
113 -711.76416016 -6.77870629
114 -711.76696777 -6.77873303
115 -711.76916504 -6.77875395
116 -711.77062988 -6.77876790
117 -711.77441406 -6.77880394
118 -711.77709961 -6.77882952
119 -711.77941895 -6.77885161
120 -711.78198242 -6.77887602
121 -711.78442383 -6.77889927
122 -711.78662109 -6.77892020
123 -711.78918457 -6.77894461
124 -711.79113770 -6.77896322
125 -711.79284668 -6.77897949
126 -711.79479980 -6.77899809
127 -711.79675293 -6.77901669
128 -711.79931641 -6.77904111
129 -711.80175781 -6.77906436
130 -711.80432129 -6.77908877
131 -711.80554199 -6.77910040
132 -711.80725098 -6.77911668
133 -711.80938721 -6.77913702
134 -711.81109619 -6.77915330
135 -711.81335449 -6.77917480
136 -711.81530762 -6.77919341
137 -711.81726074 -6.77921201
138 -711.81872559 -6.77922596
139 -711.82080078 -6.77924572
140 -711.82189941 -6.77925618
141 -711.82257080 -6.77926258
142 -711.82434082 -6.77927944
143 -711.82568359 -6.77929222
144 -711.82739258 -6.77930850
145 -711.82879639 -6.77932187
146 -711.83044434 -6.77933757
147 -711.83203125 -6.77935268
148 -711.83337402 -6.77936547
149 -711.83471680 -6.77937826
150 -711.83532715 -6.77938407
151 -711.83715820 -6.77940151
152 -711.83862305 -6.77941546
153 -711.84020996 -6.77943057
154 -711.84124756 -6.77944045
155 -711.84301758 -6.77945731
156 -711.84350586 -6.77946196
157 -711.84490967 -6.77947533
158 -711.84692383 -6.77949451
159 -711.84887695 -6.77951311
160 -711.85034180 -6.77952706
161 -711.85162354 -6.77953927
162 -711.85290527 -6.77955148
163 -711.85400391 -6.77956194
164 -711.85522461 -6.77957357
165 -711.85662842 -6.77958694
166 -711.85852051 -6.77960496
167 -711.85900879 -6.77960961
168 -711.86083984 -6.77962705
169 -711.86199951 -6.77963809
170 -711.86303711 -6.77964797
171 -711.86437988 -6.77966076
172 -711.86547852 -6.77967122
173 -711.86761475 -6.77969157
174 -711.86859131 -6.77970087
175 -711.87036133 -6.77971773
176 -711.87145996 -6.77972819
177 -711.87255859 -6.77973865
178 -711.87426758 -6.77975493
179 -711.87561035 -6.77976772
180 -711.87683105 -6.77977934
181 -711.87768555 -6.77978748
182 -711.87866211 -6.77979678
183 -711.87951660 -6.77980492
184 -711.88085938 -6.77981771
185 -711.88153076 -6.77982410
186 -711.88232422 -6.77983166
187 -711.88415527 -6.77984910
188 -711.88537598 -6.77986072
189 -711.88671875 -6.77987351
190 -711.88769531 -6.77988281
191 -711.88793945 -6.77988514
192 -711.88903809 -6.77989560
193 -711.89001465 -6.77990490
194 -711.89135742 -6.77991769
195 -711.89257812 -6.77992932
196 -711.89257812 -6.77992932
197 -711.89410400 -6.77994385
198 -711.89526367 -6.77995489
199 -711.89599609 -6.77996187
200 -711.89697266 -6.77997117
201 -711.89807129 -6.77998163
202 -711.89929199 -6.77999326
203 -711.90075684 -6.78000721
204 -711.90148926 -6.78001418
205 -711.90332031 -6.78003162
206 -711.90405273 -6.78003860
207 -711.90441895 -6.78004209
208 -711.90515137 -6.78004906
209 -711.90643311 -6.78006127
210 -711.90649414 -6.78006185
211 -711.90734863 -6.78006999
212 -711.90942383 -6.78008975
213 -711.90979004 -6.78009324
214 -711.91101074 -6.78010486
215 -711.91162109 -6.78011068
216 -711.91259766 -6.78011998
217 -711.91375732 -6.78013102
218 -711.91430664 -6.78013625
219 -711.91503906 -6.78014323
220 -711.91613770 -6.78015369
221 -711.91693115 -6.78016125
222 -711.91821289 -6.78017346
223 -711.91857910 -6.78017694
224 -711.92041016 -6.78019438
225 -711.92016602 -6.78019206
226 -711.92163086 -6.78020601
227 -711.92297363 -6.78021880
228 -711.92321777 -6.78022112
229 -711.92419434 -6.78023042
230 -711.92480469 -6.78023624
231 -711.92590332 -6.78024670
232 -711.92565918 -6.78024437
233 -711.92730713 -6.78026007
234 -711.92797852 -6.78026646
235 -711.92907715 -6.78027693
236 -711.93029785 -6.78028855
237 -711.93041992 -6.78028971
238 -711.93115234 -6.78029669
239 -711.93212891 -6.78030599
240 -711.93347168 -6.78031878
241 -711.93371582 -6.78032110
242 -711.93444824 -6.78032808
243 -711.93652344 -6.78034784
244 -711.93664551 -6.78034900
245 -711.93750000 -6.78035714
246 -711.93847656 -6.78036644
247 -711.93920898 -6.78037342
248 -711.94018555 -6.78038272
249 -711.94097900 -6.78039028
250 -711.94091797 -6.78038969
251 -711.94226074 -6.78040248
252 -711.94274902 -6.78040713
253 -711.94384766 -6.78041760
254 -711.94482422 -6.78042690
255 -711.94628906 -6.78044085
256 -711.94555664 -6.78043387
257 -711.94647217 -6.78044259
258 -711.94653320 -6.78044317
259 -711.94726562 -6.78045015
260 -711.94726562 -6.78045015
261 -711.94866943 -6.78046352
262 -711.94909668 -6.78046759
263 -711.95007324 -6.78047689
264 -711.94995117 -6.78047573
265 -711.95031738 -6.78047921
266 -711.95080566 -6.78048386
267 -711.95141602 -6.78048968
268 -711.95214844 -6.78049665
269 -711.95233154 -6.78049840
270 -711.95361328 -6.78051060
271 -711.95410156 -6.78051525
272 -711.95471191 -6.78052107
273 -711.95489502 -6.78052281
274 -711.95605469 -6.78053385
275 -711.95593262 -6.78053269
276 -711.95727539 -6.78054548
277 -711.95721436 -6.78054490
278 -711.95788574 -6.78055129
279 -711.95874023 -6.78055943
280 -711.95922852 -6.78056408
281 -711.95977783 -6.78056931
282 -711.96008301 -6.78057222
283 -711.96093750 -6.78058036
284 -711.96154785 -6.78058617
285 -711.96191406 -6.78058966
286 -711.96246338 -6.78059489
287 -711.96337891 -6.78060361
288 -711.96301270 -6.78060012
289 -711.96453857 -6.78061465
290 -711.96496582 -6.78061872
291 -711.96520996 -6.78062105
292 -711.96618652 -6.78063035
293 -711.96673584 -6.78063558
294 -711.96655273 -6.78063384
295 -711.96728516 -6.78064081
296 -711.96691895 -6.78063732
297 -711.96759033 -6.78064372
298 -711.96807861 -6.78064837
299 -711.96801758 -6.78064779
300 -711.96911621 -6.78065825
301 -711.96942139 -6.78066116
302 -711.96960449 -6.78066290
303 -711.96997070 -6.78066639
304 -711.97082520 -6.78067453
305 -711.97064209 -6.78067278
306 -711.97192383 -6.78068499
307 -711.97180176 -6.78068383
308 -711.97204590 -6.78068615
309 -711.97235107 -6.78068906
310 -711.97308350 -6.78069603
311 -711.97338867 -6.78069894
312 -711.97387695 -6.78070359
313 -711.97473145 -6.78071173
314 -711.97448730 -6.78070940
315 -711.97607422 -6.78072452
316 -711.97619629 -6.78072568
317 -711.97711182 -6.78073440
318 -711.97753906 -6.78073847
319 -711.97705078 -6.78073382
320 -711.97802734 -6.78074312
321 -711.97784424 -6.78074137
322 -711.97875977 -6.78075009
323 -711.97827148 -6.78074544
324 -711.97985840 -6.78076056
325 -711.98022461 -6.78076404
326 -711.98071289 -6.78076869
327 -711.98144531 -6.78077567
328 -711.98168945 -6.78077799
329 -711.98126221 -6.78077393
330 -711.98291016 -6.78078962
331 -711.98315430 -6.78079195
332 -711.98278809 -6.78078846
333 -711.98364258 -6.78079660
334 -711.98388672 -6.78079892
335 -711.98413086 -6.78080125
336 -711.98510742 -6.78081055
337 -711.98510742 -6.78081055
338 -711.98529053 -6.78081229
339 -711.98583984 -6.78081752
340 -711.98547363 -6.78081403
341 -711.98638916 -6.78082275
342 -711.98693848 -6.78082799
343 -711.98742676 -6.78083264
344 -711.98681641 -6.78082682
345 -711.98822021 -6.78084019
346 -711.98828125 -6.78084077
347 -711.98913574 -6.78084891
348 -711.98962402 -6.78085356
349 -711.98937988 -6.78085124
350 -711.98974609 -6.78085472
351 -711.99047852 -6.78086170
352 -711.99047852 -6.78086170
353 -711.99084473 -6.78086519
354 -711.99060059 -6.78086286
355 -711.99145508 -6.78087100
356 -711.99206543 -6.78087681
357 -711.99273682 -6.78088321
358 -711.99304199 -6.78088611
359 -711.99267578 -6.78088263
360 -711.99340820 -6.78088960
361 -711.99389648 -6.78089425
362 -711.99426270 -6.78089774
363 -711.99462891 -6.78090123
364 -711.99523926 -6.78090704
365 -711.99548340 -6.78090937
366 -711.99572754 -6.78091169
367 -711.99548340 -6.78090937
368 -711.99584961 -6.78091285
369 -711.99560547 -6.78091053
370 -711.99658203 -6.78091983
371 -711.99670410 -6.78092099
372 -711.99743652 -6.78092797
373 -711.99804688 -6.78093378
374 -711.99841309 -6.78093727
375 -711.99816895 -6.78093494
376 -711.99816895 -6.78093494
377 -711.99890137 -6.78094192
378 -711.99975586 -6.78095006
379 -711.99975586 -6.78095006
380 -711.99987793 -6.78095122
381 -712.00048828 -6.78095703
382 -712.00048828 -6.78095703
383 -712.00134277 -6.78096517
384 -712.00097656 -6.78096168
385 -712.00054932 -6.78095761
386 -712.00042725 -6.78095645
387 -712.00207520 -6.78097214
388 -712.00256348 -6.78097680
389 -712.00329590 -6.78098377
390 -712.00402832 -6.78099075
391 -712.00402832 -6.78099075
392 -712.00463867 -6.78099656
393 -712.00482178 -6.78099830
394 -712.00549316 -6.78100470
395 -712.00585938 -6.78100818
396 -712.00598145 -6.78100935
397 -712.00567627 -6.78100644
398 -712.00744629 -6.78102330
399 -712.00683594 -6.78101749
400 -712.00695801 -6.78101865
401 -712.00756836 -6.78102446
402 -712.00744629 -6.78102330
403 -712.00744629 -6.78102330
404 -712.00793457 -6.78102795
405 -712.00708008 -6.78101981
406 -712.00726318 -6.78102155
407 -712.00817871 -6.78103027
408 -712.00830078 -6.78103144
409 -712.00854492 -6.78103376
410 -712.00915527 -6.78103957
411 -712.00988770 -6.78104655
412 -712.01025391 -6.78105004
413 -712.01025391 -6.78105004
414 -712.01171875 -6.78106399
415 -712.01074219 -6.78105469
416 -712.01184082 -6.78106515
417 -712.01190186 -6.78106573
418 -712.01184082 -6.78106515
419 -712.01281738 -6.78107445
420 -712.01354980 -6.78108143
421 -712.01397705 -6.78108550
422 -712.01403809 -6.78108608
423 -712.01538086 -6.78109887
424 -712.01464844 -6.78109189
425 -712.01470947 -6.78109247
426 -712.01550293 -6.78110003
427 -712.01452637 -6.78109073
428 -712.01574707 -6.78110235
429 -712.01507568 -6.78109596
430 -712.01562500 -6.78110119
431 -712.01586914 -6.78110352
432 -712.01647949 -6.78110933
433 -712.01715088 -6.78111572
434 -712.01696777 -6.78111398
435 -712.01745605 -6.78111863
436 -712.01855469 -6.78112909
437 -712.01879883 -6.78113142
438 -712.01867676 -6.78113025
439 -712.01916504 -6.78113491
440 -712.01928711 -6.78113607
441 -712.02032471 -6.78114595
442 -712.01989746 -6.78114188
443 -712.01977539 -6.78114072
444 -712.01940918 -6.78113723
445 -712.02014160 -6.78114421
446 -712.02075195 -6.78115002
447 -712.02038574 -6.78114653
448 -712.02087402 -6.78115118
449 -712.02148438 -6.78115699
450 -712.02191162 -6.78116106
451 -712.02136230 -6.78115583
452 -712.02191162 -6.78116106
453 -712.02221680 -6.78116397
454 -712.02203369 -6.78116223
455 -712.02246094 -6.78116629
456 -712.02197266 -6.78116164
457 -712.02343750 -6.78117560
458 -712.02404785 -6.78118141
459 -712.02416992 -6.78118257
460 -712.02465820 -6.78118722
461 -712.02526855 -6.78119303
462 -712.02563477 -6.78119652
463 -712.02551270 -6.78119536
464 -712.02648926 -6.78120466
465 -712.02703857 -6.78120989
466 -712.02685547 -6.78120815
467 -712.02722168 -6.78121164
468 -712.02807617 -6.78121977
469 -712.02819824 -6.78122094
470 -712.02856445 -6.78122442
471 -712.02868652 -6.78122559
472 -712.02905273 -6.78122907
473 -712.02868652 -6.78122559
474 -712.02947998 -6.78123314
475 -712.03039551 -6.78124186
476 -712.03112793 -6.78124884
477 -712.03088379 -6.78124651
478 -712.03161621 -6.78125349
479 -712.03222656 -6.78125930
480 -712.03173828 -6.78125465
481 -712.03277588 -6.78126453
482 -712.03356934 -6.78127209
483 -712.03356934 -6.78127209
484 -712.03369141 -6.78127325
485 -712.03430176 -6.78127906
486 -712.03442383 -6.78128023
487 -712.03515625 -6.78128720
488 -712.03552246 -6.78129069
489 -712.03564453 -6.78129185
490 -712.03607178 -6.78129592
491 -712.03662109 -6.78130115
492 -712.03698730 -6.78130464
493 -712.03717041 -6.78130638
494 -712.03784180 -6.78131278
495 -712.03881836 -6.78132208
496 -712.03918457 -6.78132557
497 -712.03936768 -6.78132731
498 -712.04003906 -6.78133371
499 -712.04016113 -6.78133487
500 -712.04064941 -6.78133952
501 -712.04095459 -6.78134242
502 -712.04187012 -6.78135114
503 -712.04223633 -6.78135463
504 -712.04187012 -6.78135114
505 -712.04217529 -6.78135405
506 -712.04321289 -6.78136393
507 -712.04418945 -6.78137323
508 -712.04492188 -6.78138021
509 -712.04467773 -6.78137788
510 -712.04461670 -6.78137730
511 -712.04541016 -6.78138486
512 -712.04614258 -6.78139183
513 -712.04669189 -6.78139707
514 -712.04724121 -6.78140230
515 -712.04711914 -6.78140113
516 -712.04797363 -6.78140927
517 -712.04821777 -6.78141160
518 -712.04882812 -6.78141741
519 -712.04956055 -6.78142439
520 -712.05017090 -6.78143020
521 -712.05029297 -6.78143136
522 -712.05047607 -6.78143311
523 -712.05041504 -6.78143252
524 -712.05114746 -6.78143950
525 -712.05108643 -6.78143892
526 -712.05218506 -6.78144938
527 -712.05236816 -6.78145113
528 -712.05285645 -6.78145578
529 -712.05291748 -6.78145636
530 -712.05358887 -6.78146275
531 -712.05358887 -6.78146275
532 -712.05444336 -6.78147089
533 -712.05346680 -6.78146159
534 -712.05419922 -6.78146856
535 -712.05517578 -6.78147786
536 -712.05468750 -6.78147321
537 -712.05548096 -6.78148077
538 -712.05554199 -6.78148135
539 -712.05664062 -6.78149182
540 -712.05627441 -6.78148833
541 -712.05548096 -6.78148077
542 -712.05651855 -6.78149065
543 -712.05773926 -6.78150228
544 -712.05883789 -6.78151274
545 -712.05786133 -6.78150344
546 -712.05877686 -6.78151216
547 -712.05895996 -6.78151390
548 -712.05895996 -6.78151390
549 -712.05999756 -6.78152379
550 -712.06079102 -6.78153134
551 -712.06030273 -6.78152669
552 -712.06066895 -6.78153018
553 -712.06115723 -6.78153483
554 -712.06170654 -6.78154006
555 -712.06237793 -6.78154646
556 -712.06262207 -6.78154878
557 -712.06335449 -6.78155576
558 -712.06335449 -6.78155576
559 -712.06323242 -6.78155459
560 -712.06433105 -6.78156506
561 -712.06475830 -6.78156913
562 -712.06518555 -6.78157320
563 -712.06604004 -6.78158133
564 -712.06628418 -6.78158366
565 -712.06628418 -6.78158366
566 -712.06701660 -6.78159063
567 -712.06713867 -6.78159180
568 -712.06848145 -6.78160459
569 -712.06774902 -6.78159761
570 -712.06823730 -6.78160226
571 -712.06909180 -6.78161040
572 -712.06958008 -6.78161505
573 -712.07000732 -6.78161912
574 -712.07043457 -6.78162319
575 -712.06945801 -6.78161389
576 -712.07019043 -6.78162086
577 -712.07147217 -6.78163307
578 -712.07220459 -6.78164004
579 -712.07214355 -6.78163946
580 -712.07263184 -6.78164411
581 -712.07348633 -6.78165225
582 -712.07336426 -6.78165109
583 -712.07397461 -6.78165690
584 -712.07434082 -6.78166039
585 -712.07476807 -6.78166446
586 -712.07507324 -6.78166736
587 -712.07617188 -6.78167783
588 -712.07690430 -6.78168480
589 -712.07702637 -6.78168597
590 -712.07702637 -6.78168597
591 -712.07775879 -6.78169294
592 -712.07873535 -6.78170224
593 -712.07928467 -6.78170747
594 -712.07965088 -6.78171096
595 -712.07934570 -6.78170805
596 -712.08056641 -6.78171968
597 -712.08062744 -6.78172026
598 -712.08178711 -6.78173131
599 -712.08178711 -6.78173131
600 -712.08166504 -6.78173014
601 -712.08245850 -6.78173770
602 -712.08349609 -6.78174758
603 -712.08435059 -6.78175572
604 -712.08428955 -6.78175514
605 -712.08514404 -6.78176328
606 -712.08532715 -6.78176502
607 -712.08618164 -6.78177316
608 -712.08715820 -6.78178246
609 -712.08691406 -6.78178013
610 -712.08764648 -6.78178711
611 -712.08825684 -6.78179292
612 -712.08984375 -6.78180804
613 -712.08972168 -6.78180687
614 -712.09033203 -6.78181269
615 -712.09033203 -6.78181269
616 -712.09008789 -6.78181036
617 -712.09124756 -6.78182141
618 -712.09143066 -6.78182315
619 -712.09191895 -6.78182780
620 -712.09252930 -6.78183361
621 -712.09283447 -6.78183652
622 -712.09307861 -6.78183884
623 -712.09289551 -6.78183710
624 -712.09375000 -6.78184524
625 -712.09375000 -6.78184524
626 -712.09405518 -6.78184814
627 -712.09497070 -6.78185686
628 -712.09594727 -6.78186616
629 -712.09576416 -6.78186442
630 -712.09710693 -6.78187721
631 -712.09777832 -6.78188360
632 -712.09814453 -6.78188709
633 -712.09838867 -6.78188942
634 -712.09887695 -6.78189407
635 -712.09960938 -6.78190104
636 -712.10040283 -6.78190860
637 -712.10144043 -6.78191848
638 -712.10107422 -6.78191499
639 -712.10131836 -6.78191732
640 -712.10241699 -6.78192778
641 -712.10241699 -6.78192778
642 -712.10272217 -6.78193069
643 -712.10290527 -6.78193243
644 -712.10357666 -6.78193883
645 -712.10449219 -6.78194754
646 -712.10504150 -6.78195278
647 -712.10534668 -6.78195568
648 -712.10522461 -6.78195452
649 -712.10571289 -6.78195917
650 -712.10559082 -6.78195801
651 -712.10607910 -6.78196266
652 -712.10644531 -6.78196615
653 -712.10687256 -6.78197021
654 -712.10754395 -6.78197661
655 -712.10839844 -6.78198475
656 -712.10864258 -6.78198707
657 -712.10858154 -6.78198649
658 -712.10888672 -6.78198940
659 -712.10986328 -6.78199870
660 -712.10986328 -6.78199870
661 -712.11145020 -6.78201381
662 -712.11145020 -6.78201381
663 -712.11218262 -6.78202079
664 -712.11303711 -6.78202892
665 -712.11376953 -6.78203590
666 -712.11376953 -6.78203590
667 -712.11437988 -6.78204171
668 -712.11413574 -6.78203939
669 -712.11547852 -6.78205218
670 -712.11560059 -6.78205334
671 -712.11535645 -6.78205101
672 -712.11633301 -6.78206031
673 -712.11578369 -6.78205508
674 -712.11706543 -6.78206729
675 -712.11682129 -6.78206496
676 -712.11743164 -6.78207078
677 -712.11828613 -6.78207892
678 -712.11889648 -6.78208473
679 -712.11901855 -6.78208589
680 -712.11962891 -6.78209170
681 -712.11993408 -6.78209461
682 -712.12036133 -6.78209868
683 -712.12072754 -6.78210217
684 -712.12158203 -6.78211031
685 -712.12237549 -6.78211786
686 -712.12219238 -6.78211612
687 -712.12280273 -6.78212193
688 -712.12292480 -6.78212309
689 -712.12237549 -6.78211786
690 -712.12219238 -6.78211612
691 -712.12243652 -6.78211844
692 -712.12377930 -6.78213123
693 -712.12341309 -6.78212774
694 -712.12463379 -6.78213937
695 -712.12536621 -6.78214634
696 -712.12597656 -6.78215216
697 -712.12603760 -6.78215274
698 -712.12561035 -6.78214867
699 -712.12597656 -6.78215216
700 -712.12670898 -6.78215913
701 -712.12615967 -6.78215390
702 -712.12695312 -6.78216146
703 -712.12780762 -6.78216960
704 -712.12817383 -6.78217308
705 -712.12915039 -6.78218238
706 -712.12988281 -6.78218936
707 -712.13122559 -6.78220215
708 -712.13098145 -6.78219982
709 -712.13195801 -6.78220912
710 -712.13159180 -6.78220564
711 -712.13281250 -6.78221726
712 -712.13366699 -6.78222540
713 -712.13360596 -6.78222482
714 -712.13366699 -6.78222540
715 -712.13403320 -6.78222889
716 -712.13452148 -6.78223354
717 -712.13470459 -6.78223528
718 -712.13476562 -6.78223586
719 -712.13513184 -6.78223935
720 -712.13537598 -6.78224168
721 -712.13580322 -6.78224574
722 -712.13629150 -6.78225040
723 -712.13708496 -6.78225795
724 -712.13793945 -6.78226609
725 -712.13787842 -6.78226551
726 -712.13824463 -6.78226900
727 -712.13854980 -6.78227190
728 -712.13854980 -6.78227190
729 -712.13879395 -6.78227423
730 -712.13891602 -6.78227539
731 -712.13964844 -6.78228237
732 -712.13977051 -6.78228353
733 -712.14074707 -6.78229283
734 -712.14154053 -6.78230039
735 -712.14062500 -6.78229167
736 -712.14147949 -6.78229980
737 -712.14160156 -6.78230097
738 -712.14135742 -6.78229864
739 -712.14160156 -6.78230097
740 -712.14233398 -6.78230794
741 -712.14239502 -6.78230852
742 -712.14306641 -6.78231492
743 -712.14343262 -6.78231841
744 -712.14318848 -6.78231608
745 -712.14416504 -6.78232538
746 -712.14440918 -6.78232771
747 -712.14465332 -6.78233003
748 -712.14514160 -6.78233468
749 -712.14550781 -6.78233817
750 -712.14575195 -6.78234049
751 -712.14660645 -6.78234863
752 -712.14672852 -6.78234980
753 -712.14752197 -6.78235735
754 -712.14733887 -6.78235561
755 -712.14746094 -6.78235677
756 -712.14855957 -6.78236723
757 -712.14929199 -6.78237421
758 -712.14965820 -6.78237770
759 -712.14941406 -6.78237537
760 -712.14941406 -6.78237537
761 -712.14880371 -6.78236956
762 -712.14916992 -6.78237305
763 -712.14953613 -6.78237653
764 -712.14953613 -6.78237653
765 -712.15045166 -6.78238525
766 -712.15026855 -6.78238351
767 -712.15063477 -6.78238700
768 -712.15087891 -6.78238932
769 -712.15155029 -6.78239572
770 -712.15234375 -6.78240327
771 -712.15209961 -6.78240095
772 -712.15234375 -6.78240327
773 -712.15283203 -6.78240792
774 -712.15301514 -6.78240967
775 -712.15454102 -6.78242420
776 -712.15368652 -6.78241606
777 -712.15441895 -6.78242304
778 -712.15490723 -6.78242769
779 -712.15527344 -6.78243118
780 -712.15502930 -6.78242885
781 -712.15502930 -6.78242885
782 -712.15502930 -6.78242885
783 -712.15527344 -6.78243118
784 -712.15600586 -6.78243815
785 -712.15631104 -6.78244106
786 -712.15661621 -6.78244396
787 -712.15686035 -6.78244629
788 -712.15637207 -6.78244164
789 -712.15771484 -6.78245443
790 -712.15820312 -6.78245908
791 -712.15820312 -6.78245908
792 -712.15856934 -6.78246257
793 -712.15869141 -6.78246373
794 -712.15905762 -6.78246722
795 -712.15917969 -6.78246838
796 -712.15930176 -6.78246954
797 -712.15917969 -6.78246838
798 -712.15991211 -6.78247535
799 -712.16076660 -6.78248349
800 -712.16113281 -6.78248698
801 -712.16125488 -6.78248814
802 -712.16168213 -6.78249221
803 -712.16174316 -6.78249279
804 -712.16064453 -6.78248233
805 -712.16192627 -6.78249454
806 -712.16247559 -6.78249977
807 -712.16210938 -6.78249628
808 -712.16223145 -6.78249744
809 -712.16235352 -6.78249860
810 -712.16308594 -6.78250558
811 -712.16406250 -6.78251488
812 -712.16418457 -6.78251604
813 -712.16436768 -6.78251779
814 -712.16448975 -6.78251895
815 -712.16503906 -6.78252418
816 -712.16564941 -6.78252999
817 -712.16534424 -6.78252709
818 -712.16577148 -6.78253116
819 -712.16564941 -6.78252999
820 -712.16699219 -6.78254278
821 -712.16613770 -6.78253464
822 -712.16699219 -6.78254278
823 -712.16735840 -6.78254627
824 -712.16821289 -6.78255441
825 -712.16821289 -6.78255441
826 -712.16894531 -6.78256138
827 -712.16906738 -6.78256255
828 -712.16992188 -6.78257068
829 -712.17059326 -6.78257708
830 -712.17065430 -6.78257766
831 -712.17065430 -6.78257766
832 -712.17175293 -6.78258812
833 -712.17102051 -6.78258115
834 -712.17199707 -6.78259045
835 -712.17187500 -6.78258929
836 -712.17163086 -6.78258696
837 -712.17181396 -6.78258870
838 -712.17358398 -6.78260556
839 -712.17321777 -6.78260207
840 -712.17358398 -6.78260556
841 -712.17413330 -6.78261079
842 -712.17468262 -6.78261602
843 -712.17517090 -6.78262068
844 -712.17614746 -6.78262998
845 -712.17669678 -6.78263521
846 -712.17626953 -6.78263114
847 -712.17687988 -6.78263695
848 -712.17700195 -6.78263811
849 -712.17742920 -6.78264218
850 -712.17773438 -6.78264509
851 -712.17773438 -6.78264509
852 -712.17846680 -6.78265206
853 -712.17913818 -6.78265846
854 -712.17846680 -6.78265206
855 -712.17895508 -6.78265672
856 -712.17944336 -6.78266137
857 -712.17926025 -6.78265962
858 -712.17944336 -6.78266137
859 -712.18066406 -6.78267299
860 -712.18151855 -6.78268113
861 -712.18005371 -6.78266718
862 -712.18139648 -6.78267997
863 -712.18188477 -6.78268462
864 -712.18188477 -6.78268462
865 -712.18243408 -6.78268985
866 -712.18182373 -6.78268404
867 -712.18249512 -6.78269043
868 -712.18261719 -6.78269159
869 -712.18212891 -6.78268694
870 -712.18188477 -6.78268462
871 -712.18212891 -6.78268694
872 -712.18334961 -6.78269857
873 -712.18322754 -6.78269741
874 -712.18347168 -6.78269973
875 -712.18334961 -6.78269857
876 -712.18334961 -6.78269857
877 -712.18267822 -6.78269217
878 -712.18334961 -6.78269857
879 -712.18347168 -6.78269973
880 -712.18383789 -6.78270322
881 -712.18524170 -6.78271659
882 -712.18481445 -6.78271252
