0 -607.99230957 -5.84607990
1 -607.93945312 -5.84557166
2 -607.88916016 -5.84508808
3 -607.83056641 -5.84452468
4 -607.79895020 -5.84422067
5 -607.75573730 -5.84380517
6 -607.74273682 -5.84368016
7 -607.67358398 -5.84301523
8 -607.61663818 -5.84246767
9 -607.59161377 -5.84222706
10 -607.54711914 -5.84179922
11 -607.50421143 -5.84138665
12 -607.46032715 -5.84096468
13 -607.43640137 -5.84073463
14 -607.46704102 -5.84102924
15 -607.42419434 -5.84061725
16 -607.39611816 -5.84034729
17 -607.35296631 -5.83993237
18 -607.25561523 -5.83899630
19 -607.20617676 -5.83852093
20 -607.15856934 -5.83806317
21 -607.11218262 -5.83761714
22 -607.08349609 -5.83734131
23 -607.06164551 -5.83713121
24 -607.03692627 -5.83689352
25 -607.03845215 -5.83690819
26 -606.96942139 -5.83624444
27 -606.93164062 -5.83588116
28 -606.89709473 -5.83554899
29 -606.81713867 -5.83478018
30 -606.73193359 -5.83396090
31 -606.59820557 -5.83267505
32 -606.54168701 -5.83213161
33 -606.49737549 -5.83170553
34 -606.49188232 -5.83165271
35 -606.44110107 -5.83116443
36 -606.40893555 -5.83085515
37 -606.36175537 -5.83040149
38 -606.36621094 -5.83044434
39 -606.32727051 -5.83006991
40 -606.30407715 -5.82984690
41 -606.25274658 -5.82935333
42 -606.19836426 -5.82883043
43 -606.04437256 -5.82734974
44 -605.94311523 -5.82637611
45 -605.85571289 -5.82553570
46 -605.72680664 -5.82429622
47 -605.57934570 -5.82287832
48 -605.54119873 -5.82251153
49 -605.40966797 -5.82124681
50 -605.36755371 -5.82084186
51 -605.25079346 -5.81971917
52 -605.21801758 -5.81940402
53 -605.16674805 -5.81891104
54 -605.03027344 -5.81759878
55 -605.00848389 -5.81738927
56 -604.96282959 -5.81695028
57 -604.96899414 -5.81700956
58 -604.83422852 -5.81571374
59 -604.83575439 -5.81572841
60 -604.72473145 -5.81466088
61 -604.80822754 -5.81546373
62 -604.69238281 -5.81434983
63 -604.69250488 -5.81435101
64 -604.59185791 -5.81338325
65 -604.73632812 -5.81477239
66 -604.77252197 -5.81512040
67 -604.72125244 -5.81462743
68 -604.53771973 -5.81286269
69 -604.58258057 -5.81329404
70 -604.59973145 -5.81345896
71 -604.45465088 -5.81206395
72 -604.45117188 -5.81203050
73 -604.39831543 -5.81152226
74 -604.29351807 -5.81051460
75 -604.16601562 -5.80928861
76 -603.91967773 -5.80691998
77 -603.84265137 -5.80617934
78 -604.02734375 -5.80795523
79 -603.98571777 -5.80755498
80 -603.83453369 -5.80610129
81 -603.67864990 -5.80460240
82 -603.57696533 -5.80362467
83 -603.46649170 -5.80256242
84 -603.31225586 -5.80107938
85 -603.40399170 -5.80196146
86 -603.32690430 -5.80122023
87 -603.56280518 -5.80348851
88 -603.47003174 -5.80259646
89 -603.31506348 -5.80110638
90 -603.21569824 -5.80015094
91 -603.13842773 -5.79940796
92 -603.05468750 -5.79860276
93 -602.99743652 -5.79805227
94 -602.77606201 -5.79592367
95 -602.70715332 -5.79526109
96 -602.51892090 -5.79345116
97 -602.19610596 -5.79034717
98 -602.07922363 -5.78922330
99 -602.30615234 -5.79140531
100 -602.24871826 -5.79085306
101 -602.00787354 -5.78853725
102 -601.85003662 -5.78701958
103 -601.49658203 -5.78362098
104 -601.26940918 -5.78143663
105 -601.41748047 -5.78286039
106 -601.20294189 -5.78079752
107 -601.08953857 -5.77970710
108 -600.86437988 -5.77754211
109 -600.77111816 -5.77664537
110 -600.50933838 -5.77412825
111 -600.26318359 -5.77176138
112 -600.11157227 -5.77030358
113 -600.15960693 -5.77076545
114 -600.09899902 -5.77018268
115 -600.08764648 -5.77007352
116 -599.71838379 -5.76652292
117 -599.56396484 -5.76503812
118 -599.55731201 -5.76497415
119 -599.55798340 -5.76498061
120 -599.60540771 -5.76543661
121 -599.16784668 -5.76122929
122 -599.31927490 -5.76268534
123 -599.00006104 -5.75961597
124 -598.65093994 -5.75625904
125 -598.21234131 -5.75204174
126 -598.52819824 -5.75507883
127 -598.65319824 -5.75628075
128 -598.50695801 -5.75487460
129 -598.47412109 -5.75455886
130 -598.17651367 -5.75169725
131 -598.28100586 -5.75270198
132 -598.29211426 -5.75280879
133 -598.14373779 -5.75138209
134 -598.11846924 -5.75113913
135 -598.25628662 -5.75246429
136 -598.01367188 -5.75013146
137 -597.65802002 -5.74671173
138 -597.70031738 -5.74711844
139 -597.69763184 -5.74709261
140 -597.51385498 -5.74532553
141 -597.54888916 -5.74566240
142 -597.19128418 -5.74222389
143 -597.23004150 -5.74259655
144 -596.91418457 -5.73955947
145 -596.86126709 -5.73905065
146 -597.22064209 -5.74250617
147 -596.82745361 -5.73872552
148 -596.65356445 -5.73705350
149 -597.01721191 -5.74055011
150 -596.76257324 -5.73810167
151 -596.86529541 -5.73908938
152 -597.00866699 -5.74046795
153 -597.42236328 -5.74444580
154 -596.89978027 -5.73942096
155 -596.89154053 -5.73934174
156 -597.13580322 -5.74169042
157 -597.18060303 -5.74212118
158 -597.19842529 -5.74229255
159 -597.03948975 -5.74076432
160 -596.84466553 -5.73889101
161 -597.09130859 -5.74126258
162 -596.98638916 -5.74025374
163 -596.60040283 -5.73654233
164 -597.08276367 -5.74118042
165 -597.24475098 -5.74273799
166 -596.76708984 -5.73814509
167 -596.64453125 -5.73696665
168 -596.18469238 -5.73254512
169 -596.07006836 -5.73144296
170 -595.77435303 -5.72859955
171 -595.52209473 -5.72617399
172 -594.61779785 -5.71747883
173 -594.13372803 -5.71282431
174 -594.07861328 -5.71229436
175 -593.89086914 -5.71048913
176 -593.73376465 -5.70897851
177 -593.89801025 -5.71055779
178 -593.81896973 -5.70979779
179 -593.21014404 -5.70394369
180 -592.35394287 -5.69571099
181 -591.67401123 -5.68917318
182 -591.59838867 -5.68844604
183 -590.61682129 -5.67900790
184 -590.12774658 -5.67430526
185 -589.99353027 -5.67301471
186 -589.46569824 -5.66793941
187 -589.53833008 -5.66863779
188 -589.97503662 -5.67283689
189 -590.08966064 -5.67393904
190 -590.49755859 -5.67786114
191 -590.19860840 -5.67498662
192 -589.90899658 -5.67220189
193 -589.32348633 -5.66657198
194 -589.29815674 -5.66632843
195 -588.92089844 -5.66270095
196 -588.43511963 -5.65803000
197 -588.21032715 -5.65586853
198 -587.56005859 -5.64961595
199 -587.57299805 -5.64974037
200 -587.34588623 -5.64755660
201 -586.57470703 -5.64014141
202 -587.05438232 -5.64475368
203 -586.97619629 -5.64400189
204 -586.00494385 -5.63466292
205 -585.49139404 -5.62972494
206 -585.33349609 -5.62820669
207 -585.46545410 -5.62947552
208 -585.21478271 -5.62706522
209 -584.46411133 -5.61984722
210 -584.57952881 -5.62095701
211 -583.98138428 -5.61520562
212 -583.21203613 -5.60780804
213 -583.74151611 -5.61289919
214 -584.25634766 -5.61784950
215 -583.81542969 -5.61360990
216 -583.16333008 -5.60733971
217 -582.93505859 -5.60514479
218 -582.78369141 -5.60368934
219 -582.37200928 -5.59973086
220 -582.26617432 -5.59871321
221 -582.40368652 -5.60003545
222 -581.65722656 -5.59285795
223 -581.54272461 -5.59175697
224 -581.54187012 -5.59174875
225 -580.84832764 -5.58508007
226 -580.99182129 -5.58645982
227 -580.85296631 -5.58512468
228 -580.89813232 -5.58555896
229 -579.97534180 -5.57668598
230 -580.17694092 -5.57862443
231 -579.98388672 -5.57676814
232 -579.25244141 -5.56973501
233 -579.31811523 -5.57036649
234 -578.55218506 -5.56300178
235 -576.92156982 -5.54732279
236 -575.61590576 -5.53476832
237 -576.52038574 -5.54346525
238 -575.95593262 -5.53803781
239 -575.67602539 -5.53534640
240 -575.63989258 -5.53499897
241 -576.39373779 -5.54224748
242 -576.28039551 -5.54115765
243 -575.50671387 -5.53371840
244 -575.43103027 -5.53299068
245 -575.93029785 -5.53779133
246 -576.82312012 -5.54637615
247 -578.41564941 -5.56168894
248 -578.93750000 -5.56670673
249 -579.02636719 -5.56756122
250 -579.16796875 -5.56892278
251 -579.06445312 -5.56792743
252 -578.34222412 -5.56098292
253 -578.71301270 -5.56454820
254 -579.24444580 -5.56965813
255 -579.07714844 -5.56804950
256 -578.60534668 -5.56351295
257 -578.27667236 -5.56035262
258 -578.55834961 -5.56306105
259 -578.08203125 -5.55848107
260 -577.53503418 -5.55322148
261 -578.28344727 -5.56041776
262 -578.01977539 -5.55788246
263 -578.79455566 -5.56533227
264 -578.46337891 -5.56214787
265 -577.84729004 -5.55622394
266 -576.75903320 -5.54575993
267 -576.98339844 -5.54791729
268 -577.31591797 -5.55111460
269 -577.47521973 -5.55264634
270 -577.32507324 -5.55120263
271 -576.88391113 -5.54696068
272 -575.50152588 -5.53366852
273 -575.10650635 -5.52987025
274 -576.43408203 -5.54263540
275 -575.89611816 -5.53746267
276 -575.32598877 -5.53198066
277 -572.68072510 -5.50654543
278 -572.66876221 -5.50643041
279 -572.87713623 -5.50843400
280 -572.12719727 -5.50122305
281 -572.39398193 -5.50378829
282 -572.82904053 -5.50797154
283 -572.22351074 -5.50214914
284 -570.38330078 -5.48445482
285 -569.37426758 -5.47475257
286 -569.60211182 -5.47694338
287 -568.54327393 -5.46676225
288 -568.23913574 -5.46383784
289 -567.48937988 -5.45662865
290 -566.72192383 -5.44924927
291 -567.26043701 -5.45442728
292 -567.21569824 -5.45399710
293 -566.72265625 -5.44925631
294 -565.60949707 -5.43855286
295 -564.55047607 -5.42836996
296 -564.71008301 -5.42990464
297 -564.47528076 -5.42764693
298 -565.49060059 -5.43740962
299 -564.40753174 -5.42699550
300 -563.13269043 -5.41473741
301 -562.69561768 -5.41053479
