0 -345.07879639 -5.75131327
1 -345.10104370 -5.75168406
2 -345.11724854 -5.75195414
3 -345.12933350 -5.75215556
4 -345.13800049 -5.75230001
5 -345.14584351 -5.75243073
6 -345.15148926 -5.75252482
7 -345.15792847 -5.75263214
8 -345.16317749 -5.75271962
9 -345.16775513 -5.75279592
10 -345.17190552 -5.75286509
11 -345.17599487 -5.75293325
12 -345.18002319 -5.75300039
13 -345.18295288 -5.75304921
14 -345.18634033 -5.75310567
15 -345.18930054 -5.75315501
16 -345.19174194 -5.75319570
17 -345.19396973 -5.75323283
18 -345.19619751 -5.75326996
19 -345.19747925 -5.75329132
20 -345.19876099 -5.75331268
21 -345.20046997 -5.75334117
