0 -458.19873047 -6.73821662
1 -458.20507812 -6.73830997
2 -458.21075439 -6.73839345
3 -458.21463013 -6.73845044
4 -458.21932983 -6.73851956
5 -458.22344971 -6.73858014
6 -458.22656250 -6.73862592
7 -458.22918701 -6.73866451
8 -458.23202515 -6.73870625
9 -458.23391724 -6.73873408
10 -458.23657227 -6.73877312
11 -458.23883057 -6.73880633
12 -458.24026489 -6.73882742
13 -458.24172974 -6.73884897
14 -458.24356079 -6.73887589
15 -458.24496460 -6.73889654
16 -458.24652100 -6.73891943
17 -458.24740601 -6.73893244
18 -458.24835205 -6.73894635
19 -458.24920654 -6.73895892
20 -458.25067139 -6.73898046
