0 -480.36291504 -6.49139074
1 -480.39236450 -6.49178871
2 -480.40902710 -6.49201388
3 -480.42010498 -6.49216358
4 -480.42721558 -6.49225967
5 -480.43234253 -6.49232895
6 -480.43676758 -6.49238875
7 -480.44314575 -6.49247494
8 -480.44894409 -6.49255330
9 -480.45175171 -6.49259124
10 -480.45547485 -6.49264155
11 -480.45730591 -6.49266630
12 -480.46014404 -6.49270465
13 -480.46093750 -6.49271537
14 -480.46447754 -6.49276321
15 -480.46893311 -6.49282342
16 -480.47055054 -6.49284528
17 -480.46948242 -6.49283084
18 -480.47079468 -6.49284858
19 -480.47253418 -6.49287208
20 -480.47073364 -6.49284775
21 -480.47195435 -6.49286425
22 -480.47311401 -6.49287992
23 -480.47171021 -6.49286095
24 -480.47155762 -6.49285889
25 -480.47192383 -6.49286384
26 -480.47470093 -6.49290136
27 -480.47506714 -6.49290631
28 -480.47457886 -6.49289971
29 -480.47702026 -6.49293271
30 -480.47558594 -6.49291332
31 -480.47457886 -6.49289971
32 -480.47760010 -6.49294054
33 -480.47683716 -6.49293023
34 -480.47787476 -6.49294425
35 -480.47442627 -6.49289765
36 -480.47570801 -6.49291497
37 -480.47653198 -6.49292611
38 -480.47595215 -6.49291827
39 -480.47152710 -6.49285847
40 -480.47143555 -6.49285724
41 -480.46789551 -6.49280940
42 -480.46920776 -6.49282713
43 -480.46710205 -6.49279868
44 -480.46795654 -6.49281022
45 -480.46603394 -6.49278424
46 -480.46652222 -6.49279084
47 -480.46353149 -6.49275043
48 -480.46435547 -6.49276156
49 -480.46401978 -6.49275702
50 -480.46218872 -6.49273228
51 -480.45919800 -6.49269186
52 -480.46014404 -6.49270465
53 -480.45953369 -6.49269640
54 -480.45986938 -6.49270094
55 -480.46072388 -6.49271248
56 -480.45742798 -6.49266795
57 -480.45806885 -6.49267661
58 -480.45736694 -6.49266712
59 -480.45535278 -6.49263990
60 -480.45483398 -6.49263289
61 -480.45437622 -6.49262671
62 -480.45336914 -6.49261310
63 -480.45321655 -6.49261103
64 -480.44958496 -6.49256196
65 -480.45141602 -6.49258670
66 -480.44921875 -6.49255701
67 -480.45193481 -6.49259371
68 -480.45166016 -6.49259000
69 -480.44891357 -6.49255289
70 -480.44778442 -6.49253763
71 -480.44552612 -6.49250711
72 -480.44485474 -6.49249804
73 -480.44540405 -6.49250546
74 -480.44290161 -6.49247164
75 -480.44146729 -6.49245226
76 -480.43917847 -6.49242133
77 -480.43643188 -6.49238421
78 -480.43582153 -6.49237597
79 -480.43252563 -6.49233143
80 -480.43215942 -6.49232648
81 -480.43167114 -6.49231988
82 -480.42895508 -6.49228318
83 -480.42886353 -6.49228194
84 -480.42431641 -6.49222049
85 -480.42474365 -6.49222627
86 -480.42529297 -6.49223369
87 -480.42312622 -6.49220441
88 -480.42169189 -6.49218503
89 -480.42285156 -6.49220070
90 -480.42077637 -6.49217265
91 -480.41946411 -6.49215492
92 -480.41757202 -6.49212935
93 -480.41973877 -6.49215863
94 -480.41732788 -6.49212605
95 -480.41519165 -6.49209718
96 -480.41409302 -6.49208234
97 -480.41210938 -6.49205553
98 -480.40850830 -6.49200687
99 -480.40921021 -6.49201635
100 -480.40588379 -6.49197140
101 -480.40768433 -6.49199573
102 -480.40835571 -6.49200481
103 -480.40658569 -6.49198089
104 -480.40417480 -6.49194831
105 -480.40203857 -6.49191944
106 -480.40005493 -6.49189263
107 -480.40209961 -6.49192026
108 -480.39916992 -6.49188067
109 -480.39916992 -6.49188067
110 -480.39831543 -6.49186913
111 -480.39736938 -6.49185634
112 -480.39520264 -6.49182706
113 -480.39593506 -6.49183696
114 -480.39321899 -6.49180026
115 -480.39419556 -6.49181345
116 -480.38848877 -6.49173633
117 -480.39236450 -6.49178871
118 -480.38793945 -6.49172891
119 -480.38650513 -6.49170953
120 -480.38418579 -6.49167819
121 -480.38116455 -6.49163736
122 -480.38079834 -6.49163241
123 -480.37911987 -6.49160973
124 -480.37765503 -6.49158993
125 -480.37890625 -6.49160684
126 -480.37286377 -6.49152519
127 -480.37515259 -6.49155612
128 -480.36999512 -6.49148642
129 -480.37268066 -6.49152271
130 -480.37115479 -6.49150209
131 -480.37203979 -6.49151405
132 -480.36996460 -6.49148601
133 -480.37026978 -6.49149013
134 -480.36727905 -6.49144972
135 -480.36523438 -6.49142209
136 -480.36471558 -6.49141508
137 -480.36276245 -6.49138868
138 -480.36035156 -6.49135610
139 -480.36044312 -6.49135734
140 -480.35821533 -6.49132723
141 -480.36148071 -6.49137136
142 -480.35577393 -6.49129424
143 -480.35998535 -6.49135115
144 -480.35678101 -6.49130785
145 -480.35632324 -6.49130167
146 -480.35308838 -6.49125795
147 -480.35263062 -6.49125177
148 -480.35281372 -6.49125424
149 -480.35180664 -6.49124063
150 -480.35266113 -6.49125218
151 -480.35040283 -6.49122166
152 -480.35217285 -6.49124558
153 -480.35171509 -6.49123939
154 -480.34652710 -6.49116929
155 -480.34872437 -6.49119898
156 -480.34561157 -6.49115691
157 -480.34634399 -6.49116681
158 -480.34457397 -6.49114289
159 -480.34323120 -6.49112475
160 -480.34008789 -6.49108227
161 -480.34191895 -6.49110701
162 -480.33447266 -6.49100639
163 -480.34048462 -6.49108763
164 -480.33654785 -6.49103443
165 -480.34091187 -6.49109340
166 -480.33572388 -6.49102330
167 -480.33819580 -6.49105670
168 -480.33584595 -6.49102495
169 -480.33715820 -6.49104268
170 -480.33135986 -6.49096432
171 -480.33007812 -6.49094700
172 -480.32891846 -6.49093133
173 -480.32858276 -6.49092679
174 -480.32943726 -6.49093834
175 -480.33093262 -6.49095855
176 -480.33081055 -6.49095690
177 -480.32849121 -6.49092556
178 -480.32702637 -6.49090576
179 -480.32827759 -6.49092267
180 -480.32504272 -6.49087896
181 -480.32711792 -6.49090700
182 -480.32708740 -6.49090659
183 -480.32681274 -6.49090287
184 -480.32366943 -6.49086040
185 -480.32467651 -6.49087401
186 -480.32632446 -6.49089628
187 -480.32559204 -6.49088638
188 -480.32321167 -6.49085421
189 -480.32128906 -6.49082823
190 -480.32089233 -6.49082287
191 -480.32223511 -6.49084101
192 -480.32028198 -6.49081462
193 -480.31704712 -6.49077091
194 -480.31607056 -6.49075771
195 -480.31423950 -6.49073297
196 -480.31195068 -6.49070204
197 -480.31387329 -6.49072802
198 -480.30859375 -6.49065667
199 -480.30895996 -6.49066162
200 -480.30920410 -6.49066492
201 -480.30874634 -6.49065873
202 -480.30563354 -6.49061667
203 -480.30749512 -6.49064183
204 -480.30444336 -6.49060059
205 -480.30615234 -6.49062368
206 -480.30642700 -6.49062739
207 -480.30709839 -6.49063646
208 -480.30847168 -6.49065502
209 -480.30825806 -6.49065214
210 -480.30566406 -6.49061708
211 -480.30670166 -6.49063110
212 -480.30380249 -6.49059193
213 -480.30355835 -6.49058863
214 -480.30236816 -6.49057254
215 -480.30075073 -6.49055069
216 -480.29776001 -6.49051027
217 -480.29736328 -6.49050491
218 -480.29632568 -6.49049089
219 -480.29598999 -6.49048635
220 -480.29846191 -6.49051976
221 -480.29428101 -6.49046326
222 -480.29858398 -6.49052141
223 -480.29489136 -6.49047150
224 -480.30041504 -6.49054615
225 -480.29608154 -6.49048759
226 -480.29779053 -6.49051068
227 -480.29302979 -6.49044635
228 -480.29498291 -6.49047274
229 -480.29116821 -6.49042119
230 -480.29019165 -6.49040800
231 -480.28790283 -6.49037707
232 -480.28335571 -6.49031562
233 -480.28363037 -6.49031933
234 -480.28359985 -6.49031892
235 -480.28329468 -6.49031479
236 -480.28317261 -6.49031314
237 -480.28143311 -6.49028964
238 -480.28427124 -6.49032799
239 -480.28186035 -6.49029541
240 -480.28131104 -6.49028799
241 -480.28204346 -6.49029788
242 -480.28329468 -6.49031479
243 -480.28408813 -6.49032552
244 -480.28216553 -6.49029953
245 -480.28350830 -6.49031768
246 -480.28332520 -6.49031521
247 -480.27648926 -6.49022283
248 -480.27929688 -6.49026077
249 -480.27621460 -6.49021912
250 -480.27392578 -6.49018819
251 -480.27606201 -6.49021705
252 -480.27429199 -6.49019314
253 -480.27322388 -6.49017870
254 -480.27474976 -6.49019932
255 -480.27386475 -6.49018736
256 -480.27203369 -6.49016262
257 -480.26715088 -6.49009663
258 -480.26876831 -6.49011849
259 -480.26663208 -6.49008962
260 -480.26525879 -6.49007106
261 -480.26376343 -6.49005086
262 -480.26586914 -6.49007931
263 -480.26412964 -6.49005581
264 -480.26049805 -6.49000673
265 -480.25646973 -6.48995229
266 -480.25549316 -6.48993910
267 -480.25299072 -6.48990528
268 -480.25329590 -6.48990940
269 -480.25143433 -6.48988425
270 -480.25195312 -6.48989126
271 -480.24945068 -6.48985744
272 -480.24630737 -6.48981496
273 -480.25042725 -6.48987064
274 -480.24624634 -6.48981414
275 -480.24807739 -6.48983888
276 -480.24420166 -6.48978651
277 -480.24682617 -6.48982198
278 -480.24505615 -6.48979806
279 -480.24444580 -6.48978981
280 -480.24465942 -6.48979269
281 -480.24423218 -6.48978692
282 -480.24316406 -6.48977249
283 -480.23999023 -6.48972960
284 -480.23706055 -6.48969001
285 -480.23327637 -6.48963887
286 -480.22857666 -6.48957536
287 -480.22799683 -6.48956752
288 -480.22360229 -6.48950814
289 -480.22277832 -6.48949700
290 -480.21975708 -6.48945618
291 -480.21954346 -6.48945329
292 -480.21417236 -6.48938071
293 -480.21368408 -6.48937411
294 -480.21078491 -6.48933493
295 -480.20996094 -6.48932380
296 -480.20480347 -6.48925410
297 -480.20489502 -6.48925534
298 -480.20266724 -6.48922523
299 -480.20120239 -6.48920544
300 -480.20150757 -6.48920956
301 -480.19900513 -6.48917574
302 -480.20013428 -6.48919100
303 -480.19580078 -6.48913244
304 -480.19931030 -6.48917987
305 -480.19680786 -6.48914605
306 -480.19805908 -6.48916296
307 -480.19641113 -6.48914069
308 -480.19451904 -6.48911512
309 -480.19158936 -6.48907553
310 -480.18972778 -6.48905038
311 -480.18908691 -6.48904172
312 -480.18618774 -6.48900254
313 -480.18771362 -6.48902316
314 -480.18475342 -6.48898315
315 -480.18515015 -6.48898852
316 -480.18353271 -6.48896666
317 -480.18215942 -6.48894810
318 -480.17846680 -6.48889820
319 -480.17877197 -6.48890232
320 -480.17749023 -6.48888500
321 -480.17437744 -6.48884294
322 -480.17724609 -6.48888170
323 -480.17160034 -6.48880541
324 -480.16827393 -6.48876046
325 -480.16580200 -6.48872705
326 -480.16543579 -6.48872211
327 -480.16775513 -6.48875345
328 -480.16970825 -6.48877984
329 -480.16864014 -6.48876541
330 -480.16680908 -6.48874066
331 -480.16491699 -6.48871509
332 -480.16168213 -6.48867138
333 -480.16082764 -6.48865983
334 -480.15512085 -6.48858271
335 -480.15539551 -6.48858643
336 -480.15072632 -6.48852333
337 -480.15069580 -6.48852292
338 -480.14639282 -6.48846477
339 -480.14627075 -6.48846312
340 -480.14346313 -6.48842518
341 -480.14236450 -6.48841033
342 -480.14041138 -6.48838394
343 -480.13687134 -6.48833610
344 -480.13421631 -6.48830022
345 -480.13684082 -6.48833569
346 -480.13366699 -6.48829280
347 -480.13571167 -6.48832043
348 -480.13342285 -6.48828950
349 -480.12979126 -6.48824042
350 -480.13092041 -6.48825568
351 -480.12988281 -6.48824166
352 -480.12841797 -6.48822186
353 -480.12628174 -6.48819300
354 -480.12496948 -6.48817526
355 -480.12203979 -6.48813567
356 -480.12091064 -6.48812041
357 -480.12121582 -6.48812454
358 -480.11907959 -6.48809567
359 -480.12164307 -6.48813031
360 -480.11886597 -6.48809278
361 -480.12066650 -6.48811711
362 -480.12188721 -6.48813361
363 -480.12054443 -6.48811547
364 -480.12149048 -6.48812825
365 -480.12081909 -6.48811918
366 -480.11419678 -6.48802969
367 -480.11569214 -6.48804989
368 -480.11151123 -6.48799340
369 -480.11245728 -6.48800618
370 -480.11300659 -6.48801360
371 -480.11114502 -6.48798845
372 -480.11090088 -6.48798515
373 -480.10806274 -6.48794679
374 -480.10842896 -6.48795174
375 -480.10745239 -6.48793855
376 -480.10662842 -6.48792741
377 -480.10778809 -6.48794308
378 -480.10809326 -6.48794721
379 -480.10784912 -6.48794391
380 -480.10452271 -6.48789896
381 -480.10192871 -6.48786390
382 -480.10321045 -6.48788122
383 -480.10220337 -6.48786761
384 -480.09979248 -6.48783503
385 -480.09710693 -6.48779874
386 -480.09460449 -6.48776493
387 -480.09463501 -6.48776534
388 -480.09497070 -6.48776987
389 -480.09307861 -6.48774431
390 -480.09271240 -6.48773936
391 -480.09030151 -6.48770678
392 -480.09078979 -6.48771338
393 -480.08804321 -6.48767626
394 -480.08831787 -6.48767997
395 -480.08673096 -6.48765853
396 -480.08551025 -6.48764203
397 -480.08523560 -6.48763832
398 -480.08428955 -6.48762553
399 -480.08410645 -6.48762306
400 -480.08523560 -6.48763832
401 -480.08209229 -6.48759584
402 -480.08462524 -6.48763007
403 -480.08123779 -6.48758429
404 -480.08227539 -6.48759832
405 -480.08068848 -6.48757687
406 -480.07995605 -6.48756697
407 -480.08132935 -6.48758553
408 -480.08297729 -6.48760780
409 -480.08154297 -6.48758842
410 -480.08334351 -6.48761275
411 -480.08401489 -6.48762182
412 -480.08538818 -6.48764038
413 -480.08541870 -6.48764079
414 -480.08648682 -6.48765523
415 -480.08886719 -6.48768739
416 -480.08770752 -6.48767172
417 -480.09106445 -6.48771709
418 -480.08758545 -6.48767007
419 -480.08901978 -6.48768946
420 -480.08770752 -6.48767172
421 -480.08892822 -6.48768822
422 -480.08950806 -6.48769605
423 -480.09030151 -6.48770678
424 -480.08993530 -6.48770183
425 -480.09140015 -6.48772162
426 -480.08880615 -6.48768657
427 -480.08908081 -6.48769028
428 -480.08602905 -6.48764904
429 -480.08889771 -6.48768781
430 -480.08703613 -6.48766265
431 -480.08895874 -6.48768863
432 -480.08578491 -6.48764574
433 -480.08856201 -6.48768327
434 -480.08764648 -6.48767090
435 -480.09121704 -6.48771915
436 -480.08749390 -6.48766884
437 -480.08889771 -6.48768781
438 -480.08810425 -6.48767708
439 -480.08880615 -6.48768657
440 -480.08529663 -6.48763914
441 -480.08322144 -6.48761110
442 -480.08233643 -6.48759914
443 -480.08044434 -6.48757357
444 -480.08419800 -6.48762430
445 -480.08364868 -6.48761687
446 -480.08361816 -6.48761646
447 -480.08694458 -6.48766141
448 -480.08267212 -6.48760368
449 -480.08370972 -6.48761770
450 -480.08230591 -6.48759873
451 -480.08203125 -6.48759502
452 -480.08090210 -6.48757976
453 -480.08227539 -6.48759832
454 -480.08010864 -6.48756904
455 -480.08200073 -6.48759460
456 -480.07870483 -6.48755007
457 -480.07858276 -6.48754842
458 -480.07427979 -6.48749027
459 -480.07754517 -6.48753439
460 -480.07196045 -6.48745892
461 -480.07351685 -6.48747996
462 -480.07202148 -6.48745975
463 -480.07446289 -6.48749274
464 -480.06958008 -6.48742676
465 -480.07052612 -6.48743954
