0 -468.38052368 -6.69115034
1 -468.39041138 -6.69129159
2 -468.39477539 -6.69135393
3 -468.39770508 -6.69139579
4 -468.40063477 -6.69143764
5 -468.40328979 -6.69147557
6 -468.40576172 -6.69151088
7 -468.40756226 -6.69153660
8 -468.40893555 -6.69155622
9 -468.41064453 -6.69158064
10 -468.41168213 -6.69159546
11 -468.41323853 -6.69161769
12 -468.41418457 -6.69163121
13 -468.41595459 -6.69165649
14 -468.41656494 -6.69166521
15 -468.41787720 -6.69168396
16 -468.41864014 -6.69169486
17 -468.41970825 -6.69171012
18 -468.42047119 -6.69172102
19 -468.42123413 -6.69173192
20 -468.42163086 -6.69173758
21 -468.42227173 -6.69174674
22 -468.42352295 -6.69176461
