0 -403.80828857 -6.30950451
1 -403.85015869 -6.31015873
2 -403.88552856 -6.31071138
3 -403.91516113 -6.31117439
4 -403.94036865 -6.31156826
5 -403.96179199 -6.31190300
6 -403.97982788 -6.31218481
7 -403.99536133 -6.31242752
8 -404.00897217 -6.31264019
9 -404.02160645 -6.31283760
10 -404.03356934 -6.31302452
11 -404.04498291 -6.31320286
12 -404.05548096 -6.31336689
13 -404.06533813 -6.31352091
14 -404.07382202 -6.31365347
15 -404.08190918 -6.31377983
16 -404.08917236 -6.31389332
17 -404.09558105 -6.31399345
18 -404.10202026 -6.31409407
19 -404.10766602 -6.31418228
20 -404.11312866 -6.31426764
21 -404.11776733 -6.31434011
22 -404.12219238 -6.31440926
23 -404.12619019 -6.31447172
24 -404.12969971 -6.31452656
25 -404.13333130 -6.31458330
26 -404.13677979 -6.31463718
27 -404.13949585 -6.31467962
28 -404.14212036 -6.31472063
29 -404.14443970 -6.31475687
