0 -821.68609619 -6.84738413
1 -821.70794678 -6.84756622
2 -821.72241211 -6.84768677
3 -821.73254395 -6.84777120
4 -821.74267578 -6.84785563
5 -821.75085449 -6.84792379
6 -821.75830078 -6.84798584
7 -821.76513672 -6.84804281
8 -821.77148438 -6.84809570
9 -821.77716064 -6.84814301
10 -821.78375244 -6.84819794
11 -821.78857422 -6.84823812
12 -821.79248047 -6.84827067
13 -821.79724121 -6.84831034
14 -821.80078125 -6.84833984
15 -821.80432129 -6.84836934
16 -821.80865479 -6.84840546
17 -821.81207275 -6.84843394
18 -821.81579590 -6.84846497
19 -821.81927490 -6.84849396
20 -821.82244873 -6.84852041
21 -821.82489014 -6.84854075
22 -821.82806396 -6.84856720
23 -821.83044434 -6.84858704
24 -821.83319092 -6.84860992
25 -821.83551025 -6.84862925
26 -821.83905029 -6.84865875
27 -821.84020996 -6.84866842
28 -821.84332275 -6.84869436
29 -821.84521484 -6.84871012
30 -821.84771729 -6.84873098
31 -821.84936523 -6.84874471
32 -821.85174561 -6.84876455
33 -821.85321045 -6.84877675
34 -821.85455322 -6.84878794
35 -821.85699463 -6.84880829
36 -821.85852051 -6.84882100
37 -821.85968018 -6.84883067
38 -821.86181641 -6.84884847
