0 -672.77746582 -6.59585751
1 -672.79498291 -6.59602924
2 -672.80969238 -6.59617345
3 -672.82171631 -6.59629134
4 -672.83251953 -6.59639725
5 -672.84259033 -6.59649598
6 -672.85028076 -6.59657138
7 -672.85827637 -6.59664977
8 -672.86480713 -6.59671380
9 -672.87091064 -6.59677363
10 -672.87652588 -6.59682869
11 -672.88110352 -6.59687356
12 -672.88513184 -6.59691306
13 -672.88958740 -6.59695674
14 -672.89324951 -6.59699264
15 -672.89672852 -6.59702675
16 -672.90002441 -6.59705906
17 -672.90356445 -6.59709377
18 -672.90570068 -6.59711471
19 -672.90881348 -6.59714523
20 -672.91131592 -6.59716976
21 -672.91320801 -6.59718831
22 -672.91522217 -6.59720806
23 -672.91687012 -6.59722422
24 -672.91864014 -6.59724157
25 -672.92022705 -6.59725713
26 -672.92218018 -6.59727628
