0 -645.23693848 -6.86422275
1 -645.19158936 -6.86374031
2 -645.12988281 -6.86308386
3 -645.10864258 -6.86285790
4 -645.08209229 -6.86257545
5 -645.00976562 -6.86180602
6 -644.98107910 -6.86150084
7 -644.95294189 -6.86120151
8 -644.93139648 -6.86097230
9 -644.90692139 -6.86071193
10 -644.84796143 -6.86008470
11 -644.79711914 -6.85954382
12 -644.77905273 -6.85935162
13 -644.78735352 -6.85943993
14 -644.73815918 -6.85891659
15 -644.67956543 -6.85829325
16 -644.59448242 -6.85738811
17 -644.55554199 -6.85697385
18 -644.50878906 -6.85647648
19 -644.50048828 -6.85638817
20 -644.42718506 -6.85560835
21 -644.36145020 -6.85490904
22 -644.31140137 -6.85437661
23 -644.28576660 -6.85410390
24 -644.25524902 -6.85377924
25 -644.21221924 -6.85332148
26 -644.18469238 -6.85302864
27 -644.11437988 -6.85228064
28 -644.03668213 -6.85145407
29 -643.98168945 -6.85086904
30 -644.01049805 -6.85117551
31 -643.88171387 -6.84980547
32 -643.91210938 -6.85012882
33 -643.82415771 -6.84919317
34 -643.77984619 -6.84872177
35 -643.70562744 -6.84793221
36 -643.73150635 -6.84820751
37 -643.75903320 -6.84850035
38 -643.68249512 -6.84768612
39 -643.62731934 -6.84709914
40 -643.46679688 -6.84539146
41 -643.37420654 -6.84440645
42 -643.20373535 -6.84259293
43 -643.16845703 -6.84221763
44 -643.17443848 -6.84228126
45 -643.22436523 -6.84281240
46 -643.18176270 -6.84235918
47 -643.25549316 -6.84314354
48 -643.29333496 -6.84354612
49 -643.17840576 -6.84232347
50 -643.11914062 -6.84169299
51 -642.97015381 -6.84010802
52 -642.94317627 -6.83982102
53 -642.85668945 -6.83890095
54 -642.87298584 -6.83907432
55 -642.89624023 -6.83932170
56 -642.70056152 -6.83724002
57 -642.73071289 -6.83756078
58 -642.78106689 -6.83809646
59 -642.84075928 -6.83873148
60 -642.93084717 -6.83968986
61 -642.88281250 -6.83917886
62 -642.71606445 -6.83740494
63 -642.69604492 -6.83719197
64 -642.65844727 -6.83679199
65 -642.48217773 -6.83491678
66 -642.40588379 -6.83410515
67 -642.31573486 -6.83314612
68 -642.26013184 -6.83255459
69 -641.97253418 -6.82949504
70 -641.83129883 -6.82799254
71 -641.69299316 -6.82652120
72 -641.58190918 -6.82533946
73 -641.26983643 -6.82201954
74 -641.28448486 -6.82217537
75 -641.13555908 -6.82059105
76 -641.10467529 -6.82026250
77 -640.83325195 -6.81737502
78 -640.76684570 -6.81666857
79 -640.58703613 -6.81475570
80 -640.68359375 -6.81578291
81 -640.48742676 -6.81369603
82 -640.01892090 -6.80871192
83 -639.84350586 -6.80684581
84 -639.81079102 -6.80649778
85 -639.85229492 -6.80693931
86 -639.41076660 -6.80224220
87 -639.28576660 -6.80091241
88 -639.24023438 -6.80042803
89 -639.21166992 -6.80012415
90 -639.23919678 -6.80041699
91 -639.22729492 -6.80029037
92 -639.24047852 -6.80043062
93 -639.06738281 -6.79858918
94 -638.94604492 -6.79729835
95 -639.08978271 -6.79882748
96 -639.06262207 -6.79853853
97 -638.99340820 -6.79780221
98 -638.79754639 -6.79571858
99 -638.63635254 -6.79400375
100 -638.52124023 -6.79277915
101 -638.73510742 -6.79505433
102 -638.49884033 -6.79254085
103 -638.62622070 -6.79389596
104 -638.53002930 -6.79287265
105 -638.56274414 -6.79322068
106 -638.95947266 -6.79744120
107 -638.78723145 -6.79560885
108 -638.74224854 -6.79513030
109 -638.91455078 -6.79696331
110 -638.80017090 -6.79574650
111 -638.57891846 -6.79339275
112 -638.59667969 -6.79358170
113 -638.35327148 -6.79099225
114 -638.35144043 -6.79097277
115 -638.37573242 -6.79123120
116 -638.28173828 -6.79023126
117 -638.03472900 -6.78760350
118 -638.02453613 -6.78749507
119 -637.80383301 -6.78514716
120 -637.61083984 -6.78309404
121 -637.31384277 -6.77993450
122 -637.14782715 -6.77816837
123 -636.97851562 -6.77636719
124 -637.19543457 -6.77867484
125 -636.82434082 -6.77472703
126 -637.02050781 -6.77681391
127 -636.96075439 -6.77617824
128 -636.91040039 -6.77564256
129 -637.16186523 -6.77831772
130 -637.10260010 -6.77768724
131 -637.21716309 -6.77890599
132 -636.69750977 -6.77337776
133 -636.84381104 -6.77493416
134 -636.32043457 -6.76936633
135 -635.90698242 -6.76496790
136 -635.65429688 -6.76227975
137 -635.66662598 -6.76241091
138 -635.31872559 -6.75870985
139 -635.40429688 -6.75962018
140 -634.99694824 -6.75528668
141 -634.37866211 -6.74870917
142 -634.57482910 -6.75079605
143 -634.65393066 -6.75163756
144 -634.84814453 -6.75370367
145 -634.49468994 -6.74994351
146 -634.36779785 -6.74859359
147 -634.25451660 -6.74738847
148 -634.50231934 -6.75002467
149 -634.12561035 -6.74601713
150 -634.05676270 -6.74528471
151 -634.04516602 -6.74516134
152 -633.90588379 -6.74367961
153 -633.67053223 -6.74117587
154 -633.77734375 -6.74231217
155 -633.94470215 -6.74409258
156 -633.48968506 -6.73925197
157 -633.17773438 -6.73593334
158 -633.68725586 -6.74135379
159 -633.63409424 -6.74078824
160 -633.94274902 -6.74407180
161 -633.59033203 -6.74032268
162 -634.11975098 -6.74595480
163 -633.77923584 -6.74233230
164 -633.32031250 -6.73745013
165 -632.74194336 -6.73129727
166 -632.32617188 -6.72687417
167 -632.06018066 -6.72404448
168 -631.56872559 -6.71881623
169 -631.27416992 -6.71568266
170 -631.24645996 -6.71538787
171 -630.79248047 -6.71055830
172 -630.89190674 -6.71161603
173 -630.58489990 -6.70835000
174 -630.85314941 -6.71120372
175 -629.68725586 -6.69880059
176 -629.33337402 -6.69503589
177 -630.00427246 -6.70217311
178 -629.79260254 -6.69992130
179 -629.83142090 -6.70033426
180 -629.53717041 -6.69720394
181 -629.76269531 -6.69960314
182 -629.30737305 -6.69475929
183 -629.54260254 -6.69726173
184 -629.44201660 -6.69619167
185 -629.03137207 -6.69182311
186 -628.86877441 -6.69009334
187 -628.80920410 -6.68945962
188 -628.53161621 -6.68650656
189 -628.57098389 -6.68692536
190 -628.70452881 -6.68834605
191 -628.32849121 -6.68434565
192 -628.14349365 -6.68237759
193 -627.71105957 -6.67777723
194 -628.06414795 -6.68153349
195 -627.60888672 -6.67669028
196 -627.65216064 -6.67715065
197 -627.42138672 -6.67469560
198 -627.55065918 -6.67607084
199 -627.49584961 -6.67548776
200 -627.43249512 -6.67481378
201 -627.66735840 -6.67731232
202 -627.45617676 -6.67506571
203 -627.77368164 -6.67844342
204 -628.13439941 -6.68228084
205 -627.31994629 -6.67361645
206 -628.05603027 -6.68144713
207 -628.47161865 -6.68586828
208 -628.12255859 -6.68215488
209 -627.76135254 -6.67831226
210 -628.57751465 -6.68699484
211 -628.92944336 -6.69073876
212 -628.87677002 -6.69017840
213 -629.19360352 -6.69354897
214 -629.41601562 -6.69591506
215 -628.95446777 -6.69100498
216 -628.68780518 -6.68816814
217 -628.47741699 -6.68592997
218 -628.05108643 -6.68139454
219 -627.28540039 -6.67324894
220 -627.18170166 -6.67214576
221 -626.86987305 -6.66882844
222 -627.24908447 -6.67286260
223 -626.65368652 -6.66652858
224 -626.21343994 -6.66184511
225 -625.61499023 -6.65547862
226 -624.78179932 -6.64661489
227 -624.57080078 -6.64437022
228 -624.53912354 -6.64403323
229 -624.19213867 -6.64034190
230 -623.86596680 -6.63687199
231 -623.44287109 -6.63237097
232 -623.30572510 -6.63091197
233 -623.74761963 -6.63561297
234 -623.79486084 -6.63611554
235 -623.52062988 -6.63319819
236 -623.20202637 -6.62980879
237 -622.59130859 -6.62331179
238 -622.75262451 -6.62502792
239 -622.26391602 -6.61982889
240 -622.36535645 -6.62090805
241 -622.59887695 -6.62339231
242 -622.64855957 -6.62392085
243 -622.76464844 -6.62515583
244 -622.82177734 -6.62576359
245 -623.00439453 -6.62770632
246 -622.50933838 -6.62243977
247 -622.23205566 -6.61948995
248 -621.20318604 -6.60854453
249 -621.72717285 -6.61411886
250 -621.20312500 -6.60854388
251 -621.10699463 -6.60752122
252 -620.97302246 -6.60609598
253 -620.98608398 -6.60623494
254 -620.93029785 -6.60564147
255 -620.76556396 -6.60388898
256 -620.42828369 -6.60030089
257 -619.57458496 -6.59121899
258 -619.61712646 -6.59167156
259 -618.72839355 -6.58221695
260 -618.06286621 -6.57513687
261 -618.84497070 -6.58345714
262 -619.59381104 -6.59142352
263 -619.80908203 -6.59371364
264 -619.36999512 -6.58904250
265 -618.86547852 -6.58367530
266 -618.48327637 -6.57960932
267 -619.19018555 -6.58712963
268 -617.88586426 -6.57325388
269 -617.31860352 -6.56721919
270 -615.78039551 -6.55085527
271 -615.44842529 -6.54732367
272 -616.09277344 -6.55417844
273 -615.35766602 -6.54635815
274 -616.12835693 -6.55455699
275 -617.08843994 -6.56477064
276 -617.17150879 -6.56565435
277 -616.89984131 -6.56276427
278 -616.06066895 -6.55383690
279 -615.38024902 -6.54659839
280 -614.17187500 -6.53374335
281 -614.88323975 -6.54131106
282 -614.78753662 -6.54029294
283 -613.81567383 -6.52995398
284 -614.29785156 -6.53508353
285 -614.10528564 -6.53303495
286 -614.11730957 -6.53316287
287 -613.90075684 -6.53085912
288 -612.93249512 -6.52055846
289 -612.85266113 -6.51970916
290 -612.99987793 -6.52127530
291 -611.51098633 -6.50543602
292 -611.44915771 -6.50477827
293 -610.67456055 -6.49653788
294 -609.45208740 -6.48353284
295 -609.12451172 -6.48004800
296 -608.57318115 -6.47418278
297 -608.55883789 -6.47403019
298 -607.72485352 -6.46515802
299 -607.34252930 -6.46109074
300 -607.68756104 -6.46476129
301 -606.79199219 -6.45523396
302 -607.56042480 -6.46340877
303 -607.25341797 -6.46014274
304 -606.63464355 -6.45356004
305 -606.62274170 -6.45343342
306 -607.59515381 -6.46377823
307 -606.74145508 -6.45469633
308 -606.81555176 -6.45548459
309 -607.60943604 -6.46393017
310 -605.74536133 -6.44409959
311 -605.32263184 -6.43960247
312 -605.03039551 -6.43649357
313 -604.10803223 -6.42668119
314 -602.71386719 -6.41184965
315 -603.89990234 -6.42446705
316 -603.75537109 -6.42292948
317 -602.05340576 -6.40482347
318 -602.04650879 -6.40475009
319 -600.88476562 -6.39239112
320 -602.57946777 -6.41041987
321 -602.62854004 -6.41094192
322 -601.20227051 -6.39576884
323 -601.23095703 -6.39607401
324 -602.26086426 -6.40703047
325 -603.24072266 -6.41745450
326 -602.05932617 -6.40488645
327 -602.65618896 -6.41123605
328 -601.80737305 -6.40220610
329 -600.29345703 -6.38610061
330 -597.99169922 -6.36161382
331 -597.49346924 -6.35631350
332 -596.32153320 -6.34384610
333 -596.85839844 -6.34955743
334 -595.83972168 -6.33872044
335 -596.25921631 -6.34318315
336 -596.08636475 -6.34134431
337 -595.17156982 -6.33161244
338 -594.95385742 -6.32929636
339 -595.64086914 -6.33660499
340 -595.99444580 -6.34036644
341 -593.98828125 -6.31902427
342 -591.31903076 -6.29062799
343 -592.28796387 -6.30093579
344 -590.23126221 -6.27905598
345 -590.19079590 -6.27862549
346 -592.07604980 -6.29868138
347 -590.73339844 -6.28439786
348 -589.68432617 -6.27323751
349 -590.56622314 -6.28261940
350 -591.43725586 -6.29188570
351 -589.40704346 -6.27028770
352 -591.00067139 -6.28724118
353 -589.75207520 -6.27395825
354 -589.77197266 -6.27416992
355 -591.68127441 -6.29448164
356 -592.23706055 -6.30039426
357 -593.90405273 -6.31812822
358 -594.53894043 -6.32488234
359 -594.10778809 -6.32029562
360 -595.23779297 -6.33231695
361 -596.10943604 -6.34158975
362 -597.31665039 -6.35443245
363 -595.38427734 -6.33387529
364 -595.77893066 -6.33807373
365 -595.18554688 -6.33176114
366 -596.20703125 -6.34262799
367 -595.87896729 -6.33913795
368 -598.43395996 -6.36631872
369 -598.95874023 -6.37190149
370 -598.08605957 -6.36261766
371 -598.21795654 -6.36402081
372 -597.63269043 -6.35779458
373 -598.69860840 -6.36913413
374 -598.35980225 -6.36552981
375 -598.30871582 -6.36498634
376 -597.37561035 -6.35505968
377 -598.24670410 -6.36432664
378 -598.18359375 -6.36365525
379 -598.06396484 -6.36238260
380 -596.95507812 -6.35058594
381 -597.83789062 -6.35997756
382 -598.11138916 -6.36288712
383 -598.60607910 -6.36814978
384 -596.95483398 -6.35058334
385 -597.61914062 -6.35765043
386 -596.41833496 -6.34487590
387 -596.12231445 -6.34172675
388 -596.85699463 -6.34954250
389 -596.20440674 -6.34260007
390 -596.46484375 -6.34537068
391 -598.38653564 -6.36581421
392 -599.01025391 -6.37244951
393 -598.49572754 -6.36697582
394 -599.41735840 -6.37678041
395 -600.25427246 -6.38568375
396 -599.94757080 -6.38242097
397 -597.01318359 -6.35120408
398 -596.36199951 -6.34427659
399 -595.09637451 -6.33081249
400 -593.58874512 -6.31477388
401 -593.87396240 -6.31780811
402 -593.78363037 -6.31684713
403 -592.66510010 -6.30494787
404 -593.17272949 -6.31034819
405 -591.61315918 -6.29375701
406 -592.07324219 -6.29865151
407 -593.20373535 -6.31067804
408 -592.34411621 -6.30153315
409 -592.64050293 -6.30468620
410 -594.25732422 -6.32188643
411 -594.37084961 -6.32309414
412 -595.15795898 -6.33146765
413 -595.08154297 -6.33065471
414 -594.68395996 -6.32642511
415 -592.86584473 -6.30708345
416 -593.40515137 -6.31282076
417 -593.94372559 -6.31855027
418 -593.50231934 -6.31385446
