0 -625.01013184 -6.64904396
1 -623.97888184 -6.63807321
2 -623.11224365 -6.62885366
3 -621.22180176 -6.60874257
4 -620.04803467 -6.59625569
5 -618.64624023 -6.58134298
6 -616.78851318 -6.56157993
7 -614.14923096 -6.53350246
8 -613.71228027 -6.52885405
9 -613.75689697 -6.52932869
10 -613.82843018 -6.53008968
11 -612.49786377 -6.51593472
12 -611.96276855 -6.51024222
13 -610.12915039 -6.49073564
14 -611.17681885 -6.50188105
15 -611.90106201 -6.50958577
16 -609.16851807 -6.48051615
17 -606.59881592 -6.45317889
18 -602.43524170 -6.40888555
19 -600.29858398 -6.38615515
20 -600.38275146 -6.38705055
21 -600.75927734 -6.39105614
22 -598.69500732 -6.36909582
23 -597.45819092 -6.35593820
24 -595.08264160 -6.33066640
25 -595.26513672 -6.33260784
26 -593.30773926 -6.31178446
27 -593.44189453 -6.31321164
28 -593.35937500 -6.31233378
29 -591.88525391 -6.29665164
30 -587.99194336 -6.25523344
31 -586.23632812 -6.23655668
32 -585.57727051 -6.22954543
33 -582.65319824 -6.19843828
34 -582.35168457 -6.19523069
35 -582.56134033 -6.19746107
36 -582.52697754 -6.19709551
37 -581.59252930 -6.18715457
38 -578.68328857 -6.15620520
39 -579.34899902 -6.16328722
40 -578.05072021 -6.14947575
41 -576.57452393 -6.13377153
42 -572.89007568 -6.09457527
43 -570.23864746 -6.06636859
44 -567.74462891 -6.03983648
45 -567.95715332 -6.04209738
46 -565.09600830 -6.01165966
47 -560.12054443 -5.95872920
48 -560.04876709 -5.95796561
49 -559.30664062 -5.95007064
50 -559.16003418 -5.94851100
51 -559.99499512 -5.95739357
52 -557.83886719 -5.93445603
53 -557.42993164 -5.93010566
54 -554.24285889 -5.89620063
55 -551.75341797 -5.86971721
56 -549.03753662 -5.84082486
57 -548.48132324 -5.83490769
58 -545.93945312 -5.80786652
59 -545.68420410 -5.80515111
60 -544.52581787 -5.79282785
61 -544.69952393 -5.79467579
62 -547.97009277 -5.82946907
63 -544.39739990 -5.79146170
64 -546.44042969 -5.81319606
65 -547.51171875 -5.82459275
66 -550.51916504 -5.85658686
67 -551.56671143 -5.86773097
68 -550.14862061 -5.85264490
69 -547.55004883 -5.82500052
70 -548.41900635 -5.83424475
71 -547.88696289 -5.82858471
72 -545.99719238 -5.80848077
73 -546.74768066 -5.81646469
74 -542.55474854 -5.77185903
75 -540.55358887 -5.75057009
76 -539.19989014 -5.73616904
77 -535.68847656 -5.69881358
78 -533.58178711 -5.67640199
79 -533.37438965 -5.67419563
80 -532.33489990 -5.66313723
81 -533.64184570 -5.67704091
82 -536.12139893 -5.70341914
83 -537.12255859 -5.71406977
84 -533.06939697 -5.67095103
85 -531.15875244 -5.65062503
86 -534.11956787 -5.68212306
87 -529.75402832 -5.63568115
88 -527.54125977 -5.61214106
89 -528.51464844 -5.62249626
90 -524.38171387 -5.57852887
91 -518.89337158 -5.52014225
92 -512.65209961 -5.45374574
93 -509.54373169 -5.42067800
94 -513.23822021 -5.45998107
95 -513.17999268 -5.45936162
96 -511.46661377 -5.44113419
97 -510.91317749 -5.43524657
98 -509.16491699 -5.41664805
99 -506.35626221 -5.38676875
100 -502.22851562 -5.34285655
101 -503.33297729 -5.35460614
102 -506.75701904 -5.39103212
103 -502.37927246 -5.34446035
104 -501.87335205 -5.33907821
105 -502.17645264 -5.34230269
106 -503.33941650 -5.35467464
107 -503.61853027 -5.35764394
108 -504.88629150 -5.37113076
109 -500.94842529 -5.32923857
110 -500.60531616 -5.32558847
111 -500.00064087 -5.31915575
112 -501.71362305 -5.33737897
113 -500.35046387 -5.32287728
114 -500.38122559 -5.32320453
115 -500.12646484 -5.32049431
116 -498.98010254 -5.30829896
117 -498.63812256 -5.30466088
118 -501.53601074 -5.33548948
119 -497.39813232 -5.29146949
120 -498.45349121 -5.30269672
121 -493.62316895 -5.25131031
122 -490.28259277 -5.21577226
123 -490.30987549 -5.21606251
124 -486.95465088 -5.18036863
125 -487.57156372 -5.18693153
126 -486.19409180 -5.17227757
127 -485.24090576 -5.16213730
128 -482.47369385 -5.13269887
129 -480.79113770 -5.11479934
130 -482.59283447 -5.13396632
131 -482.81866455 -5.13636877
132 -486.11914062 -5.17148022
133 -484.31860352 -5.15232557
134 -488.60986328 -5.19797727
135 -491.01773071 -5.22359288
136 -499.06066895 -5.30915605
137 -496.17187500 -5.27842420
138 -492.62554932 -5.24069733
139 -496.75952148 -5.28467576
140 -495.61309814 -5.27247977
141 -495.94198608 -5.27597858
142 -493.42437744 -5.24919550
143 -495.01092529 -5.26607367
144 -494.51647949 -5.26081361
145 -491.14630127 -5.22496065
146 -485.93859863 -5.16955956
147 -488.02783203 -5.19178545
148 -484.91906738 -5.15871348
149 -486.55075073 -5.17607182
150 -488.91894531 -5.20126538
151 -489.79815674 -5.21061869
152 -486.32812500 -5.17370346
153 -487.04867554 -5.18136889
154 -491.28082275 -5.22639173
155 -492.60504150 -5.24047916
156 -498.31250000 -5.30119681
157 -499.69595337 -5.31591440
158 -502.79052734 -5.34883540
159 -499.29953003 -5.31169713
160 -500.57385254 -5.32525375
161 -500.24786377 -5.32178578
162 -499.51983643 -5.31404081
163 -501.49511719 -5.33505444
164 -500.98718262 -5.32965088
165 -503.07531738 -5.35186508
166 -499.80084229 -5.31703024
167 -499.45538330 -5.31335514
168 -503.17443848 -5.35291956
169 -502.24041748 -5.34298316
170 -504.59515381 -5.36803355
171 -505.62738037 -5.37901468
172 -505.34179688 -5.37597656
173 -504.73226929 -5.36949223
174 -504.01324463 -5.36184303
175 -504.08935547 -5.36265272
176 -505.37695312 -5.37635057
177 -502.48825073 -5.34561969
178 -500.70367432 -5.32663483
179 -500.02734375 -5.31943983
180 -501.51928711 -5.33531156
181 -502.19512939 -5.34250138
182 -499.32781982 -5.31199808
183 -491.80072021 -5.23192256
184 -491.35821533 -5.22721506
185 -492.20358276 -5.23620833
186 -490.06811523 -5.21349059
187 -489.18060303 -5.20404897
188 -486.25292969 -5.17290351
189 -488.31250000 -5.19481383
190 -489.84185791 -5.21108359
191 -489.35046387 -5.20585600
192 -488.09283447 -5.19247696
193 -486.32690430 -5.17369047
194 -483.49133301 -5.14352482
195 -475.77587891 -5.06144552
196 -476.42340088 -5.06833405
197 -472.81167603 -5.02991145
198 -473.16571045 -5.03367777
199 -471.54003906 -5.01638339
200 -470.89642334 -5.00953642
201 -466.86117554 -4.96660825
202 -465.86102295 -4.95596833
203 -458.57714844 -4.87848030
204 -463.34100342 -4.92915961
205 -461.10369873 -4.90535850
206 -457.41619873 -4.86612977
207 -460.07641602 -4.89442996
208 -461.89617920 -4.91378914
209 -454.41104126 -4.83416001
210 -454.98358154 -4.84025087
211 -449.23095703 -4.77905273
212 -442.99426270 -4.71270492
213 -446.56460571 -4.75068729
214 -447.05798340 -4.75593599
215 -449.21392822 -4.77887158
216 -456.40887451 -4.85541356
217 -453.75262451 -4.82715558
218 -455.46594238 -4.84538237
219 -450.26330566 -4.79003517
220 -449.79321289 -4.78503418
221 -446.84524536 -4.75367282
222 -445.45495605 -4.73888251
223 -447.68713379 -4.76262908
224 -443.67071533 -4.71990123
225 -442.25231934 -4.70481191
226 -435.58489990 -4.63388191
227 -437.12860107 -4.65030427
228 -432.42211914 -4.60023531
229 -426.15130615 -4.53352453
230 -428.88171387 -4.56257142
231 -422.63244629 -4.49608985
232 -422.15966797 -4.49106030
233 -423.15454102 -4.50164405
234 -421.01153564 -4.47884612
235 -423.40362549 -4.50429389
236 -422.83081055 -4.49820011
237 -416.12033081 -4.42681203
238 -414.48052979 -4.40936734
239 -413.00286865 -4.39364754
240 -419.48876953 -4.46264648
241 -425.89315796 -4.53077828
242 -431.07794189 -4.58593555
243 -436.60601807 -4.64474487
244 -436.51788330 -4.64380727
245 -434.70706177 -4.62454321
246 -434.24169922 -4.61959254
247 -429.67230225 -4.57098194
248 -426.28002930 -4.53489393
249 -422.79946899 -4.49786669
250 -420.65802002 -4.47508532
251 -413.06671143 -4.39432672
252 -403.05313110 -4.28779927
253 -409.53106689 -4.35671348
254 -409.71368408 -4.35865621
255 -407.29949951 -4.33297340
256 -408.03106689 -4.34075603
257 -408.57949829 -4.34659041
258 -405.55627441 -4.31442845
259 -410.07342529 -4.36248325
260 -407.13543701 -4.33122805
261 -405.27301025 -4.31141500
262 -398.21545410 -4.23633462
263 -405.40539551 -4.31282336
264 -404.18652344 -4.29985663
265 -411.15985107 -4.37404097
266 -409.40185547 -4.35533889
267 -406.48718262 -4.32433173
268 -408.94348145 -4.35046257
269 -411.01190186 -4.37246704
270 -411.42858887 -4.37689988
271 -402.95562744 -4.28676199
272 -404.23944092 -4.30041958
273 -404.05462646 -4.29845347
274 -407.54479980 -4.33558298
275 -408.17712402 -4.34230983
276 -410.13604736 -4.36314944
277 -414.07638550 -4.40506793
278 -419.38208008 -4.46151149
279 -423.75207520 -4.50800080
280 -428.00457764 -4.55324019
281 -430.03118896 -4.57479988
282 -428.02099609 -4.55341485
283 -435.19897461 -4.62977633
284 -440.89147949 -4.69033489
285 -436.27288818 -4.64120094
286 -434.94927979 -4.62712000
287 -436.05029297 -4.63883290
288 -432.18066406 -4.59766664
289 -427.55270386 -4.54843302
290 -427.63732910 -4.54933329
291 -430.52429199 -4.58004566
292 -431.98559570 -4.59559144
293 -431.41027832 -4.58947105
294 -432.48370361 -4.60089046
295 -436.22314453 -4.64067175
296 -437.18634033 -4.65091851
297 -430.15548706 -4.57612220
298 -416.99499512 -4.43611697
299 -419.40588379 -4.46176472
300 -420.45294189 -4.47290364
301 -421.95959473 -4.48893186
302 -427.13555908 -4.54399531
303 -428.26913452 -4.55605462
304 -428.35791016 -4.55699904
305 -429.45397949 -4.56865936
306 -426.47290039 -4.53694575
307 -428.54016113 -4.55893788
308 -431.52301025 -4.59067032
309 -433.50106812 -4.61171349
310 -435.61914062 -4.63424618
311 -436.38195801 -4.64236126
312 -435.83612061 -4.63655447
313 -434.88629150 -4.62644991
314 -436.60137939 -4.64469553
