0 -771.31677246 -7.14182197
1 -771.31750488 -7.14182875
2 -771.31848145 -7.14183779
3 -771.31817627 -7.14183497
4 -771.31671143 -7.14182140
5 -771.31701660 -7.14182423
6 -771.31805420 -7.14183384
7 -771.31677246 -7.14182197
8 -771.31713867 -7.14182536
9 -771.31744385 -7.14182818
10 -771.31738281 -7.14182762
11 -771.31512451 -7.14180671
12 -771.31683350 -7.14182253
13 -771.31585693 -7.14181349
14 -771.31579590 -7.14181292
15 -771.31488037 -7.14180445
16 -771.31347656 -7.14179145
17 -771.31347656 -7.14179145
18 -771.31274414 -7.14178467
19 -771.31298828 -7.14178693
20 -771.31011963 -7.14176037
21 -771.31170654 -7.14177506
22 -771.31182861 -7.14177619
23 -771.31030273 -7.14176206
24 -771.31213379 -7.14177902
25 -771.30780029 -7.14173889
26 -771.30859375 -7.14174624
27 -771.30828857 -7.14174341
28 -771.30895996 -7.14174963
29 -771.30688477 -7.14173041
30 -771.30676270 -7.14172928
31 -771.30676270 -7.14172928
32 -771.30590820 -7.14172137
33 -771.30456543 -7.14170894
34 -771.30358887 -7.14169990
35 -771.30310059 -7.14169538
36 -771.30419922 -7.14170555
37 -771.30297852 -7.14169425
38 -771.30334473 -7.14169764
39 -771.30297852 -7.14169425
40 -771.30322266 -7.14169651
41 -771.30291748 -7.14169368
42 -771.30328369 -7.14169707
43 -771.30383301 -7.14170216
44 -771.30090332 -7.14167503
45 -771.30462646 -7.14170950
46 -771.30169678 -7.14168238
47 -771.30126953 -7.14167842
48 -771.30413818 -7.14170498
49 -771.30255127 -7.14169029
50 -771.30126953 -7.14167842
51 -771.30163574 -7.14168181
52 -771.29949951 -7.14166203
53 -771.30163574 -7.14168181
54 -771.30041504 -7.14167051
55 -771.30102539 -7.14167616
56 -771.30029297 -7.14166938
57 -771.30163574 -7.14168181
58 -771.29943848 -7.14166147
59 -771.30096436 -7.14167560
60 -771.30072021 -7.14167334
61 -771.29962158 -7.14166316
62 -771.30017090 -7.14166825
63 -771.29943848 -7.14166147
64 -771.29986572 -7.14166542
65 -771.29913330 -7.14165864
66 -771.30029297 -7.14166938
67 -771.29827881 -7.14165073
68 -771.29760742 -7.14164451
69 -771.29632568 -7.14163265
70 -771.29699707 -7.14163886
71 -771.29882812 -7.14165582
72 -771.29840088 -7.14165186
73 -771.29852295 -7.14165299
74 -771.29925537 -7.14165977
75 -771.29876709 -7.14165525
76 -771.29827881 -7.14165073
77 -771.29870605 -7.14165469
78 -771.29675293 -7.14163660
79 -771.29913330 -7.14165864
80 -771.29779053 -7.14164621
81 -771.29724121 -7.14164112
82 -771.29840088 -7.14165186
83 -771.29815674 -7.14164960
84 -771.29779053 -7.14164621
85 -771.29705811 -7.14163943
86 -771.29760742 -7.14164451
87 -771.29553223 -7.14162530
88 -771.29650879 -7.14163434
89 -771.29486084 -7.14161908
90 -771.29687500 -7.14163773
91 -771.29553223 -7.14162530
92 -771.29431152 -7.14161400
93 -771.29534912 -7.14162360
94 -771.29571533 -7.14162699
95 -771.29602051 -7.14162982
96 -771.29333496 -7.14160495
97 -771.29174805 -7.14159026
98 -771.29412842 -7.14161230
99 -771.29284668 -7.14160043
100 -771.29431152 -7.14161400
101 -771.29284668 -7.14160043
102 -771.29278564 -7.14159987
103 -771.29241943 -7.14159648
104 -771.29010010 -7.14157500
105 -771.29077148 -7.14158122
106 -771.29083252 -7.14158178
107 -771.29205322 -7.14159309
108 -771.29040527 -7.14157783
109 -771.29064941 -7.14158009
110 -771.28924561 -7.14156709
111 -771.28869629 -7.14156200
112 -771.29089355 -7.14158235
113 -771.28857422 -7.14156087
114 -771.29315186 -7.14160326
115 -771.29034424 -7.14157726
116 -771.29229736 -7.14159535
117 -771.29180908 -7.14159082
118 -771.28918457 -7.14156652
119 -771.29180908 -7.14159082
120 -771.29022217 -7.14157613
121 -771.29052734 -7.14157896
122 -771.28930664 -7.14156765
123 -771.28930664 -7.14156765
124 -771.29064941 -7.14158009
125 -771.29125977 -7.14158574
126 -771.29058838 -7.14157952
127 -771.28863525 -7.14156144
128 -771.28955078 -7.14156991
129 -771.28802490 -7.14155579
130 -771.28820801 -7.14155748
131 -771.28857422 -7.14156087
132 -771.28936768 -7.14156822
133 -771.29101562 -7.14158348
134 -771.29156494 -7.14158856
135 -771.29022217 -7.14157613
136 -771.29058838 -7.14157952
137 -771.28802490 -7.14155579
138 -771.28912354 -7.14156596
139 -771.28973389 -7.14157161
140 -771.28930664 -7.14156765
141 -771.28991699 -7.14157331
142 -771.28894043 -7.14156426
143 -771.28875732 -7.14156257
144 -771.28808594 -7.14155635
145 -771.28851318 -7.14156031
146 -771.28839111 -7.14155918
147 -771.28680420 -7.14154448
148 -771.28820801 -7.14155748
149 -771.28936768 -7.14156822
150 -771.28820801 -7.14155748
151 -771.28796387 -7.14155522
152 -771.28881836 -7.14156313
153 -771.28778076 -7.14155353
154 -771.28735352 -7.14154957
155 -771.28845215 -7.14155974
156 -771.28826904 -7.14155805
157 -771.28881836 -7.14156313
158 -771.28833008 -7.14155861
159 -771.28887939 -7.14156370
160 -771.28863525 -7.14156144
161 -771.28948975 -7.14156935
162 -771.28906250 -7.14156539
163 -771.28912354 -7.14156596
164 -771.28735352 -7.14154957
165 -771.28778076 -7.14155353
166 -771.28942871 -7.14156878
167 -771.28930664 -7.14156765
168 -771.28930664 -7.14156765
169 -771.28948975 -7.14156935
170 -771.29058838 -7.14157952
171 -771.29077148 -7.14158122
172 -771.29095459 -7.14158291
173 -771.29064941 -7.14158009
174 -771.29223633 -7.14159478
175 -771.29107666 -7.14158404
176 -771.29144287 -7.14158743
177 -771.29144287 -7.14158743
178 -771.29089355 -7.14158235
179 -771.29022217 -7.14157613
180 -771.28979492 -7.14157218
181 -771.29034424 -7.14157726
182 -771.29040527 -7.14157783
183 -771.29010010 -7.14157500
184 -771.29046631 -7.14157839
185 -771.28973389 -7.14157161
186 -771.29071045 -7.14158065
187 -771.28967285 -7.14157104
188 -771.28955078 -7.14156991
189 -771.28845215 -7.14155974
190 -771.29095459 -7.14158291
191 -771.29028320 -7.14157670
192 -771.28985596 -7.14157274
193 -771.29071045 -7.14158065
194 -771.28985596 -7.14157274
195 -771.29064941 -7.14158009
196 -771.29077148 -7.14158122
197 -771.28930664 -7.14156765
198 -771.29064941 -7.14158009
199 -771.28918457 -7.14156652
200 -771.28979492 -7.14157218
201 -771.28948975 -7.14156935
202 -771.28814697 -7.14155692
203 -771.28747559 -7.14155070
204 -771.28826904 -7.14155805
205 -771.28759766 -7.14155183
206 -771.28833008 -7.14155861
207 -771.28619385 -7.14153883
208 -771.28808594 -7.14155635
209 -771.28619385 -7.14153883
210 -771.28656006 -7.14154222
211 -771.28570557 -7.14153431
212 -771.28631592 -7.14153996
213 -771.28582764 -7.14153544
214 -771.28582764 -7.14153544
215 -771.28479004 -7.14152583
216 -771.28350830 -7.14151397
217 -771.28582764 -7.14153544
218 -771.28503418 -7.14152809
219 -771.28393555 -7.14151792
220 -771.28387451 -7.14151736
221 -771.28350830 -7.14151397
222 -771.28277588 -7.14150718
223 -771.28466797 -7.14152470
224 -771.28204346 -7.14150040
225 -771.28314209 -7.14151057
226 -771.28308105 -7.14151001
227 -771.28381348 -7.14151679
228 -771.28326416 -7.14151171
229 -771.28173828 -7.14149758
230 -771.28387451 -7.14151736
231 -771.28375244 -7.14151623
232 -771.28363037 -7.14151510
233 -771.28240967 -7.14150379
234 -771.28295898 -7.14150888
235 -771.28411865 -7.14151962
236 -771.28106689 -7.14149136
237 -771.28363037 -7.14151510
238 -771.28405762 -7.14151905
239 -771.28326416 -7.14151171
240 -771.28430176 -7.14152131
241 -771.28198242 -7.14149984
242 -771.28326416 -7.14151171
243 -771.28411865 -7.14151962
244 -771.28277588 -7.14150718
245 -771.28405762 -7.14151905
246 -771.28491211 -7.14152696
247 -771.28509521 -7.14152866
248 -771.28643799 -7.14154109
249 -771.28643799 -7.14154109
250 -771.28698730 -7.14154618
251 -771.28594971 -7.14153657
252 -771.28594971 -7.14153657
253 -771.28613281 -7.14153827
254 -771.28546143 -7.14153205
255 -771.28674316 -7.14154392
256 -771.28686523 -7.14154505
257 -771.28601074 -7.14153714
258 -771.28533936 -7.14153092
259 -771.28448486 -7.14152301
260 -771.28558350 -7.14153318
261 -771.28540039 -7.14153149
262 -771.28588867 -7.14153601
263 -771.28479004 -7.14152583
264 -771.28656006 -7.14154222
265 -771.28552246 -7.14153262
266 -771.28564453 -7.14153375
267 -771.28887939 -7.14156370
268 -771.28637695 -7.14154053
269 -771.28485107 -7.14152640
270 -771.28674316 -7.14154392
271 -771.28558350 -7.14153318
272 -771.28649902 -7.14154166
273 -771.28448486 -7.14152301
274 -771.28613281 -7.14153827
275 -771.28564453 -7.14153375
276 -771.28656006 -7.14154222
277 -771.28656006 -7.14154222
278 -771.28656006 -7.14154222
279 -771.28588867 -7.14153601
280 -771.28698730 -7.14154618
281 -771.28527832 -7.14153035
282 -771.28570557 -7.14153431
283 -771.28369141 -7.14151566
284 -771.28356934 -7.14151453
285 -771.28527832 -7.14153035
286 -771.28491211 -7.14152696
287 -771.28302002 -7.14150944
288 -771.28387451 -7.14151736
289 -771.28167725 -7.14149701
290 -771.28265381 -7.14150605
291 -771.28198242 -7.14149984
292 -771.28192139 -7.14149927
293 -771.28155518 -7.14149588
294 -771.28216553 -7.14150153
295 -771.28088379 -7.14148966
296 -771.28100586 -7.14149079
297 -771.28039551 -7.14148514
298 -771.27984619 -7.14148006
299 -771.27911377 -7.14147328
300 -771.27923584 -7.14147441
301 -771.27899170 -7.14147215
302 -771.27947998 -7.14147667
303 -771.27746582 -7.14145802
304 -771.27880859 -7.14147045
305 -771.27868652 -7.14146932
306 -771.27941895 -7.14147610
307 -771.27880859 -7.14147045
308 -771.28015137 -7.14148288
309 -771.27923584 -7.14147441
310 -771.27935791 -7.14147554
311 -771.27838135 -7.14146649
312 -771.27850342 -7.14146762
313 -771.27752686 -7.14145858
314 -771.27783203 -7.14146141
315 -771.27844238 -7.14146706
316 -771.27740479 -7.14145745
317 -771.27593994 -7.14144389
318 -771.27716064 -7.14145519
319 -771.27697754 -7.14145350
320 -771.27630615 -7.14144728
321 -771.27496338 -7.14143485
322 -771.27557373 -7.14144050
323 -771.27569580 -7.14144163
324 -771.27502441 -7.14143541
325 -771.27581787 -7.14144276
326 -771.27575684 -7.14144219
327 -771.27508545 -7.14143598
328 -771.27709961 -7.14145463
329 -771.27557373 -7.14144050
330 -771.27465820 -7.14143202
331 -771.27593994 -7.14144389
332 -771.27563477 -7.14144106
333 -771.27691650 -7.14145293
334 -771.27697754 -7.14145350
335 -771.27709961 -7.14145463
336 -771.27868652 -7.14146932
337 -771.27679443 -7.14145180
338 -771.27734375 -7.14145689
339 -771.27838135 -7.14146649
340 -771.27716064 -7.14145519
341 -771.27856445 -7.14146819
342 -771.27661133 -7.14145010
343 -771.27691650 -7.14145293
344 -771.27813721 -7.14146423
345 -771.27825928 -7.14146536
346 -771.27862549 -7.14146875
347 -771.27929688 -7.14147497
348 -771.28033447 -7.14148458
349 -771.27935791 -7.14147554
350 -771.28106689 -7.14149136
351 -771.28027344 -7.14148401
352 -771.27893066 -7.14147158
353 -771.27966309 -7.14147836
354 -771.27838135 -7.14146649
355 -771.27850342 -7.14146762
356 -771.28027344 -7.14148401
357 -771.27832031 -7.14146593
358 -771.27960205 -7.14147780
359 -771.27587891 -7.14144332
360 -771.27789307 -7.14146197
361 -771.27874756 -7.14146988
362 -771.27825928 -7.14146536
363 -771.27960205 -7.14147780
364 -771.27789307 -7.14146197
365 -771.27752686 -7.14145858
366 -771.27795410 -7.14146254
367 -771.27514648 -7.14143654
368 -771.27728271 -7.14145632
369 -771.27404785 -7.14142637
370 -771.27587891 -7.14144332
371 -771.27331543 -7.14141959
372 -771.27539062 -7.14143880
373 -771.27191162 -7.14140659
374 -771.27563477 -7.14144106
375 -771.27362061 -7.14142241
376 -771.27618408 -7.14144615
377 -771.27246094 -7.14141168
378 -771.27429199 -7.14142863
379 -771.27209473 -7.14140828
380 -771.27410889 -7.14142693
381 -771.27093506 -7.14139755
382 -771.27160645 -7.14140376
383 -771.27099609 -7.14139811
384 -771.27386475 -7.14142467
385 -771.27227783 -7.14140998
386 -771.27520752 -7.14143711
387 -771.27264404 -7.14141337
388 -771.27319336 -7.14141846
389 -771.27185059 -7.14140602
390 -771.27160645 -7.14140376
391 -771.27288818 -7.14141563
392 -771.27172852 -7.14140489
393 -771.27307129 -7.14141733
394 -771.27270508 -7.14141394
395 -771.27441406 -7.14142976
396 -771.27374268 -7.14142354
397 -771.27203369 -7.14140772
398 -771.27166748 -7.14140433
399 -771.27398682 -7.14142580
400 -771.27166748 -7.14140433
401 -771.27313232 -7.14141789
402 -771.27362061 -7.14142241
403 -771.27252197 -7.14141224
404 -771.27325439 -7.14141902
405 -771.27435303 -7.14142919
406 -771.27423096 -7.14142806
407 -771.27258301 -7.14141281
408 -771.27331543 -7.14141959
409 -771.27270508 -7.14141394
410 -771.27294922 -7.14141620
411 -771.27362061 -7.14142241
412 -771.27441406 -7.14142976
413 -771.27307129 -7.14141733
414 -771.27313232 -7.14141789
415 -771.27319336 -7.14141846
416 -771.27355957 -7.14142185
417 -771.27038574 -7.14139246
418 -771.27252197 -7.14141224
419 -771.27246094 -7.14141168
420 -771.27087402 -7.14139698
421 -771.27209473 -7.14140828
422 -771.27288818 -7.14141563
423 -771.27026367 -7.14139133
424 -771.27239990 -7.14141111
425 -771.27124023 -7.14140037
426 -771.27166748 -7.14140433
427 -771.27258301 -7.14141281
428 -771.27319336 -7.14141846
429 -771.27362061 -7.14142241
430 -771.26995850 -7.14138850
431 -771.27148438 -7.14140263
432 -771.27087402 -7.14139698
433 -771.27117920 -7.14139981
434 -771.27148438 -7.14140263
435 -771.27124023 -7.14140037
436 -771.27093506 -7.14139755
437 -771.27044678 -7.14139303
438 -771.27075195 -7.14139585
439 -771.27020264 -7.14139077
440 -771.27172852 -7.14140489
441 -771.27081299 -7.14139642
442 -771.26922607 -7.14138172
443 -771.26983643 -7.14138737
444 -771.27233887 -7.14141055
445 -771.27215576 -7.14140885
446 -771.27117920 -7.14139981
447 -771.27191162 -7.14140659
448 -771.27050781 -7.14139359
449 -771.27246094 -7.14141168
450 -771.27282715 -7.14141507
451 -771.27233887 -7.14141055
452 -771.27270508 -7.14141394
453 -771.27111816 -7.14139924
454 -771.27142334 -7.14140207
455 -771.27282715 -7.14141507
456 -771.27264404 -7.14141337
457 -771.27301025 -7.14141676
458 -771.27282715 -7.14141507
459 -771.27246094 -7.14141168
460 -771.26977539 -7.14138681
461 -771.27215576 -7.14140885
462 -771.27050781 -7.14139359
463 -771.27081299 -7.14139642
464 -771.27178955 -7.14140546
465 -771.27117920 -7.14139981
466 -771.27130127 -7.14140094
467 -771.27423096 -7.14142806
468 -771.27124023 -7.14140037
469 -771.27294922 -7.14141620
470 -771.27185059 -7.14140602
471 -771.27081299 -7.14139642
472 -771.27130127 -7.14140094
473 -771.27130127 -7.14140094
474 -771.27209473 -7.14140828
475 -771.27038574 -7.14139246
476 -771.27178955 -7.14140546
477 -771.27258301 -7.14141281
478 -771.27050781 -7.14139359
479 -771.27087402 -7.14139698
480 -771.27197266 -7.14140715
481 -771.27044678 -7.14139303
482 -771.27124023 -7.14140037
483 -771.26855469 -7.14137551
484 -771.26892090 -7.14137890
485 -771.26831055 -7.14137325
486 -771.26873779 -7.14137720
487 -771.27044678 -7.14139303
488 -771.27124023 -7.14140037
489 -771.27099609 -7.14139811
490 -771.27124023 -7.14140037
491 -771.27178955 -7.14140546
492 -771.27404785 -7.14142637
493 -771.27038574 -7.14139246
494 -771.27307129 -7.14141733
495 -771.27288818 -7.14141563
496 -771.27069092 -7.14139529
497 -771.27319336 -7.14141846
498 -771.27362061 -7.14142241
499 -771.27337646 -7.14142015
500 -771.27447510 -7.14143032
501 -771.27386475 -7.14142467
502 -771.27355957 -7.14142185
503 -771.27404785 -7.14142637
504 -771.27325439 -7.14141902
505 -771.27416992 -7.14142750
506 -771.27343750 -7.14142072
507 -771.27239990 -7.14141111
508 -771.27294922 -7.14141620
509 -771.27185059 -7.14140602
510 -771.27319336 -7.14141846
511 -771.27307129 -7.14141733
512 -771.27246094 -7.14141168
513 -771.27331543 -7.14141959
514 -771.27270508 -7.14141394
515 -771.27270508 -7.14141394
516 -771.27362061 -7.14142241
517 -771.27301025 -7.14141676
518 -771.27288818 -7.14141563
519 -771.27258301 -7.14141281
520 -771.27349854 -7.14142128
521 -771.27154541 -7.14140320
522 -771.27166748 -7.14140433
523 -771.27264404 -7.14141337
524 -771.27154541 -7.14140320
525 -771.27215576 -7.14140885
526 -771.27252197 -7.14141224
527 -771.27380371 -7.14142411
528 -771.27026367 -7.14139133
529 -771.27026367 -7.14139133
530 -771.27075195 -7.14139585
531 -771.26776123 -7.14136816
532 -771.26892090 -7.14137890
533 -771.26916504 -7.14138116
534 -771.26867676 -7.14137664
535 -771.26721191 -7.14136307
536 -771.26708984 -7.14136194
537 -771.26879883 -7.14137777
538 -771.26684570 -7.14135968
539 -771.26660156 -7.14135742
540 -771.26794434 -7.14136985
541 -771.26702881 -7.14136138
542 -771.26788330 -7.14136929
543 -771.26696777 -7.14136081
544 -771.26654053 -7.14135686
545 -771.26611328 -7.14135290
546 -771.26641846 -7.14135573
547 -771.26751709 -7.14136590
548 -771.26745605 -7.14136533
549 -771.26776123 -7.14136816
550 -771.26696777 -7.14136081
551 -771.26684570 -7.14135968
552 -771.26641846 -7.14135573
553 -771.26605225 -7.14135234
554 -771.26617432 -7.14135347
555 -771.26385498 -7.14133199
556 -771.26263428 -7.14132069
557 -771.26641846 -7.14135573
558 -771.26495361 -7.14134216
559 -771.26391602 -7.14133256
560 -771.26568604 -7.14134894
561 -771.26599121 -7.14135177
562 -771.26556396 -7.14134781
563 -771.26586914 -7.14135064
564 -771.26525879 -7.14134499
565 -771.26678467 -7.14135912
566 -771.26550293 -7.14134725
567 -771.26416016 -7.14133482
568 -771.26531982 -7.14134555
569 -771.26708984 -7.14136194
570 -771.26605225 -7.14135234
571 -771.26647949 -7.14135629
572 -771.26647949 -7.14135629
573 -771.26403809 -7.14133369
574 -771.26757812 -7.14136646
575 -771.26519775 -7.14134442
576 -771.26654053 -7.14135686
577 -771.26708984 -7.14136194
578 -771.26727295 -7.14136364
579 -771.26513672 -7.14134386
580 -771.26837158 -7.14137381
581 -771.26611328 -7.14135290
