0 -479.76699829 -6.75728167
1 -479.78106689 -6.75747982
2 -479.78796387 -6.75757696
3 -479.79351807 -6.75765518
4 -479.79806519 -6.75771923
5 -479.80175781 -6.75777124
6 -479.80609131 -6.75783227
7 -479.80914307 -6.75787525
8 -479.81283569 -6.75792726
9 -479.81585693 -6.75796982
10 -479.81872559 -6.75801022
11 -479.82122803 -6.75804547
12 -479.82421875 -6.75808759
13 -479.82653809 -6.75812025
14 -479.82885742 -6.75815292
15 -479.83123779 -6.75818645
16 -479.83331299 -6.75821568
17 -479.83575439 -6.75825006
18 -479.83825684 -6.75828531
19 -479.84020996 -6.75831282
20 -479.84234619 -6.75834290
21 -479.84399414 -6.75836611
22 -479.84606934 -6.75839534
23 -479.84783936 -6.75842027
24 -479.84973145 -6.75844692
25 -479.85101318 -6.75846497
26 -479.85284424 -6.75849076
27 -479.85430908 -6.75851140
28 -479.85586548 -6.75853332
29 -479.85656738 -6.75854320
30 -479.85754395 -6.75855696
31 -479.85943604 -6.75858361
32 -479.86096191 -6.75860510
