0 -704.18164062 -6.83671496
1 -704.23120117 -6.83719613
2 -704.26824951 -6.83755582
3 -704.29589844 -6.83782426
4 -704.31469727 -6.83800677
5 -704.32690430 -6.83812528
6 -704.33471680 -6.83820113
7 -704.34185791 -6.83827047
8 -704.34722900 -6.83832261
9 -704.35095215 -6.83835876
10 -704.35430908 -6.83839135
11 -704.35778809 -6.83842513
12 -704.36083984 -6.83845476
13 -704.36340332 -6.83847964
14 -704.36474609 -6.83849268
15 -704.36682129 -6.83851283
16 -704.36853027 -6.83852942
17 -704.37084961 -6.83855194
18 -704.37207031 -6.83856379
19 -704.37347412 -6.83857742
20 -704.37487793 -6.83859105
21 -704.37646484 -6.83860645
22 -704.37768555 -6.83861831
