0 -875.03106689 -7.35320224
1 -874.09582520 -7.34534307
2 -872.50219727 -7.33195124
3 -869.80187988 -7.30925949
4 -866.83868408 -7.28435869
5 -863.27282715 -7.25439351
6 -858.19476318 -7.21172070
7 -852.44573975 -7.16340958
8 -846.55889893 -7.11394033
9 -839.81353760 -7.05725662
10 -831.97430420 -6.99138071
11 -824.75378418 -6.93070407
12 -817.18066406 -6.86706440
13 -809.06781006 -6.79888916
14 -802.00610352 -6.73954709
15 -793.12652588 -6.66492879
16 -784.92578125 -6.59601497
17 -778.07165527 -6.53841727
18 -771.98187256 -6.48724263
19 -765.53479004 -6.43306546
20 -756.95825195 -6.36099371
21 -749.98590088 -6.30240253
22 -742.59887695 -6.24032670
23 -736.84674072 -6.19198942
24 -729.34899902 -6.12898319
25 -722.36145020 -6.07026429
26 -713.64514160 -5.99701800
27 -708.39892578 -5.95293215
28 -702.76525879 -5.90559041
29 -695.56988525 -5.84512509
30 -689.21929932 -5.79175882
31 -682.80133057 -5.73782631
32 -676.72406006 -5.68675681
33 -671.49981689 -5.64285560
34 -667.11383057 -5.60599858
35 -663.29754639 -5.57392896
36 -658.89770508 -5.53695550
37 -654.17535400 -5.49727188
38 -649.74133301 -5.46001120
39 -644.60083008 -5.41681370
40 -639.96429443 -5.37785121
41 -635.60998535 -5.34126038
42 -630.12707520 -5.29518551
43 -626.04412842 -5.26087503
44 -622.40490723 -5.23029334
45 -616.12561035 -5.17752614
46 -611.71704102 -5.14047934
47 -606.89752197 -5.09997918
48 -600.79180908 -5.04867066
49 -594.19506836 -4.99323587
50 -588.80322266 -4.94792624
