0 -544.97039795 -6.81212997
1 -543.64385986 -6.79554825
2 -542.23303223 -6.77791290
3 -540.91522217 -6.76144028
4 -539.28424072 -6.74105301
5 -539.55120850 -6.74439011
6 -538.13873291 -6.72673416
7 -536.55078125 -6.70688477
8 -534.50769043 -6.68134613
9 -532.35668945 -6.65445862
10 -529.35430908 -6.61692886
11 -529.78985596 -6.62237320
12 -527.00634766 -6.58757935
13 -525.27465820 -6.56593323
14 -524.51904297 -6.55648804
15 -524.66528320 -6.55831604
16 -521.85742188 -6.52321777
17 -518.55316162 -6.48191452
18 -515.90051270 -6.44875641
19 -517.62963867 -6.47037048
20 -517.59741211 -6.46996765
21 -513.18572998 -6.41482162
22 -511.03979492 -6.38799744
23 -511.78680420 -6.39733505
24 -512.12408447 -6.40155106
25 -510.36044312 -6.37950554
26 -506.90380859 -6.33629761
27 -505.11602783 -6.31395035
28 -504.38641357 -6.30483017
29 -505.35330200 -6.31691628
30 -502.97686768 -6.28721085
31 -500.91760254 -6.26147003
32 -498.57867432 -6.23223343
33 -496.13055420 -6.20163193
34 -493.47293091 -6.16841164
35 -492.47656250 -6.15595703
36 -491.83709717 -6.14796371
37 -495.07315063 -6.18841438
38 -494.60296631 -6.18253708
39 -493.43209839 -6.16790123
40 -495.26123047 -6.19076538
41 -494.64321899 -6.18304024
42 -496.63311768 -6.20791397
43 -495.01220703 -6.18765259
44 -494.64569092 -6.18307114
45 -492.56448364 -6.15705605
46 -488.65887451 -6.10823593
47 -483.34158325 -6.04176979
48 -488.88928223 -6.11111603
49 -484.95138550 -6.06189232
50 -485.17144775 -6.06464310
51 -483.90661621 -6.04883270
52 -486.55889893 -6.08198624
53 -484.49050903 -6.05613136
54 -487.34671021 -6.09183388
55 -484.59014893 -6.05737686
56 -477.26812744 -5.96585159
57 -473.01248169 -5.91265602
58 -469.34243774 -5.86678047
59 -468.45748901 -5.85571861
60 -470.00613403 -5.87507668
61 -465.99667358 -5.82495842
62 -463.97705078 -5.79971313
63 -463.94430542 -5.79930382
64 -464.19131470 -5.80239143
65 -471.81817627 -5.89772720
66 -468.46505737 -5.85581322
67 -464.77777100 -5.80972214
68 -465.07077026 -5.81338463
69 -460.57772827 -5.75722160
70 -458.89868164 -5.73623352
71 -455.26370239 -5.69079628
72 -454.13616943 -5.67670212
73 -454.78491211 -5.68481140
74 -451.89059448 -5.64863243
75 -450.88726807 -5.63609085
76 -450.01974487 -5.62524681
77 -445.97167969 -5.57464600
78 -437.94003296 -5.47425041
79 -436.81860352 -5.46023254
80 -438.31555176 -5.47894440
81 -440.51602173 -5.50645027
82 -443.39666748 -5.54245834
83 -443.08053589 -5.53850670
84 -437.94345093 -5.47429314
85 -443.43548584 -5.54294357
86 -439.78283691 -5.49728546
87 -440.63562012 -5.50794525
88 -436.34909058 -5.45436363
89 -437.28381348 -5.46604767
90 -437.27423096 -5.46592789
91 -435.54055786 -5.44425697
92 -432.95178223 -5.41189728
93 -434.13034058 -5.42662926
94 -431.39587402 -5.39244843
95 -418.85308838 -5.23566360
96 -409.78961182 -5.12237015
97 -403.38427734 -5.04230347
98 -393.67941284 -4.92099266
99 -383.88922119 -4.79861526
100 -374.27661133 -4.67845764
101 -365.25683594 -4.56571045
102 -365.09829712 -4.56372871
103 -369.46313477 -4.61828918
104 -360.74151611 -4.50926895
105 -362.13986206 -4.52674828
106 -362.25061035 -4.52813263
107 -352.18688965 -4.40233612
108 -356.33456421 -4.45418205
109 -359.20812988 -4.49010162
110 -353.21972656 -4.41524658
111 -350.20571899 -4.37757149
112 -354.22521973 -4.42781525
113 -352.10931396 -4.40136642
114 -357.67535400 -4.47094193
115 -349.65301514 -4.37066269
116 -348.84323120 -4.36054039
117 -359.46292114 -4.49328651
118 -346.64868164 -4.33310852
119 -343.20715332 -4.29008942
120 -346.07482910 -4.32593536
121 -353.08544922 -4.41356812
122 -364.15084839 -4.55188560
123 -373.82553101 -4.67281914
124 -370.63690186 -4.63296127
125 -367.51336670 -4.59391708
126 -363.71038818 -4.54637985
127 -353.47021484 -4.41837769
128 -358.22912598 -4.47786407
129 -355.86593628 -4.44832420
130 -360.91754150 -4.51146927
131 -361.39880371 -4.51748505
132 -343.54687500 -4.29433594
133 -318.07684326 -3.97596054
134 -309.06860352 -3.86335754
135 -335.69433594 -4.19617920
136 -324.10507202 -4.05131340
137 -294.56170654 -3.68202133
138 -304.31787109 -3.80397339
139 -298.18920898 -3.72736511
140 -301.03692627 -3.76296158
141 -309.81649780 -3.87270622
142 -301.20019531 -3.76500244
143 -312.55053711 -3.90688171
144 -314.78543091 -3.93481789
145 -314.00402832 -3.92505035
146 -304.56619263 -3.80707741
147 -305.08978271 -3.81362228
148 -289.54241943 -3.61928024
149 -278.46923828 -3.48086548
150 -257.58245850 -3.21978073
151 -261.28335571 -3.26604195
152 -275.19329834 -3.43991623
153 -259.60357666 -3.24504471
154 -267.05163574 -3.33814545
155 -272.80621338 -3.41007767
156 -270.16897583 -3.37711220
157 -250.94622803 -3.13682785
158 -233.67184448 -2.92089806
159 -234.12165833 -2.92652073
160 -223.92976379 -2.79912205
161 -223.29602051 -2.79120026
162 -223.06692505 -2.78833656
163 -234.52279663 -2.93153496
164 -256.50360107 -3.20629501
165 -254.31887817 -3.17898598
166 -220.34542847 -2.75431786
167 -226.44552612 -2.83056908
168 -229.74194336 -2.87177429
169 -236.12643433 -2.95158043
170 -231.54135132 -2.89426689
171 -230.96398926 -2.88704987
172 -243.96960449 -3.04962006
173 -247.36425781 -3.09205322
174 -238.88241577 -2.98603020
175 -233.21582031 -2.91519775
176 -218.56954956 -2.73211937
177 -214.44131470 -2.68051643
178 236.63705444 2.95796318
