0 -788.95550537 -6.68606360
1 -787.15246582 -6.67078361
2 -785.99194336 -6.66094867
3 -784.61761475 -6.64930182
4 -783.02099609 -6.63577115
5 -782.39947510 -6.63050403
6 -780.67193604 -6.61586386
7 -777.56286621 -6.58951582
8 -775.56811523 -6.57261115
9 -773.73516846 -6.55707770
10 -772.82946777 -6.54940227
11 -772.26959229 -6.54465756
12 -770.39178467 -6.52874394
13 -768.91735840 -6.51624880
14 -767.68395996 -6.50579627
15 -768.44134521 -6.51221479
16 -765.40002441 -6.48644088
17 -764.31793213 -6.47727061
18 -760.74255371 -6.44697079
19 -760.02172852 -6.44086211
20 -758.18750000 -6.42531780
21 -756.21441650 -6.40859675
22 -754.61700439 -6.39505936
23 -753.40930176 -6.38482459
24 -752.67572021 -6.37860780
25 -750.21038818 -6.35771515
26 -751.21752930 -6.36625025
27 -749.02282715 -6.34765108
28 -746.81781006 -6.32896449
29 -746.21392822 -6.32384685
30 -742.11181641 -6.28908319
31 -741.69299316 -6.28553384
32 -738.38922119 -6.25753577
33 -737.90557861 -6.25343711
34 -735.46276855 -6.23273533
35 -735.41973877 -6.23237067
36 -732.33746338 -6.20624969
37 -732.63385010 -6.20876144
38 -730.34362793 -6.18935278
39 -728.74536133 -6.17580815
40 -728.72119141 -6.17560332
41 -726.62463379 -6.15783588
42 -724.79241943 -6.14230864
43 -724.13354492 -6.13672496
44 -723.96929932 -6.13533305
45 -723.18750000 -6.12870763
46 -722.14685059 -6.11988856
47 -717.96350098 -6.08443645
48 -717.47247314 -6.08027520
49 -717.74645996 -6.08259712
50 -717.80908203 -6.08312781
51 -717.49511719 -6.08046709
52 -715.71166992 -6.06535313
53 -713.56219482 -6.04713724
54 -705.75506592 -5.98097513
55 -702.11108398 -5.95009393
56 -702.22546387 -5.95106325
57 -700.64562988 -5.93767483
58 -693.97296143 -5.88112679
59 -692.65991211 -5.86999926
60 -696.72875977 -5.90448101
61 -698.54522705 -5.91987481
62 -696.53680420 -5.90285427
63 -695.65985107 -5.89542247
64 -690.22985840 -5.84940558
65 -685.92602539 -5.81293242
66 -683.54711914 -5.79277220
67 -682.76708984 -5.78616178
68 -675.01745605 -5.72048692
69 -677.27978516 -5.73965920
70 -675.94946289 -5.72838528
71 -674.15295410 -5.71316063
72 -671.72930908 -5.69262126
73 -667.15722656 -5.65387480
74 -668.98510742 -5.66936532
75 -667.71087646 -5.65856675
76 -665.92395020 -5.64342331
77 -666.81616211 -5.65098442
78 -662.11633301 -5.61115536
79 -660.85174561 -5.60043852
80 -660.75817871 -5.59964558
81 -658.02630615 -5.57649412
82 -656.77288818 -5.56587193
83 -649.20800781 -5.50176278
84 -648.10766602 -5.49243785
85 -648.62139893 -5.49679152
86 -644.72540283 -5.46377460
87 -642.35028076 -5.44364645
88 -642.18139648 -5.44221522
89 -636.32757568 -5.39260657
90 -633.16229248 -5.36578214
91 -621.25598145 -5.26488120
92 -612.13177490 -5.18755741
93 -602.75744629 -5.10811395
94 -606.97967529 -5.14389555
95 -606.15014648 -5.13686565
96 -603.96899414 -5.11838131
97 -600.09082031 -5.08551543
98 -602.26336670 -5.10392684
99 -603.03717041 -5.11048450
100 -607.28417969 -5.14647610
101 -604.06939697 -5.11923218
102 -608.88201904 -5.16001711
103 -611.61828613 -5.18320581
104 -614.11267090 -5.20434467
105 -614.25238037 -5.20552865
106 -616.83374023 -5.22740458
107 -614.21270752 -5.20519244
108 -612.17694092 -5.18794018
109 -611.72723389 -5.18412910
110 -610.08752441 -5.17023326
111 -607.69561768 -5.14996286
112 -605.96630859 -5.13530770
113 -597.89410400 -5.06689919
114 -587.31799316 -4.97727113
115 -580.12561035 -4.91631873
116 -568.86492920 -4.82088923
117 -569.79467773 -4.82876846
118 -572.89923096 -4.85507823
119 -575.42071533 -4.87644674
120 -570.62792969 -4.83582991
121 -572.32781982 -4.85023576
122 -563.42425537 -4.77478183
123 -568.44714355 -4.81734867
124 -562.15039062 -4.76398636
125 -558.18188477 -4.73035496
126 -562.12420654 -4.76376446
127 -558.49700928 -4.73302550
128 -557.64880371 -4.72583732
129 -560.68994141 -4.75160967
130 -561.60491943 -4.75936372
131 -548.12207031 -4.64510229
132 -539.94000244 -4.57576273
133 -528.89031982 -4.48212135
134 -540.85205078 -4.58349196
135 -537.50573730 -4.55513337
136 -547.16302490 -4.63697479
137 -539.92993164 -4.57567739
138 -538.03344727 -4.55960549
139 -538.05792236 -4.55981290
140 -526.19000244 -4.45923731
141 -539.07708740 -4.56844989
142 -536.97918701 -4.55067108
143 -541.93774414 -4.59269275
144 -543.61206055 -4.60688187
145 -537.43103027 -4.55450026
146 -544.80798340 -4.61701681
147 -536.90161133 -4.55001366
148 -525.92669678 -4.45700590
149 -532.45977783 -4.51237100
150 -522.82879639 -4.43075251
151 -530.86523438 -4.49885792
152 -533.99707031 -4.52539890
153 -529.68353271 -4.48884350
154 -536.47619629 -4.54640844
155 -533.20953369 -4.51872486
156 -524.57830811 -4.44557888
157 -529.64178467 -4.48848970
158 -525.26501465 -4.45139843
159 -515.44622803 -4.36818837
160 -515.28704834 -4.36683939
161 -513.10101318 -4.34831367
162 -505.93328857 -4.28757024
163 -507.92279053 -4.30443043
164 -506.84759521 -4.29531860
165 -513.94195557 -4.35544030
166 -518.84857178 -4.39702179
167 -507.69458008 -4.30249644
168 -503.45730591 -4.26658734
169 -503.69638062 -4.26861340
170 -499.10375977 -4.22969288
171 -477.62918091 -4.04770492
172 -486.34933472 -4.12160453
173 -488.62811279 -4.14091621
174 -481.67858887 -4.08202194
175 -466.49273682 -3.95332828
176 -471.20520020 -3.99326441
177 -469.06469727 -3.97512455
178 -470.63446045 -3.98842763
179 -485.83325195 -4.11723095
180 -486.48199463 -4.12272877
181 -483.53384399 -4.09774444
182 -475.64959717 -4.03092879
183 -487.22338867 -4.12901177
184 -481.96691895 -4.08446541
185 -481.11431885 -4.07723999
186 -483.76892090 -4.09973662
187 -493.90905762 -4.18566998
188 -501.34014893 -4.24864533
189 -494.00244141 -4.18646137
190 -488.87121582 -4.14297641
191 -486.45690918 -4.12251618
192 -469.33294678 -3.97739785
193 -473.54846191 -4.01312256
194 -482.99200439 -4.09315258
195 -477.67520142 -4.04809493
196 -484.20880127 -4.10346442
197 -487.32269287 -4.12985333
198 -488.31698608 -4.13827954
199 -494.35098267 -4.18941511
200 -487.86822510 -4.13447648
201 -487.20727539 -4.12887522
202 -480.45260620 -4.07163226
203 -484.81719971 -4.10862034
204 -492.89007568 -4.17703454
205 -496.45806885 -4.20727177
206 -494.92340088 -4.19426611
207 -486.51556396 -4.12301325
208 -481.53268433 -4.08078546
209 -484.81881714 -4.10863404
210 -483.24414062 -4.09528933
211 -471.82281494 -3.99849843
212 -470.03469849 -3.98334490
213 -458.59173584 -3.88637064
214 -459.86914062 -3.89719611
215 -454.28601074 -3.84988145
216 -466.27670288 -3.95149748
217 -469.59429932 -3.97961271
218 -466.44897461 -3.95295741
219 -467.50897217 -3.96194044
220 -467.85662842 -3.96488668
221 -466.05636597 -3.94963022
222 -475.59960938 -4.03050516
223 -474.75189209 -4.02332112
224 -473.01440430 -4.00859665
225 -485.95892334 -4.11829596
226 -486.64263916 -4.12409016
227 -484.41320801 -4.10519668
228 -480.16345215 -4.06918180
229 -488.43371582 -4.13926878
230 -493.87805176 -4.18540722
231 -500.48663330 -4.24141215
232 -496.07843018 -4.20405449
233 -495.24832153 -4.19701967
234 -499.11434937 -4.22978262
235 -482.46087646 -4.08865150
236 -470.14511108 -3.98428060
237 -481.53393555 -4.08079606
238 -491.81597900 -4.16793203
239 -493.56982422 -4.18279512
240 -499.51394653 -4.23316904
241 -496.56457520 -4.20817437
242 -488.37164307 -4.13874274
243 -500.60302734 -4.24239854
244 -492.40356445 -4.17291156
245 -500.97061157 -4.24551366
246 -503.27655029 -4.26505551
247 -504.25329590 -4.27333302
248 -497.43542480 -4.21555445
249 -491.02282715 -4.16121040
250 -489.12530518 -4.14512970
251 -481.46459961 -4.08020847
252 -475.09124756 -4.02619701
253 -477.54791260 -4.04701621
254 -461.46606445 -3.91072936
255 -448.41656494 -3.80014038
256 -460.79132080 -3.90501119
257 -476.54190063 -4.03849068
258 -473.25689697 -4.01065167
259 -482.84262085 -4.09188662
260 -479.55368042 -4.06401424
261 -487.73034668 -4.13330802
262 -499.74200439 -4.23510173
263 -497.29797363 -4.21438961
264 -494.10119629 -4.18729827
265 -490.01629639 -4.15268048
266 -487.38278198 -4.13036256
267 -481.88031006 -4.08373144
268 -481.29180908 -4.07874414
269 -481.23791504 -4.07828742
270 -487.57177734 -4.13196421
271 -497.56793213 -4.21667739
272 -502.43084717 -4.25788854
273 -492.26214600 -4.17171310
274 -487.85064697 -4.13432752
275 -486.41232300 -4.12213833
276 -490.92541504 -4.16038487
277 -486.86157227 -4.12594553
278 -486.48278809 -4.12273549
279 -484.45739746 -4.10557116
280 -495.07788086 -4.19557526
281 -489.01257324 -4.14417435
282 -487.30474854 -4.12970126
283 -492.85607910 -4.17674643
284 -487.65991211 -4.13271112
285 -481.98168945 -4.08459059
286 -472.07867432 -4.00066673
287 -476.71289062 -4.03993975
288 -486.50207520 -4.12289894
289 -475.87777710 -4.03286252
290 -479.00976562 -4.05940479
291 -479.11767578 -4.06031929
292 -479.90963745 -4.06703083
293 -483.18817139 -4.09481501
294 -468.72521973 -3.97224762
295 -467.45812988 -3.96150958
296 -470.53607178 -3.98759383
297 -468.86267090 -3.97341247
298 -471.27056885 -3.99381838
299 -470.47406006 -3.98706831
300 -476.36315918 -4.03697593
301 -474.75094604 -4.02331310
302 -456.83691406 -3.87149927
303 -458.05718994 -3.88184059
