0 -436.78469849 -6.61794998
1 -435.46270752 -6.59791981
2 -434.16259766 -6.57822118
3 -432.59307861 -6.55444059
4 -431.34866333 -6.53558581
5 -430.06671143 -6.51616229
6 -428.27243042 -6.48897622
7 -426.77880859 -6.46634558
8 -425.20773315 -6.44254141
9 -423.62435913 -6.41855090
10 -421.87725830 -6.39207967
11 -420.43780518 -6.37026978
12 -418.73977661 -6.34454207
13 -418.04821777 -6.33406391
14 -416.17031860 -6.30561089
15 -413.74255371 -6.26882657
16 -412.58682251 -6.25131549
17 -411.29574585 -6.23175372
18 -408.90438843 -6.19552104
19 -406.92114258 -6.16547186
20 -405.24295044 -6.14004470
21 -402.45553589 -6.09781115
22 -401.38839722 -6.08164238
23 -399.06875610 -6.04649630
24 -397.14971924 -6.01741999
25 -394.82733154 -5.98223230
26 -392.59893799 -5.94846876
27 -390.41226196 -5.91533730
28 -388.35919189 -5.88423018
29 -385.47003174 -5.84045503
30 -382.08758545 -5.78920584
31 -380.08395386 -5.75884779
32 -377.99578857 -5.72720892
33 -376.33056641 -5.70197828
34 -373.71362305 -5.66232762
35 -372.91601562 -5.65024266
36 -370.50360107 -5.61369093
37 -367.76293945 -5.57216575
38 -366.68542480 -5.55583977
39 -365.81399536 -5.54263629
40 -365.80673218 -5.54252625
41 -365.23617554 -5.53388145
42 -364.76431274 -5.52673201
43 -363.43469238 -5.50658625
44 -361.87188721 -5.48290738
45 -361.19964600 -5.47272191
46 -360.46658325 -5.46161490
47 -360.34155273 -5.45972050
48 -360.36788940 -5.46011954
49 -359.19183350 -5.44230051
50 -358.02343750 -5.42459754
51 -357.90591431 -5.42281688
52 -358.52536011 -5.43220243
53 -358.64892578 -5.43407463
54 -357.26358032 -5.41308455
55 -357.52844238 -5.41709761
56 -357.08239746 -5.41033936
57 -356.18655396 -5.39676597
58 -355.42758179 -5.38526639
59 -355.50695801 -5.38646906
60 -354.26596069 -5.36766607
61 -353.20816040 -5.35163879
62 -352.09634399 -5.33479309
63 -350.34185791 -5.30820997
64 -349.32763672 -5.29284298
65 -349.09085083 -5.28925532
66 -348.84313965 -5.28550212
67 -348.36547852 -5.27826483
68 -347.25524902 -5.26144317
69 -347.25155640 -5.26138722
70 -346.90292358 -5.25610490
71 -345.74273682 -5.23852632
72 -345.63876343 -5.23695096
73 -343.44967651 -5.20378298
