0 -485.32244873 -6.55841147
1 -485.29925537 -6.55809805
2 -485.25653076 -6.55752069
3 -485.20684814 -6.55684930
4 -485.15899658 -6.55620266
5 -485.15097046 -6.55609420
6 -485.12429810 -6.55573376
7 -485.06439209 -6.55492422
8 -485.08673096 -6.55522609
9 -485.05734253 -6.55482895
10 -485.01251221 -6.55422314
11 -484.96804810 -6.55362227
12 -484.88134766 -6.55245064
13 -484.84017944 -6.55189432
14 -484.79162598 -6.55123819
15 -484.76156616 -6.55083198
16 -484.70660400 -6.55008924
17 -484.66754150 -6.54956137
18 -484.65020752 -6.54932713
19 -484.64855957 -6.54930486
20 -484.60128784 -6.54866605
21 -484.61257935 -6.54881864
22 -484.59396362 -6.54856708
23 -484.49578857 -6.54724039
24 -484.49307251 -6.54720368
25 -484.45983887 -6.54675458
26 -484.47976685 -6.54702388
27 -484.49520874 -6.54723255
28 -484.43246460 -6.54638466
29 -484.38031006 -6.54567987
30 -484.32788086 -6.54497136
31 -484.24423218 -6.54384098
32 -484.32250977 -6.54489878
33 -484.34841919 -6.54524891
34 -484.30056763 -6.54460227
35 -484.25222778 -6.54394902
36 -484.19747925 -6.54320918
37 -484.15921021 -6.54269203
38 -484.18023682 -6.54297617
39 -484.14288330 -6.54247140
40 -484.10324097 -6.54193569
41 -484.01724243 -6.54077355
42 -484.01345825 -6.54072241
43 -483.98947144 -6.54039826
44 -483.89529419 -6.53912560
45 -483.85382080 -6.53856515
46 -483.85229492 -6.53854453
47 -483.83374023 -6.53829379
48 -483.78903198 -6.53768962
49 -483.76214600 -6.53732630
50 -483.70034790 -6.53649119
51 -483.62426758 -6.53546308
52 -483.57662964 -6.53481932
53 -483.48205566 -6.53354129
54 -483.38833618 -6.53227481
55 -483.45993042 -6.53324230
56 -483.39001465 -6.53229750
57 -483.34149170 -6.53164178
58 -483.35772705 -6.53186118
59 -483.31393433 -6.53126938
60 -483.24584961 -6.53034932
61 -483.26663208 -6.53063016
62 -483.31347656 -6.53126320
63 -483.39001465 -6.53229750
64 -483.33270264 -6.53152301
65 -483.32034302 -6.53135599
66 -483.36669922 -6.53198242
67 -483.33920288 -6.53161085
68 -483.21566772 -6.52994146
69 -483.12600708 -6.52872983
70 -483.11212158 -6.52854218
71 -483.13769531 -6.52888777
72 -483.14608765 -6.52900118
73 -483.01293945 -6.52720188
74 -482.85171509 -6.52502318
75 -482.92324829 -6.52598984
76 -483.03140259 -6.52745139
77 -483.05130005 -6.52772027
78 -482.92733765 -6.52604510
79 -482.85577393 -6.52507803
80 -482.85177612 -6.52502400
81 -482.77471924 -6.52398269
82 -482.77850342 -6.52403383
83 -482.77508545 -6.52398764
84 -482.79391479 -6.52424209
85 -482.81588745 -6.52453902
86 -482.72131348 -6.52326099
87 -482.68753052 -6.52280447
88 -482.51184082 -6.52043028
89 -482.50369263 -6.52032017
90 -482.34387207 -6.51816043
91 -482.33383179 -6.51802475
92 -482.35375977 -6.51829405
93 -482.24923706 -6.51688158
94 -482.19003296 -6.51608153
95 -482.28311157 -6.51733935
96 -482.09518433 -6.51479979
97 -482.05490112 -6.51425542
98 -481.99124146 -6.51339515
99 -481.96398926 -6.51302688
100 -481.95217896 -6.51286728
101 -481.98019409 -6.51324587
102 -481.90515137 -6.51223178
103 -481.87149048 -6.51177690
104 -481.84667969 -6.51144162
105 -481.64779663 -6.50875401
106 -481.62680054 -6.50847028
107 -481.74612427 -6.51008276
108 -481.66213989 -6.50894784
109 -481.62817383 -6.50848884
110 -481.48818970 -6.50659716
111 -481.41180420 -6.50556492
112 -481.30389404 -6.50410668
113 -481.28100586 -6.50379738
114 -481.17242432 -6.50233006
115 -481.08325195 -6.50112503
116 -481.14627075 -6.50197663
117 -481.20962524 -6.50283277
118 -481.20111084 -6.50271771
119 -481.12734985 -6.50172094
120 -480.96209717 -6.49948780
121 -480.79931641 -6.49728806
122 -480.59411621 -6.49451508
123 -480.69674683 -6.49590198
124 -480.63504028 -6.49506811
125 -480.56350708 -6.49410145
126 -480.56744385 -6.49415465
127 -480.46298218 -6.49274300
128 -480.52761841 -6.49361646
129 -480.44985962 -6.49256567
130 -480.44299316 -6.49247288
131 -480.62216187 -6.49489408
132 -480.59963989 -6.49458973
133 -480.64257812 -6.49516997
134 -480.60464478 -6.49465736
135 -480.64007568 -6.49513616
136 -480.63702393 -6.49509492
137 -480.51837158 -6.49349151
138 -480.12451172 -6.48816908
139 -480.09832764 -6.48781524
140 -480.25424194 -6.48992219
141 -480.25549316 -6.48993910
142 -480.27777100 -6.49024015
143 -480.08187866 -6.48759295
144 -479.86627197 -6.48467935
145 -479.72512817 -6.48277200
146 -479.62432861 -6.48140985
147 -479.56680298 -6.48063247
148 -479.55245972 -6.48043864
149 -479.52005005 -6.48000068
150 -479.18145752 -6.47542510
151 -479.25238037 -6.47638352
152 -479.15185547 -6.47502507
153 -479.24920654 -6.47634063
154 -479.25573730 -6.47642888
155 -479.16998291 -6.47527004
156 -479.08981323 -6.47418667
157 -478.99642944 -6.47292472
158 -478.64855957 -6.46822378
159 -478.73727417 -6.46942262
160 -478.65924072 -6.46836812
161 -478.49301147 -6.46612178
162 -478.39059448 -6.46473776
163 -478.45864868 -6.46565741
164 -478.51480103 -6.46641623
165 -478.46224976 -6.46570608
166 -478.24829102 -6.46281474
167 -478.15951538 -6.46161507
168 -478.07244873 -6.46043850
169 -477.54315186 -6.45328584
170 -477.73291016 -6.45585014
171 -477.64715576 -6.45469129
172 -477.57757568 -6.45375102
173 -477.78323364 -6.45653018
174 -477.79241943 -6.45665432
175 -477.75900269 -6.45620274
176 -477.17617798 -6.44832673
177 -477.34445190 -6.45060070
178 -477.22561646 -6.44899482
179 -477.05560303 -6.44669734
180 -476.55520630 -6.43993522
181 -476.41802979 -6.43808148
182 -476.29788208 -6.43645787
183 -475.99325562 -6.43234129
184 -475.98309326 -6.43220396
185 -475.98223877 -6.43219242
186 -475.95278931 -6.43179445
187 -475.68676758 -6.42819956
188 -475.36047363 -6.42379018
189 -474.86734009 -6.41712622
190 -474.89270020 -6.41746892
191 -474.58822632 -6.41335441
192 -474.83236694 -6.41665361
193 -474.71807861 -6.41510917
194 -474.95742798 -6.41834362
195 -474.73611450 -6.41535290
196 -474.56204224 -6.41300057
197 -474.49264526 -6.41206277
198 -474.48626709 -6.41197658
199 -474.47299194 -6.41179719
200 -474.14474487 -6.40736142
201 -473.94992065 -6.40472866
202 -473.71658325 -6.40157545
203 -473.45477295 -6.39803747
204 -473.57543945 -6.39966810
205 -473.62557983 -6.40034567
206 -473.66098022 -6.40082406
207 -473.55725098 -6.39942231
208 -473.00811768 -6.39200159
209 -473.02612305 -6.39224491
210 -473.05294800 -6.39260741
211 -473.22338867 -6.39491066
212 -473.22003174 -6.39486529
213 -472.97671509 -6.39157723
214 -473.27691650 -6.39563401
215 -473.40545654 -6.39737103
216 -473.29534912 -6.39588310
217 -472.91699219 -6.39077016
218 -473.27185059 -6.39556555
219 -473.31924438 -6.39620601
220 -472.99142456 -6.39177601
221 -472.86511230 -6.39006909
222 -472.74630737 -6.38846361
223 -472.63992310 -6.38702599
224 -472.34512329 -6.38304221
225 -472.84609985 -6.38981216
226 -473.09176636 -6.39313198
227 -471.97717285 -6.37806990
228 -471.89678955 -6.37698364
229 -472.16766357 -6.38064410
230 -472.17016602 -6.38067792
231 -472.37652588 -6.38346657
232 -472.64871216 -6.38714476
233 -472.73904419 -6.38836546
234 -472.44201660 -6.38435158
235 -472.23843384 -6.38160046
236 -472.53598022 -6.38562135
237 -471.98034668 -6.37811279
238 -472.47067261 -6.38473882
239 -472.48367310 -6.38491450
240 -472.59527588 -6.38642265
241 -472.80953979 -6.38931811
242 -472.50888062 -6.38525514
243 -472.14697266 -6.38036450
244 -471.97930908 -6.37809877
245 -471.87969971 -6.37675270
246 -471.16357422 -6.36707533
247 -470.83734131 -6.36266677
248 -470.92138672 -6.36380252
249 -470.95196533 -6.36421575
250 -470.74462891 -6.36141390
251 -470.86514282 -6.36304247
252 -470.35379028 -6.35613230
253 -470.18447876 -6.35384431
254 -469.95269775 -6.35071213
255 -469.49273682 -6.34449644
256 -469.33120728 -6.34231361
257 -469.74343872 -6.34788431
258 -468.76696777 -6.33468875
259 -468.34005737 -6.32891969
260 -468.33084106 -6.32879515
261 -467.83145142 -6.32204664
262 -468.10250854 -6.32570957
263 -467.74673462 -6.32090182
264 -467.50247192 -6.31760097
265 -467.09780884 -6.31213255
266 -466.77017212 -6.30770503
267 -466.55892944 -6.30485040
268 -466.76553345 -6.30764234
269 -466.64349365 -6.30599316
270 -466.60974121 -6.30553704
271 -466.25265503 -6.30071155
272 -465.72326660 -6.29355766
273 -465.13464355 -6.28560329
274 -465.30688477 -6.28793088
275 -465.00106812 -6.28379822
276 -464.83465576 -6.28154940
277 -464.55850220 -6.27781760
278 -463.90859985 -6.26903513
279 -463.21264648 -6.25963036
280 -463.15081787 -6.25879484
281 -463.30212402 -6.26083951
282 -463.03048706 -6.25716874
283 -463.19091797 -6.25933673
284 -462.95889282 -6.25620125
285 -462.49560547 -6.24994061
286 -462.32937622 -6.24769427
287 -463.37197876 -6.26178350
288 -462.56942749 -6.25093821
289 -462.63806152 -6.25186570
290 -461.97366333 -6.24288734
291 -461.55957031 -6.23729149
292 -461.41693115 -6.23536393
293 -460.57803345 -6.22402748
294 -460.94595337 -6.22899937
295 -460.53781128 -6.22348394
296 -460.18835449 -6.21876155
297 -460.10321045 -6.21761095
298 -460.37835693 -6.22132915
299 -460.36608887 -6.22116336
300 -460.39529419 -6.22155803
301 -459.53903198 -6.20998692
302 -459.37869263 -6.20782017
303 -459.30645752 -6.20684402
304 -458.76986694 -6.19959280
305 -458.07287598 -6.19017400
306 -457.94326782 -6.18842254
307 -457.83187866 -6.18691728
308 -457.23062134 -6.17879218
309 -457.26373291 -6.17923963
310 -457.28607178 -6.17954151
311 -457.31137085 -6.17988339
312 -456.98220825 -6.17543525
313 -456.95217896 -6.17502945
314 -455.97537231 -6.16182936
315 -455.88305664 -6.16058185
316 -455.55700684 -6.15617577
317 -455.26574707 -6.15223983
318 -455.50982666 -6.15553820
319 -454.82684326 -6.14630869
320 -453.92367554 -6.13410372
321 -453.33569336 -6.12615802
322 -453.27337646 -6.12531590
323 -452.30825806 -6.11227376
324 -452.11734009 -6.10969378
325 -452.15789795 -6.11024186
326 -451.80905151 -6.10552772
327 -451.70339966 -6.10410000
328 -452.83276367 -6.11936167
329 -452.90710449 -6.12036628
330 -453.79641724 -6.13238402
331 -453.31124878 -6.12582769
332 -452.69973755 -6.11756402
333 -452.60845947 -6.11633053
334 -452.15750122 -6.11023650
335 -451.48367310 -6.10113072
336 -451.64910889 -6.10336634
337 -451.78515625 -6.10520481
338 -451.87466431 -6.10641438
339 -451.59860229 -6.10268381
340 -451.13293457 -6.09639101
341 -451.65905762 -6.10350078
342 -451.92895508 -6.10714804
343 -450.73303223 -6.09098692
344 -450.05334473 -6.08180196
345 -449.45471191 -6.07371232
346 -450.33639526 -6.08562696
347 -451.13824463 -6.09646277
348 -450.91510010 -6.09344730
349 -450.10147095 -6.08245231
350 -450.27371216 -6.08477989
351 -449.78179932 -6.07813242
352 -448.75003052 -6.06418960
353 -447.67425537 -6.04965210
354 -447.88024902 -6.05243580
355 -448.24884033 -6.05741676
356 -448.18661499 -6.05657588
357 -447.38333130 -6.04572069
358 -447.76507568 -6.05087940
359 -447.54190063 -6.04786352
360 -447.60275269 -6.04868585
361 -447.99038696 -6.05392415
362 -448.85726929 -6.06563877
363 -447.58422852 -6.04843552
