0 -528.15301514 -7.13720291
1 -528.15881348 -7.13728126
2 -528.16040039 -7.13730271
3 -528.16186523 -7.13732250
4 -528.16296387 -7.13733735
5 -528.16406250 -7.13735220
6 -528.16473389 -7.13736127
7 -528.16638184 -7.13738354
8 -528.16711426 -7.13739344
9 -528.16796875 -7.13740498
10 -528.16839600 -7.13741076
11 -528.16882324 -7.13741653
12 -528.16973877 -7.13742890
13 -528.17016602 -7.13743468
14 -528.17071533 -7.13744210
15 -528.17138672 -7.13745117
16 -528.17156982 -7.13745365
17 -528.17175293 -7.13745612
18 -528.17224121 -7.13746272
19 -528.17260742 -7.13746767
20 -528.17279053 -7.13747014
21 -528.17352295 -7.13748004
22 -528.17358398 -7.13748086
23 -528.17431641 -7.13749076
24 -528.17431641 -7.13749076
25 -528.17486572 -7.13749819
