0 -465.35147095 -6.74422422
1 -462.73989868 -6.70637534
2 -459.01330566 -6.65236675
3 -456.65368652 -6.61816937
4 -455.38223267 -6.59974250
5 -452.83197021 -6.56278218
6 -450.44085693 -6.52812836
7 -449.54421997 -6.51513362
8 -446.74026489 -6.47449659
9 -442.14773560 -6.40793820
10 -440.30484009 -6.38122957
11 -439.13616943 -6.36429231
12 -437.30548096 -6.33776059
13 -436.21472168 -6.32195249
14 -433.47137451 -6.28219383
15 -430.66668701 -6.24154619
16 -430.18521118 -6.23456828
17 -429.80981445 -6.22912775
18 -425.12347412 -6.16120977
19 -418.34951782 -6.06303649
20 -409.89517212 -5.94050974
21 -409.14926147 -5.92969944
22 -407.52551270 -5.90616685
23 -413.58834839 -5.99403403
24 -416.14364624 -6.03106734
25 -415.54656982 -6.02241406
26 -415.21923828 -6.01767012
27 -415.88195801 -6.02727475
28 -409.40533447 -5.93341064
29 -409.21954346 -5.93071802
30 -410.50579834 -5.94935940
31 -410.09268188 -5.94337220
32 -404.07077026 -5.85609812
33 -401.98754883 -5.82590650
34 -395.90817261 -5.73779960
35 -395.86254883 -5.73713839
36 -391.01309204 -5.66685641
37 -389.53332520 -5.64541051
38 -388.45278931 -5.62975057
39 -395.11813354 -5.72634976
40 -389.55313110 -5.64569755
41 -384.75000000 -5.57608696
42 -378.75460815 -5.48919722
43 -368.88848877 -5.34620998
