0 -747.70416260 -6.67593002
1 -747.69976807 -6.67589079
2 -747.66571045 -6.67558670
3 -747.60723877 -6.67506463
4 -747.57421875 -6.67476981
5 -747.52783203 -6.67435564
6 -747.47363281 -6.67387172
7 -747.41479492 -6.67334638
8 -747.35211182 -6.67278671
9 -747.31311035 -6.67243849
10 -747.29821777 -6.67230552
11 -747.27685547 -6.67211478
12 -747.25952148 -6.67196001
13 -747.21887207 -6.67159707
14 -747.18811035 -6.67132241
15 -747.12658691 -6.67077310
16 -747.06384277 -6.67021288
17 -746.97534180 -6.66942269
18 -746.91003418 -6.66883959
19 -746.84637451 -6.66827120
20 -746.81445312 -6.66798619
21 -746.77331543 -6.66761889
22 -746.68322754 -6.66681453
23 -746.67956543 -6.66678183
24 -746.59948730 -6.66606685
25 -746.52026367 -6.66535950
26 -746.45159912 -6.66474642
27 -746.40637207 -6.66434261
28 -746.35766602 -6.66390773
29 -746.33605957 -6.66371482
30 -746.19042969 -6.66241455
31 -746.13696289 -6.66193717
32 -746.09191895 -6.66153499
33 -746.06231689 -6.66127069
34 -745.99517822 -6.66067123
35 -745.84509277 -6.65933119
36 -745.75097656 -6.65849086
37 -745.61218262 -6.65725163
38 -745.42614746 -6.65559060
39 -745.23913574 -6.65392085
40 -745.18469238 -6.65343475
41 -745.27062988 -6.65420205
42 -745.19519043 -6.65352849
43 -745.26849365 -6.65418298
44 -745.15136719 -6.65313721
45 -744.87615967 -6.65068000
46 -744.72131348 -6.64929744
47 -744.77526855 -6.64977918
48 -744.79968262 -6.64999717
49 -744.66979980 -6.64883750
50 -744.45629883 -6.64693124
51 -744.41577148 -6.64656939
52 -744.35888672 -6.64606149
53 -744.27026367 -6.64527021
54 -744.09326172 -6.64368984
55 -744.09405518 -6.64369692
56 -744.06652832 -6.64345115
57 -744.06951904 -6.64347785
58 -744.00988770 -6.64294543
59 -744.00549316 -6.64290619
60 -743.96960449 -6.64258575
61 -743.92181396 -6.64215905
62 -743.73480225 -6.64048931
63 -743.74047852 -6.64053999
64 -743.79974365 -6.64106914
65 -743.75415039 -6.64066206
66 -743.84564209 -6.64147895
67 -743.86468506 -6.64164897
68 -743.69903564 -6.64016996
69 -743.67944336 -6.63999503
70 -743.53314209 -6.63868877
71 -743.50244141 -6.63841466
72 -743.59674072 -6.63925661
73 -743.62524414 -6.63951111
74 -743.74621582 -6.64059121
75 -743.65075684 -6.63973890
76 -743.39160156 -6.63742501
77 -743.29748535 -6.63658469
78 -743.45703125 -6.63800921
79 -743.30468750 -6.63664900
80 -743.25915527 -6.63624246
81 -743.13287354 -6.63511494
82 -743.14721680 -6.63524301
83 -743.02984619 -6.63419506
84 -742.77661133 -6.63193403
85 -742.53442383 -6.62977164
86 -742.54589844 -6.62987409
87 -742.32861328 -6.62793405
88 -742.17633057 -6.62657438
89 -742.04040527 -6.62536076
90 -741.73297119 -6.62261581
91 -741.46191406 -6.62019566
92 -741.76379395 -6.62289102
93 -741.75640869 -6.62282508
94 -741.48974609 -6.62044416
95 -741.34625244 -6.61916297
96 -741.36706543 -6.61934880
97 -741.23773193 -6.61819404
98 -741.09448242 -6.61691502
99 -740.98278809 -6.61591775
100 -740.75659180 -6.61389814
101 -740.62976074 -6.61276572
102 -740.50067139 -6.61161314
103 -740.39318848 -6.61065347
104 -740.19311523 -6.60886710
105 -740.09814453 -6.60801915
106 -740.13171387 -6.60831887
107 -740.38720703 -6.61060006
108 -740.67590332 -6.61317771
109 -740.30023193 -6.60982350
110 -740.01776123 -6.60730144
111 -739.64117432 -6.60393906
112 -739.67315674 -6.60422461
113 -740.07366943 -6.60780062
114 -740.10809326 -6.60810798
115 -739.80310059 -6.60538483
116 -739.78613281 -6.60523333
117 -739.46630859 -6.60237776
118 -739.05273438 -6.59868513
119 -738.82275391 -6.59663173
120 -738.46466064 -6.59343447
121 -738.46173096 -6.59340831
122 -738.62371826 -6.59485463
123 -738.31854248 -6.59212984
124 -738.19354248 -6.59101377
125 -738.07440186 -6.58995002
126 -738.10284424 -6.59020397
127 -738.01647949 -6.58943285
128 -737.85156250 -6.58796038
129 -737.70257568 -6.58663014
130 -737.62939453 -6.58597674
131 -737.34814453 -6.58346558
132 -737.82623291 -6.58773422
133 -737.42919922 -6.58418928
134 -737.38964844 -6.58383615
135 -737.52655029 -6.58505848
136 -737.23132324 -6.58242253
137 -737.24993896 -6.58258874
138 -737.45690918 -6.58443669
139 -736.95959473 -6.57999638
140 -736.61614990 -6.57692991
141 -736.44055176 -6.57536207
142 -736.07537842 -6.57210159
143 -736.08758545 -6.57221058
144 -735.96264648 -6.57109506
145 -735.05322266 -6.56297520
146 -734.56286621 -6.55859702
147 -734.58740234 -6.55881609
148 -734.77709961 -6.56050982
149 -734.55627441 -6.55853816
150 -734.24340820 -6.55574472
151 -734.04992676 -6.55401720
152 -733.60949707 -6.55008480
153 -733.01733398 -6.54479762
154 -733.16717529 -6.54613549
155 -732.97308350 -6.54440253
156 -732.78771973 -6.54274750
157 -732.93890381 -6.54409736
158 -732.59631348 -6.54103851
159 -732.55859375 -6.54070173
160 -732.45751953 -6.53979928
161 -731.77172852 -6.53367615
162 -732.11120605 -6.53670720
163 -732.14727783 -6.53702927
164 -731.81604004 -6.53407179
165 -731.52734375 -6.53149414
166 -730.99688721 -6.52675792
167 -731.03198242 -6.52707127
168 -730.47174072 -6.52206911
169 -729.71752930 -6.51533508
170 -729.35906982 -6.51213455
171 -729.21655273 -6.51086208
172 -728.69622803 -6.50621632
173 -728.52087402 -6.50465066
174 -728.26354980 -6.50235312
175 -727.33337402 -6.49404798
176 -727.49816895 -6.49551937
177 -727.20660400 -6.49291611
178 -726.47955322 -6.48642458
179 -726.39288330 -6.48565074
180 -726.78039551 -6.48911067
181 -727.01263428 -6.49118423
182 -726.95501709 -6.49066980
183 -727.02984619 -6.49133791
184 -726.86999512 -6.48991067
185 -726.48529053 -6.48647581
186 -726.74951172 -6.48883493
187 -725.69537354 -6.47942298
188 -724.60766602 -6.46971130
189 -724.44488525 -6.46825790
190 -724.51025391 -6.46884155
191 -723.72137451 -6.46179799
192 -723.43066406 -6.45920236
193 -722.48211670 -6.45073318
194 -722.34588623 -6.44951684
195 -722.20623779 -6.44826998
196 -722.25030518 -6.44866344
197 -722.35913086 -6.44963510
198 -722.47998047 -6.45071411
199 -721.94592285 -6.44594574
200 -722.15454102 -6.44780840
201 -721.93859863 -6.44588034
202 -721.56701660 -6.44256265
203 -721.14123535 -6.43876103
204 -720.60998535 -6.43401773
205 -720.24157715 -6.43072837
206 -720.23791504 -6.43069567
207 -719.27197266 -6.42207118
208 -719.65277100 -6.42547117
209 -718.97021484 -6.41937692
210 -718.89062500 -6.41866629
211 -717.95758057 -6.41033554
212 -717.23931885 -6.40392249
213 -717.67913818 -6.40784945
214 -717.28161621 -6.40430014
215 -718.46423340 -6.41485923
216 -718.57757568 -6.41587121
217 -718.89904785 -6.41874150
218 -717.98559570 -6.41058568
219 -717.52008057 -6.40642929
220 -717.69665527 -6.40800585
221 -716.21618652 -6.39478738
222 -715.87457275 -6.39173726
223 -715.57263184 -6.38904136
224 -714.88507080 -6.38290242
225 -715.46282959 -6.38806098
226 -714.23120117 -6.37706430
227 -714.77966309 -6.38196128
228 -715.15399170 -6.38530350
229 -714.73034668 -6.38152095
230 -714.28216553 -6.37751934
231 -714.58605957 -6.38023267
232 -714.71875000 -6.38141741
233 -715.07672119 -6.38461358
234 -713.50579834 -6.37058749
235 -713.13323975 -6.36726107
236 -714.33312988 -6.37797437
237 -713.66143799 -6.37197712
238 -713.07519531 -6.36674282
239 -713.21453857 -6.36798695
240 -712.86437988 -6.36486053
241 -712.93408203 -6.36548288
242 -711.76293945 -6.35502625
243 -709.75085449 -6.33706120
244 -708.80297852 -6.32859802
245 -707.61608887 -6.31800079
246 -706.16638184 -6.30505698
247 -706.14355469 -6.30485317
248 -706.56127930 -6.30858285
249 -705.92395020 -6.30289241
250 -706.08593750 -6.30433873
251 -704.63488770 -6.29138293
252 -705.15844727 -6.29605756
253 -704.67712402 -6.29176004
254 -703.84405518 -6.28432192
255 -704.57159424 -6.29081781
256 -703.86730957 -6.28452955
257 -702.66308594 -6.27377755
258 -702.41943359 -6.27160209
259 -703.13354492 -6.27797808
260 -702.16650391 -6.26934378
261 -702.07464600 -6.26852362
262 -701.20721436 -6.26077870
263 -700.91687012 -6.25818634
264 -699.93395996 -6.24941036
265 -698.34704590 -6.23524148
266 -698.55224609 -6.23707363
267 -698.86077881 -6.23982838
268 -697.23608398 -6.22532218
269 -696.61010742 -6.21973310
270 -694.16857910 -6.19793374
271 -693.69323730 -6.19368962
272 -694.29669189 -6.19907761
273 -694.60180664 -6.20180185
274 -694.51940918 -6.20106615
275 -693.26727295 -6.18988637
276 -690.85363770 -6.16833605
277 -690.99420166 -6.16959109
278 -688.88665771 -6.15077373
279 -690.04064941 -6.16107723
280 -690.92651367 -6.16898673
281 -691.05895996 -6.17016929
282 -690.96484375 -6.16932896
283 -692.56561279 -6.18362154
284 -693.91461182 -6.19566618
285 -690.83270264 -6.16814913
286 -691.29461670 -6.17227336
287 -689.28668213 -6.15434538
288 -687.55371094 -6.13887242
289 -687.70111084 -6.14018849
290 -688.95312500 -6.15136719
291 -689.89636230 -6.15978895
292 -690.53417969 -6.16548375
293 -691.25006104 -6.17187554
294 -692.71203613 -6.18492889
295 -692.41625977 -6.18228803
296 -691.80377197 -6.17681939
297 -692.25085449 -6.18081120
298 -693.24926758 -6.18972560
299 -692.81945801 -6.18588802
300 -693.83618164 -6.19496591
301 -692.31225586 -6.18135943
302 -690.75494385 -6.16745486
303 -689.92492676 -6.16004399
304 -689.85839844 -6.15944999
305 -690.25195312 -6.16296387
306 -689.98504639 -6.16058077
307 -689.26586914 -6.15415955
308 -688.23229980 -6.14493125
309 -687.96807861 -6.14257213
310 -687.06939697 -6.13454819
311 -685.57696533 -6.12122290
312 -685.95019531 -6.12455532
313 -684.09197998 -6.10796411
314 -682.37976074 -6.09267644
315 -682.36853027 -6.09257616
316 -683.20739746 -6.10006605
317 -683.04809570 -6.09864371
318 -683.48345947 -6.10253089
319 -684.94049072 -6.11554010
320 -685.51171875 -6.12064035
321 -685.34552002 -6.11915643
322 -684.86914062 -6.11490304
323 -684.03710938 -6.10747419
324 -682.95397949 -6.09780339
325 -682.37536621 -6.09263720
326 -683.58728027 -6.10345786
327 -682.38238525 -6.09269987
328 -681.41204834 -6.08403615
329 -679.99224854 -6.07135936
330 -678.09631348 -6.05443137
331 -676.72125244 -6.04215404
332 -678.04077148 -6.05393546
333 -676.77587891 -6.04264178
334 -677.44921875 -6.04865374
335 -676.93566895 -6.04406847
336 -675.34820557 -6.02989469
337 -673.12200928 -6.01001794
338 -672.58404541 -6.00521469
339 -674.29925537 -6.02052907
340 -673.32604980 -6.01183973
341 -671.18914795 -5.99276025
342 -669.89916992 -5.98124259
343 -670.60144043 -5.98751286
344 -671.72308350 -5.99752753
345 -671.56866455 -5.99614879
346 -670.00805664 -5.98221479
347 -668.57916260 -5.96945681
348 -665.25457764 -5.93977301
349 -667.02606201 -5.95558984
