0 -583.81750488 -6.95020839
1 -583.81585693 -6.95018877
2 -583.81964111 -6.95023382
3 -583.82482910 -6.95029558
4 -583.82006836 -6.95023891
5 -583.81762695 -6.95020984
6 -583.82458496 -6.95029268
7 -583.81860352 -6.95022147
8 -583.82116699 -6.95025199
9 -583.82067871 -6.95024618
10 -583.82208252 -6.95026289
11 -583.82611084 -6.95031084
12 -583.81909180 -6.95022728
13 -583.81640625 -6.95019531
14 -583.81445312 -6.95017206
15 -583.81915283 -6.95022801
16 -583.82550049 -6.95030358
17 -583.82135010 -6.95025417
18 -583.82086182 -6.95024835
19 -583.82257080 -6.95026870
20 -583.82324219 -6.95027669
21 -583.81878662 -6.95022365
22 -583.81597900 -6.95019023
23 -583.81207275 -6.95014372
24 -583.81469727 -6.95017497
25 -583.81250000 -6.95014881
26 -583.80383301 -6.95004563
27 -583.80334473 -6.95003982
28 -583.80371094 -6.95004418
29 -583.80059814 -6.95000712
30 -583.80242920 -6.95002892
31 -583.79443359 -6.94993373
32 -583.79882812 -6.94998605
33 -583.79779053 -6.94997370
34 -583.80206299 -6.95002456
35 -583.80395508 -6.95004708
36 -583.80694580 -6.95008269
37 -583.80529785 -6.95006307
38 -583.80291748 -6.95003473
39 -583.79370117 -6.94992501
40 -583.80114746 -6.95001366
41 -583.80438232 -6.95005217
42 -583.79382324 -6.94992647
43 -583.79315186 -6.94991847
44 -583.79077148 -6.94989014
45 -583.79211426 -6.94990612
46 -583.78454590 -6.94981602
47 -583.78308105 -6.94979858
48 -583.77661133 -6.94972156
49 -583.76245117 -6.94955299
50 -583.77319336 -6.94968087
51 -583.78369141 -6.94980585
52 -583.79162598 -6.94990031
53 -583.79260254 -6.94991193
54 -583.79235840 -6.94990903
55 -583.78601074 -6.94983346
56 -583.77893066 -6.94974917
57 -583.77923584 -6.94975281
58 -583.78106689 -6.94977461
59 -583.78155518 -6.94978042
60 -583.78698730 -6.94984509
61 -583.78259277 -6.94979277
62 -583.77990723 -6.94976080
63 -583.78637695 -6.94983782
64 -583.78039551 -6.94976661
65 -583.78234863 -6.94978986
66 -583.78198242 -6.94978551
67 -583.77429199 -6.94969395
68 -583.78057861 -6.94976879
69 -583.77362061 -6.94968596
70 -583.77856445 -6.94974481
71 -583.77441406 -6.94969541
72 -583.77783203 -6.94973610
73 -583.78210449 -6.94978696
74 -583.78491211 -6.94982038
75 -583.78674316 -6.94984218
76 -583.77355957 -6.94968523
77 -583.77709961 -6.94972738
78 -583.76837158 -6.94962347
79 -583.77319336 -6.94968087
80 -583.77441406 -6.94969541
81 -583.77069092 -6.94965108
82 -583.77813721 -6.94973973
83 -583.77526855 -6.94970558
84 -583.77111816 -6.94965617
85 -583.76635742 -6.94959949
86 -583.75805664 -6.94950067
87 -583.76074219 -6.94953265
88 -583.76599121 -6.94959513
89 -583.76501465 -6.94958351
90 -583.76599121 -6.94959513
91 -583.75830078 -6.94950358
92 -583.75390625 -6.94945126
93 -583.76538086 -6.94958787
94 -583.74804688 -6.94938151
95 -583.75506592 -6.94946507
96 -583.75762939 -6.94949559
97 -583.75756836 -6.94949486
98 -583.75048828 -6.94941057
99 -583.75061035 -6.94941203
100 -583.75848389 -6.94950576
101 -583.75823975 -6.94950285
102 -583.75799561 -6.94949995
103 -583.75451660 -6.94945853
104 -583.75415039 -6.94945417
105 -583.75433350 -6.94945635
106 -583.75573730 -6.94947306
107 -583.75610352 -6.94947742
108 -583.75439453 -6.94945708
109 -583.75732422 -6.94949195
110 -583.76196289 -6.94954718
111 -583.75598145 -6.94947597
112 -583.75866699 -6.94950794
113 -583.75866699 -6.94950794
114 -583.74829102 -6.94938442
115 -583.75231934 -6.94943237
116 -583.76098633 -6.94953555
117 -583.76190186 -6.94954645
118 -583.75958252 -6.94951884
119 -583.75433350 -6.94945635
120 -583.74096680 -6.94929722
121 -583.74053955 -6.94929214
122 -583.73632812 -6.94924200
123 -583.73309326 -6.94920349
124 -583.73468018 -6.94922238
125 -583.72998047 -6.94916643
126 -583.73016357 -6.94916861
127 -583.73431396 -6.94921802
128 -583.72821045 -6.94914536
129 -583.73150635 -6.94918460
130 -583.72766113 -6.94913882
131 -583.72290039 -6.94908215
132 -583.72546387 -6.94911267
133 -583.72918701 -6.94915699
134 -583.73718262 -6.94925217
135 -583.73461914 -6.94922166
136 -583.73339844 -6.94920712
137 -583.73223877 -6.94919332
138 -583.72912598 -6.94915626
139 -583.72766113 -6.94913882
140 -583.72961426 -6.94916207
141 -583.73229980 -6.94919405
142 -583.73065186 -6.94917443
143 -583.72058105 -6.94905454
144 -583.71362305 -6.94897170
145 -583.71099854 -6.94894046
146 -583.71966553 -6.94904364
147 -583.72375488 -6.94909232
148 -583.72729492 -6.94913446
149 -583.72930908 -6.94915844
150 -583.72711182 -6.94913228
151 -583.73126221 -6.94918169
152 -583.72583008 -6.94911702
153 -583.72698975 -6.94913083
154 -583.71679688 -6.94900949
155 -583.71319580 -6.94896662
156 -583.69812012 -6.94878714
157 -583.68823242 -6.94866943
158 -583.70019531 -6.94881185
159 -583.70220947 -6.94883583
160 -583.70007324 -6.94881040
161 -583.70526123 -6.94887216
162 -583.69445801 -6.94874355
163 -583.69085693 -6.94870068
164 -583.69281006 -6.94872393
165 -583.69439697 -6.94874282
166 -583.68530273 -6.94863456
167 -583.69335938 -6.94873047
168 -583.67968750 -6.94856771
169 -583.68896484 -6.94867815
170 -583.67126465 -6.94846744
171 -583.66979980 -6.94845000
172 -583.67358398 -6.94849505
173 -583.67547607 -6.94851757
174 -583.66760254 -6.94842384
175 -583.66027832 -6.94833665
176 -583.66082764 -6.94834319
177 -583.65789795 -6.94830831
178 -583.65771484 -6.94830613
179 -583.65155029 -6.94823274
180 -583.64843750 -6.94819568
181 -583.64544678 -6.94816008
182 -583.64086914 -6.94810559
183 -583.63751221 -6.94806562
184 -583.63488770 -6.94803438
185 -583.63110352 -6.94798933
186 -583.62536621 -6.94792103
187 -583.61425781 -6.94778878
188 -583.61035156 -6.94774228
189 -583.61352539 -6.94778006
190 -583.61206055 -6.94776263
191 -583.61114502 -6.94775173
192 -583.61193848 -6.94776117
193 -583.61462402 -6.94779314
194 -583.61328125 -6.94777716
195 -583.60882568 -6.94772412
196 -583.61077881 -6.94774737
197 -583.61193848 -6.94776117
198 -583.61145020 -6.94775536
199 -583.61419678 -6.94778806
200 -583.61999512 -6.94785708
201 -583.62261963 -6.94788833
202 -583.62255859 -6.94788760
203 -583.61877441 -6.94784255
204 -583.61840820 -6.94783819
205 -583.61450195 -6.94779169
206 -583.61853027 -6.94783965
207 -583.62908936 -6.94796535
208 -583.62829590 -6.94795590
209 -583.62310791 -6.94789414
210 -583.61755371 -6.94782802
211 -583.61596680 -6.94780913
212 -583.60900879 -6.94772630
213 -583.60388184 -6.94766526
214 -583.60351562 -6.94766090
215 -583.60644531 -6.94769578
216 -583.61608887 -6.94781058
217 -583.61944580 -6.94785055
218 -583.62359619 -6.94789995
219 -583.62451172 -6.94791085
220 -583.61950684 -6.94785127
221 -583.62182617 -6.94787888
222 -583.61749268 -6.94782729
223 -583.61682129 -6.94781930
224 -583.62683105 -6.94793846
225 -583.61914062 -6.94784691
226 -583.62390137 -6.94790359
227 -583.63146973 -6.94799369
228 -583.63006592 -6.94797698
229 -583.62554932 -6.94792321
230 -583.61535645 -6.94780186
231 -583.60919189 -6.94772847
232 -583.61059570 -6.94774519
233 -583.61614990 -6.94781131
234 -583.61901855 -6.94784546
235 -583.61651611 -6.94781567
236 -583.63238525 -6.94800459
237 -583.62634277 -6.94793265
238 -583.62902832 -6.94796462
239 -583.62774658 -6.94794936
240 -583.62622070 -6.94793120
241 -583.62750244 -6.94794646
242 -583.61981201 -6.94785490
243 -583.62664795 -6.94793629
244 -583.62219238 -6.94788324
245 -583.62939453 -6.94796898
246 -583.63055420 -6.94798279
247 -583.63299561 -6.94801185
248 -583.62988281 -6.94797480
249 -583.63128662 -6.94799151
250 -583.63354492 -6.94801839
251 -583.63610840 -6.94804891
252 -583.63708496 -6.94806054
253 -583.61999512 -6.94785708
254 -583.62951660 -6.94797044
255 -583.62231445 -6.94788470
256 -583.62475586 -6.94791376
257 -583.61523438 -6.94780041
258 -583.61285400 -6.94777207
259 -583.62329102 -6.94789632
260 -583.63366699 -6.94801985
261 -583.63391113 -6.94802275
262 -583.63220215 -6.94800241
263 -583.62951660 -6.94797044
264 -583.63049316 -6.94798206
265 -583.63024902 -6.94797916
266 -583.61981201 -6.94785490
267 -583.62640381 -6.94793338
268 -583.61950684 -6.94785127
269 -583.62060547 -6.94786435
270 -583.61651611 -6.94781567
271 -583.61572266 -6.94780622
272 -583.63183594 -6.94799805
273 -583.63299561 -6.94801185
274 -583.63476562 -6.94803292
275 -583.63720703 -6.94806199
276 -583.63360596 -6.94801912
277 -583.62280273 -6.94789051
278 -583.62683105 -6.94793846
279 -583.61785889 -6.94783165
280 -583.62402344 -6.94790504
281 -583.62561035 -6.94792393
282 -583.61724854 -6.94782439
283 -583.62365723 -6.94790068
284 -583.62249756 -6.94788688
285 -583.62677002 -6.94793774
286 -583.62329102 -6.94789632
287 -583.61779785 -6.94783093
288 -583.62683105 -6.94793846
289 -583.62915039 -6.94796608
290 -583.63079834 -6.94798569
291 -583.64111328 -6.94810849
292 -583.64685059 -6.94817679
293 -583.64282227 -6.94812884
294 -583.64727783 -6.94818188
295 -583.64843750 -6.94819568
296 -583.64978027 -6.94821167
297 -583.64526367 -6.94815790
298 -583.64855957 -6.94819714
299 -583.64184570 -6.94811721
300 -583.65014648 -6.94821603
301 -583.64904785 -6.94820295
302 -583.65301514 -6.94825018
303 -583.65106201 -6.94822693
304 -583.64251709 -6.94812520
305 -583.63952637 -6.94808960
306 -583.64361572 -6.94813828
307 -583.63586426 -6.94804600
308 -583.64538574 -6.94815935
309 -583.64343262 -6.94813610
310 -583.64062500 -6.94810268
311 -583.65057373 -6.94822112
