0 -542.61645508 -6.78270569
1 -542.64312744 -6.78303909
2 -542.66308594 -6.78328857
3 -542.67993164 -6.78349915
4 -542.69396973 -6.78367462
5 -542.70751953 -6.78384399
6 -542.71990967 -6.78399887
7 -542.73114014 -6.78413925
8 -542.73974609 -6.78424683
9 -542.75128174 -6.78439102
10 -542.76019287 -6.78450241
11 -542.77008057 -6.78462601
12 -542.77929688 -6.78474121
13 -542.78887939 -6.78486099
14 -542.79632568 -6.78495407
15 -542.80480957 -6.78506012
16 -542.81262207 -6.78515778
17 -542.82043457 -6.78525543
18 -542.82714844 -6.78533936
19 -542.83294678 -6.78541183
20 -542.83911133 -6.78548889
21 -542.84472656 -6.78555908
22 -542.85144043 -6.78564301
23 -542.85638428 -6.78570480
24 -542.86096191 -6.78576202
25 -542.86712646 -6.78583908
26 -542.87231445 -6.78590393
27 -542.87756348 -6.78596954
28 -542.88220215 -6.78602753
29 -542.88610840 -6.78607635
30 -542.89068604 -6.78613358
31 -542.89575195 -6.78619690
32 -542.90173340 -6.78627167
33 -542.90588379 -6.78632355
34 -542.91009521 -6.78637619
35 -542.91479492 -6.78643494
36 -542.91912842 -6.78648911
37 -542.92285156 -6.78653564
38 -542.92718506 -6.78658981
39 -542.92968750 -6.78662109
40 -542.93414307 -6.78667679
41 -542.93737793 -6.78671722
42 -542.94128418 -6.78676605
43 -542.94549561 -6.78681870
44 -542.94995117 -6.78687439
45 -542.95422363 -6.78692780
46 -542.95709229 -6.78696365
47 -542.96014404 -6.78700180
48 -542.96350098 -6.78704376
49 -542.96691895 -6.78708649
50 -542.97094727 -6.78713684
51 -542.97442627 -6.78718033
52 -542.97747803 -6.78721848
53 -542.98107910 -6.78726349
54 -542.98443604 -6.78730545
55 -542.98718262 -6.78733978
56 -542.99096680 -6.78738708
57 -542.99353027 -6.78741913
58 -542.99639893 -6.78745499
59 -543.00054932 -6.78750687
60 -543.00372314 -6.78754654
61 -543.00665283 -6.78758316
62 -543.00848389 -6.78760605
63 -543.01080322 -6.78763504
64 -543.01434326 -6.78767929
65 -543.01770020 -6.78772125
66 -543.01989746 -6.78774872
67 -543.02246094 -6.78778076
68 -543.02490234 -6.78781128
69 -543.02740479 -6.78784256
70 -543.02880859 -6.78786011
71 -543.03143311 -6.78789291
72 -543.03308105 -6.78791351
73 -543.03674316 -6.78795929
74 -543.03857422 -6.78798218
75 -543.04211426 -6.78802643
76 -543.04388428 -6.78804855
77 -543.04547119 -6.78806839
78 -543.04760742 -6.78809509
79 -543.05004883 -6.78812561
80 -543.05261230 -6.78815765
81 -543.05523682 -6.78819046
82 -543.05712891 -6.78821411
83 -543.05908203 -6.78823853
84 -543.06054688 -6.78825684
85 -543.06384277 -6.78829803
86 -543.06646729 -6.78833084
87 -543.06793213 -6.78834915
88 -543.06921387 -6.78836517
89 -543.07202148 -6.78840027
90 -543.07391357 -6.78842392
91 -543.07629395 -6.78845367
92 -543.07800293 -6.78847504
93 -543.07910156 -6.78848877
94 -543.08105469 -6.78851318
95 -543.08245850 -6.78853073
96 -543.08477783 -6.78855972
97 -543.08660889 -6.78858261
98 -543.08868408 -6.78860855
99 -543.09057617 -6.78863220
100 -543.09277344 -6.78865967
101 -543.09466553 -6.78868332
102 -543.09570312 -6.78869629
103 -543.09741211 -6.78871765
104 -543.09973145 -6.78874664
105 -543.10241699 -6.78878021
106 -543.10351562 -6.78879395
107 -543.10498047 -6.78881226
108 -543.10742188 -6.78884277
109 -543.10913086 -6.78886414
110 -543.11053467 -6.78888168
111 -543.11322021 -6.78891525
112 -543.11517334 -6.78893967
113 -543.11688232 -6.78896103
114 -543.11767578 -6.78897095
115 -543.11901855 -6.78898773
116 -543.12145996 -6.78901825
117 -543.12426758 -6.78905334
118 -543.12670898 -6.78908386
119 -543.12829590 -6.78910370
120 -543.13037109 -6.78912964
121 -543.13146973 -6.78914337
122 -543.13317871 -6.78916473
123 -543.13446045 -6.78918076
124 -543.13574219 -6.78919678
125 -543.13775635 -6.78922195
126 -543.13916016 -6.78923950
127 -543.14202881 -6.78927536
128 -543.14367676 -6.78929596
129 -543.14508057 -6.78931351
130 -543.14831543 -6.78935394
131 -543.14941406 -6.78936768
132 -543.15087891 -6.78938599
133 -543.15362549 -6.78942032
134 -543.15551758 -6.78944397
135 -543.15747070 -6.78946838
136 -543.15991211 -6.78949890
137 -543.16198730 -6.78952484
138 -543.16369629 -6.78954620
139 -543.16436768 -6.78955460
140 -543.16668701 -6.78958359
141 -543.16900635 -6.78961258
142 -543.17041016 -6.78963013
143 -543.17291260 -6.78966141
144 -543.17535400 -6.78969193
145 -543.17590332 -6.78969879
146 -543.17864990 -6.78973312
147 -543.18127441 -6.78976593
148 -543.18420410 -6.78980255
149 -543.18652344 -6.78983154
150 -543.18884277 -6.78986053
151 -543.19036865 -6.78987961
152 -543.19317627 -6.78991470
153 -543.19537354 -6.78994217
154 -543.19775391 -6.78997192
155 -543.20025635 -6.79000320
156 -543.20251465 -6.79003143
157 -543.20544434 -6.79006805
158 -543.20727539 -6.79009094
159 -543.20989990 -6.79012375
160 -543.21215820 -6.79015198
161 -543.21527100 -6.79019089
162 -543.21765137 -6.79022064
163 -543.21954346 -6.79024429
164 -543.22216797 -6.79027710
165 -543.22589111 -6.79032364
166 -543.22839355 -6.79035492
167 -543.23089600 -6.79038620
168 -543.23400879 -6.79042511
169 -543.23638916 -6.79045486
170 -543.23895264 -6.79048691
171 -543.24127197 -6.79051590
172 -543.24304199 -6.79053802
173 -543.24499512 -6.79056244
174 -543.24865723 -6.79060822
175 -543.25189209 -6.79064865
176 -543.25378418 -6.79067230
177 -543.25677490 -6.79070969
178 -543.25946045 -6.79074326
179 -543.26251221 -6.79078140
180 -543.26562500 -6.79082031
181 -543.26812744 -6.79085159
182 -543.27081299 -6.79088516
183 -543.27355957 -6.79091949
184 -543.27673340 -6.79095917
185 -543.27862549 -6.79098282
186 -543.28210449 -6.79102631
187 -543.28460693 -6.79105759
188 -543.28784180 -6.79109802
189 -543.29016113 -6.79112701
190 -543.29309082 -6.79116364
191 -543.29638672 -6.79120483
192 -543.29742432 -6.79121780
193 -543.30065918 -6.79125824
194 -543.30303955 -6.79128799
195 -543.30700684 -6.79133759
196 -543.31018066 -6.79137726
197 -543.31298828 -6.79141235
198 -543.31494141 -6.79143677
199 -543.31750488 -6.79146881
200 -543.32135010 -6.79151688
201 -543.32385254 -6.79154816
202 -543.32568359 -6.79157104
203 -543.32800293 -6.79160004
204 -543.33093262 -6.79163666
205 -543.33288574 -6.79166107
206 -543.33618164 -6.79170227
207 -543.33837891 -6.79172974
208 -543.34143066 -6.79176788
209 -543.34478760 -6.79180984
210 -543.34753418 -6.79184418
211 -543.34967041 -6.79187088
212 -543.35284424 -6.79191055
213 -543.35577393 -6.79194717
214 -543.35919189 -6.79198990
215 -543.36035156 -6.79200439
216 -543.36291504 -6.79203644
217 -543.36547852 -6.79206848
218 -543.36822510 -6.79210281
219 -543.37005615 -6.79212570
220 -543.37341309 -6.79216766
221 -543.37573242 -6.79219666
222 -543.37890625 -6.79223633
223 -543.38128662 -6.79226608
224 -543.38281250 -6.79228516
225 -543.38415527 -6.79230194
226 -543.38690186 -6.79233627
227 -543.38922119 -6.79236526
228 -543.39099121 -6.79238739
229 -543.39331055 -6.79241638
230 -543.39721680 -6.79246521
231 -543.39947510 -6.79249344
232 -543.40039062 -6.79250488
233 -543.40283203 -6.79253540
234 -543.40612793 -6.79257660
235 -543.40789795 -6.79259872
236 -543.40966797 -6.79262085
237 -543.41290283 -6.79266129
238 -543.41473389 -6.79268417
239 -543.41644287 -6.79270554
240 -543.41796875 -6.79272461
241 -543.42004395 -6.79275055
242 -543.42156982 -6.79276962
243 -543.42395020 -6.79279938
244 -543.42687988 -6.79283600
245 -543.42803955 -6.79285049
246 -543.43084717 -6.79288559
247 -543.43225098 -6.79290314
248 -543.43481445 -6.79293518
249 -543.43560791 -6.79294510
250 -543.43725586 -6.79296570
251 -543.43975830 -6.79299698
252 -543.44091797 -6.79301147
253 -543.44238281 -6.79302979
254 -543.44396973 -6.79304962
255 -543.44543457 -6.79306793
256 -543.44750977 -6.79309387
257 -543.44873047 -6.79310913
258 -543.45178223 -6.79314728
259 -543.45294189 -6.79316177
260 -543.45379639 -6.79317245
261 -543.45654297 -6.79320679
262 -543.45764160 -6.79322052
263 -543.45825195 -6.79322815
264 -543.45996094 -6.79324951
265 -543.46154785 -6.79326935
266 -543.46301270 -6.79328766
267 -543.46508789 -6.79331360
268 -543.46813965 -6.79335175
269 -543.46856689 -6.79335709
270 -543.47058105 -6.79338226
271 -543.47119141 -6.79338989
272 -543.47375488 -6.79342194
273 -543.47479248 -6.79343491
274 -543.47558594 -6.79344482
275 -543.47729492 -6.79346619
276 -543.47753906 -6.79346924
277 -543.47949219 -6.79349365
278 -543.48077393 -6.79350967
279 -543.48199463 -6.79352493
280 -543.48278809 -6.79353485
281 -543.48498535 -6.79356232
282 -543.48730469 -6.79359131
283 -543.48797607 -6.79359970
284 -543.48840332 -6.79360504
285 -543.49005127 -6.79362564
286 -543.49121094 -6.79364014
287 -543.49291992 -6.79366150
288 -543.49377441 -6.79367218
289 -543.49542236 -6.79369278
290 -543.49658203 -6.79370728
291 -543.49670410 -6.79370880
292 -543.49816895 -6.79372711
293 -543.49835205 -6.79372940
294 -543.49945068 -6.79374313
295 -543.50152588 -6.79376907
296 -543.50299072 -6.79378738
297 -543.50402832 -6.79380035
298 -543.50433350 -6.79380417
299 -543.50598145 -6.79382477
300 -543.50842285 -6.79385529
301 -543.50878906 -6.79385986
302 -543.50891113 -6.79386139
303 -543.51098633 -6.79388733
304 -543.51257324 -6.79390717
305 -543.51330566 -6.79391632
306 -543.51489258 -6.79393616
307 -543.51385498 -6.79392319
308 -543.51568604 -6.79394608
309 -543.51702881 -6.79396286
310 -543.51727295 -6.79396591
311 -543.51916504 -6.79398956
312 -543.52044678 -6.79400558
313 -543.52075195 -6.79400940
314 -543.52246094 -6.79403076
315 -543.52380371 -6.79404755
316 -543.52288818 -6.79403610
317 -543.52471924 -6.79405899
318 -543.52502441 -6.79406281
319 -543.52679443 -6.79408493
320 -543.52728271 -6.79409103
321 -543.52807617 -6.79410095
322 -543.53033447 -6.79412918
323 -543.53131104 -6.79414139
324 -543.53100586 -6.79413757
325 -543.53308105 -6.79416351
326 -543.53332520 -6.79416656
327 -543.53472900 -6.79418411
328 -543.53588867 -6.79419861
329 -543.53594971 -6.79419937
330 -543.53759766 -6.79421997
331 -543.53863525 -6.79423294
332 -543.53839111 -6.79422989
333 -543.53991699 -6.79424896
334 -543.54010010 -6.79425125
335 -543.54125977 -6.79426575
336 -543.54315186 -6.79428940
337 -543.54223633 -6.79427795
338 -543.54327393 -6.79429092
339 -543.54345703 -6.79429321
340 -543.54266357 -6.79428329
341 -543.54504395 -6.79431305
342 -543.54589844 -6.79432373
343 -543.54650879 -6.79433136
344 -543.54528809 -6.79431610
345 -543.54809570 -6.79435120
346 -543.54870605 -6.79435883
347 -543.54980469 -6.79437256
348 -543.54968262 -6.79437103
349 -543.55102539 -6.79438782
350 -543.55249023 -6.79440613
351 -543.55236816 -6.79440460
352 -543.55340576 -6.79441757
353 -543.55426025 -6.79442825
354 -543.55352783 -6.79441910
355 -543.55444336 -6.79443054
356 -543.55554199 -6.79444427
357 -543.55670166 -6.79445877
358 -543.55737305 -6.79446716
359 -543.55749512 -6.79446869
360 -543.55816650 -6.79447708
361 -543.55975342 -6.79449692
362 -543.55999756 -6.79449997
363 -543.56042480 -6.79450531
364 -543.56164551 -6.79452057
365 -543.56268311 -6.79453354
366 -543.56311035 -6.79453888
367 -543.56335449 -6.79454193
368 -543.56451416 -6.79455643
369 -543.56542969 -6.79456787
370 -543.56695557 -6.79458694
371 -543.56842041 -6.79460526
372 -543.56866455 -6.79460831
373 -543.56860352 -6.79460754
374 -543.56951904 -6.79461899
375 -543.57092285 -6.79463654
376 -543.57092285 -6.79463654
377 -543.57208252 -6.79465103
378 -543.57275391 -6.79465942
379 -543.57366943 -6.79467087
380 -543.57458496 -6.79468231
381 -543.57562256 -6.79469528
382 -543.57592773 -6.79469910
383 -543.57562256 -6.79469528
384 -543.57666016 -6.79470825
385 -543.57757568 -6.79471970
386 -543.57800293 -6.79472504
387 -543.57885742 -6.79473572
388 -543.58056641 -6.79475708
389 -543.58068848 -6.79475861
390 -543.58093262 -6.79476166
391 -543.58166504 -6.79477081
392 -543.58203125 -6.79477539
393 -543.58306885 -6.79478836
394 -543.58447266 -6.79480591
395 -543.58471680 -6.79480896
396 -543.58593750 -6.79482422
397 -543.58581543 -6.79482269
398 -543.58740234 -6.79484253
399 -543.58825684 -6.79485321
400 -543.58837891 -6.79485474
401 -543.58825684 -6.79485321
402 -543.58911133 -6.79486389
403 -543.59027100 -6.79487839
404 -543.59075928 -6.79488449
405 -543.59057617 -6.79488220
406 -543.59136963 -6.79489212
407 -543.59149170 -6.79489365
408 -543.59216309 -6.79490204
409 -543.59313965 -6.79491425
410 -543.59375000 -6.79492188
411 -543.59393311 -6.79492416
412 -543.59429932 -6.79492874
413 -543.59527588 -6.79494095
414 -543.59368896 -6.79492111
415 -543.59588623 -6.79494858
416 -543.59588623 -6.79494858
417 -543.59692383 -6.79496155
418 -543.59661865 -6.79495773
419 -543.59838867 -6.79497986
420 -543.59814453 -6.79497681
421 -543.59820557 -6.79497757
422 -543.59973145 -6.79499664
423 -543.59979248 -6.79499741
424 -543.59924316 -6.79499054
425 -543.59973145 -6.79499664
426 -543.59997559 -6.79499969
427 -543.59936523 -6.79499207
428 -543.59979248 -6.79499741
429 -543.60125732 -6.79501572
430 -543.60095215 -6.79501190
431 -543.60083008 -6.79501038
432 -543.60266113 -6.79503326
433 -543.60266113 -6.79503326
434 -543.60290527 -6.79503632
435 -543.60211182 -6.79502640
436 -543.60308838 -6.79503860
437 -543.60308838 -6.79503860
438 -543.60394287 -6.79504929
439 -543.60559082 -6.79506989
440 -543.60571289 -6.79507141
441 -543.60589600 -6.79507370
442 -543.60705566 -6.79508820
443 -543.60723877 -6.79509048
444 -543.60852051 -6.79510651
445 -543.60882568 -6.79511032
446 -543.60919189 -6.79511490
447 -543.60998535 -6.79512482
448 -543.61114502 -6.79513931
449 -543.61120605 -6.79514008
450 -543.61114502 -6.79513931
451 -543.61212158 -6.79515152
452 -543.61279297 -6.79515991
453 -543.61395264 -6.79517441
454 -543.61523438 -6.79519043
455 -543.61523438 -6.79519043
456 -543.61523438 -6.79519043
457 -543.61706543 -6.79521332
458 -543.61718750 -6.79521484
459 -543.61669922 -6.79520874
460 -543.61730957 -6.79521637
461 -543.61853027 -6.79523163
462 -543.61993408 -6.79524918
463 -543.62023926 -6.79525299
464 -543.62084961 -6.79526062
465 -543.62213135 -6.79527664
466 -543.62145996 -6.79526825
467 -543.62249756 -6.79528122
468 -543.62316895 -6.79528961
469 -543.62359619 -6.79529495
470 -543.62322998 -6.79529037
471 -543.62322998 -6.79529037
472 -543.62390137 -6.79529877
473 -543.62518311 -6.79531479
474 -543.62585449 -6.79532318
475 -543.62603760 -6.79532547
476 -543.62707520 -6.79533844
477 -543.62792969 -6.79534912
478 -543.62927246 -6.79536591
479 -543.62957764 -6.79536972
480 -543.63146973 -6.79539337
481 -543.63165283 -6.79539566
482 -543.63305664 -6.79541321
483 -543.63214111 -6.79540176
484 -543.63385010 -6.79542313
485 -543.63513184 -6.79543915
486 -543.63513184 -6.79543915
487 -543.63702393 -6.79546280
488 -543.63726807 -6.79546585
489 -543.63818359 -6.79547729
490 -543.63891602 -6.79548645
491 -543.63983154 -6.79549789
492 -543.64050293 -6.79550629
493 -543.64086914 -6.79551086
494 -543.64251709 -6.79553146
495 -543.64367676 -6.79554596
496 -543.64526367 -6.79556580
497 -543.64556885 -6.79556961
498 -543.64617920 -6.79557724
499 -543.64788818 -6.79559860
500 -543.64819336 -6.79560242
501 -543.64837646 -6.79560471
502 -543.64953613 -6.79561920
503 -543.65057373 -6.79563217
504 -543.64990234 -6.79562378
505 -543.65167236 -6.79564590
506 -543.65209961 -6.79565125
507 -543.65325928 -6.79566574
508 -543.65319824 -6.79566498
509 -543.65441895 -6.79568024
510 -543.65551758 -6.79569397
511 -543.65557861 -6.79569473
512 -543.65686035 -6.79571075
513 -543.65686035 -6.79571075
514 -543.65808105 -6.79572601
515 -543.65850830 -6.79573135
516 -543.65887451 -6.79573593
517 -543.65893555 -6.79573669
518 -543.65893555 -6.79573669
519 -543.66046143 -6.79575577
520 -543.66058350 -6.79575729
521 -543.66021729 -6.79575272
522 -543.66119385 -6.79576492
523 -543.66113281 -6.79576416
524 -543.66137695 -6.79576721
525 -543.66326904 -6.79579086
526 -543.66320801 -6.79579010
527 -543.66351318 -6.79579391
528 -543.66436768 -6.79580460
529 -543.66467285 -6.79580841
530 -543.66455078 -6.79580688
531 -543.66564941 -6.79582062
532 -543.66650391 -6.79583130
533 -543.66558838 -6.79581985
534 -543.66577148 -6.79582214
535 -543.66625977 -6.79582825
536 -543.66772461 -6.79584656
537 -543.66833496 -6.79585419
538 -543.66802979 -6.79585037
539 -543.66839600 -6.79585495
540 -543.66894531 -6.79586182
541 -543.66931152 -6.79586639
542 -543.66967773 -6.79587097
543 -543.67028809 -6.79587860
544 -543.67126465 -6.79589081
545 -543.67150879 -6.79589386
546 -543.67224121 -6.79590302
547 -543.67224121 -6.79590302
548 -543.67364502 -6.79592056
549 -543.67413330 -6.79592667
550 -543.67370605 -6.79592133
551 -543.67382812 -6.79592285
552 -543.67608643 -6.79595108
553 -543.67517090 -6.79593964
554 -543.67700195 -6.79596252
555 -543.67755127 -6.79596939
556 -543.67712402 -6.79596405
557 -543.67901611 -6.79598770
558 -543.67919922 -6.79598999
559 -543.67919922 -6.79598999
560 -543.68029785 -6.79600372
561 -543.68060303 -6.79600754
562 -543.68139648 -6.79601746
563 -543.68194580 -6.79602432
564 -543.68273926 -6.79603424
565 -543.68328857 -6.79604111
566 -543.68518066 -6.79606476
567 -543.68572998 -6.79607162
568 -543.68670654 -6.79608383
569 -543.68658447 -6.79608231
570 -543.68786621 -6.79609833
571 -543.68750000 -6.79609375
572 -543.68835449 -6.79610443
573 -543.68957520 -6.79611969
574 -543.68865967 -6.79610825
575 -543.69030762 -6.79612885
576 -543.69122314 -6.79614029
577 -543.69287109 -6.79616089
578 -543.69232178 -6.79615402
579 -543.69232178 -6.79615402
580 -543.69372559 -6.79617157
581 -543.69439697 -6.79617996
582 -543.69543457 -6.79619293
583 -543.69482422 -6.79618530
584 -543.69647217 -6.79620590
585 -543.69598389 -6.79619980
586 -543.69726562 -6.79621582
587 -543.69635010 -6.79620438
588 -543.69812012 -6.79622650
589 -543.69879150 -6.79623489
590 -543.69860840 -6.79623260
591 -543.69934082 -6.79624176
592 -543.70019531 -6.79625244
593 -543.70037842 -6.79625473
594 -543.70019531 -6.79625244
595 -543.69989014 -6.79624863
596 -543.70111084 -6.79626389
597 -543.70123291 -6.79626541
598 -543.70166016 -6.79627075
599 -543.70275879 -6.79628448
600 -543.70275879 -6.79628448
601 -543.70349121 -6.79629364
602 -543.70471191 -6.79630890
603 -543.70422363 -6.79630280
604 -543.70581055 -6.79632263
605 -543.70452881 -6.79630661
606 -543.70483398 -6.79631042
607 -543.70526123 -6.79631577
608 -543.70593262 -6.79632416
609 -543.70648193 -6.79633102
610 -543.70666504 -6.79633331
611 -543.70635986 -6.79632950
612 -543.70715332 -6.79633942
613 -543.70654297 -6.79633179
614 -543.70739746 -6.79634247
615 -543.70690918 -6.79633636
616 -543.70715332 -6.79633942
617 -543.70770264 -6.79634628
618 -543.70800781 -6.79635010
619 -543.70861816 -6.79635773
620 -543.70910645 -6.79636383
621 -543.70892334 -6.79636154
622 -543.70996094 -6.79637451
623 -543.71032715 -6.79637909
624 -543.71130371 -6.79639130
625 -543.71154785 -6.79639435
626 -543.71130371 -6.79639130
627 -543.71252441 -6.79640656
628 -543.71313477 -6.79641418
629 -543.71173096 -6.79639664
630 -543.71325684 -6.79641571
631 -543.71374512 -6.79642181
632 -543.71405029 -6.79642563
633 -543.71368408 -6.79642105
634 -543.71472168 -6.79643402
635 -543.71343994 -6.79641800
636 -543.71569824 -6.79644623
637 -543.71752930 -6.79646912
638 -543.71704102 -6.79646301
639 -543.71752930 -6.79646912
640 -543.71801758 -6.79647522
641 -543.71820068 -6.79647751
642 -543.71923828 -6.79649048
643 -543.71911621 -6.79648895
644 -543.71972656 -6.79649658
645 -543.72161865 -6.79652023
646 -543.72192383 -6.79652405
647 -543.72186279 -6.79652328
648 -543.72180176 -6.79652252
649 -543.72363281 -6.79654541
650 -543.72241211 -6.79653015
651 -543.72430420 -6.79655380
652 -543.72607422 -6.79657593
653 -543.72692871 -6.79658661
654 -543.72839355 -6.79660492
655 -543.72888184 -6.79661102
656 -543.72937012 -6.79661713
657 -543.73016357 -6.79662704
658 -543.73181152 -6.79664764
659 -543.73138428 -6.79664230
660 -543.73229980 -6.79665375
661 -543.73315430 -6.79666443
662 -543.73352051 -6.79666901
663 -543.73419189 -6.79667740
664 -543.73437500 -6.79667969
665 -543.73553467 -6.79669418
666 -543.73681641 -6.79671021
667 -543.73712158 -6.79671402
668 -543.73730469 -6.79671631
669 -543.73864746 -6.79673309
670 -543.73803711 -6.79672546
671 -543.73944092 -6.79674301
672 -543.74047852 -6.79675598
673 -543.74084473 -6.79676056
674 -543.74188232 -6.79677353
675 -543.74108887 -6.79676361
676 -543.74206543 -6.79677582
677 -543.74163818 -6.79677048
678 -543.74188232 -6.79677353
679 -543.74310303 -6.79678879
680 -543.74304199 -6.79678802
681 -543.74371338 -6.79679642
682 -543.74511719 -6.79681396
683 -543.74542236 -6.79681778
684 -543.74597168 -6.79682465
685 -543.74761963 -6.79684525
686 -543.74798584 -6.79684982
687 -543.74829102 -6.79685364
688 -543.74896240 -6.79686203
689 -543.74896240 -6.79686203
690 -543.75024414 -6.79687805
691 -543.75048828 -6.79688110
692 -543.75170898 -6.79689636
693 -543.75097656 -6.79688721
694 -543.75109863 -6.79688873
695 -543.75201416 -6.79690018
696 -543.75231934 -6.79690399
697 -543.75335693 -6.79691696
698 -543.75500488 -6.79693756
699 -543.75592041 -6.79694901
700 -543.75640869 -6.79695511
701 -543.75683594 -6.79696045
702 -543.75793457 -6.79697418
703 -543.75775146 -6.79697189
704 -543.75878906 -6.79698486
705 -543.75970459 -6.79699631
706 -543.76049805 -6.79700623
707 -543.76104736 -6.79701309
708 -543.76110840 -6.79701385
709 -543.76196289 -6.79702454
710 -543.76300049 -6.79703751
711 -543.76373291 -6.79704666
712 -543.76483154 -6.79706039
713 -543.76391602 -6.79704895
714 -543.76489258 -6.79706116
715 -543.76654053 -6.79708176
716 -543.76684570 -6.79708557
717 -543.76843262 -6.79710541
718 -543.76879883 -6.79710999
719 -543.76959229 -6.79711990
720 -543.76904297 -6.79711304
721 -543.77050781 -6.79713135
722 -543.77075195 -6.79713440
723 -543.77172852 -6.79714661
724 -543.77282715 -6.79716034
725 -543.77215576 -6.79715195
726 -543.77368164 -6.79717102
727 -543.77484131 -6.79718552
728 -543.77520752 -6.79719009
729 -543.77526855 -6.79719086
730 -543.77587891 -6.79719849
731 -543.77697754 -6.79721222
732 -543.77777100 -6.79722214
733 -543.77728271 -6.79721603
734 -543.77880859 -6.79723511
735 -543.77947998 -6.79724350
736 -543.78015137 -6.79725189
737 -543.78118896 -6.79726486
738 -543.78131104 -6.79726639
739 -543.78149414 -6.79726868
740 -543.78234863 -6.79727936
741 -543.78302002 -6.79728775
742 -543.78320312 -6.79729004
743 -543.78344727 -6.79729309
744 -543.78454590 -6.79730682
745 -543.78491211 -6.79731140
746 -543.78570557 -6.79732132
747 -543.78637695 -6.79732971
748 -543.78771973 -6.79734650
749 -543.78839111 -6.79735489
750 -543.78942871 -6.79736786
751 -543.78887939 -6.79736099
752 -543.78961182 -6.79737015
753 -543.78979492 -6.79737244
754 -543.79028320 -6.79737854
755 -543.79101562 -6.79738770
756 -543.79058838 -6.79738235
757 -543.79211426 -6.79740143
758 -543.79309082 -6.79741364
759 -543.79315186 -6.79741440
760 -543.79302979 -6.79741287
761 -543.79351807 -6.79741898
762 -543.79553223 -6.79744415
763 -543.79547119 -6.79744339
764 -543.79492188 -6.79743652
765 -543.79644775 -6.79745560
766 -543.79626465 -6.79745331
767 -543.79663086 -6.79745789
768 -543.79663086 -6.79745789
769 -543.79846191 -6.79748077
770 -543.79809570 -6.79747620
771 -543.79827881 -6.79747849
772 -543.79956055 -6.79749451
773 -543.80029297 -6.79750366
774 -543.80133057 -6.79751663
775 -543.80096436 -6.79751205
776 -543.80163574 -6.79752045
777 -543.80285645 -6.79753571
778 -543.80297852 -6.79753723
779 -543.80297852 -6.79753723
780 -543.80383301 -6.79754791
781 -543.80487061 -6.79756088
782 -543.80529785 -6.79756622
783 -543.80535889 -6.79756699
784 -543.80554199 -6.79756927
785 -543.80694580 -6.79758682
786 -543.80725098 -6.79759064
787 -543.80883789 -6.79761047
788 -543.80792236 -6.79759903
789 -543.80999756 -6.79762497
790 -543.80950928 -6.79761887
791 -543.80999756 -6.79762497
792 -543.81121826 -6.79764023
793 -543.81115723 -6.79763947
794 -543.81231689 -6.79765396
795 -543.81274414 -6.79765930
796 -543.81329346 -6.79766617
797 -543.81475830 -6.79768448
798 -543.81445312 -6.79768066
799 -543.81463623 -6.79768295
800 -543.81622314 -6.79770279
801 -543.81713867 -6.79771423
802 -543.81750488 -6.79771881
803 -543.81805420 -6.79772568
804 -543.81854248 -6.79773178
805 -543.81872559 -6.79773407
806 -543.81958008 -6.79774475
807 -543.82073975 -6.79775925
808 -543.81976318 -6.79774704
809 -543.81988525 -6.79774857
810 -543.82086182 -6.79776077
811 -543.82067871 -6.79775848
812 -543.82159424 -6.79776993
813 -543.82250977 -6.79778137
814 -543.82257080 -6.79778214
815 -543.82330322 -6.79779129
816 -543.82452393 -6.79780655
817 -543.82397461 -6.79779968
818 -543.82458496 -6.79780731
819 -543.82464600 -6.79780807
820 -543.82525635 -6.79781570
821 -543.82666016 -6.79783325
822 -543.82720947 -6.79784012
823 -543.82745361 -6.79784317
824 -543.82904053 -6.79786301
825 -543.82922363 -6.79786530
826 -543.82928467 -6.79786606
827 -543.82995605 -6.79787445
828 -543.83032227 -6.79787903
829 -543.83050537 -6.79788132
830 -543.83184814 -6.79789810
831 -543.83172607 -6.79789658
832 -543.83331299 -6.79791641
833 -543.83374023 -6.79792175
834 -543.83337402 -6.79791718
835 -543.83374023 -6.79792175
836 -543.83404541 -6.79792557
837 -543.83489990 -6.79793625
838 -543.83569336 -6.79794617
839 -543.83489990 -6.79793625
840 -543.83551025 -6.79794388
841 -543.83703613 -6.79796295
842 -543.83679199 -6.79795990
843 -543.83685303 -6.79796066
844 -543.83624268 -6.79795303
845 -543.83776855 -6.79797211
846 -543.83850098 -6.79798126
847 -543.83898926 -6.79798737
848 -543.83935547 -6.79799194
849 -543.83959961 -6.79799500
850 -543.83947754 -6.79799347
851 -543.84033203 -6.79800415
852 -543.84082031 -6.79801025
853 -543.84155273 -6.79801941
854 -543.83996582 -6.79799957
855 -543.84167480 -6.79802094
856 -543.84136963 -6.79801712
857 -543.84179688 -6.79802246
858 -543.84326172 -6.79804077
859 -543.84265137 -6.79803314
860 -543.84344482 -6.79804306
861 -543.84497070 -6.79806213
862 -543.84399414 -6.79804993
863 -543.84558105 -6.79806976
864 -543.84643555 -6.79808044
865 -543.84680176 -6.79808502
866 -543.84790039 -6.79809875
867 -543.84783936 -6.79809799
868 -543.84771729 -6.79809647
869 -543.84765625 -6.79809570
870 -543.84930420 -6.79811630
871 -543.85101318 -6.79813766
872 -543.85131836 -6.79814148
873 -543.85198975 -6.79814987
874 -543.85363770 -6.79817047
875 -543.85388184 -6.79817352
876 -543.85479736 -6.79818497
877 -543.85485840 -6.79818573
878 -543.85552979 -6.79819412
879 -543.85644531 -6.79820557
880 -543.85766602 -6.79822083
881 -543.85852051 -6.79823151
882 -543.85827637 -6.79822845
883 -543.85906982 -6.79823837
884 -543.85980225 -6.79824753
885 -543.85961914 -6.79824524
886 -543.86138916 -6.79826736
887 -543.86059570 -6.79825745
888 -543.86309814 -6.79828873
889 -543.86169434 -6.79827118
890 -543.86230469 -6.79827881
891 -543.86401367 -6.79830017
892 -543.86413574 -6.79830170
893 -543.86584473 -6.79832306
894 -543.86590576 -6.79832382
895 -543.86645508 -6.79833069
896 -543.86822510 -6.79835281
897 -543.86901855 -6.79836273
898 -543.87005615 -6.79837570
899 -543.86981201 -6.79837265
900 -543.87103271 -6.79838791
901 -543.87182617 -6.79839783
902 -543.87164307 -6.79839554
903 -543.87286377 -6.79841080
904 -543.87274170 -6.79840927
905 -543.87377930 -6.79842224
906 -543.87420654 -6.79842758
907 -543.87445068 -6.79843063
908 -543.87548828 -6.79844360
909 -543.87585449 -6.79844818
910 -543.87615967 -6.79845200
911 -543.87670898 -6.79845886
912 -543.87823486 -6.79847794
913 -543.87768555 -6.79847107
914 -543.87915039 -6.79848938
915 -543.88049316 -6.79850616
916 -543.87982178 -6.79849777
917 -543.88208008 -6.79852600
918 -543.88226318 -6.79852829
919 -543.88317871 -6.79853973
920 -543.88458252 -6.79855728
921 -543.88476562 -6.79855957
922 -543.88586426 -6.79857330
923 -543.88568115 -6.79857101
924 -543.88684082 -6.79858551
925 -543.88769531 -6.79859619
926 -543.88757324 -6.79859467
927 -543.88848877 -6.79860611
928 -543.88891602 -6.79861145
929 -543.88818359 -6.79860229
930 -543.89050293 -6.79863129
931 -543.89038086 -6.79862976
932 -543.89044189 -6.79863052
933 -543.89184570 -6.79864807
934 -543.89221191 -6.79865265
935 -543.89141846 -6.79864273
936 -543.89331055 -6.79866638
937 -543.89367676 -6.79867096
938 -543.89471436 -6.79868393
939 -543.89538574 -6.79869232
940 -543.89526367 -6.79869080
941 -543.89782715 -6.79872284
942 -543.89605713 -6.79870071
943 -543.89880371 -6.79873505
944 -543.89837646 -6.79872971
945 -543.89904785 -6.79873810
946 -543.90045166 -6.79875565
947 -543.90087891 -6.79876099
948 -543.90020752 -6.79875259
949 -543.90136719 -6.79876709
950 -543.90124512 -6.79876556
951 -543.90350342 -6.79879379
952 -543.90301514 -6.79878769
953 -543.90368652 -6.79879608
954 -543.90515137 -6.79881439
955 -543.90441895 -6.79880524
956 -543.90472412 -6.79880905
957 -543.90673828 -6.79883423
958 -543.90686035 -6.79883575
959 -543.90850830 -6.79885635
960 -543.90869141 -6.79885864
961 -543.90972900 -6.79887161
962 -543.90997314 -6.79887466
963 -543.91119385 -6.79888992
964 -543.91101074 -6.79888763
965 -543.91149902 -6.79889374
966 -543.91247559 -6.79890594
967 -543.91271973 -6.79890900
968 -543.91302490 -6.79891281
969 -543.91229248 -6.79890366
970 -543.91412354 -6.79892654
971 -543.91461182 -6.79893265
972 -543.91522217 -6.79894028
973 -543.91546631 -6.79894333
974 -543.91540527 -6.79894257
975 -543.91662598 -6.79895782
976 -543.91687012 -6.79896088
977 -543.91772461 -6.79897156
978 -543.91809082 -6.79897614
979 -543.91784668 -6.79897308
980 -543.92004395 -6.79900055
981 -543.91998291 -6.79899979
982 -543.91986084 -6.79899826
983 -543.92053223 -6.79900665
984 -543.92034912 -6.79900436
985 -543.92297363 -6.79903717
986 -543.92163086 -6.79902039
987 -543.92297363 -6.79903717
988 -543.92364502 -6.79904556
989 -543.92309570 -6.79903870
990 -543.92498779 -6.79906235
991 -543.92291260 -6.79903641
992 -543.92559814 -6.79906998
993 -543.92541504 -6.79906769
994 -543.92657471 -6.79908218
995 -543.92803955 -6.79910049
996 -543.92712402 -6.79908905
997 -543.92901611 -6.79911270
998 -543.92858887 -6.79910736
999 -543.92889404 -6.79911118
