0 -600.67907715 -6.98464043
1 -600.69726562 -6.98485193
2 -600.71191406 -6.98502226
3 -600.72424316 -6.98516562
4 -600.73437500 -6.98528343
5 -600.74298096 -6.98538350
6 -600.75183105 -6.98548641
7 -600.75860596 -6.98556519
8 -600.76403809 -6.98562835
9 -600.77124023 -6.98571210
10 -600.77770996 -6.98578733
11 -600.78332520 -6.98585262
12 -600.78906250 -6.98591933
13 -600.79467773 -6.98598462
14 -600.79852295 -6.98602934
15 -600.80383301 -6.98609108
16 -600.80816650 -6.98614147
17 -600.81323242 -6.98620038
18 -600.81762695 -6.98625148
19 -600.82177734 -6.98629974
20 -600.82550049 -6.98634303
21 -600.82965088 -6.98639129
22 -600.83294678 -6.98642961
23 -600.83581543 -6.98646297
24 -600.83929443 -6.98650342
25 -600.84326172 -6.98654955
26 -600.84613037 -6.98658291
27 -600.84942627 -6.98662124
28 -600.85308838 -6.98666382
29 -600.85614014 -6.98669930
30 -600.85906982 -6.98673337
31 -600.86169434 -6.98676389
32 -600.86395264 -6.98679015
33 -600.86663818 -6.98682137
34 -600.86938477 -6.98685331
35 -600.87115479 -6.98687389
36 -600.87335205 -6.98689944
37 -600.87493896 -6.98691789
38 -600.87707520 -6.98694273
39 -600.88000488 -6.98697680
40 -600.88116455 -6.98699029
41 -600.88330078 -6.98701513
42 -600.88507080 -6.98703571
43 -600.88641357 -6.98705132
44 -600.88781738 -6.98706764
45 -600.88891602 -6.98708042
46 -600.89111328 -6.98710597
47 -600.89257812 -6.98712300
48 -600.89422607 -6.98714216
49 -600.89508057 -6.98715210
50 -600.89636230 -6.98716700
51 -600.89752197 -6.98718049
52 -600.89923096 -6.98720036
53 -600.90051270 -6.98721526
54 -600.90197754 -6.98723230
55 -600.90264893 -6.98724010
56 -600.90411377 -6.98725714
57 -600.90515137 -6.98726920
58 -600.90588379 -6.98727772
59 -600.90637207 -6.98728340
60 -600.90740967 -6.98729546
61 -600.90881348 -6.98731178
62 -600.90930176 -6.98731746
63 -600.91064453 -6.98733308
64 -600.91113281 -6.98733875
65 -600.91217041 -6.98735082
66 -600.91314697 -6.98736217
67 -600.91473389 -6.98738063
68 -600.91503906 -6.98738418
69 -600.91589355 -6.98739411
70 -600.91607666 -6.98739624
71 -600.91668701 -6.98740334
72 -600.91748047 -6.98741256
73 -600.91845703 -6.98742392
74 -600.91955566 -6.98743669
75 -600.92041016 -6.98744663
76 -600.92089844 -6.98745231
77 -600.92150879 -6.98745940
78 -600.92285156 -6.98747502
79 -600.92333984 -6.98748070
80 -600.92395020 -6.98748779
81 -600.92535400 -6.98750412
82 -600.92529297 -6.98750341
83 -600.92626953 -6.98751476
84 -600.92663574 -6.98751902
85 -600.92706299 -6.98752399
86 -600.92834473 -6.98753889
87 -600.92889404 -6.98754528
88 -600.92956543 -6.98755309
89 -600.93029785 -6.98756160
90 -600.93011475 -6.98755947
91 -600.93023682 -6.98756089
92 -600.93103027 -6.98757012
93 -600.93231201 -6.98758502
94 -600.93267822 -6.98758928
95 -600.93280029 -6.98759070
96 -600.93353271 -6.98759922
97 -600.93383789 -6.98760277
98 -600.93414307 -6.98760631
99 -600.93414307 -6.98760631
100 -600.93457031 -6.98761128
101 -600.93469238 -6.98761270
102 -600.93530273 -6.98761980
103 -600.93548584 -6.98762193
104 -600.93615723 -6.98762974
105 -600.93664551 -6.98763541
106 -600.93695068 -6.98763896
107 -600.93725586 -6.98764251
108 -600.93737793 -6.98764393
109 -600.93701172 -6.98763967
110 -600.93737793 -6.98764393
111 -600.93823242 -6.98765387
112 -600.93872070 -6.98765954
113 -600.93902588 -6.98766309
114 -600.93890381 -6.98766167
115 -600.93890381 -6.98766167
116 -600.93914795 -6.98766451
117 -600.93975830 -6.98767161
118 -600.94018555 -6.98767658
119 -600.94091797 -6.98768509
120 -600.94116211 -6.98768793
121 -600.94158936 -6.98769290
122 -600.94213867 -6.98769929
