0 -469.31829834 -6.51830970
1 -469.33773804 -6.51857969
2 -469.35116577 -6.51876619
3 -469.36004639 -6.51888953
4 -469.36523438 -6.51896159
5 -469.36956787 -6.51902178
6 -469.37359619 -6.51907772
7 -469.37463379 -6.51909214
8 -469.37698364 -6.51912477
9 -469.37890625 -6.51915148
10 -469.38061523 -6.51917521
11 -469.38238525 -6.51919980
12 -469.38421631 -6.51922523
13 -469.38394165 -6.51922141
14 -469.38479614 -6.51923328
15 -469.38565063 -6.51924515
16 -469.38604736 -6.51925066
17 -469.38677979 -6.51926083
18 -469.38574219 -6.51924642
19 -469.38607788 -6.51925108
20 -469.38604736 -6.51925066
21 -469.38641357 -6.51925574
22 -469.38516235 -6.51923837
23 -469.38650513 -6.51925702
24 -469.38714600 -6.51926592
25 -469.38711548 -6.51926549
26 -469.38677979 -6.51926083
27 -469.38540649 -6.51924176
28 -469.38690186 -6.51926253
29 -469.38659668 -6.51925829
30 -469.38656616 -6.51925786
31 -469.38717651 -6.51926634
32 -469.38592529 -6.51924896
33 -469.38623047 -6.51925320
34 -469.38555908 -6.51924388
35 -469.38464355 -6.51923116
36 -469.38488770 -6.51923455
37 -469.38421631 -6.51922523
38 -469.38388062 -6.51922056
39 -469.38290405 -6.51920700
40 -469.38293457 -6.51920742
41 -469.38275146 -6.51920488
42 -469.38256836 -6.51920234
43 -469.38250732 -6.51920149
44 -469.38208008 -6.51919556
45 -469.38192749 -6.51919344
46 -469.38204956 -6.51919513
47 -469.38122559 -6.51918369
48 -469.38067627 -6.51917606
49 -469.38092041 -6.51917945
50 -469.38049316 -6.51917352
51 -469.37976074 -6.51916334
52 -469.37936401 -6.51915783
53 -469.38021851 -6.51916970
54 -469.38067627 -6.51917606
55 -469.38034058 -6.51917140
56 -469.37966919 -6.51916207
57 -469.37878418 -6.51914978
58 -469.37854004 -6.51914639
59 -469.37875366 -6.51914936
60 -469.37844849 -6.51914512
61 -469.37756348 -6.51913283
62 -469.37789917 -6.51913749
63 -469.37738037 -6.51913028
64 -469.37619019 -6.51911375
65 -469.37768555 -6.51913452
66 -469.37677002 -6.51912181
67 -469.37533569 -6.51910188
68 -469.37579346 -6.51910824
69 -469.37496948 -6.51909680
70 -469.37551880 -6.51910443
71 -469.37515259 -6.51909934
72 -469.37518311 -6.51909977
73 -469.37628174 -6.51911502
74 -469.37451172 -6.51909044
75 -469.37448120 -6.51909002
76 -469.37316895 -6.51907179
77 -469.37356567 -6.51907730
78 -469.37228394 -6.51905950
79 -469.37258911 -6.51906374
80 -469.37234497 -6.51906035
81 -469.37185669 -6.51905357
82 -469.37286377 -6.51906755
83 -469.37197876 -6.51905526
84 -469.37115479 -6.51904382
85 -469.37063599 -6.51903661
86 -469.37030029 -6.51903195
87 -469.37158203 -6.51904975
88 -469.37069702 -6.51903746
89 -469.37152100 -6.51904890
90 -469.37054443 -6.51903534
91 -469.37078857 -6.51903873
92 -469.37036133 -6.51903280
93 -469.37136841 -6.51904678
94 -469.37051392 -6.51903492
95 -469.37042236 -6.51903364
96 -469.36935425 -6.51901881
97 -469.37051392 -6.51903492
98 -469.36959839 -6.51902220
99 -469.37011719 -6.51902941
100 -469.36907959 -6.51901499
101 -469.36874390 -6.51901033
102 -469.36898804 -6.51901372
103 -469.36718750 -6.51898872
104 -469.36721802 -6.51898914
105 -469.36721802 -6.51898914
106 -469.36666870 -6.51898151
107 -469.36566162 -6.51896752
108 -469.36419678 -6.51894718
109 -469.36523438 -6.51896159
110 -469.36465454 -6.51895354
111 -469.36566162 -6.51896752
112 -469.36520386 -6.51896116
113 -469.36386108 -6.51894252
114 -469.36477661 -6.51895523
115 -469.36279297 -6.51892768
116 -469.36212158 -6.51891836
117 -469.36251831 -6.51892387
118 -469.36190796 -6.51891539
119 -469.36044312 -6.51889504
120 -469.35882568 -6.51887258
121 -469.35864258 -6.51887004
122 -469.35827637 -6.51886495
123 -469.35778809 -6.51885817
124 -469.35760498 -6.51885562
125 -469.35620117 -6.51883613
126 -469.35656738 -6.51884121
127 -469.35601807 -6.51883358
128 -469.35549927 -6.51882638
129 -469.35559082 -6.51882765
130 -469.35464478 -6.51881451
131 -469.35449219 -6.51881239
132 -469.35440063 -6.51881112
133 -469.35385132 -6.51880349
134 -469.35394287 -6.51880476
135 -469.35403442 -6.51880603
136 -469.35272217 -6.51878781
137 -469.35336304 -6.51879671
138 -469.35260010 -6.51878611
139 -469.35250854 -6.51878484
140 -469.35165405 -6.51877297
141 -469.35278320 -6.51878866
142 -469.35205078 -6.51877848
143 -469.35076904 -6.51876068
144 -469.34994507 -6.51874924
145 -469.34985352 -6.51874797
146 -469.34951782 -6.51874330
147 -469.34771729 -6.51871830
148 -469.34963989 -6.51874500
149 -469.34985352 -6.51874797
150 -469.34985352 -6.51874797
151 -469.34902954 -6.51873652
152 -469.34887695 -6.51873440
153 -469.34872437 -6.51873228
154 -469.34729004 -6.51871236
155 -469.34625244 -6.51869795
156 -469.34765625 -6.51871745
157 -469.34738159 -6.51871363
158 -469.34637451 -6.51869965
159 -469.34655762 -6.51870219
160 -469.34609985 -6.51869583
161 -469.34591675 -6.51869329
162 -469.34542847 -6.51868651
163 -469.34606934 -6.51869541
164 -469.34570312 -6.51869032
165 -469.34429932 -6.51867082
166 -469.34460449 -6.51867506
167 -469.34613037 -6.51869626
168 -469.34439087 -6.51867210
169 -469.34704590 -6.51870897
170 -469.34783936 -6.51871999
171 -469.34722900 -6.51871151
172 -469.34603882 -6.51869498
173 -469.34805298 -6.51872296
174 -469.34771729 -6.51871830
175 -469.34719849 -6.51871109
176 -469.34570312 -6.51869032
177 -469.34680176 -6.51870558
178 -469.34619141 -6.51869710
179 -469.34661865 -6.51870304
180 -469.34695435 -6.51870770
181 -469.34619141 -6.51869710
182 -469.34667969 -6.51870388
183 -469.34649658 -6.51870134
184 -469.34844971 -6.51872847
185 -469.34835815 -6.51872720
186 -469.34835815 -6.51872720
187 -469.34918213 -6.51873864
188 -469.34863281 -6.51873101
189 -469.34890747 -6.51873483
190 -469.34857178 -6.51873016
191 -469.34979248 -6.51874712
192 -469.35086060 -6.51876195
193 -469.35025024 -6.51875348
194 -469.34997559 -6.51874966
195 -469.35061646 -6.51875856
196 -469.35092163 -6.51876280
197 -469.35095215 -6.51876322
198 -469.35247803 -6.51878442
199 -469.35232544 -6.51878230
200 -469.35345459 -6.51879798
201 -469.35421753 -6.51880858
202 -469.35263062 -6.51878654
203 -469.35443115 -6.51881154
204 -469.35388184 -6.51880391
205 -469.35452271 -6.51881282
206 -469.35513306 -6.51882129
207 -469.35464478 -6.51881451
208 -469.35449219 -6.51881239
209 -469.35507202 -6.51882044
210 -469.35494995 -6.51881875
211 -469.35562134 -6.51882807
212 -469.35531616 -6.51882384
213 -469.35620117 -6.51883613
214 -469.35586548 -6.51883146
215 -469.35552979 -6.51882680
216 -469.35668945 -6.51884291
217 -469.35507202 -6.51882044
218 -469.35354614 -6.51879925
219 -469.35437012 -6.51881070
220 -469.35385132 -6.51880349
221 -469.35504150 -6.51882002
222 -469.35519409 -6.51882214
223 -469.35437012 -6.51881070
224 -469.35375977 -6.51880222
225 -469.35479736 -6.51881663
226 -469.35266113 -6.51878696
227 -469.35266113 -6.51878696
228 -469.35244751 -6.51878399
229 -469.35354614 -6.51879925
230 -469.35189819 -6.51877636
231 -469.35223389 -6.51878103
232 -469.35134888 -6.51876873
233 -469.35162354 -6.51877255
234 -469.35159302 -6.51877213
235 -469.35217285 -6.51878018
236 -469.35131836 -6.51876831
237 -469.35015869 -6.51875220
238 -469.35000610 -6.51875008
239 -469.34930420 -6.51874034
240 -469.34863281 -6.51873101
241 -469.34838867 -6.51872762
242 -469.34747314 -6.51871490
243 -469.34609985 -6.51869583
244 -469.34542847 -6.51868651
245 -469.34579468 -6.51869159
246 -469.34442139 -6.51867252
247 -469.34390259 -6.51866531
248 -469.34283447 -6.51865048
249 -469.34384155 -6.51866447
250 -469.34191895 -6.51863776
251 -469.34268188 -6.51864836
252 -469.34057617 -6.51861911
253 -469.34039307 -6.51861657
254 -469.34002686 -6.51861148
255 -469.33911133 -6.51859877
256 -469.33801270 -6.51858351
257 -469.33740234 -6.51857503
258 -469.33761597 -6.51857800
259 -469.33691406 -6.51856825
260 -469.33688354 -6.51856783
261 -469.33734131 -6.51857418
262 -469.33807373 -6.51858436
263 -469.33804321 -6.51858393
264 -469.33767700 -6.51857885
265 -469.33703613 -6.51856995
266 -469.33648682 -6.51856232
267 -469.33493042 -6.51854070
268 -469.33435059 -6.51853265
269 -469.33489990 -6.51854028
270 -469.33459473 -6.51853604
271 -469.33401489 -6.51852798
272 -469.33370972 -6.51852375
273 -469.33395386 -6.51852714
274 -469.33383179 -6.51852544
275 -469.33230591 -6.51850425
276 -469.33239746 -6.51850552
277 -469.33428955 -6.51853180
278 -469.33407593 -6.51852883
279 -469.33255005 -6.51850764
280 -469.33163452 -6.51849492
281 -469.33126831 -6.51848984
282 -469.33093262 -6.51848518
283 -469.33087158 -6.51848433
284 -469.33062744 -6.51848094
285 -469.32995605 -6.51847161
286 -469.32983398 -6.51846992
287 -469.33035278 -6.51847712
288 -469.32962036 -6.51846695
289 -469.33068848 -6.51848178
290 -469.33102417 -6.51848645
291 -469.33190918 -6.51849874
292 -469.33102417 -6.51848645
293 -469.33282471 -6.51851145
294 -469.33203125 -6.51850043
295 -469.33251953 -6.51850722
296 -469.33233643 -6.51850467
297 -469.33340454 -6.51851951
298 -469.33410645 -6.51852926
299 -469.33358765 -6.51852205
300 -469.33508301 -6.51854282
301 -469.33538818 -6.51854706
302 -469.33654785 -6.51856316
303 -469.33493042 -6.51854070
304 -469.33743286 -6.51857546
305 -469.33761597 -6.51857800
306 -469.33724976 -6.51857291
307 -469.33865356 -6.51859241
308 -469.33773804 -6.51857969
309 -469.33816528 -6.51858563
310 -469.33941650 -6.51860301
311 -469.34109497 -6.51862632
312 -469.34078979 -6.51862208
313 -469.34097290 -6.51862462
314 -469.34112549 -6.51862674
315 -469.34112549 -6.51862674
316 -469.34121704 -6.51862801
317 -469.34039307 -6.51861657
318 -469.33981323 -6.51860852
319 -469.33947754 -6.51860385
320 -469.33926392 -6.51860089
321 -469.33886719 -6.51859538
322 -469.33889771 -6.51859580
323 -469.33959961 -6.51860555
324 -469.33850098 -6.51859029
325 -469.33724976 -6.51857291
326 -469.33740234 -6.51857503
327 -469.33566284 -6.51855087
328 -469.33645630 -6.51856189
329 -469.33697510 -6.51856910
330 -469.33776855 -6.51858012
331 -469.33721924 -6.51857249
332 -469.33676147 -6.51856613
333 -469.33496094 -6.51854112
334 -469.33489990 -6.51854028
335 -469.33453369 -6.51853519
336 -469.33575439 -6.51855214
337 -469.33471680 -6.51853773
338 -469.33505249 -6.51854240
339 -469.33499146 -6.51854155
340 -469.33358765 -6.51852205
341 -469.33328247 -6.51851781
342 -469.33422852 -6.51853095
343 -469.33306885 -6.51851485
344 -469.33319092 -6.51851654
345 -469.33395386 -6.51852714
346 -469.33349609 -6.51852078
347 -469.33300781 -6.51851400
348 -469.33297729 -6.51851357
349 -469.33337402 -6.51851908
350 -469.33294678 -6.51851315
351 -469.33267212 -6.51850933
352 -469.33251953 -6.51850722
353 -469.33316040 -6.51851612
354 -469.33349609 -6.51852078
355 -469.33239746 -6.51850552
356 -469.33123779 -6.51848941
357 -469.33166504 -6.51849535
358 -469.33026123 -6.51847585
359 -469.32824707 -6.51844788
360 -469.33020020 -6.51847500
361 -469.32968140 -6.51846780
362 -469.32922363 -6.51846144
363 -469.32867432 -6.51845381
364 -469.32855225 -6.51845211
365 -469.32723999 -6.51843389
366 -469.32531738 -6.51840719
367 -469.32498169 -6.51840252
368 -469.32467651 -6.51839828
369 -469.32403564 -6.51838938
370 -469.32357788 -6.51838303
371 -469.32299805 -6.51837497
372 -469.32150269 -6.51835420
373 -469.32141113 -6.51835293
374 -469.32110596 -6.51834869
375 -469.32092285 -6.51834615
376 -469.31967163 -6.51832877
377 -469.31936646 -6.51832453
378 -469.31851196 -6.51831267
379 -469.31799316 -6.51830546
380 -469.31677246 -6.51828851
381 -469.31619263 -6.51828045
382 -469.31585693 -6.51827579
383 -469.31500244 -6.51826392
384 -469.31484985 -6.51826180
385 -469.31381226 -6.51824739
386 -469.31365967 -6.51824527
387 -469.31475830 -6.51826053
388 -469.31408691 -6.51825121
389 -469.31307983 -6.51823722
390 -469.31265259 -6.51823129
391 -469.31362915 -6.51824485
392 -469.31240845 -6.51822790
393 -469.31109619 -6.51820967
394 -469.31158447 -6.51821645
395 -469.31179810 -6.51821942
396 -469.31161499 -6.51821687
397 -469.31143188 -6.51821433
398 -469.31329346 -6.51824019
399 -469.31314087 -6.51823807
400 -469.31265259 -6.51823129
401 -469.31112671 -6.51821009
402 -469.31100464 -6.51820840
403 -469.31198120 -6.51822196
404 -469.31213379 -6.51822408
405 -469.31185913 -6.51822027
406 -469.31262207 -6.51823086
407 -469.31265259 -6.51823129
408 -469.31304932 -6.51823680
409 -469.31234741 -6.51822705
410 -469.31277466 -6.51823298
411 -469.31329346 -6.51824019
412 -469.31378174 -6.51824697
413 -469.31338501 -6.51824146
414 -469.31408691 -6.51825121
415 -469.31475830 -6.51826053
416 -469.31500244 -6.51826392
417 -469.31646729 -6.51828427
418 -469.31665039 -6.51828681
419 -469.31787109 -6.51830377
420 -469.31909180 -6.51832072
421 -469.31896973 -6.51831902
422 -469.31982422 -6.51833089
423 -469.32055664 -6.51834106
424 -469.32009888 -6.51833471
425 -469.32098389 -6.51834700
426 -469.32073975 -6.51834361
427 -469.32214355 -6.51836310
428 -469.32263184 -6.51836989
429 -469.32293701 -6.51837413
430 -469.32348633 -6.51838175
431 -469.32388306 -6.51838726
432 -469.32400513 -6.51838896
433 -469.32446289 -6.51839532
434 -469.32440186 -6.51839447
435 -469.32513428 -6.51840464
436 -469.32543945 -6.51840888
437 -469.32446289 -6.51839532
438 -469.32424927 -6.51839235
439 -469.32482910 -6.51840040
440 -469.32495117 -6.51840210
441 -469.32464600 -6.51839786
442 -469.32675171 -6.51842711
443 -469.32623291 -6.51841990
444 -469.32546997 -6.51840931
445 -469.32608032 -6.51841778
446 -469.32586670 -6.51841482
447 -469.32595825 -6.51841609
448 -469.32580566 -6.51841397
449 -469.32583618 -6.51841439
450 -469.32516479 -6.51840507
451 -469.32565308 -6.51841185
452 -469.32705688 -6.51843135
453 -469.32659912 -6.51842499
454 -469.32659912 -6.51842499
455 -469.32598877 -6.51841651
456 -469.32696533 -6.51843007
457 -469.32708740 -6.51843177
458 -469.32708740 -6.51843177
459 -469.32766724 -6.51843982
460 -469.32730103 -6.51843474
461 -469.32772827 -6.51844067
462 -469.32785034 -6.51844237
463 -469.32760620 -6.51843898
464 -469.32769775 -6.51844025
465 -469.32705688 -6.51843135
466 -469.32647705 -6.51842329
467 -469.32730103 -6.51843474
468 -469.32861328 -6.51845296
469 -469.32885742 -6.51845635
470 -469.32785034 -6.51844237
471 -469.32901001 -6.51845847
472 -469.32858276 -6.51845254
473 -469.32858276 -6.51845254
474 -469.32846069 -6.51845084
475 -469.32797241 -6.51844406
476 -469.32885742 -6.51845635
477 -469.32949829 -6.51846525
478 -469.32931519 -6.51846271
479 -469.32885742 -6.51845635
480 -469.33004761 -6.51847288
481 -469.33059692 -6.51848051
482 -469.33081055 -6.51848348
483 -469.33016968 -6.51847458
484 -469.32894897 -6.51845762
485 -469.32754517 -6.51843813
486 -469.32827759 -6.51844830
487 -469.32772827 -6.51844067
488 -469.32681274 -6.51842795
489 -469.32699585 -6.51843050
490 -469.32711792 -6.51843219
491 -469.32528687 -6.51840676
492 -469.32598877 -6.51841651
493 -469.32568359 -6.51841227
494 -469.32690430 -6.51842923
495 -469.32568359 -6.51841227
496 -469.32537842 -6.51840803
497 -469.32492065 -6.51840168
498 -469.32489014 -6.51840125
499 -469.32394409 -6.51838811
500 -469.32275391 -6.51837158
501 -469.32296753 -6.51837455
502 -469.32229614 -6.51836522
503 -469.32321167 -6.51837794
504 -469.32208252 -6.51836226
505 -469.32232666 -6.51836565
506 -469.32293701 -6.51837413
507 -469.32339478 -6.51838048
508 -469.32382202 -6.51838642
509 -469.32440186 -6.51839447
510 -469.32406616 -6.51838981
511 -469.32373047 -6.51838515
512 -469.32406616 -6.51838981
513 -469.32397461 -6.51838854
514 -469.32388306 -6.51838726
515 -469.32348633 -6.51838175
516 -469.32296753 -6.51837455
517 -469.32305908 -6.51837582
518 -469.32217407 -6.51836353
519 -469.32229614 -6.51836522
520 -469.32275391 -6.51837158
521 -469.32238770 -6.51836650
522 -469.32354736 -6.51838260
523 -469.32220459 -6.51836395
524 -469.32351685 -6.51838218
525 -469.32382202 -6.51838642
526 -469.32318115 -6.51837752
527 -469.32229614 -6.51836522
528 -469.32241821 -6.51836692
529 -469.32354736 -6.51838260
530 -469.32192993 -6.51836014
531 -469.32141113 -6.51835293
532 -469.32144165 -6.51835336
533 -469.32238770 -6.51836650
534 -469.32226562 -6.51836480
535 -469.32293701 -6.51837413
536 -469.32278442 -6.51837201
537 -469.32168579 -6.51835675
538 -469.32196045 -6.51836056
539 -469.32302856 -6.51837540
540 -469.32360840 -6.51838345
541 -469.32427979 -6.51839277
542 -469.32339478 -6.51838048
543 -469.32366943 -6.51838430
544 -469.32308960 -6.51837624
545 -469.32345581 -6.51838133
546 -469.32415771 -6.51839108
547 -469.32272339 -6.51837116
548 -469.32305908 -6.51837582
549 -469.32369995 -6.51838472
550 -469.32437134 -6.51839405
551 -469.32525635 -6.51840634
552 -469.32537842 -6.51840803
553 -469.32461548 -6.51839744
554 -469.32373047 -6.51838515
555 -469.32366943 -6.51838430
556 -469.32376099 -6.51838557
557 -469.32473755 -6.51839913
558 -469.32528687 -6.51840676
559 -469.32434082 -6.51839362
560 -469.32461548 -6.51839744
561 -469.32470703 -6.51839871
562 -469.32510376 -6.51840422
563 -469.32489014 -6.51840125
564 -469.32519531 -6.51840549
565 -469.32672119 -6.51842668
566 -469.32604980 -6.51841736
567 -469.32595825 -6.51841609
