0 -626.20349121 -6.02118742
1 -626.19030762 -6.02106065
2 -626.18231201 -6.02098377
3 -626.15582275 -6.02072906
4 -626.15142822 -6.02068681
5 -626.14916992 -6.02066510
6 -626.15441895 -6.02071557
7 -626.14648438 -6.02063927
8 -626.13549805 -6.02053364
9 -626.11090088 -6.02029712
10 -626.10729980 -6.02026250
11 -626.09729004 -6.02016625
12 -626.08569336 -6.02005474
13 -626.04553223 -6.01966858
14 -626.01293945 -6.01935519
15 -626.00134277 -6.01924368
16 -625.99249268 -6.01915858
17 -625.96984863 -6.01894085
18 -625.94036865 -6.01865739
19 -625.91113281 -6.01837628
20 -625.91259766 -6.01839036
21 -625.90313721 -6.01829940
22 -625.86791992 -6.01796077
23 -625.84649658 -6.01775477
24 -625.83197021 -6.01761510
25 -625.83129883 -6.01760864
26 -625.82983398 -6.01759456
27 -625.84246826 -6.01771604
28 -625.81420898 -6.01744432
29 -625.81500244 -6.01745195
30 -625.79699707 -6.01727882
31 -625.79553223 -6.01726473
32 -625.78588867 -6.01717201
33 -625.79583740 -6.01726767
34 -625.78430176 -6.01715675
35 -625.77172852 -6.01703585
36 -625.77032471 -6.01702235
37 -625.74902344 -6.01681753
38 -625.73614502 -6.01669370
39 -625.72149658 -6.01655285
40 -625.69598389 -6.01630754
41 -625.68444824 -6.01619662
42 -625.70672607 -6.01641083
43 -625.68957520 -6.01624592
44 -625.69647217 -6.01631223
45 -625.66448975 -6.01600471
46 -625.64111328 -6.01577994
47 -625.61694336 -6.01554753
48 -625.62609863 -6.01563556
49 -625.60394287 -6.01542253
50 -625.59582520 -6.01534447
51 -625.62438965 -6.01561913
52 -625.59753418 -6.01536091
53 -625.61724854 -6.01555047
54 -625.59167480 -6.01530457
55 -625.57470703 -6.01514141
56 -625.55902100 -6.01499059
57 -625.50939941 -6.01451346
58 -625.47674561 -6.01419948
59 -625.46191406 -6.01405687
60 -625.42791748 -6.01372998
61 -625.45611572 -6.01400111
62 -625.44683838 -6.01391191
63 -625.42498779 -6.01370181
64 -625.41394043 -6.01359558
65 -625.39056396 -6.01337081
66 -625.40258789 -6.01348642
67 -625.36779785 -6.01315190
68 -625.38104248 -6.01327925
69 -625.40417480 -6.01350168
70 -625.38677979 -6.01333442
71 -625.35913086 -6.01306857
72 -625.33581543 -6.01284438
73 -625.32177734 -6.01270940
74 -625.31262207 -6.01262137
75 -625.28729248 -6.01237781
76 -625.26043701 -6.01211959
77 -625.28857422 -6.01239014
78 -625.29156494 -6.01241889
79 -625.26977539 -6.01220938
80 -625.25720215 -6.01208848
81 -625.23876953 -6.01191125
82 -625.23852539 -6.01190890
83 -625.24249268 -6.01194704
84 -625.23083496 -6.01183495
85 -625.23156738 -6.01184199
86 -625.19958496 -6.01153447
87 -625.22668457 -6.01179504
88 -625.21759033 -6.01170760
89 -625.18457031 -6.01139010
90 -625.21020508 -6.01163659
91 -625.19476318 -6.01148811
92 -625.21350098 -6.01166828
93 -625.22900391 -6.01181735
94 -625.23602295 -6.01188484
95 -625.20013428 -6.01153975
96 -625.17761230 -6.01132320
97 -625.11578369 -6.01072869
98 -625.09747314 -6.01055263
99 -625.07849121 -6.01037011
100 -625.04394531 -6.01003794
101 -625.04174805 -6.01001681
102 -625.04772949 -6.01007432
103 -625.03686523 -6.00996986
104 -625.03411865 -6.00994345
105 -625.05804443 -6.01017350
106 -625.05371094 -6.01013184
107 -624.98364258 -6.00945810
108 -624.95068359 -6.00914119
109 -624.90319824 -6.00868460
110 -624.87963867 -6.00845806
111 -624.90130615 -6.00866641
112 -624.92700195 -6.00891348
113 -624.94915771 -6.00912652
114 -624.87512207 -6.00841464
115 -624.85125732 -6.00818517
116 -624.81817627 -6.00786708
117 -624.77832031 -6.00748385
118 -624.74267578 -6.00714111
119 -624.73321533 -6.00705015
120 -624.74963379 -6.00720802
121 -624.76672363 -6.00737234
122 -624.70867920 -6.00681422
123 -624.72271729 -6.00694920
124 -624.74682617 -6.00718102
125 -624.71862793 -6.00690988
126 -624.70745850 -6.00680249
127 -624.66003418 -6.00634648
128 -624.67187500 -6.00646034
129 -624.67706299 -6.00651022
130 -624.70031738 -6.00673382
131 -624.67553711 -6.00649555
132 -624.62945557 -6.00605246
133 -624.64721680 -6.00622324
134 -624.56927490 -6.00547380
135 -624.54925537 -6.00528130
136 -624.53247070 -6.00511991
137 -624.52685547 -6.00506592
138 -624.48992920 -6.00471086
139 -624.46630859 -6.00448374
140 -624.46691895 -6.00448961
141 -624.39733887 -6.00382057
142 -624.36523438 -6.00351187
143 -624.37463379 -6.00360225
144 -624.33874512 -6.00325716
145 -624.33618164 -6.00323252
146 -624.30377197 -6.00292088
147 -624.29626465 -6.00284870
148 -624.27026367 -6.00259869
149 -624.24658203 -6.00237098
150 -624.18395996 -6.00176885
151 -624.18927002 -6.00181990
152 -624.22967529 -6.00220842
153 -624.18750000 -6.00180288
154 -624.15661621 -6.00150593
155 -624.11853027 -6.00113971
156 -624.09442139 -6.00090790
157 -624.10058594 -6.00096717
158 -624.02038574 -6.00019602
159 -624.01708984 -6.00016433
160 -624.06713867 -6.00064556
161 -624.10394287 -6.00099945
162 -624.09240723 -6.00088853
163 -624.05633545 -6.00054169
164 -624.01062012 -6.00010212
165 -623.99023438 -5.99990610
166 -623.96356201 -5.99964963
167 -623.93048096 -5.99933155
168 -623.95037842 -5.99952287
169 -623.90142822 -5.99905219
170 -623.84753418 -5.99853398
171 -623.80395508 -5.99811495
172 -623.82885742 -5.99835440
173 -623.81390381 -5.99821061
174 -623.78924561 -5.99797352
175 -623.77941895 -5.99787903
176 -623.83282471 -5.99839255
177 -623.81799316 -5.99824993
178 -623.78631592 -5.99794535
179 -623.73175049 -5.99742068
180 -623.71124268 -5.99722349
181 -623.70355225 -5.99714954
182 -623.70373535 -5.99715130
183 -623.68298340 -5.99695176
184 -623.67822266 -5.99690599
185 -623.71569824 -5.99726633
186 -623.66552734 -5.99678392
187 -623.64355469 -5.99657264
188 -623.59533691 -5.99610901
189 -623.51745605 -5.99536015
190 -623.56524658 -5.99581968
191 -623.54107666 -5.99558728
192 -623.54699707 -5.99564420
193 -623.56738281 -5.99584022
194 -623.56182861 -5.99578681
195 -623.55242920 -5.99569643
196 -623.54833984 -5.99565711
197 -623.55853271 -5.99575512
198 -623.54248047 -5.99560077
199 -623.56555176 -5.99582261
200 -623.57916260 -5.99595349
201 -623.64141846 -5.99655210
202 -623.63604736 -5.99650046
203 -623.60870361 -5.99623753
204 -623.60205078 -5.99617357
205 -623.59680176 -5.99612309
206 -623.59362793 -5.99609258
207 -623.64575195 -5.99659377
208 -623.60375977 -5.99619000
209 -623.61016846 -5.99625162
210 -623.61505127 -5.99629857
211 -623.61767578 -5.99632381
212 -623.60858154 -5.99623636
213 -623.52685547 -5.99545053
214 -623.52032471 -5.99538774
215 -623.56805420 -5.99584667
216 -623.62939453 -5.99643649
217 -623.58007812 -5.99596229
218 -623.54461670 -5.99562131
219 -623.55761719 -5.99574632
220 -623.55950928 -5.99576451
221 -623.49127197 -5.99510838
222 -623.55126953 -5.99568528
223 -623.53485107 -5.99552741
224 -623.50311279 -5.99522224
225 -623.45703125 -5.99477915
226 -623.41015625 -5.99432843
227 -623.43566895 -5.99457374
228 -623.39312744 -5.99416469
229 -623.36865234 -5.99392935
230 -623.33007812 -5.99355844
231 -623.28942871 -5.99316758
232 -623.26898193 -5.99297098
233 -623.26300049 -5.99291347
234 -623.22546387 -5.99255254
235 -623.22650146 -5.99256251
236 -623.27929688 -5.99307016
237 -623.25921631 -5.99287708
238 -623.30590820 -5.99332604
239 -623.35034180 -5.99375329
240 -623.37194824 -5.99396104
241 -623.37292480 -5.99397043
242 -623.32165527 -5.99347745
243 -623.32287598 -5.99348919
244 -623.28198242 -5.99309598
245 -623.23333740 -5.99262824
246 -623.24255371 -5.99271686
247 -623.24761963 -5.99276557
248 -623.28161621 -5.99309246
249 -623.21795654 -5.99248035
250 -623.11987305 -5.99153724
251 -623.13110352 -5.99164523
252 -623.07910156 -5.99114521
253 -623.01708984 -5.99054894
254 -622.96057129 -5.99000549
255 -622.98730469 -5.99026255
256 -623.02117920 -5.99058826
257 -622.97570801 -5.99015104
258 -622.94445801 -5.98985056
259 -622.95922852 -5.98999258
260 -622.88647461 -5.98929303
261 -622.87646484 -5.98919678
262 -622.88873291 -5.98931474
263 -622.82885742 -5.98873901
264 -622.86743164 -5.98910992
265 -622.87896729 -5.98922084
266 -622.76391602 -5.98811458
267 -622.72247314 -5.98771609
268 -622.71612549 -5.98765505
269 -622.64056396 -5.98692850
270 -622.67742920 -5.98728297
271 -622.61236572 -5.98665736
272 -622.62652588 -5.98679352
273 -622.68322754 -5.98733873
274 -622.68707275 -5.98737570
275 -622.67828369 -5.98729119
276 -622.67572021 -5.98726654
277 -622.73236084 -5.98781116
278 -622.74523926 -5.98793499
279 -622.70159912 -5.98751538
280 -622.74206543 -5.98790448
281 -622.74371338 -5.98792032
282 -622.80926514 -5.98855063
283 -622.76721191 -5.98814627
284 -622.75738525 -5.98805178
285 -622.74102783 -5.98789450
286 -622.68719482 -5.98737687
287 -622.71057129 -5.98760165
288 -622.74914551 -5.98797255
289 -622.68859863 -5.98739037
290 -622.75085449 -5.98798899
291 -622.69592285 -5.98746080
292 -622.69323730 -5.98743497
293 -622.64819336 -5.98700186
294 -622.62194824 -5.98674950
295 -622.60339355 -5.98657109
296 -622.64233398 -5.98694552
297 -622.66192627 -5.98713391
298 -622.62939453 -5.98682110
299 -622.64007568 -5.98692380
300 -622.51519775 -5.98572306
301 -622.49902344 -5.98556753
302 -622.45770264 -5.98517022
303 -622.46777344 -5.98526705
304 -622.46502686 -5.98524064
305 -622.45220947 -5.98511740
306 -622.40295410 -5.98464379
307 -622.42620850 -5.98486739
308 -622.36053467 -5.98423591
309 -622.35455322 -5.98417840
310 -622.24658203 -5.98314021
311 -622.18023682 -5.98250228
312 -622.10296631 -5.98175929
313 -622.08587646 -5.98159497
314 -622.07287598 -5.98146996
315 -622.10827637 -5.98181035
