0 -430.67733765 -5.89968956
1 -430.66006470 -5.89945294
2 -430.61160278 -5.89878908
3 -430.59304810 -5.89853491
4 -430.56225586 -5.89811309
5 -430.55133057 -5.89796343
6 -430.51132202 -5.89741537
7 -430.48818970 -5.89709849
8 -430.46997070 -5.89684891
9 -430.41973877 -5.89616081
10 -430.37222290 -5.89550990
11 -430.33917236 -5.89505716
12 -430.33337402 -5.89497773
13 -430.29901123 -5.89450700
14 -430.27166748 -5.89413243
15 -430.22143555 -5.89344432
16 -430.20657349 -5.89324073
17 -430.15524292 -5.89253757
18 -430.17315674 -5.89278297
19 -430.15808105 -5.89257645
20 -430.13027954 -5.89219561
21 -430.08120728 -5.89152339
22 -430.06600952 -5.89131520
23 -430.02450562 -5.89074665
24 -430.04406738 -5.89101462
25 -430.03259277 -5.89085744
26 -430.03704834 -5.89091847
27 -429.99200439 -5.89030143
28 -429.96636963 -5.88995027
29 -429.92245483 -5.88934870
30 -429.85723877 -5.88845533
31 -429.80410767 -5.88772750
32 -429.77545166 -5.88733495
33 -429.84194946 -5.88824588
34 -429.76199341 -5.88715059
35 -429.67712402 -5.88598800
36 -429.60144043 -5.88495124
37 -429.59429932 -5.88485342
38 -429.59805298 -5.88490484
39 -429.60797119 -5.88504070
40 -429.65109253 -5.88563140
41 -429.60974121 -5.88506495
42 -429.57159424 -5.88454239
43 -429.55020142 -5.88424933
44 -429.53039551 -5.88397802
45 -429.53479004 -5.88403822
46 -429.44754028 -5.88284302
47 -429.43139648 -5.88262187
48 -429.32150269 -5.88111648
49 -429.32025146 -5.88109934
50 -429.29675293 -5.88077744
51 -429.23129272 -5.87988072
52 -429.10308838 -5.87812450
53 -429.13006592 -5.87849405
54 -429.02252197 -5.87702085
55 -428.97467041 -5.87636535
56 -428.94305420 -5.87593225
57 -428.99423218 -5.87663332
58 -429.00506592 -5.87678172
59 -428.95541382 -5.87610156
60 -428.94372559 -5.87594145
61 -428.94683838 -5.87598409
62 -428.86364746 -5.87484449
63 -428.81188965 -5.87413547
64 -428.68911743 -5.87245366
65 -428.69378662 -5.87251762
66 -428.51074219 -5.87001017
67 -428.47756958 -5.86955575
68 -428.44058228 -5.86904907
69 -428.38110352 -5.86823429
70 -428.36798096 -5.86805453
71 -428.28305054 -5.86689110
72 -428.18408203 -5.86553537
73 -428.18618774 -5.86556422
74 -428.19085693 -5.86562818
75 -428.13796997 -5.86490370
76 -428.20251465 -5.86578787
77 -428.14230347 -5.86496306
78 -428.00350952 -5.86306177
79 -428.07949829 -5.86410272
80 -428.11038208 -5.86452578
81 -427.97500610 -5.86267132
82 -427.88061523 -5.86137829
83 -427.87356567 -5.86128172
84 -427.81790161 -5.86051920
85 -427.80075073 -5.86028426
86 -427.80148315 -5.86029429
87 -427.75994873 -5.85972533
88 -427.58718872 -5.85735875
89 -427.35342407 -5.85415649
90 -427.22732544 -5.85242912
91 -427.16131592 -5.85152488
92 -427.14254761 -5.85126778
93 -427.03262329 -5.84976196
94 -427.08264160 -5.85044715
95 -427.06222534 -5.85016747
96 -426.99441528 -5.84923857
97 -426.80841064 -5.84669056
98 -426.78109741 -5.84631640
99 -426.64181519 -5.84440843
100 -426.43994141 -5.84164303
101 -426.42077637 -5.84138050
102 -426.37188721 -5.84071078
103 -426.36978149 -5.84068194
104 -426.30892944 -5.83984835
105 -426.22146606 -5.83865022
106 -425.99237061 -5.83551193
107 -425.92742920 -5.83462232
108 -425.73638916 -5.83200533
109 -425.48437500 -5.82855308
110 -425.25094604 -5.82535543
111 -425.17410278 -5.82430278
112 -425.06250000 -5.82277397
113 -425.12628174 -5.82364770
114 -425.14065552 -5.82384460
115 -425.00051880 -5.82192492
116 -424.92556763 -5.82089819
117 -424.53308105 -5.81552166
118 -424.50891113 -5.81519056
119 -424.52127075 -5.81535987
120 -424.26419067 -5.81183823
121 -424.14117432 -5.81015307
122 -424.08108521 -5.80932993
123 -424.10681152 -5.80968235
124 -424.14242554 -5.81017021
125 -423.87631226 -5.80652483
126 -423.75170898 -5.80481793
127 -423.83071899 -5.80590026
128 -423.73330688 -5.80456585
129 -423.85992432 -5.80630033
130 -423.57171631 -5.80235228
131 -423.50650024 -5.80145891
132 -423.32394409 -5.79895814
133 -423.37039185 -5.79959441
134 -423.21173096 -5.79742097
135 -422.99685669 -5.79447749
136 -422.92193604 -5.79345118
137 -422.93035889 -5.79356656
138 -422.83602905 -5.79227437
139 -422.91735840 -5.79338847
140 -423.09469604 -5.79581775
141 -422.94882202 -5.79381948
142 -423.31057739 -5.79877503
143 -423.34384155 -5.79923071
144 -423.18768311 -5.79709155
145 -423.28259277 -5.79839168
146 -423.04107666 -5.79508324
147 -422.91763306 -5.79339223
148 -422.77621460 -5.79145499
149 -422.81790161 -5.79202605
150 -422.79724121 -5.79174303
151 -423.04046631 -5.79507488
152 -422.99197388 -5.79441060
153 -422.98886108 -5.79436796
154 -423.06777954 -5.79544903
155 -423.03469849 -5.79499587
156 -423.04342651 -5.79511543
157 -423.10961914 -5.79602218
158 -423.12713623 -5.79626214
159 -423.07000732 -5.79547955
160 -422.84371948 -5.79237972
161 -422.70806885 -5.79052149
162 -422.40481567 -5.78636734
163 -422.34112549 -5.78549487
164 -422.58645630 -5.78885557
165 -422.25152588 -5.78426748
166 -421.80288696 -5.77812174
167 -421.89474487 -5.77938007
168 -421.81582642 -5.77829899
169 -422.08908081 -5.78204220
170 -421.93060303 -5.77987127
171 -421.92181396 -5.77975088
172 -421.75482178 -5.77746331
173 -421.66226196 -5.77619537
174 -421.57714844 -5.77502943
175 -421.28646851 -5.77104751
176 -421.07437134 -5.76814207
177 -420.90118408 -5.76576964
178 -421.29409790 -5.77115203
179 -421.48904419 -5.77382252
180 -421.01333618 -5.76730598
181 -421.06808472 -5.76805596
182 -421.26071167 -5.77069468
183 -421.23684692 -5.77036777
184 -421.30880737 -5.77135353
185 -421.07443237 -5.76814291
186 -420.40200806 -5.75893162
187 -419.98303223 -5.75319222
188 -419.88385010 -5.75183356
189 -419.50357056 -5.74662425
190 -420.08978271 -5.75465456
191 -419.88653564 -5.75187035
192 -419.85586548 -5.75145021
193 -419.82424927 -5.75101711
194 -420.06973267 -5.75437990
195 -420.24188232 -5.75673811
196 -420.11926270 -5.75505839
197 -420.19723511 -5.75612651
198 -420.40811157 -5.75901523
199 -420.43893433 -5.75943746
200 -420.07974243 -5.75451702
201 -420.10443115 -5.75485522
202 -419.94827271 -5.75271606
203 -420.00976562 -5.75355843
204 -419.79144287 -5.75056771
205 -419.87689209 -5.75173825
206 -420.17321777 -5.75579750
207 -420.11138916 -5.75495054
208 -419.87945557 -5.75177336
209 -420.20123291 -5.75618127
210 -419.94821167 -5.75271523
211 -419.95440674 -5.75280009
212 -419.82327271 -5.75100374
213 -419.60681152 -5.74803851
214 -419.28369141 -5.74361221
215 -419.07940674 -5.74081379
216 -419.12280273 -5.74140826
217 -418.56088257 -5.73371072
218 -418.67889404 -5.73532732
219 -418.69989014 -5.73561493
220 -418.55447388 -5.73362293
221 -418.72497559 -5.73595857
222 -418.41677856 -5.73173669
223 -418.09576416 -5.72733924
224 -418.66690063 -5.73516302
225 -418.51367188 -5.73306400
226 -418.30242920 -5.73017026
227 -417.86129761 -5.72412736
228 -418.19345093 -5.72867741
229 -417.95358276 -5.72539154
230 -417.91952515 -5.72492500
231 -417.80871582 -5.72340707
232 -418.12393188 -5.72772509
233 -418.37997437 -5.73123253
234 -418.32910156 -5.73053564
235 -417.82446289 -5.72362278
236 -417.59075928 -5.72042136
237 -417.79385376 -5.72320348
238 -417.74871826 -5.72258518
239 -417.82159424 -5.72358348
240 -417.83139038 -5.72371768
241 -418.09674072 -5.72735261
242 -417.64022827 -5.72109902
243 -417.53320312 -5.71963292
244 -417.48950195 -5.71903427
245 -417.23831177 -5.71559331
246 -417.15399170 -5.71443824
247 -417.09698486 -5.71365733
248 -417.25653076 -5.71584289
249 -417.38351440 -5.71758239
250 -417.02587891 -5.71268327
251 -416.85812378 -5.71038526
252 -416.87954712 -5.71067873
253 -416.97918701 -5.71204366
254 -417.30499268 -5.71650675
255 -417.42361450 -5.71813171
256 -417.38882446 -5.71765513
257 -417.17486572 -5.71472419
258 -417.33828735 -5.71696284
259 -417.16195679 -5.71454735
260 -416.92413330 -5.71128950
261 -417.03143311 -5.71275936
262 -416.43066406 -5.70452964
263 -416.55282593 -5.70620309
264 -416.80694580 -5.70968419
265 -416.95297241 -5.71168455
266 -416.95095825 -5.71165696
267 -416.71035767 -5.70836106
268 -416.58868408 -5.70669430
269 -415.93484497 -5.69773760
270 -415.72116089 -5.69481042
271 -415.69046021 -5.69438987
272 -415.70025635 -5.69452406
273 -415.58889771 -5.69299860
274 -415.39920044 -5.69040001
275 -415.70294189 -5.69456085
276 -415.61697388 -5.69338320
277 -415.11462402 -5.68650170
278 -414.28546143 -5.67514331
279 -414.46423340 -5.67759224
280 -414.32638550 -5.67570391
281 -415.02786255 -5.68531319
282 -415.04000854 -5.68547957
283 -414.60427856 -5.67951067
284 -414.49560547 -5.67802199
285 -414.44812012 -5.67737151
286 -414.38354492 -5.67648692
287 -414.39611816 -5.67665915
288 -414.12100220 -5.67289044
289 -414.24392700 -5.67457434
290 -414.35339355 -5.67607388
291 -414.35678101 -5.67612029
292 -414.16162109 -5.67344686
293 -414.90292358 -5.68360169
294 -414.68194580 -5.68057460
295 -414.69326782 -5.68072970
296 -414.48654175 -5.67789783
297 -414.27667236 -5.67502291
298 -414.04769897 -5.67188629
299 -413.79235840 -5.66838847
300 -413.92044067 -5.67014302
301 -414.14556885 -5.67322697
302 -413.99734497 -5.67119651
303 -414.00643921 -5.67132109
304 -414.58129883 -5.67919587
305 -414.43472290 -5.67718798
306 -414.63949585 -5.67999309
307 -415.02746582 -5.68530775
308 -414.98611450 -5.68474129
309 -415.26501465 -5.68856184
310 -415.12185669 -5.68660078
311 -415.18948364 -5.68752717
312 -415.45642090 -5.69118385
313 -414.93701172 -5.68406865
314 -414.93991089 -5.68410837
315 -414.11309814 -5.67278217
316 -414.31823730 -5.67559229
317 -414.33337402 -5.67579964
318 -414.86782837 -5.68312094
319 -414.47430420 -5.67773019
320 -414.22958374 -5.67437786
321 -414.13153076 -5.67303467
322 -413.82794189 -5.66887592
323 -413.52783203 -5.66476482
324 -413.58474731 -5.66554448
325 -413.66891479 -5.66669746
326 -413.43447876 -5.66348601
327 -413.51110840 -5.66453573
328 -413.54614258 -5.66501565
329 -413.46603394 -5.66391827
330 -413.70187378 -5.66714896
331 -414.16275024 -5.67346233
332 -414.37750244 -5.67640414
333 -414.46206665 -5.67756256
334 -414.35113525 -5.67604295
335 -414.31338501 -5.67552582
336 -413.82467651 -5.66883119
337 -413.74279785 -5.66770956
338 -413.68157959 -5.66687095
339 -414.21548462 -5.67418472
340 -413.68807983 -5.66696000
341 -412.95947266 -5.65697908
342 -412.96450806 -5.65704806
343 -412.52017212 -5.65096126
344 -412.48907471 -5.65053527
345 -412.99417114 -5.65745440
346 -413.05307007 -5.65826123
347 -413.17825317 -5.65997607
348 -413.10629272 -5.65899031
349 -413.37664795 -5.66269381
350 -413.30111694 -5.66165914
351 -412.92382812 -5.65649080
352 -413.07977295 -5.65862703
353 -412.80548096 -5.65486960
354 -412.50823975 -5.65079780
355 -412.68405151 -5.65320619
356 -412.74487305 -5.65403936
357 -412.22711182 -5.64694674
358 -411.86477661 -5.64198324
359 -412.19277954 -5.64647643
360 -412.58517456 -5.65185171
361 -412.47213745 -5.65030325
362 -411.63012695 -5.63876886
363 -411.78073120 -5.64083193
364 -411.41278076 -5.63579152
365 -411.27627563 -5.63392158
366 -411.39862061 -5.63559754
367 -411.57052612 -5.63795241
368 -411.98287964 -5.64360109
369 -411.33831787 -5.63477148
370 -411.06054688 -5.63096640
371 -411.17932129 -5.63259344
372 -410.91528320 -5.62897648
373 -410.77581787 -5.62706600
374 -410.89920044 -5.62875617
375 -411.11645508 -5.63173226
376 -411.13989258 -5.63205332
377 -411.67416382 -5.63937211
378 -412.07498169 -5.64486276
379 -412.07608032 -5.64487781
380 -411.91168213 -5.64262578
381 -411.49072266 -5.63685921
382 -411.40948486 -5.63574637
383 -411.54742432 -5.63763595
384 -411.02835083 -5.63052535
385 -410.72915649 -5.62642680
386 -410.66119385 -5.62549581
387 -410.25683594 -5.61995666
388 -409.68405151 -5.61211029
389 -409.30038452 -5.60685458
390 -409.51669312 -5.60981771
391 -409.11654663 -5.60433626
392 -408.33941650 -5.59369064
393 -407.76986694 -5.58588859
394 -407.86251831 -5.58715779
395 -407.45388794 -5.58156011
396 -407.65435791 -5.58430627
397 -407.88467407 -5.58746129
398 -408.17459106 -5.59143275
399 -407.82287598 -5.58661474
400 -407.50848389 -5.58230800
401 -407.10247803 -5.57674627
402 -406.95187378 -5.57468320
403 -407.85528564 -5.58705871
404 -407.00436401 -5.57540225
405 -407.12612915 -5.57707026
406 -406.97619629 -5.57501639
407 -406.69644165 -5.57118413
408 -407.18981934 -5.57794273
409 -407.30838013 -5.57956685
410 -406.87670898 -5.57365355
411 -406.78894043 -5.57245124
412 -406.05563354 -5.56240594
413 -405.73446655 -5.55800639
414 -405.47540283 -5.55445757
415 -405.57150269 -5.55577401
416 -406.26693726 -5.56530051
417 -405.50024414 -5.55479786
418 -406.52130127 -5.56878495
419 -406.62301636 -5.57017831
420 -407.09698486 -5.57667103
421 -407.18423462 -5.57786623
422 -407.50827026 -5.58230507
423 -407.83987427 -5.58684759
424 -407.78955078 -5.58615823
425 -406.88385010 -5.57375137
426 -407.18395996 -5.57786247
427 -406.98889160 -5.57519030
428 -406.67578125 -5.57090111
429 -406.47274780 -5.56811983
430 -405.74978638 -5.55821625
431 -405.61572266 -5.55637976
432 -406.39407349 -5.56704210
433 -405.87527466 -5.55993527
434 -404.81512451 -5.54541266
435 -403.93969727 -5.53342051
436 -403.54000854 -5.52794532
437 -404.25021362 -5.53767416
438 -404.10211182 -5.53564537
439 -403.55792236 -5.52819072
440 -403.21224976 -5.52345548
441 -403.10552979 -5.52199356
442 -402.20419312 -5.50964648
443 -401.69924927 -5.50272944
444 -400.91000366 -5.49191786
445 -399.61495972 -5.47417753
446 -400.25387573 -5.48292980
447 -400.33816528 -5.48408446
448 -399.90649414 -5.47817115
449 -400.33990479 -5.48410828
450 -401.13912964 -5.49505657
451 -401.50503540 -5.50006898
452 -400.90606689 -5.49186393
453 -400.11587524 -5.48103939
454 -401.56451416 -5.50088376
455 -401.52142334 -5.50029347
456 -400.66476440 -5.48855842
457 -400.95309448 -5.49250814
458 -400.93051147 -5.49219879
459 -398.88400269 -5.46416442
460 -398.71160889 -5.46180286
461 -397.11169434 -5.43988622
462 -397.02069092 -5.43863960
463 -397.76086426 -5.44877896
464 -398.30581665 -5.45624406
465 -399.31405640 -5.47005557
466 -398.72549438 -5.46199307
467 -399.57183838 -5.47358683
468 -398.93859863 -5.46491231
469 -398.24224854 -5.45537327
470 -399.12661743 -5.46748791
471 -399.44689941 -5.47187533
472 -399.42773438 -5.47161280
473 -398.97628784 -5.46542860
474 -398.97344971 -5.46538972
475 -398.38247681 -5.45729420
476 -397.89642334 -5.45063594
477 -397.74514771 -5.44856367
478 -397.66418457 -5.44745458
479 -398.02816772 -5.45244065
480 -397.23883057 -5.44162782
481 -396.60086060 -5.43288850
482 -398.09039307 -5.45329306
483 -398.21710205 -5.45502880
484 -398.73419189 -5.46211222
485 -398.17022705 -5.45438667
486 -397.96020508 -5.45150966
487 -397.80975342 -5.44944868
488 -397.26101685 -5.44193174
489 -396.54763794 -5.43215942
490 -395.22558594 -5.41404912
491 -394.71810913 -5.40709739
492 -393.87213135 -5.39550865
493 -394.61990356 -5.40575210
494 -395.31777954 -5.41531205
495 -394.46688843 -5.40365601
496 -394.50595093 -5.40419111
497 -392.94723511 -5.38283884
498 -390.12371826 -5.34416052
499 -389.75814819 -5.33915271
500 -390.90673828 -5.35488683
501 -390.21643066 -5.34543056
502 -391.26394653 -5.35978009
503 -391.65435791 -5.36512819
