0 -422.32684326 -7.03878072
1 -422.32995605 -7.03883260
2 -422.33193970 -7.03886566
3 -422.33413696 -7.03890228
4 -422.33511353 -7.03891856
5 -422.33581543 -7.03893026
6 -422.33633423 -7.03893890
7 -422.33782959 -7.03896383
8 -422.33892822 -7.03898214
9 -422.33969116 -7.03899485
10 -422.34039307 -7.03900655
11 -422.34054565 -7.03900909
12 -422.34130859 -7.03902181
13 -422.34185791 -7.03903097
14 -422.34158325 -7.03902639
15 -422.34219360 -7.03903656
16 -422.34313965 -7.03905233
17 -422.34280396 -7.03904673
18 -422.34375000 -7.03906250
19 -422.34402466 -7.03906708
20 -422.34420776 -7.03907013
21 -422.34445190 -7.03907420
22 -422.34472656 -7.03907878
23 -422.34426880 -7.03907115
24 -422.34417725 -7.03906962
25 -422.34521484 -7.03908691
