0 -656.45989990 -6.43588137
1 -656.42309570 -6.43552055
2 -656.39147949 -6.43521058
3 -656.33935547 -6.43469956
4 -656.28063965 -6.43412392
5 -656.24072266 -6.43373258
6 -656.20697021 -6.43340167
7 -656.13830566 -6.43272849
8 -656.08483887 -6.43220430
9 -656.02471924 -6.43161489
10 -655.99212646 -6.43129536
11 -655.86193848 -6.43001900
12 -655.77178955 -6.42913519
13 -655.79492188 -6.42936198
14 -655.75201416 -6.42894132
15 -655.75787354 -6.42899876
16 -655.72570801 -6.42868341
17 -655.68609619 -6.42829506
18 -655.61340332 -6.42758239
19 -655.61578369 -6.42760572
20 -655.53710938 -6.42683441
21 -655.46734619 -6.42615045
22 -655.41406250 -6.42562806
23 -655.37951660 -6.42528938
24 -655.28942871 -6.42440616
25 -655.19677734 -6.42349782
26 -655.14257812 -6.42296645
27 -655.03210449 -6.42188338
28 -654.94812012 -6.42106000
29 -654.95031738 -6.42108154
30 -654.96417236 -6.42121738
31 -654.91479492 -6.42073328
32 -654.90899658 -6.42067644
33 -654.84863281 -6.42008464
34 -654.78338623 -6.41944496
35 -654.72631836 -6.41888547
36 -654.58380127 -6.41748825
37 -654.44934082 -6.41617001
38 -654.39404297 -6.41562787
39 -654.32482910 -6.41494930
40 -654.30639648 -6.41476859
41 -654.29248047 -6.41463216
42 -654.20770264 -6.41380101
43 -654.23144531 -6.41403378
44 -654.13024902 -6.41304166
45 -653.94726562 -6.41124770
46 -653.74493408 -6.40926406
47 -653.66839600 -6.40851369
48 -653.75231934 -6.40933646
49 -653.72747803 -6.40909292
50 -653.71289062 -6.40894991
51 -653.62750244 -6.40811277
52 -653.54071045 -6.40726187
53 -653.58630371 -6.40770886
54 -653.51623535 -6.40702192
55 -653.38354492 -6.40572103
56 -653.24072266 -6.40432081
57 -653.22393799 -6.40415625
58 -653.23870850 -6.40430106
59 -653.13885498 -6.40332211
60 -653.15203857 -6.40345136
61 -653.13513184 -6.40328561
62 -653.12329102 -6.40316952
63 -653.16040039 -6.40353334
64 -653.07006836 -6.40264773
65 -652.92834473 -6.40125828
66 -652.79565430 -6.39995740
67 -652.83428955 -6.40033617
68 -652.93280029 -6.40130196
69 -652.88598633 -6.40084300
70 -652.93066406 -6.40128102
71 -652.86291504 -6.40061681
72 -652.93078613 -6.40128222
73 -652.75341797 -6.39954331
74 -652.64672852 -6.39849734
75 -652.77252197 -6.39973061
76 -652.81115723 -6.40010938
77 -652.78381348 -6.39984131
78 -652.67004395 -6.39872592
79 -652.59045410 -6.39794563
80 -652.31384277 -6.39523375
81 -652.16278076 -6.39375275
82 -651.98919678 -6.39205095
83 -651.83691406 -6.39055798
84 -651.72021484 -6.38941387
85 -651.54461670 -6.38769232
86 -651.54797363 -6.38772523
87 -651.52905273 -6.38753973
88 -651.47033691 -6.38696409
89 -651.26684570 -6.38496908
90 -651.24517822 -6.38475665
91 -651.22180176 -6.38452747
92 -651.12005615 -6.38352996
93 -651.13690186 -6.38369512
94 -650.98907471 -6.38224583
95 -650.86889648 -6.38106761
96 -650.72509766 -6.37965782
97 -650.51098633 -6.37755869
98 -650.31042480 -6.37559240
99 -650.09765625 -6.37350643
100 -649.73089600 -6.36991075
101 -649.71557617 -6.36976055
102 -649.52661133 -6.36790795
103 -649.42736816 -6.36693498
104 -649.49755859 -6.36762312
105 -649.44409180 -6.36709894
106 -649.26263428 -6.36531994
107 -649.23150635 -6.36501477
108 -649.32684326 -6.36594944
109 -649.27349854 -6.36542646
110 -649.07019043 -6.36343324
111 -648.90917969 -6.36185470
112 -648.84490967 -6.36122460
113 -648.85784912 -6.36135146
114 -648.90399170 -6.36180384
115 -648.94006348 -6.36215749
116 -648.58453369 -6.35867190
117 -648.61492920 -6.35896989
118 -648.45507812 -6.35740273
119 -648.24938965 -6.35538617
120 -648.05773926 -6.35350725
121 -648.13867188 -6.35430070
122 -647.94421387 -6.35239425
123 -647.55499268 -6.34857836
124 -647.40173340 -6.34707582
125 -647.38476562 -6.34690947
126 -647.36206055 -6.34668687
127 -646.91979980 -6.34235098
128 -647.08239746 -6.34394507
129 -647.19287109 -6.34502815
130 -647.02099609 -6.34334310
131 -646.88763428 -6.34203563
132 -646.74780273 -6.34066473
133 -646.54650879 -6.33869126
134 -646.49743652 -6.33821016
135 -646.39941406 -6.33724916
136 -646.29772949 -6.33625225
137 -645.88684082 -6.33222393
138 -645.72369385 -6.33062445
139 -645.21740723 -6.32566086
140 -645.19641113 -6.32545501
141 -644.85327148 -6.32209090
142 -644.55767822 -6.31919292
143 -643.89099121 -6.31265678
144 -643.95001221 -6.31323541
145 -643.88299561 -6.31257839
146 -643.91210938 -6.31286382
147 -643.68927002 -6.31067912
148 -643.75482178 -6.31132178
149 -643.92822266 -6.31302179
150 -643.46343994 -6.30846510
151 -643.14245605 -6.30531820
152 -643.24792480 -6.30635220
153 -642.57617188 -6.29976639
154 -642.27288818 -6.29679302
155 -642.11059570 -6.29520192
156 -642.03381348 -6.29444915
157 -641.99444580 -6.29406319
158 -641.66131592 -6.29079721
159 -641.41967773 -6.28842821
160 -640.89135742 -6.28324860
161 -640.89685059 -6.28330246
162 -640.78521729 -6.28220801
163 -640.94158936 -6.28374107
164 -641.02856445 -6.28459377
165 -641.02941895 -6.28460215
166 -641.19769287 -6.28625189
167 -640.97576904 -6.28407617
168 -641.06188965 -6.28492049
169 -641.24914551 -6.28675633
170 -640.57971191 -6.28019325
171 -639.50213623 -6.26962879
172 -639.17150879 -6.26638734
173 -638.73950195 -6.26215198
174 -638.92846680 -6.26400458
175 -638.64953613 -6.26126996
176 -638.75323486 -6.26228662
177 -638.18188477 -6.25668514
178 -637.68298340 -6.25179395
179 -638.11682129 -6.25604727
180 -637.53234863 -6.25031714
181 -637.26867676 -6.24773213
182 -636.99279785 -6.24502743
183 -636.31170654 -6.23835006
184 -635.76660156 -6.23300590
185 -635.97753906 -6.23507391
186 -636.13848877 -6.23665185
187 -636.17999268 -6.23705875
188 -636.08532715 -6.23613066
189 -635.99511719 -6.23524625
190 -635.41784668 -6.22958673
191 -634.56817627 -6.22125663
192 -634.22399902 -6.21788234
193 -633.88616943 -6.21457029
194 -633.06018066 -6.20647236
195 -633.16314697 -6.20748183
196 -633.45141602 -6.21030800
197 -633.06353760 -6.20650527
198 -633.72369385 -6.21297739
199 -633.52508545 -6.21103025
200 -633.88629150 -6.21457149
201 -633.91442871 -6.21484734
202 -633.72668457 -6.21300671
203 -633.16986084 -6.20754766
204 -632.82604980 -6.20417696
205 -631.84143066 -6.19452383
206 -631.87188721 -6.19482242
207 -632.74023438 -6.20333563
208 -633.37048340 -6.20951454
209 -633.25848389 -6.20841651
210 -632.13037109 -6.19735658
211 -631.93341064 -6.19542559
212 -632.61212158 -6.20207962
213 -632.66583252 -6.20260620
214 -633.45989990 -6.21039118
215 -633.01599121 -6.20603913
216 -632.65496826 -6.20249969
217 -632.05120850 -6.19658048
218 -632.18658447 -6.19790769
219 -632.28253174 -6.19884835
220 -632.17846680 -6.19782811
221 -632.09716797 -6.19703106
222 -631.16009521 -6.18784407
223 -630.71923828 -6.18352194
224 -630.94976807 -6.18578204
225 -630.93103027 -6.18559834
226 -630.20825195 -6.17851227
227 -630.68609619 -6.18319702
228 -630.06646729 -6.17712223
229 -630.67645264 -6.18310248
230 -630.65747070 -6.18291638
231 -630.39648438 -6.18035769
232 -630.34454346 -6.17984847
233 -629.65917969 -6.17312921
234 -629.07342529 -6.16738652
235 -629.10205078 -6.16766716
236 -629.33996582 -6.16999966
237 -629.67626953 -6.17329676
238 -629.56726074 -6.17222805
239 -629.44824219 -6.17106120
240 -628.90063477 -6.16569250
241 -628.35668945 -6.16035970
242 -628.49145508 -6.16168093
243 -628.51623535 -6.16192388
244 -627.19396973 -6.14896049
245 -626.77685547 -6.14487113
246 -626.20544434 -6.13926906
247 -626.10888672 -6.13832242
248 -624.94995117 -6.12696031
249 -624.36462402 -6.12122180
250 -623.54693604 -6.11320526
251 -622.89581299 -6.10682170
252 -622.74279785 -6.10532155
253 -622.16296387 -6.09963690
254 -621.05731201 -6.08879718
255 -620.60363770 -6.08434939
256 -619.85717773 -6.07703115
257 -618.94085693 -6.06804762
258 -617.36273193 -6.05257580
259 -615.93493652 -6.03857781
260 -614.99389648 -6.02935193
261 -616.30590820 -6.04221479
262 -615.76965332 -6.03695739
263 -616.56713867 -6.04477587
264 -616.84173584 -6.04746800
265 -616.71972656 -6.04627183
266 -616.52191162 -6.04433247
267 -616.15112305 -6.04069728
268 -615.81146240 -6.03736728
269 -615.93139648 -6.03854310
270 -616.40966797 -6.04323204
271 -616.25823975 -6.04174745
272 -615.63592529 -6.03564633
273 -615.60913086 -6.03538364
274 -617.33032227 -6.05225806
275 -616.59936523 -6.04509182
276 -616.53906250 -6.04450061
277 -616.77514648 -6.04681516
278 -616.92260742 -6.04826086
279 -617.00329590 -6.04905192
280 -616.18377686 -6.04101742
281 -616.34045410 -6.04255347
282 -616.68725586 -6.04595349
283 -614.64318848 -6.02591361
284 -614.29260254 -6.02247650
285 -613.53564453 -6.01505534
286 -614.21325684 -6.02169860
287 -614.45001221 -6.02401973
288 -614.38226318 -6.02335552
289 -614.14367676 -6.02101644
290 -613.85693359 -6.01820523
291 -613.47253418 -6.01443661
292 -613.27734375 -6.01252298
293 -613.72528076 -6.01691452
294 -613.77172852 -6.01736989
295 -614.51379395 -6.02464504
296 -613.94152832 -6.01903459
297 -612.69903564 -6.00685329
298 -612.21026611 -6.00206143
299 -612.92199707 -6.00903919
300 -612.62603760 -6.00613762
301 -612.49731445 -6.00487563
302 -610.89587402 -5.98917524
303 -609.12188721 -5.97178321
304 -609.67993164 -5.97725423
305 -608.70361328 -5.96768248
306 -608.81188965 -5.96874402
307 -607.44970703 -5.95538928
308 -606.41217041 -5.94521736
309 -606.00268555 -5.94120280
310 -605.06726074 -5.93203197
311 -605.79992676 -5.93921497
312 -604.67578125 -5.92819393
313 -604.09741211 -5.92252365
314 -603.20385742 -5.91376331
315 -602.30047607 -5.90490663
316 -601.48687744 -5.89693017
317 -602.75451660 -5.90935801
318 -602.44445801 -5.90631822
319 -601.51159668 -5.89717252
320 -600.77252197 -5.88992669
321 -600.66015625 -5.88882506
322 -598.31353760 -5.86581900
323 -596.64147949 -5.84942627
324 -597.62396240 -5.85905845
325 -597.20202637 -5.85492183
326 -597.77130127 -5.86050295
327 -598.99389648 -5.87248918
328 -599.63977051 -5.87882128
329 -598.05603027 -5.86329441
330 -597.28540039 -5.85573922
331 -595.93688965 -5.84251853
332 -596.32739258 -5.84634699
333 -597.06481934 -5.85357666
334 -597.76666260 -5.86045748
335 -597.11456299 -5.85406434
336 -595.24316406 -5.83571729
337 -592.25061035 -5.80637853
338 -592.48065186 -5.80863384
339 -591.94757080 -5.80340756
340 -592.18341064 -5.80571971
341 -592.38818359 -5.80772729
342 -590.49957275 -5.78921150
343 -589.16442871 -5.77612185
344 -590.77062988 -5.79186892
345 -590.57666016 -5.78996726
346 -590.36462402 -5.78788847
347 -588.59387207 -5.77052816
348 -589.00280762 -5.77453733
349 -587.27880859 -5.75763538
350 -587.44250488 -5.75924024
351 -588.03271484 -5.76502662
352 -586.37084961 -5.74873382
353 -584.01397705 -5.72562723
354 -581.80529785 -5.70397351
355 -581.75439453 -5.70347446
356 -581.79797363 -5.70390170
357 -582.81945801 -5.71391625
358 -581.12731934 -5.69732666
359 -579.04895020 -5.67695049
360 -578.36657715 -5.67026056
361 -578.31158447 -5.66972142
362 -578.56951904 -5.67225019
363 -578.06634521 -5.66731711
364 -576.90661621 -5.65594722
365 -575.17492676 -5.63896987
366 -576.25866699 -5.64959477
367 -576.11956787 -5.64823106
368 -574.33392334 -5.63072474
369 -572.63684082 -5.61408667
