0 -751.12628174 -6.58882703
1 -751.14086914 -6.58895499
2 -751.15093994 -6.58904333
3 -751.15686035 -6.58909527
4 -751.16101074 -6.58913167
5 -751.16308594 -6.58914988
6 -751.16662598 -6.58918093
7 -751.16937256 -6.58920502
8 -751.17230225 -6.58923072
9 -751.17517090 -6.58925589
10 -751.17730713 -6.58927462
11 -751.18072510 -6.58930461
12 -751.18249512 -6.58932013
13 -751.18395996 -6.58933298
14 -751.18737793 -6.58936296
15 -751.18750000 -6.58936404
16 -751.18975830 -6.58938384
17 -751.18945312 -6.58938117
18 -751.19226074 -6.58940580
19 -751.19329834 -6.58941490
20 -751.19238281 -6.58940687
21 -751.19433594 -6.58942400
22 -751.19512939 -6.58943096
23 -751.19329834 -6.58941490
24 -751.19628906 -6.58944113
25 -751.19708252 -6.58944809
26 -751.19915771 -6.58946630
27 -751.19750977 -6.58945184
28 -751.19958496 -6.58947004
29 -751.19921875 -6.58946683
30 -751.20068359 -6.58947968
31 -751.20104980 -6.58948289
32 -751.20129395 -6.58948503
33 -751.20251465 -6.58949574
34 -751.20367432 -6.58950592
35 -751.20495605 -6.58951716
36 -751.20446777 -6.58951288
37 -751.20538330 -6.58952091
38 -751.20654297 -6.58953108
39 -751.20764160 -6.58954072
40 -751.20788574 -6.58954286
41 -751.20837402 -6.58954714
42 -751.20819092 -6.58954553
43 -751.21044922 -6.58956534
44 -751.21032715 -6.58956427
45 -751.20941162 -6.58955624
46 -751.20892334 -6.58955196
47 -751.21160889 -6.58957552
48 -751.21112061 -6.58957123
49 -751.21240234 -6.58958248
50 -751.21313477 -6.58958890
51 -751.21228027 -6.58958141
52 -751.21313477 -6.58958890
53 -751.21374512 -6.58959426
54 -751.21228027 -6.58958141
55 -751.21319580 -6.58958944
56 -751.21582031 -6.58961246
57 -751.21582031 -6.58961246
58 -751.21557617 -6.58961032
59 -751.21575928 -6.58961192
60 -751.21679688 -6.58962103
61 -751.21728516 -6.58962531
62 -751.21765137 -6.58962852
63 -751.21630859 -6.58961674
64 -751.21606445 -6.58961460
65 -751.21545410 -6.58960925
66 -751.21478271 -6.58960336
67 -751.21496582 -6.58960496
68 -751.21630859 -6.58961674
69 -751.21478271 -6.58960336
70 -751.21618652 -6.58961567
71 -751.21606445 -6.58961460
72 -751.21545410 -6.58960925
73 -751.21557617 -6.58961032
74 -751.21520996 -6.58960710
75 -751.21716309 -6.58962424
76 -751.21679688 -6.58962103
77 -751.21514893 -6.58960657
78 -751.21643066 -6.58961781
79 -751.21673584 -6.58962049
80 -751.21820068 -6.58963334
81 -751.21759033 -6.58962799
82 -751.21722412 -6.58962477
83 -751.21667480 -6.58961995
84 -751.21679688 -6.58962103
85 -751.21643066 -6.58961781
86 -751.21643066 -6.58961781
87 -751.21655273 -6.58961888
88 -751.21441650 -6.58960014
89 -751.21484375 -6.58960389
90 -751.21429443 -6.58959907
91 -751.21313477 -6.58958890
92 -751.21496582 -6.58960496
93 -751.21313477 -6.58958890
94 -751.21313477 -6.58958890
95 -751.21191406 -6.58957819
96 -751.21014404 -6.58956267
97 -751.21075439 -6.58956802
98 -751.20971680 -6.58955892
99 -751.21069336 -6.58956749
100 -751.20935059 -6.58955571
101 -751.21063232 -6.58956695
102 -751.21008301 -6.58956213
103 -751.21166992 -6.58957605
104 -751.21112061 -6.58957123
105 -751.21105957 -6.58957070
106 -751.21118164 -6.58957177
107 -751.20922852 -6.58955464
108 -751.21087646 -6.58956909
109 -751.21044922 -6.58956534
110 -751.21032715 -6.58956427
111 -751.20855713 -6.58954875
112 -751.20855713 -6.58954875
113 -751.20916748 -6.58955410
114 -751.20751953 -6.58953965
115 -751.20843506 -6.58954768
116 -751.20776367 -6.58954179
117 -751.20629883 -6.58952894
118 -751.20629883 -6.58952894
119 -751.20666504 -6.58953215
120 -751.20617676 -6.58952787
121 -751.20587158 -6.58952519
122 -751.20617676 -6.58952787
123 -751.20532227 -6.58952037
124 -751.20544434 -6.58952144
125 -751.20458984 -6.58951395
126 -751.20251465 -6.58949574
127 -751.20501709 -6.58951769
128 -751.20452881 -6.58951341
129 -751.20391846 -6.58950806
130 -751.20361328 -6.58950538
131 -751.20422363 -6.58951073
132 -751.20129395 -6.58948503
133 -751.20214844 -6.58949253
134 -751.20373535 -6.58950645
135 -751.20263672 -6.58949681
136 -751.20275879 -6.58949788
137 -751.20324707 -6.58950217
138 -751.20501709 -6.58951769
139 -751.20434570 -6.58951180
140 -751.20440674 -6.58951234
141 -751.20532227 -6.58952037
142 -751.20513916 -6.58951876
143 -751.20458984 -6.58951395
144 -751.20483398 -6.58951609
145 -751.20513916 -6.58951876
146 -751.20568848 -6.58952358
147 -751.20465088 -6.58951448
148 -751.20245361 -6.58949521
149 -751.20391846 -6.58950806
150 -751.20428467 -6.58951127
151 -751.20202637 -6.58949146
152 -751.20245361 -6.58949521
153 -751.20233154 -6.58949414
154 -751.20184326 -6.58948985
155 -751.20324707 -6.58950217
156 -751.20251465 -6.58949574
157 -751.20361328 -6.58950538
158 -751.20245361 -6.58949521
159 -751.20245361 -6.58949521
160 -751.20239258 -6.58949467
161 -751.20300293 -6.58950003
162 -751.20343018 -6.58950377
163 -751.20336914 -6.58950324
164 -751.20391846 -6.58950806
165 -751.20471191 -6.58951502
166 -751.20300293 -6.58950003
167 -751.20092773 -6.58948182
168 -751.20269775 -6.58949735
169 -751.20220947 -6.58949307
170 -751.20196533 -6.58949092
171 -751.20220947 -6.58949307
172 -751.20159912 -6.58948771
173 -751.20147705 -6.58948664
174 -751.20043945 -6.58947754
175 -751.20056152 -6.58947861
176 -751.19970703 -6.58947111
177 -751.19982910 -6.58947219
178 -751.20080566 -6.58948075
179 -751.20043945 -6.58947754
180 -751.19903564 -6.58946522
181 -751.19854736 -6.58946094
182 -751.19824219 -6.58945826
183 -751.19665527 -6.58944434
184 -751.19366455 -6.58941811
185 -751.19622803 -6.58944060
186 -751.19506836 -6.58943042
187 -751.19433594 -6.58942400
188 -751.19458008 -6.58942614
189 -751.19470215 -6.58942721
190 -751.19311523 -6.58941329
191 -751.19091797 -6.58939402
192 -751.19018555 -6.58938759
193 -751.19104004 -6.58939509
194 -751.18957520 -6.58938224
195 -751.18933105 -6.58938010
196 -751.19006348 -6.58938652
197 -751.19042969 -6.58938973
198 -751.19055176 -6.58939080
199 -751.18981934 -6.58938438
200 -751.18896484 -6.58937688
201 -751.18719482 -6.58936136
202 -751.18591309 -6.58935011
203 -751.18701172 -6.58935975
204 -751.18774414 -6.58936618
205 -751.18786621 -6.58936725
206 -751.18750000 -6.58936404
207 -751.18591309 -6.58935011
208 -751.18542480 -6.58934583
209 -751.18603516 -6.58935119
210 -751.18420410 -6.58933512
211 -751.18359375 -6.58932977
212 -751.18395996 -6.58933298
213 -751.18273926 -6.58932227
214 -751.18286133 -6.58932334
215 -751.18334961 -6.58932763
216 -751.18231201 -6.58931853
217 -751.18127441 -6.58930942
218 -751.18066406 -6.58930407
219 -751.18029785 -6.58930086
220 -751.17968750 -6.58929550
221 -751.18066406 -6.58930407
222 -751.18243408 -6.58931960
223 -751.18176270 -6.58931371
224 -751.18054199 -6.58930300
225 -751.18054199 -6.58930300
226 -751.18054199 -6.58930300
227 -751.17968750 -6.58929550
228 -751.17987061 -6.58929711
229 -751.17761230 -6.58927730
230 -751.17803955 -6.58928105
231 -751.17846680 -6.58928480
232 -751.17803955 -6.58928105
233 -751.17749023 -6.58927623
234 -751.17785645 -6.58927944
235 -751.17712402 -6.58927302
236 -751.17797852 -6.58928051
237 -751.17773438 -6.58927837
238 -751.17657471 -6.58926820
239 -751.17700195 -6.58927195
240 -751.17712402 -6.58927302
241 -751.17639160 -6.58926659
242 -751.17602539 -6.58926338
243 -751.17639160 -6.58926659
244 -751.17449951 -6.58925000
245 -751.17504883 -6.58925481
246 -751.17578125 -6.58926124
247 -751.17480469 -6.58925267
248 -751.17553711 -6.58925910
249 -751.17541504 -6.58925803
250 -751.17431641 -6.58924839
251 -751.17590332 -6.58926231
252 -751.17346191 -6.58924089
253 -751.17407227 -6.58924625
254 -751.17370605 -6.58924304
255 -751.17297363 -6.58923661
256 -751.17260742 -6.58923340
257 -751.17346191 -6.58924089
258 -751.17193604 -6.58922751
259 -751.17254639 -6.58923286
260 -751.17242432 -6.58923179
261 -751.17254639 -6.58923286
262 -751.17333984 -6.58923982
263 -751.17321777 -6.58923875
264 -751.17254639 -6.58923286
265 -751.17016602 -6.58921198
266 -751.16973877 -6.58920823
267 -751.16809082 -6.58919378
268 -751.16955566 -6.58920663
269 -751.16851807 -6.58919753
270 -751.16918945 -6.58920342
271 -751.16864014 -6.58919860
272 -751.16790771 -6.58919217
273 -751.16711426 -6.58918521
274 -751.16650391 -6.58917986
275 -751.16503906 -6.58916701
276 -751.16735840 -6.58918735
277 -751.16583252 -6.58917397
278 -751.16741943 -6.58918789
279 -751.16442871 -6.58916166
280 -751.16558838 -6.58917183
281 -751.16528320 -6.58916915
282 -751.16601562 -6.58917558
283 -751.16455078 -6.58916273
284 -751.16583252 -6.58917397
285 -751.16534424 -6.58916969
286 -751.16467285 -6.58916380
287 -751.16552734 -6.58917129
288 -751.16369629 -6.58915523
289 -751.16320801 -6.58915095
290 -751.16522217 -6.58916862
291 -751.16333008 -6.58915202
292 -751.16400146 -6.58915791
293 -751.16333008 -6.58915202
294 -751.16394043 -6.58915737
295 -751.16333008 -6.58915202
296 -751.16143799 -6.58913542
297 -751.16296387 -6.58914881
298 -751.16339111 -6.58915255
299 -751.16223145 -6.58914238
300 -751.16192627 -6.58913970
301 -751.16394043 -6.58915737
302 -751.16223145 -6.58914238
303 -751.16088867 -6.58913060
304 -751.16235352 -6.58914345
305 -751.16186523 -6.58913917
306 -751.16033936 -6.58912578
307 -751.16156006 -6.58913649
308 -751.16058350 -6.58912793
309 -751.16064453 -6.58912846
310 -751.16027832 -6.58912525
311 -751.15838623 -6.58910865
312 -751.15972900 -6.58912043
313 -751.16015625 -6.58912418
314 -751.16082764 -6.58913007
315 -751.16125488 -6.58913381
316 -751.15893555 -6.58911347
317 -751.15985107 -6.58912150
318 -751.15960693 -6.58911936
319 -751.15997314 -6.58912257
320 -751.15991211 -6.58912204
321 -751.16052246 -6.58912739
322 -751.16156006 -6.58913649
323 -751.16107178 -6.58913221
324 -751.16064453 -6.58912846
325 -751.16271973 -6.58914666
326 -751.16082764 -6.58913007
327 -751.16076660 -6.58912953
328 -751.16119385 -6.58913328
329 -751.16027832 -6.58912525
330 -751.16076660 -6.58912953
331 -751.16027832 -6.58912525
332 -751.15985107 -6.58912150
333 -751.15917969 -6.58911561
334 -751.15942383 -6.58911775
335 -751.15704346 -6.58909687
336 -751.15783691 -6.58910383
337 -751.15765381 -6.58910223
338 -751.15905762 -6.58911454
339 -751.15686035 -6.58909527
340 -751.15643311 -6.58909152
341 -751.15472412 -6.58907653
342 -751.15576172 -6.58908563
343 -751.15411377 -6.58907117
344 -751.15441895 -6.58907385
345 -751.15466309 -6.58907599
346 -751.15447998 -6.58907439
347 -751.15747070 -6.58910062
348 -751.15612793 -6.58908884
349 -751.15490723 -6.58907813
350 -751.15496826 -6.58907867
351 -751.15466309 -6.58907599
352 -751.15563965 -6.58908456
353 -751.15362549 -6.58906689
354 -751.15380859 -6.58906850
355 -751.15563965 -6.58908456
356 -751.15612793 -6.58908884
357 -751.15454102 -6.58907492
358 -751.15484619 -6.58907760
359 -751.15374756 -6.58906796
360 -751.15356445 -6.58906635
361 -751.15258789 -6.58905779
362 -751.15283203 -6.58905993
363 -751.15325928 -6.58906368
364 -751.15258789 -6.58905779
365 -751.15124512 -6.58904601
366 -751.15002441 -6.58903530
367 -751.14801025 -6.58901763
368 -751.14929199 -6.58902888
369 -751.14831543 -6.58902031
370 -751.14782715 -6.58901603
371 -751.14886475 -6.58902513
372 -751.14544678 -6.58899515
373 -751.14794922 -6.58901710
374 -751.14855957 -6.58902245
375 -751.14715576 -6.58901014
376 -751.14575195 -6.58899782
377 -751.14471436 -6.58898872
378 -751.14532471 -6.58899408
379 -751.14447021 -6.58898658
380 -751.14526367 -6.58899354
381 -751.14447021 -6.58898658
382 -751.14294434 -6.58897320
383 -751.14440918 -6.58898605
384 -751.14312744 -6.58897480
385 -751.14300537 -6.58897373
386 -751.14135742 -6.58895928
387 -751.14263916 -6.58897052
388 -751.14135742 -6.58895928
389 -751.14001465 -6.58894750
390 -751.13873291 -6.58893625
391 -751.13916016 -6.58894000
392 -751.13879395 -6.58893679
393 -751.13891602 -6.58893786
394 -751.13922119 -6.58894054
395 -751.13909912 -6.58893947
396 -751.13861084 -6.58893518
397 -751.13635254 -6.58891537
398 -751.13580322 -6.58891055
399 -751.13470459 -6.58890092
400 -751.13342285 -6.58888967
401 -751.13439941 -6.58889824
402 -751.13446045 -6.58889878
403 -751.13330078 -6.58888860
404 -751.13269043 -6.58888325
405 -751.13409424 -6.58889556
406 -751.13232422 -6.58888004
407 -751.13317871 -6.58888753
408 -751.13439941 -6.58889824
409 -751.13372803 -6.58889235
410 -751.13232422 -6.58888004
411 -751.13378906 -6.58889289
412 -751.13378906 -6.58889289
413 -751.13256836 -6.58888218
414 -751.13299561 -6.58888593
415 -751.13146973 -6.58887254
416 -751.13281250 -6.58888432
417 -751.13104248 -6.58886879
418 -751.13055420 -6.58886451
419 -751.12957764 -6.58885594
420 -751.13049316 -6.58886398
421 -751.12908936 -6.58885166
422 -751.12927246 -6.58885327
423 -751.12976074 -6.58885755
424 -751.13073730 -6.58886612
425 -751.12939453 -6.58885434
426 -751.12902832 -6.58885113
427 -751.12902832 -6.58885113
428 -751.12780762 -6.58884042
429 -751.12786865 -6.58884095
430 -751.12915039 -6.58885220
431 -751.12701416 -6.58883346
432 -751.12524414 -6.58881793
433 -751.12780762 -6.58884042
434 -751.12756348 -6.58883828
435 -751.12585449 -6.58882329
436 -751.12579346 -6.58882275
437 -751.12481689 -6.58881418
438 -751.12646484 -6.58882864
439 -751.12774658 -6.58883988
440 -751.12683105 -6.58883185
441 -751.12731934 -6.58883613
442 -751.12646484 -6.58882864
443 -751.12823486 -6.58884417
444 -751.12591553 -6.58882382
445 -751.12554932 -6.58882061
446 -751.12792969 -6.58884149
447 -751.12481689 -6.58881418
448 -751.12390137 -6.58880615
449 -751.12493896 -6.58881525
450 -751.12438965 -6.58881044
451 -751.12280273 -6.58879652
452 -751.12322998 -6.58880026
453 -751.12182617 -6.58878795
454 -751.12109375 -6.58878152
455 -751.12280273 -6.58879652
456 -751.12060547 -6.58877724
457 -751.12109375 -6.58878152
458 -751.12042236 -6.58877563
459 -751.12023926 -6.58877403
460 -751.11785889 -6.58875315
461 -751.11785889 -6.58875315
462 -751.11730957 -6.58874833
463 -751.11645508 -6.58874083
464 -751.11389160 -6.58871835
465 -751.11517334 -6.58872959
466 -751.11444092 -6.58872317
467 -751.11230469 -6.58870443
468 -751.11303711 -6.58871085
469 -751.11346436 -6.58871460
470 -751.11389160 -6.58871835
471 -751.11230469 -6.58870443
472 -751.11187744 -6.58870068
473 -751.10986328 -6.58868301
474 -751.10882568 -6.58867391
475 -751.10797119 -6.58866641
476 -751.10766602 -6.58866374
477 -751.10864258 -6.58867230
478 -751.10754395 -6.58866267
479 -751.10888672 -6.58867444
480 -751.10949707 -6.58867980
481 -751.10943604 -6.58867926
482 -751.10894775 -6.58867498
483 -751.10717773 -6.58865945
484 -751.10858154 -6.58867177
485 -751.10699463 -6.58865785
486 -751.10693359 -6.58865731
487 -751.10614014 -6.58865035
488 -751.10363770 -6.58862840
489 -751.10363770 -6.58862840
490 -751.10498047 -6.58864018
491 -751.10546875 -6.58864446
492 -751.10247803 -6.58861823
493 -751.10308838 -6.58862358
494 -751.10260010 -6.58861930
495 -751.10162354 -6.58861073
496 -751.10015869 -6.58859788
497 -751.09948730 -6.58859199
498 -751.09954834 -6.58859253
499 -751.10003662 -6.58859681
500 -751.10058594 -6.58860163
501 -751.09863281 -6.58858450
502 -751.09851074 -6.58858343
503 -751.09814453 -6.58858022
504 -751.09881592 -6.58858610
505 -751.09869385 -6.58858503
506 -751.09863281 -6.58858450
507 -751.09875488 -6.58858557
508 -751.09722900 -6.58857218
509 -751.09747314 -6.58857433
510 -751.09625244 -6.58856362
511 -751.09509277 -6.58855345
512 -751.09680176 -6.58856844
513 -751.09747314 -6.58857433
514 -751.09741211 -6.58857379
515 -751.09680176 -6.58856844
516 -751.09735107 -6.58857326
517 -751.09667969 -6.58856737
518 -751.09594727 -6.58856094
519 -751.09545898 -6.58855666
520 -751.09405518 -6.58854434
521 -751.09613037 -6.58856255
522 -751.09448242 -6.58854809
523 -751.09478760 -6.58855077
524 -751.09509277 -6.58855345
525 -751.09344482 -6.58853899
526 -751.09356689 -6.58854006
527 -751.09344482 -6.58853899
528 -751.09197998 -6.58852614
529 -751.09411621 -6.58854488
530 -751.09240723 -6.58852989
531 -751.09161377 -6.58852293
532 -751.09124756 -6.58851972
533 -751.08966064 -6.58850580
534 -751.08905029 -6.58850044
535 -751.08825684 -6.58849348
536 -751.08831787 -6.58849402
537 -751.08697510 -6.58848224
