0 -561.64819336 -6.53079295
1 -561.67297363 -6.53108109
2 -561.68902588 -6.53126774
3 -561.70343018 -6.53143523
4 -561.71527100 -6.53157292
5 -561.72521973 -6.53168860
6 -561.73425293 -6.53179364
7 -561.74243164 -6.53188874
8 -561.75000000 -6.53197674
9 -561.75683594 -6.53205623
10 -561.76312256 -6.53212933
11 -561.76977539 -6.53220669
12 -561.77502441 -6.53226773
13 -561.77978516 -6.53232308
14 -561.78546143 -6.53238909
15 -561.79113770 -6.53245509
16 -561.79595947 -6.53251116
17 -561.80078125 -6.53256722
18 -561.80541992 -6.53262116
19 -561.80932617 -6.53266658
20 -561.81347656 -6.53271484
21 -561.81793213 -6.53276665
22 -561.82128906 -6.53280569
23 -561.82519531 -6.53285111
24 -561.82891846 -6.53289440
25 -561.83203125 -6.53293060
26 -561.83636475 -6.53298099
27 -561.84014893 -6.53302499
28 -561.84320068 -6.53306047
29 -561.84680176 -6.53310235
30 -561.85015869 -6.53314138
31 -561.85351562 -6.53318041
32 -561.85748291 -6.53322655
33 -561.86041260 -6.53326061
34 -561.86297607 -6.53329042
35 -561.86596680 -6.53332520
36 -561.86883545 -6.53335855
37 -561.87109375 -6.53338481
38 -561.87396240 -6.53341817
39 -561.87573242 -6.53343875
40 -561.87835693 -6.53346927
41 -561.88061523 -6.53349553
42 -561.88342285 -6.53352817
43 -561.88623047 -6.53356082
44 -561.88879395 -6.53359063
45 -561.89147949 -6.53362185
46 -561.89349365 -6.53364528
47 -561.89556885 -6.53366941
48 -561.89794922 -6.53369708
