0 -611.97503662 -7.03419582
1 -611.98913574 -7.03435788
2 -611.99835205 -7.03446382
3 -612.00610352 -7.03455291
4 -612.01385498 -7.03464201
5 -612.02014160 -7.03471427
6 -612.02575684 -7.03477881
7 -612.03051758 -7.03483354
8 -612.03497314 -7.03488475
9 -612.03894043 -7.03493035
10 -612.04223633 -7.03496823
11 -612.04534912 -7.03500401
12 -612.04895020 -7.03504540
13 -612.05133057 -7.03507277
14 -612.05413818 -7.03510504
15 -612.05664062 -7.03513380
16 -612.05865479 -7.03515695
17 -612.06066895 -7.03518010
18 -612.06280518 -7.03520466
19 -612.06488037 -7.03522851
20 -612.06640625 -7.03524605
21 -612.06823730 -7.03526710
22 -612.07031250 -7.03529095
23 -612.07153320 -7.03530498
24 -612.07305908 -7.03532252
25 -612.07440186 -7.03533795
26 -612.07550049 -7.03535058
27 -612.07690430 -7.03536672
28 -612.07849121 -7.03538496
29 -612.07965088 -7.03539829
30 -612.07958984 -7.03539758
31 -612.08135986 -7.03541793
32 -612.08282471 -7.03543477
