0 -512.93450928 -6.74913828
1 -512.97143555 -6.74962415
2 -512.99969482 -6.74999598
3 -513.02270508 -6.75029875
4 -513.04296875 -6.75056538
5 -513.06005859 -6.75079024
6 -513.07403564 -6.75097415
7 -513.08666992 -6.75114039
8 -513.09704590 -6.75127692
9 -513.10595703 -6.75139417
10 -513.11254883 -6.75148091
11 -513.11828613 -6.75155640
12 -513.12310791 -6.75161984
13 -513.12982178 -6.75170818
14 -513.13549805 -6.75178287
15 -513.13964844 -6.75183748
16 -513.14422607 -6.75189771
17 -513.14855957 -6.75195473
18 -513.15289307 -6.75201175
19 -513.15661621 -6.75206074
20 -513.15875244 -6.75208885
21 -513.16107178 -6.75211937
22 -513.16503906 -6.75217157
23 -513.16754150 -6.75220449
24 -513.17071533 -6.75224625
25 -513.17297363 -6.75227597
26 -513.17523193 -6.75230568
27 -513.17675781 -6.75232576
28 -513.17816162 -6.75234423
29 -513.18066406 -6.75237716
30 -513.18237305 -6.75239965
31 -513.18475342 -6.75243097
32 -513.18560791 -6.75244221
33 -513.18841553 -6.75247915
34 -513.19061279 -6.75250806
35 -513.19281006 -6.75253697
36 -513.19482422 -6.75256348
37 -513.19647217 -6.75258516
38 -513.19879150 -6.75261568
39 -513.19970703 -6.75262772
40 -513.20111084 -6.75264620
41 -513.20300293 -6.75267109
42 -513.20349121 -6.75267752
43 -513.20458984 -6.75269197
44 -513.20623779 -6.75271366
45 -513.20690918 -6.75272249
46 -513.20855713 -6.75274417
47 -513.21032715 -6.75276746
48 -513.21203613 -6.75278995
49 -513.21276855 -6.75279959
50 -513.21337891 -6.75280762
51 -513.21533203 -6.75283332
52 -513.21655273 -6.75284938
53 -513.21716309 -6.75285741
54 -513.21759033 -6.75286303
55 -513.21789551 -6.75286705
56 -513.21978760 -6.75289194
57 -513.21990967 -6.75289355
58 -513.22058105 -6.75290238
59 -513.22204590 -6.75292166
60 -513.22229004 -6.75292487
61 -513.22186279 -6.75291925
62 -513.22393799 -6.75294655
63 -513.22363281 -6.75294254
64 -513.22521973 -6.75296342
65 -513.22637939 -6.75297868
66 -513.22601318 -6.75297386
67 -513.22656250 -6.75298109
68 -513.22717285 -6.75298912
69 -513.22802734 -6.75300036
70 -513.22906494 -6.75301401
71 -513.23010254 -6.75302766
72 -513.22930908 -6.75301722
73 -513.22937012 -6.75301803
74 -513.23052979 -6.75303329
75 -513.23144531 -6.75304533
76 -513.23229980 -6.75305658
77 -513.23303223 -6.75306621
78 -513.23333740 -6.75307023
79 -513.23406982 -6.75307987
80 -513.23553467 -6.75309914
81 -513.23632812 -6.75310958
82 -513.23669434 -6.75311440
83 -513.23724365 -6.75312163
84 -513.23907471 -6.75314572
85 -513.23999023 -6.75315777
86 -513.24127197 -6.75317463
87 -513.24108887 -6.75317222
88 -513.24169922 -6.75318025
89 -513.24291992 -6.75319631
90 -513.24346924 -6.75320354
91 -513.24383545 -6.75320836
92 -513.24487305 -6.75322201
93 -513.24444580 -6.75321639
94 -513.24621582 -6.75323968
95 -513.24707031 -6.75325093
96 -513.24731445 -6.75325414
97 -513.24658203 -6.75324450
98 -513.24810791 -6.75326458
99 -513.24884033 -6.75327421
100 -513.24920654 -6.75327903
101 -513.24884033 -6.75327421
102 -513.25048828 -6.75329590
103 -513.25067139 -6.75329831
104 -513.25048828 -6.75329590
105 -513.25061035 -6.75329750
106 -513.25134277 -6.75330714
107 -513.25103760 -6.75330313
108 -513.25134277 -6.75330714
109 -513.25213623 -6.75331758
110 -513.25292969 -6.75332802
111 -513.25250244 -6.75332240
112 -513.25292969 -6.75332802
113 -513.25305176 -6.75332963
114 -513.25402832 -6.75334248
115 -513.25427246 -6.75334569
116 -513.25421143 -6.75334489
117 -513.25415039 -6.75334408
118 -513.25451660 -6.75334890
119 -513.25421143 -6.75334489
120 -513.25433350 -6.75334649
121 -513.25506592 -6.75335613
122 -513.25445557 -6.75334810
123 -513.25524902 -6.75335854
124 -513.25518799 -6.75335774
125 -513.25604248 -6.75336898
126 -513.25482178 -6.75335292
127 -513.25567627 -6.75336416
128 -513.25579834 -6.75336577
129 -513.25592041 -6.75336737
130 -513.25549316 -6.75336175
131 -513.25555420 -6.75336256
132 -513.25579834 -6.75336577
133 -513.25640869 -6.75337380
134 -513.25646973 -6.75337460
135 -513.25610352 -6.75336978
136 -513.25708008 -6.75338263
137 -513.25689697 -6.75338022
138 -513.25744629 -6.75338745
139 -513.25769043 -6.75339066
140 -513.25738525 -6.75338665
141 -513.25708008 -6.75338263
142 -513.25714111 -6.75338344
143 -513.25683594 -6.75337942
144 -513.25653076 -6.75337540
145 -513.25622559 -6.75337139
146 -513.25506592 -6.75335613
147 -513.25604248 -6.75336898
148 -513.25555420 -6.75336256
149 -513.25476074 -6.75335212
150 -513.25659180 -6.75337621
151 -513.25646973 -6.75337460
152 -513.25634766 -6.75337300
153 -513.25677490 -6.75337862
154 -513.25756836 -6.75338906
155 -513.25720215 -6.75338424
156 -513.25585938 -6.75336657
157 -513.25708008 -6.75338263
158 -513.25622559 -6.75337139
159 -513.25616455 -6.75337059
160 -513.25610352 -6.75336978
161 -513.25592041 -6.75336737
162 -513.25512695 -6.75335693
163 -513.25616455 -6.75337059
164 -513.25494385 -6.75335452
165 -513.25506592 -6.75335613
166 -513.25555420 -6.75336256
167 -513.25549316 -6.75336175
168 -513.25537109 -6.75336015
169 -513.25561523 -6.75336336
170 -513.25604248 -6.75336898
171 -513.25683594 -6.75337942
172 -513.25579834 -6.75336577
173 -513.25646973 -6.75337460
174 -513.25592041 -6.75336737
175 -513.25622559 -6.75337139
176 -513.25720215 -6.75338424
177 -513.25683594 -6.75337942
178 -513.25671387 -6.75337781
179 -513.25585938 -6.75336657
180 -513.25500488 -6.75335533
181 -513.25579834 -6.75336577
182 -513.25524902 -6.75335854
183 -513.25408936 -6.75334328
184 -513.25439453 -6.75334730
185 -513.25531006 -6.75335934
186 -513.25616455 -6.75337059
187 -513.25561523 -6.75336336
188 -513.25622559 -6.75337139
189 -513.25610352 -6.75336978
190 -513.25579834 -6.75336577
191 -513.25610352 -6.75336978
192 -513.25640869 -6.75337380
193 -513.25708008 -6.75338263
194 -513.25708008 -6.75338263
195 -513.25750732 -6.75338825
196 -513.25732422 -6.75338584
197 -513.25750732 -6.75338825
198 -513.25714111 -6.75338344
199 -513.25701904 -6.75338183
200 -513.25610352 -6.75336978
201 -513.25628662 -6.75337219
202 -513.25720215 -6.75338424
203 -513.25781250 -6.75339227
204 -513.25744629 -6.75338745
205 -513.25762939 -6.75338986
206 -513.25714111 -6.75338344
207 -513.25823975 -6.75339789
208 -513.25939941 -6.75341315
209 -513.25982666 -6.75341877
210 -513.25891113 -6.75340673
211 -513.25933838 -6.75341235
212 -513.25799561 -6.75339468
213 -513.25781250 -6.75339227
214 -513.25823975 -6.75339789
215 -513.25817871 -6.75339709
216 -513.25848389 -6.75340110
217 -513.25793457 -6.75339388
218 -513.25811768 -6.75339629
219 -513.25805664 -6.75339548
220 -513.25805664 -6.75339548
221 -513.25738525 -6.75338665
222 -513.25781250 -6.75339227
223 -513.25805664 -6.75339548
224 -513.25701904 -6.75338183
225 -513.25701904 -6.75338183
226 -513.25720215 -6.75338424
227 -513.25714111 -6.75338344
228 -513.25762939 -6.75338986
229 -513.25708008 -6.75338263
230 -513.25646973 -6.75337460
231 -513.25787354 -6.75339307
232 -513.25756836 -6.75338906
233 -513.25744629 -6.75338745
234 -513.25787354 -6.75339307
235 -513.25793457 -6.75339388
236 -513.25891113 -6.75340673
237 -513.25872803 -6.75340432
238 -513.25958252 -6.75341556
239 -513.25958252 -6.75341556
240 -513.25854492 -6.75340191
241 -513.25891113 -6.75340673
242 -513.25976562 -6.75341797
243 -513.25830078 -6.75339869
244 -513.25958252 -6.75341556
245 -513.25897217 -6.75340753
246 -513.25988770 -6.75341957
247 -513.25872803 -6.75340432
248 -513.26007080 -6.75342198
249 -513.26068115 -6.75343002
250 -513.26098633 -6.75343403
251 -513.26031494 -6.75342520
252 -513.26123047 -6.75343724
253 -513.26135254 -6.75343885
254 -513.26135254 -6.75343885
255 -513.26092529 -6.75343323
256 -513.26074219 -6.75343082
257 -513.26177979 -6.75344447
258 -513.26141357 -6.75343965
259 -513.26098633 -6.75343403
260 -513.26092529 -6.75343323
261 -513.26135254 -6.75343885
262 -513.26129150 -6.75343805
263 -513.26116943 -6.75343644
264 -513.25994873 -6.75342038
265 -513.26080322 -6.75343162
266 -513.26074219 -6.75343082
267 -513.26007080 -6.75342198
268 -513.26092529 -6.75343323
269 -513.26049805 -6.75342761
270 -513.26025391 -6.75342439
271 -513.26013184 -6.75342279
272 -513.26080322 -6.75343162
273 -513.26110840 -6.75343564
274 -513.26116943 -6.75343644
275 -513.26129150 -6.75343805
276 -513.26177979 -6.75344447
277 -513.26220703 -6.75345009
278 -513.26208496 -6.75344849
279 -513.26171875 -6.75344367
280 -513.26184082 -6.75344527
281 -513.26251221 -6.75345411
282 -513.26153564 -6.75344126
283 -513.26153564 -6.75344126
284 -513.26214600 -6.75344929
285 -513.26208496 -6.75344849
286 -513.26177979 -6.75344447
287 -513.26184082 -6.75344527
288 -513.26123047 -6.75343724
289 -513.26165771 -6.75344286
290 -513.26062012 -6.75342921
291 -513.26080322 -6.75343162
292 -513.26055908 -6.75342841
293 -513.26092529 -6.75343323
294 -513.26116943 -6.75343644
295 -513.26019287 -6.75342359
296 -513.25915527 -6.75340994
297 -513.25958252 -6.75341556
298 -513.26037598 -6.75342600
299 -513.26019287 -6.75342359
300 -513.26000977 -6.75342118
301 -513.25836182 -6.75339950
302 -513.25842285 -6.75340030
303 -513.25970459 -6.75341717
304 -513.25976562 -6.75341797
305 -513.25946045 -6.75341395
306 -513.25982666 -6.75341877
307 -513.25976562 -6.75341797
308 -513.25939941 -6.75341315
309 -513.26049805 -6.75342761
310 -513.26019287 -6.75342359
311 -513.25970459 -6.75341717
312 -513.26019287 -6.75342359
313 -513.26013184 -6.75342279
314 -513.25982666 -6.75341877
315 -513.25982666 -6.75341877
316 -513.25909424 -6.75340913
317 -513.25927734 -6.75341154
318 -513.25909424 -6.75340913
319 -513.25933838 -6.75341235
320 -513.25933838 -6.75341235
321 -513.25878906 -6.75340512
322 -513.25799561 -6.75339468
323 -513.25805664 -6.75339548
324 -513.25897217 -6.75340753
325 -513.25891113 -6.75340673
326 -513.25952148 -6.75341476
327 -513.25860596 -6.75340271
328 -513.25805664 -6.75339548
329 -513.25793457 -6.75339388
330 -513.25720215 -6.75338424
331 -513.25775146 -6.75339147
332 -513.25726318 -6.75338504
333 -513.25714111 -6.75338344
334 -513.25701904 -6.75338183
335 -513.25640869 -6.75337380
336 -513.25750732 -6.75338825
337 -513.25695801 -6.75338103
338 -513.25708008 -6.75338263
339 -513.25659180 -6.75337621
340 -513.25659180 -6.75337621
341 -513.25677490 -6.75337862
342 -513.25653076 -6.75337540
343 -513.25653076 -6.75337540
344 -513.25683594 -6.75337942
345 -513.25646973 -6.75337460
346 -513.25573730 -6.75336496
347 -513.25671387 -6.75337781
348 -513.25714111 -6.75338344
349 -513.25756836 -6.75338906
350 -513.25720215 -6.75338424
351 -513.25836182 -6.75339950
352 -513.25793457 -6.75339388
353 -513.25756836 -6.75338906
354 -513.25750732 -6.75338825
355 -513.25677490 -6.75337862
356 -513.25695801 -6.75338103
357 -513.25653076 -6.75337540
358 -513.25567627 -6.75336416
359 -513.25622559 -6.75337139
360 -513.25659180 -6.75337621
361 -513.25665283 -6.75337701
362 -513.25701904 -6.75338183
363 -513.25665283 -6.75337701
364 -513.25628662 -6.75337219
365 -513.25701904 -6.75338183
366 -513.25683594 -6.75337942
367 -513.25720215 -6.75338424
368 -513.25714111 -6.75338344
369 -513.25823975 -6.75339789
370 -513.25793457 -6.75339388
371 -513.25732422 -6.75338584
372 -513.25799561 -6.75339468
373 -513.25762939 -6.75338986
374 -513.25805664 -6.75339548
375 -513.25750732 -6.75338825
376 -513.25775146 -6.75339147
377 -513.25750732 -6.75338825
378 -513.25738525 -6.75338665
379 -513.25799561 -6.75339468
380 -513.25701904 -6.75338183
381 -513.25616455 -6.75337059
382 -513.25646973 -6.75337460
383 -513.25610352 -6.75336978
384 -513.25640869 -6.75337380
385 -513.25671387 -6.75337781
386 -513.25628662 -6.75337219
387 -513.25738525 -6.75338665
388 -513.25708008 -6.75338263
389 -513.25592041 -6.75336737
390 -513.25671387 -6.75337781
391 -513.25653076 -6.75337540
392 -513.25598145 -6.75336818
393 -513.25579834 -6.75336577
394 -513.25549316 -6.75336175
395 -513.25598145 -6.75336818
396 -513.25616455 -6.75337059
397 -513.25543213 -6.75336095
398 -513.25640869 -6.75337380
399 -513.25573730 -6.75336496
400 -513.25555420 -6.75336256
401 -513.25622559 -6.75337139
402 -513.25646973 -6.75337460
403 -513.25579834 -6.75336577
404 -513.25585938 -6.75336657
405 -513.25531006 -6.75335934
406 -513.25524902 -6.75335854
407 -513.25500488 -6.75335533
408 -513.25494385 -6.75335452
409 -513.25567627 -6.75336416
410 -513.25518799 -6.75335774
411 -513.25482178 -6.75335292
412 -513.25445557 -6.75334810
413 -513.25476074 -6.75335212
414 -513.25482178 -6.75335292
415 -513.25469971 -6.75335131
416 -513.25439453 -6.75334730
417 -513.25488281 -6.75335372
418 -513.25408936 -6.75334328
419 -513.25500488 -6.75335533
420 -513.25445557 -6.75334810
421 -513.25427246 -6.75334569
422 -513.25445557 -6.75334810
423 -513.25408936 -6.75334328
424 -513.25299072 -6.75332883
425 -513.25311279 -6.75333043
426 -513.25390625 -6.75334087
427 -513.25323486 -6.75333204
428 -513.25384521 -6.75334007
429 -513.25299072 -6.75332883
430 -513.25256348 -6.75332320
431 -513.25305176 -6.75332963
432 -513.25268555 -6.75332481
433 -513.25292969 -6.75332802
434 -513.25384521 -6.75334007
435 -513.25360107 -6.75333686
436 -513.25311279 -6.75333043
437 -513.25311279 -6.75333043
438 -513.25415039 -6.75334408
439 -513.25451660 -6.75334890
440 -513.25323486 -6.75333204
441 -513.25292969 -6.75332802
442 -513.25347900 -6.75333525
443 -513.25360107 -6.75333686
444 -513.25341797 -6.75333445
445 -513.25305176 -6.75332963
446 -513.25292969 -6.75332802
447 -513.25219727 -6.75331839
448 -513.25268555 -6.75332481
449 -513.25286865 -6.75332722
450 -513.25341797 -6.75333445
451 -513.25299072 -6.75332883
452 -513.25329590 -6.75333284
453 -513.25299072 -6.75332883
454 -513.25329590 -6.75333284
455 -513.25225830 -6.75331919
456 -513.25207520 -6.75331678
457 -513.25213623 -6.75331758
458 -513.25244141 -6.75332160
459 -513.25280762 -6.75332642
460 -513.25292969 -6.75332802
461 -513.25317383 -6.75333123
462 -513.25268555 -6.75332481
463 -513.25323486 -6.75333204
464 -513.25305176 -6.75332963
465 -513.25329590 -6.75333284
466 -513.25280762 -6.75332642
467 -513.25280762 -6.75332642
468 -513.25347900 -6.75333525
469 -513.25427246 -6.75334569
470 -513.25396729 -6.75334167
471 -513.25323486 -6.75333204
472 -513.25384521 -6.75334007
473 -513.25360107 -6.75333686
474 -513.25402832 -6.75334248
475 -513.25451660 -6.75334890
476 -513.25463867 -6.75335051
477 -513.25476074 -6.75335212
478 -513.25408936 -6.75334328
479 -513.25335693 -6.75333364
480 -513.25286865 -6.75332722
481 -513.25286865 -6.75332722
482 -513.25366211 -6.75333766
483 -513.25421143 -6.75334489
484 -513.25323486 -6.75333204
485 -513.25323486 -6.75333204
486 -513.25323486 -6.75333204
487 -513.25354004 -6.75333605
488 -513.25488281 -6.75335372
489 -513.25421143 -6.75334489
490 -513.25421143 -6.75334489
491 -513.25396729 -6.75334167
492 -513.25433350 -6.75334649
493 -513.25482178 -6.75335292
494 -513.25488281 -6.75335372
495 -513.25506592 -6.75335613
496 -513.25427246 -6.75334569
497 -513.25408936 -6.75334328
498 -513.25378418 -6.75333927
499 -513.25360107 -6.75333686
500 -513.25311279 -6.75333043
501 -513.25378418 -6.75333927
502 -513.25384521 -6.75334007
503 -513.25372314 -6.75333846
504 -513.25445557 -6.75334810
505 -513.25384521 -6.75334007
506 -513.25360107 -6.75333686
507 -513.25384521 -6.75334007
508 -513.25280762 -6.75332642
509 -513.25299072 -6.75332883
510 -513.25347900 -6.75333525
511 -513.25323486 -6.75333204
512 -513.25213623 -6.75331758
513 -513.25134277 -6.75330714
514 -513.25134277 -6.75330714
515 -513.25036621 -6.75329429
516 -513.25054932 -6.75329670
517 -513.25042725 -6.75329510
518 -513.25030518 -6.75329349
519 -513.25091553 -6.75330152
520 -513.25061035 -6.75329750
521 -513.25024414 -6.75329269
522 -513.25134277 -6.75330714
523 -513.25036621 -6.75329429
524 -513.24981689 -6.75328706
525 -513.25006104 -6.75329028
526 -513.24926758 -6.75327984
527 -513.24987793 -6.75328787
528 -513.24963379 -6.75328466
529 -513.24969482 -6.75328546
530 -513.25000000 -6.75328947
531 -513.25006104 -6.75329028
532 -513.24957275 -6.75328385
533 -513.24902344 -6.75327662
534 -513.24884033 -6.75327421
535 -513.24853516 -6.75327020
536 -513.24932861 -6.75328064
537 -513.24841309 -6.75326859
538 -513.24865723 -6.75327181
539 -513.24816895 -6.75326538
540 -513.24755859 -6.75325735
541 -513.24804688 -6.75326377
542 -513.24768066 -6.75325896
543 -513.24694824 -6.75324932
544 -513.24688721 -6.75324852
545 -513.24627686 -6.75324048
546 -513.24731445 -6.75325414
547 -513.24694824 -6.75324932
548 -513.24749756 -6.75325655
549 -513.24676514 -6.75324691
550 -513.24755859 -6.75325735
551 -513.24713135 -6.75325173
552 -513.24835205 -6.75326779
553 -513.24755859 -6.75325735
554 -513.24713135 -6.75325173
555 -513.24725342 -6.75325333
556 -513.24749756 -6.75325655
557 -513.24841309 -6.75326859
558 -513.24829102 -6.75326699
559 -513.24774170 -6.75325976
560 -513.24749756 -6.75325655
561 -513.24719238 -6.75325253
562 -513.24761963 -6.75325815
563 -513.24743652 -6.75325574
564 -513.24578857 -6.75323406
565 -513.24682617 -6.75324771
566 -513.24725342 -6.75325333
567 -513.24645996 -6.75324289
568 -513.24737549 -6.75325494
569 -513.24713135 -6.75325173
570 -513.24768066 -6.75325896
571 -513.24798584 -6.75326297
572 -513.24737549 -6.75325494
573 -513.24700928 -6.75325012
574 -513.24707031 -6.75325093
575 -513.24755859 -6.75325735
576 -513.24688721 -6.75324852
577 -513.24621582 -6.75323968
578 -513.24523926 -6.75322683
579 -513.24554443 -6.75323085
580 -513.24548340 -6.75323004
581 -513.24670410 -6.75324611
582 -513.24584961 -6.75323486
583 -513.24615479 -6.75323888
584 -513.24658203 -6.75324450
585 -513.24664307 -6.75324530
586 -513.24566650 -6.75323245
587 -513.24627686 -6.75324048
588 -513.24658203 -6.75324450
589 -513.24621582 -6.75323968
590 -513.24633789 -6.75324129
591 -513.24560547 -6.75323165
592 -513.24609375 -6.75323808
593 -513.24560547 -6.75323165
594 -513.24591064 -6.75323567
595 -513.24615479 -6.75323888
596 -513.24548340 -6.75323004
597 -513.24523926 -6.75322683
598 -513.24505615 -6.75322442
599 -513.24554443 -6.75323085
600 -513.24591064 -6.75323567
601 -513.24468994 -6.75321960
602 -513.24511719 -6.75322523
603 -513.24603271 -6.75323727
604 -513.24633789 -6.75324129
605 -513.24597168 -6.75323647
606 -513.24450684 -6.75321720
607 -513.24456787 -6.75321800
608 -513.24407959 -6.75321157
609 -513.24353027 -6.75320435
610 -513.24523926 -6.75322683
611 -513.24456787 -6.75321800
612 -513.24530029 -6.75322764
613 -513.24414062 -6.75321238
614 -513.24420166 -6.75321318
615 -513.24517822 -6.75322603
616 -513.24340820 -6.75320274
617 -513.24462891 -6.75321880
618 -513.24487305 -6.75322201
619 -513.24530029 -6.75322764
620 -513.24517822 -6.75322603
621 -513.24462891 -6.75321880
622 -513.24407959 -6.75321157
623 -513.24438477 -6.75321559
624 -513.24407959 -6.75321157
625 -513.24383545 -6.75320836
626 -513.24291992 -6.75319631
627 -513.24346924 -6.75320354
628 -513.24291992 -6.75319631
629 -513.24200439 -6.75318427
630 -513.24212646 -6.75318587
631 -513.24359131 -6.75320515
632 -513.24383545 -6.75320836
633 -513.24377441 -6.75320756
634 -513.24383545 -6.75320836
635 -513.24328613 -6.75320113
636 -513.24304199 -6.75319792
637 -513.24328613 -6.75320113
638 -513.24218750 -6.75318668
639 -513.24224854 -6.75318748
640 -513.24249268 -6.75319069
641 -513.24255371 -6.75319150
642 -513.24291992 -6.75319631
643 -513.24291992 -6.75319631
644 -513.24182129 -6.75318186
645 -513.24108887 -6.75317222
646 -513.24041748 -6.75316339
647 -513.24066162 -6.75316660
648 -513.24053955 -6.75316499
649 -513.23974609 -6.75315455
650 -513.23968506 -6.75315375
651 -513.23815918 -6.75313367
652 -513.23895264 -6.75314411
653 -513.23913574 -6.75314652
654 -513.23913574 -6.75314652
655 -513.23828125 -6.75313528
656 -513.23767090 -6.75312725
657 -513.23712158 -6.75312002
658 -513.23651123 -6.75311199
659 -513.23712158 -6.75312002
660 -513.23663330 -6.75311360
661 -513.23626709 -6.75310878
662 -513.23693848 -6.75311761
663 -513.23718262 -6.75312082
664 -513.23767090 -6.75312725
