0 -545.33728027 -7.17549053
1 -545.31695557 -7.17522310
2 -545.25549316 -7.17441438
3 -545.22521973 -7.17401605
4 -545.21313477 -7.17385704
5 -545.17443848 -7.17334787
6 -545.13049316 -7.17276965
7 -545.09991455 -7.17236730
8 -545.09277344 -7.17227333
9 -545.05468750 -7.17177220
10 -545.05181885 -7.17173446
11 -545.03002930 -7.17144775
12 -545.01409912 -7.17123815
13 -544.95367432 -7.17044308
14 -544.93218994 -7.17016039
15 -544.86035156 -7.16921515
16 -544.77923584 -7.16814784
17 -544.73718262 -7.16759451
18 -544.70855713 -7.16721786
19 -544.68548584 -7.16691429
20 -544.64776611 -7.16641798
21 -544.61108398 -7.16593532
22 -544.58886719 -7.16564299
23 -544.49475098 -7.16440462
24 -544.43377686 -7.16360233
25 -544.38824463 -7.16300322
26 -544.28485107 -7.16164278
27 -544.22839355 -7.16089992
28 -544.25939941 -7.16130789
29 -544.18377686 -7.16031285
30 -544.16290283 -7.16003820
31 -544.07019043 -7.15881830
32 -544.00927734 -7.15801681
33 -543.90240479 -7.15661059
34 -543.87017822 -7.15618656
35 -543.83721924 -7.15575288
36 -543.85168457 -7.15594322
37 -543.84704590 -7.15588218
38 -543.78906250 -7.15511924
39 -543.80517578 -7.15533126
40 -543.84326172 -7.15583239
41 -543.84863281 -7.15590306
42 -543.88818359 -7.15642347
43 -543.82531738 -7.15559628
44 -543.79132080 -7.15514896
45 -543.68884277 -7.15380056
46 -543.66345215 -7.15346648
47 -543.69738770 -7.15391300
48 -543.63507080 -7.15309304
49 -543.68908691 -7.15380378
50 -543.62786865 -7.15299827
51 -543.59814453 -7.15260716
52 -543.48352051 -7.15109895
53 -543.30218506 -7.14871296
54 -543.18524170 -7.14717423
55 -543.04998779 -7.14539458
56 -542.94958496 -7.14407349
57 -543.01397705 -7.14492075
58 -542.83221436 -7.14252914
59 -542.84588623 -7.14270903
60 -542.71026611 -7.14092455
61 -542.83837891 -7.14261025
62 -542.82159424 -7.14238940
63 -542.81353760 -7.14228339
64 -542.72088623 -7.14106429
65 -542.53973389 -7.13868071
66 -542.53216553 -7.13858113
67 -542.38488770 -7.13664326
68 -542.51715088 -7.13838356
69 -542.42620850 -7.13718695
70 -542.35229492 -7.13621441
71 -542.11199951 -7.13305263
72 -541.97412109 -7.13123844
73 -541.86468506 -7.12979849
74 -541.83038330 -7.12934715
75 -541.70727539 -7.12772731
76 -541.59252930 -7.12621749
77 -541.35601807 -7.12310550
78 -541.29241943 -7.12226868
79 -541.25164795 -7.12173221
80 -541.09088135 -7.11961686
81 -540.88006592 -7.11684297
82 -540.77825928 -7.11550341
83 -540.52453613 -7.11216495
84 -540.58410645 -7.11294877
85 -540.54071045 -7.11237777
86 -540.32574463 -7.10954927
87 -540.27313232 -7.10885700
88 -540.33135986 -7.10962316
89 -540.23114014 -7.10830448
90 -540.05664062 -7.10600843
91 -539.96813965 -7.10484394
92 -539.95489502 -7.10466967
93 -539.95910645 -7.10472508
94 -539.92675781 -7.10429944
95 -539.79205322 -7.10252702
96 -539.76074219 -7.10211503
97 -539.55615234 -7.09942306
98 -539.45172119 -7.09804896
99 -539.36022949 -7.09684512
100 -539.13360596 -7.09386324
101 -539.21105957 -7.09488236
102 -539.09222412 -7.09331874
103 -539.12304688 -7.09372430
104 -539.15826416 -7.09418769
105 -538.78320312 -7.08925267
106 -538.66870117 -7.08774607
107 -538.63488770 -7.08730115
108 -538.53564453 -7.08599532
109 -538.35968018 -7.08368000
110 -538.37738037 -7.08391290
111 -538.31091309 -7.08303833
112 -537.94659424 -7.07824466
113 -537.72607422 -7.07534308
114 -537.86370850 -7.07715406
115 -537.56542969 -7.07322934
116 -537.65020752 -7.07434484
117 -537.46240234 -7.07187372
118 -537.32232666 -7.07003061
119 -537.23956299 -7.06894162
120 -537.19836426 -7.06839953
121 -537.34149170 -7.07028279
122 -537.46990967 -7.07197250
123 -537.17602539 -7.06810560
124 -536.90722656 -7.06456877
125 -536.63092041 -7.06093316
126 -536.65045166 -7.06119015
127 -536.51745605 -7.05944021
128 -536.22155762 -7.05554681
129 -536.28680420 -7.05640532
130 -536.18981934 -7.05512920
131 -536.11767578 -7.05417994
132 -535.79608154 -7.04994844
133 -535.38330078 -7.04451712
134 -535.29693604 -7.04338074
135 -535.53686523 -7.04653770
136 -535.71752930 -7.04891486
137 -535.83361816 -7.05044234
138 -535.98065186 -7.05237700
139 -535.68591309 -7.04849886
140 -535.40185547 -7.04476126
141 -535.19616699 -7.04205483
142 -534.96667480 -7.03903519
143 -534.79644775 -7.03679537
144 -534.87500000 -7.03782895
145 -534.33319092 -7.03069988
146 -534.48638916 -7.03271565
147 -534.16424561 -7.02847692
148 -534.16918945 -7.02854197
149 -534.41589355 -7.03178807
150 -534.29248047 -7.03016422
151 -534.53387451 -7.03334045
152 -534.57983398 -7.03394518
153 -534.21594238 -7.02915714
154 -533.97436523 -7.02597849
155 -533.62371826 -7.02136471
156 -533.52337646 -7.02004443
157 -533.29144287 -7.01699267
158 -533.04522705 -7.01375299
159 -532.83972168 -7.01104897
160 -532.70849609 -7.00932232
161 -532.48181152 -7.00633963
162 -532.45953369 -7.00604650
163 -532.55523682 -7.00730575
164 -532.56488037 -7.00743264
165 -532.33435059 -7.00439935
166 -532.70446777 -7.00926931
167 -532.76776123 -7.01010212
168 -532.44665527 -7.00587704
169 -532.46258545 -7.00608665
170 -532.35150146 -7.00462502
171 -531.95739746 -6.99943944
172 -531.82904053 -6.99775053
173 -532.14379883 -7.00189209
174 -532.08569336 -7.00112754
175 -532.28930664 -7.00380667
176 -532.44403076 -7.00584251
177 -532.42791748 -7.00563049
178 -532.80389404 -7.01057755
179 -532.51318359 -7.00675242
180 -532.54644775 -7.00719010
181 -532.37554932 -7.00494144
182 -531.88037109 -6.99842594
183 -531.71008301 -6.99618530
184 -532.26416016 -7.00347579
185 -531.60559082 -6.99481041
186 -531.52972412 -6.99381216
187 -531.72717285 -6.99641017
188 -532.08276367 -7.00108900
189 -531.56250000 -6.99424342
190 -531.01831055 -6.98708303
191 -531.48693848 -6.99324919
192 -530.93103027 -6.98593461
193 -531.08270264 -6.98793030
194 -530.50634766 -6.98034668
195 -530.32788086 -6.97799843
196 -530.20648193 -6.97640108
197 -529.59802246 -6.96839503
198 -529.65893555 -6.96919652
199 -529.97985840 -6.97341919
200 -530.01538086 -6.97388659
201 -530.36590576 -6.97849876
202 -530.62194824 -6.98186774
203 -530.76739502 -6.98378151
204 -530.25482178 -6.97703713
205 -530.48217773 -6.98002865
206 -530.60058594 -6.98158666
207 -530.78619385 -6.98402887
208 -530.98022461 -6.98658190
209 -530.56488037 -6.98111685
210 -530.41699219 -6.97917095
211 -530.30584717 -6.97770852
212 -530.11315918 -6.97517315
213 -529.94726562 -6.97299034
214 -529.78363037 -6.97083724
215 -529.53137207 -6.96751805
216 -529.32580566 -6.96481323
217 -529.11914062 -6.96209396
218 -528.37377930 -6.95228657
219 -528.62866211 -6.95564029
220 -528.39862061 -6.95261343
221 -528.46984863 -6.95355064
222 -528.42474365 -6.95295715
223 -528.68170166 -6.95633818
224 -528.72595215 -6.95692042
225 -529.40637207 -6.96587332
226 -529.01318359 -6.96069978
227 -528.54711914 -6.95456736
228 -528.80682373 -6.95798452
229 -528.40588379 -6.95270900
230 -528.15417480 -6.94939704
231 -527.92987061 -6.94644567
232 -528.10247803 -6.94871682
233 -527.29205322 -6.93805333
234 -526.84362793 -6.93215300
235 -526.86279297 -6.93240517
236 -526.76269531 -6.93108810
237 -526.68188477 -6.93002480
238 -526.56195068 -6.92844672
239 -525.87402344 -6.91939505
240 -525.11206055 -6.90936922
241 -525.84545898 -6.91901920
242 -526.17584229 -6.92336635
243 -525.83306885 -6.91885617
244 -526.07147217 -6.92199305
245 -525.97729492 -6.92075388
246 -526.53088379 -6.92803794
247 -526.64160156 -6.92949476
248 -527.18859863 -6.93669209
249 -527.35919189 -6.93893674
250 -527.18188477 -6.93660375
251 -527.16284180 -6.93635318
252 -527.18310547 -6.93661981
253 -527.60455322 -6.94216517
254 -527.63781738 -6.94260286
255 -527.49084473 -6.94066901
256 -527.30462646 -6.93821877
257 -527.47601318 -6.94047386
258 -527.41680908 -6.93969486
259 -527.45898438 -6.94024979
260 -526.93585205 -6.93336647
261 -526.94683838 -6.93351103
262 -526.94000244 -6.93342108
263 -527.48516846 -6.94059432
264 -527.83050537 -6.94513823
265 -527.71051025 -6.94355935
266 -527.78149414 -6.94449334
267 -527.27929688 -6.93788549
268 -527.63800049 -6.94260527
269 -527.32958984 -6.93854723
270 -526.98907471 -6.93406677
271 -526.67779541 -6.92997099
272 -526.93414307 -6.93334399
273 -527.05743408 -6.93496624
274 -526.68206787 -6.93002721
275 -527.01593018 -6.93442013
276 -527.40002441 -6.93947401
277 -527.05596924 -6.93494696
278 -527.15313721 -6.93622549
279 -526.92779541 -6.93326047
280 -525.97772217 -6.92075950
281 -526.47265625 -6.92727179
282 -526.85552979 -6.93230960
283 -526.58416748 -6.92873905
284 -526.49597168 -6.92757857
285 -526.14038086 -6.92289975
286 -526.10375977 -6.92241789
287 -526.36791992 -6.92589368
288 -526.17584229 -6.92336635
289 -525.98077393 -6.92079966
290 -525.47302246 -6.91411872
291 -525.17230225 -6.91016187
292 -524.94256592 -6.90713903
293 -524.38134766 -6.89975457
294 -524.68750000 -6.90378289
295 -525.00781250 -6.90799753
296 -525.17260742 -6.91016589
297 -525.26824951 -6.91142434
298 -524.92919922 -6.90696315
299 -524.88427734 -6.90637207
300 -524.36541748 -6.89954497
301 -523.91253662 -6.89358601
302 -523.64227295 -6.89002991
303 -523.92218018 -6.89371290
304 -524.23638916 -6.89784723
305 -524.09802246 -6.89602661
306 -523.38793945 -6.88668341
307 -522.90954590 -6.88038876
308 -523.41473389 -6.88703597
309 -523.76892090 -6.89169633
310 -524.15667725 -6.89679838
311 -524.71234131 -6.90410975
312 -524.49987793 -6.90131418
313 -524.76934814 -6.90485984
314 -524.79840088 -6.90524212
315 -524.38208008 -6.89976421
316 -523.79937744 -6.89209707
317 -524.00384521 -6.89478744
318 -523.70629883 -6.89087235
319 -523.65411377 -6.89018571
320 -523.84771729 -6.89273312
321 -523.76257324 -6.89161281
322 -523.92852783 -6.89379642
323 -523.20800781 -6.88431589
324 -522.47534180 -6.87467555
325 -522.73583984 -6.87810316
326 -522.55700684 -6.87575009
327 -522.83044434 -6.87934795
328 -521.94879150 -6.86774726
329 -522.03186035 -6.86884027
330 -521.73962402 -6.86499505
331 -521.67602539 -6.86415823
332 -520.64617920 -6.85060762
333 -520.74536133 -6.85191265
334 -520.03845215 -6.84261121
335 -520.95617676 -6.85468654
336 -519.90319824 -6.84083156
337 -520.55535889 -6.84941262
338 -520.38775635 -6.84720732
339 -521.00732422 -6.85535953
340 -521.24542236 -6.85849240
341 -520.79345703 -6.85254549
342 -520.78051758 -6.85237523
343 -519.64355469 -6.83741519
344 -519.68939209 -6.83801832
345 -519.96997070 -6.84171014
346 -519.26171875 -6.83239104
347 -519.60162354 -6.83686347
348 -519.63867188 -6.83735095
349 -519.38244629 -6.83397956
350 -519.51800537 -6.83576323
351 -518.84594727 -6.82692036
352 -518.13348389 -6.81754584
353 -517.47338867 -6.80886038
354 -516.43872070 -6.79524633
355 -516.09722900 -6.79075301
356 -515.26373291 -6.77978596
357 -515.56890869 -6.78380143
358 -516.20501709 -6.79217128
359 -515.84063721 -6.78737681
360 -515.69183350 -6.78541886
361 -515.79272461 -6.78674638
362 -515.62927246 -6.78459569
363 -515.07977295 -6.77736543
364 -514.65185547 -6.77173494
365 -515.58306885 -6.78398775
366 -515.75927734 -6.78630628
367 -515.33312988 -6.78069908
368 -514.65490723 -6.77177510
369 -514.69372559 -6.77228586
370 -514.01373291 -6.76333859
371 -514.38806152 -6.76826397
372 -513.25256348 -6.75332320
373 -513.59100342 -6.75777636
374 -514.19940186 -6.76578160
375 -515.06329346 -6.77714860
376 -515.31341553 -6.78043968
377 -514.38916016 -6.76827842
378 -514.22399902 -6.76610525
379 -515.22674561 -6.77929928
380 -514.57122803 -6.77067405
381 -514.81640625 -6.77390008
382 -514.35668945 -6.76785118
383 -513.31329346 -6.75412228
384 -513.28509521 -6.75375125
385 -514.56555176 -6.77059937
386 -514.60479736 -6.77111575
387 -514.11041260 -6.76461069
388 -513.73150635 -6.75962508
389 -513.33496094 -6.75440738
390 -513.07763672 -6.75102154
391 -513.14294434 -6.75188085
392 -513.52734375 -6.75693873
393 -513.66259766 -6.75871839
394 -513.56750488 -6.75746717
395 -514.08013916 -6.76421236
396 -514.73022461 -6.77276611
397 -515.56719971 -6.78377894
398 -514.63623047 -6.77152935
399 -513.94812012 -6.76247526
400 -514.32696533 -6.76746007
401 -514.46899414 -6.76932887
402 -514.05926514 -6.76393770
403 -514.33111572 -6.76751468
404 -513.52557373 -6.75691544
405 -512.86987305 -6.74828780
406 -513.45758057 -6.75602080
407 -512.52587891 -6.74376156
408 -512.10095215 -6.73817042
409 -510.61297607 -6.71859179
410 -510.90472412 -6.72243058
411 -510.76843262 -6.72063727
412 -511.38073730 -6.72869391
413 -510.92404175 -6.72268476
414 -510.05792236 -6.71128845
415 -509.37142944 -6.70225565
416 -509.58294678 -6.70503877
417 -508.96606445 -6.69692190
418 -508.27819824 -6.68787103
419 -507.64883423 -6.67958992
420 -507.94204712 -6.68344799
421 -506.71472168 -6.66729897
422 -504.93246460 -6.64384822
423 -504.02700806 -6.63193432
424 -503.08709717 -6.61956707
425 -503.08779907 -6.61957630
426 -503.65939331 -6.62709728
427 -502.72177124 -6.61476015
428 -502.74121094 -6.61501593
429 -502.40679932 -6.61061578
430 -503.17904663 -6.62077693
431 -503.36801147 -6.62326331
432 -504.01928711 -6.63183273
433 -503.84368896 -6.62952222
434 -503.90112305 -6.63027793
435 -503.86621094 -6.62981856
436 -503.66055298 -6.62711254
437 -503.31179810 -6.62252366
438 -503.76855469 -6.62853361
439 -503.12484741 -6.62006378
440 -501.55401611 -6.59939495
441 -501.92596436 -6.60428900
442 -502.13955688 -6.60709943
443 -502.24301147 -6.60846068
444 -501.10504150 -6.59348739
445 -500.49316406 -6.58543637
446 -500.22863770 -6.58195576
447 -499.30154419 -6.56975716
448 -500.15405273 -6.58097438
449 -500.68905640 -6.58801390
450 -500.80099487 -6.58948677
451 -500.90036011 -6.59079421
452 -501.14941406 -6.59407124
453 -501.85919189 -6.60341042
454 -502.73898315 -6.61498662
455 -503.12222290 -6.62002925
456 -501.47955322 -6.59841517
457 -502.02050781 -6.60553300
458 -501.80599976 -6.60271052
459 -501.39321899 -6.59727920
460 -499.82070923 -6.57658828
461 -498.94952393 -6.56512531
462 -498.98483276 -6.56558990
463 -498.94079590 -6.56501047
464 -498.12542725 -6.55428194
465 -497.42199707 -6.54502628
466 -496.57614136 -6.53389660
467 -495.88937378 -6.52486018
468 -496.26507568 -6.52980363
469 -496.59689331 -6.53416965
470 -494.94668579 -6.51245639
471 -495.66558838 -6.52191564
472 -494.17163086 -6.50225830
473 -493.52896118 -6.49380212
474 -492.88955688 -6.48538891
475 -491.20892334 -6.46327531
476 -489.30917358 -6.43827860
477 -488.17892456 -6.42340690
478 -489.17742920 -6.43654512
479 -487.57519531 -6.41546310
480 -487.97283936 -6.42069525
481 -487.66271973 -6.41661473
482 -487.49478149 -6.41440502
483 -487.21981812 -6.41078708
484 -486.59927368 -6.40262202
485 -487.81542969 -6.41862407
486 -487.37414551 -6.41281770
487 -489.05386353 -6.43491926
488 -489.49337769 -6.44070234
489 -488.77972412 -6.43131216
490 -487.86605835 -6.41929024
491 -486.51925659 -6.40156917
492 -487.87353516 -6.41938862
493 -488.26007080 -6.42447462
494 -486.63442993 -6.40308460
495 -486.46920776 -6.40091063
496 -486.82751465 -6.40562519
497 -484.57366943 -6.37596933
498 -484.36285400 -6.37319545
499 -486.16647339 -6.39692728
500 -485.48333740 -6.38793865
501 -486.30041504 -6.39868967
502 -487.36389160 -6.41268278
503 -485.89550781 -6.39336194
504 -484.43966675 -6.37420614
505 -484.15682983 -6.37048460
506 -483.77752686 -6.36549377
507 -482.50076294 -6.34869425
508 -482.74606323 -6.35192188
509 -484.49630737 -6.37495141
510 -484.32455444 -6.37269151
511 -485.66159058 -6.39028409
512 -485.02368164 -6.38189055
513 -486.13403320 -6.39650044
514 -486.40783691 -6.40010312
515 -485.43283081 -6.38727409
516 -486.37603760 -6.39968471
517 -486.19351196 -6.39728305
518 -486.67672729 -6.40364115
519 -486.71386719 -6.40412983
520 -487.23065186 -6.41092963
521 -486.22213745 -6.39765970
522 -487.39190674 -6.41305140
523 -488.25991821 -6.42447261
524 -488.43698120 -6.42680238
525 -487.62179565 -6.41607626
526 -488.05950928 -6.42183565
527 -486.13302612 -6.39648719
528 -486.63558960 -6.40309986
529 -485.70089722 -6.39080128
530 -484.54159546 -6.37554731
531 -484.97702026 -6.38127658
532 -485.82836914 -6.39247854
533 -485.05026245 -6.38224030
534 -484.97802734 -6.38128983
535 -485.08160400 -6.38265268
536 -483.45068359 -6.36119321
537 -483.68707275 -6.36430359
538 -482.59423828 -6.34992419
539 -482.44876099 -6.34801001
540 -481.13952637 -6.33078324
541 -480.53488159 -6.32282739
542 -480.13946533 -6.31762454
543 -480.35537720 -6.32046549
544 -479.89562988 -6.31441618
545 -479.03396606 -6.30307850
546 -479.79330444 -6.31306980
547 -477.83309937 -6.28727762
548 -479.11233521 -6.30410967
549 -477.26562500 -6.27981086
550 -478.22177124 -6.29239173
551 -475.38174438 -6.25502295
552 -474.01702881 -6.23706617
553 -473.75201416 -6.23357913
554 -474.12274170 -6.23845713
555 -472.99066162 -6.22356134
556 -473.12472534 -6.22532533
557 -475.82693481 -6.26088072
558 -475.22775269 -6.25299675
559 -473.51324463 -6.23043743
560 -471.36257935 -6.20213920
561 -471.95074463 -6.20987822
562 -472.05371094 -6.21123304
563 -469.18505859 -6.17348761
564 -469.72137451 -6.18054440
565 -468.74349976 -6.16767763
566 -468.42279053 -6.16345777
567 -468.57049561 -6.16540126
568 -468.13531494 -6.15967520
569 -468.39456177 -6.16308634
570 -467.62207031 -6.15292198
571 -468.30709839 -6.16193551
572 -466.61138916 -6.13962354
573 -466.28829956 -6.13537236
574 -465.45037842 -6.12434708
575 -466.11038208 -6.13303134
576 -465.19515991 -6.12098895
577 -464.90136719 -6.11712325
578 -463.54855347 -6.09932307
579 -463.77883911 -6.10235315
580 -463.58593750 -6.09981497
581 -464.34246826 -6.10976932
582 -463.81710815 -6.10285669
583 -465.13677979 -6.12022079
584 -464.30322266 -6.10925293
585 -462.90112305 -6.09080425
586 -464.05364990 -6.10596908
587 -465.60580444 -6.12639216
588 -466.41323853 -6.13701630
589 -465.54699707 -6.12561838
590 -466.16394043 -6.13373606
591 -464.71603394 -6.11468466
592 -466.79177856 -6.14199709
593 -466.58242798 -6.13924247
594 -465.77023315 -6.12855570
595 -467.65881348 -6.15340544
596 -467.76724243 -6.15483214
597 -467.43994141 -6.15052554
