0 -394.57427979 -5.19176684
1 -394.60119629 -5.19212100
2 -394.62228394 -5.19239847
3 -394.63775635 -5.19260206
4 -394.65344238 -5.19280845
5 -394.66839600 -5.19300521
6 -394.68011475 -5.19315940
7 -394.69018555 -5.19329192
8 -394.70120239 -5.19343687
9 -394.70816040 -5.19352843
10 -394.71548462 -5.19362480
11 -394.72250366 -5.19371715
12 -394.72793579 -5.19378863
13 -394.73300171 -5.19385529
14 -394.73672485 -5.19390427
15 -394.74133301 -5.19396491
16 -394.74478149 -5.19401028
17 -394.74838257 -5.19405767
18 -394.75094604 -5.19409140
19 -394.75268555 -5.19411428
20 -394.75543213 -5.19415042
21 -394.75744629 -5.19417692
22 -394.75830078 -5.19418817
23 -394.76016235 -5.19421266
24 -394.76199341 -5.19423676
25 -394.76446533 -5.19426928
26 -394.76492310 -5.19427530
27 -394.76647949 -5.19429578
28 -394.76724243 -5.19430582
29 -394.76815796 -5.19431787
30 -394.77020264 -5.19434477
31 -394.77233887 -5.19437288
