0 -481.87005615 -6.69263967
1 -481.89813232 -6.69302962
2 -481.91357422 -6.69324409
3 -481.92269897 -6.69337082
4 -481.93203735 -6.69350052
5 -481.93731689 -6.69357385
6 -481.94287109 -6.69365099
7 -481.94680786 -6.69370566
8 -481.95086670 -6.69376204
9 -481.95428467 -6.69380951
10 -481.95700073 -6.69384723
11 -481.95941162 -6.69388072
12 -481.96151733 -6.69390996
13 -481.96435547 -6.69394938
14 -481.96612549 -6.69397397
15 -481.96780396 -6.69399728
16 -481.96987915 -6.69402610
17 -481.97161865 -6.69405026
18 -481.97317505 -6.69407188
19 -481.97424316 -6.69408671
20 -481.97558594 -6.69410536
21 -481.97656250 -6.69411892
22 -481.97851562 -6.69414605
23 -481.97967529 -6.69416216
24 -481.98120117 -6.69418335
25 -481.98266602 -6.69420369
26 -481.98330688 -6.69421260
27 -481.98419189 -6.69422489
28 -481.98507690 -6.69423718
29 -481.98590088 -6.69424862
30 -481.98733521 -6.69426854
31 -481.98831177 -6.69428211
32 -481.98937988 -6.69429694
33 -481.99002075 -6.69430584
34 -481.99057007 -6.69431347
35 -481.99179077 -6.69433043
36 -481.99264526 -6.69434230
37 -481.99340820 -6.69435289
38 -481.99465942 -6.69437027
39 -481.99526978 -6.69437875
40 -481.99673462 -6.69439909
41 -481.99731445 -6.69440715
42 -481.99795532 -6.69441605
43 -481.99826050 -6.69442028
44 -481.99911499 -6.69443215
45 -482.00018311 -6.69444699
46 -482.00039673 -6.69444995
47 -482.00039673 -6.69444995
48 -482.00115967 -6.69446055
49 -482.00143433 -6.69446437
50 -482.00192261 -6.69447115
51 -482.00238037 -6.69447751
52 -482.00265503 -6.69448132
53 -482.00363159 -6.69449488
54 -482.00421143 -6.69450294
55 -482.00491333 -6.69451269
56 -482.00592041 -6.69452667
57 -482.00650024 -6.69453473
58 -482.00686646 -6.69453981
59 -482.00753784 -6.69454914
60 -482.00793457 -6.69455465
61 -482.00854492 -6.69456312
62 -482.00897217 -6.69456906
63 -482.00924683 -6.69457287
64 -482.00991821 -6.69458220
65 -482.01016235 -6.69458559
66 -482.01086426 -6.69459534
67 -482.01116943 -6.69459958
68 -482.01141357 -6.69460297
69 -482.01263428 -6.69461992
