0 -539.52545166 -6.13097104
1 -539.54718018 -6.13121796
2 -539.56262207 -6.13139343
3 -539.57550049 -6.13153978
4 -539.58453369 -6.13164243
5 -539.59387207 -6.13174855
6 -539.60150146 -6.13183524
7 -539.60620117 -6.13188865
8 -539.61175537 -6.13195177
9 -539.61572266 -6.13199685
10 -539.61914062 -6.13203569
11 -539.62384033 -6.13208909
12 -539.62756348 -6.13213140
13 -539.63122559 -6.13217302
14 -539.63317871 -6.13219521
15 -539.63586426 -6.13222573
16 -539.63830566 -6.13225347
17 -539.64123535 -6.13228677
18 -539.64422607 -6.13232075
19 -539.64617920 -6.13234295
20 -539.64855957 -6.13237000
21 -539.64947510 -6.13238040
22 -539.65118408 -6.13239982
23 -539.65307617 -6.13242132
24 -539.65429688 -6.13243519
25 -539.65625000 -6.13245739
26 -539.65814209 -6.13247889
27 -539.65936279 -6.13249276
28 -539.66156006 -6.13251773
29 -539.66394043 -6.13254478
30 -539.66516113 -6.13255865
31 -539.66650391 -6.13257391
32 -539.66772461 -6.13258778
33 -539.66943359 -6.13260720
34 -539.67114258 -6.13262662
35 -539.67199707 -6.13263633
36 -539.67340088 -6.13265228
37 -539.67480469 -6.13266824
38 -539.67706299 -6.13269390
39 -539.67840576 -6.13270916
40 -539.68005371 -6.13272788
41 -539.68103027 -6.13273898
42 -539.68182373 -6.13274800
43 -539.68353271 -6.13276742
44 -539.68554688 -6.13279031
45 -539.68634033 -6.13279932
46 -539.68676758 -6.13280418
47 -539.68823242 -6.13282082
48 -539.69018555 -6.13284302
49 -539.69183350 -6.13286174
50 -539.69238281 -6.13286799
51 -539.69433594 -6.13289018
52 -539.69598389 -6.13290891
53 -539.69647217 -6.13291446
54 -539.69793701 -6.13293110
55 -539.69836426 -6.13293596
56 -539.70007324 -6.13295538
57 -539.70166016 -6.13297341
58 -539.70208740 -6.13297827
59 -539.70397949 -6.13299977
60 -539.70513916 -6.13301295
61 -539.70605469 -6.13302335
62 -539.70758057 -6.13304069
63 -539.70910645 -6.13305803
64 -539.70904541 -6.13305733
65 -539.71087646 -6.13307814
66 -539.71148682 -6.13308508
67 -539.71252441 -6.13309687
68 -539.71417236 -6.13311560
69 -539.71514893 -6.13312669
70 -539.71569824 -6.13313293
71 -539.71740723 -6.13315235
72 -539.71893311 -6.13316969
