0 -666.85534668 -6.41207064
1 -666.87945557 -6.41230246
2 -666.90100098 -6.41250962
3 -666.91955566 -6.41268804
4 -666.93695068 -6.41285530
5 -666.95227051 -6.41300260
6 -666.96655273 -6.41313993
7 -666.97912598 -6.41326083
8 -666.99108887 -6.41337585
9 -667.00140381 -6.41347504
10 -667.01141357 -6.41357128
11 -667.01928711 -6.41364699
12 -667.02746582 -6.41372563
13 -667.03411865 -6.41378960
14 -667.04052734 -6.41385122
15 -667.04504395 -6.41389465
16 -667.04956055 -6.41393808
17 -667.05346680 -6.41397564
18 -667.05712891 -6.41401085
19 -667.06030273 -6.41404137
20 -667.06372070 -6.41407424
21 -667.06555176 -6.41409184
22 -667.06744385 -6.41411004
23 -667.06884766 -6.41412354
24 -667.07000732 -6.41413469
25 -667.07189941 -6.41415288
26 -667.07269287 -6.41416051
27 -667.07446289 -6.41417753
28 -667.07458496 -6.41417870
29 -667.07629395 -6.41419513
30 -667.07696533 -6.41420159
31 -667.07781982 -6.41420981
32 -667.07824707 -6.41421391
33 -667.07891846 -6.41422037
34 -667.08020020 -6.41423269
35 -667.08020020 -6.41423269
36 -667.08154297 -6.41424561
37 -667.08209229 -6.41425089
38 -667.08190918 -6.41424913
39 -667.08221436 -6.41425206
40 -667.08227539 -6.41425265
41 -667.08258057 -6.41425558
42 -667.08221436 -6.41425206
43 -667.08251953 -6.41425500
44 -667.08343506 -6.41426380
45 -667.08392334 -6.41426849
46 -667.08380127 -6.41426732
47 -667.08374023 -6.41426673
48 -667.08367920 -6.41426615
49 -667.08380127 -6.41426732
50 -667.08374023 -6.41426673
51 -667.08374023 -6.41426673
52 -667.08349609 -6.41426439
53 -667.08453369 -6.41427436
54 -667.08477783 -6.41427671
55 -667.08526611 -6.41428140
56 -667.08483887 -6.41427730
57 -667.08581543 -6.41428669
58 -667.08605957 -6.41428903
59 -667.08581543 -6.41428669
60 -667.08605957 -6.41428903
61 -667.08636475 -6.41429197
62 -667.08557129 -6.41428434
63 -667.08605957 -6.41428903
64 -667.08593750 -6.41428786
65 -667.08483887 -6.41427730
66 -667.08618164 -6.41429021
67 -667.08605957 -6.41428903
68 -667.08679199 -6.41429608
69 -667.08636475 -6.41429197
70 -667.08636475 -6.41429197
71 -667.08703613 -6.41429842
72 -667.08679199 -6.41429608
73 -667.08660889 -6.41429432
74 -667.08648682 -6.41429314
75 -667.08764648 -6.41430429
76 -667.08752441 -6.41430312
77 -667.08782959 -6.41430605
78 -667.08856201 -6.41431310
79 -667.08837891 -6.41431134
80 -667.08850098 -6.41431251
81 -667.08843994 -6.41431192
82 -667.08825684 -6.41431016
83 -667.08837891 -6.41431134
84 -667.08795166 -6.41430723
85 -667.08843994 -6.41431192
86 -667.08874512 -6.41431486
87 -667.08874512 -6.41431486
88 -667.08917236 -6.41431897
89 -667.08880615 -6.41431544
90 -667.08947754 -6.41432190
91 -667.08911133 -6.41431838
92 -667.08917236 -6.41431897
93 -667.08923340 -6.41431955
94 -667.08947754 -6.41432190
95 -667.08959961 -6.41432307
96 -667.08947754 -6.41432190
97 -667.08905029 -6.41431779
98 -667.08935547 -6.41432073
99 -667.08935547 -6.41432073
100 -667.08966064 -6.41432366
101 -667.08972168 -6.41432425
102 -667.08959961 -6.41432307
103 -667.08972168 -6.41432425
104 -667.08953857 -6.41432249
105 -667.08972168 -6.41432425
106 -667.08923340 -6.41431955
107 -667.09008789 -6.41432777
108 -667.09014893 -6.41432836
109 -667.09014893 -6.41432836
110 -667.09033203 -6.41433012
111 -667.08996582 -6.41432659
112 -667.09027100 -6.41432953
113 -667.09082031 -6.41433481
114 -667.09033203 -6.41433012
115 -667.09118652 -6.41433833
116 -667.09143066 -6.41434068
117 -667.09106445 -6.41433716
118 -667.09094238 -6.41433598
119 -667.09094238 -6.41433598
120 -667.09149170 -6.41434127
121 -667.09124756 -6.41433892
122 -667.09155273 -6.41434185
123 -667.09130859 -6.41433951
124 -667.09118652 -6.41433833
125 -667.09118652 -6.41433833
126 -667.09082031 -6.41433481
127 -667.09100342 -6.41433657
128 -667.09161377 -6.41434244
129 -667.09185791 -6.41434479
130 -667.09167480 -6.41434303
131 -667.09130859 -6.41433951
132 -667.09082031 -6.41433481
133 -667.09112549 -6.41433775
134 -667.09143066 -6.41434068
135 -667.09155273 -6.41434185
136 -667.09039307 -6.41433070
137 -667.09118652 -6.41433833
138 -667.09179688 -6.41434420
139 -667.09204102 -6.41434655
140 -667.09185791 -6.41434479
141 -667.09143066 -6.41434068
142 -667.09130859 -6.41433951
143 -667.09143066 -6.41434068
144 -667.09149170 -6.41434127
145 -667.09124756 -6.41433892
146 -667.09167480 -6.41434303
147 -667.09130859 -6.41433951
148 -667.09173584 -6.41434361
149 -667.09216309 -6.41434772
150 -667.09155273 -6.41434185
151 -667.09179688 -6.41434420
152 -667.09143066 -6.41434068
153 -667.09082031 -6.41433481
154 -667.09106445 -6.41433716
155 -667.09143066 -6.41434068
156 -667.09167480 -6.41434303
157 -667.09191895 -6.41434537
158 -667.09179688 -6.41434420
159 -667.09167480 -6.41434303
160 -667.09161377 -6.41434244
161 -667.09167480 -6.41434303
162 -667.09155273 -6.41434185
163 -667.09216309 -6.41434772
164 -667.09191895 -6.41434537
165 -667.09210205 -6.41434714
166 -667.09191895 -6.41434537
167 -667.09167480 -6.41434303
168 -667.09240723 -6.41435007
169 -667.09216309 -6.41434772
170 -667.09204102 -6.41434655
171 -667.09136963 -6.41434009
172 -667.09155273 -6.41434185
173 -667.09204102 -6.41434655
174 -667.09216309 -6.41434772
175 -667.09173584 -6.41434361
176 -667.09149170 -6.41434127
177 -667.09118652 -6.41433833
178 -667.09143066 -6.41434068
179 -667.09118652 -6.41433833
180 -667.09088135 -6.41433540
181 -667.09045410 -6.41433129
182 -667.09057617 -6.41433246
183 -667.09069824 -6.41433364
184 -667.09051514 -6.41433188
185 -667.09033203 -6.41433012
186 -667.09069824 -6.41433364
187 -667.09130859 -6.41433951
188 -667.09088135 -6.41433540
189 -667.09112549 -6.41433775
190 -667.09118652 -6.41433833
191 -667.09094238 -6.41433598
192 -667.09063721 -6.41433305
193 -667.09143066 -6.41434068
194 -667.09082031 -6.41433481
195 -667.09069824 -6.41433364
196 -667.09100342 -6.41433657
197 -667.09130859 -6.41433951
198 -667.09118652 -6.41433833
199 -667.09130859 -6.41433951
200 -667.09100342 -6.41433657
201 -667.09069824 -6.41433364
202 -667.09069824 -6.41433364
203 -667.09020996 -6.41432894
204 -667.08972168 -6.41432425
205 -667.08984375 -6.41432542
206 -667.08996582 -6.41432659
207 -667.09020996 -6.41432894
208 -667.09039307 -6.41433070
209 -667.09045410 -6.41433129
210 -667.09057617 -6.41433246
211 -667.09069824 -6.41433364
212 -667.09051514 -6.41433188
213 -667.09033203 -6.41433012
214 -667.09082031 -6.41433481
215 -667.09088135 -6.41433540
216 -667.09124756 -6.41433892
217 -667.09082031 -6.41433481
218 -667.09069824 -6.41433364
219 -667.09069824 -6.41433364
220 -667.09075928 -6.41433422
221 -667.09118652 -6.41433833
222 -667.09020996 -6.41432894
223 -667.09033203 -6.41433012
224 -667.09051514 -6.41433188
225 -667.08996582 -6.41432659
226 -667.08972168 -6.41432425
227 -667.09020996 -6.41432894
228 -667.08941650 -6.41432131
229 -667.08880615 -6.41431544
230 -667.08959961 -6.41432307
231 -667.08923340 -6.41431955
232 -667.08923340 -6.41431955
233 -667.08959961 -6.41432307
234 -667.08972168 -6.41432425
235 -667.08959961 -6.41432307
236 -667.08990479 -6.41432601
237 -667.08972168 -6.41432425
238 -667.08996582 -6.41432659
239 -667.09045410 -6.41433129
240 -667.09027100 -6.41432953
241 -667.09014893 -6.41432836
242 -667.08984375 -6.41432542
243 -667.08984375 -6.41432542
244 -667.08941650 -6.41432131
245 -667.08984375 -6.41432542
246 -667.08947754 -6.41432190
247 -667.08959961 -6.41432307
248 -667.08996582 -6.41432659
249 -667.08886719 -6.41431603
250 -667.08947754 -6.41432190
251 -667.08959961 -6.41432307
252 -667.08959961 -6.41432307
253 -667.08996582 -6.41432659
254 -667.08972168 -6.41432425
255 -667.08972168 -6.41432425
256 -667.08972168 -6.41432425
257 -667.08972168 -6.41432425
258 -667.09008789 -6.41432777
259 -667.08984375 -6.41432542
260 -667.08996582 -6.41432659
261 -667.09033203 -6.41433012
262 -667.09045410 -6.41433129
263 -667.09020996 -6.41432894
264 -667.09033203 -6.41433012
265 -667.09063721 -6.41433305
266 -667.09033203 -6.41433012
267 -667.08959961 -6.41432307
268 -667.09020996 -6.41432894
269 -667.09027100 -6.41432953
270 -667.09008789 -6.41432777
271 -667.08959961 -6.41432307
272 -667.08978271 -6.41432483
273 -667.09008789 -6.41432777
274 -667.09020996 -6.41432894
275 -667.08972168 -6.41432425
276 -667.08966064 -6.41432366
277 -667.09051514 -6.41433188
278 -667.09008789 -6.41432777
279 -667.08996582 -6.41432659
280 -667.08978271 -6.41432483
281 -667.08996582 -6.41432659
282 -667.08959961 -6.41432307
283 -667.08935547 -6.41432073
284 -667.08929443 -6.41432014
285 -667.08941650 -6.41432131
286 -667.08935547 -6.41432073
287 -667.08935547 -6.41432073
288 -667.08856201 -6.41431310
289 -667.08880615 -6.41431544
290 -667.08764648 -6.41430429
291 -667.08862305 -6.41431368
292 -667.08874512 -6.41431486
293 -667.08801270 -6.41430781
294 -667.08740234 -6.41430195
295 -667.08801270 -6.41430781
296 -667.08770752 -6.41430488
297 -667.08837891 -6.41431134
298 -667.08837891 -6.41431134
299 -667.08789062 -6.41430664
300 -667.08801270 -6.41430781
301 -667.08801270 -6.41430781
302 -667.08740234 -6.41430195
303 -667.08740234 -6.41430195
304 -667.08776855 -6.41430547
305 -667.08746338 -6.41430253
306 -667.08752441 -6.41430312
307 -667.08734131 -6.41430136
308 -667.08715820 -6.41429960
309 -667.08679199 -6.41429608
310 -667.08642578 -6.41429256
311 -667.08630371 -6.41429138
312 -667.08654785 -6.41429373
313 -667.08679199 -6.41429608
314 -667.08642578 -6.41429256
315 -667.08666992 -6.41429490
316 -667.08630371 -6.41429138
317 -667.08654785 -6.41429373
318 -667.08618164 -6.41429021
319 -667.08630371 -6.41429138
320 -667.08575439 -6.41428610
321 -667.08569336 -6.41428551
322 -667.08520508 -6.41428082
323 -667.08581543 -6.41428669
324 -667.08557129 -6.41428434
325 -667.08557129 -6.41428434
326 -667.08520508 -6.41428082
327 -667.08471680 -6.41427612
328 -667.08459473 -6.41427495
329 -667.08441162 -6.41427319
330 -667.08532715 -6.41428199
331 -667.08551025 -6.41428375
332 -667.08526611 -6.41428140
333 -667.08538818 -6.41428258
334 -667.08605957 -6.41428903
335 -667.08599854 -6.41428845
336 -667.08593750 -6.41428786
337 -667.08636475 -6.41429197
338 -667.08654785 -6.41429373
339 -667.08630371 -6.41429138
340 -667.08587646 -6.41428727
341 -667.08605957 -6.41428903
342 -667.08654785 -6.41429373
343 -667.08654785 -6.41429373
344 -667.08660889 -6.41429432
345 -667.08691406 -6.41429725
346 -667.08666992 -6.41429490
347 -667.08624268 -6.41429079
348 -667.08642578 -6.41429256
349 -667.08642578 -6.41429256
350 -667.08618164 -6.41429021
351 -667.08630371 -6.41429138
352 -667.08551025 -6.41428375
353 -667.08605957 -6.41428903
354 -667.08544922 -6.41428317
355 -667.08557129 -6.41428434
356 -667.08508301 -6.41427964
357 -667.08551025 -6.41428375
358 -667.08496094 -6.41427847
359 -667.08465576 -6.41427554
360 -667.08520508 -6.41428082
361 -667.08544922 -6.41428317
362 -667.08544922 -6.41428317
363 -667.08532715 -6.41428199
364 -667.08551025 -6.41428375
365 -667.08514404 -6.41428023
366 -667.08520508 -6.41428082
367 -667.08496094 -6.41427847
368 -667.08538818 -6.41428258
369 -667.08508301 -6.41427964
370 -667.08532715 -6.41428199
371 -667.08496094 -6.41427847
372 -667.08459473 -6.41427495
373 -667.08422852 -6.41427143
374 -667.08422852 -6.41427143
375 -667.08471680 -6.41427612
376 -667.08477783 -6.41427671
377 -667.08404541 -6.41426967
378 -667.08337402 -6.41426321
379 -667.08392334 -6.41426849
380 -667.08465576 -6.41427554
381 -667.08380127 -6.41426732
382 -667.08447266 -6.41427378
383 -667.08398438 -6.41426908
384 -667.08435059 -6.41427260
385 -667.08398438 -6.41426908
386 -667.08422852 -6.41427143
387 -667.08422852 -6.41427143
388 -667.08441162 -6.41427319
389 -667.08374023 -6.41426673
390 -667.08325195 -6.41426204
391 -667.08288574 -6.41425852
392 -667.08294678 -6.41425910
393 -667.08361816 -6.41426556
394 -667.08386230 -6.41426791
395 -667.08398438 -6.41426908
396 -667.08410645 -6.41427025
397 -667.08416748 -6.41427084
398 -667.08374023 -6.41426673
399 -667.08374023 -6.41426673
400 -667.08361816 -6.41426556
401 -667.08435059 -6.41427260
402 -667.08398438 -6.41426908
403 -667.08398438 -6.41426908
404 -667.08361816 -6.41426556
405 -667.08410645 -6.41427025
406 -667.08325195 -6.41426204
407 -667.08386230 -6.41426791
408 -667.08374023 -6.41426673
409 -667.08331299 -6.41426262
410 -667.08300781 -6.41425969
411 -667.08276367 -6.41425734
412 -667.08361816 -6.41426556
413 -667.08367920 -6.41426615
414 -667.08337402 -6.41426321
415 -667.08312988 -6.41426086
416 -667.08282471 -6.41425793
417 -667.08288574 -6.41425852
418 -667.08288574 -6.41425852
419 -667.08264160 -6.41425617
420 -667.08300781 -6.41425969
421 -667.08325195 -6.41426204
422 -667.08349609 -6.41426439
423 -667.08325195 -6.41426204
424 -667.08367920 -6.41426615
425 -667.08428955 -6.41427201
426 -667.08398438 -6.41426908
427 -667.08398438 -6.41426908
428 -667.08367920 -6.41426615
429 -667.08319092 -6.41426145
430 -667.08312988 -6.41426086
431 -667.08325195 -6.41426204
432 -667.08312988 -6.41426086
433 -667.08337402 -6.41426321
434 -667.08239746 -6.41425382
435 -667.08288574 -6.41425852
436 -667.08319092 -6.41426145
437 -667.08221436 -6.41425206
438 -667.08215332 -6.41425147
439 -667.08264160 -6.41425617
440 -667.08245850 -6.41425441
441 -667.08306885 -6.41426028
442 -667.08276367 -6.41425734
443 -667.08300781 -6.41425969
444 -667.08312988 -6.41426086
445 -667.08355713 -6.41426497
446 -667.08276367 -6.41425734
447 -667.08276367 -6.41425734
448 -667.08312988 -6.41426086
449 -667.08227539 -6.41425265
450 -667.08349609 -6.41426439
451 -667.08349609 -6.41426439
452 -667.08312988 -6.41426086
453 -667.08367920 -6.41426615
454 -667.08349609 -6.41426439
455 -667.08306885 -6.41426028
456 -667.08319092 -6.41426145
457 -667.08404541 -6.41426967
458 -667.08361816 -6.41426556
459 -667.08367920 -6.41426615
460 -667.08404541 -6.41426967
461 -667.08410645 -6.41427025
462 -667.08422852 -6.41427143
463 -667.08361816 -6.41426556
464 -667.08374023 -6.41426673
465 -667.08398438 -6.41426908
466 -667.08398438 -6.41426908
467 -667.08447266 -6.41427378
468 -667.08374023 -6.41426673
469 -667.08398438 -6.41426908
470 -667.08398438 -6.41426908
471 -667.08422852 -6.41427143
472 -667.08355713 -6.41426497
473 -667.08374023 -6.41426673
474 -667.08410645 -6.41427025
475 -667.08386230 -6.41426791
476 -667.08410645 -6.41427025
477 -667.08435059 -6.41427260
478 -667.08447266 -6.41427378
479 -667.08471680 -6.41427612
480 -667.08489990 -6.41427788
481 -667.08514404 -6.41428023
482 -667.08508301 -6.41427964
483 -667.08532715 -6.41428199
484 -667.08489990 -6.41427788
485 -667.08520508 -6.41428082
486 -667.08483887 -6.41427730
487 -667.08502197 -6.41427906
488 -667.08520508 -6.41428082
489 -667.08557129 -6.41428434
490 -667.08532715 -6.41428199
491 -667.08520508 -6.41428082
492 -667.08532715 -6.41428199
493 -667.08532715 -6.41428199
494 -667.08532715 -6.41428199
495 -667.08581543 -6.41428669
496 -667.08563232 -6.41428493
497 -667.08563232 -6.41428493
498 -667.08557129 -6.41428434
499 -667.08618164 -6.41429021
500 -667.08642578 -6.41429256
501 -667.08642578 -6.41429256
502 -667.08666992 -6.41429490
503 -667.08666992 -6.41429490
504 -667.08660889 -6.41429432
505 -667.08666992 -6.41429490
506 -667.08642578 -6.41429256
507 -667.08581543 -6.41428669
508 -667.08532715 -6.41428199
509 -667.08532715 -6.41428199
510 -667.08569336 -6.41428551
511 -667.08557129 -6.41428434
512 -667.08575439 -6.41428610
513 -667.08587646 -6.41428727
514 -667.08483887 -6.41427730
515 -667.08489990 -6.41427788
516 -667.08526611 -6.41428140
517 -667.08520508 -6.41428082
518 -667.08557129 -6.41428434
519 -667.08520508 -6.41428082
520 -667.08459473 -6.41427495
521 -667.08483887 -6.41427730
522 -667.08447266 -6.41427378
523 -667.08435059 -6.41427260
524 -667.08508301 -6.41427964
525 -667.08441162 -6.41427319
526 -667.08422852 -6.41427143
527 -667.08398438 -6.41426908
528 -667.08380127 -6.41426732
529 -667.08380127 -6.41426732
530 -667.08398438 -6.41426908
531 -667.08386230 -6.41426791
532 -667.08441162 -6.41427319
533 -667.08349609 -6.41426439
534 -667.08422852 -6.41427143
535 -667.08459473 -6.41427495
536 -667.08483887 -6.41427730
537 -667.08477783 -6.41427671
538 -667.08483887 -6.41427730
539 -667.08428955 -6.41427201
540 -667.08502197 -6.41427906
541 -667.08483887 -6.41427730
542 -667.08544922 -6.41428317
543 -667.08563232 -6.41428493
544 -667.08526611 -6.41428140
545 -667.08538818 -6.41428258
546 -667.08532715 -6.41428199
547 -667.08465576 -6.41427554
548 -667.08453369 -6.41427436
549 -667.08502197 -6.41427906
550 -667.08496094 -6.41427847
551 -667.08422852 -6.41427143
552 -667.08483887 -6.41427730
553 -667.08538818 -6.41428258
554 -667.08532715 -6.41428199
555 -667.08508301 -6.41427964
556 -667.08532715 -6.41428199
557 -667.08514404 -6.41428023
558 -667.08532715 -6.41428199
559 -667.08544922 -6.41428317
560 -667.08471680 -6.41427612
561 -667.08483887 -6.41427730
562 -667.08471680 -6.41427612
563 -667.08459473 -6.41427495
564 -667.08514404 -6.41428023
565 -667.08593750 -6.41428786
566 -667.08532715 -6.41428199
567 -667.08581543 -6.41428669
568 -667.08575439 -6.41428610
569 -667.08569336 -6.41428551
570 -667.08581543 -6.41428669
571 -667.08642578 -6.41429256
572 -667.08648682 -6.41429314
573 -667.08709717 -6.41429901
574 -667.08715820 -6.41429960
575 -667.08654785 -6.41429373
576 -667.08673096 -6.41429549
577 -667.08679199 -6.41429608
578 -667.08618164 -6.41429021
579 -667.08642578 -6.41429256
580 -667.08642578 -6.41429256
581 -667.08599854 -6.41428845
582 -667.08630371 -6.41429138
583 -667.08551025 -6.41428375
584 -667.08569336 -6.41428551
585 -667.08581543 -6.41428669
586 -667.08557129 -6.41428434
587 -667.08593750 -6.41428786
588 -667.08612061 -6.41428962
589 -667.08612061 -6.41428962
590 -667.08654785 -6.41429373
591 -667.08679199 -6.41429608
592 -667.08673096 -6.41429549
593 -667.08666992 -6.41429490
594 -667.08654785 -6.41429373
595 -667.08666992 -6.41429490
596 -667.08612061 -6.41428962
597 -667.08630371 -6.41429138
598 -667.08618164 -6.41429021
599 -667.08557129 -6.41428434
600 -667.08532715 -6.41428199
601 -667.08496094 -6.41427847
602 -667.08532715 -6.41428199
603 -667.08538818 -6.41428258
604 -667.08471680 -6.41427612
605 -667.08435059 -6.41427260
606 -667.08398438 -6.41426908
607 -667.08447266 -6.41427378
608 -667.08410645 -6.41427025
609 -667.08435059 -6.41427260
610 -667.08422852 -6.41427143
611 -667.08435059 -6.41427260
612 -667.08477783 -6.41427671
613 -667.08459473 -6.41427495
614 -667.08447266 -6.41427378
615 -667.08447266 -6.41427378
616 -667.08404541 -6.41426967
617 -667.08465576 -6.41427554
618 -667.08459473 -6.41427495
619 -667.08428955 -6.41427201
620 -667.08447266 -6.41427378
621 -667.08465576 -6.41427554
622 -667.08410645 -6.41427025
623 -667.08398438 -6.41426908
624 -667.08441162 -6.41427319
625 -667.08459473 -6.41427495
626 -667.08447266 -6.41427378
627 -667.08386230 -6.41426791
628 -667.08416748 -6.41427084
629 -667.08441162 -6.41427319
630 -667.08435059 -6.41427260
631 -667.08471680 -6.41427612
632 -667.08441162 -6.41427319
633 -667.08374023 -6.41426673
634 -667.08459473 -6.41427495
635 -667.08447266 -6.41427378
636 -667.08435059 -6.41427260
637 -667.08428955 -6.41427201
638 -667.08422852 -6.41427143
639 -667.08459473 -6.41427495
640 -667.08502197 -6.41427906
641 -667.08502197 -6.41427906
642 -667.08435059 -6.41427260
643 -667.08404541 -6.41426967
644 -667.08453369 -6.41427436
645 -667.08471680 -6.41427612
646 -667.08471680 -6.41427612
647 -667.08471680 -6.41427612
648 -667.08465576 -6.41427554
649 -667.08447266 -6.41427378
650 -667.08459473 -6.41427495
651 -667.08520508 -6.41428082
652 -667.08508301 -6.41427964
653 -667.08551025 -6.41428375
654 -667.08532715 -6.41428199
655 -667.08538818 -6.41428258
656 -667.08557129 -6.41428434
657 -667.08538818 -6.41428258
658 -667.08520508 -6.41428082
659 -667.08544922 -6.41428317
660 -667.08502197 -6.41427906
661 -667.08489990 -6.41427788
662 -667.08496094 -6.41427847
663 -667.08489990 -6.41427788
664 -667.08514404 -6.41428023
665 -667.08569336 -6.41428551
666 -667.08532715 -6.41428199
667 -667.08575439 -6.41428610
668 -667.08532715 -6.41428199
669 -667.08532715 -6.41428199
670 -667.08520508 -6.41428082
671 -667.08532715 -6.41428199
672 -667.08514404 -6.41428023
673 -667.08538818 -6.41428258
674 -667.08496094 -6.41427847
675 -667.08538818 -6.41428258
676 -667.08508301 -6.41427964
677 -667.08563232 -6.41428493
678 -667.08508301 -6.41427964
679 -667.08581543 -6.41428669
680 -667.08569336 -6.41428551
681 -667.08563232 -6.41428493
682 -667.08569336 -6.41428551
683 -667.08636475 -6.41429197
684 -667.08673096 -6.41429549
685 -667.08624268 -6.41429079
686 -667.08581543 -6.41428669
687 -667.08532715 -6.41428199
688 -667.08514404 -6.41428023
689 -667.08538818 -6.41428258
690 -667.08496094 -6.41427847
691 -667.08514404 -6.41428023
692 -667.08544922 -6.41428317
693 -667.08557129 -6.41428434
694 -667.08557129 -6.41428434
695 -667.08557129 -6.41428434
696 -667.08587646 -6.41428727
697 -667.08551025 -6.41428375
698 -667.08544922 -6.41428317
699 -667.08612061 -6.41428962
