0 -376.44705200 -5.97535003
1 -376.46646118 -5.97565811
2 -376.48025513 -5.97587707
3 -376.48904419 -5.97601657
4 -376.49578857 -5.97612363
5 -376.50134277 -5.97621179
6 -376.50665283 -5.97629608
7 -376.51138306 -5.97637116
8 -376.51568604 -5.97643946
9 -376.51953125 -5.97650050
10 -376.52276611 -5.97655184
11 -376.52600098 -5.97660319
12 -376.52871704 -5.97664630
13 -376.53192139 -5.97669716
14 -376.53494263 -5.97674512
15 -376.53790283 -5.97679211
16 -376.54046631 -5.97683280
17 -376.54296875 -5.97687252
18 -376.54562378 -5.97691466
19 -376.54785156 -5.97695002
20 -376.55041504 -5.97699071
21 -376.55203247 -5.97701639
22 -376.55450439 -5.97705563
23 -376.55682373 -5.97709244
