0 -551.27087402 -6.89088593
1 -551.27429199 -6.89092865
2 -551.27783203 -6.89097290
3 -551.28143311 -6.89101791
4 -551.28344727 -6.89104309
5 -551.28503418 -6.89106293
6 -551.28637695 -6.89107971
7 -551.28796387 -6.89109955
8 -551.28973389 -6.89112167
9 -551.29058838 -6.89113235
10 -551.29107666 -6.89113846
11 -551.29217529 -6.89115219
12 -551.29339600 -6.89116745
13 -551.29443359 -6.89118042
14 -551.29516602 -6.89118958
15 -551.29626465 -6.89120331
16 -551.29632568 -6.89120407
17 -551.29730225 -6.89121628
18 -551.29785156 -6.89122314
19 -551.29876709 -6.89123459
20 -551.29943848 -6.89124298
21 -551.30004883 -6.89125061
22 -551.30090332 -6.89126129
23 -551.30084229 -6.89126053
24 -551.30157471 -6.89126968
25 -551.30261230 -6.89128265
26 -551.30303955 -6.89128799
27 -551.30279541 -6.89128494
28 -551.30334473 -6.89129181
29 -551.30395508 -6.89129944
30 -551.30389404 -6.89129868
31 -551.30426025 -6.89130325
32 -551.30511475 -6.89131393
33 -551.30566406 -6.89132080
34 -551.30639648 -6.89132996
35 -551.30670166 -6.89133377
36 -551.30767822 -6.89134598
37 -551.30749512 -6.89134369
38 -551.30828857 -6.89135361
39 -551.30853271 -6.89135666
40 -551.30895996 -6.89136200
41 -551.30932617 -6.89136658
42 -551.30963135 -6.89137039
43 -551.31036377 -6.89137955
44 -551.31091309 -6.89138641
45 -551.31018066 -6.89137726
46 -551.31085205 -6.89138565
47 -551.31072998 -6.89138412
48 -551.31164551 -6.89139557
49 -551.31176758 -6.89139709
50 -551.31262207 -6.89140778
51 -551.31262207 -6.89140778
52 -551.31274414 -6.89140930
53 -551.31298828 -6.89141235
54 -551.31408691 -6.89142609
55 -551.31311035 -6.89141388
56 -551.31384277 -6.89142303
57 -551.31420898 -6.89142761
58 -551.31451416 -6.89143143
59 -551.31481934 -6.89143524
60 -551.31567383 -6.89144592
61 -551.31567383 -6.89144592
62 -551.31597900 -6.89144974
63 -551.31591797 -6.89144897
64 -551.31628418 -6.89145355
65 -551.31616211 -6.89145203
66 -551.31738281 -6.89146729
67 -551.31707764 -6.89146347
68 -551.31793213 -6.89147415
69 -551.31774902 -6.89147186
70 -551.31787109 -6.89147339
71 -551.31817627 -6.89147720
72 -551.31860352 -6.89148254
73 -551.31799316 -6.89147491
74 -551.31878662 -6.89148483
75 -551.31964111 -6.89149551
76 -551.31939697 -6.89149246
77 -551.31933594 -6.89149170
78 -551.31939697 -6.89149246
79 -551.32037354 -6.89150467
80 -551.32019043 -6.89150238
81 -551.32080078 -6.89151001
82 -551.32098389 -6.89151230
83 -551.32116699 -6.89151459
84 -551.32092285 -6.89151154
85 -551.32147217 -6.89151840
86 -551.32153320 -6.89151917
87 -551.32196045 -6.89152451
88 -551.32238770 -6.89152985
89 -551.32287598 -6.89153595
90 -551.32226562 -6.89152832
91 -551.32165527 -6.89152069
92 -551.32275391 -6.89153442
93 -551.32312012 -6.89153900
94 -551.32275391 -6.89153442
95 -551.32379150 -6.89154739
96 -551.32342529 -6.89154282
97 -551.32385254 -6.89154816
98 -551.32421875 -6.89155273
99 -551.32385254 -6.89154816
100 -551.32415771 -6.89155197
101 -551.32446289 -6.89155579
102 -551.32489014 -6.89156113
103 -551.32470703 -6.89155884
104 -551.32525635 -6.89156570
105 -551.32543945 -6.89156799
106 -551.32513428 -6.89156418
107 -551.32519531 -6.89156494
108 -551.32525635 -6.89156570
109 -551.32531738 -6.89156647
110 -551.32604980 -6.89157562
111 -551.32604980 -6.89157562
112 -551.32714844 -6.89158936
113 -551.32739258 -6.89159241
114 -551.32751465 -6.89159393
115 -551.32769775 -6.89159622
116 -551.32751465 -6.89159393
117 -551.32745361 -6.89159317
118 -551.32739258 -6.89159241
119 -551.32769775 -6.89159622
120 -551.32830811 -6.89160385
121 -551.32824707 -6.89160309
122 -551.32818604 -6.89160233
123 -551.32885742 -6.89161072
124 -551.32904053 -6.89161301
125 -551.32891846 -6.89161148
126 -551.32897949 -6.89161224
127 -551.32946777 -6.89161835
128 -551.32940674 -6.89161758
129 -551.32934570 -6.89161682
130 -551.32971191 -6.89162140
131 -551.32958984 -6.89161987
132 -551.32958984 -6.89161987
133 -551.32958984 -6.89161987
134 -551.32983398 -6.89162292
135 -551.33050537 -6.89163132
136 -551.32928467 -6.89161606
137 -551.32965088 -6.89162064
138 -551.33062744 -6.89163284
139 -551.33087158 -6.89163589
140 -551.32958984 -6.89161987
141 -551.33142090 -6.89164276
142 -551.33160400 -6.89164505
143 -551.33184814 -6.89164810
144 -551.33215332 -6.89165192
145 -551.33154297 -6.89164429
146 -551.33172607 -6.89164658
147 -551.33276367 -6.89165955
