0 -655.35906982 -6.97190500
1 -655.43017578 -6.97266144
2 -655.49511719 -6.97335231
3 -655.54730225 -6.97390747
4 -655.58770752 -6.97433731
5 -655.61761475 -6.97465548
6 -655.63836670 -6.97487624
7 -655.65728760 -6.97507753
8 -655.67193604 -6.97523336
9 -655.68243408 -6.97534504
10 -655.69238281 -6.97545088
11 -655.69964600 -6.97552815
12 -655.70660400 -6.97560217
13 -655.71173096 -6.97565671
14 -655.71716309 -6.97571450
15 -655.72351074 -6.97578203
16 -655.72808838 -6.97583073
17 -655.73272705 -6.97588008
18 -655.73687744 -6.97592423
19 -655.74053955 -6.97596319
20 -655.74420166 -6.97600215
21 -655.74804688 -6.97604305
22 -655.75085449 -6.97607292
23 -655.75427246 -6.97610928
24 -655.75769043 -6.97614564
25 -655.76068115 -6.97617746
26 -655.76306152 -6.97620278
27 -655.76550293 -6.97622875
28 -655.76812744 -6.97625667
29 -655.77111816 -6.97628849
30 -655.77313232 -6.97630992
31 -655.77618408 -6.97634238
32 -655.77795410 -6.97636121
33 -655.77966309 -6.97637939
34 -655.78173828 -6.97640147
35 -655.78314209 -6.97641641
36 -655.78558350 -6.97644238
37 -655.78802490 -6.97646835
38 -655.78869629 -6.97647549
39 -655.78997803 -6.97648913
40 -655.79193115 -6.97650991
41 -655.79345703 -6.97652614
42 -655.79541016 -6.97654692
43 -655.79724121 -6.97656640
44 -655.79882812 -6.97658328
45 -655.79956055 -6.97659107
46 -655.80169678 -6.97661380
47 -655.80242920 -6.97662159
48 -655.80346680 -6.97663263
49 -655.80480957 -6.97664691
50 -655.80603027 -6.97665990
51 -655.80804443 -6.97668132
