0 -450.22717285 -7.03479958
1 -450.25946045 -7.03530407
2 -450.28115845 -7.03564310
3 -450.29739380 -7.03589678
4 -450.31091309 -7.03610802
5 -450.32440186 -7.03631878
6 -450.33941650 -7.03655338
7 -450.35217285 -7.03675270
8 -450.36376953 -7.03693390
9 -450.37594604 -7.03712416
10 -450.38833618 -7.03731775
11 -450.39935303 -7.03748989
12 -450.40914917 -7.03764296
13 -450.42056274 -7.03782129
14 -450.43124390 -7.03798819
15 -450.44226074 -7.03816032
16 -450.45324707 -7.03833199
17 -450.46343994 -7.03849125
18 -450.47375488 -7.03865242
19 -450.48400879 -7.03881264
20 -450.49392700 -7.03896761
21 -450.50277710 -7.03910589
22 -450.51196289 -7.03924942
23 -450.52160645 -7.03940010
24 -450.53125000 -7.03955078
25 -450.53970337 -7.03968287
26 -450.54907227 -7.03982925
27 -450.55715942 -7.03995562
28 -450.56646729 -7.04010105
29 -450.57434082 -7.04022408
30 -450.58291626 -7.04035807
31 -450.59094238 -7.04048347
32 -450.59936523 -7.04061508
33 -450.60748291 -7.04074192
34 -450.61520386 -7.04086256
35 -450.62368774 -7.04099512
36 -450.63189697 -7.04112339
37 -450.63888550 -7.04123259
38 -450.64672852 -7.04135513
39 -450.65386963 -7.04146671
40 -450.66094971 -7.04157734
41 -450.66690063 -7.04167032
42 -450.67459106 -7.04179049
43 -450.68151855 -7.04189873
44 -450.68865967 -7.04201031
45 -450.69586182 -7.04212284
46 -450.70315552 -7.04223680
47 -450.70910645 -7.04232979
48 -450.71606445 -7.04243851
49 -450.72222900 -7.04253483
50 -450.72872925 -7.04263639
51 -450.73449707 -7.04272652
52 -450.74182129 -7.04284096
53 -450.74688721 -7.04292011
54 -450.75329590 -7.04302025
55 -450.76007080 -7.04312611
56 -450.76614380 -7.04322100
57 -450.77230835 -7.04331732
58 -450.77801514 -7.04340649
59 -450.78366089 -7.04349470
60 -450.78918457 -7.04358101
61 -450.79489136 -7.04367018
62 -450.80084229 -7.04376316
63 -450.80603027 -7.04384422
64 -450.81127930 -7.04392624
65 -450.81649780 -7.04400778
66 -450.82150269 -7.04408598
67 -450.82586670 -7.04415417
68 -450.83093262 -7.04423332
69 -450.83557129 -7.04430580
70 -450.84109497 -7.04439211
71 -450.84640503 -7.04447508
72 -450.85101318 -7.04454708
73 -450.85494995 -7.04460859
74 -450.85998535 -7.04468727
75 -450.86410522 -7.04475164
76 -450.86843872 -7.04481936
77 -450.87261963 -7.04488468
78 -450.87664795 -7.04494762
79 -450.88104248 -7.04501629
80 -450.88610840 -7.04509544
81 -450.89025879 -7.04516029
82 -450.89450073 -7.04522657
83 -450.89822388 -7.04528475
84 -450.90203857 -7.04534435
85 -450.90670776 -7.04541731
86 -450.91122437 -7.04548788
87 -450.91531372 -7.04555178
88 -450.91885376 -7.04560709
89 -450.92324829 -7.04567575
90 -450.92706299 -7.04573536
91 -450.93121338 -7.04580021
92 -450.93457031 -7.04585266
93 -450.93814087 -7.04590845
94 -450.94223022 -7.04597235
95 -450.94625854 -7.04603529
96 -450.94964600 -7.04608822
97 -450.95394897 -7.04615545
98 -450.95782471 -7.04621601
99 -450.96112061 -7.04626751
100 -450.96371460 -7.04630804
101 -450.96752930 -7.04636765
102 -450.97113037 -7.04642391
103 -450.97534180 -7.04648972
104 -450.97784424 -7.04652882
105 -450.98089600 -7.04657650
106 -450.98403931 -7.04662561
107 -450.98669434 -7.04666710
108 -450.98965454 -7.04671335
109 -450.99343872 -7.04677248
110 -450.99731445 -7.04683304
111 -451.00012207 -7.04687691
112 -451.00299072 -7.04692173
113 -451.00659180 -7.04697800
114 -451.00900269 -7.04701567
115 -451.01193237 -7.04706144
116 -451.01522827 -7.04711294
117 -451.01846313 -7.04716349
118 -451.02188110 -7.04721689
119 -451.02621460 -7.04728460
120 -451.02880859 -7.04732513
121 -451.03170776 -7.04737043
122 -451.03494263 -7.04742098
123 -451.03750610 -7.04746103
124 -451.03979492 -7.04749680
125 -451.04220581 -7.04753447
126 -451.04492188 -7.04757690
127 -451.04791260 -7.04762363
128 -451.05078125 -7.04766846
129 -451.05276489 -7.04769945
130 -451.05618286 -7.04775286
131 -451.05886841 -7.04779482
132 -451.06161499 -7.04783773
133 -451.06314087 -7.04786158
134 -451.06515503 -7.04789305
135 -451.06866455 -7.04794788
136 -451.07070923 -7.04797983
137 -451.07299805 -7.04801559
138 -451.07534790 -7.04805231
139 -451.07766724 -7.04808855
140 -451.07989502 -7.04812336
141 -451.08206177 -7.04815722
142 -451.08435059 -7.04819298
143 -451.08712769 -7.04823637
144 -451.08874512 -7.04826164
145 -451.09115601 -7.04829931
146 -451.09298706 -7.04832792
147 -451.09524536 -7.04836321
148 -451.09722900 -7.04839420
149 -451.09921265 -7.04842520
150 -451.10147095 -7.04846048
151 -451.10379028 -7.04849672
152 -451.10519409 -7.04851866
153 -451.10678101 -7.04854345
154 -451.10830688 -7.04856730
155 -451.11053467 -7.04860210
156 -451.11242676 -7.04863167
157 -451.11386108 -7.04865408
158 -451.11584473 -7.04868507
159 -451.11782837 -7.04871607
160 -451.12005615 -7.04875088
161 -451.12112427 -7.04876757
162 -451.12240601 -7.04878759
163 -451.12420654 -7.04881573
164 -451.12652588 -7.04885197
165 -451.12832642 -7.04888010
166 -451.12976074 -7.04890251
167 -451.13046265 -7.04891348
168 -451.13327026 -7.04895735
169 -451.13458252 -7.04897785
170 -451.13626099 -7.04900408
171 -451.13833618 -7.04903650
172 -451.14086914 -7.04907608
173 -451.14218140 -7.04909658
174 -451.14367676 -7.04911995
175 -451.14581299 -7.04915333
176 -451.14785767 -7.04918528
177 -451.14913940 -7.04920530
178 -451.15069580 -7.04922962
179 -451.15225220 -7.04925394
180 -451.15325928 -7.04926968
181 -451.15426636 -7.04928541
182 -451.15609741 -7.04931402
183 -451.15744019 -7.04933500
184 -451.15838623 -7.04934978
185 -451.16036987 -7.04938078
186 -451.16128540 -7.04939508
187 -451.16302490 -7.04942226
188 -451.16394043 -7.04943657
189 -451.16488647 -7.04945135
190 -451.16650391 -7.04947662
191 -451.16757202 -7.04949331
192 -451.16854858 -7.04950857
193 -451.17004395 -7.04953194
194 -451.17065430 -7.04954147
195 -451.17227173 -7.04956675
196 -451.17391968 -7.04959249
197 -451.17501831 -7.04960966
198 -451.17718506 -7.04964352
199 -451.17807007 -7.04965734
200 -451.17886353 -7.04966974
201 -451.18011475 -7.04968929
202 -451.18115234 -7.04970551
203 -451.18200684 -7.04971886
204 -451.18325806 -7.04973841
205 -451.18414307 -7.04975224
206 -451.18475342 -7.04976177
207 -451.18621826 -7.04978466
208 -451.18734741 -7.04980230
209 -451.18841553 -7.04981899
210 -451.18920898 -7.04983139
211 -451.19015503 -7.04984617
212 -451.19152832 -7.04986763
213 -451.19241333 -7.04988146
214 -451.19351196 -7.04989862
215 -451.19473267 -7.04991770
216 -451.19567871 -7.04993248
217 -451.19656372 -7.04994631
218 -451.19787598 -7.04996681
219 -451.19732666 -7.04995823
220 -451.19967651 -7.04999495
221 -451.20062256 -7.05000973
222 -451.20068359 -7.05001068
223 -451.20266724 -7.05004168
224 -451.20291138 -7.05004549
225 -451.20397949 -7.05006218
226 -451.20458984 -7.05007172
227 -451.20550537 -7.05008602
228 -451.20562744 -7.05008793
229 -451.20718384 -7.05011225
230 -451.20773315 -7.05012083
231 -451.20874023 -7.05013657
232 -451.20996094 -7.05015564
233 -451.21051025 -7.05016422
234 -451.21173096 -7.05018330
235 -451.21224976 -7.05019140
236 -451.21252441 -7.05019569
237 -451.21444702 -7.05022573
238 -451.21514893 -7.05023670
239 -451.21533203 -7.05023956
240 -451.21594238 -7.05024910
241 -451.21670532 -7.05026102
242 -451.21795654 -7.05028057
243 -451.21795654 -7.05028057
244 -451.21911621 -7.05029869
245 -451.22000122 -7.05031252
246 -451.22033691 -7.05031776
247 -451.22082520 -7.05032539
248 -451.22143555 -7.05033493
249 -451.22210693 -7.05034542
250 -451.22305298 -7.05036020
251 -451.22344971 -7.05036640
252 -451.22402954 -7.05037546
253 -451.22558594 -7.05039978
254 -451.22558594 -7.05039978
255 -451.22537231 -7.05039644
256 -451.22647095 -7.05041361
257 -451.22689819 -7.05042028
258 -451.22680664 -7.05041885
259 -451.22756958 -7.05043077
260 -451.22839355 -7.05044365
261 -451.22927856 -7.05045748
262 -451.22949219 -7.05046082
263 -451.23043823 -7.05047560
264 -451.23007202 -7.05046988
265 -451.23132324 -7.05048943
266 -451.23159790 -7.05049372
267 -451.23266602 -7.05051041
268 -451.23306274 -7.05051661
269 -451.23400879 -7.05053139
270 -451.23434448 -7.05053663
271 -451.23486328 -7.05054474
272 -451.23568726 -7.05055761
273 -451.23590088 -7.05056095
274 -451.23571777 -7.05055809
275 -451.23672485 -7.05057383
276 -451.23724365 -7.05058193
277 -451.23715210 -7.05058050
278 -451.23837280 -7.05059958
279 -451.23895264 -7.05060863
280 -451.23934937 -7.05061483
281 -451.23925781 -7.05061340
282 -451.23983765 -7.05062246
283 -451.24029541 -7.05062962
284 -451.24072266 -7.05063629
285 -451.24069214 -7.05063581
286 -451.24124146 -7.05064440
287 -451.24157715 -7.05064964
288 -451.24230957 -7.05066109
289 -451.24328613 -7.05067635
290 -451.24325562 -7.05067587
291 -451.24386597 -7.05068541
292 -451.24468994 -7.05069828
293 -451.24468994 -7.05069828
294 -451.24432373 -7.05069256
295 -451.24530029 -7.05070782
296 -451.24645996 -7.05072594
297 -451.24673462 -7.05073023
298 -451.24746704 -7.05074167
299 -451.24786377 -7.05074787
300 -451.24893188 -7.05076456
301 -451.24899292 -7.05076551
302 -451.24914551 -7.05076790
303 -451.24996948 -7.05078077
304 -451.24969482 -7.05077648
305 -451.25082397 -7.05079412
306 -451.25170898 -7.05080795
307 -451.25216675 -7.05081511
308 -451.25192261 -7.05081129
309 -451.25259399 -7.05082178
310 -451.25262451 -7.05082226
311 -451.25283813 -7.05082560
312 -451.25338745 -7.05083418
313 -451.25329590 -7.05083275
314 -451.25378418 -7.05084038
315 -451.25402832 -7.05084419
316 -451.25466919 -7.05085421
317 -451.25451660 -7.05085182
318 -451.25494385 -7.05085850
319 -451.25527954 -7.05086374
320 -451.25527954 -7.05086374
321 -451.25637817 -7.05088091
322 -451.25665283 -7.05088520
323 -451.25656128 -7.05088377
324 -451.25726318 -7.05089474
325 -451.25708008 -7.05089188
326 -451.25808716 -7.05090761
327 -451.25820923 -7.05090952
328 -451.25781250 -7.05090332
329 -451.25827026 -7.05091047
330 -451.25918579 -7.05092478
331 -451.25903320 -7.05092239
332 -451.25967407 -7.05093241
333 -451.25976562 -7.05093384
334 -451.25930786 -7.05092669
335 -451.26040649 -7.05094385
336 -451.26080322 -7.05095005
337 -451.26062012 -7.05094719
338 -451.26086426 -7.05095100
339 -451.26086426 -7.05095100
340 -451.26074219 -7.05094910
341 -451.26107788 -7.05095434
342 -451.26168823 -7.05096388
343 -451.26211548 -7.05097055
344 -451.26275635 -7.05098057
345 -451.26303101 -7.05098486
346 -451.26391602 -7.05099869
347 -451.26416016 -7.05100250
348 -451.26403809 -7.05100060
349 -451.26419067 -7.05100298
350 -451.26397705 -7.05099964
351 -451.26348877 -7.05099201
352 -451.26443481 -7.05100679
353 -451.26461792 -7.05100965
354 -451.26565552 -7.05102587
355 -451.26522827 -7.05101919
356 -451.26541138 -7.05102205
357 -451.26544189 -7.05102253
358 -451.26556396 -7.05102444
359 -451.26577759 -7.05102777
360 -451.26599121 -7.05103111
361 -451.26654053 -7.05103970
362 -451.26608276 -7.05103254
363 -451.26605225 -7.05103207
364 -451.26672363 -7.05104256
365 -451.26733398 -7.05105209
366 -451.26712036 -7.05104876
367 -451.26736450 -7.05105257
368 -451.26675415 -7.05104303
369 -451.26715088 -7.05104923
370 -451.26757812 -7.05105591
371 -451.26763916 -7.05105686
372 -451.26782227 -7.05105972
373 -451.26797485 -7.05106211
374 -451.26773071 -7.05105829
375 -451.26864624 -7.05107260
376 -451.26885986 -7.05107594
377 -451.26831055 -7.05106735
378 -451.26867676 -7.05107307
379 -451.26913452 -7.05108023
380 -451.26898193 -7.05107784
381 -451.26916504 -7.05108070
382 -451.26907349 -7.05107927
383 -451.26910400 -7.05107975
384 -451.26937866 -7.05108404
385 -451.26947021 -7.05108547
386 -451.26968384 -7.05108881
387 -451.26992798 -7.05109262
388 -451.27041626 -7.05110025
389 -451.27084351 -7.05110693
390 -451.27023315 -7.05109739
391 -451.26983643 -7.05109119
392 -451.26947021 -7.05108547
393 -451.27093506 -7.05110836
394 -451.27136230 -7.05111504
395 -451.27139282 -7.05111551
396 -451.27133179 -7.05111456
397 -451.27124023 -7.05111313
398 -451.27182007 -7.05112219
399 -451.27230835 -7.05112982
400 -451.27297974 -7.05114031
401 -451.27331543 -7.05114555
402 -451.27291870 -7.05113935
403 -451.27273560 -7.05113649
404 -451.27209473 -7.05112648
405 -451.27346802 -7.05114794
406 -451.27383423 -7.05115366
407 -451.27319336 -7.05114365
408 -451.27377319 -7.05115271
409 -451.27377319 -7.05115271
410 -451.27383423 -7.05115366
411 -451.27447510 -7.05116367
412 -451.27331543 -7.05114555
413 -451.27380371 -7.05115318
414 -451.27435303 -7.05116177
415 -451.27429199 -7.05116081
416 -451.27395630 -7.05115557
417 -451.27432251 -7.05116129
418 -451.27307129 -7.05114174
419 -451.27423096 -7.05115986
420 -451.27426147 -7.05116034
421 -451.27413940 -7.05115843
422 -451.27453613 -7.05116463
423 -451.27529907 -7.05117655
424 -451.27441406 -7.05116272
425 -451.27505493 -7.05117273
426 -451.27511597 -7.05117369
427 -451.27529907 -7.05117655
428 -451.27539062 -7.05117798
429 -451.27520752 -7.05117512
430 -451.27587891 -7.05118561
431 -451.27593994 -7.05118656
432 -451.27557373 -7.05118084
433 -451.27542114 -7.05117846
434 -451.27575684 -7.05118370
435 -451.27575684 -7.05118370
436 -451.27545166 -7.05117893
437 -451.27627563 -7.05119181
438 -451.27661133 -7.05119705
439 -451.27651978 -7.05119562
440 -451.27624512 -7.05119133
441 -451.27734375 -7.05120850
442 -451.27722168 -7.05120659
443 -451.27792358 -7.05121756
444 -451.27832031 -7.05122375
445 -451.27798462 -7.05121851
446 -451.27801514 -7.05121899
447 -451.27859497 -7.05122805
448 -451.27938843 -7.05124044
449 -451.27947998 -7.05124187
450 -451.27944946 -7.05124140
451 -451.27972412 -7.05124569
452 -451.27969360 -7.05124521
453 -451.28002930 -7.05125046
454 -451.27996826 -7.05124950
455 -451.27935791 -7.05123997
456 -451.27853394 -7.05122709
457 -451.27908325 -7.05123568
458 -451.27929688 -7.05123901
459 -451.27905273 -7.05123520
460 -451.27932739 -7.05123949
461 -451.27972412 -7.05124569
462 -451.27969360 -7.05124521
463 -451.28018188 -7.05125284
464 -451.28070068 -7.05126095
465 -451.28067017 -7.05126047
466 -451.28176880 -7.05127764
467 -451.28149414 -7.05127335
468 -451.28182983 -7.05127859
469 -451.28063965 -7.05125999
470 -451.28155518 -7.05127430
471 -451.28256226 -7.05129004
472 -451.28280640 -7.05129385
473 -451.28262329 -7.05129099
474 -451.28298950 -7.05129671
475 -451.28247070 -7.05128860
476 -451.28259277 -7.05129051
477 -451.28253174 -7.05128956
478 -451.28259277 -7.05129051
479 -451.28295898 -7.05129623
480 -451.28320312 -7.05130005
481 -451.28408813 -7.05131388
482 -451.28399658 -7.05131245
483 -451.28436279 -7.05131817
484 -451.28430176 -7.05131721
485 -451.28442383 -7.05131912
486 -451.28411865 -7.05131435
487 -451.28497314 -7.05132771
488 -451.28460693 -7.05132198
489 -451.28466797 -7.05132294
490 -451.28497314 -7.05132771
491 -451.28506470 -7.05132914
492 -451.28430176 -7.05131721
493 -451.28414917 -7.05131483
494 -451.28439331 -7.05131865
495 -451.28503418 -7.05132866
496 -451.28573608 -7.05133963
497 -451.28555298 -7.05133677
498 -451.28536987 -7.05133390
499 -451.28500366 -7.05132818
500 -451.28521729 -7.05133152
501 -451.28494263 -7.05132723
502 -451.28555298 -7.05133677
503 -451.28564453 -7.05133820
504 -451.28631592 -7.05134869
505 -451.28582764 -7.05134106
506 -451.28656006 -7.05135250
507 -451.28692627 -7.05135822
508 -451.28762817 -7.05136919
509 -451.28759766 -7.05136871
510 -451.28775024 -7.05137110
511 -451.28771973 -7.05137062
512 -451.28805542 -7.05137587
513 -451.28771973 -7.05137062
514 -451.28784180 -7.05137253
515 -451.28808594 -7.05137634
516 -451.28738403 -7.05136538
517 -451.28750610 -7.05136728
518 -451.28790283 -7.05137348
519 -451.28756714 -7.05136824
520 -451.28732300 -7.05136442
521 -451.28723145 -7.05136299
522 -451.28771973 -7.05137062
523 -451.28726196 -7.05136347
524 -451.28854370 -7.05138350
525 -451.28817749 -7.05137777
526 -451.28823853 -7.05137873
527 -451.28863525 -7.05138493
528 -451.28836060 -7.05138063
529 -451.28857422 -7.05138397
530 -451.28921509 -7.05139399
531 -451.28924561 -7.05139446
532 -451.28878784 -7.05138731
533 -451.28900146 -7.05139065
534 -451.28900146 -7.05139065
535 -451.28930664 -7.05139542
536 -451.28887939 -7.05138874
537 -451.28930664 -7.05139542
538 -451.28979492 -7.05140305
539 -451.28933716 -7.05139589
540 -451.28921509 -7.05139399
541 -451.29010010 -7.05140781
542 -451.28994751 -7.05140543
543 -451.29034424 -7.05141163
544 -451.29043579 -7.05141306
545 -451.29083252 -7.05141926
546 -451.29046631 -7.05141354
547 -451.29083252 -7.05141926
548 -451.29086304 -7.05141973
549 -451.29101562 -7.05142212
550 -451.29067993 -7.05141687
551 -451.29107666 -7.05142307
552 -451.29113770 -7.05142403
553 -451.29165649 -7.05143213
554 -451.29141235 -7.05142832
555 -451.29208374 -7.05143881
556 -451.29165649 -7.05143213
557 -451.29171753 -7.05143309
558 -451.29232788 -7.05144262
559 -451.29232788 -7.05144262
560 -451.29208374 -7.05143881
561 -451.29202271 -7.05143785
562 -451.29229736 -7.05144215
563 -451.29257202 -7.05144644
564 -451.29220581 -7.05144072
565 -451.29254150 -7.05144596
566 -451.29205322 -7.05143833
567 -451.29269409 -7.05144835
568 -451.29321289 -7.05145645
569 -451.29293823 -7.05145216
570 -451.29431152 -7.05147362
571 -451.29379272 -7.05146551
572 -451.29373169 -7.05146456
573 -451.29495239 -7.05148363
574 -451.29449463 -7.05147648
575 -451.29510498 -7.05148602
576 -451.29516602 -7.05148697
577 -451.29479980 -7.05148125
578 -451.29547119 -7.05149174
579 -451.29544067 -7.05149126
580 -451.29486084 -7.05148220
581 -451.29504395 -7.05148506
582 -451.29501343 -7.05148458
583 -451.29495239 -7.05148363
584 -451.29492188 -7.05148315
585 -451.29553223 -7.05149269
586 -451.29522705 -7.05148792
587 -451.29541016 -7.05149078
588 -451.29519653 -7.05148745
589 -451.29464722 -7.05147886
590 -451.29492188 -7.05148315
591 -451.29547119 -7.05149174
592 -451.29519653 -7.05148745
593 -451.29598999 -7.05149984
594 -451.29614258 -7.05150223
595 -451.29611206 -7.05150175
596 -451.29608154 -7.05150127
597 -451.29653931 -7.05150843
598 -451.29660034 -7.05150938
599 -451.29644775 -7.05150700
600 -451.29754639 -7.05152416
601 -451.29769897 -7.05152655
602 -451.29739380 -7.05152178
603 -451.29766846 -7.05152607
604 -451.29769897 -7.05152655
605 -451.29696655 -7.05151510
606 -451.29776001 -7.05152750
607 -451.29730225 -7.05152035
608 -451.29812622 -7.05153322
609 -451.29751587 -7.05152369
610 -451.29718018 -7.05151844
611 -451.29776001 -7.05152750
612 -451.29772949 -7.05152702
613 -451.29782104 -7.05152845
614 -451.29809570 -7.05153275
615 -451.29885864 -7.05154467
616 -451.29858398 -7.05154037
617 -451.29913330 -7.05154896
618 -451.29821777 -7.05153465
619 -451.29840088 -7.05153751
620 -451.29885864 -7.05154467
621 -451.29809570 -7.05153275
622 -451.29736328 -7.05152130
623 -451.29818726 -7.05153418
624 -451.29800415 -7.05153131
625 -451.29837036 -7.05153704
626 -451.29840088 -7.05153751
627 -451.29864502 -7.05154133
628 -451.29891968 -7.05154562
629 -451.29940796 -7.05155325
630 -451.29916382 -7.05154943
631 -451.29956055 -7.05155563
632 -451.29977417 -7.05155897
633 -451.29965210 -7.05155706
634 -451.30001831 -7.05156279
635 -451.29943848 -7.05155373
636 -451.29937744 -7.05155277
637 -451.29974365 -7.05155849
638 -451.29934692 -7.05155230
639 -451.29962158 -7.05155659
640 -451.29974365 -7.05155849
641 -451.29928589 -7.05155134
642 -451.29949951 -7.05155468
643 -451.29986572 -7.05156040
644 -451.30038452 -7.05156851
645 -451.29983521 -7.05155993
646 -451.30087280 -7.05157614
647 -451.30047607 -7.05156994
648 -451.30087280 -7.05157614
649 -451.30133057 -7.05158329
650 -451.30075073 -7.05157423
651 -451.30099487 -7.05157804
652 -451.30105591 -7.05157900
653 -451.30215454 -7.05159616
654 -451.30099487 -7.05157804
655 -451.30130005 -7.05158281
656 -451.30154419 -7.05158663
657 -451.30084229 -7.05157566
658 -451.30114746 -7.05158043
659 -451.30163574 -7.05158806
660 -451.30157471 -7.05158710
661 -451.30187988 -7.05159187
662 -451.30249023 -7.05160141
663 -451.30236816 -7.05159950
664 -451.30249023 -7.05160141
665 -451.30239868 -7.05159998
666 -451.30218506 -7.05159664
667 -451.30181885 -7.05159092
668 -451.30206299 -7.05159473
669 -451.30245972 -7.05160093
670 -451.30233765 -7.05159903
671 -451.30230713 -7.05159855
672 -451.30239868 -7.05159998
673 -451.30172729 -7.05158949
674 -451.30184937 -7.05159140
675 -451.30184937 -7.05159140
676 -451.30261230 -7.05160332
677 -451.30163574 -7.05158806
678 -451.30267334 -7.05160427
679 -451.30255127 -7.05160236
680 -451.30282593 -7.05160666
681 -451.30245972 -7.05160093
682 -451.30239868 -7.05159998
683 -451.30258179 -7.05160284
684 -451.30249023 -7.05160141
685 -451.30221558 -7.05159712
686 -451.30236816 -7.05159950
687 -451.30313110 -7.05161142
688 -451.30331421 -7.05161428
689 -451.30316162 -7.05161190
690 -451.30242920 -7.05160046
691 -451.30313110 -7.05161142
692 -451.30349731 -7.05161715
693 -451.30334473 -7.05161476
694 -451.30364990 -7.05161953
695 -451.30355835 -7.05161810
696 -451.30398560 -7.05162477
697 -451.30432129 -7.05163002
698 -451.30374146 -7.05162096
699 -451.30416870 -7.05162764
700 -451.30395508 -7.05162430
701 -451.30456543 -7.05163383
702 -451.30456543 -7.05163383
703 -451.30447388 -7.05163240
704 -451.30523682 -7.05164433
705 -451.30572510 -7.05165195
706 -451.30532837 -7.05164576
707 -451.30535889 -7.05164623
708 -451.30538940 -7.05164671
709 -451.30465698 -7.05163527
710 -451.30541992 -7.05164719
711 -451.30593872 -7.05165529
712 -451.30630493 -7.05166101
713 -451.30627441 -7.05166054
714 -451.30624390 -7.05166006
715 -451.30639648 -7.05166245
716 -451.30612183 -7.05165815
717 -451.30688477 -7.05167007
718 -451.30679321 -7.05166864
719 -451.30697632 -7.05167150
720 -451.30679321 -7.05166864
721 -451.30715942 -7.05167437
722 -451.30679321 -7.05166864
723 -451.30746460 -7.05167913
724 -451.30749512 -7.05167961
725 -451.30740356 -7.05167818
726 -451.30795288 -7.05168676
727 -451.30767822 -7.05168247
728 -451.30761719 -7.05168152
729 -451.30780029 -7.05168438
730 -451.30770874 -7.05168295
731 -451.30746460 -7.05167913
732 -451.30798340 -7.05168724
733 -451.30828857 -7.05169201
734 -451.30792236 -7.05168629
735 -451.30798340 -7.05168724
736 -451.30813599 -7.05168962
737 -451.30822754 -7.05169106
738 -451.30792236 -7.05168629
739 -451.30752563 -7.05168009
740 -451.30783081 -7.05168486
741 -451.30816650 -7.05169010
742 -451.30789185 -7.05168581
743 -451.30780029 -7.05168438
744 -451.30749512 -7.05167961
745 -451.30807495 -7.05168867
746 -451.30783081 -7.05168486
747 -451.30841064 -7.05169392
748 -451.30895996 -7.05170250
749 -451.30895996 -7.05170250
750 -451.30914307 -7.05170536
751 -451.30853271 -7.05169582
752 -451.30892944 -7.05170202
753 -451.30856323 -7.05169630
754 -451.30953979 -7.05171156
755 -451.30938721 -7.05170918
756 -451.30920410 -7.05170631
757 -451.30917358 -7.05170584
758 -451.30920410 -7.05170631
759 -451.30941772 -7.05170965
760 -451.30944824 -7.05171013
761 -451.30899048 -7.05170298
762 -451.30902100 -7.05170345
763 -451.30932617 -7.05170822
764 -451.30865479 -7.05169773
765 -451.30886841 -7.05170107
766 -451.30850220 -7.05169535
767 -451.30874634 -7.05169916
768 -451.30899048 -7.05170298
769 -451.30877686 -7.05169964
770 -451.30938721 -7.05170918
771 -451.30953979 -7.05171156
772 -451.30999756 -7.05171871
773 -451.31054688 -7.05172729
774 -451.31106567 -7.05173540
775 -451.31024170 -7.05172253
776 -451.31018066 -7.05172157
777 -451.31109619 -7.05173588
778 -451.31085205 -7.05173206
779 -451.31134033 -7.05173969
780 -451.31195068 -7.05174923
781 -451.31192017 -7.05174875
782 -451.31173706 -7.05174589
783 -451.31152344 -7.05174255
784 -451.31228638 -7.05175447
785 -451.31228638 -7.05175447
786 -451.31210327 -7.05175161
787 -451.31185913 -7.05174780
788 -451.31219482 -7.05175304
789 -451.31259155 -7.05175924
790 -451.31222534 -7.05175352
791 -451.31201172 -7.05175018
792 -451.31185913 -7.05174780
793 -451.31161499 -7.05174398
794 -451.31167603 -7.05174494
795 -451.31173706 -7.05174589
796 -451.31149292 -7.05174208
797 -451.31155396 -7.05174303
798 -451.31167603 -7.05174494
799 -451.31085205 -7.05173206
800 -451.31082153 -7.05173159
801 -451.31121826 -7.05173779
802 -451.31118774 -7.05173731
803 -451.31140137 -7.05174065
804 -451.31167603 -7.05174494
805 -451.31228638 -7.05175447
806 -451.31207275 -7.05175114
807 -451.31268311 -7.05176067
808 -451.31277466 -7.05176210
809 -451.31268311 -7.05176067
810 -451.31271362 -7.05176115
811 -451.31332397 -7.05177069
812 -451.31286621 -7.05176353
813 -451.31307983 -7.05176687
814 -451.31271362 -7.05176115
815 -451.31301880 -7.05176592
816 -451.31295776 -7.05176497
817 -451.31408691 -7.05178261
818 -451.31317139 -7.05176830
819 -451.31384277 -7.05177879
820 -451.31329346 -7.05177021
821 -451.31353760 -7.05177402
822 -451.31350708 -7.05177355
823 -451.31338501 -7.05177164
824 -451.31384277 -7.05177879
825 -451.31396484 -7.05178070
826 -451.31335449 -7.05177116
827 -451.31463623 -7.05179119
828 -451.31448364 -7.05178881
829 -451.31466675 -7.05179167
830 -451.31411743 -7.05178308
831 -451.31393433 -7.05178022
832 -451.31451416 -7.05178928
833 -451.31439209 -7.05178738
834 -451.31469727 -7.05179214
835 -451.31433105 -7.05178642
836 -451.31405640 -7.05178213
837 -451.31417847 -7.05178404
838 -451.31442261 -7.05178785
839 -451.31475830 -7.05179310
840 -451.31521606 -7.05180025
841 -451.31573486 -7.05180836
842 -451.31594849 -7.05181170
843 -451.31616211 -7.05181503
844 -451.31625366 -7.05181646
845 -451.31594849 -7.05181170
846 -451.31588745 -7.05181074
847 -451.31546021 -7.05180407
848 -451.31573486 -7.05180836
849 -451.31607056 -7.05181360
850 -451.31610107 -7.05181408
851 -451.31607056 -7.05181360
852 -451.31643677 -7.05181932
853 -451.31594849 -7.05181170
854 -451.31561279 -7.05180645
855 -451.31582642 -7.05180979
856 -451.31607056 -7.05181360
857 -451.31607056 -7.05181360
858 -451.31567383 -7.05180740
859 -451.31594849 -7.05181170
860 -451.31570435 -7.05180788
861 -451.31622314 -7.05181599
862 -451.31637573 -7.05181837
863 -451.31637573 -7.05181837
864 -451.31631470 -7.05181742
865 -451.31591797 -7.05181122
866 -451.31634521 -7.05181789
867 -451.31604004 -7.05181313
868 -451.31649780 -7.05182028
869 -451.31600952 -7.05181265
870 -451.31640625 -7.05181885
871 -451.31616211 -7.05181503
872 -451.31640625 -7.05181885
873 -451.31652832 -7.05182076
874 -451.31628418 -7.05181694
875 -451.31637573 -7.05181837
876 -451.31604004 -7.05181313
877 -451.31631470 -7.05181742
878 -451.31625366 -7.05181646
879 -451.31616211 -7.05181503
880 -451.31643677 -7.05181932
881 -451.31646729 -7.05181980
882 -451.31637573 -7.05181837
883 -451.31677246 -7.05182457
884 -451.31640625 -7.05181885
885 -451.31683350 -7.05182552
886 -451.31762695 -7.05183792
887 -451.31781006 -7.05184078
888 -451.31765747 -7.05183840
889 -451.31777954 -7.05184031
890 -451.31674194 -7.05182409
891 -451.31738281 -7.05183411
892 -451.31741333 -7.05183458
893 -451.31793213 -7.05184269
894 -451.31787109 -7.05184174
895 -451.31765747 -7.05183840
896 -451.31781006 -7.05184078
897 -451.31777954 -7.05184031
898 -451.31774902 -7.05183983
899 -451.31774902 -7.05183983
900 -451.31759644 -7.05183744
901 -451.31765747 -7.05183840
902 -451.31811523 -7.05184555
903 -451.31762695 -7.05183792
904 -451.31747437 -7.05183554
905 -451.31774902 -7.05183983
906 -451.31787109 -7.05184174
907 -451.31787109 -7.05184174
908 -451.31875610 -7.05185556
909 -451.31851196 -7.05185175
910 -451.31835938 -7.05184937
911 -451.31869507 -7.05185461
912 -451.31817627 -7.05184650
913 -451.31747437 -7.05183554
914 -451.31851196 -7.05185175
915 -451.31838989 -7.05184984
916 -451.31900024 -7.05185938
917 -451.31942749 -7.05186605
918 -451.31845093 -7.05185080
919 -451.31912231 -7.05186129
920 -451.31924438 -7.05186319
921 -451.31933594 -7.05186462
922 -451.31961060 -7.05186892
923 -451.31918335 -7.05186224
924 -451.31903076 -7.05185986
925 -451.31930542 -7.05186415
926 -451.31921387 -7.05186272
927 -451.31973267 -7.05187082
928 -451.31927490 -7.05186367
929 -451.31991577 -7.05187368
930 -451.31985474 -7.05187273
931 -451.31985474 -7.05187273
932 -451.32022095 -7.05187845
933 -451.32000732 -7.05187511
934 -451.31930542 -7.05186415
935 -451.31887817 -7.05185747
936 -451.31961060 -7.05186892
937 -451.31851196 -7.05185175
938 -451.31954956 -7.05186796
939 -451.31924438 -7.05186319
940 -451.31909180 -7.05186081
941 -451.31896973 -7.05185890
942 -451.31845093 -7.05185080
943 -451.31906128 -7.05186033
944 -451.31909180 -7.05186081
945 -451.31942749 -7.05186605
946 -451.31936646 -7.05186510
947 -451.32003784 -7.05187559
948 -451.31942749 -7.05186605
949 -451.31997681 -7.05187464
950 -451.31896973 -7.05185890
951 -451.32003784 -7.05187559
952 -451.31997681 -7.05187464
953 -451.32052612 -7.05188322
954 -451.32125854 -7.05189466
955 -451.32012939 -7.05187702
956 -451.32067871 -7.05188560
957 -451.32089233 -7.05188894
958 -451.32052612 -7.05188322
959 -451.32098389 -7.05189037
960 -451.32055664 -7.05188370
961 -451.32092285 -7.05188942
962 -451.32113647 -7.05189276
963 -451.32138062 -7.05189657
964 -451.32147217 -7.05189800
965 -451.32168579 -7.05190134
966 -451.32089233 -7.05188894
967 -451.32122803 -7.05189419
968 -451.32135010 -7.05189610
969 -451.32107544 -7.05189180
970 -451.32186890 -7.05190420
971 -451.32135010 -7.05189610
972 -451.32196045 -7.05190563
973 -451.32226562 -7.05191040
974 -451.32192993 -7.05190516
975 -451.32232666 -7.05191135
976 -451.32278442 -7.05191851
977 -451.32324219 -7.05192566
978 -451.32284546 -7.05191946
979 -451.32214355 -7.05190849
980 -451.32211304 -7.05190802
981 -451.32199097 -7.05190611
982 -451.32153320 -7.05189896
983 -451.32275391 -7.05191803
984 -451.32183838 -7.05190372
985 -451.32168579 -7.05190134
986 -451.32162476 -7.05190039
987 -451.32177734 -7.05190277
988 -451.32189941 -7.05190468
989 -451.32177734 -7.05190277
990 -451.32229614 -7.05191088
991 -451.32205200 -7.05190706
992 -451.32250977 -7.05191422
993 -451.32153320 -7.05189896
994 -451.32192993 -7.05190516
995 -451.32168579 -7.05190134
996 -451.32208252 -7.05190754
997 -451.32165527 -7.05190086
998 -451.32147217 -7.05189800
999 -451.32171631 -7.05190182
