0 -625.87622070 -6.13604138
1 -624.59729004 -6.12350284
2 -623.33233643 -6.11110134
3 -622.18609619 -6.09986369
4 -621.19219971 -6.09011960
5 -619.61450195 -6.07465198
6 -617.99731445 -6.05879720
7 -616.47729492 -6.04389505
8 -614.58801270 -6.02537267
9 -613.73229980 -6.01698333
10 -611.90930176 -5.99911080
11 -609.06365967 -5.97121235
12 -607.28747559 -5.95379878
13 -605.73370361 -5.93856572
14 -605.12866211 -5.93263394
15 -603.16223145 -5.91335521
16 -603.36816406 -5.91537416
17 -601.27319336 -5.89483523
18 -599.78369141 -5.88023227
19 -600.45642090 -5.88682766
20 -597.49218750 -5.85776654
21 -599.41101074 -5.87657854
22 -595.21948242 -5.83548512
23 -592.31280518 -5.80698829
24 -593.54504395 -5.81906906
25 -590.71942139 -5.79136688
26 -589.13879395 -5.77587053
27 -587.78033447 -5.76255230
28 -584.44085693 -5.72981232
29 -582.48559570 -5.71064310
30 -579.77178955 -5.68403715
31 -577.27954102 -5.65960334
32 -577.97210693 -5.66639321
33 -575.23297119 -5.63953893
34 -571.90423584 -5.60690427
35 -567.56835938 -5.56439568
36 -567.00738525 -5.55889593
37 -565.11499023 -5.54034304
38 -561.87164307 -5.50854552
39 -560.09228516 -5.49110083
40 -561.23822021 -5.50233549
41 -559.21905518 -5.48253976
42 -555.88696289 -5.44987219
43 -554.93188477 -5.44050867
44 -552.41442871 -5.41582773
45 -549.69140625 -5.38913143
46 -548.86175537 -5.38099760
47 -549.38446045 -5.38612216
48 -551.00830078 -5.40204216
49 -550.84667969 -5.40045764
50 -552.11865234 -5.41292796
51 -550.78271484 -5.39983054
52 -551.42871094 -5.40616383
53 -548.19409180 -5.37445188
54 -546.99475098 -5.36269364
55 -543.94165039 -5.33276128
56 -547.68859863 -5.36949607
57 -541.37933350 -5.30764052
58 -542.77404785 -5.32131419
59 -543.09497070 -5.32446050
60 -544.27142334 -5.33599435
61 -544.78350830 -5.34101479
62 -543.66845703 -5.33008291
63 -543.67718506 -5.33016848
64 -540.72113037 -5.30118755
65 -538.68554688 -5.28123085
66 -537.64245605 -5.27100447
67 -539.35083008 -5.28775324
68 -540.00793457 -5.29419544
69 -539.06048584 -5.28490672
70 -535.70129395 -5.25197347
71 -539.64013672 -5.29058958
72 -534.64916992 -5.24165853
73 -537.84106445 -5.27295161
74 -537.98327637 -5.27434585
75 -540.02984619 -5.29441026
76 -539.56066895 -5.28981048
77 -535.10748291 -5.24615179
78 -534.29022217 -5.23813943
79 -535.34222412 -5.24845318
80 -533.59277344 -5.23130170
81 -530.12707520 -5.19732427
82 -527.91174316 -5.17560533
83 -521.25054932 -5.11029950
84 -518.85119629 -5.08677643
85 -516.96984863 -5.06833185
86 -519.59460449 -5.09406475
87 -518.52294922 -5.08355833
88 -519.68066406 -5.09490847
89 -523.16870117 -5.12910491
90 -524.67926025 -5.14391432
91 -520.09161377 -5.09893739
92 -522.96710205 -5.12712845
93 -521.88098145 -5.11648021
94 -519.17590332 -5.08995984
95 -524.70697021 -5.14418598
96 -525.07220459 -5.14776671
97 -524.97607422 -5.14682426
98 -528.74334717 -5.18375831
99 -527.05517578 -5.16720761
100 -527.78247070 -5.17433795
101 -524.13104248 -5.13853963
102 -521.93756104 -5.11703491
103 -523.22973633 -5.12970330
104 -513.77117920 -5.03697235
105 -510.47128296 -5.00462042
106 -507.01388550 -4.97072437
107 -508.34814453 -4.98380534
108 -503.36480713 -4.93494909
109 -506.63592529 -4.96701888
110 -513.06018066 -5.03000177
111 -511.88677979 -5.01849784
112 -506.90686035 -4.96967510
113 -500.92767334 -4.91105562
114 -503.15704346 -4.93291219
115 -499.77990723 -4.89980301
116 -493.38592529 -4.83711691
117 -495.73440552 -4.86014123
118 -494.39062500 -4.84696691
119 -494.96975708 -4.85264468
120 -494.70458984 -4.85004500
121 -491.51788330 -4.81880278
122 -487.19564819 -4.77642792
123 -490.65518188 -4.81034492
124 -491.57070923 -4.81932068
125 -491.43054199 -4.81794649
126 -492.48937988 -4.82832725
127 -489.15472412 -4.79563455
128 -491.25067139 -4.81618305
129 -493.22192383 -4.83550906
130 -490.10089111 -4.80491070
131 -493.06756592 -4.83399574
132 -493.30572510 -4.83633064
133 -493.03387451 -4.83366544
134 -494.23754883 -4.84546616
135 -493.77713013 -4.84095226
136 -497.33966064 -4.87587903
137 -490.06710815 -4.80457949
138 -498.33282471 -4.88561593
139 -496.20251465 -4.86473054
140 -494.97653198 -4.85271110
141 -492.68627930 -4.83025764
142 -493.63293457 -4.83953857
143 -495.32843018 -4.85616108
144 -496.90905762 -4.87165743
145 -496.69122314 -4.86952180
146 -498.69445801 -4.88916135
147 -493.89208984 -4.84207931
148 -489.48257446 -4.79884877
149 -484.94824219 -4.75439453
150 -482.34933472 -4.72891505
151 -480.71224976 -4.71286519
152 -471.21740723 -4.61977850
153 -471.27386475 -4.62033201
154 -465.18560791 -4.56064321
155 -467.99993896 -4.58823470
156 -467.31884766 -4.58155733
157 -469.92144775 -4.60707302
158 -470.31756592 -4.61095653
159 -471.59741211 -4.62350404
160 -458.64294434 -4.49649945
161 -455.51080322 -4.46579219
162 -446.16537476 -4.37417034
163 -440.21319580 -4.31581565
164 -444.43646240 -4.35722022
165 -434.35415649 -4.25837408
166 -439.29855347 -4.30684856
167 -432.60018921 -4.24117833
168 -424.25164795 -4.15932988
169 -425.84857178 -4.17498600
170 -417.21929932 -4.09038529
171 -412.95913696 -4.04861899
172 -402.38281250 -3.94492953
173 -401.84802246 -3.93968649
174 -416.87292480 -4.08698946
175 -419.32629395 -4.11104210
176 -419.10211182 -4.10884423
177 -406.02899170 -3.98067639
178 -407.99554443 -3.99995632
179 -405.05361938 -3.97111392
180 -389.03720093 -3.81409021
181 -390.65097046 -3.82991148
182 -387.47882080 -3.79881197
183 -393.28237915 -3.85570960
184 -380.11682129 -3.72663550
185 -376.29202271 -3.68913748
186 -377.41888428 -3.70018514
187 -354.18496704 -3.47240164
188 -330.88494873 -3.24397009
189 -304.09991455 -2.98137171
190 -302.16400146 -2.96239217
191 -277.56005859 -2.72117705
192 -260.03131104 -2.54932658
193 -284.26629639 -2.78692447
194 -297.37701416 -2.91546092
195 -318.59585571 -3.12348878
196 -319.42074585 -3.13157594
197 -301.36187744 -2.95452821
198 -290.02502441 -2.84338259
199 -270.58291626 -2.65277369
200 -291.29824829 -2.85586518
201 -311.94723511 -3.05830623
202 -329.84527588 -3.23377721
203 -339.20538330 -3.32554297
204 -348.59020996 -3.41755108
205 -358.70996094 -3.51676432
206 -363.05871582 -3.55939917
207 -358.49383545 -3.51464545
208 -357.85607910 -3.50839293
209 -365.84338379 -3.58669984
210 -371.49658203 -3.64212335
211 -377.79571533 -3.70387956
212 -373.69842529 -3.66371005
213 -369.40597534 -3.62162721
214 -360.45874023 -3.53390922
215 -356.20593262 -3.49221503
216 -340.46224976 -3.33786519
217 -360.29437256 -3.53229777
218 -345.77633667 -3.38996408
219 -346.46798706 -3.39674497
220 -346.53964233 -3.39744747
221 -348.32965088 -3.41499658
222 -341.97021484 -3.35264917
223 -313.67663574 -3.07526113
224 -301.86502075 -2.95946099
225 -282.60894775 -2.77067596
226 -287.73297119 -2.82091148
227 -306.30404663 -3.00298085
228 -290.89685059 -2.85192991
229 -288.68759155 -2.83027051
230 -292.54168701 -2.86805576
231 -287.44085693 -2.81804762
232 -292.01770020 -2.86291863
233 -269.91394043 -2.64621510
234 -286.09014893 -2.80480538
235 -306.06372070 -3.00062471
236 -312.75711060 -3.06624618
237 -289.15609741 -2.83486370
238 -266.34091187 -2.61118541
239 -251.53759766 -2.46605488
240 -236.97476196 -2.32328198
241 -250.05702209 -2.45153943
242 -221.47744751 -2.17134752
243 -251.69898987 -2.46763716
244 -287.87857056 -2.82233893
245 -279.82476807 -2.74338008
246 -268.07318115 -2.62816844
247 -285.35375977 -2.79758588
248 -207.28112793 -2.03216792
249 -144.32206726 -1.41492223
250 -90.99279022 -0.89208618
251 -54.25486755 -0.53191047
252 -49.00453949 -0.48043666
253 -94.13143158 -0.92285717
254 -102.43717957 -1.00428607
255 -163.22358704 -1.60023125
256 -196.48661804 -1.92633939
257 -221.07200623 -2.16737261
258 -244.59996033 -2.39803883
259 -265.17480469 -2.59975299
260 -282.91815186 -2.77370737
261 -272.52392578 -2.67180319
262 -273.88336182 -2.68513100
263 -241.83195496 -2.37090152
264 -264.17626953 -2.58996343
265 -269.95101929 -2.64657862
266 -272.34020996 -2.67000206
267 -283.26916504 -2.77714868
268 -267.97686768 -2.62722419
269 -278.91381836 -2.73444920
270 -296.02087402 -2.90216543
271 -277.65585327 -2.72211621
272 -284.62329102 -2.79042442
273 -301.65655518 -2.95741721
274 -268.73535156 -2.63466031
275 -274.65600586 -2.69270594
276 -287.85494995 -2.82210735
277 -255.12927246 -2.50126738
278 -289.77291870 -2.84091097
279 -296.31732178 -2.90507178
280 -304.62512207 -2.98652080
281 -312.89636230 -3.06761140
282 -306.96777344 -3.00948797
283 -303.39849854 -2.97449508
284 -307.94534302 -3.01907199
285 -306.74877930 -3.00734097
286 -324.25323486 -3.17895328
287 -330.14733887 -3.23673862
288 -335.52682495 -3.28947868
289 -329.40148926 -3.22942637
290 -338.15924072 -3.31528667
291 -331.24682617 -3.24751790
292 -338.32592773 -3.31692086
293 -340.68417358 -3.34004092
294 -344.93798828 -3.38174498
295 -328.84558105 -3.22397628
296 -324.12274170 -3.17767394
297 -322.89343262 -3.16562189
298 -323.48309326 -3.17140288
299 -325.98202515 -3.19590221
