0 -620.55224609 -5.96684852
1 -620.52569580 -5.96659323
2 -620.47802734 -5.96613488
3 -620.44390869 -5.96580681
4 -620.39550781 -5.96534142
5 -620.36315918 -5.96503038
6 -620.31097412 -5.96452860
7 -620.23046875 -5.96375451
8 -620.22760010 -5.96372692
9 -620.12353516 -5.96272630
10 -620.04809570 -5.96200092
11 -619.97412109 -5.96128963
12 -619.97399902 -5.96128845
13 -619.95898438 -5.96114408
14 -619.87817383 -5.96036706
15 -619.83782959 -5.95997913
16 -619.80053711 -5.95962055
17 -619.75463867 -5.95917922
18 -619.68286133 -5.95848905
19 -619.66979980 -5.95836346
20 -619.68579102 -5.95851722
21 -619.63110352 -5.95799138
22 -619.55761719 -5.95728478
23 -619.43640137 -5.95611924
24 -619.36187744 -5.95540267
25 -619.28088379 -5.95462388
26 -619.26068115 -5.95442963
27 -619.22106934 -5.95404874
28 -619.14849854 -5.95335095
29 -619.05017090 -5.95240549
30 -618.97985840 -5.95172941
31 -618.89825439 -5.95094475
32 -618.85662842 -5.95054450
33 -618.82781982 -5.95026750
34 -618.75531006 -5.94957029
35 -618.78399658 -5.94984612
36 -618.82617188 -5.95025165
37 -618.80187988 -5.95001808
38 -618.75665283 -5.94958320
39 -618.72015381 -5.94923225
40 -618.65509033 -5.94860664
41 -618.48785400 -5.94699860
42 -618.42480469 -5.94639235
43 -618.45501709 -5.94668286
44 -618.46057129 -5.94673626
45 -618.36877441 -5.94585360
46 -618.19268799 -5.94416046
47 -618.17828369 -5.94402196
48 -618.18341064 -5.94407126
49 -618.11437988 -5.94340750
50 -618.05834961 -5.94286875
51 -618.00415039 -5.94234760
52 -617.99072266 -5.94221849
53 -617.85375977 -5.94090154
54 -617.78460693 -5.94023661
55 -617.75244141 -5.93992732
56 -617.70709229 -5.93949127
57 -617.65997314 -5.93903820
58 -617.72406006 -5.93965442
59 -617.64678955 -5.93891144
60 -617.55822754 -5.93805988
61 -617.39953613 -5.93653400
62 -617.37902832 -5.93633681
63 -617.25067139 -5.93510261
64 -617.18572998 -5.93447817
65 -617.11401367 -5.93378859
66 -616.98925781 -5.93258902
67 -616.96179199 -5.93232492
68 -616.91265869 -5.93185249
69 -616.83557129 -5.93111126
70 -616.78002930 -5.93057720
71 -616.76275635 -5.93041112
72 -616.77935791 -5.93057075
73 -616.80499268 -5.93081724
74 -616.64038086 -5.92923443
75 -616.65753174 -5.92939934
76 -616.80383301 -5.93080609
77 -616.66748047 -5.92949500
78 -616.45477295 -5.92744974
79 -616.38989258 -5.92682589
80 -616.25231934 -5.92550307
81 -616.18927002 -5.92489683
82 -616.18859863 -5.92489037
83 -616.24859619 -5.92546727
84 -616.20739746 -5.92507113
85 -616.06549072 -5.92370664
86 -616.02636719 -5.92333045
87 -616.00299072 -5.92310568
88 -616.04998779 -5.92355757
89 -615.89263916 -5.92204461
90 -615.89184570 -5.92203698
91 -615.74279785 -5.92060383
92 -615.68505859 -5.92004864
93 -615.55926514 -5.91883909
94 -615.62152100 -5.91943770
95 -615.69531250 -5.92014724
96 -615.93383789 -5.92244075
97 -615.73608398 -5.92053927
98 -615.65069580 -5.91971823
99 -615.55792236 -5.91882618
100 -615.50927734 -5.91835844
101 -615.55285645 -5.91877747
102 -615.39117432 -5.91722283
103 -615.42517090 -5.91754972
104 -615.41156006 -5.91741885
105 -615.35620117 -5.91688655
106 -615.30810547 -5.91642409
107 -615.05773926 -5.91401672
108 -615.04882812 -5.91393104
109 -614.98553467 -5.91332245
110 -614.79113770 -5.91145325
111 -614.96575928 -5.91313230
112 -615.05712891 -5.91401085
113 -614.92291260 -5.91272031
114 -614.69366455 -5.91051601
115 -614.68664551 -5.91044851
116 -614.60784912 -5.90969086
117 -614.69238281 -5.91050368
118 -614.54492188 -5.90908579
119 -614.44201660 -5.90809631
120 -614.31347656 -5.90686035
121 -614.37927246 -5.90749300
122 -614.51409912 -5.90878941
123 -614.47375488 -5.90840149
124 -614.31915283 -5.90691493
125 -614.30712891 -5.90679932
126 -614.12176514 -5.90501697
127 -614.05938721 -5.90441718
128 -613.95062256 -5.90337137
129 -613.73944092 -5.90134078
130 -613.65167236 -5.90049685
131 -613.57159424 -5.89972687
132 -613.48236084 -5.89886885
133 -613.68566895 -5.90082374
134 -613.69659424 -5.90092879
135 -613.49780273 -5.89901733
136 -613.42510986 -5.89831836
137 -613.36944580 -5.89778313
138 -613.49023438 -5.89894456
139 -613.50598145 -5.89909598
140 -613.78051758 -5.90173575
141 -613.65710449 -5.90054908
142 -613.56201172 -5.89963473
143 -613.46960449 -5.89874620
144 -613.37457275 -5.89783243
145 -613.33734131 -5.89747444
146 -613.07263184 -5.89492915
147 -612.90765381 -5.89334283
148 -612.99505615 -5.89418323
149 -612.84155273 -5.89270724
150 -612.51739502 -5.88959034
151 -612.21746826 -5.88670643
152 -612.05432129 -5.88513770
153 -611.78771973 -5.88257423
154 -611.80688477 -5.88275851
155 -611.75549316 -5.88226436
156 -611.76843262 -5.88238878
157 -611.22644043 -5.87717731
158 -611.15948486 -5.87653351
159 -610.92047119 -5.87423530
160 -610.61425781 -5.87129094
161 -610.75897217 -5.87268242
162 -610.97814941 -5.87478990
163 -610.62646484 -5.87140832
164 -610.44812012 -5.86969346
165 -610.42578125 -5.86947867
166 -610.23754883 -5.86766874
167 -610.26525879 -5.86793518
168 -610.33984375 -5.86865234
169 -609.99389648 -5.86532593
170 -610.03424072 -5.86571385
171 -609.93365479 -5.86474668
172 -609.93524170 -5.86476194
173 -609.76611328 -5.86313570
174 -609.70104980 -5.86251009
175 -609.13769531 -5.85709322
176 -609.24572754 -5.85813200
177 -609.12426758 -5.85696411
178 -609.49255371 -5.86050532
179 -609.65759277 -5.86209224
180 -609.53479004 -5.86091144
181 -609.83215332 -5.86377071
182 -609.85150146 -5.86395674
183 -609.70770264 -5.86257406
184 -609.84613037 -5.86390510
185 -609.24877930 -5.85816134
186 -608.81518555 -5.85399217
187 -608.93115234 -5.85510723
188 -608.40100098 -5.85000962
189 -608.42333984 -5.85022442
190 -608.35888672 -5.84960468
191 -608.35034180 -5.84952252
192 -608.16479492 -5.84773841
193 -608.07629395 -5.84688744
194 -608.05267334 -5.84666032
195 -608.02575684 -5.84640151
196 -607.93151855 -5.84549537
197 -608.03820801 -5.84652123
198 -607.99163818 -5.84607344
199 -607.68865967 -5.84316019
200 -607.74798584 -5.84373063
201 -607.66094971 -5.84289375
202 -607.64520264 -5.84274233
203 -607.49389648 -5.84128747
204 -607.43218994 -5.84069413
205 -606.91162109 -5.83568866
206 -606.70227051 -5.83367568
207 -606.35528564 -5.83033929
208 -606.30963135 -5.82990030
209 -605.46978760 -5.82182488
210 -604.80480957 -5.81543086
211 -604.65246582 -5.81396602
212 -604.55371094 -5.81301645
213 -604.03540039 -5.80803270
214 -604.36938477 -5.81124408
215 -604.32495117 -5.81081684
216 -604.58953857 -5.81336095
217 -604.60095215 -5.81347069
218 -604.63708496 -5.81381812
219 -604.37573242 -5.81130512
220 -604.43701172 -5.81189434
221 -603.93078613 -5.80702679
222 -603.71197510 -5.80492284
223 -603.57391357 -5.80359532
224 -603.94610596 -5.80717410
225 -603.24346924 -5.80041797
226 -602.97021484 -5.79779053
227 -602.98815918 -5.79796307
228 -602.44934082 -5.79278212
229 -602.43176270 -5.79261310
230 -602.24981689 -5.79086362
231 -601.94555664 -5.78793804
232 -602.06488037 -5.78908539
233 -602.39727783 -5.79228152
234 -602.52368164 -5.79349694
235 -602.94976807 -5.79759392
236 -602.59393311 -5.79417243
237 -602.42260742 -5.79252507
238 -602.22082520 -5.79058486
239 -601.84881592 -5.78700785
240 -602.42431641 -5.79254150
241 -601.58966064 -5.78451597
242 -601.32128906 -5.78193547
243 -600.86242676 -5.77752333
244 -600.76330566 -5.77657025
245 -600.09375000 -5.77013221
246 -599.85284424 -5.76781581
247 -599.71374512 -5.76647832
248 -599.66442871 -5.76600412
249 -598.91485596 -5.75879669
250 -599.29956055 -5.76249577
251 -599.53771973 -5.76478577
252 -599.74572754 -5.76678584
253 -599.87304688 -5.76801007
254 -599.74017334 -5.76673244
255 -599.48291016 -5.76425875
256 -599.27246094 -5.76223520
257 -599.14288330 -5.76098926
258 -598.72155762 -5.75693805
259 -598.87957764 -5.75845748
260 -599.15270996 -5.76108375
261 -598.59484863 -5.75571970
262 -598.35980225 -5.75345964
263 -598.62542725 -5.75601372
264 -597.90228271 -5.74906041
265 -597.55407715 -5.74571228
266 -596.84570312 -5.73890099
267 -595.71673584 -5.72804554
268 -595.67547607 -5.72764881
269 -595.68432617 -5.72773391
270 -594.79913330 -5.71922244
271 -594.38031006 -5.71519529
272 -594.57153320 -5.71703397
273 -594.16522217 -5.71312714
274 -593.74108887 -5.70904893
275 -594.13201904 -5.71280788
276 -594.22790527 -5.71372986
277 -594.49731445 -5.71632033
278 -594.57250977 -5.71704336
279 -593.86700439 -5.71025966
280 -593.30010986 -5.70480875
281 -593.48095703 -5.70654766
282 -594.28161621 -5.71424631
283 -593.49841309 -5.70671551
284 -592.81628418 -5.70015658
285 -591.91149902 -5.69145672
286 -592.05706787 -5.69285642
287 -592.07983398 -5.69307533
288 -591.46166992 -5.68713144
289 -590.59613037 -5.67880895
290 -591.45184326 -5.68703695
291 -590.53149414 -5.67818744
292 -590.46411133 -5.67753953
293 -590.67218018 -5.67954019
294 -590.51568604 -5.67803544
295 -590.35278320 -5.67646907
296 -590.27453613 -5.67571669
297 -589.90325928 -5.67214672
298 -589.75207520 -5.67069303
299 -589.36999512 -5.66701918
300 -588.60455322 -5.65965917
301 -588.43548584 -5.65803352
302 -588.80737305 -5.66160936
303 -588.17407227 -5.65551993
304 -588.39385986 -5.65763327
305 -587.04547119 -5.64466799
306 -585.96728516 -5.63430082
307 -585.95141602 -5.63414823
308 -587.03808594 -5.64459698
309 -587.56555176 -5.64966877
310 -587.63244629 -5.65031198
311 -587.28472900 -5.64696855
312 -587.47167969 -5.64876615
313 -586.56311035 -5.64002991
314 -585.61340332 -5.63089811
315 -584.65515137 -5.62168415
316 -584.32824707 -5.61854084
317 -584.64233398 -5.62156090
318 -583.53875732 -5.61094959
319 -583.07440186 -5.60648463
320 -582.04992676 -5.59663391
321 -581.58050537 -5.59212024
322 -581.02563477 -5.58678495
323 -580.55346680 -5.58224487
324 -579.81054688 -5.57510141
325 -580.46862793 -5.58142911
326 -579.93017578 -5.57625169
327 -580.18914795 -5.57874181
328 -580.10485840 -5.57793133
329 -579.76953125 -5.57470703
330 -579.93627930 -5.57631038
331 -581.00396729 -5.58657661
332 -580.67791748 -5.58344151
333 -581.04840088 -5.58700385
334 -580.99188232 -5.58646041
335 -580.75872803 -5.58421854
336 -581.46032715 -5.59096468
337 -581.81732178 -5.59439732
338 -581.47515869 -5.59110730
339 -581.56127930 -5.59193538
340 -582.03277588 -5.59646900
341 -581.83105469 -5.59452937
342 -581.40002441 -5.59038485
343 -581.83105469 -5.59452937
344 -580.26348877 -5.57945662
345 -580.97644043 -5.58631193
346 -580.42163086 -5.58097722
347 -581.16308594 -5.58810660
348 -581.05371094 -5.58705491
349 -580.86828613 -5.58527198
350 -581.40222168 -5.59040598
351 -582.18798828 -5.59796143
352 -581.97503662 -5.59591381
353 -582.23358154 -5.59839982
354 -581.13940430 -5.58787889
355 -581.14697266 -5.58795166
356 -581.24511719 -5.58889536
357 -580.38067627 -5.58058343
358 -579.43737793 -5.57151325
359 -578.10437012 -5.55869587
360 -578.22320557 -5.55983852
361 -577.88000488 -5.55653851
362 -579.15649414 -5.56881244
363 -578.90405273 -5.56638512
364 -579.07946777 -5.56807181
365 -579.05804443 -5.56786581
366 -579.49151611 -5.57203381
367 -580.07354736 -5.57763026
368 -579.90795898 -5.57603807
369 -579.19415283 -5.56917455
370 -578.49816895 -5.56248239
371 -577.20080566 -5.55000775
372 -577.14758301 -5.54949599
373 -575.90173340 -5.53751667
374 -575.12847900 -5.53008153
375 -574.83099365 -5.52722109
376 -573.87475586 -5.51802650
377 -573.73236084 -5.51665732
378 -572.96899414 -5.50931725
379 -572.04687500 -5.50045072
380 -572.96582031 -5.50928673
381 -573.89526367 -5.51822369
382 -572.90039062 -5.50865760
383 -572.77545166 -5.50745627
384 -572.44598389 -5.50428831
385 -570.75286865 -5.48800835
386 -570.28430176 -5.48350290
387 -570.33874512 -5.48402640
388 -571.31988525 -5.49346044
389 -571.86560059 -5.49870770
390 -572.87988281 -5.50846041
391 -573.25244141 -5.51204271
392 -574.02258301 -5.51944791
393 -573.92718506 -5.51853063
394 -572.55847168 -5.50536992
395 -571.19689941 -5.49227788
396 -569.74053955 -5.47827442
397 -568.89062500 -5.47010216
398 -567.85791016 -5.46017221
399 -566.52502441 -5.44735600
400 -566.21893311 -5.44441282
401 -566.78161621 -5.44982323
402 -566.93792725 -5.45132622
403 -566.59167480 -5.44799687
404 -565.86975098 -5.44105530
405 -565.53753662 -5.43786093
406 -564.05303955 -5.42358692
407 -561.89447021 -5.40283144
408 -562.12371826 -5.40503575
409 -562.25433350 -5.40629167
410 -562.13604736 -5.40515430
411 -564.35046387 -5.42644677
412 -565.53265381 -5.43781398
413 -564.84045410 -5.43115821
414 -563.32696533 -5.41660544
415 -562.22326660 -5.40599295
416 -564.35253906 -5.42646672
417 -563.96099854 -5.42270191
418 -563.71411133 -5.42032799
419 -563.96704102 -5.42276001
420 -564.23175049 -5.42530529
421 -564.50610352 -5.42794330
422 -563.08880615 -5.41431544
423 -564.01000977 -5.42317317
424 -562.31341553 -5.40685976
425 -561.88214111 -5.40271290
426 -561.25476074 -5.39668039
427 -560.17590332 -5.38630676
428 -560.37579346 -5.38822878
429 -558.97009277 -5.37471243
430 -558.98510742 -5.37485680
431 -558.62402344 -5.37138484
432 -559.04187012 -5.37540260
433 -559.02917480 -5.37528053
434 -559.10906982 -5.37604875
435 -559.91345215 -5.38378319
436 -559.94482422 -5.38408485
437 -559.01989746 -5.37519132
438 -560.03424072 -5.38494462
439 -560.43725586 -5.38881977
440 -561.59826660 -5.39998333
441 -561.22967529 -5.39643919
442 -560.92749023 -5.39353356
443 -561.88800049 -5.40276924
444 -561.73815918 -5.40132845
445 -563.21911621 -5.41556843
446 -563.06170654 -5.41405487
447 -563.34124756 -5.41674276
448 -563.06604004 -5.41409654
449 -562.85644531 -5.41208120
450 -562.61016846 -5.40971316
451 -561.30212402 -5.39713581
452 -562.29125977 -5.40664673
453 -561.47747803 -5.39882190
454 -561.70166016 -5.40097750
455 -561.86712646 -5.40256852
456 -561.51684570 -5.39920044
457 -562.06054688 -5.40442834
458 -561.63134766 -5.40030142
459 -560.80932617 -5.39239737
460 -560.91760254 -5.39343849
461 -560.51007080 -5.38951991
462 -559.72210693 -5.38194334
463 -559.08990479 -5.37586447
464 -560.09014893 -5.38548220
465 -560.97833252 -5.39402243
466 -560.05017090 -5.38509780
467 -557.82489014 -5.36370087
468 -557.21417236 -5.35782858
469 -555.73858643 -5.34364025
470 -556.46099854 -5.35058652
471 -555.49462891 -5.34129451
472 -555.10754395 -5.33757254
473 -554.81109619 -5.33472208
474 -554.10119629 -5.32789612
475 -554.16693115 -5.32852818
476 -554.49243164 -5.33165800
477 -554.84509277 -5.33504897
478 -556.09771729 -5.34709344
479 -558.20220947 -5.36732894
480 -557.96600342 -5.36505773
481 -558.13897705 -5.36672093
482 -558.10095215 -5.36635531
483 -556.56188965 -5.35155663
484 -556.71496582 -5.35302852
485 -555.51177979 -5.34145942
486 -555.13781738 -5.33786363
487 -554.74737549 -5.33410938
488 -554.59936523 -5.33268620
489 -554.86273193 -5.33521858
490 -555.94934082 -5.34566674
491 -554.48504639 -5.33158698
492 -551.83471680 -5.30610305
493 -550.53222656 -5.29357910
494 -550.91046143 -5.29721598
495 -552.19976807 -5.30961315
496 -552.25256348 -5.31012080
497 -551.54589844 -5.30332595
498 -549.86248779 -5.28713931
499 -550.09545898 -5.28937941
500 -548.81127930 -5.27703153
501 -547.19787598 -5.26151804
502 -546.97204590 -5.25934660
503 -544.92706299 -5.23968330
504 -544.63494873 -5.23687451
505 -542.95800781 -5.22075008
506 -541.72418213 -5.20888637
507 -542.59100342 -5.21722119
508 -543.76940918 -5.22855201
509 -543.00372314 -5.22118965
510 -543.10095215 -5.22212454
511 -543.63818359 -5.22729023
512 -542.98181152 -5.22097896
513 -543.07562256 -5.22188099
514 -543.43542480 -5.22534062
515 -543.33972168 -5.22442040
516 -543.80676270 -5.22891118
517 -542.40551758 -5.21543767
518 -542.19134521 -5.21337832
519 -541.03320312 -5.20224234
520 -540.61779785 -5.19824806
521 -539.18328857 -5.18445470
522 -538.58056641 -5.17865929
523 -537.39886475 -5.16729678
524 -536.02709961 -5.15410673
525 -534.58416748 -5.14023238
526 -534.68261719 -5.14117901
527 -532.05004883 -5.11586585
528 -534.35803223 -5.13805800
529 -535.52294922 -5.14925913
530 -534.68133545 -5.14116669
531 -533.62927246 -5.13105070
532 -533.26800537 -5.12757697
533 -533.62695312 -5.13102840
534 -532.60260010 -5.12117885
535 -534.49249268 -5.13935089
536 -532.14147949 -5.11674500
537 -533.44268799 -5.12925662
538 -531.44989014 -5.11009510
539 -527.97460938 -5.07667894
540 -525.69348145 -5.05474501
541 -524.31909180 -5.04152973
542 -522.48693848 -5.02391287
543 -519.81195068 -4.99819183
544 -519.84472656 -4.99850699
545 -522.76257324 -5.02656320
546 -526.37463379 -5.06129456
547 -524.92675781 -5.04737267
548 -527.49371338 -5.07205494
549 -525.09777832 -5.04901710
550 -524.53356934 -5.04359201
551 -523.64300537 -5.03502890
552 -525.88140869 -5.05655201
553 -525.93072510 -5.05702620
554 -522.19458008 -5.02110173
555 -521.64270020 -5.01579519
556 -522.12670898 -5.02044912
557 -518.75683594 -4.98804650
558 -518.82574463 -4.98870908
559 -518.53564453 -4.98591966
560 -517.99462891 -4.98071759
561 -518.63916016 -4.98691500
562 -521.29992676 -5.01249930
563 -520.84527588 -5.00812765
564 -521.55297852 -5.01493249
565 -522.84051514 -5.02731265
566 -522.24737549 -5.02160938
567 -521.03814697 -5.00998218
568 -524.35668945 -5.04189124
569 -525.64923096 -5.05431953
570 -525.12786865 -5.04930643
571 -522.66882324 -5.02566176
572 -521.32055664 -5.01269766
573 -521.28039551 -5.01231150
574 -522.15209961 -5.02069327
575 -525.12768555 -5.04930467
576 -521.60180664 -5.01540199
577 -521.91864014 -5.01844846
578 -520.07763672 -5.00074651
579 -519.50720215 -4.99526156
580 -520.13140869 -5.00126355
581 -518.88244629 -4.98925429
582 -517.45855713 -4.97556305
583 -517.67987061 -4.97769106
584 -518.00860596 -4.98085198
585 -519.56048584 -4.99577390
586 -519.52026367 -4.99538715
587 -519.34741211 -4.99372512
588 -518.51477051 -4.98571895
589 -519.05175781 -4.99088229
590 -518.45892334 -4.98518196
591 -519.71319580 -4.99724227
592 -519.11547852 -4.99149499
593 -517.12536621 -4.97235929
