0 -698.20800781 -6.91295057
1 -698.21820068 -6.91305149
2 -698.22436523 -6.91311253
3 -698.23449707 -6.91321284
4 -698.24084473 -6.91327569
5 -698.24694824 -6.91333612
6 -698.25134277 -6.91337963
7 -698.25549316 -6.91342072
8 -698.25854492 -6.91345094
9 -698.26031494 -6.91346846
10 -698.26147461 -6.91347995
11 -698.26495361 -6.91351439
12 -698.27001953 -6.91356455
13 -698.27355957 -6.91359960
14 -698.27612305 -6.91362498
15 -698.27941895 -6.91365761
16 -698.28314209 -6.91369448
17 -698.28594971 -6.91372227
18 -698.28851318 -6.91374766
19 -698.29199219 -6.91378210
20 -698.29534912 -6.91381534
21 -698.29827881 -6.91384434
22 -698.30102539 -6.91387154
23 -698.30163574 -6.91387758
24 -698.30432129 -6.91390417
25 -698.30786133 -6.91393922
26 -698.30841064 -6.91394466
27 -698.31134033 -6.91397367
28 -698.31408691 -6.91400086
29 -698.31713867 -6.91403108
30 -698.32000732 -6.91405948
31 -698.31994629 -6.91405887
32 -698.32373047 -6.91409634
33 -698.32348633 -6.91409392
34 -698.32543945 -6.91411326
35 -698.32824707 -6.91414106
36 -698.33050537 -6.91416342
37 -698.33135986 -6.91417188
38 -698.33074951 -6.91416584
39 -698.33148193 -6.91417309
40 -698.33496094 -6.91420753
41 -698.33563232 -6.91421418
42 -698.33581543 -6.91421599
43 -698.33624268 -6.91422022
44 -698.33764648 -6.91423412
45 -698.33801270 -6.91423775
46 -698.34155273 -6.91427280
47 -698.34136963 -6.91427099
48 -698.34417725 -6.91429878
49 -698.34576416 -6.91431450
50 -698.34515381 -6.91430845
51 -698.34808350 -6.91433746
52 -698.34948730 -6.91435136
53 -698.34918213 -6.91434834
54 -698.35040283 -6.91436042
55 -698.35095215 -6.91436586
56 -698.35046387 -6.91436103
57 -698.35119629 -6.91436828
58 -698.35491943 -6.91440514
59 -698.35546875 -6.91441058
60 -698.35729980 -6.91442871
61 -698.35632324 -6.91441904
62 -698.35882568 -6.91444382
63 -698.35748291 -6.91443052
64 -698.35583496 -6.91441421
65 -698.35992432 -6.91445470
66 -698.35906982 -6.91444624
67 -698.36016846 -6.91445711
68 -698.36193848 -6.91447464
69 -698.36340332 -6.91448914
70 -698.36663818 -6.91452117
71 -698.36627197 -6.91451754
72 -698.36663818 -6.91452117
73 -698.36645508 -6.91451936
74 -698.36718750 -6.91452661
75 -698.36657715 -6.91452057
76 -698.36621094 -6.91451694
77 -698.36450195 -6.91450002
78 -698.36706543 -6.91452540
79 -698.36846924 -6.91453930
80 -698.37145996 -6.91456891
81 -698.37310791 -6.91458523
82 -698.37237549 -6.91457798
83 -698.37335205 -6.91458764
84 -698.37225342 -6.91457677
85 -698.37512207 -6.91460517
86 -698.37268066 -6.91458100
87 -698.37567139 -6.91461061
88 -698.37597656 -6.91461363
89 -698.37609863 -6.91461484
90 -698.37445068 -6.91459852
91 -698.37548828 -6.91460879
92 -698.38067627 -6.91466016
93 -698.38177490 -6.91467104
94 -698.38220215 -6.91467527
95 -698.38323975 -6.91468554
96 -698.38012695 -6.91465472
97 -698.37945557 -6.91464807
98 -698.38244629 -6.91467769
99 -698.38067627 -6.91466016
100 -698.38653564 -6.91471817
101 -698.38482666 -6.91470125
102 -698.38287354 -6.91468192
103 -698.38690186 -6.91472180
104 -698.38513184 -6.91470428
105 -698.38256836 -6.91467889
106 -698.38128662 -6.91466620
107 -698.38006592 -6.91465412
108 -698.38098145 -6.91466318
109 -698.38079834 -6.91466137
110 -698.38427734 -6.91469582
111 -698.38671875 -6.91471999
112 -698.38525391 -6.91470548
113 -698.38403320 -6.91469340
114 -698.38452148 -6.91469823
115 -698.38800049 -6.91473268
116 -698.38537598 -6.91470669
117 -698.38464355 -6.91469944
118 -698.38372803 -6.91469038
119 -698.39117432 -6.91476410
120 -698.38696289 -6.91472240
121 -698.38616943 -6.91471455
122 -698.38824463 -6.91473510
123 -698.38745117 -6.91472724
124 -698.38867188 -6.91473933
125 -698.38848877 -6.91473751
126 -698.39068604 -6.91475927
127 -698.38726807 -6.91472543
128 -698.39190674 -6.91477135
129 -698.38995361 -6.91475202
130 -698.39123535 -6.91476471
131 -698.38903809 -6.91474295
132 -698.39129639 -6.91476531
133 -698.39093018 -6.91476168
134 -698.39135742 -6.91476592
135 -698.38861084 -6.91473872
136 -698.39111328 -6.91476350
137 -698.39373779 -6.91478948
138 -698.39300537 -6.91478223
139 -698.38891602 -6.91474174
140 -698.38879395 -6.91474053
141 -698.39141846 -6.91476652
142 -698.39202881 -6.91477256
143 -698.39270020 -6.91477921
144 -698.39062500 -6.91475866
145 -698.39508057 -6.91480278
146 -698.39318848 -6.91478404
147 -698.39331055 -6.91478525
148 -698.39501953 -6.91480217
149 -698.39135742 -6.91476592
150 -698.39349365 -6.91478707
151 -698.39190674 -6.91477135
152 -698.39630127 -6.91481486
153 -698.39190674 -6.91477135
154 -698.39093018 -6.91476168
155 -698.40032959 -6.91485475
156 -698.39770508 -6.91482876
157 -698.39904785 -6.91484206
158 -698.39733887 -6.91482514
159 -698.39880371 -6.91483964
160 -698.39611816 -6.91481305
161 -698.39453125 -6.91479734
162 -698.39270020 -6.91477921
163 -698.39538574 -6.91480580
164 -698.39685059 -6.91482030
165 -698.39538574 -6.91480580
166 -698.39862061 -6.91483783
167 -698.39703369 -6.91482212
168 -698.39642334 -6.91481607
169 -698.39678955 -6.91481970
170 -698.39221191 -6.91477438
171 -698.39154053 -6.91476773
172 -698.39538574 -6.91480580
173 -698.39312744 -6.91478344
174 -698.39404297 -6.91479250
175 -698.39361572 -6.91478827
176 -698.39465332 -6.91479855
177 -698.39514160 -6.91480338
178 -698.39251709 -6.91477740
179 -698.39843750 -6.91483601
180 -698.39416504 -6.91479371
181 -698.39837646 -6.91483541
182 -698.39782715 -6.91482997
183 -698.39886475 -6.91484025
184 -698.39746094 -6.91482635
185 -698.39746094 -6.91482635
186 -698.39990234 -6.91485052
187 -698.40026855 -6.91485414
188 -698.40081787 -6.91485958
189 -698.40246582 -6.91487590
190 -698.40490723 -6.91490007
191 -698.39984131 -6.91484991
192 -698.40399170 -6.91489101
193 -698.40533447 -6.91490430
194 -698.40692139 -6.91492001
195 -698.40637207 -6.91491457
196 -698.40722656 -6.91492304
197 -698.40576172 -6.91490853
198 -698.40753174 -6.91492606
199 -698.40454102 -6.91489645
200 -698.40881348 -6.91493875
201 -698.40112305 -6.91486260
202 -698.39990234 -6.91485052
203 -698.40216064 -6.91487288
204 -698.40795898 -6.91493029
205 -698.40161133 -6.91486744
206 -698.40026855 -6.91485414
207 -698.40087891 -6.91486019
208 -698.40783691 -6.91492908
209 -698.40667725 -6.91491760
210 -698.40307617 -6.91488194
211 -698.40728760 -6.91492364
212 -698.40563965 -6.91490732
213 -698.40582275 -6.91490914
214 -698.40716553 -6.91492243
215 -698.41168213 -6.91496715
216 -698.41058350 -6.91495627
217 -698.40863037 -6.91493693
218 -698.40417480 -6.91489282
219 -698.40930176 -6.91494358
220 -698.40856934 -6.91493633
221 -698.40521240 -6.91490309
222 -698.40618896 -6.91491276
223 -698.40692139 -6.91492001
224 -698.40887451 -6.91493935
225 -698.40576172 -6.91490853
226 -698.40393066 -6.91489040
227 -698.40478516 -6.91489886
228 -698.40625000 -6.91491337
229 -698.41162109 -6.91496655
230 -698.40551758 -6.91490611
231 -698.40942383 -6.91494479
232 -698.40539551 -6.91490491
233 -698.40332031 -6.91488436
234 -698.40173340 -6.91486865
235 -698.40582275 -6.91490914
236 -698.40454102 -6.91489645
237 -698.40435791 -6.91489463
238 -698.40478516 -6.91489886
239 -698.41058350 -6.91495627
240 -698.40966797 -6.91494721
241 -698.40625000 -6.91491337
242 -698.41082764 -6.91495869
243 -698.41296387 -6.91497984
244 -698.41174316 -6.91496775
245 -698.41101074 -6.91496050
246 -698.41180420 -6.91496836
247 -698.41107178 -6.91496111
248 -698.40936279 -6.91494419
249 -698.40979004 -6.91494842
250 -698.40667725 -6.91491760
251 -698.40838623 -6.91493452
252 -698.40649414 -6.91491578
253 -698.40832520 -6.91493391
254 -698.40979004 -6.91494842
255 -698.41149902 -6.91496534
256 -698.41687012 -6.91501852
257 -698.41119385 -6.91496232
258 -698.41223145 -6.91497259
259 -698.41809082 -6.91503060
260 -698.41076660 -6.91495809
261 -698.41479492 -6.91499797
262 -698.41668701 -6.91501670
263 -698.41174316 -6.91496775
264 -698.40612793 -6.91491216
265 -698.41052246 -6.91495567
266 -698.41088867 -6.91495929
267 -698.41040039 -6.91495446
268 -698.41101074 -6.91496050
269 -698.40637207 -6.91491457
270 -698.41473389 -6.91499737
271 -698.40972900 -6.91494781
272 -698.41241455 -6.91497440
273 -698.41302490 -6.91498044
274 -698.41320801 -6.91498226
275 -698.41290283 -6.91497924
276 -698.41375732 -6.91498770
277 -698.41210938 -6.91497138
278 -698.40808105 -6.91493150
279 -698.41632080 -6.91501308
280 -698.41412354 -6.91499132
281 -698.41088867 -6.91495929
282 -698.41229248 -6.91497319
283 -698.41448975 -6.91499495
284 -698.41180420 -6.91496836
285 -698.41101074 -6.91496050
286 -698.40942383 -6.91494479
287 -698.40783691 -6.91492908
288 -698.41015625 -6.91495204
289 -698.41717529 -6.91502154
290 -698.41674805 -6.91501731
291 -698.41430664 -6.91499314
292 -698.41107178 -6.91496111
293 -698.41076660 -6.91495809
294 -698.40991211 -6.91494962
295 -698.41027832 -6.91495325
296 -698.40985107 -6.91494902
297 -698.41369629 -6.91498709
298 -698.41644287 -6.91501429
299 -698.41021729 -6.91495265
300 -698.40991211 -6.91494962
301 -698.41235352 -6.91497380
302 -698.40454102 -6.91489645
303 -698.40966797 -6.91494721
304 -698.41033936 -6.91495386
305 -698.41058350 -6.91495627
306 -698.40588379 -6.91490974
307 -698.40893555 -6.91493996
308 -698.40875244 -6.91493814
309 -698.40844727 -6.91493512
310 -698.41619873 -6.91501187
311 -698.41320801 -6.91498226
312 -698.41088867 -6.91495929
313 -698.41424561 -6.91499253
314 -698.41772461 -6.91502698
315 -698.41552734 -6.91500522
316 -698.41809082 -6.91503060
317 -698.41351318 -6.91498528
318 -698.40966797 -6.91494721
319 -698.40710449 -6.91492183
320 -698.41516113 -6.91500160
321 -698.40869141 -6.91493754
322 -698.41210938 -6.91497138
323 -698.41821289 -6.91503181
324 -698.41802979 -6.91503000
325 -698.41308594 -6.91498105
326 -698.41168213 -6.91496715
327 -698.40966797 -6.91494721
328 -698.41278076 -6.91497803
329 -698.40386963 -6.91488980
330 -698.40179443 -6.91486925
331 -698.40905762 -6.91494116
332 -698.40478516 -6.91489886
333 -698.40155029 -6.91486683
334 -698.40887451 -6.91493935
335 -698.41369629 -6.91498709
336 -698.40783691 -6.91492908
337 -698.40557861 -6.91490672
338 -698.40270996 -6.91487832
339 -698.41571045 -6.91500703
340 -698.40692139 -6.91492001
341 -698.40637207 -6.91491457
342 -698.40637207 -6.91491457
343 -698.40661621 -6.91491699
344 -698.40747070 -6.91492545
345 -698.40472412 -6.91489826
346 -698.40753174 -6.91492606
347 -698.40216064 -6.91487288
348 -698.40753174 -6.91492606
349 -698.40557861 -6.91490672
350 -698.40173340 -6.91486865
351 -698.40649414 -6.91491578
352 -698.39874268 -6.91483904
353 -698.40277100 -6.91487892
