0 -399.18658447 -6.65310974
1 -399.16726685 -6.65278778
2 -399.15454102 -6.65257568
3 -399.12939453 -6.65215658
4 -399.11312866 -6.65188548
5 -399.07745361 -6.65129089
6 -399.05834961 -6.65097249
7 -399.02996826 -6.65049947
8 -398.98681641 -6.64978027
9 -398.92501831 -6.64875031
10 -398.92315674 -6.64871928
11 -398.91079712 -6.64851329
12 -398.86639404 -6.64777323
13 -398.84484863 -6.64741414
14 -398.80639648 -6.64677327
15 -398.80551147 -6.64675852
16 -398.77938843 -6.64632314
17 -398.71255493 -6.64520925
18 -398.62472534 -6.64374542
19 -398.56707764 -6.64278463
20 -398.57714844 -6.64295247
21 -398.52645874 -6.64210765
22 -398.48410034 -6.64140167
23 -398.46652222 -6.64110870
24 -398.41162109 -6.64019368
25 -398.34579468 -6.63909658
26 -398.26113892 -6.63768565
27 -398.27096558 -6.63784943
28 -398.23672485 -6.63727875
29 -398.19152832 -6.63652547
30 -398.09228516 -6.63487142
31 -398.06762695 -6.63446045
32 -398.05383301 -6.63423055
33 -398.02331543 -6.63372192
34 -398.03186035 -6.63386434
35 -397.96142578 -6.63269043
36 -397.93002319 -6.63216705
37 -397.89974976 -6.63166250
38 -397.81396484 -6.63023275
39 -397.72909546 -6.62881826
40 -397.75250244 -6.62920837
41 -397.70474243 -6.62841237
42 -397.57913208 -6.62631887
43 -397.55462646 -6.62591044
44 -397.50823975 -6.62513733
45 -397.40951538 -6.62349192
46 -397.42517090 -6.62375285
47 -397.39544678 -6.62325745
48 -397.47595215 -6.62459920
49 -397.50625610 -6.62510427
50 -397.53839111 -6.62563985
51 -397.56808472 -6.62613475
52 -397.53530884 -6.62558848
53 -397.51980591 -6.62533010
54 -397.40109253 -6.62335154
55 -397.29608154 -6.62160136
56 -397.26196289 -6.62103271
57 -397.22076416 -6.62034607
58 -397.19631958 -6.61993866
59 -397.12911987 -6.61881866
60 -396.98901367 -6.61648356
61 -397.08889771 -6.61814830
62 -396.98391724 -6.61639862
63 -396.83819580 -6.61396993
64 -396.80264282 -6.61337738
65 -396.71307373 -6.61188456
66 -396.63473511 -6.61057892
67 -396.51013184 -6.60850220
68 -396.51763916 -6.60862732
69 -396.44134521 -6.60735575
70 -396.29855347 -6.60497589
71 -396.22619629 -6.60376994
72 -396.23529053 -6.60392151
73 -396.25531006 -6.60425517
74 -396.08654785 -6.60144246
75 -396.04959106 -6.60082652
76 -396.00628662 -6.60010478
77 -396.08981323 -6.60149689
78 -396.03747559 -6.60062459
79 -395.99154663 -6.59985911
80 -395.84979248 -6.59749654
81 -395.85000610 -6.59750010
82 -395.86871338 -6.59781189
83 -395.83560181 -6.59726003
84 -395.73831177 -6.59563853
85 -395.52825928 -6.59213765
86 -395.53073120 -6.59217885
87 -395.58618164 -6.59310303
88 -395.63403320 -6.59390055
89 -395.74752808 -6.59579213
90 -395.91445923 -6.59857432
91 -395.85482788 -6.59758046
92 -395.74584961 -6.59576416
93 -395.64776611 -6.59412944
94 -395.69107056 -6.59485118
95 -395.80490112 -6.59674835
96 -395.61895752 -6.59364929
97 -395.51821899 -6.59197032
98 -395.48461914 -6.59141032
99 -395.44833374 -6.59080556
100 -395.41186523 -6.59019775
101 -395.33215332 -6.58886922
102 -395.18334961 -6.58638916
103 -395.16503906 -6.58608398
104 -395.04693604 -6.58411560
105 -395.06811523 -6.58446859
106 -395.06329346 -6.58438822
107 -394.98233032 -6.58303884
108 -394.94989014 -6.58249817
109 -394.73358154 -6.57889303
110 -394.76007080 -6.57933451
111 -394.67730713 -6.57795512
112 -394.46646118 -6.57444102
113 -394.51455688 -6.57524261
114 -394.68222046 -6.57803701
115 -394.63061523 -6.57717692
116 -394.59603882 -6.57660065
117 -394.35488892 -6.57258148
118 -394.51254272 -6.57520905
119 -394.62475586 -6.57707926
120 -394.65136719 -6.57752279
121 -394.22033691 -6.57033895
122 -394.08865356 -6.56814423
123 -393.82952881 -6.56382548
124 -393.60650635 -6.56010844
125 -393.67770386 -6.56129506
126 -393.33773804 -6.55562897
127 -393.07867432 -6.55131124
128 -392.96063232 -6.54934387
129 -393.07409668 -6.55123494
130 -392.72662354 -6.54544373
131 -392.58648682 -6.54310811
132 -392.60192871 -6.54336548
133 -392.70462036 -6.54507701
134 -392.83572388 -6.54726206
135 -392.99676514 -6.54994609
136 -393.03018188 -6.55050303
137 -392.96725464 -6.54945424
138 -392.83721924 -6.54728699
139 -392.79678345 -6.54661306
140 -392.84661865 -6.54744364
141 -392.73541260 -6.54559021
142 -392.76608276 -6.54610138
143 -392.55926514 -6.54265442
144 -392.44851685 -6.54080861
145 -392.66311646 -6.54438527
146 -392.40139771 -6.54002330
147 -392.24566650 -6.53742778
148 -391.85235596 -6.53087260
149 -391.88485718 -6.53141429
150 -391.81466675 -6.53024445
151 -391.89535522 -6.53158925
152 -391.76528931 -6.52942149
153 -391.74774170 -6.52912903
154 -391.66848755 -6.52780813
155 -391.68313599 -6.52805227
156 -391.61279297 -6.52687988
157 -391.56799316 -6.52613322
158 -391.48037720 -6.52467295
159 -391.47290039 -6.52454834
160 -390.91140747 -6.51519012
161 -391.04425049 -6.51740417
162 -390.96490479 -6.51608175
163 -391.14093018 -6.51901550
164 -391.27352905 -6.52122548
165 -391.22341919 -6.52039032
166 -391.06277466 -6.51771291
167 -391.12850952 -6.51880849
168 -390.91128540 -6.51518809
169 -390.67904663 -6.51131744
170 -390.83850098 -6.51397502
171 -390.70065308 -6.51167755
172 -390.66662598 -6.51111043
173 -390.25302124 -6.50421702
174 -389.84802246 -6.49746704
175 -389.50552368 -6.49175873
176 -389.42379761 -6.49039663
177 -389.47103882 -6.49118398
178 -389.21719360 -6.48695323
179 -389.36056519 -6.48934275
180 -389.79339600 -6.49655660
181 -389.69497681 -6.49491628
182 -389.82559204 -6.49709320
183 -389.92062378 -6.49867706
184 -389.80752563 -6.49679209
185 -389.94485474 -6.49908091
186 -389.67544556 -6.49459076
187 -389.86840820 -6.49780680
188 -389.62899780 -6.49381663
189 -389.26647949 -6.48777466
190 -389.25048828 -6.48750814
191 -388.92077637 -6.48201294
192 -389.04272461 -6.48404541
193 -388.84265137 -6.48071086
194 -389.00375366 -6.48339589
195 -388.81869507 -6.48031158
196 -388.78872681 -6.47981211
197 -388.94491577 -6.48241526
198 -388.39053345 -6.47317556
199 -388.47894287 -6.47464905
200 -388.28152466 -6.47135874
201 -388.36602783 -6.47276713
202 -388.10363770 -6.46839396
203 -387.75482178 -6.46258036
204 -387.69403076 -6.46156718
205 -387.33352661 -6.45555878
206 -387.12484741 -6.45208079
207 -386.75894165 -6.44598236
208 -386.87167358 -6.44786123
209 -386.77163696 -6.44619395
210 -386.92272949 -6.44871216
211 -386.89407349 -6.44823456
212 -386.28234863 -6.43803914
213 -385.80804443 -6.43013407
214 -385.66455078 -6.42774251
215 -385.61968994 -6.42699483
216 -385.63168335 -6.42719472
217 -385.11743164 -6.41862386
218 -385.55569458 -6.42592824
219 -385.03698730 -6.41728312
220 -385.35488892 -6.42258148
221 -385.22186279 -6.42036438
222 -385.67599487 -6.42793325
223 -385.81402588 -6.43023376
224 -386.11187744 -6.43519796
225 -385.04537964 -6.41742299
226 -384.83715820 -6.41395264
227 -384.89511108 -6.41491852
228 -384.21340942 -6.40355682
229 -384.11868286 -6.40197805
230 -383.69824219 -6.39497070
231 -383.75872803 -6.39597880
232 -383.95169067 -6.39919484
233 -383.93505859 -6.39891764
234 -384.08477783 -6.40141296
235 -383.64239502 -6.39403992
236 -383.70480347 -6.39508006
237 -383.69961548 -6.39499359
238 -383.64230347 -6.39403839
239 -383.24081421 -6.38734690
240 -383.66540527 -6.39442342
241 -383.67343140 -6.39455719
242 -383.59280396 -6.39321340
243 -382.94274902 -6.38237915
244 -382.89544678 -6.38159078
245 -383.31927490 -6.38865458
246 -383.53381348 -6.39223022
247 -383.20895386 -6.38681590
248 -383.48602295 -6.39143372
249 -383.44998169 -6.39083303
250 -382.84249878 -6.38070831
251 -382.71612549 -6.37860209
252 -381.93734741 -6.36562246
253 -381.21975708 -6.35366262
254 -381.13571167 -6.35226186
255 -380.88146973 -6.34802450
256 -380.43847656 -6.34064128
257 -380.32418823 -6.33873647
258 -380.48471069 -6.34141184
259 -379.95108032 -6.33251801
260 -379.79061890 -6.32984365
261 -380.01403809 -6.33356730
262 -380.76730347 -6.34612172
263 -381.28924561 -6.35482076
264 -381.16207886 -6.35270131
265 -381.18161011 -6.35302684
266 -381.28671265 -6.35477854
267 -381.76657104 -6.36277618
268 -381.85739136 -6.36428986
269 -381.58029175 -6.35967153
270 -382.18856812 -6.36980947
271 -381.78842163 -6.36314036
272 -381.21151733 -6.35352529
273 -380.81646729 -6.34694112
274 -380.62942505 -6.34382375
275 -380.77020264 -6.34617004
276 -380.19522095 -6.33658702
277 -379.16015625 -6.31933594
278 -378.01547241 -6.30025787
279 -377.46075439 -6.29101257
280 -377.55419922 -6.29256999
281 -378.00189209 -6.30003153
282 -378.64169312 -6.31069489
283 -378.79895020 -6.31331584
284 -378.74707031 -6.31245117
285 -379.14508057 -6.31908468
286 -378.20867920 -6.30347799
287 -377.77987671 -6.29633128
288 -377.97177124 -6.29952952
289 -376.76226807 -6.27937113
290 -375.91381836 -6.26523031
291 -375.50787354 -6.25846456
292 -376.53710938 -6.27561849
293 -376.94436646 -6.28240611
294 -377.12258911 -6.28537649
295 -376.12487793 -6.26874797
296 -376.03118896 -6.26718648
297 -375.75506592 -6.26258443
298 -375.13796997 -6.25229950
299 -375.15969849 -6.25266164
300 -375.09405518 -6.25156759
301 -375.86184692 -6.26436412
302 -375.66046143 -6.26100769
303 -375.62710571 -6.26045176
304 -377.34106445 -6.28901774
305 -377.64871216 -6.29414520
306 -377.43026733 -6.29050446
307 -376.61328125 -6.27688802
308 -377.21429443 -6.28690491
309 -376.79513550 -6.27991892
310 -376.76235962 -6.27937266
311 -376.95156860 -6.28252614
312 -376.08755493 -6.26812592
313 -376.06130981 -6.26768850
314 -375.82180786 -6.26369680
315 -375.05044556 -6.25084076
316 -374.62026978 -6.24367116
317 -374.01663208 -6.23361053
318 -373.20709229 -6.22011820
319 -372.56329346 -6.20938822
320 -372.27322388 -6.20455373
321 -371.15026855 -6.18583781
322 -371.52578735 -6.19209646
323 -371.36029053 -6.18933818
324 -372.36978149 -6.20616302
325 -372.09338379 -6.20155640
326 -372.38894653 -6.20648244
327 -372.97866821 -6.21631114
328 -373.09313965 -6.21821899
329 -373.06729126 -6.21778819
330 -372.16198730 -6.20269979
331 -371.41265869 -6.19021098
332 -371.52465820 -6.19207764
333 -372.70602417 -6.21176707
334 -371.79434204 -6.19657237
335 -372.30914307 -6.20515238
336 -370.52996826 -6.17549947
337 -368.85159302 -6.14752655
338 -369.91336060 -6.16522268
339 -369.05780029 -6.15096334
340 -368.63818359 -6.14396973
341 -369.44445801 -6.15740763
342 -368.71557617 -6.14525960
343 -368.50363159 -6.14172719
344 -367.76510620 -6.12941844
345 -367.92602539 -6.13210042
346 -366.58901978 -6.10981700
347 -365.71051025 -6.09517517
348 -365.72824097 -6.09547068
349 -365.06716919 -6.08445282
350 -365.51766968 -6.09196116
351 -364.96994019 -6.08283234
352 -363.91876221 -6.06531270
353 -363.69738770 -6.06162313
354 -362.81555176 -6.04692586
355 -362.59494019 -6.04324900
356 -362.20800781 -6.03680013
357 -362.68908691 -6.04481812
358 -362.13409424 -6.03556824
359 -362.95275879 -6.04921265
360 -362.46145630 -6.04102427
361 -362.76852417 -6.04614207
362 -362.03332520 -6.03388875
363 -362.66027832 -6.04433797
364 -363.03039551 -6.05050659
365 -363.61721802 -6.06028697
366 -363.04864502 -6.05081075
367 -363.09045410 -6.05150757
368 -363.00234985 -6.05003916
369 -364.16906738 -6.06948446
370 -363.76110840 -6.06268514
371 -364.70330811 -6.07838847
372 -364.87106323 -6.08118439
373 -364.36730957 -6.07278849
374 -363.48901367 -6.05815023
375 -364.47406006 -6.07456767
376 -363.59713745 -6.05995229
377 -364.20129395 -6.07002157
378 -364.10122681 -6.06835378
379 -363.59930420 -6.05998840
380 -364.07064819 -6.06784414
381 -363.67498779 -6.06124980
382 -363.75241089 -6.06254018
383 -362.59805298 -6.04330088
384 -361.29354858 -6.02155914
385 -360.17175293 -6.00286255
386 -360.38351440 -6.00639191
387 -360.69616699 -6.01160278
388 -361.66430664 -6.02773844
389 -361.76708984 -6.02945150
390 -362.39318848 -6.03988647
391 -362.13919067 -6.03565318
392 -362.96145630 -6.04935760
393 -362.99969482 -6.04999491
394 -362.60375977 -6.04339600
