0 -592.28302002 -6.43785891
1 -591.12182617 -6.42523724
2 -590.08032227 -6.41391655
3 -588.49365234 -6.39667013
4 -588.09698486 -6.39235853
5 -587.85009766 -6.38967497
6 -587.66088867 -6.38761836
7 -586.47698975 -6.37474989
8 -585.68591309 -6.36615123
9 -585.19354248 -6.36079937
10 -584.87847900 -6.35737477
11 -583.72393799 -6.34482541
12 -584.31024170 -6.35119828
13 -583.38446045 -6.34113544
14 -582.52728271 -6.33181829
15 -582.42779541 -6.33073691
16 -581.97393799 -6.32580367
17 -581.16687012 -6.31703120
18 -579.81091309 -6.30229253
19 -578.83557129 -6.29169099
20 -577.94067383 -6.28196385
21 -576.80255127 -6.26959295
22 -576.63171387 -6.26773602
23 -576.09082031 -6.26185674
24 -574.30895996 -6.24248870
25 -573.64202881 -6.23523944
26 -572.44244385 -6.22220048
27 -571.48480225 -6.21179133
28 -571.73016357 -6.21445830
29 -571.42779541 -6.21117169
30 -568.87097168 -6.18338013
31 -567.40539551 -6.16744995
32 -566.99114990 -6.16294728
33 -567.29217529 -6.16621930
34 -567.02630615 -6.16332941
35 -566.53472900 -6.15798618
36 -565.79943848 -6.14999390
37 -565.24237061 -6.14393881
38 -564.67181396 -6.13773711
39 -564.85308838 -6.13970748
40 -564.57019043 -6.13663250
41 -563.07495117 -6.12037990
42 -562.40563965 -6.11310478
43 -561.08551025 -6.09875555
44 -559.93267822 -6.08622476
45 -559.29101562 -6.07925017
46 -558.99993896 -6.07608629
47 -558.05682373 -6.06583504
48 -557.25952148 -6.05716871
49 -556.50921631 -6.04901322
50 -557.03265381 -6.05470276
51 -556.12792969 -6.04486880
52 -556.43243408 -6.04817863
53 -554.22332764 -6.02416660
54 -554.46313477 -6.02677320
55 -554.63024902 -6.02858966
56 -551.83813477 -5.99824060
57 -551.90185547 -5.99893321
58 -550.44927979 -5.98314435
59 -549.23883057 -5.96998729
60 -548.32073975 -5.96000804
61 -546.98828125 -5.94552480
62 -546.46435547 -5.93982995
63 -546.38134766 -5.93892769
64 -546.46008301 -5.93978351
65 -545.45587158 -5.92886817
66 -544.39221191 -5.91730665
67 -542.90258789 -5.90111509
68 -540.92602539 -5.87963071
69 -540.58959961 -5.87597391
70 -539.70062256 -5.86631111
71 -538.67584229 -5.85517220
72 -538.29913330 -5.85107754
73 -537.43896484 -5.84172788
74 -535.22515869 -5.81766477
75 -537.38568115 -5.84114871
76 -536.95642090 -5.83648284
77 -537.09051514 -5.83794038
78 -536.00683594 -5.82616126
79 -535.86029053 -5.82456838
80 -535.23559570 -5.81777821
81 -535.37823486 -5.81932864
82 -536.24530029 -5.82875326
83 -536.17504883 -5.82798966
84 -536.69177246 -5.83360622
85 -535.68206787 -5.82263117
86 -535.22052002 -5.81761435
87 -534.66436768 -5.81156921
88 -534.86090088 -5.81370544
89 -535.07800293 -5.81606525
90 -534.33154297 -5.80795155
91 -532.74560547 -5.79071310
92 -531.92730713 -5.78181856
93 -531.70135498 -5.77936255
94 -531.10272217 -5.77285568
95 -529.86297607 -5.75938017
96 -529.24645996 -5.75267891
97 -528.80279541 -5.74785647
98 -526.52862549 -5.72313723
99 -524.61712646 -5.70236007
100 -524.03320312 -5.69601308
101 -523.41741943 -5.68931978
102 -522.88049316 -5.68348362
103 -521.85748291 -5.67236394
104 -522.91119385 -5.68381732
105 -521.52838135 -5.66878675
