0 -746.37573242 -6.97547413
1 -745.15063477 -6.96402462
2 -742.16564941 -6.93612756
3 -736.11773682 -6.87960502
4 -728.13598633 -6.80500922
5 -716.95739746 -6.70053642
6 -702.66528320 -6.56696526
7 -687.30633545 -6.42342370
8 -671.84692383 -6.27894321
9 -655.45361328 -6.12573470
10 -638.16748047 -5.96418206
11 -617.03289795 -5.76666260
12 -602.82617188 -5.63388946
13 -582.63909912 -5.44522523
14 -567.58166504 -5.30450154
15 -556.05566406 -5.19678191
16 -543.29248047 -5.07749982
17 -529.61187744 -4.94964371
18 -518.25341797 -4.84348989
19 -504.59957886 -4.71588391
20 -503.08715820 -4.70174914
21 -500.30017090 -4.67570253
22 -492.04165649 -4.59852015
23 -485.39855957 -4.53643514
24 -476.78363037 -4.45592178
25 -472.37823486 -4.41474986
26 -464.78204346 -4.34375742
27 -460.90863037 -4.30755729
28 -451.36279297 -4.21834386
29 -442.02758789 -4.13109895
30 -444.78137207 -4.15683525
31 -441.82598877 -4.12921485
32 -438.92697144 -4.10212123
33 -437.91152954 -4.09263112
34 -437.26348877 -4.08657466
35 -433.26113892 -4.04916952
36 -429.48312378 -4.01386097
37 -426.83843994 -3.98914430
38 -422.62899780 -3.94980372
39 -420.53314209 -3.93021628
40 -420.99835205 -3.93456404
41 -418.47552490 -3.91098621
42 -416.41159058 -3.89169711
43 -419.88803101 -3.92418721
44 -420.76385498 -3.93237248
45 -418.18920898 -3.90831036
46 -416.79016113 -3.89523515
47 -417.53115845 -3.90216036
48 -416.78759766 -3.89521119
49 -420.76940918 -3.93242438
50 -420.73184204 -3.93207329
51 -419.74557495 -3.92285584
52 -419.07135010 -3.91655467
53 -420.40591431 -3.92902724
54 -417.49786377 -3.90184919
55 -415.05047607 -3.87897641
56 -406.80664062 -3.80193122
57 -404.49118042 -3.78029141
58 -392.91290283 -3.67208320
59 -393.00006104 -3.67289777
60 -399.45132446 -3.73318995
61 -405.47586060 -3.78949402
62 -410.40255737 -3.83553792
63 -411.16510010 -3.84266449
64 -413.07012939 -3.86046850
65 -411.77124023 -3.84832935
66 -412.11273193 -3.85152086
67 -410.49258423 -3.83637929
68 -406.81665039 -3.80202477
69 -404.71511841 -3.78238428
70 -404.33779907 -3.77885794
71 -404.38754272 -3.77932283
72 -401.92858887 -3.75634195
73 -402.97122192 -3.76608619
74 -406.88916016 -3.80270243
75 -404.72283936 -3.78245644
76 -398.33129883 -3.72272242
77 -388.76550293 -3.63332246
78 -386.04931641 -3.60793754
79 -382.74035645 -3.57701268
80 -375.31518555 -3.50761856
81 -369.41476440 -3.45247443
82 -366.08380127 -3.42134394
83 -364.63455200 -3.40779955
84 -365.41619873 -3.41510466
85 -364.91674805 -3.41043690
86 -355.99700928 -3.32707485
87 -351.97955322 -3.28952853
88 -359.27362061 -3.35769739
89 -362.57119751 -3.38851586
90 -364.97317505 -3.41096425
91 -351.98596191 -3.28958843
92 -337.45950317 -3.15382713
93 -342.59259033 -3.20179991
94 -348.38165283 -3.25590330
95 -346.44970703 -3.23784773
96 -349.78475952 -3.26901644
97 -347.70953369 -3.24962181
98 -348.68072510 -3.25869837
99 -341.36529541 -3.19032986
100 -346.83624268 -3.24146021
101 -356.81939697 -3.33476072
102 -362.34558105 -3.38640730
103 -370.29406738 -3.46069222
104 -370.55770874 -3.46315616
105 -374.30181885 -3.49814784
106 -381.96743774 -3.56978914
107 -380.88504028 -3.55967327
108 -379.66290283 -3.54825143
109 -385.90515137 -3.60659020
110 -384.09387207 -3.58966236
111 -390.30551147 -3.64771506
112 -392.00216675 -3.66357165
113 -397.27243042 -3.71282645
114 -400.33792114 -3.74147590
115 -400.86169434 -3.74637098
116 -401.31900024 -3.75064486
117 -400.88632202 -3.74660114
118 -407.18045044 -3.80542477
119 -393.51190186 -3.67768133
120 -398.86700439 -3.72772901
121 -388.15490723 -3.62761596
122 -379.56207275 -3.54730909
123 -383.35894775 -3.58279390
124 -394.75390625 -3.68928884
125 -391.83905029 -3.66204720
126 -391.94000244 -3.66299068
127 -394.16201782 -3.68375718
128 -379.43188477 -3.54609238
129 -383.86560059 -3.58752898
130 -393.32556152 -3.67593983
131 -394.07803345 -3.68297228
132 -390.06933594 -3.64550781
133 -385.30053711 -3.60093960
134 -384.28408813 -3.59144008
135 -388.92010498 -3.63476734
136 -389.19418335 -3.63732882
137 -382.26916504 -3.57260902
138 -385.43402100 -3.60218711
139 -384.61059570 -3.59449155
140 -380.92919922 -3.56008597
141 -386.07751465 -3.60820107
142 -385.09979248 -3.59906348
143 -372.38604736 -3.48024343
144 -379.26708984 -3.54455224
145 -380.29840088 -3.55419066
146 -388.04724121 -3.62660973
147 -387.94549561 -3.62565884
148 -375.40573120 -3.50846478
149 -362.67773438 -3.38951154
150 -355.47009277 -3.32215040
151 -357.32946777 -3.33952774
152 -338.64160156 -3.16487478
153 -339.93237305 -3.17693807
154 -341.97906494 -3.19606603
155 -360.16101074 -3.36599075
156 -359.34054565 -3.35832286
157 -356.91412354 -3.33564601
158 -358.10797119 -3.34680347
159 -354.37908936 -3.31195411
160 -356.74288940 -3.33404570
161 -355.20709229 -3.31969245
162 -345.98297119 -3.23348571
163 -343.69619751 -3.21211400
164 -333.93469238 -3.12088498
165 -335.70581055 -3.13743748
166 -330.09970093 -3.08504393
167 -319.75878906 -2.98839990
168 -315.41162109 -2.94777216
169 -319.66091919 -2.98748523
170 -331.87347412 -3.10162125
171 -335.40539551 -3.13462986
172 -333.61169434 -3.11786630
173 -348.84460449 -3.26022995
174 -345.30212402 -3.22712265
175 -352.36996460 -3.29317724
