0 -606.40234375 -7.05119004
1 -606.40338135 -7.05120211
2 -606.38751221 -7.05101758
3 -606.36010742 -7.05069892
4 -606.35327148 -7.05061944
5 -606.33782959 -7.05043988
6 -606.32812500 -7.05032703
7 -606.31030273 -7.05011980
8 -606.28112793 -7.04978056
9 -606.23803711 -7.04927950
10 -606.22796631 -7.04916240
11 -606.20898438 -7.04894168
12 -606.18444824 -7.04865637
13 -606.18762207 -7.04869328
14 -606.16479492 -7.04842785
15 -606.17053223 -7.04849456
16 -606.14880371 -7.04824190
17 -606.14538574 -7.04820216
18 -606.14270020 -7.04817093
19 -606.13403320 -7.04807015
20 -606.13439941 -7.04807441
21 -606.11309814 -7.04782672
22 -606.10681152 -7.04775362
23 -606.09716797 -7.04764149
24 -606.07287598 -7.04735902
25 -606.02722168 -7.04682816
26 -606.02929688 -7.04685229
27 -606.02471924 -7.04679906
28 -606.03649902 -7.04693604
29 -606.04687500 -7.04705669
30 -606.01275635 -7.04665996
31 -606.00189209 -7.04653363
32 -605.98956299 -7.04639027
33 -605.99902344 -7.04650027
34 -605.96466064 -7.04610071
