0 -722.90087891 -6.81981961
1 -721.40563965 -6.80571358
2 -719.85534668 -6.79108818
3 -719.19128418 -6.78482344
4 -718.31311035 -6.77653878
5 -717.44750977 -6.76837273
6 -717.23406982 -6.76635915
7 -716.84912109 -6.76272756
8 -715.66314697 -6.75153912
9 -714.32562256 -6.73892097
10 -713.67803955 -6.73281169
11 -713.27001953 -6.72896245
12 -713.07489014 -6.72712161
13 -712.33331299 -6.72012559
14 -711.34899902 -6.71083961
15 -710.91320801 -6.70672838
16 -710.90966797 -6.70669498
17 -710.08789062 -6.69894236
18 -709.60083008 -6.69434745
19 -708.40441895 -6.68306056
20 -707.48596191 -6.67439587
21 -707.41735840 -6.67374866
22 -707.27587891 -6.67241395
23 -706.63635254 -6.66638068
24 -706.01977539 -6.66056392
25 -704.69006348 -6.64801947
26 -704.06835938 -6.64215433
27 -703.96069336 -6.64113862
28 -703.21386719 -6.63409309
29 -701.80432129 -6.62079548
30 -700.84069824 -6.61170470
31 -701.05151367 -6.61369353
32 -699.48376465 -6.59890344
33 -697.67541504 -6.58184354
34 -698.11743164 -6.58601351
35 -697.57934570 -6.58093722
36 -697.53149414 -6.58048579
37 -697.47375488 -6.57994108
38 -697.24609375 -6.57779334
39 -697.59582520 -6.58109269
40 -695.20043945 -6.55849471
41 -695.83666992 -6.56449689
42 -694.85278320 -6.55521494
43 -692.86462402 -6.53645872
44 -692.59069824 -6.53387451
45 -691.96606445 -6.52798174
46 -689.85754395 -6.50809004
47 -689.42346191 -6.50399492
48 -689.74951172 -6.50707087
49 -689.51757812 -6.50488281
50 -689.74548340 -6.50703286
51 -689.88745117 -6.50837218
52 -688.66662598 -6.49685496
53 -686.62414551 -6.47758628
54 -685.82897949 -6.47008471
55 -685.75317383 -6.46936956
56 -686.01782227 -6.47186625
57 -685.73828125 -6.46922907
58 -684.62487793 -6.45872526
59 -684.03186035 -6.45313076
60 -685.14123535 -6.46359656
61 -683.80364990 -6.45097783
62 -682.54907227 -6.43914219
63 -681.59289551 -6.43012166
64 -679.91784668 -6.41431931
65 -679.92175293 -6.41435616
66 -677.72033691 -6.39358808
67 -677.34741211 -6.39006993
68 -676.31506348 -6.38033079
69 -675.54235840 -6.37304112
70 -674.34460449 -6.36174155
71 -674.95532227 -6.36750304
72 -672.05273438 -6.34012014
73 -671.99853516 -6.33960882
74 -671.83593750 -6.33807488
75 -672.27722168 -6.34223794
76 -673.38879395 -6.35272447
77 -672.62109375 -6.34548202
78 -671.65917969 -6.33640736
79 -669.36230469 -6.31473872
80 -668.91088867 -6.31048008
81 -667.03320312 -6.29276607
82 -666.67126465 -6.28935155
83 -667.00317383 -6.29248277
84 -666.39538574 -6.28674892
85 -665.50830078 -6.27838020
86 -664.19946289 -6.26603267
87 -663.19201660 -6.25652846
88 -660.33911133 -6.22961426
89 -659.15307617 -6.21842525
90 -658.02478027 -6.20778095
91 -656.68457031 -6.19513746
92 -653.20886230 -6.16234776
93 -651.10327148 -6.14248369
94 -651.23034668 -6.14368252
95 -651.27270508 -6.14408212
96 -649.73779297 -6.12960182
97 -649.50659180 -6.12742068
98 -649.69549561 -6.12920279
99 -646.82019043 -6.10207727
100 -644.81561279 -6.08316616
101 -643.69946289 -6.07263644
102 -642.37475586 -6.06013921
103 -642.47277832 -6.06106395
104 -642.75842285 -6.06375871
105 -643.00170898 -6.06605386
106 -642.55798340 -6.06186777
107 -641.37170410 -6.05067645
108 -641.10449219 -6.04815559
109 -640.16784668 -6.03931931
110 -640.23199463 -6.03992448
111 -639.04821777 -6.02875677
112 -639.61474609 -6.03410138
113 -639.98437500 -6.03758844
114 -639.38867188 -6.03196860
115 -638.92944336 -6.02763626
116 -637.84484863 -6.01740423
117 -636.34698486 -6.00327344
118 -634.61755371 -5.98695805
119 -632.91955566 -5.97093920
120 -632.93774414 -5.97111079
121 -631.75390625 -5.95994251
122 -631.25097656 -5.95519789
123 -629.84844971 -5.94196651
124 -629.66931152 -5.94027652
125 -628.23474121 -5.92674284
126 -627.88323975 -5.92342679
127 -627.32897949 -5.91819792
128 -626.65246582 -5.91181572
129 -626.38055420 -5.90925051
130 -626.65716553 -5.91186005
131 -626.31250000 -5.90860849
132 -626.92395020 -5.91437689
133 -626.65191650 -5.91181053
134 -625.82336426 -5.90399400
135 -624.42626953 -5.89081386
136 -622.76416016 -5.87513359
137 -622.22515869 -5.87004867
138 -622.01184082 -5.86803623
139 -621.36425781 -5.86192696
140 -620.95202637 -5.85803798
141 -620.33374023 -5.85220510
142 -619.36633301 -5.84307861
143 -618.70349121 -5.83682539
144 -618.70483398 -5.83683806
145 -617.84545898 -5.82873075
146 -617.04071045 -5.82113878
147 -616.57244873 -5.81672121
148 -616.41357422 -5.81522240
149 -614.70550537 -5.79910854
150 -613.43615723 -5.78713356
151 -613.01116943 -5.78312424
152 -612.68249512 -5.78002354
153 -612.25299072 -5.77597161
154 -611.24499512 -5.76646222
155 -611.53625488 -5.76920995
156 -611.36047363 -5.76755164
157 -612.28259277 -5.77625088
158 -611.95214844 -5.77313348
159 -611.54907227 -5.76933087
160 -610.88909912 -5.76310471
161 -610.19775391 -5.75658258
162 -610.43640137 -5.75883398
163 -610.34020996 -5.75792651
164 -609.05493164 -5.74580124
165 -609.93200684 -5.75407554
166 -608.97790527 -5.74507458
167 -607.98156738 -5.73567516
168 -607.87841797 -5.73470206
169 -606.53100586 -5.72199062
170 -607.33160400 -5.72954343
171 -606.45214844 -5.72124668
172 -606.38427734 -5.72060639
173 -607.02758789 -5.72667536
174 -607.05920410 -5.72697362
175 -606.23541260 -5.71920201
176 -606.21691895 -5.71902754
177 -606.44421387 -5.72117183
178 -606.22155762 -5.71907130
179 -606.66528320 -5.72325739
180 -606.75671387 -5.72411994
181 -607.32501221 -5.72948125
182 -607.25506592 -5.72882138
183 -607.38079834 -5.73000753
184 -606.71728516 -5.72374797
185 -605.97595215 -5.71675427
186 -606.22570801 -5.71911045
187 -606.07861328 -5.71772277
188 -606.51635742 -5.72185243
189 -606.13305664 -5.71823638
190 -605.87579346 -5.71580937
191 -604.92230225 -5.70681417
192 -605.45727539 -5.71186109
193 -606.30139160 -5.71982445
194 -605.00952148 -5.70763700
195 -604.39178467 -5.70180929
196 -604.21997070 -5.70018840
197 -603.95623779 -5.69770036
198 -602.88281250 -5.68757370
199 -602.03552246 -5.67958040
200 -601.71697998 -5.67657528
201 -602.06738281 -5.67988097
202 -602.28979492 -5.68197920
203 -602.51135254 -5.68406936
204 -601.60620117 -5.67553020
205 -601.94140625 -5.67869251
206 -600.36291504 -5.66380109
207 -601.23999023 -5.67207538
208 -600.71875000 -5.66715802
209 -601.48388672 -5.67437629
210 -601.33496094 -5.67297133
211 -601.32153320 -5.67284465
212 -601.67999268 -5.67622635
213 -601.34362793 -5.67305309
214 -600.39892578 -5.66414081
215 -599.79895020 -5.65848066
216 -598.94677734 -5.65044130
217 -598.54345703 -5.64663639
218 -598.89306641 -5.64993459
219 -598.00219727 -5.64153016
220 -597.61694336 -5.63789569
221 -597.62097168 -5.63793370
222 -595.95404053 -5.62220793
223 -596.42163086 -5.62661916
224 -596.55047607 -5.62783468
225 -595.20599365 -5.61515088
226 -594.69848633 -5.61036308
227 -594.71118164 -5.61048285
228 -594.46130371 -5.60812551
229 -594.27508545 -5.60636873
230 -594.69781494 -5.61035674
231 -594.97253418 -5.61294844
232 -595.68298340 -5.61965079
233 -595.44097900 -5.61736773
234 -595.19689941 -5.61506509
235 -595.01391602 -5.61333883
236 -595.70300293 -5.61983965
237 -594.99768066 -5.61318567
238 -594.54888916 -5.60895178
239 -594.19714355 -5.60563343
240 -594.13439941 -5.60504150
241 -594.46917725 -5.60819979
242 -593.50659180 -5.59911879
243 -593.55163574 -5.59954373
244 -593.72271729 -5.60115771
245 -594.69372559 -5.61031817
246 -594.18798828 -5.60554706
247 -594.72045898 -5.61057037
248 -594.39050293 -5.60745757
249 -593.22918701 -5.59650176
250 -592.88623047 -5.59326633
251 -593.28863525 -5.59706260
252 -592.52233887 -5.58983339
253 -592.57360840 -5.59031706
254 -591.78289795 -5.58285753
255 -591.29113770 -5.57821828
256 -591.21533203 -5.57750313
257 -590.83319092 -5.57389803
258 -590.73303223 -5.57295313
259 -590.59405518 -5.57164203
260 -591.26116943 -5.57793556
261 -590.96856689 -5.57517516
262 -590.77661133 -5.57336426
263 -590.35308838 -5.56936876
264 -590.90576172 -5.57458266
265 -590.93005371 -5.57481183
266 -591.10314941 -5.57644481
267 -590.81854248 -5.57375983
268 -590.26025391 -5.56849296
269 -589.98834229 -5.56592776
270 -589.38079834 -5.56019621
271 -589.30163574 -5.55944939
272 -588.39221191 -5.55086992
273 -588.50872803 -5.55196913
274 -589.19348145 -5.55842907
275 -589.74963379 -5.56367579
276 -589.19659424 -5.55845844
277 -589.14263916 -5.55794943
278 -589.18957520 -5.55839222
279 -589.16503906 -5.55816075
280 -588.99377441 -5.55654504
281 -587.85534668 -5.54580516
282 -587.53790283 -5.54281040
283 -586.46411133 -5.53268030
284 -585.99462891 -5.52825122
285 -586.29138184 -5.53105077
286 -586.22943115 -5.53046633
287 -586.05322266 -5.52880399
288 -585.36096191 -5.52227323
289 -585.43475342 -5.52296937
290 -585.32971191 -5.52197841
291 -585.79858398 -5.52640174
292 -585.82238770 -5.52662630
293 -586.00109863 -5.52831225
294 -585.91442871 -5.52749461
295 -585.63427734 -5.52485167
296 -586.20385742 -5.53022507
297 -586.39959717 -5.53207167
298 -585.87719727 -5.52714337
299 -585.39068604 -5.52255364
300 -585.34387207 -5.52211200
301 -585.35949707 -5.52225941
302 -585.17242432 -5.52049457
303 -584.72204590 -5.51624572
304 -583.83581543 -5.50788505
305 -583.77636719 -5.50732422
306 -583.64117432 -5.50604881
307 -584.20141602 -5.51133411
308 -584.62084961 -5.51529103
309 -584.05126953 -5.50991764
310 -584.14733887 -5.51082395
311 -584.61535645 -5.51523921
312 -583.65466309 -5.50617607
313 -583.03601074 -5.50033972
314 -583.48974609 -5.50462025
315 -583.49243164 -5.50464558
316 -582.55267334 -5.49577994
317 -582.57971191 -5.49603502
318 -582.52233887 -5.49549376
319 -581.94525146 -5.49004954
320 -581.50494385 -5.48589570
321 -581.96160889 -5.49020386
322 -581.23229980 -5.48332358
323 -580.98211670 -5.48096337
324 -581.34466553 -5.48438364
325 -581.36132812 -5.48454083
326 -581.35473633 -5.48447864
327 -581.26318359 -5.48361494
328 -580.84741211 -5.47969257
329 -580.16235352 -5.47322975
330 -580.06225586 -5.47228543
331 -579.99719238 -5.47167163
332 -579.61206055 -5.46803831
333 -579.84320068 -5.47021887
334 -579.26269531 -5.46474241
335 -578.92028809 -5.46151215
336 -579.06201172 -5.46284917
337 -578.61126709 -5.45859686
338 -578.42810059 -5.45686887
339 -578.95812988 -5.46186915
340 -578.48498535 -5.45740552
341 -577.68090820 -5.44981989
342 -577.17022705 -5.44500214
343 -576.72290039 -5.44078208
