0 -496.52999878 -5.77360464
1 -495.34506226 -5.75982631
2 -492.66030884 -5.72860824
3 -487.65985107 -5.67046338
4 -480.85806274 -5.59137282
5 -472.03155518 -5.48873901
6 -461.97534180 -5.37180630
7 -448.73135376 -5.21780644
8 -437.41424561 -5.08621216
9 -426.42434692 -4.95842264
10 -414.63198853 -4.82130219
11 -402.01062012 -4.67454209
12 -390.50378418 -4.54074168
13 -380.93237305 -4.42944620
14 -370.08984375 -4.30337028
15 -365.28881836 -4.24754440
16 -357.27838135 -4.15439978
17 -350.14810181 -4.07148956
18 -340.37982178 -3.95790490
19 -335.19244385 -3.89758656
20 -327.13638306 -3.80391143
21 -320.04656982 -3.72147174
22 -316.97470093 -3.68575234
23 -307.26788330 -3.57288236
24 -302.75942993 -3.52045849
25 -301.30477905 -3.50354394
26 -297.24261475 -3.45630947
27 -289.31286621 -3.36410310
28 -287.84301758 -3.34701183
29 -282.89016724 -3.28942055
30 -274.66058350 -3.19372772
31 -265.65032959 -3.08895732
32 -260.99081421 -3.03477691
33 -253.93927002 -2.95278221
34 -247.74650574 -2.88077332
35 -239.82916260 -2.78871119
36 -234.95710754 -2.73205939
37 -230.96261597 -2.68561181
38 -230.12615967 -2.67588558
39 -223.21865845 -2.59556580
40 -224.72100830 -2.61303498
41 -226.10856628 -2.62916938
42 -222.66384888 -2.58911452
43 -222.01028442 -2.58151494
44 -218.02972412 -2.53522935
45 -215.57077026 -2.50663686
46 -193.43687439 -2.24926598
47 -198.23216248 -2.30502515
48 -187.50598145 -2.18030211
49 -192.19195557 -2.23479018
50 -187.17039490 -2.17639994
51 -177.09829712 -2.05928252
52 -157.96983337 -1.83685853
53 -174.22805786 -2.02590765
54 -184.16331482 -2.14143389
55 -194.67491150 -2.26366176
56 -198.53070068 -2.30849652
57 -209.87438965 -2.44039988
58 -210.65289307 -2.44945224
59 -221.44396973 -2.57492988
60 -225.55940247 -2.62278375
61 -220.77993774 -2.56720858
62 -200.07138062 -2.32641140
63 -192.74078369 -2.24117190
64 -193.26234436 -2.24723656
65 -195.78796387 -2.27660423
66 -200.98248291 -2.33700562
67 -209.15802002 -2.43207000
68 -208.09197998 -2.41967419
69 -224.41351318 -2.60945946
70 -223.47766113 -2.59857746
71 -218.41798401 -2.53974400
72 -215.77456665 -2.50900659
73 -206.99626160 -2.40693327
74 -210.73867798 -2.45044974
75 -215.84413147 -2.50981548
76 -219.50195312 -2.55234829
77 -213.98471069 -2.48819431
78 -198.45997620 -2.30767414
79 -204.92115784 -2.38280416
80 -206.70814514 -2.40358308
81 -204.53427124 -2.37830548
82 -209.28659058 -2.43356501
83 -214.68045044 -2.49628431
84 -220.50389099 -2.56399873
85 -201.42364502 -2.34213541
86 -190.62329102 -2.21654990
87 -161.32684326 -1.87589353
88 -146.67694092 -1.70554582
89 -112.33221436 -1.30618854
90 -161.06661987 -1.87286767
91 -188.15090942 -2.18780127
92 -213.73628235 -2.48530561
93 -219.16293335 -2.54840620
94 -186.63267517 -2.17014739
95 -201.76861572 -2.34614669
96 -168.80065918 -1.96279836
97 -150.97337341 -1.75550434
98 -153.74208069 -1.78769861
99 -133.52893066 -1.55266198
100 -96.61744690 -1.12345868
101 -109.84223938 -1.27723534
102 -156.36767578 -1.81822879
103 -163.99496460 -1.90691819
104 -172.30424500 -2.00353773
105 -161.36958313 -1.87639050
106 -145.66201782 -1.69374439
107 -175.24972534 -2.03778750
108 -195.40081787 -2.27210253
109 -203.67416382 -2.36830423
110 -230.58645630 -2.68123786
111 -221.26171875 -2.57281068
112 -221.41464233 -2.57458886
113 -240.74514771 -2.79936218
114 -239.83062744 -2.78872823
115 -228.07968140 -2.65208932
116 -245.60699463 -2.85589529
117 -239.15563965 -2.78087953
118 -252.04733276 -2.93078294
119 -249.32968140 -2.89918234
120 -255.37185669 -2.96944019
121 -245.10568237 -2.85006607
122 -232.15409851 -2.69946626
123 -256.04953003 -2.97732012
124 -254.62257385 -2.96072760
125 -264.98876953 -3.08126476
126 -265.77023315 -3.09035155
127 -259.27359009 -3.01480919
128 -218.75671387 -2.54368272
129 -214.69178772 -2.49641614
130 -217.37092590 -2.52756891
131 -117.71385193 -1.36876572
132 -67.61271667 -0.78619438
133 93.99856567 1.09300658
134 240.03665161 2.79112386
135 343.45510864 3.99366405
136 203.25781250 2.36346294
137 221.84094238 2.57954584
138 295.26852417 3.43335493
139 307.03073120 3.57012478
140 366.46011353 4.26116411
141 327.62942505 3.80964448
142 675.25964355 7.85185632
143 32.24904633 0.37498891
144 -49.41351318 -0.57457573
145 13.91590118 0.16181280
146 49.20105743 0.57210532
147 149.73803711 1.74113997
148 168.18734741 1.95566683
149 252.19317627 2.93247879
150 375.94949341 4.37150574
151 492.74694824 5.72961568
152 567.22216797 6.59560660
153 592.10144043 6.88490047
154 532.95819092 6.19718827
155 392.12448120 4.55958699
156 456.18878174 5.30452072
157 683.86199951 7.95188372
158 605.30487061 7.03842873
159 511.39019775 5.94639765
160 456.35131836 5.30641068
161 462.81933594 5.38162019
162 336.19131470 3.90920133
163 312.00488281 3.62796375
164 230.06051636 2.67512228
165 228.62623596 2.65844460
166 140.19192505 1.63013866
167 172.20704651 2.00240752
168 125.80272675 1.46282240
169 282.22198486 3.28165099
170 346.56292725 4.02980148
171 507.74554443 5.90401796
172 540.25860596 6.28207681
173 604.31542969 7.02692360
174 547.48516846 6.36610661
175 589.57165527 6.85548436
176 359.80874634 4.18382263
177 284.90270996 3.31282221
178 349.04446411 4.05865656
179 282.47402954 3.28458174
180 464.52581787 5.40146300
181 456.85446167 5.31226118
182 540.01965332 6.27929829
183 750.29833984 8.72439930
184 702.34045410 8.16674947
185 729.48870850 8.48242684
186 655.03802490 7.61672122
187 928.57720947 10.79740941
188 980.36505127 11.39959362
189 928.37591553 10.79506879
190 921.10089111 10.71047548
191 758.42529297 8.81889876
192 487.17318726 5.66480450
193 386.02185059 4.48862617
194 302.89483643 3.52203298
195 271.23937988 3.15394628
196 287.79968262 3.34650794
197 231.56582642 2.69262589
198 197.44515991 2.29587395
199 212.06072998 2.46582244
200 284.75744629 3.31113310
201 198.68791199 2.31032456
202 159.05474854 1.84947382
203 251.23138428 2.92129517
204 149.14225769 1.73421230
205 151.36747742 1.76008695
206 46.90882111 0.54545141
207 -54.23520660 -0.63064194
208 -106.30840302 -1.23614422
209 -94.50885010 -1.09894012
210 -92.09930420 -1.07092214
211 -24.29393005 -0.28248756
212 58.22451782 0.67702928
213 -74.75898743 -0.86929055
214 7.12631226 0.08286410
215 -38.21431732 -0.44435253
216 -32.72704315 -0.38054701
217 35.56060791 0.41349544
218 -86.84341431 -1.00980714
219 -104.18229675 -1.21142206
220 -101.95987701 -1.18557997
221 -128.78660583 -1.49751867
222 -146.59028625 -1.70453821
223 -115.76185608 -1.34606809
224 -105.79035950 -1.23012046
225 -38.54209137 -0.44816385
226 -103.30812073 -1.20125722
227 -115.71073914 -1.34547371
228 -137.61335754 -1.60015532
229 -151.94210815 -1.76676870
230 -190.04849243 -2.20986619
231 -190.03771973 -2.20974093
232 -193.78878784 -2.25335800
233 -172.85606384 -2.00995423
234 -132.20613098 -1.53728059
235 -143.24760437 -1.66566982
236 -192.00134277 -2.23257375
237 -192.77693176 -2.24159223
238 -192.13528442 -2.23413121
239 -196.67553711 -2.28692485
240 -179.01385498 -2.08155645
241 -190.88739014 -2.21962082
242 -204.25398254 -2.37504631
243 -197.97717285 -2.30206015
244 -197.42364502 -2.29562378
245 -202.29505920 -2.35226813
246 -195.61886597 -2.27463798
247 -196.18899536 -2.28126739
248 -191.73455811 -2.22947161
249 -192.58506775 -2.23936125
250 -214.50035095 -2.49419013
251 -217.24754333 -2.52613422
252 -209.61872864 -2.43742708
253 -225.68655396 -2.62426226
254 -224.52561951 -2.61076302
255 -207.09753418 -2.40811086
256 -153.52688599 -1.78519635
257 -200.93835449 -2.33649249
258 -173.02993774 -2.01197602
259 -139.03442383 -1.61667935
260 -139.92979431 -1.62709063
261 -65.64363098 -0.76329803
262 -0.08061981 -0.00093744
263 146.73312378 1.70619911
264 196.51515198 2.28505991
265 285.50347900 3.31980790
266 109.00495148 1.26749944
267 74.81543732 0.86994695
268 70.04286194 0.81445188
269 -29.94005585 -0.34814018
270 -9.99093628 -0.11617368
271 -80.40815735 -0.93497857
272 -66.29709625 -0.77089647
273 -115.04039001 -1.33767895
274 -45.87160492 -0.53339075
275 -64.86117554 -0.75419972
276 -39.79094696 -0.46268543
277 -9.76117706 -0.11350206
278 107.21913910 1.24673418
279 161.82698059 1.88170908
280 286.06628418 3.32635214
281 399.03015137 4.63988548
282 201.23541260 2.33994666
283 207.63601685 2.41437229
284 316.41400146 3.67923258
285 168.80325317 1.96282853
286 153.32434082 1.78284117
287 133.38177490 1.55095087
288 75.02101135 0.87233734
289 68.06792450 0.79148749
290 129.73944092 1.50859815
291 0.41946411 0.00487749
292 46.93857574 0.54579739
293 28.08799744 0.32660462
294 -2.31211853 -0.02688510
295 11.69009399 0.13593133
296 -55.23485565 -0.64226576
297 -26.76686096 -0.31124257
298 -6.82929993 -0.07941046
299 71.18895721 0.82777857
300 108.71321106 1.26410711
301 85.77351379 0.99736644
302 52.25824738 0.60765404
303 153.42872620 1.78405496
304 60.35481262 0.70180015
305 -5.89305115 -0.06852385
306 57.60266113 0.66979839
307 -32.29443359 -0.37551667
308 28.50903320 0.33150039
309 271.02923584 3.15150274
310 283.52355957 3.29678558
311 645.22271729 7.50258974
312 699.33837891 8.13184162
313 478.69573975 5.56622953
314 589.01257324 6.84898341
315 631.87152100 7.34734327
316 531.09429932 6.17551511
317 460.05053711 5.34942485
