0 -805.29406738 -6.82452599
1 -803.51361084 -6.80943738
2 -800.79290771 -6.78638057
3 -797.55249023 -6.75891941
4 -793.80590820 -6.72716871
5 -789.70153809 -6.69238592
6 -785.22460938 -6.65444584
7 -779.99926758 -6.61016328
8 -774.21606445 -6.56115309
9 -768.20831299 -6.51023994
10 -761.76055908 -6.45559796
11 -755.39953613 -6.40169098
12 -749.32531738 -6.35021455
13 -743.39489746 -6.29995676
14 -736.48327637 -6.24138370
15 -730.56170654 -6.19120090
16 -724.61401367 -6.14079673
17 -718.91076660 -6.09246412
18 -714.16418457 -6.05223885
19 -709.08770752 -6.00921786
20 -703.67059326 -5.96331011
21 -699.50250244 -5.92798731
22 -693.46643066 -5.87683416
23 -689.40844727 -5.84244447
24 -685.05218506 -5.80552699
25 -679.67883301 -5.75999011
26 -674.89111328 -5.71941621
27 -670.40649414 -5.68141097
28 -666.99145508 -5.65246996
29 -662.66027832 -5.61576507
30 -657.51013184 -5.57211976
31 -650.98468018 -5.51681932
32 -643.54168701 -5.45374311
33 -637.28436279 -5.40071494
34 -633.05725098 -5.36489196
35 -626.23193359 -5.30705028
36 -620.78515625 -5.26089115
37 -615.24353027 -5.21392822
38 -612.95031738 -5.19449422
39 -610.23260498 -5.17146275
40 -608.67565918 -5.15826830
41 -603.71533203 -5.11623163
42 -598.69128418 -5.07365495
43 -595.20117188 -5.04407773
44 -588.22589111 -4.98496518
45 -580.89007568 -4.92279725
46 -573.15106201 -4.85721239
47 -565.24395752 -4.79020303
