0 -479.91906738 -7.05763334
1 -479.93615723 -7.05788467
2 -479.94744873 -7.05805072
3 -479.95700073 -7.05819119
4 -479.96487427 -7.05830697
5 -479.97155762 -7.05840526
6 -479.97729492 -7.05848963
7 -479.98355103 -7.05858163
8 -479.98892212 -7.05866062
9 -479.99337769 -7.05872614
10 -479.99755859 -7.05878763
11 -480.00189209 -7.05885135
12 -480.00546265 -7.05890386
13 -480.00839233 -7.05894695
14 -480.01190186 -7.05899856
15 -480.01446533 -7.05903625
16 -480.01702881 -7.05907395
17 -480.01968384 -7.05911300
18 -480.02233887 -7.05915204
19 -480.02474976 -7.05918750
20 -480.02725220 -7.05922430
21 -480.02856445 -7.05924359
22 -480.03057861 -7.05927321
23 -480.03237915 -7.05929969
24 -480.03387451 -7.05932168
25 -480.03475952 -7.05933470
26 -480.03729248 -7.05937195
27 -480.03851318 -7.05938990
28 -480.03942871 -7.05940336
29 -480.04071045 -7.05942221
30 -480.04187012 -7.05943927
31 -480.04287720 -7.05945408
32 -480.04431152 -7.05947517
33 -480.04531860 -7.05948998
34 -480.04583740 -7.05949761
35 -480.04666138 -7.05950973
36 -480.04690552 -7.05951332
37 -480.04815674 -7.05953172
38 -480.04925537 -7.05954787
39 -480.04995728 -7.05955820
40 -480.05114746 -7.05957570
