0 -424.74319458 -6.85069669
1 -424.76153564 -6.85099251
2 -424.77700806 -6.85124207
3 -424.78842163 -6.85142616
4 -424.79693604 -6.85156348
5 -424.80484009 -6.85169097
6 -424.81277466 -6.85181895
7 -424.81970215 -6.85193068
8 -424.82589722 -6.85203060
9 -424.83248901 -6.85213692
10 -424.83795166 -6.85222503
11 -424.84317017 -6.85230920
12 -424.84738159 -6.85237712
13 -424.85260010 -6.85246129
14 -424.85675049 -6.85252823
15 -424.86022949 -6.85258435
16 -424.86386108 -6.85264292
17 -424.86801147 -6.85270986
18 -424.87011719 -6.85274383
19 -424.87414551 -6.85280880
20 -424.87716675 -6.85285753
21 -424.88012695 -6.85290527
22 -424.88214111 -6.85293776
23 -424.88449097 -6.85297566
24 -424.88763428 -6.85302636
25 -424.88943481 -6.85305540
26 -424.89187622 -6.85309478
27 -424.89382935 -6.85312628
28 -424.89581299 -6.85315827
29 -424.89785767 -6.85319125
30 -424.89932251 -6.85321488
31 -424.90109253 -6.85324343
32 -424.90274048 -6.85327001
33 -424.90472412 -6.85330200
34 -424.90579224 -6.85331923
35 -424.90701294 -6.85333892
36 -424.90811157 -6.85335664
37 -424.90948486 -6.85337879
38 -424.91058350 -6.85339651
39 -424.91238403 -6.85342555
40 -424.91320801 -6.85343884
41 -424.91445923 -6.85345902
42 -424.91567993 -6.85347871
43 -424.91711426 -6.85350184
44 -424.91787720 -6.85351415
45 -424.91885376 -6.85352990
46 -424.91943359 -6.85353925
47 -424.92098999 -6.85356435
48 -424.92153931 -6.85357321
49 -424.92193604 -6.85357961
50 -424.92327881 -6.85360127
51 -424.92367554 -6.85360767
52 -424.92474365 -6.85362490
53 -424.92514038 -6.85363130
54 -424.92587280 -6.85364311
55 -424.92660522 -6.85365492
56 -424.92773438 -6.85367314
57 -424.92822266 -6.85368101
58 -424.92864990 -6.85368790
59 -424.92901611 -6.85369381
60 -424.93029785 -6.85371448
