0 -452.49685669 -7.07026339
1 -452.49804688 -7.07028198
2 -452.49835205 -7.07028675
3 -452.49804688 -7.07028198
4 -452.49804688 -7.07028198
5 -452.49841309 -7.07028770
6 -452.49819946 -7.07028437
7 -452.49832153 -7.07028627
8 -452.49856567 -7.07029009
9 -452.49856567 -7.07029009
10 -452.49841309 -7.07028770
11 -452.49838257 -7.07028723
12 -452.49813843 -7.07028341
13 -452.49844360 -7.07028818
14 -452.49829102 -7.07028580
15 -452.49771118 -7.07027674
16 -452.49789429 -7.07027960
17 -452.49847412 -7.07028866
