0 -455.66323853 -6.90398846
1 -455.62518311 -6.90341187
2 -455.59155273 -6.90290231
3 -455.57122803 -6.90259436
4 -455.56042480 -6.90243068
5 -455.55963135 -6.90241866
6 -455.53613281 -6.90206262
7 -455.50796509 -6.90163583
8 -455.45687866 -6.90086180
9 -455.42266846 -6.90034346
10 -455.38244629 -6.89973403
11 -455.33599854 -6.89903028
12 -455.27630615 -6.89812585
13 -455.26828003 -6.89800424
14 -455.24789429 -6.89769537
15 -455.20367432 -6.89702537
16 -455.13330078 -6.89595910
17 -455.12689209 -6.89586200
18 -455.12066650 -6.89576767
19 -455.14691162 -6.89616533
20 -455.13977051 -6.89605713
21 -455.16571045 -6.89645016
22 -455.13745117 -6.89602199
23 -455.07318115 -6.89504820
24 -455.05978394 -6.89484521
25 -454.93847656 -6.89300722
26 -454.86108398 -6.89183461
27 -454.78509521 -6.89068326
28 -454.73907471 -6.88998598
29 -454.71774292 -6.88966277
30 -454.72039795 -6.88970300
31 -454.64691162 -6.88858957
32 -454.59362793 -6.88778224
33 -454.55584717 -6.88720981
34 -454.46350098 -6.88581062
35 -454.39709473 -6.88480447
36 -454.43063354 -6.88531263
37 -454.44113159 -6.88547169
38 -454.38134766 -6.88456587
39 -454.40093994 -6.88486273
40 -454.35253906 -6.88412938
41 -454.33404541 -6.88384917
42 -454.26602173 -6.88281851
43 -454.27883911 -6.88301271
44 -454.27883911 -6.88301271
45 -454.28103638 -6.88304601
46 -454.20706177 -6.88192518
47 -454.14166260 -6.88093428
48 -454.02221680 -6.87912450
49 -454.01452637 -6.87900798
50 -453.93405151 -6.87778866
51 -453.80276489 -6.87579947
52 -453.85168457 -6.87654068
53 -453.83288574 -6.87625584
54 -453.74249268 -6.87488625
55 -453.63183594 -6.87320964
56 -453.66699219 -6.87374231
57 -453.66754150 -6.87375063
58 -453.48095703 -6.87092359
59 -453.41326904 -6.86989802
60 -453.38586426 -6.86948279
61 -453.17755127 -6.86632653
62 -453.08041382 -6.86485475
63 -453.09356689 -6.86505404
64 -452.93347168 -6.86262836
65 -452.81109619 -6.86077418
66 -452.69952393 -6.85908370
67 -452.64428711 -6.85824677
68 -452.58117676 -6.85729056
69 -452.49359131 -6.85596350
70 -452.40319824 -6.85459391
71 -452.26995850 -6.85257513
72 -452.25759888 -6.85238786
73 -452.23944092 -6.85211274
74 -452.21105957 -6.85168272
75 -452.08666992 -6.84979803
76 -451.83169556 -6.84593478
77 -451.64779663 -6.84314843
78 -451.59014893 -6.84227498
79 -451.42697144 -6.83980260
80 -451.52178955 -6.84123924
81 -451.46902466 -6.84043977
82 -451.29492188 -6.83780185
83 -451.27246094 -6.83746153
84 -451.41510010 -6.83962273
85 -451.32800293 -6.83830307
86 -451.28701782 -6.83768209
87 -451.29272461 -6.83776855
88 -451.08285522 -6.83458872
89 -450.88421631 -6.83157903
90 -450.69931030 -6.82877743
91 -450.76184082 -6.82972486
92 -450.84082031 -6.83092152
93 -450.85034180 -6.83106578
94 -450.89358521 -6.83172099
95 -450.89056396 -6.83167521
96 -450.92401123 -6.83218199
97 -450.86029053 -6.83121652
98 -450.84002686 -6.83090950
99 -450.97012329 -6.83288066
100 -451.00335693 -6.83338420
101 -451.09255981 -6.83473575
102 -450.83129883 -6.83077725
103 -450.83728027 -6.83086788
104 -450.80734253 -6.83041428
105 -450.70086670 -6.82880101
106 -450.74273682 -6.82943541
107 -450.40722656 -6.82435192
108 -450.31713867 -6.82298695
109 -450.37280273 -6.82383034
110 -450.30737305 -6.82283899
111 -450.13980103 -6.82030002
112 -450.07662964 -6.81934287
113 -450.11883545 -6.81998236
114 -450.26623535 -6.82221569
115 -450.16375732 -6.82066299
116 -449.97747803 -6.81784058
117 -449.76196289 -6.81457520
118 -449.60241699 -6.81215783
119 -449.50369263 -6.81066201
120 -449.55203247 -6.81139443
121 -449.28448486 -6.80734068
122 -449.28070068 -6.80728334
123 -449.21197510 -6.80624205
124 -449.40441895 -6.80915786
125 -449.09182739 -6.80442163
126 -449.09585571 -6.80448266
127 -449.01779175 -6.80329987
128 -448.95449829 -6.80234088
129 -448.62530518 -6.79735311
130 -448.67864990 -6.79816136
131 -448.32058716 -6.79273617
132 -448.58996582 -6.79681766
133 -448.22705078 -6.79131895
134 -448.07058716 -6.78894829
135 -447.83093262 -6.78531716
136 -447.92691040 -6.78677137
137 -448.03021240 -6.78833655
138 -447.81036377 -6.78500551
139 -447.62445068 -6.78218865
140 -447.36914062 -6.77832031
141 -447.55825806 -6.78118573
142 -447.17999268 -6.77545443
143 -447.22821045 -6.77618501
144 -447.06466675 -6.77370707
145 -446.93194580 -6.77169615
146 -447.00158691 -6.77275132
147 -446.86346436 -6.77065855
148 -446.79699707 -6.76965147
149 -446.60656738 -6.76676617
150 -446.80499268 -6.76977262
151 -446.86898804 -6.77074224
152 -446.37384033 -6.76324001
153 -446.22631836 -6.76100482
154 -446.34106445 -6.76274340
155 -446.34381104 -6.76278502
156 -446.25958252 -6.76150883
157 -446.22381592 -6.76096691
158 -446.09796143 -6.75906002
159 -446.05795288 -6.75845383
160 -446.27209473 -6.76169840
161 -446.12597656 -6.75948449
162 -446.06262207 -6.75852458
163 -445.89349365 -6.75596203
164 -446.09881592 -6.75907297
165 -446.07373047 -6.75869289
166 -445.59472656 -6.75143525
167 -445.36364746 -6.74793405
168 -445.44732666 -6.74920192
169 -445.52532959 -6.75038378
170 -445.21160889 -6.74563044
171 -444.90533447 -6.74098992
172 -444.80670166 -6.73949548
173 -444.33764648 -6.73238858
174 -443.71905518 -6.72301599
175 -443.32601929 -6.71706090
176 -443.26373291 -6.71611717
177 -442.91760254 -6.71087277
178 -442.90606689 -6.71069798
179 -442.87176514 -6.71017826
180 -442.70874023 -6.70770819
181 -442.47033691 -6.70409601
182 -442.54171753 -6.70517754
183 -442.25476074 -6.70082971
184 -442.25131226 -6.70077746
185 -442.28289795 -6.70125603
186 -442.09796143 -6.69845396
187 -442.13385010 -6.69899773
188 -442.13085938 -6.69895241
189 -441.89273071 -6.69534440
190 -441.10858154 -6.68346336
191 -441.20437622 -6.68491479
192 -441.58840942 -6.69073348
193 -441.54370117 -6.69005608
194 -441.24017334 -6.68545717
195 -441.04052734 -6.68243223
196 -441.58526611 -6.69068585
197 -441.12097168 -6.68365109
198 -440.91744995 -6.68056742
199 -441.00759888 -6.68193332
200 -440.74801636 -6.67800025
201 -440.82391357 -6.67915021
202 -440.78594971 -6.67857500
203 -440.53735352 -6.67480839
204 -440.76525879 -6.67826150
205 -440.67187500 -6.67684659
206 -440.48147583 -6.67396176
207 -440.19375610 -6.66960237
208 -439.62939453 -6.66105143
209 -439.44812012 -6.65830485
210 -439.15240479 -6.65382431
211 -439.43933105 -6.65817168
212 -439.28936768 -6.65589951
213 -439.83734131 -6.66420214
214 -439.46173096 -6.65851108
215 -439.76782227 -6.66314882
216 -439.29086304 -6.65592217
217 -439.27020264 -6.65560913
218 -439.52343750 -6.65944602
219 -439.31457520 -6.65628144
220 -439.45037842 -6.65833907
221 -439.29968262 -6.65605580
222 -439.53295898 -6.65959029
223 -439.47122192 -6.65865488
224 -439.19567871 -6.65447998
225 -438.37127686 -6.64198904
226 -438.07635498 -6.63752053
227 -437.28973389 -6.62560203
228 -436.93267822 -6.62019209
229 -436.91259766 -6.61988784
230 -436.60406494 -6.61521311
231 -436.30133057 -6.61062622
232 -436.15637207 -6.60842988
233 -435.90747070 -6.60465865
234 -435.47460938 -6.59810014
235 -436.12463379 -6.60794900
236 -436.23553467 -6.60962931
237 -435.81372070 -6.60323819
238 -434.96743774 -6.59041572
239 -435.55844116 -6.59937032
240 -434.86328125 -6.58883759
241 -434.47341919 -6.58293059
242 -434.14660645 -6.57797889
243 -434.34051514 -6.58091690
244 -434.13079834 -6.57773937
245 -433.99786377 -6.57572521
246 -433.25787354 -6.56451324
247 -432.50848389 -6.55315885
248 -432.53961182 -6.55363048
249 -431.74154663 -6.54153859
250 -431.66534424 -6.54038400
251 -432.25762939 -6.54935802
252 -431.60827637 -6.53951934
253 -431.31823730 -6.53512481
254 -431.26129150 -6.53426199
255 -431.07180786 -6.53139103
256 -431.44296265 -6.53701459
257 -431.43048096 -6.53682547
258 -431.40808105 -6.53648608
259 -430.96777344 -6.52981475
260 -431.18267822 -6.53307088
261 -430.61804199 -6.52451579
262 -429.52725220 -6.50798867
263 -428.70031738 -6.49545935
264 -428.24035645 -6.48849025
265 -428.02148438 -6.48517401
266 -428.21704102 -6.48813699
267 -427.80120850 -6.48183649
268 -427.51776123 -6.47754184
269 -427.75976562 -6.48120857
270 -427.41058350 -6.47591793
271 -427.40847778 -6.47588603
272 -427.21780396 -6.47299703
273 -426.57373047 -6.46323834
274 -426.92541504 -6.46856689
275 -426.60760498 -6.46375159
276 -426.12295532 -6.45640841
277 -426.01611328 -6.45478960
278 -425.59344482 -6.44838553
279 -424.52783203 -6.43223988
280 -424.80831909 -6.43648968
281 -424.80883789 -6.43649754
282 -424.57965088 -6.43302501
283 -423.87921143 -6.42241229
284 -423.57025146 -6.41773108
285 -424.28326416 -6.42853431
286 -424.61895752 -6.43362057
287 -424.19396973 -6.42718136
288 -424.56961060 -6.43287289
289 -424.27856445 -6.42846310
290 -423.78234863 -6.42094468
291 -422.61346436 -6.40323431
292 -421.98980713 -6.39378496
293 -421.94049072 -6.39303774
294 -422.04086304 -6.39455853
295 -422.81005859 -6.40621301
296 -424.10116577 -6.42577524
297 -424.23443604 -6.42779449
298 -423.53625488 -6.41721598
299 -423.64739990 -6.41890000
300 -423.32385254 -6.41399777
301 -424.30300903 -6.42883347
302 -424.11334229 -6.42595973
303 -423.17791748 -6.41178663
304 -422.35269165 -6.39928321
305 -420.98324585 -6.37853403
306 -420.08947754 -6.36499208
307 -420.02752686 -6.36405344
308 -419.95428467 -6.36294371
309 -418.20208740 -6.33639526
310 -418.33963013 -6.33847924
311 -417.43685913 -6.32480090
312 -418.07968140 -6.33454063
313 -418.21508789 -6.33659224
314 -418.29742432 -6.33783976
315 -418.92694092 -6.34737789
316 -419.34368896 -6.35369226
317 -419.08480835 -6.34976982
318 -419.24588013 -6.35221030
319 -419.55026245 -6.35682216
320 -420.47128296 -6.37077701
321 -419.55871582 -6.35695024
322 -420.28143311 -6.36790050
323 -420.15469360 -6.36598021
324 -419.69476318 -6.35901156
325 -419.40612793 -6.35463830
326 -419.50750732 -6.35617435
327 -419.38540649 -6.35432434
328 -418.41979980 -6.33969394
329 -418.79772949 -6.34542014
330 -419.06231689 -6.34942904
331 -418.17175293 -6.33593565
332 -419.26449585 -6.35249236
333 -418.57510376 -6.34204703
334 -418.19265747 -6.33625239
335 -418.53619385 -6.34145748
336 -418.36016846 -6.33879043
337 -418.74594116 -6.34463547
338 -418.04425049 -6.33400380
339 -417.80969238 -6.33044988
340 -417.47839355 -6.32543021
341 -417.36785889 -6.32375544
342 -415.89486694 -6.30143738
