0 -600.11047363 -6.52293993
1 -600.15734863 -6.52344944
2 -600.18603516 -6.52376125
3 -600.20666504 -6.52398549
4 -600.22375488 -6.52417125
5 -600.23815918 -6.52432782
6 -600.25109863 -6.52446846
7 -600.26330566 -6.52460115
8 -600.27355957 -6.52471260
9 -600.28265381 -6.52481145
10 -600.29089355 -6.52490102
11 -600.29846191 -6.52498328
12 -600.30554199 -6.52506024
13 -600.31127930 -6.52512260
14 -600.31689453 -6.52518364
15 -600.32238770 -6.52524334
16 -600.32702637 -6.52529376
17 -600.33184814 -6.52534618
18 -600.33599854 -6.52539129
19 -600.34045410 -6.52543972
20 -600.34436035 -6.52548218
21 -600.34777832 -6.52551933
22 -600.35150146 -6.52555980
23 -600.35473633 -6.52559496
24 -600.35839844 -6.52563477
