0 -680.02435303 -6.35536779
1 -680.06896973 -6.35578476
2 -680.10821533 -6.35615155
3 -680.14483643 -6.35649380
4 -680.18420410 -6.35686172
5 -680.21740723 -6.35717203
6 -680.24554443 -6.35743499
7 -680.25781250 -6.35754965
8 -680.27722168 -6.35773104
9 -680.29187012 -6.35786795
10 -680.31079102 -6.35804478
11 -680.32501221 -6.35817768
12 -680.33447266 -6.35826610
13 -680.34558105 -6.35836992
14 -680.35418701 -6.35845035
15 -680.36035156 -6.35850796
16 -680.37799072 -6.35867281
17 -680.38128662 -6.35870361
18 -680.39929199 -6.35887189
19 -680.40258789 -6.35890269
20 -680.41149902 -6.35898597
21 -680.41064453 -6.35897799
22 -680.40478516 -6.35892323
23 -680.41009521 -6.35897285
24 -680.42333984 -6.35909663
25 -680.44445801 -6.35929400
26 -680.45599365 -6.35940181
27 -680.45507812 -6.35939325
28 -680.47070312 -6.35953928
29 -680.47637939 -6.35959233
30 -680.47918701 -6.35961857
31 -680.48657227 -6.35968759
32 -680.48339844 -6.35965793
33 -680.47650146 -6.35959347
34 -680.47082520 -6.35954042
35 -680.47680664 -6.35959632
36 -680.47430420 -6.35957294
37 -680.47436523 -6.35957351
38 -680.47363281 -6.35956666
39 -680.46057129 -6.35944459
40 -680.44525146 -6.35930142
41 -680.44726562 -6.35932024
42 -680.44738770 -6.35932138
43 -680.44763184 -6.35932366
44 -680.44665527 -6.35931454
45 -680.45733643 -6.35941436
46 -680.46014404 -6.35944060
47 -680.46173096 -6.35945543
48 -680.46020508 -6.35944117
49 -680.44775391 -6.35932480
50 -680.44763184 -6.35932366
51 -680.45703125 -6.35941151
52 -680.45123291 -6.35935732
53 -680.45343018 -6.35937785
54 -680.44659424 -6.35931396
55 -680.45593262 -6.35940124
56 -680.45385742 -6.35938185
57 -680.45898438 -6.35942976
58 -680.45568848 -6.35939896
59 -680.44525146 -6.35930142
60 -680.44262695 -6.35927689
61 -680.44549561 -6.35930370
62 -680.44567871 -6.35930541
63 -680.44403076 -6.35929001
64 -680.44372559 -6.35928716
65 -680.45294189 -6.35937329
66 -680.44665527 -6.35931454
67 -680.44470215 -6.35929628
68 -680.43310547 -6.35918790
69 -680.43218994 -6.35917935
70 -680.41729736 -6.35904016
71 -680.41540527 -6.35902248
72 -680.42004395 -6.35906583
73 -680.41613770 -6.35902932
74 -680.41296387 -6.35899966
75 -680.40289307 -6.35890554
76 -680.39794922 -6.35885934
77 -680.39245605 -6.35880800
78 -680.39257812 -6.35880914
79 -680.38665771 -6.35875381
80 -680.39324951 -6.35881542
81 -680.39208984 -6.35880458
82 -680.38537598 -6.35874183
83 -680.38879395 -6.35877378
84 -680.38885498 -6.35877435
85 -680.38909912 -6.35877663
86 -680.39617920 -6.35884280
87 -680.40332031 -6.35890954
88 -680.40844727 -6.35895745
89 -680.39587402 -6.35883994
90 -680.40277100 -6.35890440
91 -680.40264893 -6.35890326
92 -680.40991211 -6.35897114
93 -680.40673828 -6.35894148
94 -680.39776611 -6.35885763
95 -680.40686035 -6.35894262
96 -680.39630127 -6.35884394
97 -680.39489746 -6.35883082
98 -680.39685059 -6.35884907
99 -680.39556885 -6.35883709
100 -680.38879395 -6.35877378
101 -680.38629150 -6.35875039
102 -680.39141846 -6.35879830
103 -680.39135742 -6.35879773
104 -680.39654541 -6.35884622
105 -680.38818359 -6.35876807
106 -680.40356445 -6.35891182
107 -680.39935303 -6.35887246
108 -680.39501953 -6.35883196
109 -680.38903809 -6.35877606
110 -680.39526367 -6.35883424
111 -680.39758301 -6.35885592
112 -680.39953613 -6.35887417
113 -680.40673828 -6.35894148
114 -680.40014648 -6.35887987
115 -680.40197754 -6.35889699
116 -680.40295410 -6.35890611
117 -680.40386963 -6.35891467
118 -680.40722656 -6.35894604
119 -680.41064453 -6.35897799
120 -680.41284180 -6.35899852
121 -680.41357422 -6.35900537
122 -680.40417480 -6.35891752
123 -680.40124512 -6.35889014
124 -680.41149902 -6.35898597
125 -680.40966797 -6.35896886
126 -680.41662598 -6.35903389
127 -680.41674805 -6.35903503
128 -680.40942383 -6.35896658
129 -680.41699219 -6.35903731
130 -680.42089844 -6.35907382
131 -680.42626953 -6.35912401
132 -680.42193604 -6.35908351
133 -680.43750000 -6.35922897
134 -680.43518066 -6.35920730
135 -680.42938232 -6.35915311
136 -680.43579102 -6.35921300
137 -680.43237305 -6.35918106
138 -680.43457031 -6.35920159
139 -680.43804932 -6.35923411
140 -680.44616699 -6.35930997
141 -680.44244385 -6.35927518
142 -680.44763184 -6.35932366
143 -680.44433594 -6.35929286
144 -680.44305420 -6.35928088
145 -680.44482422 -6.35929742
146 -680.45385742 -6.35938185
147 -680.45361328 -6.35937956
148 -680.44519043 -6.35930085
149 -680.45349121 -6.35937842
150 -680.45153809 -6.35936017
151 -680.46295166 -6.35946684
152 -680.45812988 -6.35942177
153 -680.46472168 -6.35948338
154 -680.46582031 -6.35949365
155 -680.46191406 -6.35945714
156 -680.47576904 -6.35958663
157 -680.47412109 -6.35957123
158 -680.47937012 -6.35962028
159 -680.48181152 -6.35964310
160 -680.48486328 -6.35967162
161 -680.49212646 -6.35973950
162 -680.49304199 -6.35974806
163 -680.48864746 -6.35970699
164 -680.48608398 -6.35968303
165 -680.49291992 -6.35974692
166 -680.48974609 -6.35971725
167 -680.48962402 -6.35971611
168 -680.48901367 -6.35971041
169 -680.48693848 -6.35969101
170 -680.49627686 -6.35977829
171 -680.49749756 -6.35978970
172 -680.49255371 -6.35974349
173 -680.49621582 -6.35977772
174 -680.49334717 -6.35975091
175 -680.48968506 -6.35971668
176 -680.48687744 -6.35969044
177 -680.48767090 -6.35969786
178 -680.49401855 -6.35975718
179 -680.49114990 -6.35973037
180 -680.49609375 -6.35977658
181 -680.49774170 -6.35979198
182 -680.48754883 -6.35969672
183 -680.48669434 -6.35968873
184 -680.49981689 -6.35981137
185 -680.49609375 -6.35977658
186 -680.50079346 -6.35982050
187 -680.50616455 -6.35987070
188 -680.50915527 -6.35989865
189 -680.51647949 -6.35996710
190 -680.51409912 -6.35994485
191 -680.51739502 -6.35997565
192 -680.51892090 -6.35998991
193 -680.51562500 -6.35995911
194 -680.51562500 -6.35995911
195 -680.51525879 -6.35995569
196 -680.52154541 -6.36001444
197 -680.52893066 -6.36008346
198 -680.52276611 -6.36002585
199 -680.52593994 -6.36005551
200 -680.51910400 -6.35999163
201 -680.52099609 -6.36000931
202 -680.51721191 -6.35997394
203 -680.52093506 -6.36000874
204 -680.51806641 -6.35998193
205 -680.52178955 -6.36001672
206 -680.52270508 -6.36002528
207 -680.52136230 -6.36001273
208 -680.51696777 -6.35997166
209 -680.51049805 -6.35991120
210 -680.52203369 -6.36001901
211 -680.52575684 -6.36005380
212 -680.53454590 -6.36013594
213 -680.54071045 -6.36019356
214 -680.54296875 -6.36021466
215 -680.55609131 -6.36033730
216 -680.55548096 -6.36033160
217 -680.55877686 -6.36036240
218 -680.56085205 -6.36038179
219 -680.55944824 -6.36036868
220 -680.55737305 -6.36034928
221 -680.56994629 -6.36046679
222 -680.56738281 -6.36044283
223 -680.56292725 -6.36040119
224 -680.56817627 -6.36045025
225 -680.56823730 -6.36045082
226 -680.56506348 -6.36042115
227 -680.56652832 -6.36043484
228 -680.56958008 -6.36046337
229 -680.56616211 -6.36043142
230 -680.56201172 -6.36039263
231 -680.56970215 -6.36046451
232 -680.56982422 -6.36046565
233 -680.56823730 -6.36045082
234 -680.56536865 -6.36042401
235 -680.56378174 -6.36040918
236 -680.55664062 -6.36034244
237 -680.55950928 -6.36036925
238 -680.56323242 -6.36040404
239 -680.56756592 -6.36044454
240 -680.57293701 -6.36049474
241 -680.57531738 -6.36051698
242 -680.57281494 -6.36049360
243 -680.57220459 -6.36048789
244 -680.57434082 -6.36050786
245 -680.57629395 -6.36052611
246 -680.58068848 -6.36056718
247 -680.58648682 -6.36062137
248 -680.58801270 -6.36063563
249 -680.59088135 -6.36066244
250 -680.59259033 -6.36067841
251 -680.59057617 -6.36065959
252 -680.58325195 -6.36059114
253 -680.58264160 -6.36058544
254 -680.58636475 -6.36062023
255 -680.58575439 -6.36061453
256 -680.58355713 -6.36059399
257 -680.59167480 -6.36066986
258 -680.59112549 -6.36066472
259 -680.59246826 -6.36067727
260 -680.59674072 -6.36071720
261 -680.60559082 -6.36079991
262 -680.60137939 -6.36076056
263 -680.60681152 -6.36081132
264 -680.60717773 -6.36081475
265 -680.61157227 -6.36085582
266 -680.61029053 -6.36084384
267 -680.61602783 -6.36089746
268 -680.61322021 -6.36087122
269 -680.61309814 -6.36087008
270 -680.60882568 -6.36083015
271 -680.60833740 -6.36082558
272 -680.61517334 -6.36088947
273 -680.61425781 -6.36088091
274 -680.61657715 -6.36090259
275 -680.61682129 -6.36090487
276 -680.61895752 -6.36092484
277 -680.62548828 -6.36098587
278 -680.62786865 -6.36100812
279 -680.62902832 -6.36101896
280 -680.63269043 -6.36105318
281 -680.63574219 -6.36108170
282 -680.63494873 -6.36107429
283 -680.63427734 -6.36106801
284 -680.63488770 -6.36107372
285 -680.63482666 -6.36107315
286 -680.63476562 -6.36107258
287 -680.63793945 -6.36110224
288 -680.64099121 -6.36113076
289 -680.63751221 -6.36109824
290 -680.64086914 -6.36112962
291 -680.63543701 -6.36107885
292 -680.63793945 -6.36110224
293 -680.64129639 -6.36113361
294 -680.63659668 -6.36108969
295 -680.63928223 -6.36111479
296 -680.63751221 -6.36109824
297 -680.63549805 -6.36107942
298 -680.63287354 -6.36105489
299 -680.64135742 -6.36113418
300 -680.64172363 -6.36113760
301 -680.64392090 -6.36115814
302 -680.64459229 -6.36116441
303 -680.64819336 -6.36119807
304 -680.65179443 -6.36123172
305 -680.65100098 -6.36122431
306 -680.65185547 -6.36123229
307 -680.65856934 -6.36129504
308 -680.65802002 -6.36128991
