0 -665.02929688 -7.07477975
1 -665.00811768 -7.07455444
2 -664.95117188 -7.07394864
3 -664.91888428 -7.07360515
4 -664.88659668 -7.07326167
5 -664.83685303 -7.07273248
6 -664.81298828 -7.07247860
7 -664.77075195 -7.07202928
8 -664.72528076 -7.07154554
9 -664.71374512 -7.07142282
10 -664.66491699 -7.07090337
11 -664.59497070 -7.07015926
12 -664.54803467 -7.06965994
13 -664.50720215 -7.06922555
14 -664.48669434 -7.06900739
15 -664.38745117 -7.06795161
16 -664.30554199 -7.06708023
17 -664.25579834 -7.06655105
18 -664.26489258 -7.06664779
19 -664.26812744 -7.06668221
20 -664.16943359 -7.06563227
21 -664.10186768 -7.06491349
22 -664.11279297 -7.06502971
23 -664.13995361 -7.06531866
24 -664.11614990 -7.06506542
25 -664.03900146 -7.06424470
26 -663.95324707 -7.06333242
27 -663.81481934 -7.06185978
28 -663.75689697 -7.06124358
29 -663.87054443 -7.06245260
30 -663.78192139 -7.06150980
31 -663.68457031 -7.06047415
32 -663.61602783 -7.05974498
33 -663.50408936 -7.05855414
34 -663.35852051 -7.05700554
35 -663.26635742 -7.05602508
36 -663.24249268 -7.05577120
37 -663.11181641 -7.05438103
38 -663.05462646 -7.05377262
39 -662.97814941 -7.05295904
40 -662.97473145 -7.05292267
41 -663.03894043 -7.05360575
42 -662.99029541 -7.05308825
43 -662.85314941 -7.05162925
44 -662.91369629 -7.05227336
45 -662.83654785 -7.05145264
46 -662.68249512 -7.04981378
47 -662.75366211 -7.05057087
48 -662.63391113 -7.04929693
49 -662.52246094 -7.04811129
50 -662.59454346 -7.04887812
51 -662.52777100 -7.04816778
52 -662.55169678 -7.04842231
53 -662.46545410 -7.04750483
54 -662.40942383 -7.04690876
55 -662.27117920 -7.04543808
56 -662.31475830 -7.04590168
57 -662.21533203 -7.04484396
58 -662.13690186 -7.04400959
59 -662.01580811 -7.04272136
60 -662.01031494 -7.04266292
61 -661.96386719 -7.04216880
62 -661.87060547 -7.04117665
63 -661.66339111 -7.03897225
64 -661.48077393 -7.03702951
65 -661.57244873 -7.03800477
66 -661.70135498 -7.03937612
67 -661.71807861 -7.03955403
68 -661.52746582 -7.03752623
69 -661.46093750 -7.03681848
70 -661.52496338 -7.03749961
71 -661.40820312 -7.03625748
72 -661.24725342 -7.03454525
73 -661.12255859 -7.03321871
74 -661.19464111 -7.03398554
75 -661.25970459 -7.03467771
76 -661.19793701 -7.03402061
77 -661.07019043 -7.03266160
78 -661.02880859 -7.03222137
79 -661.18237305 -7.03385503
80 -660.74957275 -7.02925077
81 -660.59619141 -7.02761906
82 -660.58898926 -7.02754244
83 -660.52484131 -7.02686001
84 -660.45471191 -7.02611396
85 -660.50299072 -7.02662756
86 -660.15991211 -7.02297779
87 -660.12078857 -7.02256158
88 -660.19110107 -7.02330959
89 -660.28784180 -7.02433874
90 -660.03552246 -7.02165449
91 -659.81549072 -7.01931373
92 -659.82861328 -7.01945333
93 -659.93499756 -7.02058508
94 -659.85693359 -7.01975461
95 -659.85705566 -7.01975591
96 -659.79333496 -7.01907803
97 -659.67761230 -7.01784694
98 -659.74078369 -7.01851898
99 -659.83557129 -7.01952735
100 -659.61199951 -7.01714893
101 -659.36584473 -7.01453026
102 -659.13323975 -7.01205574
103 -658.85955811 -7.00914424
104 -658.92218018 -7.00981043
105 -659.20190430 -7.01278622
106 -659.14251709 -7.01215444
107 -659.42395020 -7.01514841
108 -659.24462891 -7.01324073
109 -658.97167969 -7.01033702
110 -658.88104248 -7.00937279
111 -658.92816162 -7.00987406
112 -659.09753418 -7.01167590
113 -659.36218262 -7.01449130
114 -659.23999023 -7.01319139
115 -659.29162598 -7.01374070
116 -659.21258545 -7.01289985
117 -658.99591064 -7.01059479
118 -658.73455811 -7.00781445
119 -658.66021729 -7.00702359
120 -658.73205566 -7.00778783
121 -658.52624512 -7.00559835
122 -658.30456543 -7.00324006
123 -658.08782959 -7.00093436
124 -658.04418945 -7.00047010
125 -658.04675293 -7.00049737
126 -657.83343506 -6.99822803
127 -657.75286865 -6.99737094
128 -657.38903809 -6.99350041
129 -657.24530029 -6.99197128
130 -657.06402588 -6.99004283
131 -656.86791992 -6.98795659
132 -656.36724854 -6.98263030
133 -655.98089600 -6.97852017
134 -655.90655518 -6.97772931
135 -656.02539062 -6.97899352
136 -656.27014160 -6.98159725
137 -655.99572754 -6.97867795
138 -655.60589600 -6.97453081
139 -655.52502441 -6.97367047
140 -655.33020020 -6.97159787
141 -655.26049805 -6.97085636
142 -655.19836426 -6.97019536
143 -654.95654297 -6.96762280
144 -655.02239990 -6.96832340
145 -654.62170410 -6.96406068
146 -654.52270508 -6.96300750
147 -654.43566895 -6.96208158
148 -654.42749023 -6.96199458
149 -654.22076416 -6.95979536
150 -654.19232178 -6.95949278
151 -654.19525146 -6.95952395
152 -654.15734863 -6.95912073
153 -653.81719971 -6.95550212
154 -653.58526611 -6.95303475
155 -653.51507568 -6.95228804
156 -653.07641602 -6.94762145
157 -652.71496582 -6.94377623
158 -652.53527832 -6.94186466
159 -652.05401611 -6.93674485
160 -651.71508789 -6.93313923
161 -652.05407715 -6.93674550
162 -652.07556152 -6.93697406
163 -651.65100098 -6.93245746
164 -651.77764893 -6.93380478
165 -651.63415527 -6.93227825
166 -651.01519775 -6.92569359
167 -650.70745850 -6.92241977
168 -650.12219238 -6.91619354
169 -650.28479004 -6.91792330
170 -649.78662109 -6.91262363
171 -649.73651123 -6.91209055
172 -649.53747559 -6.90997314
173 -649.17126465 -6.90607728
174 -649.38745117 -6.90837714
175 -649.18792725 -6.90625455
176 -649.11193848 -6.90544615
177 -648.80187988 -6.90214766
178 -648.48425293 -6.89876865
179 -648.12109375 -6.89490525
180 -648.35339355 -6.89737653
181 -647.94885254 -6.89307290
182 -647.59246826 -6.88928158
183 -647.51892090 -6.88849916
184 -646.93408203 -6.88227747
185 -646.68151855 -6.87959062
186 -646.23779297 -6.87487014
187 -645.58697510 -6.86794654
188 -645.72790527 -6.86944580
189 -646.17968750 -6.87425199
190 -645.56170654 -6.86767773
191 -645.49688721 -6.86698816
192 -645.27532959 -6.86463117
193 -644.85119629 -6.86011911
194 -644.55627441 -6.85698164
195 -644.38146973 -6.85512202
196 -644.64715576 -6.85794847
197 -644.80419922 -6.85961914
198 -644.90496826 -6.86069115
199 -644.58673096 -6.85730565
200 -644.29809570 -6.85423506
201 -643.38330078 -6.84450320
202 -643.27111816 -6.84330977
203 -643.34460449 -6.84409154
204 -642.37982178 -6.83382789
205 -642.60809326 -6.83625631
206 -642.63934326 -6.83658876
207 -642.35559082 -6.83357012
208 -642.07177734 -6.83055082
209 -642.28216553 -6.83278899
210 -641.75292969 -6.82715883
211 -641.22149658 -6.82150528
212 -641.34985352 -6.82287078
213 -641.16979980 -6.82095532
214 -640.57299805 -6.81460636
215 -640.59063721 -6.81479401
216 -641.24182129 -6.82172150
217 -641.17864990 -6.82104947
218 -640.89666748 -6.81804965
219 -641.99664307 -6.82975152
220 -642.14251709 -6.83130337
221 -642.47552490 -6.83484601
222 -642.55523682 -6.83569401
223 -642.83325195 -6.83865162
224 -643.11511230 -6.84165013
225 -643.00402832 -6.84046839
226 -642.89361572 -6.83929378
227 -643.14404297 -6.84195790
228 -643.31420898 -6.84376818
229 -643.51068115 -6.84585831
230 -643.16052246 -6.84213322
231 -642.79382324 -6.83823216
232 -643.02166748 -6.84065604
233 -643.12750244 -6.84178194
234 -642.94592285 -6.83985024
235 -642.82373047 -6.83855032
236 -643.26422119 -6.84323640
237 -643.37548828 -6.84442009
238 -642.98883057 -6.84030671
239 -642.26751709 -6.83263316
240 -642.62213135 -6.83640565
241 -642.14648438 -6.83134558
242 -641.73168945 -6.82693287
243 -641.35644531 -6.82294091
244 -640.56494141 -6.81452065
245 -639.99645996 -6.80847298
246 -639.74841309 -6.80583418
247 -639.57409668 -6.80397975
248 -639.65490723 -6.80483944
249 -638.88610840 -6.79666073
250 -639.07495117 -6.79866969
251 -638.69232178 -6.79459917
252 -639.26757812 -6.80071892
253 -639.20745850 -6.80007935
254 -639.11920166 -6.79914044
255 -638.49896240 -6.79254215
256 -639.16290283 -6.79960535
257 -638.74340820 -6.79514264
258 -638.57891846 -6.79339275
259 -638.56072998 -6.79319926
260 -638.19476318 -6.78930599
261 -638.17388916 -6.78908393
262 -638.15161133 -6.78884693
263 -638.12719727 -6.78858720
264 -638.11730957 -6.78848202
265 -638.80603027 -6.79580883
266 -638.30480957 -6.79047670
267 -638.79431152 -6.79568417
268 -638.60925293 -6.79371546
269 -638.24853516 -6.78987803
270 -637.65716553 -6.78358687
271 -637.53167725 -6.78225189
272 -637.49902344 -6.78190450
273 -638.03790283 -6.78763726
274 -636.96972656 -6.77627369
275 -636.42028809 -6.77042860
276 -637.20776367 -6.77880600
277 -636.72497559 -6.77366995
278 -636.99102783 -6.77650030
279 -637.04406738 -6.77706455
280 -637.04571533 -6.77708208
281 -637.74493408 -6.78452058
282 -637.45587158 -6.78144544
283 -637.35644531 -6.78038772
284 -637.79241943 -6.78502574
285 -637.42407227 -6.78110715
286 -637.47308350 -6.78162855
287 -637.87054443 -6.78585686
288 -637.67626953 -6.78379010
289 -636.31054688 -6.76926114
290 -635.72576904 -6.76304010
291 -635.43273926 -6.75992276
292 -635.12640381 -6.75666387
293 -635.75878906 -6.76339137
294 -634.98480225 -6.75515747
295 -633.76458740 -6.74217646
296 -633.59930420 -6.74041813
297 -632.82873535 -6.73222059
298 -632.49041748 -6.72862146
299 -632.19793701 -6.72550997
300 -631.81243896 -6.72140893
301 -631.75604248 -6.72080896
302 -631.52703857 -6.71837275
303 -631.15032959 -6.71436521
304 -631.45397949 -6.71759553
305 -631.28900146 -6.71584044
306 -630.87969971 -6.71148617
307 -631.19445801 -6.71483466
308 -631.91290283 -6.72247769
309 -630.91058350 -6.71181472
310 -630.93981934 -6.71212574
311 -630.96997070 -6.71244650
312 -629.99011230 -6.70202247
313 -629.35235596 -6.69523783
314 -627.85345459 -6.67929207
315 -627.39654541 -6.67443133
316 -627.96624756 -6.68049200
317 -627.12634277 -6.67155684
318 -626.14715576 -6.66113995
319 -626.31713867 -6.66294828
320 -626.66510010 -6.66665000
321 -626.72015381 -6.66723568
322 -625.80078125 -6.65745512
323 -626.57885742 -6.66573253
324 -625.52996826 -6.65457413
325 -625.07604980 -6.64974521
326 -624.26757812 -6.64114445
327 -623.31463623 -6.63100677
328 -621.82977295 -6.61521035
329 -621.67291260 -6.61354162
330 -621.45336914 -6.61120605
331 -621.37695312 -6.61039312
332 -620.25292969 -6.59843542
333 -619.17236328 -6.58694003
334 -618.57684326 -6.58060472
335 -620.22387695 -6.59812635
336 -618.55407715 -6.58036252
337 -618.01580811 -6.57463626
338 -617.46875000 -6.56881649
339 -617.13574219 -6.56527385
340 -616.58343506 -6.55939825
341 -613.69006348 -6.52861770
342 -613.13018799 -6.52266157
343 -612.17797852 -6.51253169
344 -612.33764648 -6.51423028
345 -611.40441895 -6.50430233
346 -611.28234863 -6.50300371
347 -611.03363037 -6.50035777
348 -610.05773926 -6.48997595
349 -609.98846436 -6.48923898
350 -611.22418213 -6.50238492
351 -612.48382568 -6.51578538
352 -612.12213135 -6.51193757
353 -611.67028809 -6.50713072
354 -610.38305664 -6.49343677
355 -609.70684814 -6.48624307
356 -608.77191162 -6.47629693
357 -608.40472412 -6.47239068
358 -608.55200195 -6.47395747
359 -609.00701904 -6.47879807
360 -609.14501953 -6.48026617
361 -608.65264893 -6.47502818
362 -608.24597168 -6.47070183
363 -606.05566406 -6.44740068
364 -606.09063721 -6.44777274
365 -605.99188232 -6.44672215
366 -604.82470703 -6.43430539
367 -604.72827148 -6.43327948
368 -602.74291992 -6.41215872
369 -602.20147705 -6.40639869
370 -602.66540527 -6.41133410
371 -601.19348145 -6.39567533
372 -602.65509033 -6.41122437
373 -602.27923584 -6.40722591
374 -599.75292969 -6.38035032
375 -598.00579834 -6.36176381
376 -597.78344727 -6.35939838
377 -597.32208252 -6.35449024
378 -598.38525391 -6.36580057
379 -598.41571045 -6.36612458
380 -599.00976562 -6.37244432
381 -598.49011230 -6.36691609
382 -598.51849365 -6.36721802
383 -598.96844482 -6.37200473
384 -599.92456055 -6.38217618
385 -600.11993408 -6.38425462
386 -599.38861084 -6.37647458
387 -599.08715820 -6.37326764
388 -599.50146484 -6.37767516
389 -598.88244629 -6.37108985
390 -596.92736816 -6.35029115
391 -597.07543945 -6.35186638
392 -596.30480957 -6.34366819
393 -597.14074707 -6.35256114
394 -593.61853027 -6.31509075
395 -593.66442871 -6.31557903
396 -591.92956543 -6.29712304
397 -589.17156982 -6.26778266
398 -588.49371338 -6.26057142
399 -588.62615967 -6.26198042
400 -589.77264404 -6.27417706
401 -588.03460693 -6.25568731
402 -588.46752930 -6.26029286
403 -587.40521240 -6.24899162
404 -587.19055176 -6.24670800
405 -587.77624512 -6.25293878
406 -588.91485596 -6.26505166
407 -589.86572266 -6.27516726
408 -589.23071289 -6.26841184
