0 -565.09210205 -6.89136710
1 -565.12084961 -6.89171768
2 -565.14111328 -6.89196480
3 -565.15539551 -6.89213897
4 -565.16882324 -6.89230272
5 -565.17724609 -6.89240544
6 -565.18389893 -6.89248657
7 -565.18890381 -6.89254761
8 -565.19299316 -6.89259748
9 -565.19549561 -6.89262800
10 -565.19622803 -6.89263693
11 -565.19738770 -6.89265107
12 -565.20031738 -6.89268680
13 -565.20037842 -6.89268754
14 -565.19989014 -6.89268159
15 -565.19976807 -6.89268010
16 -565.19995117 -6.89268233
17 -565.20117188 -6.89269722
18 -565.20300293 -6.89271955
19 -565.20300293 -6.89271955
20 -565.20324707 -6.89272253
21 -565.20452881 -6.89273816
22 -565.20306396 -6.89272029
23 -565.20404053 -6.89273220
24 -565.20379639 -6.89272922
25 -565.20318604 -6.89272178
26 -565.19989014 -6.89268159
27 -565.20196533 -6.89270689
28 -565.20275879 -6.89271657
29 -565.20269775 -6.89271583
30 -565.20123291 -6.89269796
31 -565.20147705 -6.89270094
32 -565.20190430 -6.89270615
33 -565.20141602 -6.89270020
34 -565.19982910 -6.89268084
35 -565.19757080 -6.89265330
36 -565.19787598 -6.89265702
37 -565.19757080 -6.89265330
38 -565.19702148 -6.89264660
39 -565.19635010 -6.89263842
40 -565.19555664 -6.89262874
41 -565.19500732 -6.89262204
42 -565.19458008 -6.89261683
43 -565.19531250 -6.89262576
44 -565.19659424 -6.89264139
45 -565.19696045 -6.89264586
46 -565.19671631 -6.89264288
47 -565.19549561 -6.89262800
48 -565.19378662 -6.89260715
49 -565.19348145 -6.89260343
50 -565.19317627 -6.89259971
51 -565.19281006 -6.89259524
52 -565.18957520 -6.89255580
53 -565.18756104 -6.89253123
54 -565.18719482 -6.89252677
55 -565.18676758 -6.89252156
56 -565.18530273 -6.89250369
57 -565.18395996 -6.89248732
58 -565.18701172 -6.89252453
59 -565.18609619 -6.89251337
60 -565.18688965 -6.89252304
61 -565.18670654 -6.89252081
62 -565.18554688 -6.89250667
63 -565.18371582 -6.89248434
64 -565.18432617 -6.89249178
65 -565.18518066 -6.89250220
66 -565.18566895 -6.89250816
67 -565.18621826 -6.89251486
68 -565.18554688 -6.89250667
69 -565.18365479 -6.89248359
70 -565.18438721 -6.89249253
71 -565.18524170 -6.89250295
72 -565.18280029 -6.89247317
73 -565.18280029 -6.89247317
74 -565.18176270 -6.89246052
75 -565.18029785 -6.89244266
76 -565.18078613 -6.89244861
77 -565.18127441 -6.89245457
78 -565.17932129 -6.89243075
79 -565.18017578 -6.89244117
80 -565.17840576 -6.89241958
81 -565.17822266 -6.89241735
82 -565.17840576 -6.89241958
83 -565.17913818 -6.89242851
84 -565.18078613 -6.89244861
85 -565.17895508 -6.89242628
86 -565.17840576 -6.89241958
87 -565.17584229 -6.89238832
88 -565.17749023 -6.89240842
89 -565.17785645 -6.89241288
90 -565.17864990 -6.89242256
91 -565.17480469 -6.89237567
92 -565.17443848 -6.89237120
93 -565.17657471 -6.89239725
94 -565.17669678 -6.89239874
95 -565.17413330 -6.89236748
96 -565.17407227 -6.89236673
97 -565.17523193 -6.89238088
98 -565.17559814 -6.89238534
99 -565.17596436 -6.89238981
100 -565.17803955 -6.89241512
101 -565.17791748 -6.89241363
102 -565.17633057 -6.89239428
103 -565.17346191 -6.89235929
104 -565.17187500 -6.89233994
105 -565.17169189 -6.89233771
106 -565.17053223 -6.89232356
107 -565.16955566 -6.89231165
108 -565.17144775 -6.89233473
109 -565.17028809 -6.89232059
110 -565.16912842 -6.89230644
111 -565.16882324 -6.89230272
112 -565.16809082 -6.89229379
113 -565.17089844 -6.89232803
114 -565.17181396 -6.89233919
115 -565.16937256 -6.89230942
116 -565.16992188 -6.89231612
117 -565.16979980 -6.89231463
118 -565.16851807 -6.89229900
119 -565.16912842 -6.89230644
120 -565.16772461 -6.89228932
121 -565.16772461 -6.89228932
122 -565.16979980 -6.89231463
123 -565.16864014 -6.89230049
124 -565.16748047 -6.89228635
125 -565.16870117 -6.89230123
126 -565.16461182 -6.89225136
127 -565.16864014 -6.89230049
128 -565.16693115 -6.89227965
129 -565.16497803 -6.89225583
130 -565.16766357 -6.89228858
131 -565.16601562 -6.89226848
132 -565.16284180 -6.89222978
133 -565.16546631 -6.89226178
134 -565.16461182 -6.89225136
135 -565.16583252 -6.89226625
136 -565.16711426 -6.89228188
137 -565.16430664 -6.89224764
138 -565.16656494 -6.89227518
139 -565.16503906 -6.89225657
140 -565.16314697 -6.89223350
141 -565.16131592 -6.89221117
142 -565.16314697 -6.89223350
143 -565.16247559 -6.89222531
144 -565.16284180 -6.89222978
145 -565.16467285 -6.89225211
146 -565.16168213 -6.89221564
147 -565.16088867 -6.89220596
148 -565.15875244 -6.89217991
149 -565.16235352 -6.89222382
150 -565.16131592 -6.89221117
151 -565.16131592 -6.89221117
152 -565.16436768 -6.89224839
153 -565.16094971 -6.89220670
154 -565.15881348 -6.89218065
155 -565.16174316 -6.89221638
156 -565.16265869 -6.89222755
157 -565.16192627 -6.89221861
158 -565.16296387 -6.89223127
159 -565.16217041 -6.89222159
160 -565.16015625 -6.89219703
161 -565.16033936 -6.89219926
162 -565.15850830 -6.89217693
163 -565.15765381 -6.89216651
164 -565.15814209 -6.89217246
165 -565.15728760 -6.89216204
166 -565.15521240 -6.89213674
167 -565.15521240 -6.89213674
168 -565.15600586 -6.89214641
169 -565.15368652 -6.89211813
170 -565.15197754 -6.89209729
171 -565.14739990 -6.89204146
172 -565.15075684 -6.89208240
173 -565.14569092 -6.89202062
174 -565.14886475 -6.89205933
175 -565.14678955 -6.89203402
176 -565.15045166 -6.89207868
177 -565.14538574 -6.89201690
178 -565.14617920 -6.89202658
179 -565.14685059 -6.89203476
180 -565.14831543 -6.89205263
181 -565.14801025 -6.89204891
182 -565.14996338 -6.89207272
183 -565.14508057 -6.89201318
184 -565.15161133 -6.89209282
185 -565.14624023 -6.89202732
186 -565.14562988 -6.89201988
187 -565.15020752 -6.89207570
188 -565.14880371 -6.89205858
189 -565.14636230 -6.89202881
190 -565.14318848 -6.89199010
191 -565.14184570 -6.89197373
192 -565.14300537 -6.89198787
193 -565.14483643 -6.89201020
194 -565.14440918 -6.89200499
195 -565.14324951 -6.89199085
196 -565.14257812 -6.89198266
197 -565.13891602 -6.89193800
198 -565.14538574 -6.89201690
199 -565.14105225 -6.89196405
200 -565.14093018 -6.89196256
201 -565.13671875 -6.89191120
202 -565.13452148 -6.89188441
203 -565.13623047 -6.89190525
204 -565.13269043 -6.89186208
205 -565.12768555 -6.89180104
206 -565.13110352 -6.89184273
207 -565.13220215 -6.89185612
208 -565.13256836 -6.89186059
209 -565.13397217 -6.89187771
210 -565.13323975 -6.89186878
211 -565.13311768 -6.89186729
212 -565.13153076 -6.89184794
213 -565.13299561 -6.89186580
214 -565.13061523 -6.89183677
215 -565.13427734 -6.89188143
216 -565.13232422 -6.89185761
217 -565.12976074 -6.89182635
218 -565.12561035 -6.89177574
219 -565.12701416 -6.89179286
220 -565.12847900 -6.89181072
221 -565.12835693 -6.89180923
222 -565.13073730 -6.89183826
223 -565.12695312 -6.89179211
224 -565.12493896 -6.89176755
225 -565.12805176 -6.89180551
226 -565.12432861 -6.89176011
227 -565.12298584 -6.89174373
228 -565.11914062 -6.89169684
229 -565.11584473 -6.89165664
230 -565.11804199 -6.89168344
231 -565.11932373 -6.89169907
232 -565.11639404 -6.89166334
233 -565.12255859 -6.89173852
234 -565.12414551 -6.89175787
235 -565.12109375 -6.89172066
236 -565.12597656 -6.89178020
237 -565.12164307 -6.89172735
238 -565.12524414 -6.89177127
239 -565.12261963 -6.89173926
240 -565.11779785 -6.89168046
241 -565.11901855 -6.89169535
242 -565.12188721 -6.89173033
243 -565.11614990 -6.89166036
244 -565.12145996 -6.89172512
245 -565.11938477 -6.89169981
246 -565.12438965 -6.89176085
247 -565.12164307 -6.89172735
248 -565.12158203 -6.89172661
249 -565.12365723 -6.89175192
250 -565.12835693 -6.89180923
251 -565.12738037 -6.89179732
252 -565.12750244 -6.89179881
253 -565.13104248 -6.89184198
254 -565.13000488 -6.89182933
255 -565.12622070 -6.89178318
256 -565.12554932 -6.89177499
257 -565.12597656 -6.89178020
258 -565.12335205 -6.89174820
259 -565.12695312 -6.89179211
260 -565.12725830 -6.89179583
261 -565.12927246 -6.89182040
262 -565.13073730 -6.89183826
263 -565.12976074 -6.89182635
264 -565.12890625 -6.89181593
265 -565.12426758 -6.89175936
266 -565.11981201 -6.89170502
267 -565.12414551 -6.89175787
268 -565.12042236 -6.89171247
269 -565.12268066 -6.89174001
270 -565.12066650 -6.89171545
271 -565.12103271 -6.89171991
272 -565.11901855 -6.89169535
273 -565.11346436 -6.89162761
274 -565.11883545 -6.89169312
275 -565.11596680 -6.89165813
276 -565.11700439 -6.89167079
277 -565.11791992 -6.89168195
278 -565.11193848 -6.89160901
279 -565.11315918 -6.89162389
280 -565.11975098 -6.89170428
281 -565.11547852 -6.89165218
282 -565.11572266 -6.89165515
283 -565.11523438 -6.89164920
284 -565.11450195 -6.89164027
285 -565.11016846 -6.89158742
286 -565.10986328 -6.89158370
287 -565.11285400 -6.89162017
288 -565.10528564 -6.89152787
289 -565.11120605 -6.89160007
290 -565.11254883 -6.89161645
291 -565.11035156 -6.89158965
292 -565.10656738 -6.89154350
293 -565.10919189 -6.89157551
294 -565.11047363 -6.89159114
295 -565.10607910 -6.89153755
296 -565.11169434 -6.89160603
297 -565.10925293 -6.89157626
298 -565.11138916 -6.89160231
299 -565.10900879 -6.89157328
300 -565.11035156 -6.89158965
301 -565.11212158 -6.89161124
302 -565.10925293 -6.89157626
303 -565.11077881 -6.89159486
304 -565.11065674 -6.89159337
305 -565.10961914 -6.89158072
306 -565.11737061 -6.89167525
307 -565.11584473 -6.89165664
308 -565.11303711 -6.89162240
309 -565.10552979 -6.89153085
310 -565.10797119 -6.89156062
311 -565.11083984 -6.89159561
312 -565.11120605 -6.89160007
313 -565.10748291 -6.89155467
314 -565.10461426 -6.89151969
315 -565.10522461 -6.89152713
316 -565.10839844 -6.89156583
317 -565.10632324 -6.89154053
318 -565.10437012 -6.89151671
319 -565.10260010 -6.89149512
320 -565.10400391 -6.89151224
321 -565.10504150 -6.89152490
322 -565.10351562 -6.89150629
323 -565.10577393 -6.89153383
324 -565.10113525 -6.89147726
325 -565.09667969 -6.89142292
326 -565.09509277 -6.89140357
327 -565.10308838 -6.89150108
328 -565.10205078 -6.89148842
329 -565.10559082 -6.89153160
330 -565.09851074 -6.89144525
331 -565.10510254 -6.89152564
332 -565.10260010 -6.89149512
333 -565.10302734 -6.89150033
334 -565.10211182 -6.89148917
335 -565.10552979 -6.89153085
336 -565.10168457 -6.89148396
337 -565.10052490 -6.89146982
338 -565.10156250 -6.89148247
339 -565.09619141 -6.89141697
340 -565.09735107 -6.89143111
341 -565.10260010 -6.89149512
342 -565.10034180 -6.89146758
343 -565.09735107 -6.89143111
344 -565.09777832 -6.89143632
345 -565.09899902 -6.89145121
346 -565.09686279 -6.89142516
347 -565.09375000 -6.89138720
348 -565.09094238 -6.89135296
349 -565.08905029 -6.89132988
350 -565.08966064 -6.89133732
351 -565.08538818 -6.89128522
352 -565.09069824 -6.89134998
353 -565.08325195 -6.89125917
354 -565.09307861 -6.89137901
355 -565.09240723 -6.89137082
356 -565.08789062 -6.89131574
357 -565.08740234 -6.89130978
358 -565.07904053 -6.89120781
359 -565.08514404 -6.89128224
360 -565.08453369 -6.89127480
361 -565.08831787 -6.89132095
362 -565.09277344 -6.89137529
363 -565.09088135 -6.89135221
