0 -607.08093262 -6.89864696
1 -607.09851074 -6.89884671
2 -607.11145020 -6.89899375
3 -607.12176514 -6.89911097
4 -607.12945557 -6.89919836
5 -607.13708496 -6.89928506
6 -607.14245605 -6.89934609
7 -607.14691162 -6.89939672
8 -607.15100098 -6.89944319
9 -607.15496826 -6.89948828
10 -607.15844727 -6.89952781
11 -607.16204834 -6.89956873
12 -607.16516113 -6.89960410
13 -607.16772461 -6.89963323
14 -607.16986084 -6.89965751
15 -607.17236328 -6.89968595
16 -607.17468262 -6.89971230
17 -607.17572021 -6.89972409
18 -607.17724609 -6.89974143
19 -607.17852783 -6.89975600
20 -607.18017578 -6.89977472
21 -607.18096924 -6.89978374
22 -607.18286133 -6.89980524
23 -607.18371582 -6.89981495
24 -607.18493652 -6.89982882
25 -607.18585205 -6.89983923
26 -607.18658447 -6.89984755
27 -607.18713379 -6.89985379
28 -607.18835449 -6.89986766
29 -607.18927002 -6.89987807
30 -607.18933105 -6.89987876
31 -607.18963623 -6.89988223
32 -607.18981934 -6.89988431
33 -607.19055176 -6.89989263
34 -607.19024658 -6.89988917
35 -607.19171143 -6.89990581
36 -607.19226074 -6.89991205
37 -607.19329834 -6.89992384
