0 -632.12548828 -6.58464050
1 -632.15063477 -6.58490245
2 -632.16723633 -6.58507538
3 -632.17944336 -6.58520253
4 -632.18933105 -6.58530553
5 -632.19726562 -6.58538818
6 -632.20446777 -6.58546321
7 -632.21057129 -6.58552678
8 -632.21618652 -6.58558528
9 -632.22113037 -6.58563677
10 -632.22607422 -6.58568827
11 -632.22979736 -6.58572706
12 -632.23382568 -6.58576902
13 -632.23742676 -6.58580653
14 -632.24072266 -6.58584086
15 -632.24401855 -6.58587519
16 -632.24670410 -6.58590317
17 -632.25012207 -6.58593877
