0 -544.63372803 -6.80792160
1 -544.63525391 -6.80794067
2 -544.63653564 -6.80795670
3 -544.63757324 -6.80796967
4 -544.63903809 -6.80798798
5 -544.64038086 -6.80800476
6 -544.64135742 -6.80801697
7 -544.64233398 -6.80802917
8 -544.64245605 -6.80803070
9 -544.64331055 -6.80804138
10 -544.64367676 -6.80804596
11 -544.64440918 -6.80805511
12 -544.64514160 -6.80806427
13 -544.64562988 -6.80807037
14 -544.64587402 -6.80807343
15 -544.64685059 -6.80808563
16 -544.64691162 -6.80808640
17 -544.64831543 -6.80810394
18 -544.64880371 -6.80811005
19 -544.64929199 -6.80811615
20 -544.65026855 -6.80812836
21 -544.65045166 -6.80813065
22 -544.65075684 -6.80813446
23 -544.65148926 -6.80814362
24 -544.65197754 -6.80814972
25 -544.65216064 -6.80815201
26 -544.65307617 -6.80816345
27 -544.65301514 -6.80816269
28 -544.65393066 -6.80817413
29 -544.65454102 -6.80818176
30 -544.65466309 -6.80818329
31 -544.65515137 -6.80818939
32 -544.65582275 -6.80819778
33 -544.65649414 -6.80820618
34 -544.65692139 -6.80821152
35 -544.65716553 -6.80821457
36 -544.65692139 -6.80821152
37 -544.65814209 -6.80822678
38 -544.65881348 -6.80823517
39 -544.65881348 -6.80823517
40 -544.65887451 -6.80823593
41 -544.65979004 -6.80824738
42 -544.65972900 -6.80824661
43 -544.66052246 -6.80825653
44 -544.66070557 -6.80825882
45 -544.66156006 -6.80826950
46 -544.66156006 -6.80826950
47 -544.66204834 -6.80827560
48 -544.66192627 -6.80827408
49 -544.66314697 -6.80828934
50 -544.66308594 -6.80828857
51 -544.66333008 -6.80829163
52 -544.66345215 -6.80829315
53 -544.66394043 -6.80829926
54 -544.66406250 -6.80830078
55 -544.66479492 -6.80830994
56 -544.66503906 -6.80831299
57 -544.66510010 -6.80831375
58 -544.66583252 -6.80832291
59 -544.66552734 -6.80831909
60 -544.66644287 -6.80833054
61 -544.66699219 -6.80833740
62 -544.66680908 -6.80833511
63 -544.66784668 -6.80834808
64 -544.66790771 -6.80834885
65 -544.66790771 -6.80834885
66 -544.66912842 -6.80836411
67 -544.66967773 -6.80837097
68 -544.66949463 -6.80836868
69 -544.66992188 -6.80837402
70 -544.67053223 -6.80838165
71 -544.67114258 -6.80838928
72 -544.67126465 -6.80839081
73 -544.67120361 -6.80839005
74 -544.67138672 -6.80839233
75 -544.67138672 -6.80839233
76 -544.67138672 -6.80839233
77 -544.67169189 -6.80839615
78 -544.67199707 -6.80839996
79 -544.67169189 -6.80839615
80 -544.67254639 -6.80840683
81 -544.67321777 -6.80841522
82 -544.67340088 -6.80841751
83 -544.67333984 -6.80841675
84 -544.67370605 -6.80842133
85 -544.67395020 -6.80842438
86 -544.67431641 -6.80842896
87 -544.67468262 -6.80843353
88 -544.67480469 -6.80843506
89 -544.67547607 -6.80844345
90 -544.67535400 -6.80844193
91 -544.67559814 -6.80844498
92 -544.67633057 -6.80845413
93 -544.67645264 -6.80845566
94 -544.67633057 -6.80845413
95 -544.67687988 -6.80846100
96 -544.67694092 -6.80846176
97 -544.67700195 -6.80846252
98 -544.67706299 -6.80846329
99 -544.67736816 -6.80846710
100 -544.67779541 -6.80847244
101 -544.67773438 -6.80847168
102 -544.67810059 -6.80847626
103 -544.67846680 -6.80848083
104 -544.67864990 -6.80848312
105 -544.67871094 -6.80848389
106 -544.67871094 -6.80848389
107 -544.67907715 -6.80848846
108 -544.67889404 -6.80848618
109 -544.67889404 -6.80848618
110 -544.67950439 -6.80849380
111 -544.67968750 -6.80849609
112 -544.68048096 -6.80850601
113 -544.68084717 -6.80851059
114 -544.68103027 -6.80851288
115 -544.68103027 -6.80851288
116 -544.68103027 -6.80851288
117 -544.68127441 -6.80851593
118 -544.68139648 -6.80851746
119 -544.68164062 -6.80852051
120 -544.68145752 -6.80851822
121 -544.68194580 -6.80852432
122 -544.68182373 -6.80852280
123 -544.68255615 -6.80853195
124 -544.68304443 -6.80853806
125 -544.68267822 -6.80853348
126 -544.68292236 -6.80853653
127 -544.68261719 -6.80853271
128 -544.68243408 -6.80853043
129 -544.68322754 -6.80854034
130 -544.68365479 -6.80854568
131 -544.68450928 -6.80855637
132 -544.68444824 -6.80855560
133 -544.68444824 -6.80855560
134 -544.68450928 -6.80855637
135 -544.68444824 -6.80855560
136 -544.68487549 -6.80856094
137 -544.68481445 -6.80856018
138 -544.68450928 -6.80855637
139 -544.68475342 -6.80855942
140 -544.68542480 -6.80856781
141 -544.68518066 -6.80856476
142 -544.68560791 -6.80857010
143 -544.68603516 -6.80857544
144 -544.68603516 -6.80857544
145 -544.68652344 -6.80858154
146 -544.68634033 -6.80857925
147 -544.68670654 -6.80858383
148 -544.68652344 -6.80858154
149 -544.68688965 -6.80858612
150 -544.68737793 -6.80859222
151 -544.68750000 -6.80859375
152 -544.68780518 -6.80859756
153 -544.68811035 -6.80860138
154 -544.68811035 -6.80860138
155 -544.68762207 -6.80859528
156 -544.68786621 -6.80859833
157 -544.68804932 -6.80860062
158 -544.68841553 -6.80860519
159 -544.68859863 -6.80860748
160 -544.68841553 -6.80860519
161 -544.68920898 -6.80861511
162 -544.68933105 -6.80861664
163 -544.68939209 -6.80861740
