0 -778.28430176 -6.65200258
1 -778.29882812 -6.65212674
2 -778.30822754 -6.65220707
3 -778.31652832 -6.65227802
4 -778.32275391 -6.65233123
5 -778.32830811 -6.65237870
6 -778.33380127 -6.65242565
7 -778.33740234 -6.65245643
8 -778.34082031 -6.65248564
9 -778.34350586 -6.65250860
10 -778.34655762 -6.65253468
11 -778.34930420 -6.65255816
12 -778.35229492 -6.65258372
13 -778.35412598 -6.65259937
14 -778.35607910 -6.65261606
15 -778.35827637 -6.65263484
16 -778.35992432 -6.65264893
17 -778.36151123 -6.65266249
18 -778.36370850 -6.65268127
