0 -542.03198242 -6.77539978
1 -542.00830078 -6.77510376
2 -541.96380615 -6.77454758
3 -541.95172119 -6.77439651
4 -541.90594482 -6.77382431
5 -541.86303711 -6.77328796
6 -541.82763672 -6.77284546
7 -541.76239014 -6.77202988
8 -541.76257324 -6.77203217
9 -541.74627686 -6.77182846
10 -541.69226074 -6.77115326
11 -541.63494873 -6.77043686
12 -541.59802246 -6.76997528
13 -541.62084961 -6.77026062
14 -541.55889893 -6.76948624
15 -541.59002686 -6.76987534
16 -541.58758545 -6.76984482
17 -541.52728271 -6.76909103
18 -541.49334717 -6.76866684
19 -541.45281982 -6.76816025
20 -541.36071777 -6.76700897
21 -541.32415771 -6.76655197
22 -541.24377441 -6.76554718
23 -541.16247559 -6.76453094
24 -541.12414551 -6.76405182
25 -541.11383057 -6.76392288
26 -541.04998779 -6.76312485
27 -540.99310303 -6.76241379
28 -540.99053955 -6.76238174
29 -540.99041748 -6.76238022
30 -540.93310547 -6.76166382
31 -540.87835693 -6.76097946
32 -540.85852051 -6.76073151
33 -540.83715820 -6.76046448
34 -540.79809570 -6.75997620
35 -540.73504639 -6.75918808
36 -540.66070557 -6.75825882
37 -540.64196777 -6.75802460
38 -540.54901123 -6.75686264
39 -540.54016113 -6.75675201
40 -540.53161621 -6.75664520
41 -540.43322754 -6.75541534
42 -540.39862061 -6.75498276
43 -540.38616943 -6.75482712
44 -540.44061279 -6.75550766
45 -540.32983398 -6.75412292
46 -540.19909668 -6.75248871
47 -540.15734863 -6.75196686
48 -540.06402588 -6.75080032
49 -539.97149658 -6.74964371
50 -539.88507080 -6.74856339
51 -539.96557617 -6.74956970
52 -539.84387207 -6.74804840
53 -539.79571533 -6.74744644
54 -539.76953125 -6.74711914
55 -539.72454834 -6.74655685
56 -539.68041992 -6.74600525
57 -539.64801025 -6.74560013
58 -539.67175293 -6.74589691
59 -539.57501221 -6.74468765
60 -539.56634521 -6.74457932
61 -539.42150879 -6.74276886
62 -539.37158203 -6.74214478
63 -539.33148193 -6.74164352
64 -539.07952881 -6.73849411
65 -539.07293701 -6.73841171
66 -538.99645996 -6.73745575
67 -539.04626465 -6.73807831
68 -538.95056152 -6.73688202
69 -538.93566895 -6.73669586
70 -538.87597656 -6.73594971
71 -538.93731689 -6.73671646
72 -538.74591064 -6.73432388
73 -538.76531982 -6.73456650
74 -538.71789551 -6.73397369
75 -538.75830078 -6.73447876
76 -538.65679932 -6.73320999
77 -538.61370850 -6.73267136
78 -538.66778564 -6.73334732
79 -538.60290527 -6.73253632
80 -538.52160645 -6.73152008
81 -538.35699463 -6.72946243
82 -538.38488770 -6.72981110
83 -538.26141357 -6.72826767
84 -538.18591309 -6.72732391
85 -537.98913574 -6.72486420
86 -537.86151123 -6.72326889
87 -537.84851074 -6.72310638
88 -537.62023926 -6.72025299
89 -537.50579834 -6.71882248
90 -537.30261230 -6.71628265
91 -537.24822998 -6.71560287
92 -537.33801270 -6.71672516
93 -537.35656738 -6.71695709
94 -537.32220459 -6.71652756
95 -537.29095459 -6.71613693
96 -537.16351318 -6.71454391
97 -537.06628418 -6.71332855
98 -536.83715820 -6.71046448
99 -536.89837646 -6.71122971
100 -536.66534424 -6.70831680
101 -536.50439453 -6.70630493
102 -536.51055908 -6.70638199
103 -536.49731445 -6.70621643
104 -536.49359131 -6.70616989
105 -536.47247314 -6.70590591
106 -536.27301025 -6.70341263
107 -535.98352051 -6.69979401
108 -536.04046631 -6.70050583
109 -535.90087891 -6.69876099
110 -535.86224365 -6.69827805
111 -535.98803711 -6.69985046
112 -535.87213135 -6.69840164
113 -536.05114746 -6.70063934
114 -535.96795654 -6.69959946
115 -536.00311279 -6.70003891
116 -536.06353760 -6.70079422
117 -535.97503662 -6.69968796
118 -535.95068359 -6.69938354
119 -535.88537598 -6.69856720
120 -535.79174805 -6.69739685
121 -535.86364746 -6.69829559
122 -536.00347900 -6.70004349
123 -535.79168701 -6.69739609
124 -535.57897949 -6.69473724
125 -535.55133057 -6.69439163
126 -535.53863525 -6.69423294
127 -535.23980713 -6.69049759
128 -535.20996094 -6.69012451
129 -535.11346436 -6.68891830
130 -535.00048828 -6.68750610
131 -534.87664795 -6.68595810
132 -534.87841797 -6.68598022
133 -534.75482178 -6.68443527
134 -534.75878906 -6.68448486
135 -534.77752686 -6.68471909
136 -534.74035645 -6.68425446
137 -534.70056152 -6.68375702
138 -534.61096191 -6.68263702
139 -534.76892090 -6.68461151
140 -534.74780273 -6.68434753
141 -534.45916748 -6.68073959
142 -534.42547607 -6.68031845
143 -534.32788086 -6.67909851
144 -534.26245117 -6.67828064
145 -534.18347168 -6.67729340
146 -534.05419922 -6.67567749
147 -534.01092529 -6.67513657
148 -533.55175781 -6.66939697
149 -533.27935791 -6.66599197
150 -533.56542969 -6.66956787
151 -533.54583740 -6.66932297
152 -533.19433594 -6.66492920
153 -532.94384766 -6.66179810
154 -532.85015869 -6.66062698
155 -532.82818604 -6.66035233
156 -532.63348389 -6.65791855
157 -532.33081055 -6.65413513
158 -532.16247559 -6.65203094
159 -532.06878662 -6.65085983
160 -531.99536133 -6.64994202
161 -532.20092773 -6.65251160
162 -532.11505127 -6.65143814
163 -531.94171143 -6.64927139
164 -531.68841553 -6.64610519
165 -531.65759277 -6.64571991
166 -531.76245117 -6.64703064
167 -531.82159424 -6.64776993
168 -531.64080811 -6.64551010
169 -531.64233398 -6.64552917
170 -531.27874756 -6.64098434
171 -531.69604492 -6.64620056
172 -531.51470947 -6.64393387
173 -531.42675781 -6.64283447
174 -531.76214600 -6.64702682
175 -531.92932129 -6.64911652
176 -532.02801514 -6.65035019
177 -532.02935791 -6.65036697
178 -531.61499023 -6.64518738
179 -531.29907227 -6.64123840
180 -531.17956543 -6.63974457
181 -530.72808838 -6.63410110
182 -530.51873779 -6.63148422
183 -530.55035400 -6.63187943
184 -530.11010742 -6.62637634
185 -529.78173828 -6.62227173
186 -529.95507812 -6.62443848
187 -529.76147461 -6.62201843
188 -529.44659424 -6.61808243
189 -529.23052979 -6.61538162
190 -529.08398438 -6.61354980
191 -528.53002930 -6.60662537
192 -528.58966064 -6.60737076
193 -528.90753174 -6.61134415
194 -528.40179443 -6.60502243
195 -528.24572754 -6.60307159
196 -528.33233643 -6.60415421
197 -527.94244385 -6.59928055
198 -527.86871338 -6.59835892
199 -527.79431152 -6.59742889
200 -527.62774658 -6.59534683
201 -527.48645020 -6.59358063
202 -527.21301270 -6.59016266
203 -527.11120605 -6.58889008
204 -526.71087646 -6.58388596
205 -526.73968506 -6.58424606
206 -526.51165771 -6.58139572
207 -526.31622314 -6.57895279
208 -526.50982666 -6.58137283
209 -526.74224854 -6.58427811
210 -526.32031250 -6.57900391
211 -526.59741211 -6.58246765
212 -526.79510498 -6.58493881
213 -526.48663330 -6.58108292
214 -526.10839844 -6.57635498
215 -526.48699951 -6.58108749
216 -526.06506348 -6.57581329
217 -525.91644287 -6.57395554
218 -525.15832520 -6.56447906
219 -525.12145996 -6.56401825
220 -525.26336670 -6.56579208
221 -525.68841553 -6.57110519
222 -525.62939453 -6.57036743
223 -525.22839355 -6.56535492
224 -525.27532959 -6.56594162
225 -525.09356689 -6.56366959
226 -524.78887939 -6.55986099
227 -524.65289307 -6.55816116
228 -525.19952393 -6.56499405
229 -525.13397217 -6.56417465
230 -524.63446045 -6.55793076
231 -524.42059326 -6.55525742
232 -524.51000977 -6.55637512
233 -524.50732422 -6.55634155
234 -524.26672363 -6.55333405
235 -524.58917236 -6.55736465
236 -525.01049805 -6.56263123
237 -524.79046631 -6.55988083
238 -524.59936523 -6.55749207
239 -524.15405273 -6.55192566
240 -524.30877686 -6.55385971
241 -524.20465088 -6.55255814
242 -523.72418213 -6.54655228
243 -523.30603027 -6.54132538
244 -523.03833008 -6.53797913
245 -523.36718750 -6.54208984
246 -523.23919678 -6.54048996
247 -523.65039062 -6.54562988
248 -523.21704102 -6.54021301
249 -523.59033203 -6.54487915
250 -523.18865967 -6.53985825
251 -523.00128174 -6.53751602
252 -523.32647705 -6.54158096
253 -522.37078857 -6.52963486
254 -522.18896484 -6.52736206
255 -521.28118896 -6.51601486
256 -521.80755615 -6.52259445
257 -521.48089600 -6.51851120
258 -521.33111572 -6.51663895
259 -521.40478516 -6.51755981
260 -520.53436279 -6.50667953
261 -520.76086426 -6.50951080
262 -521.59094238 -6.51988678
263 -521.58648682 -6.51983109
264 -520.94873047 -6.51185913
265 -520.59979248 -6.50749741
266 -521.14892578 -6.51436157
267 -521.62677002 -6.52033463
268 -521.60040283 -6.52000504
269 -521.03564453 -6.51294556
270 -520.76287842 -6.50953598
271 -520.53704834 -6.50671310
272 -519.78570557 -6.49732132
273 -519.26647949 -6.49083099
274 -520.40875244 -6.50510941
275 -519.50891113 -6.49386139
276 -519.33288574 -6.49166107
277 -518.77185059 -6.48464813
278 -517.95416260 -6.47442703
279 -517.91229248 -6.47390366
280 -517.70178223 -6.47127228
281 -518.20391846 -6.47754898
282 -517.95135498 -6.47439194
283 -517.11022949 -6.46387787
284 -516.46801758 -6.45585022
285 -516.46118164 -6.45576477
286 -516.11132812 -6.45139160
287 -516.33062744 -6.45413284
288 -517.03991699 -6.46299896
289 -517.03381348 -6.46292267
290 -516.46887207 -6.45586090
291 -517.36016846 -6.46700211
292 -517.14526367 -6.46431580
293 -517.56347656 -6.46954346
294 -517.19793701 -6.46497421
295 -517.58856201 -6.46985703
296 -517.70379639 -6.47129745
297 -517.36065674 -6.46700821
298 -517.16674805 -6.46458435
299 -516.87506104 -6.46093826
300 -516.08142090 -6.45101776
301 -515.96099854 -6.44951248
302 -516.68487549 -6.45856094
303 -516.22991943 -6.45287399
304 -516.69635010 -6.45870438
305 -516.05517578 -6.45068970
306 -515.46929932 -6.44336624
307 -514.43994141 -6.43049927
308 -515.45153809 -6.44314423
309 -515.29571533 -6.44119644
310 -514.71258545 -6.43390732
311 -514.41644287 -6.43020554
312 -514.94384766 -6.43679810
313 -515.20611572 -6.44007645
314 -515.12060547 -6.43900757
315 -515.03173828 -6.43789673
316 -515.59368896 -6.44492111
317 -515.77062988 -6.44713287
318 -515.76782227 -6.44709778
319 -515.16552734 -6.43956909
320 -514.49023438 -6.43112793
321 -514.06304932 -6.42578812
322 -514.16351318 -6.42704391
323 -513.91357422 -6.42391968
324 -513.77984619 -6.42224808
325 -514.31860352 -6.42898254
326 -514.84063721 -6.43550797
327 -515.03472900 -6.43793411
328 -515.01336670 -6.43766708
329 -515.03326416 -6.43791580
330 -515.14050293 -6.43925629
331 -515.10144043 -6.43876801
332 -515.20788574 -6.44009857
333 -514.67260742 -6.43340759
334 -514.69580078 -6.43369751
335 -515.39190674 -6.44239883
336 -514.68621826 -6.43357773
337 -514.07727051 -6.42596588
338 -514.14465332 -6.42680817
339 -513.90625000 -6.42382812
340 -513.44653320 -6.41808167
341 -513.47473145 -6.41843414
342 -513.09179688 -6.41364746
343 -513.20135498 -6.41501694
344 -513.53326416 -6.41916580
345 -513.33239746 -6.41665497
346 -513.47631836 -6.41845398
347 -512.64538574 -6.40806732
348 -512.47998047 -6.40599976
349 -511.56436157 -6.39455452
350 -512.44262695 -6.40553284
351 -512.90710449 -6.41133881
352 -512.97033691 -6.41212921
353 -512.92095947 -6.41151199
354 -511.91497803 -6.39893723
355 -511.93896484 -6.39923706
356 -512.12786865 -6.40159836
357 -512.02050781 -6.40025635
358 -512.17742920 -6.40221786
359 -512.44116211 -6.40551453
360 -512.61230469 -6.40765381
361 -512.62536621 -6.40781708
362 -512.86572266 -6.41082153
363 -511.99282837 -6.39991035
364 -512.03558350 -6.40044479
365 -511.79962158 -6.39749527
366 -511.52716064 -6.39408951
367 -511.66302490 -6.39578781
368 -510.96383667 -6.38704796
369 -510.95629883 -6.38695374
370 -510.47384644 -6.38092308
371 -510.67352295 -6.38341904
372 -510.61755371 -6.38271942
373 -510.40930176 -6.38011627
374 -510.97943115 -6.38724289
375 -510.16500854 -6.37706261
376 -510.77755737 -6.38471947
377 -510.95465088 -6.38693314
378 -510.85131836 -6.38564148
379 -511.29840088 -6.39123001
380 -510.31042480 -6.37888031
381 -510.36636353 -6.37957954
382 -510.02810669 -6.37535133
383 -509.89645386 -6.37370567
384 -509.86816406 -6.37335205
385 -510.62075806 -6.38275948
386 -510.56903076 -6.38211288
387 -509.95556641 -6.37444458
388 -509.12786865 -6.36409836
389 -508.08834839 -6.35110435
390 -508.06597900 -6.35082474
391 -507.09527588 -6.33869095
392 -506.48980713 -6.33112259
393 -506.15908813 -6.32698860
394 -505.27529907 -6.31594124
395 -505.61715698 -6.32021446
396 -505.59036255 -6.31987953
397 -504.73190308 -6.30914879
398 -504.26593018 -6.30332413
399 -503.96722412 -6.29959030
400 -502.88293457 -6.28603668
401 -503.08853149 -6.28860664
402 -501.60223389 -6.27002792
403 -501.41213989 -6.26765175
404 -499.58218384 -6.24477730
405 -498.56112671 -6.23201408
406 -498.16387939 -6.22704849
407 -498.87350464 -6.23591881
408 -500.21154785 -6.25264435
409 -499.57357788 -6.24466972
410 -500.17672729 -6.25220909
411 -499.86791992 -6.24834900
412 -499.37969971 -6.24224625
413 -498.86416626 -6.23580208
414 -498.53381348 -6.23167267
415 -499.51480103 -6.24393501
416 -498.90536499 -6.23631706
417 -498.73928833 -6.23424110
418 -498.56552124 -6.23206902
419 -498.75918579 -6.23448982
420 -498.67556763 -6.23344460
421 -497.08023071 -6.21350288
422 -498.64633179 -6.23307915
423 -498.86853027 -6.23585663
424 -499.30532837 -6.24131660
425 -500.04754639 -6.25059433
426 -499.81698608 -6.24771233
427 -499.35910034 -6.24198875
428 -500.27828979 -6.25347862
429 -499.84664917 -6.24808311
430 -499.28665161 -6.24108315
431 -499.15591431 -6.23944893
432 -498.76779175 -6.23459740
433 -498.88958740 -6.23611984
434 -498.49942017 -6.23124275
435 -498.06152344 -6.22576904
436 -499.05541992 -6.23819275
437 -498.77081299 -6.23463516
438 -498.48068237 -6.23100853
439 -499.28884888 -6.24111061
440 -500.03677368 -6.25045967
441 -500.14807129 -6.25185089
442 -500.39456177 -6.25493202
443 -500.47222900 -6.25590286
444 -501.14355469 -6.26429443
445 -500.72503662 -6.25906296
446 -502.18917847 -6.27736473
447 -501.16943359 -6.26461792
448 -501.37451172 -6.26718140
449 -502.01736450 -6.27521706
450 -501.80163574 -6.27252045
451 -502.27853394 -6.27848167
452 -502.21182251 -6.27764778
453 -500.50912476 -6.25636406
454 -500.73934937 -6.25924187
455 -501.51174927 -6.26889687
456 -501.75939941 -6.27199249
457 -500.96899414 -6.26211243
458 -500.62863159 -6.25785789
459 -499.89282227 -6.24866028
460 -499.83633423 -6.24795418
461 -499.63049316 -6.24538116
462 -499.15270996 -6.23940887
463 -498.54968262 -6.23187103
464 -498.85675049 -6.23570938
465 -497.82962036 -6.22287025
466 -497.67251587 -6.22090645
467 -498.02648926 -6.22533112
468 -498.80709839 -6.23508873
469 -498.03195190 -6.22539940
470 -496.94284058 -6.21178551
471 -497.82467651 -6.22280846
472 -498.44876099 -6.23060951
473 -498.40093994 -6.23001175
474 -498.97869873 -6.23723373
475 -499.71780396 -6.24647255
476 -500.17221069 -6.25215263
477 -501.16940308 -6.26461754
478 -501.28668213 -6.26608353
479 -500.33453369 -6.25418167
480 -499.15185547 -6.23939819
481 -497.68511963 -6.22106400
482 -497.15890503 -6.21448631
483 -497.01428223 -6.21267853
484 -495.32635498 -6.19157944
485 -495.19104004 -6.18988800
486 -494.26123047 -6.17826538
487 -494.64367676 -6.18304596
488 -494.20669556 -6.17758369
489 -493.43386841 -6.16792336
490 -492.96722412 -6.16209030
491 -492.92446899 -6.16155586
492 -490.07928467 -6.12599106
493 -488.84252930 -6.11053162
494 -489.57598877 -6.11969986
495 -489.19091797 -6.11488647
496 -488.86404419 -6.11080055
497 -488.65582275 -6.10819778
498 -486.55615234 -6.08195190
499 -485.78442383 -6.07230530
500 -484.49322510 -6.05616531
501 -483.83325195 -6.04791565
502 -482.64916992 -6.03311462
503 -482.63305664 -6.03291321
504 -482.35131836 -6.02939148
505 -481.23889160 -6.01548615
506 -482.33905029 -6.02923813
507 -482.14883423 -6.02686043
508 -479.81600952 -5.99770012
509 -480.71734619 -6.00896683
510 -483.36593628 -6.04207420
511 -483.28204346 -6.04102554
512 -483.84555054 -6.04806938
513 -482.58300781 -6.03228760
514 -480.63323975 -6.00791550
515 -480.06884766 -6.00086060
516 -481.14071655 -6.01425896
517 -481.16873169 -6.01460915
518 -479.22482300 -5.99031029
519 -477.91589355 -5.97394867
520 -478.41174316 -5.98014679
521 -478.67898560 -5.98348732
522 -478.43170166 -5.98039627
523 -476.92984009 -5.96162300
