0 -751.55224609 -6.95881709
1 -750.42712402 -6.94839930
2 -749.75299072 -6.94215732
3 -749.13745117 -6.93645788
4 -747.70178223 -6.92316465
5 -746.40289307 -6.91113790
6 -745.80877686 -6.90563682
7 -744.69689941 -6.89534166
8 -744.01672363 -6.88904374
9 -743.30981445 -6.88249828
10 -741.96710205 -6.87006576
11 -741.99914551 -6.87036246
12 -740.70617676 -6.85839053
13 -739.53967285 -6.84758956
14 -738.62609863 -6.83913054
15 -738.87939453 -6.84147588
16 -738.65582275 -6.83940577
17 -737.23876953 -6.82628490
18 -737.53289795 -6.82900831
19 -737.62469482 -6.82985829
20 -736.53436279 -6.81976262
21 -736.47851562 -6.81924552
22 -734.19909668 -6.79813978
23 -733.84588623 -6.79486932
24 -733.49450684 -6.79161580
25 -733.79718018 -6.79441833
26 -732.90106201 -6.78612094
27 -731.13214111 -6.76974205
28 -730.65875244 -6.76535882
29 -730.58276367 -6.76465522
30 -728.54595947 -6.74579592
31 -728.26226807 -6.74316915
32 -728.60528564 -6.74634524
33 -727.36608887 -6.73487119
34 -726.96038818 -6.73111471
35 -724.32110596 -6.70667691
36 -725.01495361 -6.71310142
37 -726.10565186 -6.72320048
38 -724.90435791 -6.71207739
39 -724.74060059 -6.71056112
40 -723.56829834 -6.69970647
41 -723.43188477 -6.69844338
42 -723.66082764 -6.70056322
43 -723.55529785 -6.69958609
44 -723.06890869 -6.69508249
45 -720.91961670 -6.67518164
46 -720.56683350 -6.67191512
47 -720.24383545 -6.66892440
48 -719.40344238 -6.66114299
49 -719.51208496 -6.66214893
50 -719.69061279 -6.66380197
51 -720.43609619 -6.67070459
52 -720.43750000 -6.67071759
53 -719.82360840 -6.66503341
54 -719.02758789 -6.65766285
55 -717.79479980 -6.64624815
56 -719.16448975 -6.65893046
57 -718.30895996 -6.65100889
58 -718.26452637 -6.65059747
59 -719.12561035 -6.65857047
60 -717.33776855 -6.64201638
61 -717.70532227 -6.64541965
62 -716.28375244 -6.63225697
63 -715.17346191 -6.62197650
64 -714.44677734 -6.61524794
65 -713.71667480 -6.60848773
66 -714.16833496 -6.61266977
67 -714.90618896 -6.61950175
68 -714.61151123 -6.61677325
69 -714.40771484 -6.61488625
70 -712.91345215 -6.60105048
71 -714.13555908 -6.61236629
72 -714.53771973 -6.61609000
73 -714.08697510 -6.61191644
74 -712.38464355 -6.59615411
75 -711.54315186 -6.58836252
76 -710.39453125 -6.57772714
77 -709.05291748 -6.56530479
78 -707.50622559 -6.55098357
79 -708.30242920 -6.55835583
80 -707.66210938 -6.55242694
81 -708.67547607 -6.56180996
82 -708.04504395 -6.55597263
83 -704.62988281 -6.52435077
84 -703.91723633 -6.51775219
85 -704.78808594 -6.52581561
86 -703.45880127 -6.51350742
87 -703.35803223 -6.51257437
88 -703.29858398 -6.51202393
89 -701.94879150 -6.49952585
90 -702.37060547 -6.50343153
91 -700.59094238 -6.48695317
92 -700.74035645 -6.48833663
93 -698.95904541 -6.47184301
94 -696.89868164 -6.45276557
95 -697.89892578 -6.46202709
96 -698.62835693 -6.46878108
97 -699.88488770 -6.48041563
98 -700.55755615 -6.48664404
99 -699.28643799 -6.47487443
100 -698.64093018 -6.46889750
101 -697.44592285 -6.45783262
102 -697.03613281 -6.45403827
103 -696.04046631 -6.44481913
104 -694.10467529 -6.42689514
105 -692.96679688 -6.41635923
106 -693.97363281 -6.42568179
107 -694.58056641 -6.43130154
108 -693.67407227 -6.42290808
109 -694.19183350 -6.42770216
110 -692.25292969 -6.40974935
111 -690.83392334 -6.39661040
112 -691.25195312 -6.40048105
113 -691.28076172 -6.40074779
114 -691.13171387 -6.39936772
115 -692.38757324 -6.41099605
116 -692.17358398 -6.40901467
117 -692.45483398 -6.41161883
118 -692.57226562 -6.41270616
119 -692.53686523 -6.41237838
120 -690.91149902 -6.39732869
121 -690.93041992 -6.39750389
122 -691.96478271 -6.40708132
123 -693.14959717 -6.41805183
124 -692.81115723 -6.41491812
125 -692.21893311 -6.40943457
126 -691.11865234 -6.39924678
127 -691.92175293 -6.40668290
128 -692.13842773 -6.40868915
129 -693.72100830 -6.42334267
130 -692.65551758 -6.41347701
131 -691.89654541 -6.40644949
132 -690.84503174 -6.39671326
133 -689.90313721 -6.38799201
134 -687.92529297 -6.36967864
135 -688.37249756 -6.37381942
136 -686.00872803 -6.35193267
137 -686.10852051 -6.35285667
138 -686.52966309 -6.35675614
139 -685.86553955 -6.35060685
140 -687.05877686 -6.36165534
141 -687.26220703 -6.36353895
142 -686.36077881 -6.35519240
143 -685.67443848 -6.34883739
144 -685.09106445 -6.34343578
145 -685.40112305 -6.34630669
146 -685.82678223 -6.35024798
147 -684.53332520 -6.33827153
148 -683.79669189 -6.33145085
149 -682.99749756 -6.32405090
150 -680.98986816 -6.30546174
151 -683.08618164 -6.32487205
152 -684.30157471 -6.33612569
153 -684.45196533 -6.33751820
154 -684.01403809 -6.33346332
155 -684.33068848 -6.33639526
156 -683.90930176 -6.33249353
157 -684.44445801 -6.33744869
158 -684.55859375 -6.33850550
159 -684.21783447 -6.33535032
160 -683.88909912 -6.33230647
161 -683.57745361 -6.32942087
162 -681.11572266 -6.30662706
163 -677.43188477 -6.27251745
164 -678.34478760 -6.28097026
165 -678.88641357 -6.28598531
166 -681.04681396 -6.30598902
167 -681.93383789 -6.31420220
168 -680.72442627 -6.30300395
169 -680.23962402 -6.29851504
170 -678.46105957 -6.28204685
171 -677.67095947 -6.27473111
172 -676.54595947 -6.26431444
173 -676.11639404 -6.26033698
174 -675.85351562 -6.25790292
175 -676.84570312 -6.26708984
176 -676.09826660 -6.26016914
177 -675.06079102 -6.25056288
178 -675.77899170 -6.25721289
179 -676.52404785 -6.26411155
180 -676.88049316 -6.26741197
181 -676.16949463 -6.26082865
182 -676.60815430 -6.26489032
183 -675.99621582 -6.25922422
184 -677.79125977 -6.27584500
185 -677.36859131 -6.27193140
186 -676.94604492 -6.26801893
187 -677.73937988 -6.27536463
188 -677.27380371 -6.27105374
189 -679.39428711 -6.29068784
190 -679.16729736 -6.28858609
191 -678.46972656 -6.28212710
192 -678.95629883 -6.28663240
193 -678.08831787 -6.27859554
194 -677.41461182 -6.27235752
195 -677.50189209 -6.27316567
196 -677.47454834 -6.27291248
197 -677.11785889 -6.26960980
198 -676.09075928 -6.26009962
199 -676.13574219 -6.26051613
200 -675.42236328 -6.25391077
201 -674.78533936 -6.24801240
202 -675.97943115 -6.25906881
203 -674.14788818 -6.24211008
204 -673.95135498 -6.24029032
205 -673.02703857 -6.23173184
206 -671.79772949 -6.22034935
207 -671.75183105 -6.21992436
208 -669.47674561 -6.19885876
209 -671.63031006 -6.21879917
210 -672.03320312 -6.22252966
211 -671.34033203 -6.21611419
212 -670.42736816 -6.20766082
213 -669.37866211 -6.19795058
214 -669.60168457 -6.20001560
215 -667.60180664 -6.18149821
216 -668.42315674 -6.18910330
217 -668.88824463 -6.19340967
218 -669.43432617 -6.19846598
219 -669.02807617 -6.19470441
220 -669.50659180 -6.19913511
221 -670.35906982 -6.20702842
222 -669.84606934 -6.20227842
223 -667.16473389 -6.17745124
224 -668.20562744 -6.18708914
225 -668.73638916 -6.19200360
226 -668.44750977 -6.18932879
227 -668.66162109 -6.19131131
228 -668.50311279 -6.18984364
229 -665.76428223 -6.16448409
230 -666.27874756 -6.16924766
231 -667.35668945 -6.17922861
232 -667.47668457 -6.18033967
233 -667.54986572 -6.18101728
234 -666.61041260 -6.17231864
235 -666.47576904 -6.17107194
236 -666.47723389 -6.17108550
237 -667.16601562 -6.17746311
238 -665.77105713 -6.16454683
239 -667.29095459 -6.17861995
240 -665.79608154 -6.16477853
241 -667.51251221 -6.18067141
242 -665.89129639 -6.16566015
243 -666.49853516 -6.17128273
244 -665.93035889 -6.16602184
245 -664.88781738 -6.15636868
246 -665.46704102 -6.16173186
247 -664.09307861 -6.14900999
248 -663.43640137 -6.14292964
249 -663.41467285 -6.14272845
250 -661.79516602 -6.12773302
251 -661.78295898 -6.12761999
252 -661.87475586 -6.12846996
253 -659.84136963 -6.10964231
254 -659.61987305 -6.10759142
255 -658.74609375 -6.09950087
256 -660.41937256 -6.11499419
257 -659.92266846 -6.11039508
258 -658.92651367 -6.10117142
259 -657.68878174 -6.08971094
260 -658.49078369 -6.09713689
261 -657.45275879 -6.08752554
262 -657.24169922 -6.08557129
263 -657.75018311 -6.09027947
264 -656.38885498 -6.07767458
265 -656.58050537 -6.07944912
266 -656.03540039 -6.07440186
267 -655.48614502 -6.06931616
268 -655.70654297 -6.07135688
269 -656.47863770 -6.07850590
270 -656.27026367 -6.07657652
271 -654.65716553 -6.06164042
272 -654.25512695 -6.05791784
273 -653.89904785 -6.05462081
274 -653.27496338 -6.04884225
275 -652.45190430 -6.04122134
276 -652.02276611 -6.03724783
277 -651.80505371 -6.03523198
278 -650.78192139 -6.02575853
279 -651.05163574 -6.02825589
280 -652.65954590 -6.04314394
281 -651.90069580 -6.03611755
282 -650.30395508 -6.02133292
283 -650.31854248 -6.02146799
284 -649.85546875 -6.01718027
285 -648.51147461 -6.00473588
286 -648.54425049 -6.00503936
287 -647.48553467 -5.99523643
288 -646.44628906 -5.98561379
289 -645.67742920 -5.97849471
290 -646.11376953 -5.98253490
291 -646.84924316 -5.98934484
292 -647.01586914 -5.99088768
293 -646.43371582 -5.98549737
294 -646.26660156 -5.98395001
295 -644.90722656 -5.97136321
296 -643.92742920 -5.96229101
297 -643.03125000 -5.95399306
298 -642.23339844 -5.94660554
299 -641.35900879 -5.93850934
300 -640.09686279 -5.92682280
301 -640.13183594 -5.92714663
302 -640.04199219 -5.92631474
303 -639.68554688 -5.92301432
304 -639.46435547 -5.92096625
305 -638.67224121 -5.91363186
306 -641.08392334 -5.93596225
307 -642.53692627 -5.94941598
308 -642.54541016 -5.94949454
309 -642.65521240 -5.95051123
310 -642.88330078 -5.95262316
311 -641.30456543 -5.93800524
312 -640.61621094 -5.93163158
313 -639.62152100 -5.92242149
314 -638.26568604 -5.90986746
315 -638.82360840 -5.91503341
316 -637.66015625 -5.90426071
317 -638.27734375 -5.90997541
318 -638.84527588 -5.91523404
319 -637.21392822 -5.90012897
320 -639.20678711 -5.91858136
321 -640.05688477 -5.92645264
322 -640.20935059 -5.92786436
323 -639.47357178 -5.92105159
324 -639.32501221 -5.91967604
325 -639.50042725 -5.92130025
326 -640.03540039 -5.92625371
327 -640.67407227 -5.93216734
328 -639.78686523 -5.92395246
