0 -599.24444580 -6.11473924
1 -599.31677246 -6.11547727
2 -599.36956787 -6.11601600
3 -599.40692139 -6.11639716
4 -599.43762207 -6.11671043
5 -599.46270752 -6.11696640
6 -599.48455811 -6.11718937
7 -599.50305176 -6.11737808
8 -599.52014160 -6.11755247
9 -599.53649902 -6.11771938
10 -599.55096436 -6.11786698
11 -599.56451416 -6.11800525
12 -599.57708740 -6.11813354
13 -599.58905029 -6.11825562
14 -599.59906006 -6.11835776
15 -599.60919189 -6.11846114
16 -599.61828613 -6.11855394
17 -599.62652588 -6.11863802
18 -599.63409424 -6.11871525
19 -599.64202881 -6.11879621
20 -599.64904785 -6.11886784
21 -599.65637207 -6.11894257
22 -599.66174316 -6.11899738
23 -599.66796875 -6.11906091
24 -599.67376709 -6.11912007
25 -599.67974854 -6.11918111
26 -599.68530273 -6.11923778
27 -599.69030762 -6.11928885
28 -599.69482422 -6.11933494
29 -599.70025635 -6.11939037
30 -599.70507812 -6.11943957
31 -599.70874023 -6.11947694
32 -599.71337891 -6.11952427
33 -599.71691895 -6.11956040
34 -599.72045898 -6.11959652
35 -599.72442627 -6.11963700
36 -599.72821045 -6.11967562
37 -599.73150635 -6.11970925
38 -599.73504639 -6.11974537
39 -599.73773193 -6.11977277
40 -599.74041748 -6.11980018
41 -599.74328613 -6.11982945
42 -599.74560547 -6.11985312
43 -599.74926758 -6.11989049
44 -599.75177002 -6.11991602
45 -599.75415039 -6.11994031
46 -599.75646973 -6.11996398
47 -599.75915527 -6.11999138
48 -599.76116943 -6.12001193
49 -599.76330566 -6.12003373
50 -599.76464844 -6.12004743
51 -599.76715088 -6.12007297
52 -599.76904297 -6.12009228
