0 -465.20861816 -7.04861543
1 -465.19143677 -7.04835510
2 -465.18408203 -7.04824367
3 -465.16522217 -7.04795791
4 -465.15539551 -7.04780902
5 -465.14489746 -7.04764996
6 -465.13342285 -7.04747610
7 -465.11553955 -7.04720514
8 -465.09921265 -7.04695777
9 -465.07589722 -7.04660450
10 -465.06677246 -7.04646625
11 -465.06164551 -7.04638857
12 -465.04888916 -7.04619529
13 -465.01150513 -7.04562887
14 -465.00662231 -7.04555488
15 -464.98989868 -7.04530150
16 -464.97451782 -7.04506845
17 -464.95770264 -7.04481368
18 -464.93896484 -7.04452977
19 -464.94833374 -7.04467172
20 -464.92431641 -7.04430782
21 -464.91098022 -7.04410576
22 -464.88119507 -7.04365447
23 -464.87292480 -7.04352916
24 -464.83703613 -7.04298540
25 -464.81848145 -7.04270426
26 -464.78665161 -7.04222199
27 -464.78558350 -7.04220581
28 -464.79129028 -7.04229228
29 -464.78387451 -7.04217992
30 -464.77243042 -7.04200652
31 -464.75708008 -7.04177394
32 -464.75961304 -7.04181232
33 -464.79214478 -7.04230522
34 -464.78833008 -7.04224743
35 -464.77175903 -7.04199635
36 -464.76062012 -7.04182758
37 -464.77227783 -7.04200421
38 -464.78277588 -7.04216327
39 -464.78689575 -7.04222569
40 -464.80221558 -7.04245781
41 -464.78460693 -7.04219101
42 -464.75134277 -7.04168701
43 -464.73678589 -7.04146645
44 -464.75061035 -7.04167591
45 -464.77005005 -7.04197046
46 -464.76428223 -7.04188306
47 -464.74911499 -7.04165326
48 -464.74966431 -7.04166158
49 -464.71957397 -7.04120567
50 -464.68402100 -7.04066698
51 -464.68844604 -7.04073403
52 -464.68942261 -7.04074883
53 -464.69302368 -7.04080339
54 -464.69351196 -7.04081079
55 -464.67153931 -7.04047787
56 -464.63378906 -7.03990589
57 -464.63104248 -7.03986428
58 -464.62509155 -7.03977411
59 -464.62643433 -7.03979446
60 -464.61437988 -7.03961182
61 -464.62176514 -7.03972371
62 -464.62316895 -7.03974498
63 -464.62750244 -7.03981064
64 -464.60333252 -7.03944443
65 -464.58834839 -7.03921740
66 -464.56707764 -7.03889512
67 -464.53210449 -7.03836522
68 -464.53573608 -7.03842024
69 -464.54650879 -7.03858347
70 -464.54461670 -7.03855480
71 -464.53216553 -7.03836614
72 -464.48373413 -7.03763234
73 -464.44259644 -7.03700904
74 -464.43545532 -7.03690084
75 -464.44757080 -7.03708441
76 -464.38943481 -7.03620356
77 -464.40725708 -7.03647359
78 -464.39364624 -7.03626737
79 -464.38342285 -7.03611247
80 -464.38098145 -7.03607548
81 -464.34515381 -7.03553263
82 -464.31658936 -7.03509984
83 -464.31607056 -7.03509198
84 -464.30249023 -7.03488622
85 -464.30319214 -7.03489685
86 -464.27963257 -7.03453989
87 -464.25442505 -7.03415796
88 -464.24096680 -7.03395404
89 -464.26232910 -7.03427771
90 -464.28842163 -7.03467306
91 -464.26531982 -7.03432303
92 -464.24591064 -7.03402895
93 -464.18588257 -7.03311943
94 -464.20761108 -7.03344865
95 -464.17703247 -7.03298534
96 -464.10025024 -7.03182197
97 -464.09255981 -7.03170545
98 -464.08441162 -7.03158199
99 -464.10031128 -7.03182290
100 -464.09530640 -7.03174707
101 -464.06405640 -7.03127358
102 -464.08157349 -7.03153899
103 -464.07553101 -7.03144744
104 -464.05471802 -7.03113209
105 -464.07101440 -7.03137901
106 -464.05108643 -7.03107707
107 -464.03805542 -7.03087963
108 -464.00650024 -7.03040152
109 -464.02102661 -7.03062162
110 -464.00094604 -7.03031736
111 -463.99877930 -7.03028453
112 -463.99084473 -7.03016431
113 -463.99670410 -7.03025309
114 -463.96746826 -7.02981013
115 -463.95568848 -7.02963164
116 -463.91769409 -7.02905597
117 -463.94305420 -7.02944022
118 -463.90255737 -7.02882663
119 -463.89208984 -7.02866803
120 -463.89160156 -7.02866063
121 -463.84768677 -7.02799525
122 -463.81710815 -7.02753194
123 -463.83770752 -7.02784405
124 -463.88201904 -7.02851544
125 -463.89916992 -7.02877530
126 -463.90234375 -7.02882339
127 -463.93164062 -7.02926728
128 -463.86822510 -7.02830644
129 -463.88629150 -7.02858017
130 -463.89389038 -7.02869531
131 -463.87408447 -7.02839522
132 -463.92724609 -7.02920070
133 -463.88137817 -7.02850573
134 -463.86859131 -7.02831199
135 -463.85607910 -7.02812241
136 -463.87933350 -7.02847475
137 -463.86614990 -7.02827500
138 -463.82110596 -7.02759251
139 -463.82354736 -7.02762951
140 -463.82040405 -7.02758188
141 -463.81167603 -7.02744964
142 -463.79287720 -7.02716481
143 -463.83300781 -7.02777285
144 -463.82891846 -7.02771089
145 -463.80200195 -7.02730306
146 -463.75912476 -7.02665341
147 -463.74658203 -7.02646336
148 -463.73321533 -7.02626084
149 -463.72570801 -7.02614709
150 -463.67630005 -7.02539849
151 -463.67144775 -7.02532497
152 -463.62069702 -7.02455602
153 -463.60983276 -7.02439141
154 -463.58786011 -7.02405849
155 -463.57305908 -7.02383423
156 -463.54702759 -7.02343981
157 -463.54495239 -7.02340837
158 -463.57562256 -7.02387307
159 -463.60919189 -7.02438170
160 -463.58905029 -7.02407652
161 -463.58862305 -7.02407005
162 -463.55905151 -7.02362199
163 -463.58966064 -7.02408577
164 -463.61529541 -7.02447417
165 -463.59970093 -7.02423789
166 -463.61145020 -7.02441591
167 -463.61767578 -7.02451024
168 -463.57012939 -7.02378984
169 -463.56466675 -7.02370707
170 -463.54934692 -7.02347495
171 -463.51150513 -7.02290159
172 -463.46447754 -7.02218905
173 -463.44915771 -7.02195694
174 -463.49880981 -7.02270924
175 -463.44744873 -7.02193104
176 -463.39236450 -7.02109643
177 -463.32540894 -7.02008195
178 -463.28475952 -7.01946605
179 -463.28897095 -7.01952986
180 -463.24539185 -7.01886957
181 -463.23498535 -7.01871190
182 -463.26904297 -7.01922792
183 -463.24017334 -7.01879051
184 -463.19885254 -7.01816443
185 -463.18847656 -7.01800722
186 -463.20455933 -7.01825090
187 -463.22457886 -7.01855423
188 -463.18746948 -7.01799196
189 -463.19171143 -7.01805623
190 -463.12332153 -7.01702002
191 -463.13024902 -7.01712499
192 -463.12692261 -7.01707458
193 -463.11239624 -7.01685449
194 -463.07797241 -7.01633292
195 -463.10327148 -7.01671623
196 -463.01119995 -7.01532121
197 -462.99719238 -7.01510898
198 -462.97308350 -7.01474369
199 -462.98703003 -7.01495500
200 -462.89602661 -7.01357616
201 -462.92950439 -7.01408340
202 -462.93380737 -7.01414860
203 -462.89340210 -7.01353640
204 -462.87673950 -7.01328393
205 -462.83639526 -7.01267266
206 -462.81549072 -7.01235592
207 -462.76541138 -7.01159714
208 -462.77127075 -7.01168592
209 -462.77709961 -7.01177424
210 -462.75622559 -7.01145796
211 -462.74414062 -7.01127486
212 -462.78216553 -7.01185099
213 -462.72048950 -7.01091651
214 -462.77569580 -7.01175297
215 -462.77639771 -7.01176360
216 -462.71380615 -7.01081524
217 -462.71438599 -7.01082403
218 -462.65859985 -7.00997879
219 -462.67602539 -7.01024281
220 -462.67382812 -7.01020952
221 -462.66970825 -7.01014709
222 -462.55999756 -7.00848481
223 -462.57650757 -7.00873496
224 -462.54949951 -7.00832575
225 -462.48919678 -7.00741207
226 -462.47677612 -7.00722388
227 -462.45870972 -7.00695015
228 -462.45550537 -7.00690160
229 -462.47622681 -7.00721556
230 -462.41619873 -7.00630604
231 -462.43487549 -7.00658902
232 -462.34979248 -7.00529989
233 -462.36767578 -7.00557085
234 -462.35516357 -7.00538127
235 -462.34771729 -7.00526844
236 -462.31158447 -7.00472098
237 -462.30471802 -7.00461694
238 -462.27157593 -7.00411479
239 -462.28359985 -7.00429697
240 -462.24465942 -7.00370696
241 -462.21343994 -7.00323394
242 -462.25354004 -7.00384152
243 -462.23562622 -7.00357009
244 -462.25646973 -7.00388590
245 -462.30517578 -7.00462388
246 -462.30502319 -7.00462156
247 -462.33038330 -7.00500581
248 -462.31799316 -7.00481808
249 -462.32626343 -7.00494339
250 -462.29019165 -7.00439684
251 -462.29473877 -7.00446574
252 -462.39495850 -7.00598422
253 -462.37063599 -7.00561570
254 -462.30868530 -7.00467705
255 -462.31475830 -7.00476907
256 -462.29605103 -7.00448562
257 -462.17199707 -7.00260602
258 -462.22436523 -7.00339947
259 -462.24612427 -7.00372916
260 -462.12765503 -7.00193417
261 -462.12680054 -7.00192122
262 -462.11853027 -7.00179591
263 -462.06039429 -7.00091506
264 -462.05618286 -7.00085126
265 -462.07995605 -7.00121146
266 -462.03787231 -7.00057382
267 -462.07806396 -7.00118279
268 -462.01519775 -7.00023027
269 -462.07519531 -7.00113932
270 -462.06912231 -7.00104731
271 -462.04519653 -7.00068480
272 -462.04299927 -7.00065150
273 -462.02203369 -7.00033384
274 -462.03198242 -7.00048458
275 -462.02697754 -7.00040875
276 -462.01278687 -7.00019374
277 -461.93530273 -6.99901974
278 -461.91775513 -6.99875387
279 -461.99667358 -6.99994960
280 -462.04937744 -7.00074814
281 -462.04354858 -7.00065983
282 -462.05950928 -7.00090166
283 -461.96218872 -6.99942710
284 -461.97280884 -6.99958801
285 -462.06869507 -7.00104083
286 -462.00396729 -7.00006011
287 -461.88583374 -6.99827021
288 -461.96572876 -6.99948074
289 -462.01324463 -7.00020068
290 -461.95721436 -6.99935173
291 -461.95248413 -6.99928006
292 -461.91320801 -6.99868497
293 -461.97253418 -6.99958385
294 -461.91519165 -6.99871503
295 -461.93606567 -6.99903130
296 -461.93313599 -6.99898691
297 -461.97042847 -6.99955195
298 -461.98019409 -6.99969991
299 -462.00289917 -7.00004393
300 -462.03753662 -7.00056874
301 -462.00146484 -7.00002219
302 -461.98541260 -6.99977898
303 -462.02783203 -7.00042170
304 -462.02249146 -7.00034078
305 -461.99957275 -6.99999353
306 -461.99441528 -6.99991538
307 -461.95724487 -6.99935220
308 -461.98782349 -6.99981551
309 -462.03283691 -7.00049753
310 -461.94699097 -6.99919683
311 -461.90130615 -6.99850464
312 -461.83190918 -6.99745317
313 -461.84201050 -6.99760622
314 -461.72525024 -6.99583712
315 -461.77703857 -6.99662180
316 -461.80596924 -6.99706014
317 -461.82189941 -6.99730151
