0 -407.50585938 -5.99273323
1 -407.54260254 -5.99327357
2 -407.57275391 -5.99371697
3 -407.59753418 -5.99408138
4 -407.61108398 -5.99428065
5 -407.62619019 -5.99450280
6 -407.64233398 -5.99474021
7 -407.65597534 -5.99494081
8 -407.67120361 -5.99516476
9 -407.67639160 -5.99524105
10 -407.68359375 -5.99534697
11 -407.68957520 -5.99543493
12 -407.69628906 -5.99553366
13 -407.69940186 -5.99557944
14 -407.70355225 -5.99564047
15 -407.70742798 -5.99569747
16 -407.71240234 -5.99577062
17 -407.71215820 -5.99576703
18 -407.71643066 -5.99582986
19 -407.71649170 -5.99583076
20 -407.72125244 -5.99590077
21 -407.72744751 -5.99599188
22 -407.72790527 -5.99599861
23 -407.72924805 -5.99601835
24 -407.73126221 -5.99604797
25 -407.73580933 -5.99611484
26 -407.73895264 -5.99616107
27 -407.74166870 -5.99620101
28 -407.74377441 -5.99623198
29 -407.74383545 -5.99623287
30 -407.74353027 -5.99622839
31 -407.74703979 -5.99628000
32 -407.74859619 -5.99630289
33 -407.74887085 -5.99630692
34 -407.74835205 -5.99629929
35 -407.75259399 -5.99636168
36 -407.75207520 -5.99635405
37 -407.75479126 -5.99639399
38 -407.75451660 -5.99638995
39 -407.75643921 -5.99641822
40 -407.75720215 -5.99642944
41 -407.75524902 -5.99640072
42 -407.75469971 -5.99639264
43 -407.75854492 -5.99644919
44 -407.76019287 -5.99647342
45 -407.75967407 -5.99646580
46 -407.76147461 -5.99649227
47 -407.75836182 -5.99644650
48 -407.75994873 -5.99646983
49 -407.76119995 -5.99648823
50 -407.76629639 -5.99656318
51 -407.77108765 -5.99663364
52 -407.77197266 -5.99664666
53 -407.77401733 -5.99667673
54 -407.77117920 -5.99663499
55 -407.77807617 -5.99673641
56 -407.77703857 -5.99672116
57 -407.77853394 -5.99674315
58 -407.77703857 -5.99672116
59 -407.77770996 -5.99673103
60 -407.77886963 -5.99674808
61 -407.77749634 -5.99672789
62 -407.78033447 -5.99676962
63 -407.78375244 -5.99681989
64 -407.78894043 -5.99689618
65 -407.78781128 -5.99687958
66 -407.79144287 -5.99693298
67 -407.78622437 -5.99685624
68 -407.78839111 -5.99688810
69 -407.78921509 -5.99690022
70 -407.79132080 -5.99693119
71 -407.79321289 -5.99695901
72 -407.79113770 -5.99692850
73 -407.79199219 -5.99694106
74 -407.79168701 -5.99693657
75 -407.78732300 -5.99687240
76 -407.79089355 -5.99692491
77 -407.79116821 -5.99692894
78 -407.79089355 -5.99692491
79 -407.79080200 -5.99692356
80 -407.79229736 -5.99694555
81 -407.79656982 -5.99700838
82 -407.79766846 -5.99702454
83 -407.79940796 -5.99705012
84 -407.80218506 -5.99709096
85 -407.80047607 -5.99706582
86 -407.80297852 -5.99710263
87 -407.80383301 -5.99711519
88 -407.80212402 -5.99709006
89 -407.80108643 -5.99707480
90 -407.80419922 -5.99712058
91 -407.80633545 -5.99715199
92 -407.80462646 -5.99712686
93 -407.80352783 -5.99711070
94 -407.80419922 -5.99712058
95 -407.80758667 -5.99717039
96 -407.80828857 -5.99718071
97 -407.80639648 -5.99715289
98 -407.80407715 -5.99711878
99 -407.80566406 -5.99714212
100 -407.80957031 -5.99719956
101 -407.80813599 -5.99717847
102 -407.81329346 -5.99725432
103 -407.81121826 -5.99722380
104 -407.81048584 -5.99721303
105 -407.81066895 -5.99721572
106 -407.81115723 -5.99722290
107 -407.81228638 -5.99723951
108 -407.81323242 -5.99725342
109 -407.81283569 -5.99724758
110 -407.81768799 -5.99731894
111 -407.81509399 -5.99728079
112 -407.81604004 -5.99729471
113 -407.81509399 -5.99728079
114 -407.81439209 -5.99727047
115 -407.81362915 -5.99725925
116 -407.81402588 -5.99726509
117 -407.81582642 -5.99729156
118 -407.81805420 -5.99732433
119 -407.81393433 -5.99726374
120 -407.81610107 -5.99729560
121 -407.81750488 -5.99731625
122 -407.81561279 -5.99728842
123 -407.81851196 -5.99733106
124 -407.82000732 -5.99735305
125 -407.82296753 -5.99739658
126 -407.82095337 -5.99736696
127 -407.82049561 -5.99736023
128 -407.82128906 -5.99737190
129 -407.82318115 -5.99739972
130 -407.82409668 -5.99741319
131 -407.82556152 -5.99743473
132 -407.82727051 -5.99745986
133 -407.82604980 -5.99744191
134 -407.82788086 -5.99746884
135 -407.82571411 -5.99743697
136 -407.82684326 -5.99745358
137 -407.82769775 -5.99746614
138 -407.82824707 -5.99747422
139 -407.82962036 -5.99749442
140 -407.82873535 -5.99748140
141 -407.82635498 -5.99744640
142 -407.82739258 -5.99746166
143 -407.83184814 -5.99752718
144 -407.83282471 -5.99754154
145 -407.83081055 -5.99751192
146 -407.82885742 -5.99748320
147 -407.83157349 -5.99752314
148 -407.83380127 -5.99755590
149 -407.83850098 -5.99762501
150 -407.83642578 -5.99759450
151 -407.83743286 -5.99760931
152 -407.83746338 -5.99760976
153 -407.83901978 -5.99763264
154 -407.84167480 -5.99767169
155 -407.83740234 -5.99760886
156 -407.83935547 -5.99763758
157 -407.83776855 -5.99761424
158 -407.83703613 -5.99760347
159 -407.83944702 -5.99763893
160 -407.84191895 -5.99767528
161 -407.84246826 -5.99768336
162 -407.84197998 -5.99767618
163 -407.84243774 -5.99768291
164 -407.83929443 -5.99763668
165 -407.83685303 -5.99760078
166 -407.83654785 -5.99759629
167 -407.83813477 -5.99761963
168 -407.84429932 -5.99771028
169 -407.84204102 -5.99767707
170 -407.84301758 -5.99769143
171 -407.84024048 -5.99765060
172 -407.84326172 -5.99769503
173 -407.84793091 -5.99776369
174 -407.84417725 -5.99770849
175 -407.84411621 -5.99770759
176 -407.84515381 -5.99772285
177 -407.84408569 -5.99770714
178 -407.84521484 -5.99772375
179 -407.84478760 -5.99771746
180 -407.84240723 -5.99768246
181 -407.84521484 -5.99772375
182 -407.84405518 -5.99770669
183 -407.84588623 -5.99773362
184 -407.84655762 -5.99774349
185 -407.84970093 -5.99778972
186 -407.85119629 -5.99781171
187 -407.85046387 -5.99780094
188 -407.84967041 -5.99778927
189 -407.84890747 -5.99777805
190 -407.84942627 -5.99778568
191 -407.85244751 -5.99783011
192 -407.85192871 -5.99782248
193 -407.85446167 -5.99785973
194 -407.85638428 -5.99788800
195 -407.85803223 -5.99791224
196 -407.86022949 -5.99794455
197 -407.86019897 -5.99794410
198 -407.85638428 -5.99788800
199 -407.85797119 -5.99791134
200 -407.85772705 -5.99790775
201 -407.85760498 -5.99790596
202 -407.85699463 -5.99789698
203 -407.85589600 -5.99788082
204 -407.85565186 -5.99787723
205 -407.85592651 -5.99788127
206 -407.85687256 -5.99789518
207 -407.85629272 -5.99788666
208 -407.85906982 -5.99792750
209 -407.85797119 -5.99791134
210 -407.86041260 -5.99794724
211 -407.86425781 -5.99800379
212 -407.85705566 -5.99789788
213 -407.85610962 -5.99788396
214 -407.85913086 -5.99792839
215 -407.85742188 -5.99790326
216 -407.85925293 -5.99793019
217 -407.85855103 -5.99791987
218 -407.85723877 -5.99790057
219 -407.85528564 -5.99787185
220 -407.85888672 -5.99792480
221 -407.85659790 -5.99789115
222 -407.85375977 -5.99784941
223 -407.85394287 -5.99785210
224 -407.85650635 -5.99788980
225 -407.85818481 -5.99791448
226 -407.85986328 -5.99793917
227 -407.85910034 -5.99792795
228 -407.85449219 -5.99786018
229 -407.85647583 -5.99788935
230 -407.85614014 -5.99788441
231 -407.85513306 -5.99786960
232 -407.85375977 -5.99784941
233 -407.85461426 -5.99786197
234 -407.85412598 -5.99785479
235 -407.85287476 -5.99783639
236 -407.85101318 -5.99780902
237 -407.84915161 -5.99778164
238 -407.85168457 -5.99781889
239 -407.85317993 -5.99784088
240 -407.85357666 -5.99784672
241 -407.85540771 -5.99787364
242 -407.85345459 -5.99784492
243 -407.85507202 -5.99786871
244 -407.85479736 -5.99786467
245 -407.85498047 -5.99786736
246 -407.85424805 -5.99785659
247 -407.85470581 -5.99786332
248 -407.85839844 -5.99791762
249 -407.85922241 -5.99792974
250 -407.85839844 -5.99791762
251 -407.85955811 -5.99793468
252 -407.85827637 -5.99791583
253 -407.85772705 -5.99790775
254 -407.85894775 -5.99792570
255 -407.86059570 -5.99794994
256 -407.85778809 -5.99790865
257 -407.85913086 -5.99792839
258 -407.85839844 -5.99791762
259 -407.85931396 -5.99793109
260 -407.85650635 -5.99788980
261 -407.85955811 -5.99793468
262 -407.85668945 -5.99789249
263 -407.85671997 -5.99789294
264 -407.85290527 -5.99783684
265 -407.85235596 -5.99782876
266 -407.84991455 -5.99779286
267 -407.85369873 -5.99784851
268 -407.85705566 -5.99789788
269 -407.85324097 -5.99784178
270 -407.85595703 -5.99788172
271 -407.86010742 -5.99794276
272 -407.85858154 -5.99792032
273 -407.85977173 -5.99793782
274 -407.86151123 -5.99796340
275 -407.85913086 -5.99792839
276 -407.86206055 -5.99797148
277 -407.86273193 -5.99798135
278 -407.86022949 -5.99794455
279 -407.86343384 -5.99799167
280 -407.86206055 -5.99797148
281 -407.86209106 -5.99797193
282 -407.85925293 -5.99793019
283 -407.86050415 -5.99794859
284 -407.85931396 -5.99793109
285 -407.85797119 -5.99791134
286 -407.85943604 -5.99793288
287 -407.86227417 -5.99797462
288 -407.85986328 -5.99793917
289 -407.85952759 -5.99793423
290 -407.85968018 -5.99793647
291 -407.86251831 -5.99797821
292 -407.85986328 -5.99793917
293 -407.86212158 -5.99797238
294 -407.85943604 -5.99793288
295 -407.86395264 -5.99799930
296 -407.86389160 -5.99799841
297 -407.86114502 -5.99795801
298 -407.86199951 -5.99797058
299 -407.86203003 -5.99797103
300 -407.86401367 -5.99800020
301 -407.86517334 -5.99801725
302 -407.86651611 -5.99803700
303 -407.86636353 -5.99803476
304 -407.86730957 -5.99804867
305 -407.86407471 -5.99800110
306 -407.86700439 -5.99804418
307 -407.86837769 -5.99806438
308 -407.86505127 -5.99801546
309 -407.86297607 -5.99798494
310 -407.86468506 -5.99801007
311 -407.86511230 -5.99801636
312 -407.86822510 -5.99806213
313 -407.86743164 -5.99805047
314 -407.86700439 -5.99804418
315 -407.86761475 -5.99805316
316 -407.86865234 -5.99806842
317 -407.86950684 -5.99808098
318 -407.86773682 -5.99805495
319 -407.86471558 -5.99801052
320 -407.86236572 -5.99797597
321 -407.86819458 -5.99806169
322 -407.86779785 -5.99805585
323 -407.86709595 -5.99804553
324 -407.86749268 -5.99805136
325 -407.86849976 -5.99806617
326 -407.86639404 -5.99803521
327 -407.86752319 -5.99805181
328 -407.86883545 -5.99807111
329 -407.86715698 -5.99804643
330 -407.86718750 -5.99804688
331 -407.87106323 -5.99810387
332 -407.86553955 -5.99802264
