0 -620.66992188 -6.74641219
1 -620.65747070 -6.74627686
2 -620.64947510 -6.74618995
3 -620.64001465 -6.74608712
4 -620.63372803 -6.74601878
5 -620.62127686 -6.74588344
6 -620.61468506 -6.74581179
7 -620.58953857 -6.74553846
8 -620.57806396 -6.74541374
9 -620.56213379 -6.74524058
10 -620.54815674 -6.74508866
11 -620.53234863 -6.74491683
12 -620.51959229 -6.74477818
13 -620.50231934 -6.74459043
14 -620.48101807 -6.74435889
15 -620.46630859 -6.74419901
16 -620.43951416 -6.74390776
17 -620.43347168 -6.74384208
18 -620.41180420 -6.74360657
19 -620.38421631 -6.74330670
20 -620.35913086 -6.74303403
21 -620.34216309 -6.74284960
22 -620.34741211 -6.74290665
23 -620.34521484 -6.74288277
24 -620.31121826 -6.74251324
25 -620.29510498 -6.74233810
26 -620.25463867 -6.74189825
27 -620.26281738 -6.74198715
28 -620.24603271 -6.74180470
29 -620.25317383 -6.74188232
30 -620.22058105 -6.74152805
31 -620.23077393 -6.74163885
32 -620.22088623 -6.74153137
33 -620.19018555 -6.74119767
34 -620.17126465 -6.74099201
35 -620.15258789 -6.74078900
36 -620.17712402 -6.74105570
37 -620.18389893 -6.74112934
38 -620.18792725 -6.74117312
39 -620.19744873 -6.74127662
40 -620.19219971 -6.74121956
41 -620.18261719 -6.74111540
42 -620.18762207 -6.74116981
43 -620.19042969 -6.74120032
44 -620.13269043 -6.74057272
45 -620.12042236 -6.74043937
46 -620.11004639 -6.74032659
47 -620.06976318 -6.73988873
48 -620.04370117 -6.73960545
49 -620.02929688 -6.73944888
50 -620.01196289 -6.73926047
51 -620.00067139 -6.73913773
52 -619.99981689 -6.73912844
53 -619.99310303 -6.73905547
54 -619.97839355 -6.73889558
55 -619.99591064 -6.73908599
56 -619.97448730 -6.73885312
57 -619.94726562 -6.73855724
58 -619.93151855 -6.73838607
59 -619.91290283 -6.73818373
60 -619.90338135 -6.73808023
61 -619.89123535 -6.73794821
62 -619.88092041 -6.73783609
63 -619.88989258 -6.73793361
64 -619.88824463 -6.73791570
65 -619.87799072 -6.73780425
66 -619.88397217 -6.73786926
67 -619.88726807 -6.73790509
68 -619.88641357 -6.73789580
69 -619.85571289 -6.73756210
70 -619.82238770 -6.73719987
71 -619.84552002 -6.73745130
72 -619.83966064 -6.73738762
73 -619.81781006 -6.73715011
74 -619.81005859 -6.73706585
75 -619.77496338 -6.73668438
76 -619.73156738 -6.73621269
77 -619.75122070 -6.73642631
78 -619.71881104 -6.73607403
79 -619.70989990 -6.73597717
80 -619.69775391 -6.73584515
81 -619.67108154 -6.73555523
82 -619.66461182 -6.73548491
83 -619.67199707 -6.73556519
84 -619.66571045 -6.73549685
85 -619.65692139 -6.73540132
86 -619.63122559 -6.73512202
87 -619.60021973 -6.73478500
88 -619.57855225 -6.73454948
89 -619.53369141 -6.73406186
90 -619.51226807 -6.73382900
91 -619.52087402 -6.73392254
92 -619.52001953 -6.73391326
93 -619.49975586 -6.73369300
94 -619.50958252 -6.73379981
95 -619.47180176 -6.73338915
96 -619.41625977 -6.73278543
97 -619.39196777 -6.73252139
98 -619.38391113 -6.73243382
99 -619.36138916 -6.73218901
100 -619.34143066 -6.73197207
101 -619.34057617 -6.73196278
102 -619.31298828 -6.73166292
103 -619.27099609 -6.73120648
104 -619.25201416 -6.73100015
105 -619.25457764 -6.73102802
106 -619.30377197 -6.73156274
107 -619.30725098 -6.73160055
108 -619.29809570 -6.73150104
109 -619.26531982 -6.73114478
110 -619.24627686 -6.73093779
111 -619.21917725 -6.73064323
112 -619.21514893 -6.73059944
113 -619.15808105 -6.72997914
114 -619.15435791 -6.72993867
115 -619.18328857 -6.73025314
116 -619.14147949 -6.72979869
117 -619.10626221 -6.72941589
118 -619.11285400 -6.72948754
119 -619.06774902 -6.72899727
120 -619.08270264 -6.72915981
121 -619.08843994 -6.72922217
122 -619.06048584 -6.72891832
123 -619.01812744 -6.72845791
124 -619.01049805 -6.72837498
125 -619.02575684 -6.72854084
126 -619.01818848 -6.72845857
127 -619.03161621 -6.72860452
128 -619.06585693 -6.72897671
129 -619.05914307 -6.72890373
130 -619.02868652 -6.72857268
131 -619.11004639 -6.72945703
132 -619.13970947 -6.72977945
133 -619.14794922 -6.72986901
134 -619.11444092 -6.72950479
135 -619.08947754 -6.72923345
136 -619.06341553 -6.72895017
137 -619.11328125 -6.72949219
138 -619.11694336 -6.72953199
139 -619.13671875 -6.72974694
140 -619.15490723 -6.72994464
141 -619.12335205 -6.72960165
142 -619.11840820 -6.72954792
143 -619.09051514 -6.72924473
144 -619.06335449 -6.72894951
145 -619.10369873 -6.72938803
146 -619.08880615 -6.72922615
147 -619.03717041 -6.72866490
148 -618.98492432 -6.72809700
149 -618.97088623 -6.72794442
150 -618.94812012 -6.72769696
151 -618.88647461 -6.72702690
152 -618.86596680 -6.72680399
153 -618.87115479 -6.72686038
154 -618.87097168 -6.72685839
155 -618.84472656 -6.72657311
156 -618.89849854 -6.72715759
157 -618.90026855 -6.72717683
158 -618.86694336 -6.72681460
159 -618.85070801 -6.72663813
160 -618.82281494 -6.72633495
161 -618.77239990 -6.72578696
162 -618.74884033 -6.72553087
163 -618.71203613 -6.72513083
164 -618.66363525 -6.72460473
165 -618.64965820 -6.72445281
166 -618.69689941 -6.72496630
167 -618.66094971 -6.72457554
168 -618.68420410 -6.72482831
169 -618.70135498 -6.72501473
170 -618.69165039 -6.72490924
171 -618.73370361 -6.72536634
172 -618.70184326 -6.72502004
173 -618.68328857 -6.72481835
174 -618.64892578 -6.72444485
175 -618.66857910 -6.72465847
176 -618.66735840 -6.72464520
177 -618.73590088 -6.72539023
178 -618.67529297 -6.72473145
179 -618.65240479 -6.72448266
180 -618.64636230 -6.72441698
181 -618.64691162 -6.72442295
182 -618.66223145 -6.72458947
183 -618.66351318 -6.72460340
184 -618.64916992 -6.72444750
185 -618.63555908 -6.72429956
186 -618.65173340 -6.72447536
187 -618.67309570 -6.72470756
188 -618.68908691 -6.72488138
189 -618.67822266 -6.72476329
190 -618.66320801 -6.72460009
191 -618.63330078 -6.72427501
192 -618.67218018 -6.72469761
193 -618.65057373 -6.72446276
194 -618.62994385 -6.72423852
195 -618.60894775 -6.72401030
196 -618.56225586 -6.72350278
197 -618.53802490 -6.72323940
198 -618.56298828 -6.72351074
199 -618.51666260 -6.72300720
200 -618.50885010 -6.72292228
201 -618.51092529 -6.72294484
202 -618.49188232 -6.72273785
203 -618.43029785 -6.72206845
204 -618.36492920 -6.72135793
205 -618.36505127 -6.72135925
206 -618.37683105 -6.72148729
207 -618.39056396 -6.72163656
208 -618.38696289 -6.72159742
209 -618.39477539 -6.72168234
210 -618.40423584 -6.72178517
211 -618.41345215 -6.72188535
212 -618.40863037 -6.72183294
213 -618.39331055 -6.72166642
214 -618.29284668 -6.72057442
215 -618.24847412 -6.72009211
216 -618.29919434 -6.72064342
217 -618.30578613 -6.72071507
218 -618.28155518 -6.72045169
219 -618.35467529 -6.72124647
220 -618.38323975 -6.72155695
221 -618.42877197 -6.72205187
222 -618.43988037 -6.72217261
223 -618.41351318 -6.72188601
224 -618.41094971 -6.72185815
225 -618.36236572 -6.72133006
226 -618.35125732 -6.72120932
227 -618.31182861 -6.72078075
228 -618.28790283 -6.72052068
229 -618.30230713 -6.72067725
230 -618.28643799 -6.72050476
231 -618.27612305 -6.72039264
232 -618.27209473 -6.72034886
233 -618.29254150 -6.72057110
234 -618.27142334 -6.72034156
235 -618.22973633 -6.71988844
236 -618.20898438 -6.71966287
237 -618.21673584 -6.71974713
238 -618.22351074 -6.71982077
239 -618.28582764 -6.72049813
240 -618.31726074 -6.72083979
241 -618.29779053 -6.72062816
242 -618.30694580 -6.72072767
243 -618.30230713 -6.72067725
244 -618.29534912 -6.72060162
245 -618.26971436 -6.72032298
246 -618.24951172 -6.72010339
247 -618.24713135 -6.72007751
248 -618.17706299 -6.71931590
249 -618.13500977 -6.71885880
250 -618.17639160 -6.71930860
251 -618.10931396 -6.71857950
252 -618.05969238 -6.71804013
253 -618.09643555 -6.71843952
254 -618.06903076 -6.71814164
255 -618.08221436 -6.71828494
256 -618.05255127 -6.71796251
257 -618.07910156 -6.71825110
258 -618.03833008 -6.71780794
259 -618.10638428 -6.71854766
260 -618.07373047 -6.71819272
261 -618.04388428 -6.71786831
262 -617.99035645 -6.71728648
263 -617.96044922 -6.71696140
264 -618.03002930 -6.71771771
265 -618.01763916 -6.71758303
266 -618.05706787 -6.71801161
267 -618.05560303 -6.71799569
268 -618.00897217 -6.71748883
269 -618.03601074 -6.71778273
270 -618.00140381 -6.71740656
271 -617.97558594 -6.71712593
272 -617.91918945 -6.71651293
273 -617.87591553 -6.71604256
274 -617.84295654 -6.71568431
275 -617.91961670 -6.71651757
276 -617.87921143 -6.71607839
277 -617.88244629 -6.71611355
278 -617.87225342 -6.71600275
279 -617.90203857 -6.71632651
280 -617.89367676 -6.71623562
281 -617.89471436 -6.71624690
282 -617.86901855 -6.71596759
283 -617.92584229 -6.71658524
284 -618.04724121 -6.71790480
285 -618.05499268 -6.71798905
286 -618.09075928 -6.71837782
287 -618.10809326 -6.71856623
288 -618.11840820 -6.71867835
289 -618.14959717 -6.71901736
290 -618.17327881 -6.71927477
291 -618.16979980 -6.71923695
292 -618.11248779 -6.71861400
293 -618.11547852 -6.71864651
294 -618.11065674 -6.71859409
295 -618.11749268 -6.71866840
296 -618.14404297 -6.71895699
297 -618.09973145 -6.71847534
298 -618.02416992 -6.71765402
299 -617.98797607 -6.71726061
300 -617.99810791 -6.71737074
301 -618.01910400 -6.71759896
