0 -851.35412598 -7.33925971
1 -851.36187744 -7.33932653
2 -851.36431885 -7.33934758
3 -851.36596680 -7.33936178
4 -851.36688232 -7.33936968
5 -851.36822510 -7.33938125
6 -851.36895752 -7.33938756
7 -851.37145996 -7.33940914
8 -851.37139893 -7.33940861
9 -851.37298584 -7.33942229
10 -851.37481689 -7.33943808
11 -851.37530518 -7.33944229
12 -851.37658691 -7.33945334
13 -851.37774658 -7.33946333
14 -851.37713623 -7.33945807
15 -851.37884521 -7.33947280
16 -851.38061523 -7.33948806
17 -851.37890625 -7.33947333
18 -851.38031006 -7.33948543
19 -851.38043213 -7.33948648
20 -851.38146973 -7.33949543
21 -851.38153076 -7.33949595
22 -851.38104248 -7.33949175
23 -851.38177490 -7.33949806
24 -851.38238525 -7.33950332
25 -851.38354492 -7.33951332
26 -851.38427734 -7.33951963
27 -851.38476562 -7.33952384
28 -851.38513184 -7.33952700
29 -851.38580322 -7.33953279
30 -851.38592529 -7.33953384
31 -851.38635254 -7.33953752
32 -851.38677979 -7.33954121
33 -851.38739014 -7.33954647
34 -851.38647461 -7.33953857
35 -851.38604736 -7.33953489
36 -851.38806152 -7.33955225
37 -851.38757324 -7.33954805
38 -851.38751221 -7.33954752
39 -851.38861084 -7.33955699
40 -851.38830566 -7.33955436
41 -851.38854980 -7.33955646
42 -851.38867188 -7.33955752
43 -851.38970947 -7.33956646
44 -851.38830566 -7.33955436
45 -851.39019775 -7.33957067
46 -851.39044189 -7.33957277
47 -851.38983154 -7.33956751
48 -851.39050293 -7.33957330
49 -851.38977051 -7.33956699
50 -851.38867188 -7.33955752
51 -851.38830566 -7.33955436
52 -851.38800049 -7.33955173
53 -851.38830566 -7.33955436
54 -851.38922119 -7.33956225
55 -851.38769531 -7.33954910
56 -851.38885498 -7.33955909
57 -851.38763428 -7.33954857
58 -851.38885498 -7.33955909
59 -851.38830566 -7.33955436
60 -851.38763428 -7.33954857
61 -851.38818359 -7.33955331
62 -851.38995361 -7.33956857
63 -851.38977051 -7.33956699
64 -851.38916016 -7.33956173
65 -851.38830566 -7.33955436
66 -851.38970947 -7.33956646
67 -851.38879395 -7.33955857
68 -851.38726807 -7.33954541
69 -851.38751221 -7.33954752
70 -851.38922119 -7.33956225
71 -851.38903809 -7.33956067
72 -851.39105225 -7.33957804
73 -851.38983154 -7.33956751
74 -851.39050293 -7.33957330
75 -851.39154053 -7.33958225
76 -851.39147949 -7.33958172
77 -851.39123535 -7.33957962
78 -851.39099121 -7.33957751
79 -851.39105225 -7.33957804
80 -851.39154053 -7.33958225
81 -851.39221191 -7.33958803
82 -851.39196777 -7.33958593
83 -851.39031982 -7.33957172
84 -851.39276123 -7.33959277
85 -851.39324951 -7.33959698
86 -851.39379883 -7.33960171
87 -851.39453125 -7.33960803
88 -851.39410400 -7.33960434
89 -851.39526367 -7.33961434
90 -851.39373779 -7.33960119
91 -851.39422607 -7.33960540
92 -851.39410400 -7.33960434
93 -851.39520264 -7.33961382
94 -851.39416504 -7.33960487
95 -851.39379883 -7.33960171
96 -851.39349365 -7.33959908
97 -851.39477539 -7.33961013
98 -851.39599609 -7.33962066
99 -851.39678955 -7.33962750
100 -851.39642334 -7.33962434
101 -851.39489746 -7.33961119
102 -851.39685059 -7.33962802
103 -851.39630127 -7.33962329
104 -851.39672852 -7.33962697
105 -851.39617920 -7.33962223
106 -851.39654541 -7.33962539
107 -851.39654541 -7.33962539
108 -851.39746094 -7.33963328
109 -851.39758301 -7.33963434
110 -851.39721680 -7.33963118
111 -851.39868164 -7.33964381
112 -851.39758301 -7.33963434
113 -851.39880371 -7.33964486
114 -851.39727783 -7.33963171
115 -851.39825439 -7.33964012
116 -851.39886475 -7.33964539
117 -851.39929199 -7.33964907
118 -851.40057373 -7.33966012
119 -851.39904785 -7.33964696
120 -851.39855957 -7.33964275
121 -851.39929199 -7.33964907
122 -851.39984131 -7.33965380
123 -851.39965820 -7.33965223
124 -851.39990234 -7.33965433
125 -851.40039062 -7.33965854
126 -851.40100098 -7.33966380
127 -851.40173340 -7.33967012
128 -851.40228271 -7.33967485
129 -851.40100098 -7.33966380
130 -851.40124512 -7.33966591
131 -851.40161133 -7.33966906
132 -851.40148926 -7.33966801
133 -851.40100098 -7.33966380
134 -851.40173340 -7.33967012
135 -851.40118408 -7.33966538
136 -851.40252686 -7.33967696
137 -851.40063477 -7.33966064
138 -851.40222168 -7.33967432
139 -851.40258789 -7.33967748
140 -851.40246582 -7.33967643
141 -851.40197754 -7.33967222
142 -851.40563965 -7.33970379
143 -851.40515137 -7.33969958
144 -851.40490723 -7.33969748
145 -851.40478516 -7.33969642
146 -851.40441895 -7.33969327
147 -851.40563965 -7.33970379
148 -851.40667725 -7.33971273
149 -851.40655518 -7.33971168
150 -851.40692139 -7.33971484
151 -851.40679932 -7.33971379
152 -851.40789795 -7.33972326
153 -851.40802002 -7.33972431
154 -851.40887451 -7.33973168
155 -851.40820312 -7.33972589
156 -851.40625000 -7.33970905
157 -851.40649414 -7.33971116
158 -851.40759277 -7.33972063
159 -851.40716553 -7.33971694
160 -851.40747070 -7.33971958
161 -851.40808105 -7.33972484
162 -851.40765381 -7.33972115
163 -851.40789795 -7.33972326
164 -851.40661621 -7.33971221
165 -851.40844727 -7.33972799
166 -851.40771484 -7.33972168
167 -851.40722656 -7.33971747
168 -851.40887451 -7.33973168
169 -851.40777588 -7.33972221
170 -851.40820312 -7.33972589
171 -851.40563965 -7.33970379
172 -851.40716553 -7.33971694
173 -851.40692139 -7.33971484
174 -851.40777588 -7.33972221
175 -851.40686035 -7.33971431
176 -851.40686035 -7.33971431
177 -851.40753174 -7.33972010
178 -851.40759277 -7.33972063
179 -851.40789795 -7.33972326
180 -851.40753174 -7.33972010
181 -851.40722656 -7.33971747
182 -851.40631104 -7.33970958
183 -851.40600586 -7.33970695
184 -851.40606689 -7.33970747
185 -851.40637207 -7.33971010
186 -851.40435791 -7.33969274
187 -851.40441895 -7.33969327
188 -851.40356445 -7.33968590
189 -851.40441895 -7.33969327
190 -851.40484619 -7.33969695
191 -851.40270996 -7.33967853
192 -851.40344238 -7.33968485
193 -851.40307617 -7.33968169
194 -851.40313721 -7.33968222
195 -851.40252686 -7.33967696
196 -851.40466309 -7.33969537
197 -851.40338135 -7.33968432
198 -851.40356445 -7.33968590
199 -851.40258789 -7.33967748
200 -851.40087891 -7.33966275
201 -851.40112305 -7.33966485
202 -851.40069580 -7.33966117
203 -851.40167236 -7.33966959
204 -851.40081787 -7.33966222
205 -851.40124512 -7.33966591
206 -851.40142822 -7.33966748
207 -851.40136719 -7.33966696
208 -851.40191650 -7.33967169
209 -851.40344238 -7.33968485
210 -851.40264893 -7.33967801
211 -851.40222168 -7.33967432
212 -851.40216064 -7.33967380
213 -851.40344238 -7.33968485
214 -851.40374756 -7.33968748
215 -851.40362549 -7.33968643
216 -851.40356445 -7.33968590
217 -851.40325928 -7.33968327
218 -851.40417480 -7.33969116
219 -851.40435791 -7.33969274
220 -851.40435791 -7.33969274
221 -851.40447998 -7.33969379
222 -851.40582275 -7.33970537
223 -851.40478516 -7.33969642
224 -851.40527344 -7.33970063
225 -851.40551758 -7.33970274
226 -851.40625000 -7.33970905
227 -851.40466309 -7.33969537
228 -851.40692139 -7.33971484
229 -851.40679932 -7.33971379
230 -851.40722656 -7.33971747
231 -851.40679932 -7.33971379
232 -851.40734863 -7.33971852
233 -851.40771484 -7.33972168
234 -851.40631104 -7.33970958
235 -851.40710449 -7.33971642
236 -851.40667725 -7.33971273
237 -851.40686035 -7.33971431
238 -851.40631104 -7.33970958
239 -851.40673828 -7.33971326
240 -851.40521240 -7.33970011
241 -851.40698242 -7.33971537
242 -851.40667725 -7.33971273
243 -851.40814209 -7.33972536
244 -851.40704346 -7.33971589
245 -851.40643311 -7.33971063
246 -851.40612793 -7.33970800
247 -851.40655518 -7.33971168
248 -851.40600586 -7.33970695
249 -851.40692139 -7.33971484
250 -851.40502930 -7.33969853
251 -851.40515137 -7.33969958
252 -851.40289307 -7.33968011
253 -851.40454102 -7.33969432
254 -851.40338135 -7.33968432
255 -851.40350342 -7.33968537
256 -851.40295410 -7.33968064
257 -851.40325928 -7.33968327
258 -851.40362549 -7.33968643
259 -851.40246582 -7.33967643
260 -851.40106201 -7.33966433
261 -851.40203857 -7.33967275
262 -851.40264893 -7.33967801
263 -851.40093994 -7.33966328
264 -851.39965820 -7.33965223
265 -851.40051270 -7.33965959
266 -851.40100098 -7.33966380
267 -851.40045166 -7.33965907
268 -851.39929199 -7.33964907
269 -851.40081787 -7.33966222
270 -851.39947510 -7.33965065
271 -851.39996338 -7.33965486
272 -851.39990234 -7.33965433
273 -851.39794922 -7.33963749
274 -851.39843750 -7.33964170
275 -851.40032959 -7.33965801
276 -851.39996338 -7.33965486
277 -851.40026855 -7.33965749
278 -851.40106201 -7.33966433
279 -851.40191650 -7.33967169
280 -851.40014648 -7.33965644
281 -851.40106201 -7.33966433
282 -851.40277100 -7.33967906
283 -851.40185547 -7.33967117
284 -851.40179443 -7.33967064
285 -851.40167236 -7.33966959
286 -851.40283203 -7.33967959
287 -851.40362549 -7.33968643
288 -851.40295410 -7.33968064
289 -851.40460205 -7.33969485
290 -851.40270996 -7.33967853
291 -851.40368652 -7.33968695
292 -851.40289307 -7.33968011
293 -851.40356445 -7.33968590
294 -851.40161133 -7.33966906
295 -851.40246582 -7.33967643
296 -851.40332031 -7.33968380
297 -851.40332031 -7.33968380
298 -851.40185547 -7.33967117
299 -851.40161133 -7.33966906
300 -851.40155029 -7.33966854
301 -851.40246582 -7.33967643
302 -851.40209961 -7.33967327
303 -851.40338135 -7.33968432
304 -851.40124512 -7.33966591
305 -851.40209961 -7.33967327
306 -851.40301514 -7.33968116
307 -851.40234375 -7.33967538
308 -851.40264893 -7.33967801
309 -851.39916992 -7.33964802
310 -851.40216064 -7.33967380
311 -851.40069580 -7.33966117
312 -851.40063477 -7.33966064
313 -851.40191650 -7.33967169
314 -851.40277100 -7.33967906
315 -851.40191650 -7.33967169
316 -851.40313721 -7.33968222
317 -851.40203857 -7.33967275
318 -851.40203857 -7.33967275
319 -851.40142822 -7.33966748
320 -851.40264893 -7.33967801
321 -851.40332031 -7.33968380
322 -851.40234375 -7.33967538
323 -851.40142822 -7.33966748
324 -851.40203857 -7.33967275
325 -851.40155029 -7.33966854
326 -851.40209961 -7.33967327
327 -851.40350342 -7.33968537
328 -851.40307617 -7.33968169
329 -851.40319824 -7.33968274
330 -851.40429688 -7.33969221
331 -851.40447998 -7.33969379
332 -851.40399170 -7.33968958
333 -851.40594482 -7.33970642
334 -851.40386963 -7.33968853
335 -851.40515137 -7.33969958
336 -851.40490723 -7.33969748
337 -851.40478516 -7.33969642
338 -851.40325928 -7.33968327
339 -851.40240479 -7.33967590
340 -851.40240479 -7.33967590
341 -851.40283203 -7.33967959
342 -851.40222168 -7.33967432
343 -851.40045166 -7.33965907
344 -851.39959717 -7.33965170
345 -851.40185547 -7.33967117
346 -851.40240479 -7.33967590
347 -851.40161133 -7.33966906
348 -851.40228271 -7.33967485
349 -851.40008545 -7.33965591
350 -851.40069580 -7.33966117
351 -851.39990234 -7.33965433
352 -851.39843750 -7.33964170
353 -851.39862061 -7.33964328
354 -851.40026855 -7.33965749
355 -851.39855957 -7.33964275
356 -851.39630127 -7.33962329
357 -851.39764404 -7.33963486
358 -851.39739990 -7.33963276
359 -851.39685059 -7.33962802
360 -851.39758301 -7.33963434
361 -851.39697266 -7.33962907
362 -851.39697266 -7.33962907
363 -851.39526367 -7.33961434
364 -851.39520264 -7.33961382
365 -851.39379883 -7.33960171
366 -851.39440918 -7.33960698
367 -851.39440918 -7.33960698
368 -851.39562988 -7.33961750
369 -851.39447021 -7.33960750
370 -851.39416504 -7.33960487
371 -851.39233398 -7.33958909
372 -851.39270020 -7.33959224
373 -851.39141846 -7.33958119
374 -851.39190674 -7.33958540
375 -851.39202881 -7.33958646
376 -851.39013672 -7.33957014
377 -851.39099121 -7.33957751
378 -851.39007568 -7.33956962
379 -851.39044189 -7.33957277
380 -851.39062500 -7.33957435
381 -851.38958740 -7.33956541
382 -851.38958740 -7.33956541
383 -851.39019775 -7.33957067
384 -851.39001465 -7.33956909
385 -851.38909912 -7.33956120
386 -851.38769531 -7.33954910
387 -851.38751221 -7.33954752
388 -851.38800049 -7.33955173
389 -851.38787842 -7.33955068
390 -851.38787842 -7.33955068
391 -851.38842773 -7.33955541
392 -851.38830566 -7.33955436
393 -851.38861084 -7.33955699
394 -851.38970947 -7.33956646
395 -851.38806152 -7.33955225
396 -851.38720703 -7.33954489
397 -851.38751221 -7.33954752
398 -851.38659668 -7.33953963
399 -851.38757324 -7.33954805
400 -851.38690186 -7.33954226
401 -851.38793945 -7.33955120
402 -851.38720703 -7.33954489
403 -851.38610840 -7.33953542
404 -851.38610840 -7.33953542
405 -851.38781738 -7.33955015
406 -851.38793945 -7.33955120
407 -851.38757324 -7.33954805
408 -851.38696289 -7.33954278
409 -851.38568115 -7.33953173
410 -851.38446045 -7.33952121
411 -851.38421631 -7.33951911
412 -851.38348389 -7.33951279
413 -851.38415527 -7.33951858
414 -851.38531494 -7.33952858
415 -851.38348389 -7.33951279
416 -851.38305664 -7.33950911
417 -851.38305664 -7.33950911
418 -851.38317871 -7.33951016
419 -851.38330078 -7.33951121
420 -851.38220215 -7.33950174
421 -851.38299561 -7.33950858
422 -851.38256836 -7.33950490
423 -851.38195801 -7.33949964
424 -851.38061523 -7.33948806
425 -851.38098145 -7.33949122
426 -851.37963867 -7.33947964
427 -851.37969971 -7.33948017
428 -851.37847900 -7.33946965
429 -851.37658691 -7.33945334
430 -851.37762451 -7.33946228
431 -851.37725830 -7.33945912
432 -851.37750244 -7.33946123
433 -851.37664795 -7.33945386
434 -851.37542725 -7.33944334
435 -851.37506104 -7.33944018
436 -851.37237549 -7.33941703
437 -851.37231445 -7.33941650
438 -851.37414551 -7.33943229
439 -851.37322998 -7.33942440
440 -851.37261963 -7.33941913
441 -851.37304688 -7.33942282
442 -851.37280273 -7.33942071
443 -851.37145996 -7.33940914
444 -851.37152100 -7.33940966
445 -851.37115479 -7.33940651
446 -851.36968994 -7.33939388
447 -851.36975098 -7.33939440
448 -851.36938477 -7.33939125
449 -851.36773682 -7.33937704
450 -851.36761475 -7.33937599
451 -851.36657715 -7.33936704
452 -851.36694336 -7.33937020
453 -851.36743164 -7.33937441
454 -851.36602783 -7.33936231
455 -851.36456299 -7.33934968
456 -851.36352539 -7.33934074
457 -851.36376953 -7.33934284
458 -851.36340332 -7.33933968
459 -851.36431885 -7.33934758
460 -851.36267090 -7.33933337
461 -851.36267090 -7.33933337
462 -851.36157227 -7.33932390
463 -851.36120605 -7.33932074
464 -851.36083984 -7.33931758
465 -851.36029053 -7.33931285
466 -851.36145020 -7.33932285
467 -851.35949707 -7.33930601
468 -851.36022949 -7.33931232
469 -851.35894775 -7.33930127
470 -851.35931396 -7.33930443
471 -851.36071777 -7.33931653
472 -851.36059570 -7.33931548
473 -851.36047363 -7.33931443
474 -851.35772705 -7.33929075
475 -851.35955811 -7.33930654
476 -851.35900879 -7.33930180
477 -851.35943604 -7.33930548
478 -851.35827637 -7.33929549
479 -851.35827637 -7.33929549
480 -851.35803223 -7.33929338
481 -851.35736084 -7.33928759
482 -851.35772705 -7.33929075
483 -851.35723877 -7.33928654
484 -851.35675049 -7.33928233
485 -851.35650635 -7.33928023
486 -851.35650635 -7.33928023
487 -851.35449219 -7.33926286
488 -851.35394287 -7.33925813
489 -851.35577393 -7.33927391
490 -851.35437012 -7.33926181
491 -851.35461426 -7.33926392
492 -851.35485840 -7.33926602
493 -851.35528564 -7.33926970
494 -851.35491943 -7.33926655
495 -851.35412598 -7.33925971
496 -851.35241699 -7.33924497
497 -851.35235596 -7.33924445
498 -851.35375977 -7.33925655
499 -851.35302734 -7.33925024
500 -851.35247803 -7.33924550
501 -851.35131836 -7.33923550
502 -851.35083008 -7.33923129
503 -851.34997559 -7.33922393
504 -851.34960938 -7.33922077
505 -851.34851074 -7.33921130
506 -851.34906006 -7.33921603
507 -851.34826660 -7.33920919
508 -851.34881592 -7.33921393
509 -851.34661865 -7.33919499
510 -851.34637451 -7.33919288
511 -851.34594727 -7.33918920
512 -851.34509277 -7.33918183
513 -851.34490967 -7.33918026
514 -851.34448242 -7.33917657
515 -851.34307861 -7.33916447
516 -851.34356689 -7.33916868
517 -851.34350586 -7.33916815
518 -851.34240723 -7.33915868
519 -851.34307861 -7.33916447
520 -851.34167480 -7.33915237
521 -851.34039307 -7.33914132
522 -851.33972168 -7.33913553
523 -851.33996582 -7.33913764
524 -851.33868408 -7.33912659
525 -851.33752441 -7.33911659
526 -851.33697510 -7.33911185
527 -851.33581543 -7.33910186
528 -851.33709717 -7.33911291
529 -851.33465576 -7.33909186
530 -851.33514404 -7.33909607
531 -851.33428955 -7.33908870
532 -851.33630371 -7.33910607
533 -851.33483887 -7.33909344
534 -851.33325195 -7.33907976
535 -851.33288574 -7.33907660
536 -851.33300781 -7.33907765
537 -851.33178711 -7.33906713
538 -851.32855225 -7.33903924
539 -851.33007812 -7.33905240
540 -851.32843018 -7.33903819
541 -851.32995605 -7.33905135
542 -851.32965088 -7.33904871
543 -851.32934570 -7.33904608
544 -851.32739258 -7.33902925
545 -851.32922363 -7.33904503
