0 -633.78833008 -6.40190232
1 -631.97210693 -6.38355664
2 -629.40557861 -6.35763211
3 -625.99804688 -6.32321259
4 -622.13226318 -6.28416427
5 -616.30389404 -6.22529186
6 -609.77355957 -6.15932888
7 -603.08599854 -6.09177776
8 -594.89257812 -6.00901594
9 -587.24945068 -5.93181263
10 -575.76092529 -5.81576692
11 -564.86315918 -5.70568848
12 -555.67114258 -5.61283982
13 -549.49993896 -5.55050443
14 -541.91448975 -5.47388373
15 -535.87683105 -5.41289728
16 -529.74414062 -5.35095092
17 -524.40228271 -5.29699275
18 -517.57666016 -5.22804707
19 -509.98031616 -5.15131632
20 -500.60354614 -5.05660148
21 -492.83154297 -4.97809639
22 -488.93853760 -4.93877311
23 -479.86056519 -4.84707642
24 -468.25070190 -4.72980507
25 -465.26370239 -4.69963336
26 -459.39892578 -4.64039319
27 -452.74804688 -4.57321259
28 -448.45312500 -4.52982955
29 -443.81362915 -4.48296595
30 -435.30328369 -4.39700287
31 -429.05917358 -4.33393105
32 -427.01031494 -4.31323550
33 -424.02725220 -4.28310356
34 -420.73580933 -4.24985666
35 -416.55245972 -4.20760060
36 -413.63958740 -4.17817765
37 -407.08053589 -4.11192460
38 -402.55984497 -4.06626106
39 -394.73501587 -3.98722238
40 -381.76419067 -3.85620395
41 -373.80252075 -3.77578304
42 -368.13836670 -3.71856936
43 -364.23629761 -3.67915452
44 -358.52972412 -3.62151236
45 -356.30856323 -3.59907640
46 -349.63458252 -3.53166245
47 -331.93786621 -3.35290774
48 -319.45736694 -3.22684209
49 -317.83822632 -3.21048713
50 -314.78594971 -3.17965606
51 -309.90426636 -3.13034612
52 -301.93765259 -3.04987528
