0 -566.36639404 -6.74245707
1 -566.31396484 -6.74183291
2 -566.28735352 -6.74151611
3 -566.24444580 -6.74100531
4 -566.21722412 -6.74068124
5 -566.16687012 -6.74008179
6 -566.11730957 -6.73949178
7 -566.05816650 -6.73878770
8 -566.01843262 -6.73831467
9 -565.94567871 -6.73744856
10 -565.92437744 -6.73719497
11 -565.91424561 -6.73707435
12 -565.83990479 -6.73618934
13 -565.85754395 -6.73639933
14 -565.87011719 -6.73654901
15 -565.85980225 -6.73642622
16 -565.81042480 -6.73583839
17 -565.79797363 -6.73569016
18 -565.70013428 -6.73452541
19 -565.67053223 -6.73417300
20 -565.66687012 -6.73412941
21 -565.68157959 -6.73430452
22 -565.61437988 -6.73350452
23 -565.53735352 -6.73258754
24 -565.56042480 -6.73286220
25 -565.47473145 -6.73184204
26 -565.46093750 -6.73167783
27 -565.45477295 -6.73160444
28 -565.44110107 -6.73144168
29 -565.35534668 -6.73042079
30 -565.29040527 -6.72964768
31 -565.31268311 -6.72991289
32 -565.26501465 -6.72934541
33 -565.19702148 -6.72853597
34 -565.08349609 -6.72718448
35 -565.01318359 -6.72634742
36 -564.90869141 -6.72510347
37 -564.88726807 -6.72484843
38 -564.78955078 -6.72368513
39 -564.88781738 -6.72485497
40 -564.86340332 -6.72456433
41 -564.88134766 -6.72477795
42 -564.84527588 -6.72434852
43 -564.81732178 -6.72401574
44 -564.82678223 -6.72412836
45 -564.83117676 -6.72418068
46 -564.69793701 -6.72259449
47 -564.74957275 -6.72320920
48 -564.74755859 -6.72318522
49 -564.76013184 -6.72333490
50 -564.72845459 -6.72295779
51 -564.61761475 -6.72163827
52 -564.59130859 -6.72132510
53 -564.58355713 -6.72123282
54 -564.50854492 -6.72033982
55 -564.51550293 -6.72042265
56 -564.47235107 -6.71990894
57 -564.44305420 -6.71956017
58 -564.35119629 -6.71846662
59 -564.22717285 -6.71699015
60 -564.13653564 -6.71591114
61 -564.00201416 -6.71430969
62 -564.03509521 -6.71470351
63 -564.02978516 -6.71464030
64 -563.96923828 -6.71391950
65 -563.95086670 -6.71370079
66 -563.89862061 -6.71307882
67 -563.78143311 -6.71168373
68 -563.74035645 -6.71119472
69 -563.82897949 -6.71224976
70 -563.91601562 -6.71328590
71 -563.93786621 -6.71354603
72 -563.97778320 -6.71402123
73 -563.96405029 -6.71385774
74 -564.01348877 -6.71444629
75 -563.90698242 -6.71317836
76 -563.96087646 -6.71381996
77 -563.90228271 -6.71312241
78 -563.81964111 -6.71213858
79 -563.75622559 -6.71138364
80 -563.66979980 -6.71035476
81 -563.59729004 -6.70949155
82 -563.64849854 -6.71010117
83 -563.58984375 -6.70940290
84 -563.50659180 -6.70841181
85 -563.48779297 -6.70818801
86 -563.43212891 -6.70752534
87 -563.54272461 -6.70884196
88 -563.35485840 -6.70660546
89 -563.23364258 -6.70516241
90 -563.05603027 -6.70304798
91 -562.97680664 -6.70210484
92 -563.03961182 -6.70285252
93 -562.86614990 -6.70078750
94 -562.70446777 -6.69886271
95 -562.53729248 -6.69687253
96 -562.72778320 -6.69914028
97 -562.73583984 -6.69923619
98 -562.57647705 -6.69733901
99 -562.34649658 -6.69460115
100 -562.15521240 -6.69232396
101 -562.22009277 -6.69309634
102 -561.93939209 -6.68975467
103 -561.86370850 -6.68885367
104 -561.72534180 -6.68720645
105 -561.55541992 -6.68518357
106 -561.70312500 -6.68694196
107 -561.55480957 -6.68517630
108 -561.41760254 -6.68354289
109 -561.45953369 -6.68404207
110 -561.42077637 -6.68358067
111 -561.36047363 -6.68286278
112 -561.26464844 -6.68172201
113 -561.32678223 -6.68246169
114 -561.77227783 -6.68776521
115 -561.63232422 -6.68609910
116 -561.37994385 -6.68309457
117 -561.23437500 -6.68136161
118 -561.38818359 -6.68319266
119 -561.34277344 -6.68265206
120 -561.25799561 -6.68164280
121 -561.33679199 -6.68258086
122 -561.04272461 -6.67908005
123 -561.07855225 -6.67950657
124 -560.92517090 -6.67768061
125 -560.89849854 -6.67736308
126 -560.58917236 -6.67368062
127 -560.41729736 -6.67163449
128 -560.23382568 -6.66945031
129 -559.97741699 -6.66639782
130 -559.76171875 -6.66382999
131 -559.76275635 -6.66384234
132 -559.80737305 -6.66437349
133 -559.31982422 -6.65856934
134 -559.14477539 -6.65648542
135 -558.98626709 -6.65459842
136 -559.01788330 -6.65497480
137 -558.89587402 -6.65352231
138 -558.81439209 -6.65255229
139 -558.91662598 -6.65376936
140 -558.84710693 -6.65294175
141 -558.79956055 -6.65237572
142 -559.01690674 -6.65496318
143 -558.88885498 -6.65343875
144 -558.86328125 -6.65313430
145 -559.01391602 -6.65492757
146 -558.75921631 -6.65189543
147 -558.50903320 -6.64891706
148 -558.47045898 -6.64845785
149 -558.40557861 -6.64768546
150 -558.06658936 -6.64364987
151 -557.90307617 -6.64170329
152 -557.97564697 -6.64256723
153 -558.36181641 -6.64716448
154 -558.17791748 -6.64497521
155 -558.21704102 -6.64544096
156 -558.28094482 -6.64620172
157 -558.10235596 -6.64407567
158 -558.04620361 -6.64340719
159 -557.80712891 -6.64056106
160 -557.72619629 -6.63959757
161 -557.34967041 -6.63511512
162 -557.51141357 -6.63704064
163 -557.50543213 -6.63696943
164 -557.10449219 -6.63219634
165 -557.17169189 -6.63299633
166 -556.94451904 -6.63029189
167 -556.69982910 -6.62737892
168 -556.68469238 -6.62719872
169 -556.67193604 -6.62704686
170 -556.34094238 -6.62310646
171 -556.38391113 -6.62361799
172 -556.11309814 -6.62039403
173 -556.05578613 -6.61971174
174 -555.76550293 -6.61625599
175 -555.46392822 -6.61266581
176 -555.26507568 -6.61029852
177 -554.85522461 -6.60541934
178 -554.94946289 -6.60654122
179 -554.81427002 -6.60493179
180 -554.67144775 -6.60323152
181 -554.96740723 -6.60675485
182 -555.06317139 -6.60789490
183 -554.78149414 -6.60454160
184 -554.47705078 -6.60091727
185 -554.50946045 -6.60130310
186 -554.07012939 -6.59607297
187 -553.81103516 -6.59298851
188 -553.52478027 -6.58958072
189 -552.83715820 -6.58139474
190 -552.67840576 -6.57950483
191 -552.33032227 -6.57536098
192 -551.86358643 -6.56980460
193 -551.01831055 -6.55974179
194 -550.46295166 -6.55313038
195 -550.56982422 -6.55440267
196 -550.33563232 -6.55161467
197 -549.75653076 -6.54472060
198 -549.39215088 -6.54038275
199 -549.09985352 -6.53690302
200 -549.06286621 -6.53646269
201 -548.10308838 -6.52503677
202 -547.37823486 -6.51640756
203 -546.83148193 -6.50989859
204 -546.66223145 -6.50788371
205 -547.14501953 -6.51363118
206 -546.20385742 -6.50242687
207 -545.89941406 -6.49880255
208 -546.15979004 -6.50190226
209 -545.84631348 -6.49817040
210 -545.40008545 -6.49285816
211 -545.90802002 -6.49890500
212 -545.79840088 -6.49760001
213 -546.73828125 -6.50878906
214 -545.93127441 -6.49918184
215 -546.08581543 -6.50102161
216 -545.77728271 -6.49734860
217 -545.51702881 -6.49425034
218 -545.15802002 -6.48997643
219 -543.97662354 -6.47591218
220 -544.20758057 -6.47866167
221 -543.37127686 -6.46870568
222 -543.63079834 -6.47179522
223 -542.94769287 -6.46366301
224 -542.91107178 -6.46322704
225 -542.88061523 -6.46286447
226 -541.96203613 -6.45192900
227 -541.53936768 -6.44689723
228 -540.90551758 -6.43935140
229 -540.66326904 -6.43646749
230 -540.86212158 -6.43883478
231 -540.88525391 -6.43911017
232 -540.57446289 -6.43541027
233 -540.61987305 -6.43595087
234 -540.64996338 -6.43630909
235 -541.21319580 -6.44301424
236 -540.79248047 -6.43800572
237 -540.84411621 -6.43862043
238 -540.69738770 -6.43687366
239 -539.95391846 -6.42802284
240 -539.74206543 -6.42550078
241 -538.83056641 -6.41464960
242 -538.63854980 -6.41236369
243 -538.41351318 -6.40968468
244 -538.00061035 -6.40476917
245 -538.05383301 -6.40540277
246 -538.50744629 -6.41080293
247 -538.07452393 -6.40564909
248 -538.94854736 -6.41605414
249 -539.64031982 -6.42428952
250 -539.14337158 -6.41837347
251 -539.37371826 -6.42111569
252 -539.98754883 -6.42842320
253 -539.95013428 -6.42797779
254 -539.25408936 -6.41969154
255 -539.44085693 -6.42191496
256 -538.91906738 -6.41570318
257 -537.74017334 -6.40166873
258 -537.57855225 -6.39974467
259 -538.19378662 -6.40706889
260 -538.09436035 -6.40588524
261 -537.79040527 -6.40226673
262 -538.04022217 -6.40524074
263 -537.84136963 -6.40287345
264 -538.33728027 -6.40877715
265 -539.31091309 -6.42036801
266 -539.61981201 -6.42404538
267 -539.17779541 -6.41878328
268 -538.96282959 -6.41622416
269 -539.13165283 -6.41823396
270 -538.40252686 -6.40955389
271 -538.34960938 -6.40892392
272 -537.42419434 -6.39790708
273 -536.89605713 -6.39161973
274 -536.37292480 -6.38539196
275 -535.79064941 -6.37846011
276 -534.91400146 -6.36802383
277 -535.10552979 -6.37030393
278 -534.22778320 -6.35985456
279 -535.62170410 -6.37644886
280 -535.57873535 -6.37593733
281 -534.74298096 -6.36598787
282 -534.36047363 -6.36143421
283 -535.00421143 -6.36909776
284 -535.05072021 -6.36965143
285 -535.51312256 -6.37515622
286 -534.81542969 -6.36685035
287 -534.23907471 -6.35998898
288 -535.23962402 -6.37190029
289 -534.97650146 -6.36876787
290 -534.67169189 -6.36513919
291 -534.07971191 -6.35809181
292 -535.16638184 -6.37102836
293 -535.64294434 -6.37670172
294 -534.24407959 -6.36004857
295 -534.00286865 -6.35717701
296 -534.63140869 -6.36465963
297 -534.74243164 -6.36598133
298 -534.12713623 -6.35865638
299 -532.86956787 -6.34368533
300 -532.51971436 -6.33952041
301 -532.43286133 -6.33848644
302 -532.33721924 -6.33734785
303 -532.28619385 -6.33674040
304 -533.08081055 -6.34620013
305 -531.44598389 -6.32673790
306 -531.93762207 -6.33259074
307 -530.57141113 -6.31632632
308 -529.47412109 -6.30326335
309 -528.94073486 -6.29691351
310 -528.03485107 -6.28612918
311 -528.10894775 -6.28701128
312 -527.92230225 -6.28478931
313 -527.35101318 -6.27798825
314 -525.11834717 -6.25140889
315 -525.94256592 -6.26122102
316 -526.17480469 -6.26398577
317 -527.25549316 -6.27685111
318 -526.36938477 -6.26630220
319 -527.20690918 -6.27627273
320 -527.40447998 -6.27862476
321 -527.68353271 -6.28194682
322 -527.70019531 -6.28214518
323 -528.22076416 -6.28834243
324 -528.19860840 -6.28807867
325 -527.13452148 -6.27541097
326 -526.46447754 -6.26743426
327 -526.50811768 -6.26795378
328 -526.61285400 -6.26920064
329 -525.53375244 -6.25635420
330 -525.86718750 -6.26032366
331 -525.97283936 -6.26158142
332 -526.73956299 -6.27070908
333 -525.17388916 -6.25207011
334 -525.50817871 -6.25604975
335 -526.41589355 -6.26685588
336 -528.07830811 -6.28664653
337 -527.92016602 -6.28476388
338 -527.62139893 -6.28120713
339 -526.62615967 -6.26935904
340 -526.71588135 -6.27042716
341 -526.67443848 -6.26993379
342 -527.71563721 -6.28232901
343 -528.74078369 -6.29453314
344 -527.63287354 -6.28134373
345 -528.45800781 -6.29116676
346 -528.09857178 -6.28688776
347 -528.64739990 -6.29342143
348 -528.67883301 -6.29379563
349 -527.89007568 -6.28440566
350 -528.22143555 -6.28835042
351 -529.15704346 -6.29948861
352 -529.02221680 -6.29788353
353 -528.27435303 -6.28898039
354 -528.52246094 -6.29193406
355 -528.46508789 -6.29125105
356 -526.97851562 -6.27355376
357 -526.93890381 -6.27308219
358 -526.05249023 -6.26252965
359 -525.05749512 -6.25068447
360 -524.91931152 -6.24903942
361 -525.10626221 -6.25126503
362 -526.58422852 -6.26885986
363 -526.64135742 -6.26953997
364 -525.86962891 -6.26035273
365 -525.25286865 -6.25301034
366 -524.25982666 -6.24118841
367 -524.00054932 -6.23810178
368 -523.38244629 -6.23074341
369 -521.11456299 -6.20374480
370 -520.97296143 -6.20205906
371 -520.47296143 -6.19610668
372 -521.27722168 -6.20568121
373 -520.17462158 -6.19255502
374 -519.63928223 -6.18618193
375 -520.24945068 -6.19344584
376 -520.60131836 -6.19763474
377 -520.94750977 -6.20175607
