0 -789.71990967 -6.92736763
1 -789.74243164 -6.92756519
2 -789.75823975 -6.92770386
3 -789.76995850 -6.92780665
4 -789.78009033 -6.92789553
5 -789.78851318 -6.92796941
6 -789.79553223 -6.92803098
7 -789.80255127 -6.92809255
8 -789.80883789 -6.92814770
9 -789.81396484 -6.92819267
10 -789.81823730 -6.92823015
11 -789.82238770 -6.92826656
12 -789.82690430 -6.92830618
13 -789.83123779 -6.92834419
14 -789.83471680 -6.92837471
15 -789.83837891 -6.92840683
16 -789.84063721 -6.92842664
17 -789.84472656 -6.92846251
18 -789.84729004 -6.92848500
19 -789.84985352 -6.92850749
20 -789.85186768 -6.92852516
21 -789.85461426 -6.92854925
22 -789.85675049 -6.92856799
23 -789.85913086 -6.92858887
24 -789.86126709 -6.92860761
25 -789.86370850 -6.92862902
26 -789.86499023 -6.92864027
27 -789.86773682 -6.92866436
28 -789.86926270 -6.92867774
29 -789.87066650 -6.92869006
30 -789.87249756 -6.92870612
31 -789.87500000 -6.92872807
32 -789.87670898 -6.92874306
33 -789.87847900 -6.92875859
34 -789.87982178 -6.92877037
35 -789.88116455 -6.92878215
36 -789.88256836 -6.92879446
37 -789.88507080 -6.92881641
38 -789.88653564 -6.92882926
39 -789.88757324 -6.92883836
40 -789.88891602 -6.92885014
41 -789.88977051 -6.92885764
42 -789.89093018 -6.92886781
43 -789.89233398 -6.92888012
44 -789.89440918 -6.92889833
