0 -667.15600586 -6.67156006
1 -667.18151855 -6.67181519
2 -667.19714355 -6.67197144
3 -667.20874023 -6.67208740
4 -667.21881104 -6.67218811
5 -667.22656250 -6.67226562
6 -667.23461914 -6.67234619
7 -667.24084473 -6.67240845
8 -667.24682617 -6.67246826
9 -667.25347900 -6.67253479
10 -667.25915527 -6.67259155
11 -667.26452637 -6.67264526
12 -667.26928711 -6.67269287
13 -667.27484131 -6.67274841
14 -667.27978516 -6.67279785
15 -667.28442383 -6.67284424
16 -667.28869629 -6.67288696
17 -667.29260254 -6.67292603
18 -667.29711914 -6.67297119
19 -667.30102539 -6.67301025
20 -667.30468750 -6.67304687
21 -667.30889893 -6.67308899
22 -667.31225586 -6.67312256
23 -667.31665039 -6.67316650
24 -667.31939697 -6.67319397
25 -667.32196045 -6.67321960
26 -667.32556152 -6.67325562
27 -667.33044434 -6.67330444
28 -667.33386230 -6.67333862
29 -667.33654785 -6.67336548
30 -667.33996582 -6.67339966
31 -667.34350586 -6.67343506
32 -667.34558105 -6.67345581
33 -667.34838867 -6.67348389
34 -667.35205078 -6.67352051
35 -667.35571289 -6.67355713
36 -667.35845947 -6.67358459
37 -667.36126709 -6.67361267
38 -667.36425781 -6.67364258
39 -667.36694336 -6.67366943
40 -667.36999512 -6.67369995
41 -667.37335205 -6.67373352
42 -667.37609863 -6.67376099
43 -667.37927246 -6.67379272
44 -667.38140869 -6.67381409
45 -667.38421631 -6.67384216
46 -667.38757324 -6.67387573
47 -667.39044189 -6.67390442
48 -667.39221191 -6.67392212
49 -667.39422607 -6.67394226
50 -667.39685059 -6.67396851
51 -667.39953613 -6.67399536
52 -667.40216064 -6.67402161
53 -667.40557861 -6.67405579
54 -667.40759277 -6.67407593
55 -667.41027832 -6.67410278
56 -667.41241455 -6.67412415
57 -667.41522217 -6.67415222
58 -667.41564941 -6.67415649
59 -667.41772461 -6.67417725
60 -667.42059326 -6.67420593
61 -667.42224121 -6.67422241
62 -667.42517090 -6.67425171
63 -667.42773438 -6.67427734
64 -667.42993164 -6.67429932
65 -667.43176270 -6.67431763
66 -667.43481445 -6.67434814
67 -667.43579102 -6.67435791
68 -667.43823242 -6.67438232
69 -667.44067383 -6.67440674
70 -667.44238281 -6.67442383
71 -667.44409180 -6.67444092
72 -667.44482422 -6.67444824
73 -667.44818115 -6.67448181
74 -667.44995117 -6.67449951
75 -667.45019531 -6.67450195
76 -667.45202637 -6.67452026
77 -667.45434570 -6.67454346
78 -667.45495605 -6.67454956
79 -667.45654297 -6.67456543
80 -667.45806885 -6.67458069
81 -667.45837402 -6.67458374
82 -667.46057129 -6.67460571
83 -667.46203613 -6.67462036
84 -667.46386719 -6.67463867
85 -667.46520996 -6.67465210
86 -667.46740723 -6.67467407
87 -667.46838379 -6.67468384
88 -667.46966553 -6.67469666
89 -667.47021484 -6.67470215
90 -667.47155762 -6.67471558
91 -667.47326660 -6.67473267
92 -667.47497559 -6.67474976
93 -667.47607422 -6.67476074
94 -667.47766113 -6.67477661
95 -667.47790527 -6.67477905
96 -667.48046875 -6.67480469
97 -667.48162842 -6.67481628
98 -667.48205566 -6.67482056
99 -667.48339844 -6.67483398
100 -667.48596191 -6.67485962
101 -667.48730469 -6.67487305
102 -667.48791504 -6.67487915
103 -667.48999023 -6.67489990
104 -667.49078369 -6.67490784
105 -667.49243164 -6.67492432
106 -667.49291992 -6.67492920
107 -667.49389648 -6.67493896
108 -667.49505615 -6.67495056
109 -667.49584961 -6.67495850
110 -667.49829102 -6.67498291
111 -667.49926758 -6.67499268
112 -667.49945068 -6.67499451
113 -667.50109863 -6.67501099
114 -667.50158691 -6.67501587
115 -667.50317383 -6.67503174
116 -667.50396729 -6.67503967
117 -667.50543213 -6.67505432
118 -667.50634766 -6.67506348
119 -667.50756836 -6.67507568
120 -667.50836182 -6.67508362
121 -667.50915527 -6.67509155
122 -667.51049805 -6.67510498
123 -667.51110840 -6.67511108
124 -667.51214600 -6.67512146
125 -667.51361084 -6.67513611
126 -667.51416016 -6.67514160
127 -667.51647949 -6.67516479
128 -667.51757812 -6.67517578
129 -667.51849365 -6.67518494
130 -667.52014160 -6.67520142
131 -667.52062988 -6.67520630
132 -667.52178955 -6.67521790
133 -667.52331543 -6.67523315
134 -667.52331543 -6.67523315
135 -667.52441406 -6.67524414
136 -667.52551270 -6.67525513
137 -667.52655029 -6.67526550
138 -667.52783203 -6.67527832
139 -667.52783203 -6.67527832
140 -667.52929688 -6.67529297
141 -667.53094482 -6.67530945
