0 -511.15310669 -6.01356596
1 -511.17080688 -6.01377420
2 -511.18417358 -6.01393145
3 -511.19284058 -6.01403342
4 -511.19931030 -6.01410953
5 -511.20516968 -6.01417847
6 -511.20977783 -6.01423268
7 -511.21450806 -6.01428833
8 -511.21859741 -6.01433644
9 -511.22195435 -6.01437593
10 -511.22595215 -6.01442297
11 -511.22900391 -6.01445887
12 -511.23208618 -6.01449513
13 -511.23471069 -6.01452601
14 -511.23773193 -6.01456155
15 -511.24032593 -6.01459207
16 -511.24365234 -6.01463120
17 -511.24621582 -6.01466136
18 -511.24862671 -6.01468973
19 -511.25082397 -6.01471558
20 -511.25302124 -6.01474143
21 -511.25515747 -6.01476656
22 -511.25695801 -6.01478774
23 -511.25952148 -6.01481790
