0 -485.38189697 -6.55921482
1 -485.40780640 -6.55956495
2 -485.42962646 -6.55985982
3 -485.44573975 -6.56007756
4 -485.45730591 -6.56023386
5 -485.46749878 -6.56037161
6 -485.47518921 -6.56047553
7 -485.48049927 -6.56054729
8 -485.48501587 -6.56060832
9 -485.48898315 -6.56066193
10 -485.49304199 -6.56071678
11 -485.49600220 -6.56075679
12 -485.49847412 -6.56079019
13 -485.50119019 -6.56082689
14 -485.50268555 -6.56084710
15 -485.50500488 -6.56087844
16 -485.50613403 -6.56089370
17 -485.50848389 -6.56092546
18 -485.50863647 -6.56092752
19 -485.50982666 -6.56094360
20 -485.51242065 -6.56097866
21 -485.51251221 -6.56097989
22 -485.51367188 -6.56099557
23 -485.51458740 -6.56100794
24 -485.51483154 -6.56101124
25 -485.51574707 -6.56102361
26 -485.51611328 -6.56102856
27 -485.51733398 -6.56104505
28 -485.51742554 -6.56104629
29 -485.51736450 -6.56104547
30 -485.51885986 -6.56106567
31 -485.52047729 -6.56108753
32 -485.52044678 -6.56108712
33 -485.52111816 -6.56109619
34 -485.52188110 -6.56110650
35 -485.52206421 -6.56110898
36 -485.52243042 -6.56111392
37 -485.52267456 -6.56111722
38 -485.52389526 -6.56113372
39 -485.52456665 -6.56114279
40 -485.52459717 -6.56114320
41 -485.52536011 -6.56115351
42 -485.52630615 -6.56116630
43 -485.52670288 -6.56117166
44 -485.52655029 -6.56116960
45 -485.52709961 -6.56117702
46 -485.52752686 -6.56118280
47 -485.52709961 -6.56117702
48 -485.52795410 -6.56118857
49 -485.52774048 -6.56118568
50 -485.52813721 -6.56119104
51 -485.52859497 -6.56119723
52 -485.52859497 -6.56119723
53 -485.52810669 -6.56119063
54 -485.52850342 -6.56119599
55 -485.52813721 -6.56119104
56 -485.52886963 -6.56120094
57 -485.52923584 -6.56120589
58 -485.52957153 -6.56121043
59 -485.52987671 -6.56121455
60 -485.53018188 -6.56121867
61 -485.53018188 -6.56121867
62 -485.53079224 -6.56122692
63 -485.53070068 -6.56122568
64 -485.53057861 -6.56122404
65 -485.53042603 -6.56122197
66 -485.53036499 -6.56122115
67 -485.53085327 -6.56122775
68 -485.53143311 -6.56123558
69 -485.53207397 -6.56124424
70 -485.53216553 -6.56124548
71 -485.53207397 -6.56124424
72 -485.53216553 -6.56124548
73 -485.53283691 -6.56125455
74 -485.53247070 -6.56124960
75 -485.53234863 -6.56124795
76 -485.53250122 -6.56125002
77 -485.53308105 -6.56125785
78 -485.53378296 -6.56126734
79 -485.53411865 -6.56127187
80 -485.53393555 -6.56126940
81 -485.53405762 -6.56127105
82 -485.53350830 -6.56126363
83 -485.53384399 -6.56126816
84 -485.53445435 -6.56127641
85 -485.53482056 -6.56128136
86 -485.53408813 -6.56127146
87 -485.53387451 -6.56126857
88 -485.53393555 -6.56126940
89 -485.53503418 -6.56128425
90 -485.53488159 -6.56128218
91 -485.53515625 -6.56128590
92 -485.53518677 -6.56128631
93 -485.53463745 -6.56127888
94 -485.53591919 -6.56129621
95 -485.53546143 -6.56129002
96 -485.53555298 -6.56129126
97 -485.53527832 -6.56128754
98 -485.53570557 -6.56129332
99 -485.53524780 -6.56128713
100 -485.53613281 -6.56129909
101 -485.53585815 -6.56129538
102 -485.53622437 -6.56130033
103 -485.53579712 -6.56129456
104 -485.53598022 -6.56129703
105 -485.53558350 -6.56129167
106 -485.53710938 -6.56131229
107 -485.53652954 -6.56130445
108 -485.53695679 -6.56131023
109 -485.53775024 -6.56132095
110 -485.53738403 -6.56131600
111 -485.53713989 -6.56131270
112 -485.53747559 -6.56131724
113 -485.53826904 -6.56132796
114 -485.53768921 -6.56132012
115 -485.53817749 -6.56132672
116 -485.53912354 -6.56133951
117 -485.53952026 -6.56134487
118 -485.53903198 -6.56133827
119 -485.53912354 -6.56133951
120 -485.53900146 -6.56133786
121 -485.53945923 -6.56134404
122 -485.53930664 -6.56134198
123 -485.53964233 -6.56134652
124 -485.53930664 -6.56134198
125 -485.53927612 -6.56134157
126 -485.53912354 -6.56133951
127 -485.53912354 -6.56133951
128 -485.53985596 -6.56134940
129 -485.54043579 -6.56135724
130 -485.53979492 -6.56134858
131 -485.54006958 -6.56135229
132 -485.54061890 -6.56135971
133 -485.54025269 -6.56135477
134 -485.54034424 -6.56135600
135 -485.53988647 -6.56134982
136 -485.54049683 -6.56135807
137 -485.54013062 -6.56135312
138 -485.54071045 -6.56136095
139 -485.54022217 -6.56135435
140 -485.54147339 -6.56137126
141 -485.54116821 -6.56136714
142 -485.54086304 -6.56136301
143 -485.54061890 -6.56135971
144 -485.54025269 -6.56135477
145 -485.54028320 -6.56135518
146 -485.54031372 -6.56135559
147 -485.54052734 -6.56135848
148 -485.54061890 -6.56135971
149 -485.54107666 -6.56136590
150 -485.54025269 -6.56135477
151 -485.54067993 -6.56136054
152 -485.54104614 -6.56136549
153 -485.54058838 -6.56135930
154 -485.54037476 -6.56135642
155 -485.54003906 -6.56135188
156 -485.54122925 -6.56136796
157 -485.54058838 -6.56135930
158 -485.54010010 -6.56135270
159 -485.54037476 -6.56135642
160 -485.53994751 -6.56135064
161 -485.54052734 -6.56135848
162 -485.54010010 -6.56135270
163 -485.53994751 -6.56135064
164 -485.53973389 -6.56134776
165 -485.53952026 -6.56134487
166 -485.53924561 -6.56134116
167 -485.53955078 -6.56134528
168 -485.53875732 -6.56133456
169 -485.53967285 -6.56134693
170 -485.53961182 -6.56134611
171 -485.54101562 -6.56136508
172 -485.53991699 -6.56135023
173 -485.54010010 -6.56135270
174 -485.53994751 -6.56135064
175 -485.54013062 -6.56135312
176 -485.54025269 -6.56135477
177 -485.53973389 -6.56134776
178 -485.53952026 -6.56134487
179 -485.53952026 -6.56134487
180 -485.53979492 -6.56134858
181 -485.53887939 -6.56133621
182 -485.53924561 -6.56134116
183 -485.53906250 -6.56133868
184 -485.54000854 -6.56135147
185 -485.53952026 -6.56134487
186 -485.54022217 -6.56135435
187 -485.53976440 -6.56134817
188 -485.53918457 -6.56134033
189 -485.53952026 -6.56134487
190 -485.53936768 -6.56134281
191 -485.53958130 -6.56134569
192 -485.53991699 -6.56135023
193 -485.53933716 -6.56134239
194 -485.53933716 -6.56134239
195 -485.53973389 -6.56134776
196 -485.53918457 -6.56134033
197 -485.53927612 -6.56134157
198 -485.53872681 -6.56133415
199 -485.53863525 -6.56133291
200 -485.53955078 -6.56134528
201 -485.54000854 -6.56135147
202 -485.54006958 -6.56135229
203 -485.53955078 -6.56134528
204 -485.54016113 -6.56135353
205 -485.54003906 -6.56135188
206 -485.53964233 -6.56134652
207 -485.53924561 -6.56134116
208 -485.53912354 -6.56133951
209 -485.53955078 -6.56134528
210 -485.53939819 -6.56134322
211 -485.53955078 -6.56134528
212 -485.54019165 -6.56135394
213 -485.53988647 -6.56134982
214 -485.53970337 -6.56134734
215 -485.53967285 -6.56134693
216 -485.54000854 -6.56135147
217 -485.53985596 -6.56134940
218 -485.53948975 -6.56134446
219 -485.53979492 -6.56134858
220 -485.54022217 -6.56135435
221 -485.53915405 -6.56133992
222 -485.53982544 -6.56134899
223 -485.54098511 -6.56136466
224 -485.54006958 -6.56135229
225 -485.54010010 -6.56135270
226 -485.54043579 -6.56135724
227 -485.53991699 -6.56135023
228 -485.53985596 -6.56134940
229 -485.54037476 -6.56135642
230 -485.54000854 -6.56135147
231 -485.54006958 -6.56135229
232 -485.54043579 -6.56135724
233 -485.54080200 -6.56136219
234 -485.54089355 -6.56136343
235 -485.54064941 -6.56136013
236 -485.54003906 -6.56135188
237 -485.54055786 -6.56135889
238 -485.54043579 -6.56135724
239 -485.54061890 -6.56135971
240 -485.54046631 -6.56135765
241 -485.54040527 -6.56135683
242 -485.53991699 -6.56135023
243 -485.53985596 -6.56134940
244 -485.53961182 -6.56134611
245 -485.53906250 -6.56133868
246 -485.53985596 -6.56134940
247 -485.53979492 -6.56134858
248 -485.53924561 -6.56134116
249 -485.53970337 -6.56134734
250 -485.53982544 -6.56134899
251 -485.53952026 -6.56134487
252 -485.53881836 -6.56133538
253 -485.53961182 -6.56134611
254 -485.53887939 -6.56133621
255 -485.53884888 -6.56133580
256 -485.53878784 -6.56133497
257 -485.53869629 -6.56133373
258 -485.53884888 -6.56133580
259 -485.53881836 -6.56133538
260 -485.53845215 -6.56133043
261 -485.53854370 -6.56133167
262 -485.53909302 -6.56133909
263 -485.53848267 -6.56133085
264 -485.53811646 -6.56132590
265 -485.53826904 -6.56132796
266 -485.53829956 -6.56132837
267 -485.53833008 -6.56132878
268 -485.53836060 -6.56132920
269 -485.53802490 -6.56132466
270 -485.53875732 -6.56133456
271 -485.53823853 -6.56132755
272 -485.53881836 -6.56133538
273 -485.53897095 -6.56133745
274 -485.53866577 -6.56133332
275 -485.53854370 -6.56133167
276 -485.53903198 -6.56133827
277 -485.53866577 -6.56133332
278 -485.53918457 -6.56134033
279 -485.53927612 -6.56134157
280 -485.53894043 -6.56133703
281 -485.53863525 -6.56133291
282 -485.53973389 -6.56134776
283 -485.53915405 -6.56133992
284 -485.53887939 -6.56133621
285 -485.53897095 -6.56133745
286 -485.53906250 -6.56133868
287 -485.53890991 -6.56133662
288 -485.53890991 -6.56133662
289 -485.53872681 -6.56133415
290 -485.53884888 -6.56133580
291 -485.53912354 -6.56133951
292 -485.53884888 -6.56133580
293 -485.53976440 -6.56134817
294 -485.53973389 -6.56134776
295 -485.53942871 -6.56134363
296 -485.53875732 -6.56133456
297 -485.53887939 -6.56133621
298 -485.53906250 -6.56133868
299 -485.53930664 -6.56134198
300 -485.53921509 -6.56134074
301 -485.53927612 -6.56134157
302 -485.53894043 -6.56133703
303 -485.53897095 -6.56133745
304 -485.53890991 -6.56133662
305 -485.53909302 -6.56133909
306 -485.53961182 -6.56134611
307 -485.53933716 -6.56134239
308 -485.53930664 -6.56134198
309 -485.54028320 -6.56135518
310 -485.54052734 -6.56135848
311 -485.53988647 -6.56134982
312 -485.54003906 -6.56135188
313 -485.54150391 -6.56137167
314 -485.54101562 -6.56136508
315 -485.54110718 -6.56136631
316 -485.54064941 -6.56136013
317 -485.54046631 -6.56135765
318 -485.54064941 -6.56136013
319 -485.54129028 -6.56136879
320 -485.54003906 -6.56135188
321 -485.54092407 -6.56136384
322 -485.54095459 -6.56136425
323 -485.54037476 -6.56135642
324 -485.54071045 -6.56136095
325 -485.54049683 -6.56135807
326 -485.53967285 -6.56134693
327 -485.53985596 -6.56134940
328 -485.53991699 -6.56135023
329 -485.54040527 -6.56135683
330 -485.54095459 -6.56136425
331 -485.54074097 -6.56136136
332 -485.54010010 -6.56135270
333 -485.54067993 -6.56136054
334 -485.54016113 -6.56135353
335 -485.54089355 -6.56136343
336 -485.54092407 -6.56136384
337 -485.54080200 -6.56136219
338 -485.54061890 -6.56135971
339 -485.54116821 -6.56136714
340 -485.54043579 -6.56135724
341 -485.54077148 -6.56136178
342 -485.54046631 -6.56135765
343 -485.54107666 -6.56136590
344 -485.54080200 -6.56136219
345 -485.54080200 -6.56136219
346 -485.54138184 -6.56137002
347 -485.54107666 -6.56136590
348 -485.54095459 -6.56136425
349 -485.54049683 -6.56135807
350 -485.54000854 -6.56135147
351 -485.54000854 -6.56135147
352 -485.54098511 -6.56136466
353 -485.53982544 -6.56134899
354 -485.53970337 -6.56134734
355 -485.53927612 -6.56134157
356 -485.53918457 -6.56134033
357 -485.54000854 -6.56135147
358 -485.54013062 -6.56135312
359 -485.53973389 -6.56134776
360 -485.53967285 -6.56134693
361 -485.53973389 -6.56134776
362 -485.53985596 -6.56134940
363 -485.53933716 -6.56134239
364 -485.53952026 -6.56134487
365 -485.53964233 -6.56134652
366 -485.53988647 -6.56134982
367 -485.54025269 -6.56135477
368 -485.54010010 -6.56135270
369 -485.53964233 -6.56134652
370 -485.54064941 -6.56136013
371 -485.54067993 -6.56136054
372 -485.53973389 -6.56134776
373 -485.53936768 -6.56134281
374 -485.53817749 -6.56132672
375 -485.53857422 -6.56133208
376 -485.53942871 -6.56134363
377 -485.54003906 -6.56135188
378 -485.53985596 -6.56134940
379 -485.54006958 -6.56135229
380 -485.54006958 -6.56135229
381 -485.54016113 -6.56135353
382 -485.54052734 -6.56135848
383 -485.54043579 -6.56135724
384 -485.54046631 -6.56135765
385 -485.54003906 -6.56135188
386 -485.54040527 -6.56135683
387 -485.54101562 -6.56136508
388 -485.54016113 -6.56135353
389 -485.54061890 -6.56135971
390 -485.54067993 -6.56136054
391 -485.54022217 -6.56135435
392 -485.53979492 -6.56134858
393 -485.54022217 -6.56135435
394 -485.54003906 -6.56135188
395 -485.54006958 -6.56135229
396 -485.53988647 -6.56134982
397 -485.53982544 -6.56134899
398 -485.53985596 -6.56134940
399 -485.54013062 -6.56135312
400 -485.53982544 -6.56134899
401 -485.53921509 -6.56134074
402 -485.53927612 -6.56134157
403 -485.53872681 -6.56133415
404 -485.53848267 -6.56133085
405 -485.53833008 -6.56132878
406 -485.53802490 -6.56132466
407 -485.53839111 -6.56132961
408 -485.53866577 -6.56133332
409 -485.53750610 -6.56131765
410 -485.53796387 -6.56132384
411 -485.53756714 -6.56131847
412 -485.53781128 -6.56132177
413 -485.53775024 -6.56132095
414 -485.53717041 -6.56131311
415 -485.53775024 -6.56132095
416 -485.53762817 -6.56131930
417 -485.53808594 -6.56132549
418 -485.53771973 -6.56132054
419 -485.53701782 -6.56131105
420 -485.53701782 -6.56131105
421 -485.53692627 -6.56130981
422 -485.53662109 -6.56130569
423 -485.53683472 -6.56130858
424 -485.53686523 -6.56130899
425 -485.53662109 -6.56130569
426 -485.53613281 -6.56129909
427 -485.53674316 -6.56130734
428 -485.53643799 -6.56130322
429 -485.53613281 -6.56129909
430 -485.53527832 -6.56128754
431 -485.53576660 -6.56129414
432 -485.53601074 -6.56129744
433 -485.53588867 -6.56129579
434 -485.53628540 -6.56130115
435 -485.53503418 -6.56128425
436 -485.53527832 -6.56128754
437 -485.53454590 -6.56127765
438 -485.53479004 -6.56128095
439 -485.53521729 -6.56128672
440 -485.53558350 -6.56129167
441 -485.53594971 -6.56129662
442 -485.53506470 -6.56128466
443 -485.53579712 -6.56129456
444 -485.53610229 -6.56129868
445 -485.53527832 -6.56128754
446 -485.53588867 -6.56129579
447 -485.53485107 -6.56128177
448 -485.53564453 -6.56129249
449 -485.53488159 -6.56128218
450 -485.53570557 -6.56129332
451 -485.53533936 -6.56128837
452 -485.53521729 -6.56128672
453 -485.53625488 -6.56130074
454 -485.53695679 -6.56131023
455 -485.53616333 -6.56129950
456 -485.53692627 -6.56130981
457 -485.53646851 -6.56130363
458 -485.53594971 -6.56129662
459 -485.53604126 -6.56129785
460 -485.53601074 -6.56129744
461 -485.53628540 -6.56130115
462 -485.53576660 -6.56129414
463 -485.53536987 -6.56128878
464 -485.53527832 -6.56128754
465 -485.53579712 -6.56129456
466 -485.53536987 -6.56128878
467 -485.53546143 -6.56129002
468 -485.53598022 -6.56129703
469 -485.53552246 -6.56129084
470 -485.53585815 -6.56129538
471 -485.53579712 -6.56129456
472 -485.53637695 -6.56130239
473 -485.53634644 -6.56130198
474 -485.53604126 -6.56129785
475 -485.53585815 -6.56129538
476 -485.53564453 -6.56129249
477 -485.53521729 -6.56128672
478 -485.53601074 -6.56129744
479 -485.53628540 -6.56130115
480 -485.53652954 -6.56130445
481 -485.53536987 -6.56128878
482 -485.53570557 -6.56129332
483 -485.53549194 -6.56129043
484 -485.53448486 -6.56127682
485 -485.53436279 -6.56127517
486 -485.53375244 -6.56126692
487 -485.53424072 -6.56127352
488 -485.53491211 -6.56128260
489 -485.53494263 -6.56128301
490 -485.53515625 -6.56128590
491 -485.53491211 -6.56128260
492 -485.53454590 -6.56127765
493 -485.53448486 -6.56127682
494 -485.53375244 -6.56126692
495 -485.53414917 -6.56127229
496 -485.53317261 -6.56125909
497 -485.53268433 -6.56125249
498 -485.53332520 -6.56126115
499 -485.53366089 -6.56126569
500 -485.53375244 -6.56126692
501 -485.53390503 -6.56126899
502 -485.53344727 -6.56126280
503 -485.53387451 -6.56126857
504 -485.53448486 -6.56127682
505 -485.53375244 -6.56126692
506 -485.53405762 -6.56127105
507 -485.53350830 -6.56126363
508 -485.53335571 -6.56126156
509 -485.53277588 -6.56125373
510 -485.53250122 -6.56125002
511 -485.53192139 -6.56124218
512 -485.53237915 -6.56124837
513 -485.53253174 -6.56125043
514 -485.53259277 -6.56125125
515 -485.53253174 -6.56125043
516 -485.53201294 -6.56124342
517 -485.53234863 -6.56124795
518 -485.53167725 -6.56123888
519 -485.53164673 -6.56123847
520 -485.53085327 -6.56122775
521 -485.53085327 -6.56122775
522 -485.53106689 -6.56123063
523 -485.53030396 -6.56122032
524 -485.52938843 -6.56120795
525 -485.52932739 -6.56120713
526 -485.52951050 -6.56120960
527 -485.52886963 -6.56120094
528 -485.52951050 -6.56120960
529 -485.53060913 -6.56122445
530 -485.53005981 -6.56121702
531 -485.53036499 -6.56122115
532 -485.52935791 -6.56120754
533 -485.52984619 -6.56121414
534 -485.52987671 -6.56121455
535 -485.52990723 -6.56121496
536 -485.52947998 -6.56120919
537 -485.52908325 -6.56120383
538 -485.52944946 -6.56120878
539 -485.52893066 -6.56120177
540 -485.52874756 -6.56119929
541 -485.52847290 -6.56119558
542 -485.52871704 -6.56119888
543 -485.52944946 -6.56120878
544 -485.52862549 -6.56119764
545 -485.52880859 -6.56120012
546 -485.52923584 -6.56120589
547 -485.52847290 -6.56119558
548 -485.52880859 -6.56120012
549 -485.52835083 -6.56119393
550 -485.52825928 -6.56119269
551 -485.52755737 -6.56118321
552 -485.52752686 -6.56118280
553 -485.52819824 -6.56119187
554 -485.52758789 -6.56118362
555 -485.52859497 -6.56119723
556 -485.52761841 -6.56118403
557 -485.52786255 -6.56118733
558 -485.52825928 -6.56119269
559 -485.52716064 -6.56117785
560 -485.52746582 -6.56118197
561 -485.52777100 -6.56118609
562 -485.52706909 -6.56117661
563 -485.52819824 -6.56119187
564 -485.52719116 -6.56117826
565 -485.52743530 -6.56118156
566 -485.52731323 -6.56117991
567 -485.52658081 -6.56117001
568 -485.52682495 -6.56117331
569 -485.52713013 -6.56117743
570 -485.52713013 -6.56117743
571 -485.52752686 -6.56118280
572 -485.52789307 -6.56118774
573 -485.52777100 -6.56118609
574 -485.52679443 -6.56117290
575 -485.52728271 -6.56117950
576 -485.52722168 -6.56117867
577 -485.52740479 -6.56118115
578 -485.52804565 -6.56118981
579 -485.52859497 -6.56119723
580 -485.52770996 -6.56118527
581 -485.52850342 -6.56119599
582 -485.52844238 -6.56119517
583 -485.52908325 -6.56120383
584 -485.52871704 -6.56119888
585 -485.52899170 -6.56120259
586 -485.52807617 -6.56119022
587 -485.52865601 -6.56119805
588 -485.52755737 -6.56118321
589 -485.52813721 -6.56119104
590 -485.52795410 -6.56118857
591 -485.52752686 -6.56118280
592 -485.52819824 -6.56119187
593 -485.52801514 -6.56118939
594 -485.52859497 -6.56119723
595 -485.52847290 -6.56119558
596 -485.52847290 -6.56119558
597 -485.52856445 -6.56119682
598 -485.52893066 -6.56120177
599 -485.52902222 -6.56120300
600 -485.52899170 -6.56120259
601 -485.52877808 -6.56119970
602 -485.52944946 -6.56120878
603 -485.52798462 -6.56118898
604 -485.52880859 -6.56120012
605 -485.52944946 -6.56120878
606 -485.52960205 -6.56121084
607 -485.52969360 -6.56121208
608 -485.52911377 -6.56120424
609 -485.52996826 -6.56121579
610 -485.53002930 -6.56121661
611 -485.52935791 -6.56120754
612 -485.53018188 -6.56121867
613 -485.53015137 -6.56121826
614 -485.53045654 -6.56122239
615 -485.52981567 -6.56121373
616 -485.53085327 -6.56122775
617 -485.53051758 -6.56122321
618 -485.53060913 -6.56122445
619 -485.53088379 -6.56122816
620 -485.53103638 -6.56123022
621 -485.53109741 -6.56123105
622 -485.53097534 -6.56122940
623 -485.53125000 -6.56123311
624 -485.53109741 -6.56123105
625 -485.53115845 -6.56123187
626 -485.53121948 -6.56123270
627 -485.53182983 -6.56124094
628 -485.53121948 -6.56123270
629 -485.53067017 -6.56122527
630 -485.53060913 -6.56122445
631 -485.53027344 -6.56121991
632 -485.53082275 -6.56122733
633 -485.53024292 -6.56121950
634 -485.53024292 -6.56121950
635 -485.53091431 -6.56122857
636 -485.53112793 -6.56123146
637 -485.53091431 -6.56122857
638 -485.53131104 -6.56123393
639 -485.53085327 -6.56122775
640 -485.53128052 -6.56123352
641 -485.53106689 -6.56123063
642 -485.53079224 -6.56122692
643 -485.53036499 -6.56122115
644 -485.53067017 -6.56122527
645 -485.53082275 -6.56122733
646 -485.53073120 -6.56122610
647 -485.53057861 -6.56122404
648 -485.53076172 -6.56122651
649 -485.52993774 -6.56121537
650 -485.52990723 -6.56121496
