0 -711.99487305 -7.11994873
1 -711.97174072 -7.11971741
2 -711.95080566 -7.11950806
3 -711.94012451 -7.11940125
4 -711.93603516 -7.11936035
5 -711.92260742 -7.11922607
6 -711.91131592 -7.11911316
7 -711.88897705 -7.11888977
8 -711.86944580 -7.11869446
9 -711.84851074 -7.11848511
10 -711.84960938 -7.11849609
11 -711.82971191 -7.11829712
12 -711.80505371 -7.11805054
13 -711.80548096 -7.11805481
14 -711.79223633 -7.11792236
15 -711.78955078 -7.11789551
16 -711.75103760 -7.11751038
17 -711.73175049 -7.11731750
18 -711.70642090 -7.11706421
19 -711.71154785 -7.11711548
20 -711.69293213 -7.11692932
21 -711.69256592 -7.11692566
22 -711.67962646 -7.11679626
23 -711.66931152 -7.11669312
24 -711.63128662 -7.11631287
25 -711.63116455 -7.11631165
26 -711.62133789 -7.11621338
27 -711.60955811 -7.11609558
28 -711.61358643 -7.11613586
29 -711.59344482 -7.11593445
30 -711.57940674 -7.11579407
31 -711.52233887 -7.11522339
32 -711.51373291 -7.11513733
33 -711.47839355 -7.11478394
34 -711.48107910 -7.11481079
35 -711.44085693 -7.11440857
36 -711.42242432 -7.11422424
37 -711.39984131 -7.11399841
38 -711.40447998 -7.11404480
39 -711.36853027 -7.11368530
40 -711.35845947 -7.11358459
41 -711.33227539 -7.11332275
42 -711.32415771 -7.11324158
43 -711.32678223 -7.11326782
44 -711.30303955 -7.11303040
45 -711.25225830 -7.11252258
46 -711.23162842 -7.11231628
47 -711.22216797 -7.11222168
48 -711.16687012 -7.11166870
49 -711.14849854 -7.11148499
50 -711.09173584 -7.11091736
51 -711.07470703 -7.11074707
52 -711.09448242 -7.11094482
53 -711.04406738 -7.11044067
54 -711.06152344 -7.11061523
55 -711.02770996 -7.11027710
56 -711.00830078 -7.11008301
57 -711.00854492 -7.11008545
58 -710.98254395 -7.10982544
59 -710.95098877 -7.10950989
60 -710.91827393 -7.10918274
61 -710.88568115 -7.10885681
62 -710.84259033 -7.10842590
63 -710.82525635 -7.10825256
64 -710.80584717 -7.10805847
65 -710.81195068 -7.10811951
66 -710.79089355 -7.10790894
67 -710.74908447 -7.10749084
68 -710.69329834 -7.10693298
69 -710.64605713 -7.10646057
70 -710.58184814 -7.10581848
71 -710.56384277 -7.10563843
72 -710.51300049 -7.10513000
73 -710.44860840 -7.10448608
74 -710.45452881 -7.10454529
75 -710.42535400 -7.10425354
76 -710.39941406 -7.10399414
77 -710.36413574 -7.10364136
78 -710.31872559 -7.10318726
79 -710.32775879 -7.10327759
80 -710.28839111 -7.10288391
81 -710.28948975 -7.10289490
82 -710.33276367 -7.10332764
83 -710.32757568 -7.10327576
84 -710.31213379 -7.10312134
85 -710.30828857 -7.10308289
86 -710.28375244 -7.10283752
87 -710.27392578 -7.10273926
88 -710.24310303 -7.10243103
89 -710.26879883 -7.10268799
90 -710.27764893 -7.10277649
91 -710.31878662 -7.10318787
92 -710.34832764 -7.10348328
93 -710.31982422 -7.10319824
94 -710.31158447 -7.10311584
95 -710.28344727 -7.10283447
96 -710.26031494 -7.10260315
97 -710.27545166 -7.10275452
98 -710.29040527 -7.10290405
99 -710.26367188 -7.10263672
100 -710.24645996 -7.10246460
101 -710.19537354 -7.10195374
102 -710.17657471 -7.10176575
103 -710.14685059 -7.10146851
104 -710.06231689 -7.10062317
105 -710.01617432 -7.10016174
106 -709.97369385 -7.09973694
107 -709.99023438 -7.09990234
108 -710.00390625 -7.10003906
109 -710.01733398 -7.10017334
110 -709.89038086 -7.09890381
111 -709.87231445 -7.09872314
112 -709.85858154 -7.09858582
113 -709.82843018 -7.09828430
114 -709.85516357 -7.09855164
115 -709.79449463 -7.09794495
116 -709.80438232 -7.09804382
117 -709.81469727 -7.09814697
118 -709.80242920 -7.09802429
119 -709.71844482 -7.09718445
120 -709.66302490 -7.09663025
121 -709.69146729 -7.09691467
122 -709.70300293 -7.09703003
123 -709.65563965 -7.09655640
124 -709.60650635 -7.09606506
125 -709.58410645 -7.09584106
126 -709.55511475 -7.09555115
127 -709.53161621 -7.09531616
128 -709.49731445 -7.09497314
129 -709.40966797 -7.09409668
130 -709.40917969 -7.09409180
131 -709.42956543 -7.09429565
132 -709.46081543 -7.09460815
133 -709.42858887 -7.09428589
134 -709.38940430 -7.09389404
135 -709.36511230 -7.09365112
136 -709.25817871 -7.09258179
137 -709.25506592 -7.09255066
138 -709.23504639 -7.09235046
139 -709.14965820 -7.09149658
140 -709.16845703 -7.09168457
141 -709.12200928 -7.09122009
142 -709.11865234 -7.09118652
143 -709.12744141 -7.09127441
144 -709.15734863 -7.09157349
145 -709.17712402 -7.09177124
146 -709.13592529 -7.09135925
147 -709.13696289 -7.09136963
148 -709.07666016 -7.09076660
149 -709.06634521 -7.09066345
150 -709.05340576 -7.09053406
151 -709.03515625 -7.09035156
152 -709.02362061 -7.09023621
153 -708.96673584 -7.08966736
154 -708.99169922 -7.08991699
155 -708.93438721 -7.08934387
156 -708.94366455 -7.08943665
157 -708.88574219 -7.08885742
158 -708.84655762 -7.08846558
159 -708.90008545 -7.08900085
160 -708.93103027 -7.08931030
161 -708.89929199 -7.08899292
162 -708.90863037 -7.08908630
163 -708.88507080 -7.08885071
164 -708.82818604 -7.08828186
165 -708.81652832 -7.08816528
166 -708.73437500 -7.08734375
167 -708.72729492 -7.08727295
168 -708.70806885 -7.08708069
169 -708.63812256 -7.08638123
170 -708.61340332 -7.08613403
171 -708.63580322 -7.08635803
172 -708.65399170 -7.08653992
173 -708.62213135 -7.08622131
174 -708.55914307 -7.08559143
175 -708.49792480 -7.08497925
176 -708.59631348 -7.08596313
177 -708.53936768 -7.08539368
178 -708.53369141 -7.08533691
179 -708.53729248 -7.08537292
180 -708.45538330 -7.08455383
181 -708.47204590 -7.08472046
182 -708.42303467 -7.08423035
183 -708.38562012 -7.08385620
184 -708.38781738 -7.08387817
185 -708.38470459 -7.08384705
186 -708.38330078 -7.08383301
187 -708.36389160 -7.08363892
188 -708.28790283 -7.08287903
189 -708.26892090 -7.08268921
190 -708.28082275 -7.08280823
191 -708.33758545 -7.08337585
192 -708.34429932 -7.08344299
193 -708.32128906 -7.08321289
194 -708.36096191 -7.08360962
195 -708.38592529 -7.08385925
196 -708.34173584 -7.08341736
197 -708.35388184 -7.08353882
198 -708.33337402 -7.08333374
199 -708.33105469 -7.08331055
200 -708.31347656 -7.08313477
201 -708.25445557 -7.08254456
202 -708.17236328 -7.08172363
203 -708.08447266 -7.08084473
204 -708.07910156 -7.08079102
205 -708.01037598 -7.08010376
206 -708.01763916 -7.08017639
207 -708.04174805 -7.08041748
208 -708.04364014 -7.08043640
209 -707.97668457 -7.07976685
210 -707.97583008 -7.07975830
211 -708.01623535 -7.08016235
212 -708.06842041 -7.08068420
213 -708.09558105 -7.08095581
214 -708.02172852 -7.08021729
215 -708.00518799 -7.08005188
216 -707.99932861 -7.07999329
217 -707.93908691 -7.07939087
218 -707.86981201 -7.07869812
219 -707.76013184 -7.07760132
220 -707.65692139 -7.07656921
221 -707.68090820 -7.07680908
222 -707.70056152 -7.07700562
223 -707.78576660 -7.07785767
224 -707.75958252 -7.07759583
225 -707.74041748 -7.07740417
226 -707.72021484 -7.07720215
227 -707.65759277 -7.07657593
228 -707.62237549 -7.07622375
229 -707.64086914 -7.07640869
230 -707.62561035 -7.07625610
231 -707.65600586 -7.07656006
232 -707.67102051 -7.07671021
233 -707.63122559 -7.07631226
234 -707.62756348 -7.07627563
235 -707.69012451 -7.07690125
236 -707.68341064 -7.07683411
237 -707.61267090 -7.07612671
238 -707.53576660 -7.07535767
239 -707.56744385 -7.07567444
240 -707.54187012 -7.07541870
241 -707.46185303 -7.07461853
242 -707.36535645 -7.07365356
243 -707.26092529 -7.07260925
244 -707.27862549 -7.07278625
245 -707.18927002 -7.07189270
246 -707.23577881 -7.07235779
247 -707.15948486 -7.07159485
248 -707.15032959 -7.07150330
249 -707.05175781 -7.07051758
250 -707.08105469 -7.07081055
251 -707.07073975 -7.07070740
252 -707.18829346 -7.07188293
253 -707.22741699 -7.07227417
254 -707.26733398 -7.07267334
255 -707.32806396 -7.07328064
256 -707.31195068 -7.07311951
257 -707.33416748 -7.07334167
258 -707.35931396 -7.07359314
259 -707.37689209 -7.07376892
260 -707.31469727 -7.07314697
261 -707.28637695 -7.07286377
262 -707.36114502 -7.07361145
263 -707.40789795 -7.07407898
264 -707.39007568 -7.07390076
265 -707.33319092 -7.07333191
266 -707.28735352 -7.07287354
267 -707.23767090 -7.07237671
268 -707.22454834 -7.07224548
269 -707.21270752 -7.07212708
270 -707.22747803 -7.07227478
271 -707.22344971 -7.07223450
272 -707.14471436 -7.07144714
273 -707.20495605 -7.07204956
274 -707.19470215 -7.07194702
275 -707.19110107 -7.07191101
276 -707.11138916 -7.07111389
277 -707.11614990 -7.07116150
278 -707.10241699 -7.07102417
279 -707.11846924 -7.07118469
280 -707.11267090 -7.07112671
281 -707.10528564 -7.07105286
282 -707.11358643 -7.07113586
283 -707.06561279 -7.07065613
284 -707.14483643 -7.07144836
285 -707.17218018 -7.07172180
286 -707.12646484 -7.07126465
287 -707.11328125 -7.07113281
288 -707.09320068 -7.07093201
289 -707.17443848 -7.07174438
290 -707.02709961 -7.07027100
291 -707.05334473 -7.07053345
292 -707.02941895 -7.07029419
293 -707.05249023 -7.07052490
294 -707.07409668 -7.07074097
295 -707.06677246 -7.07066772
296 -707.07696533 -7.07076965
297 -707.02349854 -7.07023499
298 -707.06250000 -7.07062500
299 -707.09271240 -7.07092712
300 -707.08343506 -7.07083435
301 -707.04534912 -7.07045349
302 -707.08917236 -7.07089172
303 -707.02447510 -7.07024475
304 -706.98297119 -7.06982971
305 -706.96630859 -7.06966309
306 -706.89105225 -7.06891052
307 -706.88684082 -7.06886841
308 -706.91210938 -7.06912109
309 -706.90509033 -7.06905090
310 -706.97186279 -7.06971863
311 -706.85388184 -7.06853882
312 -706.81500244 -7.06815002
313 -706.81042480 -7.06810425
314 -706.73211670 -7.06732117
315 -706.74731445 -7.06747314
316 -706.63714600 -7.06637146
317 -706.66754150 -7.06667542
318 -706.64959717 -7.06649597
319 -706.59246826 -7.06592468
320 -706.63458252 -7.06634583
