0 -714.94885254 -6.49953502
1 -712.11627197 -6.47378429
2 -709.73791504 -6.45216286
3 -706.11816406 -6.41925604
4 -705.93310547 -6.41757369
5 -701.65576172 -6.37868874
6 -700.14031982 -6.36491200
7 -696.81817627 -6.33471069
8 -695.61370850 -6.32376099
9 -693.00732422 -6.30006658
10 -690.75341797 -6.27957653
11 -687.81768799 -6.25288807
12 -688.17785645 -6.25616233
13 -686.48333740 -6.24075761
14 -684.35083008 -6.22137118
15 -683.74176025 -6.21583418
16 -682.76568604 -6.20696078
17 -681.82147217 -6.19837702
18 -682.69116211 -6.20628329
19 -681.96978760 -6.19972534
20 -678.22021484 -6.16563832
21 -673.68334961 -6.12439409
22 -670.32427979 -6.09385709
23 -668.14190674 -6.07401733
24 -666.36614990 -6.05787409
25 -660.31707764 -6.00288252
26 -657.04302979 -5.97311845
27 -653.97949219 -5.94526811
28 -655.01214600 -5.95465587
29 -657.70892334 -5.97917203
30 -657.15466309 -5.97413330
31 -655.09332275 -5.95539384
32 -654.23559570 -5.94759632
33 -652.90319824 -5.93548362
34 -655.64190674 -5.96038097
35 -655.94946289 -5.96317694
36 -654.36700439 -5.94879095
37 -652.20788574 -5.92916260
38 -650.99224854 -5.91811135
39 -652.29101562 -5.92991832
40 -651.19775391 -5.91997958
41 -649.01110840 -5.90010099
42 -647.49285889 -5.88629872
43 -646.83740234 -5.88034002
44 -647.01086426 -5.88191695
45 -645.93096924 -5.87209972
46 -646.41821289 -5.87652921
47 -643.60632324 -5.85096657
48 -639.24218750 -5.81129261
49 -638.13336182 -5.80121238
50 -635.53668213 -5.77760620
51 -637.29553223 -5.79359575
52 -640.64947510 -5.82408614
53 -637.22839355 -5.79298540
