0 -707.83905029 -6.93959853
1 -707.84484863 -6.93965538
2 -707.85021973 -6.93970804
3 -707.85235596 -6.93972898
4 -707.85455322 -6.93975052
5 -707.85662842 -6.93977087
6 -707.85797119 -6.93978403
7 -707.85882568 -6.93979241
8 -707.85949707 -6.93979899
9 -707.86016846 -6.93980557
10 -707.86126709 -6.93981634
11 -707.86163330 -6.93981993
12 -707.86273193 -6.93983071
13 -707.86273193 -6.93983071
14 -707.86309814 -6.93983430
15 -707.86352539 -6.93983848
16 -707.86309814 -6.93983430
17 -707.86322021 -6.93983549
18 -707.86413574 -6.93984447
19 -707.86437988 -6.93984686
20 -707.86456299 -6.93984866
21 -707.86413574 -6.93984447
22 -707.86492920 -6.93985225
23 -707.86468506 -6.93984985
24 -707.86499023 -6.93985285
25 -707.86547852 -6.93985763
26 -707.86566162 -6.93985943
27 -707.86614990 -6.93986421
28 -707.86627197 -6.93986541
29 -707.86492920 -6.93985225
30 -707.86419678 -6.93984507
31 -707.86517334 -6.93985464
32 -707.86523438 -6.93985524
33 -707.86730957 -6.93987558
34 -707.86645508 -6.93986721
35 -707.86627197 -6.93986541
36 -707.86614990 -6.93986421
37 -707.86621094 -6.93986481
38 -707.86547852 -6.93985763
39 -707.86663818 -6.93986900
40 -707.86645508 -6.93986721
41 -707.86608887 -6.93986362
42 -707.86572266 -6.93986003
43 -707.86645508 -6.93986721
44 -707.86614990 -6.93986421
45 -707.86755371 -6.93987798
46 -707.86608887 -6.93986362
47 -707.86669922 -6.93986960
48 -707.86596680 -6.93986242
49 -707.86590576 -6.93986182
50 -707.86492920 -6.93985225
51 -707.86547852 -6.93985763
52 -707.86584473 -6.93986122
53 -707.86779785 -6.93988037
54 -707.86523438 -6.93985524
55 -707.86657715 -6.93986840
56 -707.86682129 -6.93987080
57 -707.86657715 -6.93986840
58 -707.86614990 -6.93986421
59 -707.86676025 -6.93987020
60 -707.86785889 -6.93988097
61 -707.86706543 -6.93987319
62 -707.86810303 -6.93988336
63 -707.86840820 -6.93988635
64 -707.86791992 -6.93988157
65 -707.86700439 -6.93987259
66 -707.86614990 -6.93986421
67 -707.86779785 -6.93988037
68 -707.86822510 -6.93988456
69 -707.86834717 -6.93988576
70 -707.86907959 -6.93989294
71 -707.86889648 -6.93989114
72 -707.86901855 -6.93989234
73 -707.86846924 -6.93988695
74 -707.86883545 -6.93989054
75 -707.86895752 -6.93989174
76 -707.86871338 -6.93988935
77 -707.86877441 -6.93988995
78 -707.86901855 -6.93989234
79 -707.86950684 -6.93989713
80 -707.86944580 -6.93989653
81 -707.87023926 -6.93990431
82 -707.87005615 -6.93990251
83 -707.86877441 -6.93988995
84 -707.86865234 -6.93988875
85 -707.87054443 -6.93990730
86 -707.86975098 -6.93989952
87 -707.87030029 -6.93990490
88 -707.87139893 -6.93991568
89 -707.87036133 -6.93990550
90 -707.87176514 -6.93991927
91 -707.87072754 -6.93990909
92 -707.87048340 -6.93990670
93 -707.87182617 -6.93991986
94 -707.87078857 -6.93990969
95 -707.87127686 -6.93991448
96 -707.87170410 -6.93991867
97 -707.86999512 -6.93990191
98 -707.87036133 -6.93990550
99 -707.87121582 -6.93991388
100 -707.87072754 -6.93990909
101 -707.87054443 -6.93990730
102 -707.87036133 -6.93990550
103 -707.87011719 -6.93990311
104 -707.87036133 -6.93990550
105 -707.86962891 -6.93989832
106 -707.87017822 -6.93990371
107 -707.87017822 -6.93990371
108 -707.86999512 -6.93990191
109 -707.87023926 -6.93990431
110 -707.87005615 -6.93990251
111 -707.86968994 -6.93989892
112 -707.86920166 -6.93989413
113 -707.86846924 -6.93988695
114 -707.86822510 -6.93988456
115 -707.86926270 -6.93989473
116 -707.86895752 -6.93989174
117 -707.86926270 -6.93989473
118 -707.86999512 -6.93990191
119 -707.86950684 -6.93989713
120 -707.86956787 -6.93989772
121 -707.86950684 -6.93989713
122 -707.86871338 -6.93988935
123 -707.86907959 -6.93989294
124 -707.86944580 -6.93989653
125 -707.86889648 -6.93989114
126 -707.86883545 -6.93989054
127 -707.86907959 -6.93989294
128 -707.86920166 -6.93989413
129 -707.86865234 -6.93988875
130 -707.86816406 -6.93988396
131 -707.86834717 -6.93988576
132 -707.86975098 -6.93989952
133 -707.86853027 -6.93988755
134 -707.86871338 -6.93988935
135 -707.86901855 -6.93989234
136 -707.86877441 -6.93988995
137 -707.86914062 -6.93989354
138 -707.86901855 -6.93989234
139 -707.86907959 -6.93989294
140 -707.86907959 -6.93989294
141 -707.86901855 -6.93989234
142 -707.86956787 -6.93989772
143 -707.86999512 -6.93990191
144 -707.86944580 -6.93989653
145 -707.86895752 -6.93989174
146 -707.86956787 -6.93989772
147 -707.86889648 -6.93989114
148 -707.86975098 -6.93989952
149 -707.86981201 -6.93990012
150 -707.87097168 -6.93991149
151 -707.87030029 -6.93990490
152 -707.87115479 -6.93991328
153 -707.87152100 -6.93991687
154 -707.87182617 -6.93991986
155 -707.87115479 -6.93991328
156 -707.87121582 -6.93991388
157 -707.87188721 -6.93992046
158 -707.87133789 -6.93991508
159 -707.87133789 -6.93991508
160 -707.87200928 -6.93992166
161 -707.87145996 -6.93991627
162 -707.87182617 -6.93991986
163 -707.87103271 -6.93991209
164 -707.87188721 -6.93992046
165 -707.87152100 -6.93991687
166 -707.87078857 -6.93990969
167 -707.86999512 -6.93990191
168 -707.87060547 -6.93990790
169 -707.87030029 -6.93990490
170 -707.87054443 -6.93990730
171 -707.86987305 -6.93990072
172 -707.87054443 -6.93990730
173 -707.87030029 -6.93990490
174 -707.87011719 -6.93990311
175 -707.86999512 -6.93990191
176 -707.86950684 -6.93989713
177 -707.86968994 -6.93989892
178 -707.86987305 -6.93990072
179 -707.86932373 -6.93989533
180 -707.87017822 -6.93990371
181 -707.86975098 -6.93989952
182 -707.86895752 -6.93989174
183 -707.86901855 -6.93989234
184 -707.86932373 -6.93989533
185 -707.86846924 -6.93988695
186 -707.86846924 -6.93988695
187 -707.86846924 -6.93988695
188 -707.86871338 -6.93988935
189 -707.87011719 -6.93990311
190 -707.86914062 -6.93989354
191 -707.86877441 -6.93988995
192 -707.86993408 -6.93990131
193 -707.86926270 -6.93989473
194 -707.86944580 -6.93989653
195 -707.86877441 -6.93988995
196 -707.87030029 -6.93990490
197 -707.86895752 -6.93989174
198 -707.86901855 -6.93989234
199 -707.86877441 -6.93988995
200 -707.86694336 -6.93987199
201 -707.86883545 -6.93989054
202 -707.86779785 -6.93988037
203 -707.86877441 -6.93988995
204 -707.86761475 -6.93987858
205 -707.86804199 -6.93988276
206 -707.86932373 -6.93989533
207 -707.86938477 -6.93989593
208 -707.86822510 -6.93988456
209 -707.86950684 -6.93989713
210 -707.86987305 -6.93990072
211 -707.86920166 -6.93989413
212 -707.86968994 -6.93989892
213 -707.86956787 -6.93989772
214 -707.86932373 -6.93989533
215 -707.86932373 -6.93989533
216 -707.86950684 -6.93989713
217 -707.87011719 -6.93990311
218 -707.86914062 -6.93989354
219 -707.86981201 -6.93990012
220 -707.86962891 -6.93989832
221 -707.86859131 -6.93988815
222 -707.86871338 -6.93988935
223 -707.86932373 -6.93989533
224 -707.86853027 -6.93988755
225 -707.86816406 -6.93988396
226 -707.86914062 -6.93989354
227 -707.86956787 -6.93989772
228 -707.87011719 -6.93990311
229 -707.86883545 -6.93989054
230 -707.86999512 -6.93990191
231 -707.87011719 -6.93990311
232 -707.87023926 -6.93990431
233 -707.86853027 -6.93988755
234 -707.86865234 -6.93988875
235 -707.86883545 -6.93989054
236 -707.86865234 -6.93988875
237 -707.86859131 -6.93988815
238 -707.86871338 -6.93988935
239 -707.86859131 -6.93988815
240 -707.86749268 -6.93987738
241 -707.86865234 -6.93988875
242 -707.86779785 -6.93988037
243 -707.86859131 -6.93988815
244 -707.86822510 -6.93988456
245 -707.86871338 -6.93988935
246 -707.86810303 -6.93988336
247 -707.86779785 -6.93988037
248 -707.86718750 -6.93987439
249 -707.86804199 -6.93988276
250 -707.86749268 -6.93987738
251 -707.86804199 -6.93988276
252 -707.86584473 -6.93986122
253 -707.86773682 -6.93987977
254 -707.86730957 -6.93987558
255 -707.86676025 -6.93987020
256 -707.86773682 -6.93987977
257 -707.86688232 -6.93987140
258 -707.86633301 -6.93986601
259 -707.86614990 -6.93986421
260 -707.86633301 -6.93986601
261 -707.86553955 -6.93985823
262 -707.86499023 -6.93985285
263 -707.86608887 -6.93986362
264 -707.86560059 -6.93985883
265 -707.86712646 -6.93987379
266 -707.86621094 -6.93986481
267 -707.86566162 -6.93985943
268 -707.86737061 -6.93987618
269 -707.86651611 -6.93986781
270 -707.86718750 -6.93987439
271 -707.86810303 -6.93988336
272 -707.86785889 -6.93988097
273 -707.86596680 -6.93986242
274 -707.86566162 -6.93985943
275 -707.86547852 -6.93985763
276 -707.86608887 -6.93986362
277 -707.86584473 -6.93986122
278 -707.86596680 -6.93986242
279 -707.86730957 -6.93987558
280 -707.86712646 -6.93987379
281 -707.86578369 -6.93986062
282 -707.86614990 -6.93986421
283 -707.86657715 -6.93986840
284 -707.86633301 -6.93986601
285 -707.86718750 -6.93987439
286 -707.86614990 -6.93986421
287 -707.86614990 -6.93986421
288 -707.86535645 -6.93985644
289 -707.86511230 -6.93985404
290 -707.86608887 -6.93986362
291 -707.86614990 -6.93986421
292 -707.86663818 -6.93986900
293 -707.86584473 -6.93986122
294 -707.86669922 -6.93986960
295 -707.86657715 -6.93986840
296 -707.86749268 -6.93987738
297 -707.86621094 -6.93986481
298 -707.86584473 -6.93986122
299 -707.86553955 -6.93985823
300 -707.86584473 -6.93986122
301 -707.86743164 -6.93987678
302 -707.86566162 -6.93985943
303 -707.86651611 -6.93986781
304 -707.86553955 -6.93985823
305 -707.86468506 -6.93984985
306 -707.86566162 -6.93985943
307 -707.86419678 -6.93984507
308 -707.86669922 -6.93986960
309 -707.86474609 -6.93985045
310 -707.86651611 -6.93986781
311 -707.86492920 -6.93985225
312 -707.86621094 -6.93986481
313 -707.86682129 -6.93987080
314 -707.86706543 -6.93987319
315 -707.86730957 -6.93987558
316 -707.86779785 -6.93988037
317 -707.86688232 -6.93987140
318 -707.86798096 -6.93988217
319 -707.86779785 -6.93988037
320 -707.86846924 -6.93988695
321 -707.86785889 -6.93988097
322 -707.86791992 -6.93988157
323 -707.86834717 -6.93988576
324 -707.86767578 -6.93987917
325 -707.86779785 -6.93988037
326 -707.86816406 -6.93988396
327 -707.86761475 -6.93987858
328 -707.86743164 -6.93987678
329 -707.86883545 -6.93989054
330 -707.86871338 -6.93988935
331 -707.86834717 -6.93988576
332 -707.86938477 -6.93989593
333 -707.86926270 -6.93989473
334 -707.86938477 -6.93989593
335 -707.86944580 -6.93989653
336 -707.86962891 -6.93989832
337 -707.87023926 -6.93990431
338 -707.86846924 -6.93988695
339 -707.87030029 -6.93990490
340 -707.86907959 -6.93989294
341 -707.86999512 -6.93990191
342 -707.86895752 -6.93989174
343 -707.86877441 -6.93988995
344 -707.86889648 -6.93989114
345 -707.87036133 -6.93990550
346 -707.86865234 -6.93988875
347 -707.86956787 -6.93989772
348 -707.86914062 -6.93989354
349 -707.87066650 -6.93990850
350 -707.87054443 -6.93990730
351 -707.86987305 -6.93990072
352 -707.86938477 -6.93989593
353 -707.87030029 -6.93990490
354 -707.86834717 -6.93988576
355 -707.86871338 -6.93988935
356 -707.86889648 -6.93989114
357 -707.86798096 -6.93988217
358 -707.86920166 -6.93989413
359 -707.86938477 -6.93989593
360 -707.86663818 -6.93986900
361 -707.86743164 -6.93987678
362 -707.86645508 -6.93986721
363 -707.86651611 -6.93986781
364 -707.86499023 -6.93985285
365 -707.86541748 -6.93985703
366 -707.86486816 -6.93985165
367 -707.86315918 -6.93983489
368 -707.86383057 -6.93984148
369 -707.86169434 -6.93982053
370 -707.86224365 -6.93982592
371 -707.86206055 -6.93982412
372 -707.86224365 -6.93982592
373 -707.86169434 -6.93982053
374 -707.86145020 -6.93981814
375 -707.86254883 -6.93982891
376 -707.86071777 -6.93981096
377 -707.86108398 -6.93981455
378 -707.86096191 -6.93981335
379 -707.86126709 -6.93981634
380 -707.86175537 -6.93982113
381 -707.86181641 -6.93982173
382 -707.86126709 -6.93981634
383 -707.86199951 -6.93982352
384 -707.86285400 -6.93983190
385 -707.86169434 -6.93982053
386 -707.86206055 -6.93982412
387 -707.86224365 -6.93982592
388 -707.86187744 -6.93982233
389 -707.86120605 -6.93981575
390 -707.86273193 -6.93983071
391 -707.86248779 -6.93982831
392 -707.86206055 -6.93982412
393 -707.86053467 -6.93980916
394 -707.86071777 -6.93981096
395 -707.86175537 -6.93982113
396 -707.86254883 -6.93982891
397 -707.86297607 -6.93983310
398 -707.86218262 -6.93982532
399 -707.86254883 -6.93982891
400 -707.86285400 -6.93983190
401 -707.86285400 -6.93983190
402 -707.86230469 -6.93982652
403 -707.86193848 -6.93982293
404 -707.86181641 -6.93982173
405 -707.86291504 -6.93983250
406 -707.86193848 -6.93982293
407 -707.86138916 -6.93981754
408 -707.86218262 -6.93982532
409 -707.86126709 -6.93981634
410 -707.86035156 -6.93980737
411 -707.86248779 -6.93982831
412 -707.86279297 -6.93983130
413 -707.86297607 -6.93983310
414 -707.86291504 -6.93983250
415 -707.86248779 -6.93982831
416 -707.86199951 -6.93982352
417 -707.86297607 -6.93983310
418 -707.86206055 -6.93982412
419 -707.86138916 -6.93981754
420 -707.86230469 -6.93982652
421 -707.86151123 -6.93981874
422 -707.86029053 -6.93980677
423 -707.86096191 -6.93981335
424 -707.86035156 -6.93980737
425 -707.85968018 -6.93980079
426 -707.86035156 -6.93980737
427 -707.85968018 -6.93980079
428 -707.86083984 -6.93981216
429 -707.86102295 -6.93981395
430 -707.85992432 -6.93980318
431 -707.85992432 -6.93980318
432 -707.85949707 -6.93979899
433 -707.85943604 -6.93979839
434 -707.85974121 -6.93980138
435 -707.85876465 -6.93979181
436 -707.85919189 -6.93979600
437 -707.85858154 -6.93979002
438 -707.85772705 -6.93978164
439 -707.85833740 -6.93978762
440 -707.85723877 -6.93977685
441 -707.85742188 -6.93977865
442 -707.85760498 -6.93978044
443 -707.85717773 -6.93977625
444 -707.85900879 -6.93979420
445 -707.85797119 -6.93978403
446 -707.85766602 -6.93978104
447 -707.85705566 -6.93977506
448 -707.85650635 -6.93976967
449 -707.85644531 -6.93976907
450 -707.85614014 -6.93976608
451 -707.85638428 -6.93976847
452 -707.85552979 -6.93976010
453 -707.85656738 -6.93977027
454 -707.85601807 -6.93976488
455 -707.85650635 -6.93976967
456 -707.85681152 -6.93977266
457 -707.85620117 -6.93976668
458 -707.85614014 -6.93976608
459 -707.85754395 -6.93977984
460 -707.85656738 -6.93977027
461 -707.85650635 -6.93976967
462 -707.85522461 -6.93975710
463 -707.85559082 -6.93976069
464 -707.85626221 -6.93976728
465 -707.85437012 -6.93974873
466 -707.85522461 -6.93975710
467 -707.85479736 -6.93975292
468 -707.85467529 -6.93975172
469 -707.85516357 -6.93975651
470 -707.85424805 -6.93974753
471 -707.85656738 -6.93977027
472 -707.85534668 -6.93975830
473 -707.85552979 -6.93976010
474 -707.85473633 -6.93975232
475 -707.85412598 -6.93974633
476 -707.85437012 -6.93974873
477 -707.85577393 -6.93976249
478 -707.85430908 -6.93974813
479 -707.85473633 -6.93975232
480 -707.85400391 -6.93974514
481 -707.85516357 -6.93975651
482 -707.85473633 -6.93975232
483 -707.85510254 -6.93975591
484 -707.85424805 -6.93974753
485 -707.85498047 -6.93975471
486 -707.85400391 -6.93974514
487 -707.85430908 -6.93974813
488 -707.85357666 -6.93974095
489 -707.85382080 -6.93974334
490 -707.85357666 -6.93974095
491 -707.85418701 -6.93974693
492 -707.85406494 -6.93974573
493 -707.85375977 -6.93974274
494 -707.85449219 -6.93974992
495 -707.85430908 -6.93974813
496 -707.85357666 -6.93974095
497 -707.85382080 -6.93974334
498 -707.85375977 -6.93974274
499 -707.85424805 -6.93974753
500 -707.85314941 -6.93973676
501 -707.85382080 -6.93974334
502 -707.85314941 -6.93973676
503 -707.85461426 -6.93975112
504 -707.85369873 -6.93974214
505 -707.85388184 -6.93974394
506 -707.85351562 -6.93974035
507 -707.85449219 -6.93974992
508 -707.85455322 -6.93975052
509 -707.85534668 -6.93975830
510 -707.85437012 -6.93974873
511 -707.85339355 -6.93973915
512 -707.85394287 -6.93974454
513 -707.85351562 -6.93974035
514 -707.85375977 -6.93974274
515 -707.85253906 -6.93973078
516 -707.85345459 -6.93973975
517 -707.85266113 -6.93973197
518 -707.85247803 -6.93973018
519 -707.85241699 -6.93972958
520 -707.85382080 -6.93974334
521 -707.85290527 -6.93973437
522 -707.85302734 -6.93973556
523 -707.85375977 -6.93974274
524 -707.85357666 -6.93974095
525 -707.85351562 -6.93974035
526 -707.85327148 -6.93973796
527 -707.85247803 -6.93973018
528 -707.85174561 -6.93972300
529 -707.85144043 -6.93972000
530 -707.85131836 -6.93971881
531 -707.85076904 -6.93971342
532 -707.85266113 -6.93973197
533 -707.85168457 -6.93972240
534 -707.85186768 -6.93972419
535 -707.85125732 -6.93971821
536 -707.85198975 -6.93972539
537 -707.85205078 -6.93972599
538 -707.85064697 -6.93971223
539 -707.85064697 -6.93971223
540 -707.85040283 -6.93970983
541 -707.85070801 -6.93971282
542 -707.85070801 -6.93971282
543 -707.84942627 -6.93970026
544 -707.84930420 -6.93969906
545 -707.84979248 -6.93970385
546 -707.84985352 -6.93970445
547 -707.84997559 -6.93970564
548 -707.84875488 -6.93969368
549 -707.85040283 -6.93970983
550 -707.85034180 -6.93970923
551 -707.84893799 -6.93969547
552 -707.84967041 -6.93970265
553 -707.85113525 -6.93971701
554 -707.85009766 -6.93970684
555 -707.85083008 -6.93971402
556 -707.85015869 -6.93970744
557 -707.85058594 -6.93971163
558 -707.85064697 -6.93971223
559 -707.84906006 -6.93969667
560 -707.84967041 -6.93970265
561 -707.85070801 -6.93971282
562 -707.85064697 -6.93971223
563 -707.85003662 -6.93970624
564 -707.85095215 -6.93971522
565 -707.85028076 -6.93970863
566 -707.85119629 -6.93971761
567 -707.85015869 -6.93970744
568 -707.84875488 -6.93969368
569 -707.85076904 -6.93971342
570 -707.85040283 -6.93970983
571 -707.85131836 -6.93971881
572 -707.85144043 -6.93972000
573 -707.85083008 -6.93971402
