0 -462.83944702 -7.01271889
1 -462.82861328 -7.01255475
2 -462.81835938 -7.01239938
3 -462.80206299 -7.01215247
4 -462.80221558 -7.01215478
5 -462.79577637 -7.01205722
6 -462.78414917 -7.01188105
7 -462.77420044 -7.01173031
8 -462.76541138 -7.01159714
9 -462.76062012 -7.01152455
10 -462.74325562 -7.01126145
11 -462.73355103 -7.01111441
12 -462.73089600 -7.01107418
13 -462.71801758 -7.01087905
14 -462.71826172 -7.01088275
15 -462.69979858 -7.01060301
16 -462.69464111 -7.01052487
17 -462.68249512 -7.01034084
18 -462.67739868 -7.01026362
19 -462.65747070 -7.00996168
20 -462.66033936 -7.01000514
21 -462.65405273 -7.00990989
22 -462.63317871 -7.00959362
23 -462.60852051 -7.00922001
24 -462.59909058 -7.00907713
25 -462.59005737 -7.00894026
26 -462.61395264 -7.00930231
27 -462.61135864 -7.00926301
28 -462.61334229 -7.00929306
29 -462.59536743 -7.00902072
30 -462.57723999 -7.00874606
31 -462.55569458 -7.00841961
32 -462.54885864 -7.00831604
33 -462.54519653 -7.00826055
34 -462.55691528 -7.00843811
35 -462.55532837 -7.00841407
36 -462.53598022 -7.00812091
37 -462.51730347 -7.00783793
38 -462.50546265 -7.00765852
39 -462.51684570 -7.00783100
40 -462.49926758 -7.00756466
41 -462.51626587 -7.00782221
42 -462.49386597 -7.00748282
43 -462.49401855 -7.00748513
44 -462.47033691 -7.00712632
45 -462.46856689 -7.00709950
46 -462.44744873 -7.00677953
47 -462.44375610 -7.00672358
48 -462.42309570 -7.00641054
49 -462.39303589 -7.00595509
50 -462.37701416 -7.00571234
51 -462.39569092 -7.00599532
52 -462.38714600 -7.00586585
53 -462.39108276 -7.00592550
54 -462.37210083 -7.00563789
55 -462.37380981 -7.00566379
56 -462.36862183 -7.00558518
57 -462.34051514 -7.00515932
58 -462.34191895 -7.00518059
59 -462.36434937 -7.00552044
60 -462.32827759 -7.00497390
61 -462.31616211 -7.00479033
62 -462.33642578 -7.00509736
63 -462.32519531 -7.00492720
64 -462.32806396 -7.00497067
65 -462.33859253 -7.00513019
66 -462.30920410 -7.00468491
67 -462.32028198 -7.00485276
68 -462.30624390 -7.00464006
69 -462.27667236 -7.00419201
70 -462.25387573 -7.00384660
71 -462.21588135 -7.00327093
72 -462.23657227 -7.00358443
73 -462.21588135 -7.00327093
74 -462.20520020 -7.00310909
75 -462.17364502 -7.00263099
76 -462.16351318 -7.00247747
77 -462.19366455 -7.00293431
78 -462.16104126 -7.00244002
79 -462.16058350 -7.00243308
80 -462.16256714 -7.00246314
81 -462.14608765 -7.00221345
82 -462.13577271 -7.00205716
83 -462.14450073 -7.00218941
84 -462.12744141 -7.00193093
85 -462.10144043 -7.00153698
86 -462.09036255 -7.00136913
87 -462.07525635 -7.00114025
88 -462.05664062 -7.00085819
89 -461.98513794 -6.99977482
90 -461.96621704 -6.99948814
91 -461.98281860 -6.99973968
92 -461.97479248 -6.99961807
93 -461.99566650 -6.99993434
94 -462.01715088 -7.00025986
95 -462.01702881 -7.00025801
96 -462.03543091 -7.00053683
97 -462.06753540 -7.00102326
98 -462.02941895 -7.00044574
99 -461.98745728 -6.99980996
100 -461.92291260 -6.99883201
101 -461.90798950 -6.99860590
102 -461.91064453 -6.99864613
103 -461.92285156 -6.99883108
104 -461.88565063 -6.99826743
105 -461.89764404 -6.99844915
106 -461.87872314 -6.99816247
107 -461.87097168 -6.99804503
108 -461.82684326 -6.99737641
109 -461.85607910 -6.99781938
110 -461.85177612 -6.99775418
111 -461.88226318 -6.99821611
112 -461.87725830 -6.99814028
113 -461.87435913 -6.99809635
114 -461.84933472 -6.99771719
115 -461.84594727 -6.99766587
116 -461.86184692 -6.99790677
117 -461.86953735 -6.99802329
118 -461.84387207 -6.99763443
119 -461.83023071 -6.99742774
120 -461.80230713 -6.99700465
121 -461.79891968 -6.99695333
122 -461.79602051 -6.99690940
123 -461.77795410 -6.99663567
124 -461.76055908 -6.99637211
125 -461.80642700 -6.99706708
126 -461.83190918 -6.99745317
127 -461.83334351 -6.99747490
128 -461.82800293 -6.99739398
129 -461.82696533 -6.99737826
130 -461.85916138 -6.99786608
131 -461.82379150 -6.99733017
132 -461.79699707 -6.99692420
133 -461.76379395 -6.99642112
134 -461.74822998 -6.99618530
135 -461.75622559 -6.99630645
136 -461.75912476 -6.99635038
137 -461.72467041 -6.99582834
138 -461.70053101 -6.99546259
139 -461.66412354 -6.99491096
140 -461.66812134 -6.99497154
141 -461.64947510 -6.99468902
142 -461.63565063 -6.99447956
143 -461.61795044 -6.99421137
144 -461.63040161 -6.99440002
145 -461.59719849 -6.99389695
146 -461.59405518 -6.99384932
147 -461.57708740 -6.99359223
148 -461.54568481 -6.99311644
149 -461.51428223 -6.99264064
150 -461.52178955 -6.99275439
151 -461.52557373 -6.99281172
152 -461.49057007 -6.99228136
153 -461.49078369 -6.99228460
154 -461.46691895 -6.99192301
155 -461.43453979 -6.99143242
156 -461.40438843 -6.99097558
157 -461.39254761 -6.99079618
158 -461.39428711 -6.99082253
159 -461.36843872 -6.99043089
160 -461.36294556 -6.99034766
161 -461.31811523 -6.98966841
162 -461.30410767 -6.98945618
163 -461.33062744 -6.98985799
164 -461.33404541 -6.98990978
165 -461.28576660 -6.98917828
166 -461.30770874 -6.98951074
167 -461.29525757 -6.98932208
168 -461.27639771 -6.98903633
169 -461.26425171 -6.98885230
170 -461.23937988 -6.98847545
171 -461.22125244 -6.98820079
172 -461.19216919 -6.98776014
173 -461.20993042 -6.98802925
174 -461.14782715 -6.98708829
175 -461.11315918 -6.98656302
176 -461.14642334 -6.98706702
177 -461.10037231 -6.98636928
178 -461.12496948 -6.98674196
179 -461.14505005 -6.98704621
180 -461.14712524 -6.98707766
181 -461.14306641 -6.98701616
182 -461.11859131 -6.98664532
183 -461.07577515 -6.98599659
184 -461.08267212 -6.98610109
185 -461.07769775 -6.98602572
186 -461.11300659 -6.98656071
187 -461.07171631 -6.98593510
188 -461.05139160 -6.98562715
189 -461.00308228 -6.98489519
190 -461.04870605 -6.98558646
191 -461.05572510 -6.98569280
192 -461.01766968 -6.98511621
193 -461.02526855 -6.98523134
194 -461.03417969 -6.98536636
195 -460.97811890 -6.98451695
196 -460.95812988 -6.98421409
197 -460.89678955 -6.98328469
198 -460.87158203 -6.98290276
199 -460.87628174 -6.98297397
200 -460.88211060 -6.98306228
201 -460.88851929 -6.98315938
202 -460.95013428 -6.98409294
203 -460.94732666 -6.98405040
204 -460.97335815 -6.98444482
205 -461.02316284 -6.98519944
206 -461.01818848 -6.98512407
207 -461.03698730 -6.98540890
208 -461.02737427 -6.98526325
209 -461.04302979 -6.98550045
210 -460.98608398 -6.98463764
211 -460.98638916 -6.98464226
212 -461.01651001 -6.98509864
213 -460.98962402 -6.98469127
214 -460.94198608 -6.98396949
215 -460.93768311 -6.98390429
216 -460.95266724 -6.98413132
217 -460.92968750 -6.98378314
218 -460.91610718 -6.98357738
219 -460.93032837 -6.98379285
220 -460.88504028 -6.98310667
221 -460.89654541 -6.98328099
222 -460.90011597 -6.98333509
223 -460.91375732 -6.98354178
224 -460.87835693 -6.98300541
225 -460.86938477 -6.98286947
226 -460.86593628 -6.98281722
227 -460.83801270 -6.98239413
228 -460.79400635 -6.98172737
229 -460.78134155 -6.98153548
230 -460.78695679 -6.98162056
231 -460.80450439 -6.98188643
232 -460.77902222 -6.98150034
233 -460.76840210 -6.98133943
234 -460.77557373 -6.98144809
235 -460.76733398 -6.98132324
236 -460.78204346 -6.98154611
237 -460.79269409 -6.98170749
238 -460.74844360 -6.98103702
239 -460.77334595 -6.98141433
240 -460.74987793 -6.98105876
241 -460.73269653 -6.98079843
242 -460.73046875 -6.98076468
243 -460.74780273 -6.98102731
244 -460.70959473 -6.98044840
245 -460.71002197 -6.98045488
246 -460.65689087 -6.97964986
247 -460.59515381 -6.97871445
248 -460.56378174 -6.97823912
249 -460.53952026 -6.97787152
250 -460.46630859 -6.97676225
251 -460.43450928 -6.97628044
252 -460.38641357 -6.97555172
253 -460.42681885 -6.97616392
254 -460.43750000 -6.97632576
255 -460.37060547 -6.97531220
256 -460.37298584 -6.97534827
257 -460.33908081 -6.97483456
258 -460.29852295 -6.97422004
259 -460.28689575 -6.97404388
260 -460.32299805 -6.97459088
261 -460.34637451 -6.97494507
262 -460.32113647 -6.97456267
263 -460.29083252 -6.97410352
264 -460.27526855 -6.97386771
265 -460.22921753 -6.97316996
266 -460.31771851 -6.97451089
267 -460.30191040 -6.97427137
268 -460.31759644 -6.97450904
269 -460.26309204 -6.97368321
270 -460.16317749 -6.97216936
271 -460.11648560 -6.97146190
272 -460.15100098 -6.97198486
273 -460.14135742 -6.97183875
274 -460.16336060 -6.97217213
275 -460.09460449 -6.97113037
276 -460.08547974 -6.97099212
277 -460.09143066 -6.97108228
278 -460.08193970 -6.97093848
279 -460.07217407 -6.97079052
280 -460.08728027 -6.97101940
281 -460.01269531 -6.96988932
282 -459.96566772 -6.96917678
283 -459.89901733 -6.96816693
284 -459.89843750 -6.96815814
285 -459.91903687 -6.96847026
286 -459.90093994 -6.96819606
287 -459.88299561 -6.96792418
288 -459.88549805 -6.96796209
289 -459.87149048 -6.96774986
290 -459.83666992 -6.96722227
291 -459.77438354 -6.96627854
292 -459.76538086 -6.96614213
293 -459.77099609 -6.96622721
294 -459.74990845 -6.96590770
295 -459.68246460 -6.96488583
296 -459.67675781 -6.96479936
297 -459.67514038 -6.96477485
298 -459.70388794 -6.96521042
299 -459.65097046 -6.96440864
300 -459.66571045 -6.96463198
301 -459.67144775 -6.96471891
302 -459.65029907 -6.96439847
303 -459.56918335 -6.96316944
304 -459.58404541 -6.96339463
305 -459.56347656 -6.96308298
306 -459.49636841 -6.96206619
307 -459.48406982 -6.96187985
308 -459.48959351 -6.96196354
309 -459.43139648 -6.96108176
310 -459.42990112 -6.96105911
311 -459.43441772 -6.96112754
312 -459.43273926 -6.96110211
313 -459.44979858 -6.96136058
314 -459.51266479 -6.96231310
315 -459.42337036 -6.96096016
316 -459.46148682 -6.96153768
317 -459.50018311 -6.96212399
318 -459.48446655 -6.96188586
319 -459.54449463 -6.96279537
320 -459.42971802 -6.96105633
321 -459.39270020 -6.96049546
