0 -433.49411011 -6.99184049
1 -432.71600342 -6.97929038
2 -431.54687500 -6.96043347
3 -430.98303223 -6.95133923
4 -430.22744751 -6.93915238
5 -428.90652466 -6.91784717
6 -427.05712891 -6.88801821
7 -426.72991943 -6.88274064
8 -425.34487915 -6.86040128
9 -425.44830322 -6.86206941
10 -424.39584351 -6.84509425
11 -422.28912354 -6.81111490
12 -420.98526001 -6.79008484
13 -420.20269775 -6.77746287
14 -419.28735352 -6.76269925
15 -418.20480347 -6.74523877
16 -415.76852417 -6.70594394
17 -415.55184937 -6.70244918
18 -414.62142944 -6.68744241
19 -414.19064331 -6.68049425
20 -414.46658325 -6.68494489
21 -412.64340210 -6.65553874
22 -413.06713867 -6.66237320
23 -412.47558594 -6.65283203
24 -413.20166016 -6.66454291
25 -411.34979248 -6.63467407
26 -409.93954468 -6.61192814
27 -407.03604126 -6.56509744
28 -406.06015015 -6.54935726
29 -403.12295532 -6.50198315
30 -401.25418091 -6.47184163
31 -400.55130005 -6.46050484
32 -401.15332031 -6.47021484
33 -399.68823242 -6.44658439
34 -396.25854492 -6.39126685
35 -398.66674805 -6.43010884
36 -396.14846802 -6.38949142
37 -398.59619141 -6.42897083
38 -397.48132324 -6.41098908
39 -398.94876099 -6.43465744
40 -395.15176392 -6.37341555
41 -390.52087402 -6.29872377
42 -385.44097900 -6.21678998
43 -386.40374756 -6.23231851
44 -386.27014160 -6.23016357
45 -378.22445679 -6.10039446
46 -381.69656372 -6.15639619
47 -381.11834717 -6.14707012
48 -379.37515259 -6.11895407
49 -384.99765015 -6.20963952
50 -382.89257812 -6.17568674
51 -379.01785278 -6.11319117
52 -381.98510742 -6.16105012
53 -376.84252930 -6.07810531
54 -372.07449341 -6.00120151
55 -369.21911621 -5.95514704
56 -370.69970703 -5.97902753
57 -368.83129883 -5.94889192
58 -368.17767334 -5.93834957
59 -369.90866089 -5.96626872
60 -368.32678223 -5.94075455
61 -358.15826416 -5.77674620
62 -365.56713867 -5.89624417
63 -363.96420288 -5.87039037
64 -362.93630981 -5.85381145
65 -362.15844727 -5.84126528
66 -366.78283691 -5.91585221
67 -372.38946533 -6.00628170
68 -368.11129761 -5.93727899
69 -368.18185425 -5.93841700
70 -369.10223389 -5.95326184
71 -365.77322388 -5.89956813
72 -369.68591309 -5.96267602
73 -374.20312500 -6.03553427
74 -372.10949707 -6.00176608
75 -373.19897461 -6.01933830
76 -373.27212524 -6.02051815
77 -370.65008545 -5.97822718
78 -366.41253662 -5.90987962
79 -366.82385254 -5.91651375
80 -370.64877319 -5.97820602
81 -370.47244263 -5.97536198
82 -370.79898071 -5.98062872
83 -369.10494995 -5.95330564
84 -366.22055054 -5.90678307
85 -365.99551392 -5.90315345
86 -361.55578613 -5.83154494
87 -364.47000122 -5.87854841
88 -360.57327271 -5.81569795
89 -359.93252563 -5.80536332
90 -355.69686890 -5.73704627
91 -357.09271240 -5.75955988
92 -356.58370972 -5.75135016
93 -354.96737671 -5.72528027
94 -354.71176147 -5.72115744
95 -351.46484375 -5.66878780
96 -347.99520874 -5.61282595
97 -349.77813721 -5.64158286
98 -351.06900024 -5.66240323
99 -349.86828613 -5.64303687
100 -350.59054565 -5.65468622
101 -352.76235962 -5.68971548
102 -347.88287354 -5.61101409
103 -348.44995117 -5.62016050
104 -348.29495239 -5.61766052
105 -343.37890625 -5.53836946
106 -340.66204834 -5.49454917
107 -342.88235474 -5.53036056
108 -344.16015625 -5.55097026
109 -346.21292114 -5.58407937
110 -347.29028320 -5.60145618
111 -346.42489624 -5.58749833
112 -340.65237427 -5.49439313
113 -340.80746460 -5.49689459
114 -339.40832520 -5.47432783
115 -334.97512817 -5.40282465
116 -341.41815186 -5.50674438
117 -340.02868652 -5.48433365
118 -340.35784912 -5.48964273
119 -340.52685547 -5.49236864
120 -338.79800415 -5.46448394
121 -336.07250977 -5.42052435
122 -334.16992188 -5.38983745
123 -333.35003662 -5.37661349
124 -331.66357422 -5.34941249
125 -330.39288330 -5.32891747
126 -323.67037964 -5.22048999
127 -325.47409058 -5.24958211
128 -324.31301880 -5.23085514
129 -323.81237793 -5.22278029
130 -320.40756226 -5.16786391
131 -322.38232422 -5.19971491
132 -326.93115234 -5.27308310
133 -324.66519165 -5.23653535
134 -327.09118652 -5.27566430
135 -324.06063843 -5.22678449
136 -320.63046265 -5.17145907
137 -317.17642212 -5.11574874
138 -307.84317017 -4.96521242
139 -309.85928345 -4.99773038
140 -311.90277100 -5.03068985
141 -312.89132690 -5.04663430
142 -317.43627930 -5.11993999
143 -314.72640991 -5.07623242
144 -313.89678955 -5.06285144
145 -308.42526245 -4.97460101
146 -308.19003296 -4.97080698
147 -306.26898193 -4.93982229
148 -312.08251953 -5.03358902
149 -313.16436768 -5.05103819
150 -312.46008301 -5.03967876
151 -313.56488037 -5.05749807
152 -313.76889038 -5.06078855
153 -313.31811523 -5.05351799
154 -318.78906250 -5.14175907
155 -316.92233276 -5.11165053
156 -316.86685181 -5.11075567
157 -317.82171631 -5.12615671
158 -320.23294067 -5.16504743
159 -320.39538574 -5.16766751
160 -318.02926636 -5.12950430
161 -317.34500122 -5.11846776
162 -313.50860596 -5.05659042
163 -311.61862183 -5.02610680
164 -309.03308105 -4.98440453
165 -311.44927979 -5.02337548
166 -312.82485962 -5.04556225
167 -313.20858765 -5.05175141
168 -312.29788208 -5.03706261
169 -312.24813843 -5.03626030
170 -309.19219971 -4.98697096
171 -305.25485229 -4.92346536
172 -304.64517212 -4.91363181
173 -306.07977295 -4.93677053
174 -302.45623779 -4.87832642
175 -299.05508423 -4.82346910
176 -296.98150635 -4.79002430
177 -297.29644775 -4.79510400
178 -303.38815308 -4.89335731
179 -304.84832764 -4.91690851
180 -304.16378784 -4.90586755
181 -304.86361694 -4.91715511
182 -306.41348267 -4.94215295
183 -300.62536621 -4.84879623
184 -300.12152100 -4.84066969
185 -298.53887939 -4.81514322
186 -297.52474976 -4.79878629
187 -293.42785645 -4.73270736
188 -291.90542603 -4.70815203
189 -289.51788330 -4.66964328
190 -289.88812256 -4.67561488
191 -287.04830933 -4.62981144
192 -289.07009888 -4.66242095
193 -288.95678711 -4.66059334
194 -288.93771362 -4.66028570
195 -289.00274658 -4.66133462
196 -289.69052124 -4.67242776
197 -284.90740967 -4.59528080
198 -283.99560547 -4.58057428
199 -285.62973022 -4.60693113
200 -284.33032227 -4.58597294
201 -285.70809937 -4.60819515
202 -283.95498657 -4.57991914
203 -280.98101807 -4.53195190
204 -281.29663086 -4.53704243
205 -278.96801758 -4.49948415
206 -277.89337158 -4.48215115
207 -277.47369385 -4.47538216
208 -269.59249878 -4.34826611
209 -272.05514526 -4.38798621
210 -276.29699707 -4.45640318
211 -273.46414185 -4.41071197
212 -272.68444824 -4.39813626
213 -274.80963135 -4.43241341
214 -278.85382080 -4.49764227
215 -281.36190796 -4.53809529
216 -281.03961182 -4.53289696
217 -281.80282593 -4.54520687
218 -281.32662964 -4.53752628
219 -278.78469849 -4.49652739
220 -276.79620361 -4.46445490
221 -277.48937988 -4.47563516
222 -271.49755859 -4.37899288
223 -274.69613647 -4.43058285
224 -269.63845825 -4.34900739
225 -270.68975830 -4.36596384
226 -269.86694336 -4.35269263
227 -271.83926392 -4.38450426
228 -270.20745850 -4.35818481
229 -274.06771851 -4.42044707
230 -272.96154785 -4.40260561
231 -281.85806274 -4.54609779
232 -283.92425537 -4.57942347
233 -286.41000366 -4.61951619
234 -289.84579468 -4.67493217
235 -285.55249023 -4.60568533
236 -284.62100220 -4.59066133
237 -279.81033325 -4.51306989
238 -279.83291626 -4.51343413
239 -277.60794067 -4.47754743
240 -282.90872192 -4.56304390
241 -282.57156372 -4.55760587
242 -286.38296509 -4.61908008
243 -283.37329102 -4.57053695
244 -287.94982910 -4.64435208
245 -286.85922241 -4.62676165
246 -292.17691040 -4.71253081
247 -291.03512573 -4.69411493
248 -289.91125488 -4.67598798
249 -289.31094360 -4.66630554
250 -287.75756836 -4.64125110
251 -290.58270264 -4.68681778
252 -288.17962646 -4.64805849
253 -286.85391235 -4.62667601
254 -283.95022583 -4.57984235
255 -280.49429321 -4.52410150
256 -280.27642822 -4.52058755
257 -283.49203491 -4.57245218
258 -284.56378174 -4.58973842
259 -286.50433350 -4.62103764
260 -289.83059692 -4.67468705
261 -289.52792358 -4.66980522
262 -290.50939941 -4.68563547
263 -294.49691772 -4.74995029
264 -295.41159058 -4.76470307
265 -298.18939209 -4.80950632
266 -297.41754150 -4.79705712
267 -296.19027710 -4.77726253
268 -297.45019531 -4.79758380
269 -294.60589600 -4.75170800
270 -294.00604248 -4.74203294
271 -292.18106079 -4.71259775
272 -295.04684448 -4.75882007
273 -297.19790649 -4.79351462
274 -299.64901733 -4.83304867
275 -296.76394653 -4.78651527
276 -295.84054565 -4.77162170
277 -298.60485840 -4.81620739
278 -299.08554077 -4.82396034
279 -296.65112305 -4.78469553
280 -295.00399780 -4.75812900
281 -290.38327026 -4.68360113
282 -291.52255249 -4.70197665
283 -289.14187622 -4.66357865
284 -285.05767822 -4.59770449
285 -283.91360474 -4.57925169
286 -281.75335693 -4.54440898
287 -281.97625732 -4.54800415
288 -278.66235352 -4.49455409
289 -277.14617920 -4.47009966
290 -271.67794800 -4.38190239
291 -263.06301880 -4.24295192
292 -257.06826782 -4.14626238
293 -254.07540894 -4.09799047
294 -251.25201416 -4.05245184
295 -251.41223145 -4.05503599
296 -248.05053711 -4.00081511
297 -248.43139648 -4.00695801
298 -243.00048828 -3.91936271
299 -243.85891724 -3.93320834
300 -243.26989746 -3.92370802
301 -241.38165283 -3.89325247
