0 -511.14331055 -6.90734203
1 -511.15872192 -6.90755030
2 -511.16842651 -6.90768144
3 -511.17453003 -6.90776392
4 -511.18029785 -6.90784186
5 -511.18338013 -6.90788352
6 -511.18652344 -6.90792599
7 -511.18881226 -6.90795692
8 -511.19052124 -6.90798002
9 -511.19317627 -6.90801590
10 -511.19604492 -6.90805466
11 -511.19644165 -6.90806002
12 -511.19689941 -6.90806621
13 -511.19680786 -6.90806497
14 -511.19909668 -6.90809590
15 -511.19931030 -6.90809879
16 -511.20053101 -6.90811528
17 -511.20040894 -6.90811363
18 -511.20138550 -6.90812683
19 -511.20135498 -6.90812642
20 -511.20260620 -6.90814333
21 -511.20288086 -6.90814704
22 -511.20397949 -6.90816189
23 -511.20590210 -6.90818787
24 -511.20602417 -6.90818952
25 -511.20626831 -6.90819282
26 -511.20684814 -6.90820065
27 -511.20922852 -6.90823282
28 -511.20870972 -6.90822581
29 -511.20843506 -6.90822210
30 -511.20993042 -6.90824230
31 -511.21136475 -6.90826169
32 -511.21096802 -6.90825632
33 -511.21029663 -6.90824725
34 -511.21008301 -6.90824436
35 -511.21282959 -6.90828148
36 -511.21328735 -6.90828767
37 -511.21258545 -6.90827818
38 -511.21377563 -6.90829427
39 -511.21429443 -6.90830128
40 -511.21551514 -6.90831777
41 -511.21630859 -6.90832849
42 -511.21707153 -6.90833880
43 -511.21762085 -6.90834623
44 -511.21743774 -6.90834375
45 -511.21710205 -6.90833922
46 -511.21807861 -6.90835241
47 -511.22058105 -6.90838623
48 -511.22128296 -6.90839572
49 -511.22058105 -6.90838623
50 -511.22006226 -6.90837922
51 -511.21984863 -6.90837633
52 -511.22216797 -6.90840768
53 -511.22161865 -6.90840025
54 -511.22341919 -6.90842458
55 -511.22412109 -6.90843407
56 -511.22485352 -6.90844397
57 -511.22463989 -6.90844108
58 -511.22512817 -6.90844768
59 -511.22555542 -6.90845345
60 -511.22439575 -6.90843778
61 -511.22412109 -6.90843407
62 -511.22586060 -6.90845758
63 -511.22595215 -6.90845881
64 -511.22537231 -6.90845098
65 -511.22683716 -6.90847077
66 -511.22552490 -6.90845304
67 -511.22814941 -6.90848851
68 -511.22833252 -6.90849098
69 -511.22756958 -6.90848067
70 -511.22802734 -6.90848686
71 -511.22854614 -6.90849387
72 -511.22830200 -6.90849057
73 -511.22909546 -6.90850129
74 -511.22915649 -6.90850211
75 -511.22875977 -6.90849675
76 -511.22885132 -6.90849799
77 -511.23025513 -6.90851696
78 -511.23104858 -6.90852768
79 -511.23199463 -6.90854047
80 -511.23129272 -6.90853098
81 -511.23071289 -6.90852315
82 -511.23220825 -6.90854335
83 -511.23254395 -6.90854789
84 -511.23092651 -6.90852603
85 -511.23226929 -6.90854418
86 -511.23355103 -6.90856150
87 -511.23330688 -6.90855820
88 -511.23455811 -6.90857511
89 -511.23587036 -6.90859284
90 -511.23556519 -6.90858872
91 -511.23593140 -6.90859367
92 -511.23699951 -6.90860810
93 -511.23684692 -6.90860604
94 -511.23800659 -6.90862171
95 -511.23715210 -6.90861016
96 -511.23657227 -6.90860233
97 -511.23913574 -6.90863697
98 -511.23855591 -6.90862913
99 -511.23965454 -6.90864398
100 -511.23922729 -6.90863821
101 -511.23895264 -6.90863450
102 -511.23904419 -6.90863573
103 -511.23995972 -6.90864810
104 -511.24017334 -6.90865099
105 -511.24114990 -6.90866419
106 -511.24102783 -6.90866254
107 -511.24166870 -6.90867120
108 -511.24136353 -6.90866707
109 -511.24145508 -6.90866831
110 -511.24185181 -6.90867367
111 -511.24295044 -6.90868852
112 -511.24230957 -6.90867986
113 -511.24099731 -6.90866213
114 -511.24316406 -6.90869141
115 -511.24209595 -6.90867697
116 -511.24050903 -6.90865553
117 -511.24139404 -6.90866749
118 -511.24270630 -6.90868522
119 -511.24304199 -6.90868976
120 -511.24337769 -6.90869429
121 -511.24203491 -6.90867615
122 -511.24197388 -6.90867532
123 -511.24362183 -6.90869759
124 -511.24343872 -6.90869512
125 -511.24353027 -6.90869636
126 -511.24322510 -6.90869223
127 -511.24383545 -6.90870048
128 -511.24389648 -6.90870130
129 -511.24505615 -6.90871698
130 -511.24493408 -6.90871533
131 -511.24438477 -6.90870790
132 -511.24362183 -6.90869759
133 -511.24346924 -6.90869553
134 -511.24511719 -6.90871780
135 -511.24450684 -6.90870955
136 -511.24530029 -6.90872027
137 -511.24380493 -6.90870007
138 -511.24407959 -6.90870378
139 -511.24575806 -6.90872646
140 -511.24560547 -6.90872440
141 -511.24371338 -6.90869883
142 -511.24551392 -6.90872316
143 -511.24618530 -6.90873223
144 -511.24578857 -6.90872687
145 -511.24661255 -6.90873801
146 -511.24758911 -6.90875120
147 -511.24691772 -6.90874213
148 -511.24728394 -6.90874708
149 -511.24795532 -6.90875615
150 -511.24819946 -6.90875945
151 -511.24917603 -6.90877265
152 -511.24932861 -6.90877471
153 -511.24945068 -6.90877636
154 -511.24945068 -6.90877636
155 -511.24938965 -6.90877554
156 -511.25070190 -6.90879327
157 -511.25152588 -6.90880440
158 -511.25131226 -6.90880152
159 -511.25122070 -6.90880028
160 -511.25131226 -6.90880152
161 -511.25076294 -6.90879409
162 -511.25082397 -6.90879492
163 -511.25152588 -6.90880440
164 -511.24960327 -6.90877842
165 -511.25097656 -6.90879698
166 -511.25173950 -6.90880729
167 -511.25253296 -6.90881801
168 -511.25079346 -6.90879451
169 -511.25262451 -6.90881925
170 -511.25320435 -6.90882709
171 -511.25207520 -6.90881183
172 -511.25299072 -6.90882420
173 -511.25268555 -6.90882007
174 -511.25308228 -6.90882544
175 -511.25482178 -6.90884894
176 -511.25463867 -6.90884647
177 -511.25314331 -6.90882626
178 -511.25457764 -6.90884564
179 -511.25393677 -6.90883698
180 -511.25534058 -6.90885595
181 -511.25512695 -6.90885307
182 -511.25579834 -6.90886214
183 -511.25534058 -6.90885595
184 -511.25448608 -6.90884441
185 -511.25430298 -6.90884193
186 -511.25588989 -6.90886338
187 -511.25628662 -6.90886874
188 -511.25555420 -6.90885884
189 -511.25598145 -6.90886461
190 -511.25723267 -6.90888152
191 -511.25616455 -6.90886709
192 -511.25769043 -6.90888771
193 -511.25769043 -6.90888771
194 -511.25765991 -6.90888730
195 -511.25833130 -6.90889637
196 -511.25769043 -6.90888771
197 -511.25704956 -6.90887905
198 -511.25811768 -6.90889348
199 -511.25854492 -6.90889926
200 -511.25897217 -6.90890503
201 -511.25924683 -6.90890874
202 -511.25820923 -6.90889472
203 -511.25946045 -6.90891163
204 -511.25924683 -6.90890874
205 -511.25946045 -6.90891163
206 -511.25964355 -6.90891410
207 -511.26007080 -6.90891988
208 -511.26065063 -6.90892771
209 -511.26071167 -6.90892854
210 -511.26144409 -6.90893843
211 -511.26086426 -6.90893060
212 -511.26144409 -6.90893843
213 -511.26159668 -6.90894050
214 -511.26235962 -6.90895081
215 -511.26211548 -6.90894751
216 -511.26269531 -6.90895534
217 -511.26110840 -6.90893390
218 -511.26242065 -6.90895163
219 -511.26248169 -6.90895246
220 -511.26196289 -6.90894544
221 -511.26144409 -6.90893843
222 -511.26181030 -6.90894338
223 -511.26211548 -6.90894751
224 -511.26132202 -6.90893678
225 -511.26406860 -6.90897390
226 -511.26303101 -6.90895988
227 -511.26309204 -6.90896070
228 -511.26306152 -6.90896029
229 -511.26315308 -6.90896153
230 -511.26312256 -6.90896112
231 -511.26272583 -6.90895575
232 -511.26242065 -6.90895163
233 -511.26376343 -6.90896978
234 -511.26269531 -6.90895534
235 -511.26235962 -6.90895081
236 -511.26379395 -6.90897019
237 -511.26293945 -6.90895864
238 -511.26416016 -6.90897514
239 -511.26467896 -6.90898215
240 -511.26367188 -6.90896854
241 -511.26437378 -6.90897802
242 -511.26342773 -6.90896524
243 -511.26208496 -6.90894709
244 -511.26409912 -6.90897431
245 -511.26428223 -6.90897679
246 -511.26364136 -6.90896813
247 -511.26361084 -6.90896771
248 -511.26486206 -6.90898462
249 -511.26446533 -6.90897926
250 -511.26388550 -6.90897143
251 -511.26391602 -6.90897184
252 -511.26409912 -6.90897431
253 -511.26486206 -6.90898462
254 -511.26400757 -6.90897308
255 -511.26419067 -6.90897555
256 -511.26226807 -6.90894957
257 -511.26287842 -6.90895782
258 -511.26364136 -6.90896813
259 -511.26428223 -6.90897679
260 -511.26257324 -6.90895369
261 -511.26354980 -6.90896689
262 -511.26382446 -6.90897060
263 -511.26525879 -6.90898998
264 -511.26330566 -6.90896359
265 -511.26467896 -6.90898215
266 -511.26522827 -6.90898957
267 -511.26504517 -6.90898710
268 -511.26519775 -6.90898916
269 -511.26586914 -6.90899823
270 -511.26473999 -6.90898297
271 -511.26583862 -6.90899782
272 -511.26486206 -6.90898462
273 -511.26724243 -6.90901679
274 -511.26718140 -6.90901596
275 -511.26742554 -6.90901926
276 -511.26730347 -6.90901761
277 -511.26663208 -6.90900854
278 -511.26605225 -6.90900071
279 -511.26593018 -6.90899906
280 -511.26638794 -6.90900524
281 -511.26766968 -6.90902256
282 -511.26840210 -6.90903246
283 -511.26852417 -6.90903411
284 -511.26895142 -6.90903988
285 -511.26910400 -6.90904195
286 -511.26644897 -6.90900607
287 -511.26757812 -6.90902133
288 -511.26699829 -6.90901349
289 -511.26831055 -6.90903122
290 -511.26828003 -6.90903081
291 -511.26898193 -6.90904030
292 -511.26971436 -6.90905019
293 -511.26837158 -6.90903205
294 -511.27026367 -6.90905762
295 -511.27096558 -6.90906710
296 -511.27133179 -6.90907205
297 -511.27044678 -6.90906009
298 -511.27078247 -6.90906463
299 -511.27157593 -6.90907535
300 -511.27099609 -6.90906751
301 -511.27035522 -6.90905885
302 -511.27038574 -6.90905927
303 -511.26998901 -6.90905391
304 -511.27114868 -6.90906958
305 -511.27084351 -6.90906545
306 -511.27182007 -6.90907865
307 -511.27124023 -6.90907081
308 -511.27169800 -6.90907700
309 -511.27243042 -6.90908690
310 -511.27160645 -6.90907576
311 -511.27114868 -6.90906958
312 -511.26983643 -6.90905184
313 -511.27157593 -6.90907535
314 -511.27145386 -6.90907370
315 -511.26965332 -6.90904937
316 -511.27111816 -6.90906916
317 -511.27099609 -6.90906751
318 -511.27020264 -6.90905679
319 -511.27084351 -6.90906545
320 -511.27090454 -6.90906628
321 -511.27020264 -6.90905679
322 -511.27047729 -6.90906050
323 -511.27142334 -6.90907329
324 -511.27108765 -6.90906875
325 -511.26870728 -6.90903658
326 -511.27093506 -6.90906669
327 -511.27008057 -6.90905514
328 -511.27239990 -6.90908649
329 -511.27139282 -6.90907288
330 -511.27072144 -6.90906380
331 -511.27105713 -6.90906834
332 -511.27139282 -6.90907288
333 -511.27081299 -6.90906504
334 -511.26983643 -6.90905184
335 -511.27130127 -6.90907164
336 -511.27212524 -6.90908277
337 -511.27246094 -6.90908731
338 -511.27264404 -6.90908978
339 -511.27255249 -6.90908855
340 -511.27185059 -6.90907906
341 -511.27169800 -6.90907700
342 -511.27075195 -6.90906422
343 -511.27148438 -6.90907411
344 -511.27056885 -6.90906174
345 -511.27075195 -6.90906422
346 -511.27081299 -6.90906504
347 -511.27096558 -6.90906710
348 -511.27185059 -6.90907906
349 -511.27294922 -6.90909391
350 -511.27313232 -6.90909638
351 -511.27230835 -6.90908525
352 -511.27301025 -6.90909473
353 -511.27310181 -6.90909597
354 -511.27383423 -6.90910587
355 -511.27267456 -6.90909020
356 -511.27288818 -6.90909308
357 -511.27453613 -6.90911535
358 -511.27243042 -6.90908690
359 -511.27493286 -6.90912071
360 -511.27493286 -6.90912071
361 -511.27609253 -6.90913639
362 -511.27511597 -6.90912319
363 -511.27438354 -6.90911329
364 -511.27474976 -6.90911824
365 -511.27651978 -6.90914216
366 -511.27716064 -6.90915082
367 -511.27755737 -6.90915618
368 -511.27563477 -6.90913020
369 -511.27603149 -6.90913556
370 -511.27542114 -6.90912731
371 -511.27615356 -6.90913721
372 -511.27694702 -6.90914793
373 -511.27822876 -6.90916525
374 -511.27676392 -6.90914546
375 -511.27685547 -6.90914670
376 -511.27859497 -6.90917020
377 -511.27822876 -6.90916525
378 -511.27990723 -6.90918794
379 -511.27954102 -6.90918299
380 -511.27847290 -6.90916855
381 -511.27951050 -6.90918257
382 -511.28033447 -6.90919371
383 -511.28140259 -6.90920814
384 -511.28094482 -6.90920196
385 -511.27914429 -6.90917763
386 -511.28009033 -6.90919041
387 -511.28015137 -6.90919123
388 -511.28140259 -6.90920814
389 -511.28054810 -6.90919660
390 -511.28012085 -6.90919082
391 -511.28091431 -6.90920154
392 -511.28048706 -6.90919577
393 -511.27993774 -6.90918835
394 -511.27993774 -6.90918835
395 -511.28140259 -6.90920814
396 -511.28115845 -6.90920484
397 -511.28253174 -6.90922340
398 -511.28079224 -6.90919990
399 -511.28195190 -6.90921557
400 -511.28201294 -6.90921639
401 -511.28018188 -6.90919165
402 -511.28152466 -6.90920979
403 -511.28329468 -6.90923371
404 -511.28131104 -6.90920691
405 -511.28240967 -6.90922175
406 -511.28268433 -6.90922546
407 -511.28427124 -6.90924691
408 -511.28372192 -6.90923949
409 -511.28448486 -6.90924980
410 -511.28393555 -6.90924237
411 -511.28460693 -6.90925145
412 -511.28332520 -6.90923412
413 -511.28430176 -6.90924732
414 -511.28439331 -6.90924856
415 -511.28430176 -6.90924732
416 -511.28384399 -6.90924114
417 -511.28475952 -6.90925351
418 -511.28521729 -6.90925969
419 -511.28430176 -6.90924732
420 -511.28286743 -6.90922794
421 -511.28366089 -6.90923866
422 -511.28326416 -6.90923330
423 -511.28286743 -6.90922794
424 -511.28329468 -6.90923371
425 -511.28286743 -6.90922794
426 -511.28228760 -6.90922010
427 -511.28430176 -6.90924732
428 -511.28497314 -6.90925639
429 -511.28479004 -6.90925392
430 -511.28466797 -6.90925227
431 -511.28530884 -6.90926093
432 -511.28506470 -6.90925763
433 -511.28479004 -6.90925392
434 -511.28436279 -6.90924815
435 -511.28582764 -6.90926794
436 -511.28662109 -6.90927866
437 -511.28598022 -6.90927000
438 -511.28686523 -6.90928196
439 -511.28582764 -6.90926794
440 -511.28445435 -6.90924938
441 -511.28662109 -6.90927866
442 -511.28692627 -6.90928279
443 -511.28695679 -6.90928320
444 -511.28695679 -6.90928320
445 -511.28695679 -6.90928320
446 -511.28533936 -6.90926134
447 -511.28417969 -6.90924567
448 -511.28689575 -6.90928238
449 -511.28713989 -6.90928567
450 -511.28686523 -6.90928196
451 -511.28659058 -6.90927825
452 -511.28631592 -6.90927454
453 -511.28659058 -6.90927825
454 -511.28619385 -6.90927289
455 -511.28741455 -6.90928939
456 -511.28729248 -6.90928774
457 -511.28744507 -6.90928980
458 -511.28817749 -6.90929970
459 -511.28887939 -6.90930918
460 -511.28799438 -6.90929722
461 -511.28823853 -6.90930052
462 -511.28759766 -6.90929186
463 -511.28918457 -6.90931331
464 -511.28826904 -6.90930093
465 -511.28851318 -6.90930423
466 -511.28808594 -6.90929846
467 -511.28732300 -6.90928815
468 -511.28942871 -6.90931660
469 -511.29052734 -6.90933145
470 -511.29107666 -6.90933887
471 -511.28863525 -6.90930588
472 -511.28863525 -6.90930588
473 -511.28936768 -6.90931578
474 -511.28839111 -6.90930258
475 -511.29022217 -6.90932733
476 -511.29040527 -6.90932980
477 -511.28988647 -6.90932279
478 -511.28948975 -6.90931743
479 -511.29016113 -6.90932650
480 -511.29034424 -6.90932898
481 -511.29028320 -6.90932815
482 -511.29064941 -6.90933310
483 -511.29086304 -6.90933599
484 -511.29168701 -6.90934712
485 -511.29058838 -6.90933228
486 -511.29025269 -6.90932774
487 -511.29226685 -6.90935496
488 -511.29028320 -6.90932815
489 -511.29089355 -6.90933640
490 -511.29077148 -6.90933475
491 -511.29037476 -6.90932939
492 -511.29031372 -6.90932856
493 -511.29165649 -6.90934671
494 -511.29040527 -6.90932980
495 -511.29043579 -6.90933021
496 -511.29055786 -6.90933186
497 -511.29058838 -6.90933228
498 -511.29000854 -6.90932444
499 -511.29031372 -6.90932856
500 -511.28912354 -6.90931248
501 -511.29046631 -6.90933063
502 -511.28872681 -6.90930712
503 -511.29043579 -6.90933021
504 -511.28985596 -6.90932238
505 -511.29095459 -6.90933722
506 -511.29141235 -6.90934341
507 -511.29092407 -6.90933681
508 -511.29064941 -6.90933310
509 -511.29092407 -6.90933681
510 -511.29000854 -6.90932444
511 -511.28952026 -6.90931784
512 -511.29046631 -6.90933063
513 -511.29067993 -6.90933351
514 -511.29019165 -6.90932691
515 -511.29037476 -6.90932939
516 -511.29092407 -6.90933681
517 -511.29013062 -6.90932609
518 -511.29064941 -6.90933310
519 -511.29037476 -6.90932939
520 -511.29226685 -6.90935496
521 -511.29138184 -6.90934300
522 -511.29104614 -6.90933846
523 -511.29211426 -6.90935290
524 -511.29165649 -6.90934671
525 -511.29287720 -6.90936321
526 -511.29110718 -6.90933929
527 -511.29092407 -6.90933681
528 -511.29187012 -6.90934960
529 -511.29199219 -6.90935125
530 -511.29214478 -6.90935331
531 -511.29177856 -6.90934836
532 -511.29095459 -6.90933722
533 -511.29153442 -6.90934506
534 -511.29135132 -6.90934259
535 -511.29251099 -6.90935826
536 -511.29165649 -6.90934671
537 -511.29257202 -6.90935908
538 -511.29324341 -6.90936815
539 -511.29302979 -6.90936527
540 -511.29336548 -6.90936980
541 -511.29455566 -6.90938589
542 -511.29257202 -6.90935908
543 -511.29495239 -6.90939125
544 -511.29388428 -6.90937681
545 -511.29595947 -6.90940486
546 -511.29519653 -6.90939455
547 -511.29522705 -6.90939496
548 -511.29547119 -6.90939826
549 -511.29571533 -6.90940156
550 -511.29589844 -6.90940403
551 -511.29666138 -6.90941434
552 -511.29620361 -6.90940816
553 -511.29486084 -6.90939001
554 -511.29638672 -6.90941063
555 -511.29672241 -6.90941517
556 -511.29663086 -6.90941393
557 -511.29730225 -6.90942300
558 -511.29846191 -6.90943867
559 -511.29830933 -6.90943661
560 -511.29821777 -6.90943538
561 -511.29885864 -6.90944404
562 -511.29840088 -6.90943785
563 -511.29949951 -6.90945270
564 -511.29983521 -6.90945723
565 -511.30007935 -6.90946053
566 -511.30053711 -6.90946672
567 -511.30120850 -6.90947579
568 -511.30096436 -6.90947249
569 -511.30184937 -6.90948445
570 -511.30169678 -6.90948239
571 -511.30258179 -6.90949435
572 -511.30169678 -6.90948239
573 -511.30160522 -6.90948115
574 -511.30166626 -6.90948198
575 -511.30081177 -6.90947043
576 -511.29974365 -6.90945600
577 -511.30087280 -6.90947125
578 -511.30130005 -6.90947703
579 -511.30166626 -6.90948198
580 -511.30142212 -6.90947868
581 -511.30160522 -6.90948115
582 -511.30059814 -6.90946754
583 -511.30142212 -6.90947868
584 -511.29983521 -6.90945723
585 -511.29937744 -6.90945105
586 -511.30068970 -6.90946878
587 -511.30172729 -6.90948280
588 -511.30142212 -6.90947868
589 -511.30203247 -6.90948693
590 -511.30099487 -6.90947290
591 -511.30133057 -6.90947744
592 -511.30175781 -6.90948321
593 -511.30184937 -6.90948445
594 -511.30218506 -6.90948899
595 -511.30191040 -6.90948528
596 -511.30001831 -6.90945971
597 -511.29843140 -6.90943826
598 -511.30004883 -6.90946012
599 -511.29943848 -6.90945187
600 -511.29959106 -6.90945393
601 -511.30017090 -6.90946177
602 -511.29943848 -6.90945187
603 -511.29907227 -6.90944692
604 -511.30041504 -6.90946507
605 -511.30007935 -6.90946053
606 -511.30123901 -6.90947620
607 -511.30017090 -6.90946177
