0 -713.88360596 -6.37396077
1 -713.91650391 -6.37425450
2 -713.93945312 -6.37445940
3 -713.95489502 -6.37459728
4 -713.96740723 -6.37470899
5 -713.97656250 -6.37479074
6 -713.98474121 -6.37486376
7 -713.99145508 -6.37492371
8 -713.99670410 -6.37497057
9 -714.00134277 -6.37501199
10 -714.00604248 -6.37505395
11 -714.00952148 -6.37508501
12 -714.01263428 -6.37511281
13 -714.01568604 -6.37514005
14 -714.01763916 -6.37515749
15 -714.02014160 -6.37517984
16 -714.02246094 -6.37520054
17 -714.02484131 -6.37522180
