0 -422.32720947 -7.03878682
1 -422.33050537 -7.03884176
2 -422.33181763 -7.03886363
3 -422.33340454 -7.03889008
4 -422.33444214 -7.03890737
5 -422.33547974 -7.03892466
6 -422.33700562 -7.03895009
7 -422.33731079 -7.03895518
8 -422.33752441 -7.03895874
9 -422.33795166 -7.03896586
10 -422.33831787 -7.03897196
11 -422.33886719 -7.03898112
12 -422.33947754 -7.03899129
13 -422.33966064 -7.03899434
14 -422.34002686 -7.03900045
15 -422.34069824 -7.03901164
16 -422.34039307 -7.03900655
17 -422.34011841 -7.03900197
18 -422.34069824 -7.03901164
19 -422.34118652 -7.03901978
20 -422.34106445 -7.03901774
21 -422.34060669 -7.03901011
22 -422.34118652 -7.03901978
23 -422.34097290 -7.03901622
24 -422.34072876 -7.03901215
25 -422.34051514 -7.03900859
26 -422.34069824 -7.03901164
27 -422.34155273 -7.03902588
28 -422.34173584 -7.03902893
29 -422.34194946 -7.03903249
30 -422.34170532 -7.03902842
31 -422.34191895 -7.03903198
32 -422.34243774 -7.03904063
33 -422.34222412 -7.03903707
34 -422.34225464 -7.03903758
35 -422.34213257 -7.03903554
36 -422.34246826 -7.03904114
37 -422.34249878 -7.03904165
38 -422.34268188 -7.03904470
39 -422.34262085 -7.03904368
40 -422.34262085 -7.03904368
41 -422.34298706 -7.03904978
42 -422.34252930 -7.03904215
43 -422.34375000 -7.03906250
44 -422.34317017 -7.03905284
45 -422.34335327 -7.03905589
46 -422.34329224 -7.03905487
47 -422.34353638 -7.03905894
48 -422.34310913 -7.03905182
49 -422.34365845 -7.03906097
50 -422.34338379 -7.03905640
51 -422.34359741 -7.03905996
52 -422.34323120 -7.03905385
53 -422.34375000 -7.03906250
54 -422.34353638 -7.03905894
55 -422.34338379 -7.03905640
56 -422.34317017 -7.03905284
57 -422.34313965 -7.03905233
58 -422.34371948 -7.03906199
59 -422.34341431 -7.03905691
60 -422.34332275 -7.03905538
61 -422.34307861 -7.03905131
62 -422.34365845 -7.03906097
63 -422.34384155 -7.03906403
64 -422.34350586 -7.03905843
65 -422.34341431 -7.03905691
66 -422.34375000 -7.03906250
67 -422.34417725 -7.03906962
68 -422.34414673 -7.03906911
69 -422.34478760 -7.03907979
70 -422.34454346 -7.03907572
71 -422.34472656 -7.03907878
72 -422.34436035 -7.03907267
73 -422.34463501 -7.03907725
74 -422.34442139 -7.03907369
75 -422.34436035 -7.03907267
76 -422.34460449 -7.03907674
77 -422.34414673 -7.03906911
78 -422.34457397 -7.03907623
79 -422.34426880 -7.03907115
80 -422.34442139 -7.03907369
81 -422.34432983 -7.03907216
82 -422.34500122 -7.03908335
83 -422.34460449 -7.03907674
84 -422.34484863 -7.03908081
85 -422.34436035 -7.03907267
86 -422.34429932 -7.03907166
87 -422.34442139 -7.03907369
88 -422.34414673 -7.03906911
89 -422.34478760 -7.03907979
90 -422.34460449 -7.03907674
91 -422.34497070 -7.03908285
92 -422.34417725 -7.03906962
93 -422.34451294 -7.03907522
94 -422.34457397 -7.03907623
95 -422.34390259 -7.03906504
96 -422.34484863 -7.03908081
97 -422.34472656 -7.03907878
98 -422.34506226 -7.03908437
99 -422.34481812 -7.03908030
100 -422.34469604 -7.03907827
101 -422.34469604 -7.03907827
102 -422.34509277 -7.03908488
103 -422.34442139 -7.03907369
104 -422.34341431 -7.03905691
105 -422.34399414 -7.03906657
106 -422.34417725 -7.03906962
107 -422.34396362 -7.03906606
108 -422.34420776 -7.03907013
109 -422.34423828 -7.03907064
110 -422.34393311 -7.03906555
111 -422.34439087 -7.03907318
112 -422.34399414 -7.03906657
113 -422.34387207 -7.03906453
114 -422.34329224 -7.03905487
115 -422.34329224 -7.03905487
116 -422.34298706 -7.03904978
117 -422.34265137 -7.03904419
118 -422.34237671 -7.03903961
119 -422.34289551 -7.03904826
120 -422.34304810 -7.03905080
121 -422.34222412 -7.03903707
122 -422.34255981 -7.03904266
123 -422.34252930 -7.03904215
124 -422.34274292 -7.03904572
125 -422.34268188 -7.03904470
126 -422.34249878 -7.03904165
127 -422.34176636 -7.03902944
128 -422.34133911 -7.03902232
129 -422.34149170 -7.03902486
130 -422.34161377 -7.03902690
131 -422.34082031 -7.03901367
132 -422.34069824 -7.03901164
133 -422.34082031 -7.03901367
134 -422.34094238 -7.03901571
135 -422.34109497 -7.03901825
136 -422.34085083 -7.03901418
137 -422.34057617 -7.03900960
138 -422.34112549 -7.03901876
139 -422.34112549 -7.03901876
140 -422.34106445 -7.03901774
141 -422.34097290 -7.03901622
142 -422.34109497 -7.03901825
143 -422.34140015 -7.03902334
144 -422.34051514 -7.03900859
145 -422.34197998 -7.03903300
146 -422.34185791 -7.03903097
147 -422.34140015 -7.03902334
148 -422.34100342 -7.03901672
149 -422.34158325 -7.03902639
150 -422.34106445 -7.03901774
151 -422.34130859 -7.03902181
152 -422.34149170 -7.03902486
153 -422.34121704 -7.03902028
154 -422.34167480 -7.03902791
155 -422.34234619 -7.03903910
156 -422.34249878 -7.03904165
157 -422.34201050 -7.03903351
158 -422.34185791 -7.03903097
159 -422.34191895 -7.03903198
160 -422.34167480 -7.03902791
161 -422.34170532 -7.03902842
162 -422.34136963 -7.03902283
163 -422.34143066 -7.03902384
164 -422.34115601 -7.03901927
165 -422.34182739 -7.03903046
166 -422.34100342 -7.03901672
167 -422.34082031 -7.03901367
168 -422.34042358 -7.03900706
169 -422.34054565 -7.03900909
170 -422.34072876 -7.03901215
171 -422.34075928 -7.03901265
172 -422.34082031 -7.03901367
173 -422.34121704 -7.03902028
174 -422.34143066 -7.03902384
175 -422.34100342 -7.03901672
176 -422.34158325 -7.03902639
177 -422.34182739 -7.03903046
178 -422.34133911 -7.03902232
179 -422.34143066 -7.03902384
180 -422.34112549 -7.03901876
181 -422.34136963 -7.03902283
182 -422.34194946 -7.03903249
183 -422.34167480 -7.03902791
184 -422.34133911 -7.03902232
185 -422.34152222 -7.03902537
186 -422.34170532 -7.03902842
187 -422.34124756 -7.03902079
188 -422.34170532 -7.03902842
189 -422.34164429 -7.03902740
190 -422.34140015 -7.03902334
191 -422.34191895 -7.03903198
192 -422.34197998 -7.03903300
193 -422.34136963 -7.03902283
194 -422.34219360 -7.03903656
195 -422.34133911 -7.03902232
196 -422.34121704 -7.03902028
197 -422.34069824 -7.03901164
198 -422.34078979 -7.03901316
199 -422.34078979 -7.03901316
200 -422.34155273 -7.03902588
201 -422.34094238 -7.03901571
202 -422.34045410 -7.03900757
203 -422.34039307 -7.03900655
204 -422.34020996 -7.03900350
205 -422.34109497 -7.03901825
206 -422.34054565 -7.03900909
207 -422.34091187 -7.03901520
208 -422.34097290 -7.03901622
209 -422.34115601 -7.03901927
210 -422.34066772 -7.03901113
211 -422.34115601 -7.03901927
212 -422.34051514 -7.03900859
213 -422.34094238 -7.03901571
214 -422.34088135 -7.03901469
215 -422.34054565 -7.03900909
216 -422.34106445 -7.03901774
217 -422.34133911 -7.03902232
218 -422.34118652 -7.03901978
219 -422.34042358 -7.03900706
220 -422.34091187 -7.03901520
221 -422.34091187 -7.03901520
222 -422.34130859 -7.03902181
223 -422.34136963 -7.03902283
224 -422.34158325 -7.03902639
225 -422.34155273 -7.03902588
226 -422.34158325 -7.03902639
227 -422.34149170 -7.03902486
228 -422.34146118 -7.03902435
229 -422.34179688 -7.03902995
230 -422.34191895 -7.03903198
231 -422.34164429 -7.03902740
232 -422.34133911 -7.03902232
233 -422.34069824 -7.03901164
234 -422.34121704 -7.03902028
235 -422.34146118 -7.03902435
236 -422.34158325 -7.03902639
237 -422.34182739 -7.03903046
238 -422.34225464 -7.03903758
239 -422.34176636 -7.03902944
240 -422.34210205 -7.03903503
241 -422.34191895 -7.03903198
242 -422.34249878 -7.03904165
243 -422.34210205 -7.03903503
244 -422.34109497 -7.03901825
245 -422.34115601 -7.03901927
246 -422.34115601 -7.03901927
247 -422.34140015 -7.03902334
248 -422.34072876 -7.03901215
249 -422.34106445 -7.03901774
250 -422.34121704 -7.03902028
251 -422.34103394 -7.03901723
252 -422.34179688 -7.03902995
253 -422.34167480 -7.03902791
254 -422.34164429 -7.03902740
255 -422.34176636 -7.03902944
256 -422.34155273 -7.03902588
257 -422.34097290 -7.03901622
258 -422.34103394 -7.03901723
259 -422.34121704 -7.03902028
260 -422.34103394 -7.03901723
261 -422.34063721 -7.03901062
262 -422.34066772 -7.03901113
263 -422.34121704 -7.03902028
264 -422.34097290 -7.03901622
265 -422.34051514 -7.03900859
266 -422.34115601 -7.03901927
267 -422.34063721 -7.03901062
268 -422.33999634 -7.03899994
269 -422.34069824 -7.03901164
270 -422.34039307 -7.03900655
271 -422.34020996 -7.03900350
272 -422.33993530 -7.03899892
273 -422.34033203 -7.03900553
274 -422.34039307 -7.03900655
275 -422.33978271 -7.03899638
276 -422.33975220 -7.03899587
277 -422.34036255 -7.03900604
278 -422.33987427 -7.03899790
279 -422.33953857 -7.03899231
280 -422.33947754 -7.03899129
281 -422.33987427 -7.03899790
282 -422.33990479 -7.03899841
283 -422.33975220 -7.03899587
284 -422.33929443 -7.03898824
285 -422.33978271 -7.03899638
286 -422.33944702 -7.03899078
287 -422.34014893 -7.03900248
288 -422.34020996 -7.03900350
289 -422.34066772 -7.03901113
290 -422.33996582 -7.03899943
291 -422.33944702 -7.03899078
292 -422.33889771 -7.03898163
293 -422.33850098 -7.03897502
294 -422.33877563 -7.03897959
295 -422.33804321 -7.03896739
296 -422.33731079 -7.03895518
297 -422.33749390 -7.03895823
298 -422.33837891 -7.03897298
299 -422.33850098 -7.03897502
300 -422.33874512 -7.03897909
301 -422.33843994 -7.03897400
302 -422.33895874 -7.03898265
303 -422.33877563 -7.03897959
304 -422.33905029 -7.03898417
305 -422.33941650 -7.03899028
306 -422.33807373 -7.03896790
307 -422.33923340 -7.03898722
308 -422.33920288 -7.03898671
309 -422.33911133 -7.03898519
310 -422.33914185 -7.03898570
311 -422.33889771 -7.03898163
312 -422.33932495 -7.03898875
313 -422.33883667 -7.03898061
314 -422.33883667 -7.03898061
315 -422.33950806 -7.03899180
316 -422.33908081 -7.03898468
317 -422.33889771 -7.03898163
318 -422.33911133 -7.03898519
319 -422.33898926 -7.03898315
320 -422.33865356 -7.03897756
321 -422.33840942 -7.03897349
322 -422.33871460 -7.03897858
323 -422.33935547 -7.03898926
324 -422.33850098 -7.03897502
325 -422.33917236 -7.03898621
326 -422.33920288 -7.03898671
327 -422.33917236 -7.03898621
328 -422.33901978 -7.03898366
329 -422.33914185 -7.03898570
330 -422.33871460 -7.03897858
331 -422.33908081 -7.03898468
332 -422.33920288 -7.03898671
333 -422.33972168 -7.03899536
334 -422.33975220 -7.03899587
335 -422.33926392 -7.03898773
336 -422.34002686 -7.03900045
337 -422.33969116 -7.03899485
338 -422.33978271 -7.03899638
339 -422.33959961 -7.03899333
340 -422.33978271 -7.03899638
341 -422.33956909 -7.03899282
342 -422.33917236 -7.03898621
343 -422.33889771 -7.03898163
344 -422.33914185 -7.03898570
345 -422.33911133 -7.03898519
346 -422.33883667 -7.03898061
347 -422.33911133 -7.03898519
348 -422.33908081 -7.03898468
349 -422.33908081 -7.03898468
350 -422.33963013 -7.03899384
351 -422.33978271 -7.03899638
352 -422.33984375 -7.03899740
353 -422.33999634 -7.03899994
354 -422.34017944 -7.03900299
355 -422.33953857 -7.03899231
356 -422.33886719 -7.03898112
357 -422.33905029 -7.03898417
358 -422.33953857 -7.03899231
359 -422.33935547 -7.03898926
360 -422.33886719 -7.03898112
361 -422.33807373 -7.03896790
362 -422.33816528 -7.03896942
363 -422.33859253 -7.03897654
364 -422.33789062 -7.03896484
365 -422.33752441 -7.03895874
366 -422.33761597 -7.03896027
367 -422.33697510 -7.03894958
368 -422.33773804 -7.03896230
369 -422.33804321 -7.03896739
370 -422.33810425 -7.03896840
371 -422.33819580 -7.03896993
372 -422.33752441 -7.03895874
373 -422.33731079 -7.03895518
374 -422.33673096 -7.03894552
375 -422.33731079 -7.03895518
376 -422.33721924 -7.03895365
377 -422.33782959 -7.03896383
378 -422.33728027 -7.03895467
379 -422.33764648 -7.03896077
380 -422.33767700 -7.03896128
381 -422.33688354 -7.03894806
382 -422.33755493 -7.03895925
383 -422.33749390 -7.03895823
384 -422.33737183 -7.03895620
385 -422.33718872 -7.03895315
386 -422.33691406 -7.03894857
387 -422.33697510 -7.03894958
388 -422.33712769 -7.03895213
389 -422.33703613 -7.03895060
390 -422.33663940 -7.03894399
391 -422.33612061 -7.03893534
392 -422.33639526 -7.03893992
393 -422.33654785 -7.03894246
394 -422.33621216 -7.03893687
395 -422.33670044 -7.03894501
396 -422.33615112 -7.03893585
397 -422.33645630 -7.03894094
398 -422.33639526 -7.03893992
399 -422.33547974 -7.03892466
400 -422.33593750 -7.03893229
401 -422.33541870 -7.03892365
402 -422.33544922 -7.03892415
403 -422.33569336 -7.03892822
404 -422.33523560 -7.03892059
405 -422.33468628 -7.03891144
406 -422.33496094 -7.03891602
407 -422.33587646 -7.03893127
408 -422.33544922 -7.03892415
409 -422.33584595 -7.03893077
410 -422.33563232 -7.03892721
411 -422.33575439 -7.03892924
412 -422.33593750 -7.03893229
413 -422.33572388 -7.03892873
414 -422.33612061 -7.03893534
415 -422.33615112 -7.03893585
416 -422.33581543 -7.03893026
417 -422.33660889 -7.03894348
418 -422.33694458 -7.03894908
419 -422.33666992 -7.03894450
420 -422.33633423 -7.03893890
421 -422.33609009 -7.03893483
422 -422.33575439 -7.03892924
423 -422.33599854 -7.03893331
424 -422.33554077 -7.03892568
425 -422.33560181 -7.03892670
426 -422.33563232 -7.03892721
427 -422.33624268 -7.03893738
428 -422.33615112 -7.03893585
429 -422.33572388 -7.03892873
430 -422.33538818 -7.03892314
431 -422.33523560 -7.03892059
432 -422.33541870 -7.03892365
433 -422.33581543 -7.03893026
434 -422.33566284 -7.03892771
435 -422.33560181 -7.03892670
436 -422.33560181 -7.03892670
437 -422.33605957 -7.03893433
438 -422.33636475 -7.03893941
439 -422.33575439 -7.03892924
440 -422.33618164 -7.03893636
441 -422.33596802 -7.03893280
442 -422.33590698 -7.03893178
443 -422.33609009 -7.03893483
444 -422.33609009 -7.03893483
445 -422.33660889 -7.03894348
446 -422.33651733 -7.03894196
447 -422.33566284 -7.03892771
448 -422.33541870 -7.03892365
449 -422.33575439 -7.03892924
450 -422.33633423 -7.03893890
451 -422.33563232 -7.03892721
452 -422.33557129 -7.03892619
453 -422.33575439 -7.03892924
454 -422.33557129 -7.03892619
455 -422.33596802 -7.03893280
456 -422.33529663 -7.03892161
457 -422.33633423 -7.03893890
458 -422.33566284 -7.03892771
459 -422.33535767 -7.03892263
460 -422.33541870 -7.03892365
461 -422.33560181 -7.03892670
462 -422.33493042 -7.03891551
463 -422.33535767 -7.03892263
464 -422.33502197 -7.03891703
465 -422.33551025 -7.03892517
466 -422.33489990 -7.03891500
467 -422.33526611 -7.03892110
468 -422.33444214 -7.03890737
469 -422.33480835 -7.03891347
470 -422.33532715 -7.03892212
471 -422.33462524 -7.03891042
472 -422.33496094 -7.03891602
473 -422.33450317 -7.03890839
474 -422.33511353 -7.03891856
475 -422.33465576 -7.03891093
476 -422.33590698 -7.03893178
477 -422.33517456 -7.03891958
478 -422.33541870 -7.03892365
479 -422.33520508 -7.03892008
480 -422.33523560 -7.03892059
481 -422.33578491 -7.03892975
482 -422.33538818 -7.03892314
483 -422.33511353 -7.03891856
484 -422.33547974 -7.03892466
485 -422.33566284 -7.03892771
486 -422.33551025 -7.03892517
487 -422.33532715 -7.03892212
488 -422.33505249 -7.03891754
489 -422.33511353 -7.03891856
490 -422.33572388 -7.03892873
491 -422.33508301 -7.03891805
492 -422.33523560 -7.03892059
493 -422.33532715 -7.03892212
494 -422.33584595 -7.03893077
495 -422.33554077 -7.03892568
496 -422.33483887 -7.03891398
497 -422.33541870 -7.03892365
498 -422.33517456 -7.03891958
499 -422.33505249 -7.03891754
500 -422.33636475 -7.03893941
501 -422.33612061 -7.03893534
502 -422.33618164 -7.03893636
503 -422.33630371 -7.03893840
504 -422.33654785 -7.03894246
505 -422.33642578 -7.03894043
506 -422.33605957 -7.03893433
507 -422.33642578 -7.03894043
508 -422.33615112 -7.03893585
509 -422.33636475 -7.03893941
510 -422.33651733 -7.03894196
511 -422.33621216 -7.03893687
512 -422.33642578 -7.03894043
513 -422.33651733 -7.03894196
514 -422.33670044 -7.03894501
515 -422.33645630 -7.03894094
516 -422.33670044 -7.03894501
517 -422.33651733 -7.03894196
518 -422.33648682 -7.03894145
519 -422.33609009 -7.03893483
520 -422.33642578 -7.03894043
521 -422.33666992 -7.03894450
522 -422.33639526 -7.03893992
523 -422.33670044 -7.03894501
524 -422.33627319 -7.03893789
525 -422.33642578 -7.03894043
526 -422.33636475 -7.03893941
527 -422.33673096 -7.03894552
528 -422.33666992 -7.03894450
529 -422.33651733 -7.03894196
530 -422.33663940 -7.03894399
531 -422.33670044 -7.03894501
532 -422.33721924 -7.03895365
533 -422.33712769 -7.03895213
534 -422.33721924 -7.03895365
535 -422.33697510 -7.03894958
536 -422.33740234 -7.03895671
537 -422.33746338 -7.03895772
538 -422.33761597 -7.03896027
539 -422.33743286 -7.03895721
540 -422.33685303 -7.03894755
541 -422.33654785 -7.03894246
542 -422.33706665 -7.03895111
543 -422.33679199 -7.03894653
544 -422.33700562 -7.03895009
545 -422.33657837 -7.03894297
546 -422.33612061 -7.03893534
547 -422.33673096 -7.03894552
548 -422.33651733 -7.03894196
549 -422.33645630 -7.03894094
550 -422.33612061 -7.03893534
551 -422.33535767 -7.03892263
552 -422.33609009 -7.03893483
553 -422.33682251 -7.03894704
554 -422.33651733 -7.03894196
555 -422.33596802 -7.03893280
556 -422.33547974 -7.03892466
557 -422.33535767 -7.03892263
558 -422.33572388 -7.03892873
559 -422.33532715 -7.03892212
560 -422.33581543 -7.03893026
561 -422.33599854 -7.03893331
562 -422.33557129 -7.03892619
563 -422.33593750 -7.03893229
564 -422.33572388 -7.03892873
565 -422.33572388 -7.03892873
566 -422.33575439 -7.03892924
567 -422.33514404 -7.03891907
568 -422.33529663 -7.03892161
569 -422.33514404 -7.03891907
570 -422.33489990 -7.03891500
571 -422.33428955 -7.03890483
572 -422.33483887 -7.03891398
573 -422.33486938 -7.03891449
574 -422.33511353 -7.03891856
575 -422.33493042 -7.03891551
576 -422.33538818 -7.03892314
577 -422.33493042 -7.03891551
578 -422.33489990 -7.03891500
579 -422.33502197 -7.03891703
580 -422.33493042 -7.03891551
581 -422.33496094 -7.03891602
582 -422.33477783 -7.03891296
583 -422.33483887 -7.03891398
584 -422.33468628 -7.03891144
585 -422.33416748 -7.03890279
586 -422.33450317 -7.03890839
587 -422.33413696 -7.03890228
588 -422.33471680 -7.03891195
589 -422.33435059 -7.03890584
590 -422.33438110 -7.03890635
591 -422.33413696 -7.03890228
592 -422.33489990 -7.03891500
593 -422.33465576 -7.03891093
594 -422.33438110 -7.03890635
595 -422.33435059 -7.03890584
596 -422.33435059 -7.03890584
597 -422.33416748 -7.03890279
598 -422.33386230 -7.03889771
599 -422.33438110 -7.03890635
600 -422.33407593 -7.03890127
601 -422.33428955 -7.03890483
602 -422.33358765 -7.03889313
603 -422.33413696 -7.03890228
604 -422.33325195 -7.03888753
605 -422.33355713 -7.03889262
606 -422.33383179 -7.03889720
607 -422.33435059 -7.03890584
608 -422.33355713 -7.03889262
609 -422.33370972 -7.03889516
610 -422.33377075 -7.03889618
611 -422.33352661 -7.03889211
612 -422.33355713 -7.03889262
613 -422.33374023 -7.03889567
614 -422.33389282 -7.03889821
615 -422.33389282 -7.03889821
616 -422.33367920 -7.03889465
617 -422.33322144 -7.03888702
618 -422.33325195 -7.03888753
619 -422.33312988 -7.03888550
620 -422.33221436 -7.03887024
621 -422.33294678 -7.03888245
622 -422.33316040 -7.03888601
623 -422.33288574 -7.03888143
624 -422.33282471 -7.03888041
625 -422.33309937 -7.03888499
626 -422.33212280 -7.03886871
627 -422.33245850 -7.03887431
628 -422.33264160 -7.03887736
629 -422.33300781 -7.03888346
630 -422.33233643 -7.03887227
631 -422.33193970 -7.03886566
632 -422.33178711 -7.03886312
633 -422.33157349 -7.03885956
634 -422.33172607 -7.03886210
635 -422.33154297 -7.03885905
636 -422.33123779 -7.03885396
637 -422.33078003 -7.03884633
638 -422.32998657 -7.03883311
639 -422.32980347 -7.03883006
640 -422.33065796 -7.03884430
641 -422.32995605 -7.03883260
642 -422.32974243 -7.03882904
643 -422.33020020 -7.03883667
644 -422.33041382 -7.03884023
645 -422.32995605 -7.03883260
646 -422.32962036 -7.03882701
647 -422.32904053 -7.03881734
648 -422.32876587 -7.03881276
649 -422.32958984 -7.03882650
650 -422.32922363 -7.03882039
651 -422.32910156 -7.03881836
652 -422.32882690 -7.03881378
653 -422.32849121 -7.03880819
654 -422.32803345 -7.03880056
655 -422.32821655 -7.03880361
656 -422.32843018 -7.03880717
657 -422.32806396 -7.03880107
658 -422.32775879 -7.03879598
659 -422.32809448 -7.03880157
660 -422.32763672 -7.03879395
661 -422.32727051 -7.03878784
662 -422.32723999 -7.03878733
663 -422.32678223 -7.03877970
664 -422.32678223 -7.03877970
665 -422.32708740 -7.03878479
666 -422.32705688 -7.03878428
667 -422.32662964 -7.03877716
668 -422.32614136 -7.03876902
669 -422.32617188 -7.03876953
670 -422.32641602 -7.03877360
671 -422.32604980 -7.03876750
672 -422.32571411 -7.03876190
673 -422.32571411 -7.03876190
674 -422.32632446 -7.03877207
675 -422.32595825 -7.03876597
676 -422.32546997 -7.03875783
677 -422.32522583 -7.03875376
678 -422.32522583 -7.03875376
679 -422.32562256 -7.03876038
680 -422.32565308 -7.03876088
681 -422.32620239 -7.03877004
682 -422.32510376 -7.03875173
683 -422.32647705 -7.03877462
684 -422.32641602 -7.03877360
685 -422.32562256 -7.03876038
686 -422.32513428 -7.03875224
687 -422.32534790 -7.03875580
688 -422.32583618 -7.03876394
689 -422.32595825 -7.03876597
690 -422.32546997 -7.03875783
691 -422.32516479 -7.03875275
692 -422.32540894 -7.03875682
693 -422.32559204 -7.03875987
694 -422.32513428 -7.03875224
695 -422.32495117 -7.03874919
696 -422.32516479 -7.03875275
697 -422.32415771 -7.03873596
698 -422.32373047 -7.03872884
699 -422.32379150 -7.03872986
700 -422.32394409 -7.03873240
701 -422.32412720 -7.03873545
702 -422.32412720 -7.03873545
703 -422.32385254 -7.03873088
704 -422.32394409 -7.03873240
705 -422.32333374 -7.03872223
706 -422.32321167 -7.03872019
707 -422.32299805 -7.03871663
708 -422.32315063 -7.03871918
709 -422.32266235 -7.03871104
710 -422.32315063 -7.03871918
711 -422.32293701 -7.03871562
712 -422.32302856 -7.03871714
713 -422.32305908 -7.03871765
714 -422.32287598 -7.03871460
715 -422.32266235 -7.03871104
716 -422.32220459 -7.03870341
717 -422.32186890 -7.03869781
718 -422.32232666 -7.03870544
719 -422.32290649 -7.03871511
720 -422.32223511 -7.03870392
721 -422.32241821 -7.03870697
722 -422.32260132 -7.03871002
723 -422.32269287 -7.03871155
724 -422.32266235 -7.03871104
