0 -459.77673340 -6.56823905
1 -454.19543457 -6.48850621
2 -451.77908325 -6.45398690
3 -449.20654297 -6.41723633
4 -445.90374756 -6.37005354
5 -445.16879272 -6.35955418
6 -441.46493530 -6.30664193
7 -440.16693115 -6.28809902
8 -436.05874634 -6.22941066
9 -432.65695190 -6.18081360
10 -431.66912842 -6.16670183
11 -430.71316528 -6.15304522
12 -426.36157227 -6.09087960
13 -421.79330444 -6.02561863
14 -417.36309814 -5.96232997
15 -414.46850586 -5.92097866
16 -412.84765625 -5.89782366
17 -411.11206055 -5.87302944
18 -409.17092896 -5.84529899
19 -403.42791748 -5.76325596
20 -405.99847412 -5.79997820
21 -407.19598389 -5.81708548
22 -407.02655029 -5.81466500
23 -403.63073730 -5.76615339
24 -403.97271729 -5.77103882
25 -403.09701538 -5.75852879
26 -403.76483154 -5.76806902
27 -403.69848633 -5.76712123
28 -402.80255127 -5.75432216
29 -406.94573975 -5.81351057
30 -407.02328491 -5.81461836
31 -403.78662109 -5.76838030
32 -405.48962402 -5.79270891
33 -400.43222046 -5.72046029
34 -398.54565430 -5.69350935
35 -398.33868408 -5.69055263
36 -396.74664307 -5.66780919
37 -393.86218262 -5.62660261
38 -394.14340210 -5.63062003
39 -391.78515625 -5.59693080
40 -387.96722412 -5.54238892
41 -381.68118286 -5.45258833
42 -378.01779175 -5.40025417
