0 -607.36083984 -6.74845378
1 -607.34771729 -6.74830797
2 -607.33331299 -6.74814792
3 -607.31298828 -6.74792209
4 -607.29003906 -6.74766710
5 -607.27380371 -6.74748671
6 -607.24560547 -6.74717339
7 -607.21893311 -6.74687703
8 -607.19744873 -6.74663832
9 -607.15881348 -6.74620904
10 -607.13562012 -6.74595133
11 -607.10351562 -6.74559462
12 -607.05969238 -6.74510769
13 -607.00372314 -6.74448581
14 -606.93634033 -6.74373711
15 -606.85388184 -6.74282091
16 -606.84252930 -6.74269477
17 -606.79406738 -6.74215630
18 -606.71496582 -6.74127740
19 -606.70141602 -6.74112684
20 -606.65454102 -6.74060601
21 -606.60675049 -6.74007501
22 -606.51806641 -6.73908963
23 -606.46685791 -6.73852064
24 -606.39593506 -6.73773261
25 -606.37719727 -6.73752441
26 -606.30810547 -6.73675673
27 -606.23138428 -6.73590427
28 -606.13928223 -6.73488091
29 -606.05004883 -6.73388943
30 -605.99426270 -6.73326959
31 -605.91229248 -6.73235881
32 -605.81982422 -6.73133138
33 -605.75775146 -6.73064168
34 -605.65588379 -6.72950982
35 -605.62292480 -6.72914361
36 -605.51885986 -6.72798733
37 -605.42114258 -6.72690158
38 -605.28350830 -6.72537231
39 -605.17248535 -6.72413873
40 -605.03027344 -6.72255859
41 -604.89025879 -6.72100288
42 -604.81237793 -6.72013753
43 -604.70825195 -6.71898058
44 -604.62573242 -6.71806369
45 -604.49493408 -6.71661038
46 -604.33801270 -6.71486681
47 -604.25323486 -6.71392483
48 -604.12927246 -6.71254747
49 -603.99914551 -6.71110162
50 -603.85168457 -6.70946316
51 -603.72772217 -6.70808580
52 -603.57568359 -6.70639648
53 -603.42175293 -6.70468614
54 -603.35180664 -6.70390896
55 -603.25170898 -6.70279677
56 -603.11730957 -6.70130344
57 -603.05926514 -6.70065850
58 -602.92517090 -6.69916857
59 -602.75219727 -6.69724664
60 -602.60485840 -6.69560954
61 -602.44750977 -6.69386122
62 -602.21752930 -6.69130588
63 -602.09460449 -6.68994005
64 -601.98248291 -6.68869425
65 -601.74145508 -6.68601617
66 -601.57232666 -6.68413696
67 -601.43603516 -6.68262261
68 -601.29498291 -6.68105537
69 -601.11828613 -6.67909207
70 -600.84924316 -6.67610270
71 -600.63427734 -6.67371419
72 -600.43273926 -6.67147488
73 -600.17590332 -6.66862115
74 -599.93872070 -6.66598579
75 -599.75622559 -6.66395806
76 -599.58813477 -6.66209039
77 -599.29699707 -6.65885552
78 -599.09375000 -6.65659722
79 -598.85583496 -6.65395372
80 -598.52880859 -6.65032010
81 -598.28594971 -6.64762166
82 -598.07873535 -6.64531928
83 -597.92181396 -6.64357571
84 -597.74401855 -6.64160021
85 -597.51757812 -6.63908420
86 -597.30798340 -6.63675537
87 -597.17517090 -6.63527968
88 -597.05017090 -6.63389079
89 -596.78601074 -6.63095567
90 -596.57666016 -6.62862956
91 -596.22998047 -6.62477756
92 -596.04547119 -6.62272746
93 -595.74145508 -6.61934950
94 -595.46990967 -6.61633233
95 -595.22082520 -6.61356472
96 -594.84375000 -6.60937500
97 -594.57098389 -6.60634427
98 -594.27014160 -6.60300157
99 -593.96997070 -6.59966634
100 -593.50720215 -6.59452447
101 -593.20379639 -6.59115329
102 -592.89044189 -6.58767158
103 -592.56811523 -6.58409017
104 -592.18994141 -6.57988824
105 -591.85144043 -6.57612712
106 -591.58056641 -6.57311740
107 -591.31616211 -6.57017958
108 -590.92626953 -6.56584744
109 -590.54400635 -6.56160007
110 -590.17156982 -6.55746189
111 -589.77819824 -6.55309109
112 -589.58789062 -6.55097656
113 -589.43408203 -6.54926758
114 -589.14129639 -6.54601440
115 -588.74926758 -6.54165853
116 -588.31866455 -6.53687405
117 -587.93475342 -6.53260837
118 -587.48986816 -6.52766520
119 -587.09991455 -6.52333238
120 -586.74053955 -6.51933933
121 -586.53137207 -6.51701525
122 -586.13006592 -6.51255629
123 -585.63800049 -6.50708889
124 -585.21405029 -6.50237834
125 -584.78210449 -6.49757894
126 -584.42810059 -6.49364556
127 -583.86968994 -6.48744100
128 -583.34979248 -6.48166436
129 -583.00708008 -6.47785645
130 -582.56848145 -6.47298313
131 -582.18603516 -6.46873372
132 -581.58129883 -6.46201443
133 -581.31896973 -6.45909966
134 -580.80322266 -6.45336914
135 -580.46960449 -6.44966227
136 -580.17474365 -6.44638604
137 -579.78076172 -6.44200846
138 -579.53466797 -6.43927409
139 -579.00549316 -6.43339437
140 -578.75335693 -6.43059285
141 -577.99536133 -6.42217068
142 -577.31323242 -6.41459147
143 -576.75842285 -6.40842692
144 -576.20507812 -6.40227865
145 -575.51831055 -6.39464789
146 -575.03051758 -6.38922797
147 -574.63220215 -6.38480225
148 -574.02575684 -6.37806396
149 -573.30261230 -6.37002903
150 -572.99267578 -6.36658529
151 -572.51586914 -6.36128743
152 -571.97155762 -6.35523953
153 -571.35345459 -6.34837172
154 -570.54797363 -6.33942193
155 -569.77563477 -6.33084039
156 -569.18627930 -6.32429199
157 -568.67144775 -6.31857164
158 -568.13061523 -6.31256239
159 -567.69738770 -6.30774875
160 -567.04968262 -6.30055203
161 -566.45404053 -6.29393378
162 -565.94744873 -6.28830499
163 -565.45745850 -6.28286065
164 -564.82800293 -6.27586670
165 -564.21008301 -6.26900092
166 -563.70648193 -6.26340535
167 -563.03637695 -6.25595974
168 -562.22741699 -6.24697130
169 -561.53369141 -6.23926324
170 -560.98413086 -6.23315701
171 -560.30810547 -6.22564562
172 -559.73388672 -6.21926541
173 -558.74865723 -6.20831841
174 -557.93835449 -6.19931505
175 -557.22814941 -6.19142388
176 -556.34680176 -6.18163113
177 -555.74682617 -6.17496474
178 -555.29370117 -6.16993001
179 -554.23364258 -6.15815158
180 -553.47631836 -6.14973687
181 -553.08032227 -6.14533691
182 -552.46545410 -6.13850505
183 -552.03790283 -6.13375448
184 -551.20416260 -6.12449070
185 -550.97387695 -6.12193197
186 -550.31054688 -6.11456163
187 -549.62268066 -6.10691867
188 -549.25842285 -6.10287137
189 -548.45446777 -6.09393853
190 -547.88189697 -6.08757663
191 -547.23815918 -6.08042399
192 -546.96038818 -6.07733765
193 -546.47387695 -6.07193197
194 -546.10058594 -6.06778429
195 -545.44036865 -6.06044854
196 -544.89404297 -6.05437826
197 -544.10296631 -6.04558851
198 -543.53149414 -6.03923882
199 -542.94799805 -6.03275553
200 -541.78686523 -6.01985406
201 -540.86364746 -6.00959608
202 -540.29101562 -6.00323351
203 -539.64001465 -5.99600016
204 -538.82122803 -5.98690253
205 -537.99993896 -5.97777710
206 -537.70800781 -5.97453342
207 -536.93463135 -5.96594035
208 -536.10107422 -5.95667860
209 -535.32104492 -5.94801161
210 -534.52020264 -5.93911336
211 -533.64404297 -5.92937826
212 -532.81372070 -5.92015245
213 -531.70587158 -5.90784302
214 -531.27685547 -5.90307617
215 -530.33801270 -5.89264459
216 -529.67864990 -5.88531833
217 -529.37451172 -5.88193902
218 -528.52362061 -5.87248467
219 -528.56481934 -5.87294244
220 -527.76904297 -5.86410048
221 -527.29589844 -5.85884332
222 -526.09912109 -5.84554579
223 -525.82922363 -5.84254693
224 -525.72863770 -5.84142931
225 -524.98083496 -5.83312039
226 -524.43670654 -5.82707452
227 -523.01281738 -5.81125353
228 -521.98187256 -5.79979858
229 -520.17730713 -5.77974786
230 -519.13537598 -5.76817084
231 -518.16564941 -5.75739610
232 -517.59655762 -5.75107286
233 -517.25146484 -5.74723850
234 -517.03967285 -5.74488525
235 -517.06359863 -5.74515110
236 -516.64361572 -5.74048462
237 -515.65563965 -5.72950711
238 -514.81756592 -5.72019518
239 -513.33166504 -5.70368517
240 -513.04504395 -5.70050049
241 -511.28561401 -5.68095127
242 -510.28842163 -5.66987135
243 -508.75091553 -5.65278795
244 -506.88073730 -5.63200819
245 -506.09939575 -5.62332662
246 -505.49508667 -5.61661207
247 -505.05111694 -5.61167908
248 -504.68753052 -5.60763923
249 -504.12112427 -5.60134583
250 -503.50732422 -5.59452582
251 -502.60049438 -5.58444994
252 -501.89804077 -5.57664490
253 -500.31140137 -5.55901557
254 -499.04803467 -5.54497816
255 -498.41064453 -5.53789605
256 -497.28909302 -5.52543437
257 -496.41699219 -5.51574436
258 -495.76928711 -5.50854763
259 -495.05194092 -5.50057712
260 -494.20944214 -5.49121602
261 -493.64144897 -5.48490499
262 -492.71026611 -5.47455851
263 -491.87298584 -5.46525540
264 -491.23461914 -5.45816243
265 -490.11010742 -5.44566786
266 -488.95413208 -5.43282369
267 -487.79241943 -5.41991577
268 -486.30682373 -5.40340915
269 -484.70608521 -5.38562317
270 -484.65695190 -5.38507724
271 -483.61129761 -5.37345886
272 -482.18185425 -5.35757616
273 -481.49923706 -5.34999152
274 -480.08734131 -5.33430379
275 -478.38909912 -5.31543443
276 -477.38363647 -5.30426263
277 -475.32794189 -5.28142158
278 -474.55886841 -5.27287632
279 -473.55398560 -5.26171095
280 -472.87661743 -5.25418464
281 -471.98715210 -5.24430169
282 -470.69033813 -5.22989265
283 -470.02636719 -5.22251519
284 -469.86462402 -5.22071804
285 -468.91183472 -5.21013150
286 -467.74658203 -5.19718424
287 -466.40872192 -5.18231913
288 -464.83230591 -5.16480340
289 -463.96453857 -5.15516154
290 -462.64083862 -5.14045376
291 -462.09411621 -5.13437907
292 -460.72299194 -5.11914435
293 -459.76037598 -5.10844862
294 -458.52499390 -5.09472215
295 -457.36447144 -5.08182746
296 -456.50549316 -5.07228326
297 -456.24499512 -5.06938883
298 -455.72494507 -5.06361050
299 -454.55834961 -5.05064833
300 -453.10934448 -5.03454827
301 -452.41452026 -5.02682800
302 -450.78704834 -5.00874498
303 -449.92663574 -4.99918484
304 -448.99081421 -4.98878682
305 -447.55917358 -4.97287971
306 -446.91107178 -4.96567858
307 -445.96249390 -4.95513882
308 -443.81857300 -4.93131748
309 -441.91754150 -4.91019491
310 -440.10244751 -4.89002719
