0 -803.15844727 -6.69298706
1 -803.20953369 -6.69341278
2 -803.24749756 -6.69372915
3 -803.27471924 -6.69395599
4 -803.29711914 -6.69414266
5 -803.31469727 -6.69428914
6 -803.33239746 -6.69443665
7 -803.34765625 -6.69456380
8 -803.36108398 -6.69467570
9 -803.37347412 -6.69477895
10 -803.38549805 -6.69487915
11 -803.39624023 -6.69496867
12 -803.40612793 -6.69505107
13 -803.41583252 -6.69513194
14 -803.42437744 -6.69520315
15 -803.43395996 -6.69528300
16 -803.44122314 -6.69534353
17 -803.44958496 -6.69541321
18 -803.45697021 -6.69547475
19 -803.46405029 -6.69553375
20 -803.47082520 -6.69559021
21 -803.47735596 -6.69564463
22 -803.48333740 -6.69569448
23 -803.48907471 -6.69574229
24 -803.49438477 -6.69578654
25 -803.49969482 -6.69583079
26 -803.50488281 -6.69587402
27 -803.50952148 -6.69591268
28 -803.51428223 -6.69595235
29 -803.51843262 -6.69598694
30 -803.52239990 -6.69602000
31 -803.52600098 -6.69605001
32 -803.53033447 -6.69608612
33 -803.53448486 -6.69612071
34 -803.53759766 -6.69614665
35 -803.54083252 -6.69617360
36 -803.54467773 -6.69620565
37 -803.54791260 -6.69623260
38 -803.55029297 -6.69625244
39 -803.55334473 -6.69627787
40 -803.55682373 -6.69630686
41 -803.55926514 -6.69632721
42 -803.56237793 -6.69635315
43 -803.56445312 -6.69637044
44 -803.56762695 -6.69639689
45 -803.56970215 -6.69641418
46 -803.57159424 -6.69642995
47 -803.57403564 -6.69645030
48 -803.57666016 -6.69647217
49 -803.57904053 -6.69649200
50 -803.58087158 -6.69650726
51 -803.58233643 -6.69651947
52 -803.58471680 -6.69653931
53 -803.58660889 -6.69655507
54 -803.58880615 -6.69657338
