0 -430.99295044 -6.73426485
1 -430.98342896 -6.73411608
2 -430.97860718 -6.73404074
3 -430.96383667 -6.73380995
4 -430.95925903 -6.73373842
5 -430.95040894 -6.73360014
6 -430.94378662 -6.73349667
7 -430.92456055 -6.73319626
8 -430.93975830 -6.73343372
9 -430.92233276 -6.73316145
10 -430.91644287 -6.73306942
11 -430.89523315 -6.73273802
12 -430.89492798 -6.73273325
13 -430.86898804 -6.73232794
14 -430.85552979 -6.73211765
15 -430.83850098 -6.73185158
16 -430.82409668 -6.73162651
17 -430.81750488 -6.73152351
18 -430.82373047 -6.73162079
19 -430.82608032 -6.73165751
20 -430.82116699 -6.73158073
21 -430.79953003 -6.73124266
22 -430.77447510 -6.73085117
23 -430.78494263 -6.73101473
24 -430.77514648 -6.73086166
25 -430.76416016 -6.73069000
26 -430.73406982 -6.73021984
27 -430.73489380 -6.73023272
28 -430.73602295 -6.73025036
29 -430.72717285 -6.73011208
30 -430.75018311 -6.73047161
31 -430.76358032 -6.73068094
32 -430.73770142 -6.73027658
33 -430.71124268 -6.72986317
34 -430.67883301 -6.72935677
35 -430.68005371 -6.72937584
36 -430.66622925 -6.72915983
37 -430.63796997 -6.72871828
38 -430.62847900 -6.72856998
39 -430.63598633 -6.72868729
40 -430.64620972 -6.72884703
41 -430.63088989 -6.72860765
42 -430.62432861 -6.72850513
43 -430.57922363 -6.72780037
44 -430.58572388 -6.72790194
45 -430.57052612 -6.72766447
46 -430.57766724 -6.72777605
47 -430.58715820 -6.72792435
48 -430.58169556 -6.72783899
49 -430.59204102 -6.72800064
50 -430.56561279 -6.72758770
51 -430.52896118 -6.72701502
52 -430.49960327 -6.72655630
53 -430.50238037 -6.72659969
54 -430.47360229 -6.72615004
55 -430.47598267 -6.72618723
56 -430.45254517 -6.72582102
57 -430.43844604 -6.72560072
58 -430.43399048 -6.72553110
59 -430.39947510 -6.72499180
60 -430.34667969 -6.72416687
61 -430.30072021 -6.72344875
62 -430.25189209 -6.72268581
63 -430.24353027 -6.72255516
64 -430.19259644 -6.72175932
65 -430.20236206 -6.72191191
66 -430.16735840 -6.72136497
67 -430.13476562 -6.72085571
68 -430.09530640 -6.72023916
69 -430.10092163 -6.72032690
70 -430.07806396 -6.71996975
71 -430.07546997 -6.71992922
72 -430.05203247 -6.71956301
73 -430.07147217 -6.71986675
74 -430.03799438 -6.71934366
75 -430.04266357 -6.71941662
76 -430.12518311 -6.72070599
77 -430.07885742 -6.71998215
78 -429.97790527 -6.71840477
79 -429.96853638 -6.71825838
80 -429.91906738 -6.71748543
81 -429.86526489 -6.71664476
82 -429.77691650 -6.71526432
83 -429.79983521 -6.71562243
84 -429.79718018 -6.71558094
85 -429.71389771 -6.71427965
86 -429.70922852 -6.71420670
87 -429.67727661 -6.71370745
88 -429.65127563 -6.71330118
89 -429.64285278 -6.71316957
90 -429.61428833 -6.71272326
91 -429.54803467 -6.71168804
92 -429.53939819 -6.71155310
93 -429.52288818 -6.71129513
94 -429.50091553 -6.71095181
95 -429.47073364 -6.71048021
96 -429.42269897 -6.70972967
97 -429.32928467 -6.70827007
98 -429.22708130 -6.70667315
99 -429.15600586 -6.70556259
100 -429.06359863 -6.70411873
101 -429.01919556 -6.70342493
102 -429.02001953 -6.70343781
103 -429.00643921 -6.70322561
104 -428.98010254 -6.70281410
105 -428.95422363 -6.70240974
106 -428.86129761 -6.70095778
107 -428.87023926 -6.70109749
108 -428.85476685 -6.70085573
109 -428.84533691 -6.70070839
110 -428.82348633 -6.70036697
111 -428.78604126 -6.69978189
112 -428.73837280 -6.69903708
113 -428.71810913 -6.69872046
114 -428.70651245 -6.69853926
115 -428.67480469 -6.69804382
116 -428.63439941 -6.69741249
117 -428.61343384 -6.69708490
118 -428.59039307 -6.69672489
119 -428.53918457 -6.69592476
120 -428.48129272 -6.69502020
121 -428.48251343 -6.69503927
122 -428.52340698 -6.69567823
123 -428.56405640 -6.69631338
124 -428.64791870 -6.69762373
125 -428.52487183 -6.69570112
126 -428.47042847 -6.69485044
127 -428.39389038 -6.69365454
128 -428.35742188 -6.69308472
129 -428.35385132 -6.69302893
130 -428.31072998 -6.69235516
131 -428.35620117 -6.69306564
132 -428.34857178 -6.69294643
133 -428.38696289 -6.69354630
134 -428.28558350 -6.69196224
135 -428.18338013 -6.69036531
136 -428.20349121 -6.69067955
137 -428.21612549 -6.69087696
138 -428.28988647 -6.69202948
139 -428.16616821 -6.69009638
140 -428.13104248 -6.68954754
141 -428.19198608 -6.69049978
142 -428.12374878 -6.68943357
143 -428.00683594 -6.68760681
144 -428.03524780 -6.68805075
145 -428.02920532 -6.68795633
146 -427.99377441 -6.68740273
147 -428.00811768 -6.68762684
148 -427.96908569 -6.68701696
149 -428.00460815 -6.68757200
150 -428.10256958 -6.68910265
151 -427.98034668 -6.68719292
152 -427.84805298 -6.68512583
153 -427.81222534 -6.68456602
154 -427.73568726 -6.68337011
155 -427.74594116 -6.68353033
156 -427.74313354 -6.68348646
157 -427.63958740 -6.68186855
158 -427.64373779 -6.68193340
159 -427.59082031 -6.68110657
160 -427.51074219 -6.67985535
161 -427.47976685 -6.67937136
162 -427.36315918 -6.67754936
163 -427.34991455 -6.67734241
164 -427.32037354 -6.67688084
165 -427.27529907 -6.67617655
166 -427.11019897 -6.67359686
167 -427.00167847 -6.67190123
168 -426.99740601 -6.67183447
169 -426.95745850 -6.67121029
170 -426.78298950 -6.66848421
171 -426.68942261 -6.66702223
172 -426.53768921 -6.66465139
173 -426.60494995 -6.66570234
174 -426.74911499 -6.66795492
175 -426.78210449 -6.66847038
176 -426.69039917 -6.66703749
177 -426.52737427 -6.66449022
178 -426.39898682 -6.66248417
179 -426.25314331 -6.66020536
180 -426.12915039 -6.65826797
181 -426.24987793 -6.66015434
182 -426.31146240 -6.66111660
183 -426.19290161 -6.65926409
184 -426.25671387 -6.66026115
185 -426.15133667 -6.65861464
186 -426.18435669 -6.65913057
187 -426.09600830 -6.65775013
188 -426.02554321 -6.65664911
189 -425.94009399 -6.65531397
190 -425.69973755 -6.65155840
191 -425.54818726 -6.64919043
192 -425.34262085 -6.64597845
193 -425.25140381 -6.64455318
194 -425.29016113 -6.64515877
195 -425.19900513 -6.64373446
196 -425.08316040 -6.64192438
197 -425.05682373 -6.64151287
198 -425.05484009 -6.64148188
199 -425.10742188 -6.64230347
200 -425.02105713 -6.64095402
201 -425.30395508 -6.64537430
202 -425.12365723 -6.64255714
203 -425.16015625 -6.64312744
204 -425.19363403 -6.64365053
205 -425.26138306 -6.64470911
206 -425.23681641 -6.64432526
207 -425.26876831 -6.64482450
208 -425.32659912 -6.64572811
209 -425.31396484 -6.64553070
210 -425.35629272 -6.64619207
211 -425.19403076 -6.64365673
212 -425.33227539 -6.64581680
213 -425.25964355 -6.64468193
214 -425.13781738 -6.64277840
215 -425.12106323 -6.64251661
216 -425.03347778 -6.64114809
217 -425.12628174 -6.64259815
218 -424.84457397 -6.63819647
219 -425.02255249 -6.64097738
220 -424.97091675 -6.64017057
221 -424.93005371 -6.63953209
222 -424.77590942 -6.63712358
223 -424.85104370 -6.63829756
224 -424.94815063 -6.63981485
225 -424.91503906 -6.63929749
226 -424.58572388 -6.63415194
227 -424.49465942 -6.63272905
228 -424.27175903 -6.62924623
229 -424.23370361 -6.62865162
230 -424.13439941 -6.62709999
231 -424.12774658 -6.62699604
232 -424.16015625 -6.62750244
233 -424.18878174 -6.62794971
234 -424.26101685 -6.62907839
235 -424.15286255 -6.62738848
236 -424.15032959 -6.62734890
237 -424.34625244 -6.63041019
238 -424.22445679 -6.62850714
239 -424.06884766 -6.62607574
240 -424.10208130 -6.62659502
241 -423.76129150 -6.62127018
242 -423.64370728 -6.61943293
243 -423.62542725 -6.61914730
244 -423.51547241 -6.61742926
245 -423.31216431 -6.61425257
246 -423.23638916 -6.61306858
247 -423.27706909 -6.61370420
248 -423.17254639 -6.61207104
249 -423.19326782 -6.61239481
250 -423.08294678 -6.61067104
251 -423.05749512 -6.61027336
252 -423.06320190 -6.61036253
253 -423.14514160 -6.61164284
254 -423.15502930 -6.61179733
255 -423.14022827 -6.61156607
256 -423.26983643 -6.61359119
257 -423.22891235 -6.61295176
258 -423.13943481 -6.61155367
259 -423.27096558 -6.61360884
260 -423.16873169 -6.61201143
261 -423.04147339 -6.61002302
262 -423.01449585 -6.60960150
263 -423.01019287 -6.60953426
264 -422.65258789 -6.60394669
265 -422.70245361 -6.60472584
266 -422.60467529 -6.60319805
267 -422.44836426 -6.60075569
268 -422.24554443 -6.59758663
269 -422.08627319 -6.59509802
270 -421.84216309 -6.59128380
271 -422.04293823 -6.59442091
272 -421.91375732 -6.59240246
273 -422.05441284 -6.59460020
274 -422.16180420 -6.59627819
275 -422.18316650 -6.59661198
276 -422.00747681 -6.59386683
277 -422.27301025 -6.59801579
278 -422.14398193 -6.59599972
279 -422.13302612 -6.59582853
280 -422.11380005 -6.59552813
281 -422.39309692 -6.59989214
282 -422.21676636 -6.59713697
283 -422.27609253 -6.59806395
284 -421.93890381 -6.59279537
285 -421.60745239 -6.58761644
286 -421.52923584 -6.58639431
287 -421.44393921 -6.58506155
288 -421.31808472 -6.58309507
289 -421.27511597 -6.58242369
290 -421.24163818 -6.58190060
291 -421.21875000 -6.58154297
292 -421.39413452 -6.58428335
293 -421.41424561 -6.58459759
294 -421.33218384 -6.58331537
295 -420.86233521 -6.57597399
296 -420.89138794 -6.57642794
297 -420.83340454 -6.57552195
298 -420.82055664 -6.57532120
299 -420.75350952 -6.57427359
300 -420.75692749 -6.57432699
301 -420.62527466 -6.57226992
302 -420.67404175 -6.57303190
303 -420.73562622 -6.57399416
304 -420.53173828 -6.57080841
305 -420.43737793 -6.56933403
306 -420.22238159 -6.56597471
307 -420.26223755 -6.56659746
308 -420.20559692 -6.56571245
309 -420.37789917 -6.56840467
310 -420.51699829 -6.57057810
311 -420.20425415 -6.56569147
312 -420.33554077 -6.56774282
313 -420.05419922 -6.56334686
314 -420.19137573 -6.56549025
315 -420.29013062 -6.56703329
316 -420.31289673 -6.56738901
317 -420.08566284 -6.56383848
318 -420.17565918 -6.56524467
319 -420.20364380 -6.56568193
320 -420.08007812 -6.56375122
321 -419.75897217 -6.55873394
322 -419.84201050 -6.56003141
323 -419.36471558 -6.55257368
324 -419.31759644 -6.55183744
325 -419.20944214 -6.55014753
326 -419.19192505 -6.54987383
327 -419.15682983 -6.54932547
328 -418.99172974 -6.54674578
329 -418.97512817 -6.54648638
