0 -466.70571899 -6.66722456
1 -466.69616699 -6.66708810
2 -466.67733765 -6.66681911
3 -466.66656494 -6.66666521
4 -466.64691162 -6.66638445
5 -466.63732910 -6.66624756
6 -466.63021851 -6.66614598
7 -466.62655640 -6.66609366
8 -466.62844849 -6.66612069
9 -466.61294556 -6.66589922
10 -466.60781860 -6.66582598
11 -466.59750366 -6.66567862
12 -466.57733154 -6.66539045
13 -466.56250000 -6.66517857
14 -466.54571533 -6.66493879
15 -466.52056885 -6.66457955
16 -466.49597168 -6.66422817
17 -466.48983765 -6.66414054
18 -466.45712280 -6.66367318
19 -466.42221069 -6.66317444
20 -466.41525269 -6.66307504
21 -466.39337158 -6.66276245
22 -466.39865112 -6.66283787
23 -466.38357544 -6.66262251
24 -466.34722900 -6.66210327
25 -466.31854248 -6.66169346
26 -466.30938721 -6.66156267
27 -466.32989502 -6.66185564
28 -466.30014038 -6.66143058
29 -466.27694702 -6.66109924
30 -466.26464844 -6.66092355
31 -466.22827148 -6.66040388
32 -466.23175049 -6.66045358
33 -466.18646240 -6.65980661
34 -466.16143799 -6.65944911
35 -466.16326904 -6.65947527
36 -466.13717651 -6.65910252
37 -466.10433960 -6.65863342
38 -466.12911987 -6.65898743
39 -466.08993530 -6.65842765
40 -466.09970093 -6.65856716
41 -466.08386230 -6.65834089
42 -466.07583618 -6.65822623
43 -466.08044434 -6.65829206
44 -466.07540894 -6.65822013
45 -466.02963257 -6.65756618
46 -466.02951050 -6.65756444
47 -466.01940918 -6.65742013
48 -465.99914551 -6.65713065
49 -465.98175049 -6.65688215
50 -465.97924805 -6.65684640
51 -465.96627808 -6.65666112
52 -465.99652100 -6.65709316
53 -465.97882080 -6.65684030
54 -465.95724487 -6.65653207
55 -465.93115234 -6.65615932
56 -465.90332031 -6.65576172
57 -465.93344116 -6.65619202
58 -465.91757202 -6.65596531
59 -465.87515259 -6.65535932
60 -465.85113525 -6.65501622
61 -465.85263062 -6.65503758
62 -465.84542847 -6.65493469
63 -465.79782104 -6.65425459
64 -465.78948975 -6.65413557
65 -465.79196167 -6.65417088
66 -465.78967285 -6.65413818
67 -465.72814941 -6.65325928
68 -465.69750977 -6.65282157
69 -465.65283203 -6.65218331
70 -465.65490723 -6.65221296
71 -465.59976196 -6.65142517
72 -465.62149048 -6.65173558
73 -465.63867188 -6.65198103
74 -465.64242554 -6.65203465
75 -465.58294678 -6.65118495
76 -465.59970093 -6.65142430
77 -465.52868652 -6.65040981
78 -465.52447510 -6.65034964
79 -465.53994751 -6.65057068
80 -465.48797607 -6.64982823
81 -465.48605347 -6.64980076
82 -465.45684814 -6.64938354
83 -465.42550659 -6.64893581
84 -465.44726562 -6.64924665
85 -465.40463257 -6.64863761
86 -465.32723999 -6.64753200
87 -465.26174927 -6.64659642
88 -465.27795410 -6.64682792
89 -465.34197998 -6.64774257
90 -465.27960205 -6.64685146
91 -465.24707031 -6.64638672
92 -465.28201294 -6.64688590
93 -465.18627930 -6.64551828
94 -465.21926880 -6.64598955
95 -465.19161987 -6.64559457
96 -465.21682739 -6.64595468
97 -465.25216675 -6.64645952
98 -465.21118164 -6.64587402
99 -465.14855957 -6.64497942
100 -465.14489746 -6.64492711
101 -465.07147217 -6.64387817
102 -465.08212280 -6.64403033
103 -465.06439209 -6.64377703
104 -465.05319214 -6.64361703
105 -465.13238525 -6.64474836
106 -465.09106445 -6.64415806
107 -465.07147217 -6.64387817
108 -465.15435791 -6.64506226
109 -465.20883179 -6.64584045
110 -465.24014282 -6.64628775
111 -465.29470825 -6.64706726
112 -465.28256226 -6.64689375
113 -465.24267578 -6.64632394
114 -465.20303345 -6.64575762
115 -465.15112305 -6.64501604
116 -465.14315796 -6.64490226
117 -465.14443970 -6.64492057
118 -465.12414551 -6.64463065
119 -465.15493774 -6.64507054
120 -465.10708618 -6.64438695
121 -465.06179810 -6.64373997
122 -465.06680298 -6.64381147
123 -465.00930786 -6.64299011
124 -465.02563477 -6.64322335
125 -464.96459961 -6.64235142
126 -464.95977783 -6.64228254
127 -464.93862915 -6.64198042
128 -464.89166260 -6.64130947
129 -464.86676025 -6.64095372
130 -464.86807251 -6.64097246
131 -464.90359497 -6.64147993
132 -464.85339355 -6.64076277
133 -464.81158447 -6.64016549
134 -464.88378906 -6.64119699
135 -464.85546875 -6.64079241
136 -464.76437378 -6.63949105
137 -464.80007935 -6.64000113
138 -464.87225342 -6.64103219
139 -464.86962891 -6.64099470
140 -464.88171387 -6.64116734
141 -464.88519287 -6.64121704
142 -464.89944458 -6.64142064
143 -464.88107300 -6.64115819
144 -464.90362549 -6.64148036
145 -464.87271118 -6.64103873
146 -464.89694214 -6.64138489
147 -464.97222900 -6.64246041
148 -464.94458008 -6.64206543
149 -464.92440796 -6.64177726
150 -464.88076782 -6.64115383
151 -464.88537598 -6.64121966
152 -464.85592651 -6.64079895
153 -464.83099365 -6.64044277
154 -464.80676270 -6.64009661
155 -464.83032227 -6.64043318
156 -464.75415039 -6.63934501
157 -464.74819946 -6.63925999
158 -464.68853760 -6.63840768
159 -464.60659790 -6.63723711
160 -464.59460449 -6.63706578
161 -464.58090210 -6.63687003
162 -464.52767944 -6.63610971
163 -464.50830078 -6.63583287
164 -464.55728149 -6.63653259
165 -464.58758545 -6.63696551
166 -464.53250122 -6.63617859
167 -464.47409058 -6.63534415
168 -464.49401855 -6.63562884
169 -464.56655884 -6.63666513
170 -464.58096313 -6.63687090
171 -464.59738159 -6.63710545
172 -464.55361938 -6.63648028
173 -464.49313354 -6.63561619
174 -464.51361084 -6.63590873
175 -464.42984009 -6.63471200
176 -464.36825562 -6.63383222
177 -464.33303833 -6.63332912
178 -464.33258057 -6.63332258
179 -464.35034180 -6.63357631
180 -464.29629517 -6.63280422
181 -464.23510742 -6.63193011
182 -464.23483276 -6.63192618
183 -464.16143799 -6.63087769
184 -464.06976318 -6.62956805
185 -464.04660034 -6.62923715
186 -464.04705811 -6.62924369
187 -463.97494507 -6.62821350
188 -463.97583008 -6.62822614
189 -463.87399292 -6.62677133
190 -463.98416138 -6.62834516
191 -463.96969604 -6.62813851
192 -463.94699097 -6.62781416
193 -463.97766113 -6.62825230
194 -464.00921631 -6.62870309
195 -463.96051025 -6.62800729
196 -463.93212891 -6.62760184
197 -463.75030518 -6.62500436
198 -463.74197388 -6.62488534
199 -463.79489136 -6.62564131
200 -463.87728882 -6.62681841
201 -463.86276245 -6.62661089
202 -463.93704224 -6.62767203
203 -463.91390991 -6.62734157
204 -464.06387329 -6.62948390
205 -464.04733276 -6.62924761
206 -464.08389282 -6.62976990
207 -464.03173828 -6.62902483
208 -463.94497681 -6.62778538
209 -463.93624878 -6.62766070
210 -463.94985962 -6.62785514
211 -463.97140503 -6.62816293
212 -463.90484619 -6.62721209
213 -463.81723022 -6.62596043
214 -463.84185791 -6.62631226
215 -463.87655640 -6.62680795
216 -463.88598633 -6.62694266
217 -463.74844360 -6.62497777
218 -463.73138428 -6.62473406
219 -463.76428223 -6.62520403
220 -463.72793579 -6.62468480
221 -463.67745972 -6.62396371
222 -463.58395386 -6.62262791
223 -463.56185913 -6.62231227
224 -463.53738403 -6.62196263
225 -463.56964111 -6.62242344
226 -463.30435181 -6.61863360
227 -463.30761719 -6.61868025
228 -463.42984009 -6.62042629
229 -463.31823730 -6.61883196
230 -463.39477539 -6.61992536
231 -463.32592773 -6.61894182
232 -463.36560059 -6.61950858
233 -463.39633179 -6.61994760
234 -463.15786743 -6.61654096
235 -463.18939209 -6.61699132
236 -463.21109009 -6.61730129
237 -463.13287354 -6.61618391
238 -463.03982544 -6.61485465
239 -462.95172119 -6.61359602
240 -462.92065430 -6.61315220
241 -462.74609375 -6.61065848
242 -462.74807739 -6.61068682
243 -462.71823120 -6.61026045
244 -462.62619019 -6.60894557
245 -462.59860229 -6.60855146
246 -462.72598267 -6.61037118
247 -462.59625244 -6.60851789
248 -462.47756958 -6.60682242
249 -462.49954224 -6.60713632
250 -462.30447388 -6.60434963
251 -462.20385742 -6.60291225
252 -462.17529297 -6.60250419
253 -462.11727905 -6.60167542
254 -462.05093384 -6.60072763
255 -461.90640259 -6.59866289
256 -461.80282593 -6.59718323
257 -461.73175049 -6.59616786
258 -461.67858887 -6.59540841
259 -461.66326904 -6.59518956
260 -461.54690552 -6.59352722
261 -461.68063354 -6.59543762
262 -461.50280762 -6.59289725
263 -461.45492554 -6.59221322
264 -461.22534180 -6.58893345
265 -461.25320435 -6.58933149
266 -461.13900757 -6.58770011
267 -461.20037842 -6.58857683
268 -461.09771729 -6.58711025
269 -461.07104492 -6.58672921
270 -461.15515137 -6.58793073
271 -461.05545044 -6.58650643
272 -460.95806885 -6.58511527
273 -460.91781616 -6.58454023
274 -460.77313232 -6.58247332
275 -460.55810547 -6.57940151
276 -460.47897339 -6.57827105
277 -460.57342529 -6.57962036
278 -460.64007568 -6.58057251
279 -460.60736084 -6.58010515
280 -460.37921143 -6.57684588
281 -460.28204346 -6.57545776
282 -460.40225220 -6.57717503
283 -460.32907104 -6.57612959
284 -460.18450928 -6.57406442
285 -460.31970215 -6.57599574
286 -460.38720703 -6.57696010
287 -460.31954956 -6.57599357
288 -460.22100830 -6.57458583
289 -460.26473999 -6.57521057
290 -460.31701660 -6.57595738
291 -460.28460693 -6.57549438
292 -460.19338989 -6.57419128
293 -459.99539185 -6.57136274
294 -460.00390625 -6.57148437
295 -460.07986450 -6.57256949
296 -460.13415527 -6.57334508
297 -460.04376221 -6.57205375
298 -459.96487427 -6.57092678
299 -460.00503540 -6.57150051
300 -459.92349243 -6.57033561
