0 -622.34912109 -5.92713449
1 -621.07574463 -5.91500709
2 -620.00787354 -5.90483689
3 -618.25317383 -5.88812547
4 -615.91821289 -5.86588774
5 -615.48059082 -5.86171991
6 -613.29663086 -5.84092029
7 -612.79870605 -5.83617815
8 -610.30010986 -5.81238200
9 -608.10388184 -5.79146554
10 -608.21215820 -5.79249674
11 -607.63824463 -5.78703090
12 -605.66717529 -5.76825881
13 -605.07019043 -5.76257324
14 -605.46594238 -5.76634231
15 -605.01922607 -5.76208787
16 -603.31396484 -5.74584728
17 -599.73937988 -5.71180362
18 -597.80877686 -5.69341692
19 -596.73840332 -5.68322289
20 -597.06292725 -5.68631359
21 -595.49707031 -5.67140067
22 -593.64294434 -5.65374233
23 -592.22338867 -5.64022275
24 -589.78405762 -5.61699102
25 -587.92694092 -5.59930420
26 -590.99346924 -5.62850923
27 -587.07379150 -5.59117897
28 -584.88189697 -5.57030378
29 -579.77673340 -5.52168318
30 -578.71942139 -5.51161354
31 -579.09210205 -5.51516288
32 -578.30877686 -5.50770264
33 -574.83276367 -5.47459775
34 -574.43847656 -5.47084263
35 -577.01141357 -5.49534680
36 -575.18591309 -5.47796108
37 -573.45178223 -5.46144555
38 -570.11645508 -5.42968052
39 -565.64038086 -5.38705125
40 -562.19970703 -5.35428292
41 -565.78063965 -5.38838704
42 -567.04620361 -5.40044003
43 -568.61901855 -5.41541922
44 -565.21697998 -5.38301886
45 -566.36828613 -5.39398368
46 -566.60290527 -5.39621815
47 -563.93920898 -5.37084961
48 -561.85668945 -5.35101609
49 -564.24548340 -5.37376651
50 -564.40484619 -5.37528425
51 -560.39703369 -5.33711461
52 -555.78424072 -5.29318324
53 -554.18041992 -5.27790876
54 -557.56781006 -5.31016962
55 -555.76177979 -5.29296933
56 -555.65411377 -5.29194394
57 -548.20764160 -5.22102516
58 -545.60217285 -5.19621117
59 -542.46264648 -5.16631092
60 -539.55609131 -5.13862944
61 -539.40759277 -5.13721517
62 -539.11535645 -5.13443197
63 -535.36682129 -5.09873163
64 -531.57800293 -5.06264765
65 -533.65179443 -5.08239804
66 -527.02416992 -5.01927781
67 -529.03558350 -5.03843413
68 -525.06390381 -5.00060861
69 -519.39257812 -4.94659598
70 -517.67059326 -4.93019613
71 -513.75408936 -4.89289609
72 -511.47143555 -4.87115653
73 -503.50054932 -4.79524333
74 -501.32324219 -4.77450707
75 -490.71054077 -4.67343372
76 -489.23352051 -4.65936686
77 -492.16949463 -4.68732852
78 -492.24951172 -4.68809059
79 -484.11511230 -4.61062012
80 -477.04791260 -4.54331345
81 -479.10583496 -4.56291271
82 -479.15710449 -4.56340100
83 -472.23944092 -4.49751848
84 -477.83410645 -4.55080101
85 -479.31787109 -4.56493211
86 -467.96957397 -4.45685309
87 -467.67041016 -4.45400391
88 -472.65328979 -4.50145990
89 -469.50274658 -4.47145473
90 -465.45928955 -4.43294561
91 -463.80664062 -4.41720610
92 -463.46649170 -4.41396659
93 -468.48138428 -4.46172747
94 -465.20867920 -4.43055885
95 -464.88333130 -4.42746030
96 -468.90393066 -4.46575172
97 -472.20678711 -4.49720750
98 -476.80206299 -4.54097203
99 -474.30877686 -4.51722645
100 -469.87445068 -4.47499477
101 -462.40789795 -4.40388474
102 -440.28680420 -4.19320766
103 -448.97003174 -4.27590506
104 -445.49310303 -4.24279146
105 -441.78167725 -4.20744455
106 -436.05169678 -4.15287330
107 -436.31347656 -4.15536644
108 -436.12115479 -4.15353481
109 -441.98721313 -4.20940203
110 -445.28057861 -4.24076742
111 -436.88708496 -4.16082938
112 -434.75836182 -4.14055583
113 -439.98565674 -4.19033959
114 -436.32403564 -4.15546701
115 -436.12188721 -4.15354178
116 -437.85797119 -4.17007592
117 -428.12127686 -4.07734549
118 -430.87033081 -4.10352696
119 -433.87591553 -4.13215158
120 -437.44396973 -4.16613305
121 -444.31652832 -4.23158598
122 -448.24548340 -4.26900460
123 -455.10943604 -4.33437558
124 -453.75650024 -4.32149048
125 -447.56707764 -4.26254360
126 -442.24298096 -4.21183791
127 -440.78253174 -4.19792887
128 -439.38168335 -4.18458746
129 -438.75970459 -4.17866385
130 -434.44573975 -4.13757847
131 -432.28216553 -4.11697301
132 -435.08984375 -4.14371280
133 -440.22088623 -4.19257987
134 -441.87304688 -4.20831473
135 -445.38833618 -4.24179368
136 -433.25476074 -4.12623582
137 -435.27297974 -4.14545695
138 -431.28601074 -4.10748582
139 -431.94281006 -4.11374105
140 -432.12646484 -4.11549014
141 -433.87854004 -4.13217657
142 -432.99383545 -4.12375081
143 -431.95410156 -4.11384859
144 -431.17553711 -4.10643369
145 -428.14569092 -4.07757801
146 -423.83755493 -4.03654814
147 -422.79241943 -4.02659447
148 -414.79214478 -3.95040138
149 -415.14300537 -3.95374291
150 -411.60784912 -3.92007475
151 -413.38446045 -3.93699486
152 -414.88140869 -3.95125151
153 -411.74914551 -3.92142043
154 -407.37689209 -3.87977992
155 -407.07650757 -3.87691912
156 -400.90856934 -3.81817685
157 -402.62881470 -3.83456014
158 -408.56491089 -3.89109439
159 -404.08801270 -3.84845726
160 -402.69345093 -3.83517572
161 -409.33621216 -3.89844012
162 -409.94604492 -3.90424805
163 -409.73419189 -3.90223040
164 -405.75891113 -3.86437058
165 -406.56906128 -3.87208630
166 -419.06378174 -3.99108364
167 -417.82379150 -3.97927420
168 -415.07690430 -3.95311337
169 -418.70117188 -3.98763021
170 -415.20471191 -3.95433059
171 -404.46197510 -3.85201881
172 -400.46002197 -3.81390497
173 -406.82037354 -3.87447975
174 -403.10534668 -3.83909854
175 -396.82452393 -3.77928118
176 -395.78405762 -3.76937198
177 -395.26129150 -3.76439325
178 -403.53765869 -3.84321580
179 -402.81274414 -3.83631185
180 -399.61938477 -3.80589890
181 -395.57403564 -3.76737177
182 -387.69097900 -3.69229504
183 -407.42706299 -3.88025774
184 -407.94808960 -3.88521990
185 -417.60882568 -3.97722691
186 -407.89953613 -3.88475749
187 -404.73767090 -3.85464448
188 -414.03283691 -3.94316988
189 -421.62237549 -4.01545120
190 -431.43609619 -4.10891520
191 -438.94488525 -4.18042748
192 -430.99099731 -4.10467616
193 -432.77868652 -4.12170178
194 -429.94662476 -4.09472976
195 -436.72204590 -4.15925758
196 -434.31030273 -4.13628860
197 -440.13827515 -4.19179310
198 -436.76733398 -4.15968890
199 -430.05636597 -4.09577491
200 -432.42156982 -4.11830066
201 -429.22729492 -4.08787900
202 -434.14889526 -4.13475138
203 -435.01226807 -4.14297398
204 -430.98352051 -4.10460496
205 -433.42718506 -4.12787795
206 -429.47991943 -4.09028495
207 -426.61444092 -4.06299468
208 -416.38323975 -3.96555466
209 -418.28396606 -3.98365682
210 -416.99951172 -3.97142392
211 -416.05120850 -3.96239246
212 -413.96835327 -3.94255575
213 -414.57720947 -3.94835438
214 -409.03442383 -3.89556594
215 -411.32830811 -3.91741246
216 -408.35830688 -3.88912673
217 -402.31219482 -3.83154471
218 -405.86816406 -3.86541109
219 -408.34207153 -3.88897211
220 -408.78115845 -3.89315389
221 -405.99359131 -3.86660563
222 -399.64270020 -3.80612095
223 -402.50384521 -3.83336995
224 -401.38809204 -3.82274373
225 -406.43786621 -3.87083682
226 -411.08016968 -3.91504924
227 -416.87591553 -3.97024681
228 -417.16729736 -3.97302188
229 -412.89837646 -3.93236549
230 -417.06707764 -3.97206741
231 -422.59667969 -4.02473028
232 -423.37164307 -4.03211089
233 -422.52581787 -4.02405541
234 -418.59313965 -3.98660133
235 -415.66580200 -3.95872192
236 -404.58502197 -3.85319069
237 -405.11041260 -3.85819441
238 -401.79785156 -3.82664621
239 -397.66766357 -3.78731108
240 -395.66354370 -3.76822423
241 -394.91735840 -3.76111770
242 -389.79193115 -3.71230411
243 -387.05004883 -3.68619094
244 -383.09118652 -3.64848749
245 -376.87429810 -3.58927903
246 -363.63214111 -3.46316325
247 -380.31811523 -3.62207729
248 -385.59594727 -3.67234235
249 -383.35455322 -3.65099574
250 -392.51889038 -3.73827515
251 -392.40710449 -3.73721052
252 -384.33779907 -3.66035999
253 -377.41650391 -3.59444289
254 -381.08627319 -3.62939308
255 -387.80780029 -3.69340762
256 -388.05877686 -3.69579787
257 -394.29940796 -3.75523246
258 -398.46002197 -3.79485735
259 -400.51110840 -3.81439151
260 -396.59225464 -3.77706909
261 -387.93774414 -3.69464518
262 -390.97302246 -3.72355259
263 -393.65402222 -3.74908593
264 -400.44067383 -3.81372070
265 -402.13549805 -3.82986189
266 -408.13391113 -3.88698963
267 -408.40103149 -3.88953363
268 -410.40386963 -3.90860828
269 -409.57067871 -3.90067313
270 -413.52209473 -3.93830566
271 -414.67004395 -3.94923851
272 -413.90725708 -3.94197388
273 -405.68444824 -3.86366141
274 -409.81787109 -3.90302734
275 -410.01220703 -3.90487816
276 -404.97399902 -3.85689523
277 -400.56311035 -3.81488677
278 -396.93341064 -3.78031820
279 -397.97177124 -3.79020735
280 -402.26446533 -3.83109015
281 -398.96578979 -3.79967419
282 -397.54510498 -3.78614386
283 -395.65203857 -3.76811465
284 -385.55755615 -3.67197673
285 -387.23773193 -3.68797840
286 -383.80676270 -3.65530250
287 -382.67239380 -3.64449899
288 -374.69775391 -3.56855004
289 -369.85284424 -3.52240804
290 -380.49951172 -3.62380487
291 -378.08703613 -3.60082892
292 -370.91107178 -3.53248640
293 -373.56665039 -3.55777762
294 -363.05596924 -3.45767590
295 -349.64590454 -3.32996100
296 -351.22186279 -3.34497012
297 -358.54479980 -3.41471238
298 -357.54901123 -3.40522868
299 -361.93676758 -3.44701683
