0 -776.36676025 -6.93184607
1 -776.36639404 -6.93184280
2 -776.36578369 -6.93183735
3 -776.36499023 -6.93183027
4 -776.36419678 -6.93182319
5 -776.36346436 -6.93181665
6 -776.36285400 -6.93181120
7 -776.36187744 -6.93180248
8 -776.36102295 -6.93179485
9 -776.36016846 -6.93178722
10 -776.35937500 -6.93178013
11 -776.35821533 -6.93176978
12 -776.35717773 -6.93176052
13 -776.35601807 -6.93175016
14 -776.35491943 -6.93174035
15 -776.35412598 -6.93173327
16 -776.35314941 -6.93172455
17 -776.35180664 -6.93171256
18 -776.35058594 -6.93170166
19 -776.34948730 -6.93169185
20 -776.34832764 -6.93168150
21 -776.34680176 -6.93166787
22 -776.34497070 -6.93165152
23 -776.34350586 -6.93163845
24 -776.34185791 -6.93162373
25 -776.33990479 -6.93160629
26 -776.33819580 -6.93159103
27 -776.33599854 -6.93157142
28 -776.33422852 -6.93155561
29 -776.33209229 -6.93153654
30 -776.33007812 -6.93151855
31 -776.32812500 -6.93150112
32 -776.32580566 -6.93148041
33 -776.32342529 -6.93145915
34 -776.32080078 -6.93143572
35 -776.31829834 -6.93141338
36 -776.31536865 -6.93138722
37 -776.31262207 -6.93136270
38 -776.30957031 -6.93133545
39 -776.30651855 -6.93130820
40 -776.30346680 -6.93128095
41 -776.29980469 -6.93124826
42 -776.29656982 -6.93121937
43 -776.29266357 -6.93118450
44 -776.28906250 -6.93115234
45 -776.28515625 -6.93111747
46 -776.28106689 -6.93108095
47 -776.27667236 -6.93104172
48 -776.27172852 -6.93099758
49 -776.26763916 -6.93096106
50 -776.26239014 -6.93091420
51 -776.25732422 -6.93086897
52 -776.25183105 -6.93081992
53 -776.24645996 -6.93077196
54 -776.24047852 -6.93071856
55 -776.23480225 -6.93066788
56 -776.22790527 -6.93060630
57 -776.22155762 -6.93054962
58 -776.21307373 -6.93047387
59 -776.20501709 -6.93040194
60 -776.19702148 -6.93033055
61 -776.18902588 -6.93025916
62 -776.18005371 -6.93017905
63 -776.17163086 -6.93010385
64 -776.16290283 -6.93002592
65 -776.15283203 -6.92993600
66 -776.14245605 -6.92984336
67 -776.13238525 -6.92975344
68 -776.12182617 -6.92965916
69 -776.11041260 -6.92955726
70 -776.09863281 -6.92945208
71 -776.08532715 -6.92933328
72 -776.07171631 -6.92921175
73 -776.05651855 -6.92907606
74 -776.04260254 -6.92895181
75 -776.02758789 -6.92881775
76 -776.01190186 -6.92867770
77 -775.99456787 -6.92852293
78 -775.97631836 -6.92835999
79 -775.96008301 -6.92821503
80 -775.94097900 -6.92804446
81 -775.92065430 -6.92786298
82 -775.89984131 -6.92767715
83 -775.87615967 -6.92746571
84 -775.85229492 -6.92725263
85 -775.83032227 -6.92705645
86 -775.80383301 -6.92681994
87 -775.78033447 -6.92661013
88 -775.75256348 -6.92636217
89 -775.72448730 -6.92611149
90 -775.69641113 -6.92586081
91 -775.66375732 -6.92556926
92 -775.62677002 -6.92523902
93 -775.59259033 -6.92493384
94 -775.55548096 -6.92460251
95 -775.51708984 -6.92425973
96 -775.47290039 -6.92386518
97 -775.43127441 -6.92349352
98 -775.38739014 -6.92310170
99 -775.33843994 -6.92266464
100 -775.28796387 -6.92221396
101 -775.23059082 -6.92170170
102 -775.17773438 -6.92122977
103 -775.12829590 -6.92078836
104 -775.06323242 -6.92020743
105 -775.00012207 -6.91964395
106 -774.93334961 -6.91904776
107 -774.86669922 -6.91845267
108 -774.79418945 -6.91780526
109 -774.71520996 -6.91710009
110 -774.63757324 -6.91640690
111 -774.55725098 -6.91568974
112 -774.45996094 -6.91482108
113 -774.36535645 -6.91397640
114 -774.26306152 -6.91306305
115 -774.16296387 -6.91216932
116 -774.04736328 -6.91113717
117 -773.93353271 -6.91012083
118 -773.81384277 -6.90905217
119 -773.69927979 -6.90802928
120 -773.56311035 -6.90681349
121 -773.41973877 -6.90553338
122 -773.28491211 -6.90432957
123 -773.13964844 -6.90303258
124 -772.99859619 -6.90177318
125 -772.84814453 -6.90042986
126 -772.67639160 -6.89889635
127 -772.49914551 -6.89731380
128 -772.29101562 -6.89545550
129 -772.09631348 -6.89371708
130 -771.89819336 -6.89194815
131 -771.68115234 -6.89001029
132 -771.47869873 -6.88820267
133 -771.25964355 -6.88624682
134 -771.03918457 -6.88427843
135 -770.79809570 -6.88212585
136 -770.55682373 -6.87997164
137 -770.28259277 -6.87752315
138 -770.00982666 -6.87508774
139 -769.73974609 -6.87267630
140 -769.41271973 -6.86975643
141 -769.09197998 -6.86689268
142 -768.80609131 -6.86434010
143 -768.43487549 -6.86102567
144 -768.07824707 -6.85784149
145 -767.74316406 -6.85484968
146 -767.37451172 -6.85155814
147 -767.00012207 -6.84821538
148 -766.59191895 -6.84457070
149 -766.14868164 -6.84061323
150 -765.68731689 -6.83649390
151 -765.22650146 -6.83237948
152 -764.76452637 -6.82825470
153 -764.32250977 -6.82430812
154 -763.79510498 -6.81959915
155 -763.33642578 -6.81550380
156 -762.85125732 -6.81117194
157 -762.31066895 -6.80634526
158 -761.75891113 -6.80141885
159 -761.18176270 -6.79626574
160 -760.58044434 -6.79089682
161 -759.98901367 -6.78561619
162 -759.36865234 -6.78007725
163 -758.68811035 -6.77400099
164 -757.97766113 -6.76765769
165 -757.29528809 -6.76156507
166 -756.61706543 -6.75550951
167 -755.86950684 -6.74883488
168 -755.12072754 -6.74214935
169 -754.32470703 -6.73504203
170 -753.59857178 -6.72855868
171 -752.83264160 -6.72172001
172 -752.10272217 -6.71520288
173 -751.24792480 -6.70757076
174 -750.39239502 -6.69993210
175 -749.51159668 -6.69206783
176 -748.62438965 -6.68414634
177 -747.71569824 -6.67603302
178 -746.76062012 -6.66750554
179 -745.76220703 -6.65859113
180 -744.83850098 -6.65034376
181 -743.91326904 -6.64208276
182 -742.88946533 -6.63294165
183 -741.86059570 -6.62375532
184 -740.81103516 -6.61438424
185 -739.62304688 -6.60377720
186 -738.64196777 -6.59501757
187 -737.55310059 -6.58529554
188 -736.54394531 -6.57628523
189 -735.28588867 -6.56505258
190 -734.02978516 -6.55383737
191 -732.67523193 -6.54174314
192 -731.48681641 -6.53113229
193 -730.24523926 -6.52004678
194 -728.89410400 -6.50798307
195 -727.47869873 -6.49534552
196 -726.12225342 -6.48323441
197 -724.63360596 -6.46994291
198 -723.04748535 -6.45578112
199 -721.63110352 -6.44313485
