0 -553.02239990 -6.74417561
1 -551.52526855 -6.72591791
2 -549.20989990 -6.69768171
3 -546.68963623 -6.66694678
4 -543.89587402 -6.63287651
5 -540.06414795 -6.58614815
6 -535.14483643 -6.52615654
7 -530.24237061 -6.46637037
8 -523.04553223 -6.37860405
9 -515.19665527 -6.28288604
10 -507.15563965 -6.18482487
11 -499.53283691 -6.09186386
12 -492.16220093 -6.00197806
13 -484.14459229 -5.90420234
14 -477.42263794 -5.82222729
15 -468.93228149 -5.71868636
16 -461.84634399 -5.63227249
17 -454.16372681 -5.53858203
18 -446.42086792 -5.44415693
19 -438.19873047 -5.34388696
20 -431.83984375 -5.26633956
21 -425.31494141 -5.18676758
22 -420.32510376 -5.12591590
23 -416.23834229 -5.07607734
24 -410.53854370 -5.00656761
25 -405.88317871 -4.94979486
26 -401.63543701 -4.89799313
27 -396.43975830 -4.83463120
28 -393.81478882 -4.80261938
29 -389.89794922 -4.75485304
30 -388.39746094 -4.73655440
31 -387.18569946 -4.72177682
32 -385.44400024 -4.70053659
33 -380.31494141 -4.63798709
34 -378.02453613 -4.61005532
35 -378.38189697 -4.61441338
36 -374.83551025 -4.57116476
37 -370.23953247 -4.51511625
38 -370.56329346 -4.51906455
39 -366.51443481 -4.46968823
40 -365.37265015 -4.45576403
41 -364.33111572 -4.44306239
42 -361.23196411 -4.40526786
43 -358.03686523 -4.36630323
44 -355.37268066 -4.33381318
45 -354.03018188 -4.31744124
46 -348.09246826 -4.24503010
47 -345.19488525 -4.20969372
48 -339.68322754 -4.14247838
49 -333.26812744 -4.06424546
50 -325.59500122 -3.97067075
51 -323.06823730 -3.93985655
52 -316.80676270 -3.86349711
53 -314.76007080 -3.83853745
54 -308.37850952 -3.76071353
