0 -583.70996094 -6.94892811
1 -583.60778809 -6.94771176
2 -583.47149658 -6.94608925
3 -583.23730469 -6.94330125
4 -583.02868652 -6.94081770
5 -582.73352051 -6.93730382
6 -582.45019531 -6.93393090
7 -582.18530273 -6.93077741
8 -581.91156006 -6.92751857
9 -581.44714355 -6.92198980
10 -580.99505615 -6.91660781
11 -580.53259277 -6.91110229
12 -580.04046631 -6.90524365
13 -579.49871826 -6.89879427
14 -579.14251709 -6.89455377
15 -578.69482422 -6.88922410
16 -578.10321045 -6.88218108
17 -577.92541504 -6.88006446
18 -577.55468750 -6.87565104
19 -576.89306641 -6.86777460
20 -576.30426025 -6.86076500
21 -575.96179199 -6.85668800
22 -575.55639648 -6.85186186
23 -575.22320557 -6.84789530
24 -574.68341064 -6.84146917
25 -574.06066895 -6.83405558
26 -573.28204346 -6.82478623
27 -572.85388184 -6.81968907
28 -571.95635986 -6.80900428
29 -571.36871338 -6.80200849
30 -570.95489502 -6.79708208
31 -570.58239746 -6.79264759
32 -569.76379395 -6.78290231
33 -569.01586914 -6.77399844
34 -568.36529541 -6.76625352
35 -567.19158936 -6.75228083
36 -566.87298584 -6.74848793
37 -566.52001953 -6.74428595
38 -565.83837891 -6.73617118
39 -564.85662842 -6.72448367
40 -563.85089111 -6.71251061
41 -562.78088379 -6.69977243
42 -561.98913574 -6.69034685
43 -561.37274170 -6.68300883
44 -560.37200928 -6.67109535
45 -559.98608398 -6.66650100
46 -559.52374268 -6.66099694
47 -558.81030273 -6.65250360
48 -558.18005371 -6.64500064
49 -557.39556885 -6.63566153
50 -556.71923828 -6.62760998
51 -556.01403809 -6.61921474
52 -555.50128174 -6.61311050
53 -554.90936279 -6.60606384
54 -554.08831787 -6.59628950
55 -553.95312500 -6.59468006
56 -553.39892578 -6.58808245
57 -552.64483643 -6.57910520
58 -552.28802490 -6.57485744
59 -551.32080078 -6.56334287
60 -551.22296143 -6.56217811
61 -551.25286865 -6.56253415
62 -550.64440918 -6.55529059
63 -549.53308105 -6.54206049
64 -548.86163330 -6.53406706
65 -548.56250000 -6.53050595
66 -548.55426025 -6.53040786
67 -547.86077881 -6.52215213
68 -547.76000977 -6.52095250
69 -547.38018799 -6.51643081
70 -547.06909180 -6.51272728
71 -546.49792480 -6.50592768
72 -545.67419434 -6.49612136
73 -544.99145508 -6.48799351
74 -544.24987793 -6.47916521
75 -543.90289307 -6.47503444
76 -543.37860107 -6.46879287
77 -542.95477295 -6.46374730
78 -542.64831543 -6.46009899
79 -542.32788086 -6.45628430
80 -542.17565918 -6.45447213
81 -541.06915283 -6.44129944
82 -540.83978271 -6.43856884
83 -540.21234131 -6.43109930
84 -539.77886963 -6.42593892
85 -539.45080566 -6.42203340
86 -539.15710449 -6.41853696
87 -539.26391602 -6.41980852
88 -538.62518311 -6.41220456
89 -538.05126953 -6.40537226
90 -537.39733887 -6.39758737
91 -537.00091553 -6.39286804
92 -537.18530273 -6.39506313
93 -536.60864258 -6.38819813
94 -536.16809082 -6.38295346
95 -535.89770508 -6.37973458
96 -535.16778564 -6.37104507
97 -534.88653564 -6.36769685
98 -534.05206299 -6.35776265
99 -533.73779297 -6.35402134
100 -533.44183350 -6.35049802
101 -533.35302734 -6.34944080
102 -533.05328369 -6.34587242
103 -532.53875732 -6.33974711
104 -532.31127930 -6.33703904
105 -532.01324463 -6.33349101
106 -531.30084229 -6.32501003
107 -530.88739014 -6.32008798
108 -530.20776367 -6.31199719
109 -529.37866211 -6.30212693
110 -528.77081299 -6.29489063
111 -528.70446777 -6.29410081
112 -528.51098633 -6.29179746
113 -528.05004883 -6.28631011
114 -527.93560791 -6.28494771
115 -527.64569092 -6.28149632
116 -527.31433105 -6.27755156
117 -526.43145752 -6.26704116
118 -525.91125488 -6.26084827
119 -525.28314209 -6.25337074
120 -524.68737793 -6.24627831
121 -524.45501709 -6.24351211
122 -524.04632568 -6.23864673
123 -523.04602051 -6.22673834
124 -522.93017578 -6.22535924
125 -522.31530762 -6.21803938
126 -521.79071045 -6.21179417
127 -521.77386475 -6.21159363
128 -520.96063232 -6.20191229
129 -520.58624268 -6.19745527
130 -520.05157471 -6.19109018
131 -519.77148438 -6.18775577
132 -519.44256592 -6.18384007
133 -519.32812500 -6.18247768
134 -519.09759521 -6.17973328
135 -518.95153809 -6.17799450
136 -517.63525391 -6.16232445
137 -516.66564941 -6.15078154
138 -516.61035156 -6.15012323
139 -515.83062744 -6.14084080
140 -515.60565186 -6.13816252
141 -515.12536621 -6.13244484
142 -514.85876465 -6.12927101
143 -514.11022949 -6.12035987
144 -513.48406982 -6.11290559
145 -512.65362549 -6.10301935
146 -512.46795654 -6.10080901
147 -510.82519531 -6.08125233
148 -509.82284546 -6.06931959
149 -508.80633545 -6.05721828
150 -508.58038330 -6.05452837
151 -507.71182251 -6.04418836
152 -507.35763550 -6.03997185
153 -507.27386475 -6.03897458
154 -506.90429688 -6.03457496
155 -506.27593994 -6.02709452
156 -506.30307007 -6.02741750
157 -506.35656738 -6.02805437
158 -506.24053955 -6.02667309
159 -505.75448608 -6.02088674
160 -504.62783813 -6.00747426
161 -504.26239014 -6.00312369
162 -503.75933838 -5.99713498
163 -503.81210327 -5.99776313
164 -503.60443115 -5.99529085
165 -503.16052246 -5.99000622
166 -502.85809326 -5.98640587
167 -502.33990479 -5.98023696
168 -501.95227051 -5.97562227
169 -501.11395264 -5.96564229
170 -501.10772705 -5.96556818
171 -500.89862061 -5.96307882
172 -500.55554199 -5.95899455
173 -499.69421387 -5.94874064
174 -499.47827148 -5.94616990
175 -498.67218018 -5.93657357
176 -498.51336670 -5.93468294
177 -498.49053955 -5.93441119
178 -498.60131836 -5.93572998
179 -498.18206787 -5.93073890
180 -498.01361084 -5.92873346
181 -498.31243896 -5.93229094
182 -497.94030762 -5.92786080
183 -497.72021484 -5.92524065
184 -497.20843506 -5.91914804
185 -497.05358887 -5.91730463
186 -497.00439453 -5.91671898
187 -496.91857910 -5.91569737
188 -496.91082764 -5.91560509
189 -496.85281372 -5.91491445
190 -496.89892578 -5.91546340
191 -496.75640869 -5.91376677
192 -496.39678955 -5.90948559
193 -496.41583252 -5.90971229
194 -496.42257690 -5.90979258
195 -496.15869141 -5.90665109
196 -496.24780273 -5.90771194
197 -496.02838135 -5.90509978
198 -495.81979370 -5.90261659
199 -495.29663086 -5.89638846
200 -495.37896729 -5.89736866
201 -495.07507324 -5.89375087
202 -495.07287598 -5.89372471
203 -494.65783691 -5.88878377
204 -494.38424683 -5.88552675
205 -494.13201904 -5.88252404
206 -493.70037842 -5.87738546
207 -493.80139160 -5.87858800
208 -493.56475830 -5.87577093
209 -493.66583252 -5.87697420
210 -493.97781372 -5.88068826
211 -493.76223755 -5.87812188
212 -493.56439209 -5.87576657
213 -493.34857178 -5.87319728
214 -493.25079346 -5.87203326
215 -493.15930176 -5.87094407
216 -492.94610596 -5.86840602
217 -492.79568481 -5.86661530
218 -492.88137817 -5.86763545
219 -492.44360352 -5.86242385
220 -492.42703247 -5.86222658
221 -491.96307373 -5.85670326
222 -491.81225586 -5.85490781
223 -491.44958496 -5.85059030
224 -491.43865967 -5.85046023
225 -491.87939453 -5.85570708
226 -492.06005859 -5.85785784
227 -492.11590576 -5.85852269
228 -491.08996582 -5.84630912
229 -491.13824463 -5.84688386
230 -490.66119385 -5.84120469
231 -490.47192383 -5.83895147
232 -490.35205078 -5.83752441
233 -490.06854248 -5.83414932
234 -489.74450684 -5.83029175
235 -489.03424072 -5.82183620
236 -488.48785400 -5.81533160
237 -488.83917236 -5.81951396
238 -488.39776611 -5.81425912
239 -487.89501953 -5.80827404
240 -487.55328369 -5.80420576
241 -487.67095947 -5.80560666
242 -487.40551758 -5.80244664
243 -487.45996094 -5.80309477
244 -487.24383545 -5.80052185
245 -486.87170410 -5.79609172
246 -486.32006836 -5.78952462
247 -486.30902100 -5.78939311
248 -486.09082031 -5.78679548
249 -485.95129395 -5.78513445
250 -485.63934326 -5.78142075
251 -485.95050049 -5.78512501
252 -485.84912109 -5.78391811
253 -485.75897217 -5.78284491
254 -485.39355469 -5.77849470
255 -484.59875488 -5.76903280
256 -484.56536865 -5.76863534
257 -484.00500488 -5.76196434
258 -482.53979492 -5.74452137
259 -481.88122559 -5.73668126
260 -481.54504395 -5.73267909
261 -481.36737061 -5.73056394
262 -481.13787842 -5.72783189
263 -480.77807617 -5.72354853
264 -480.89044189 -5.72488621
265 -480.73321533 -5.72301447
266 -480.41717529 -5.71925209
267 -479.99450684 -5.71422032
268 -480.04187012 -5.71478417
269 -479.60021973 -5.70952643
270 -479.10418701 -5.70362127
271 -478.53234863 -5.69681367
272 -477.70800781 -5.68700009
273 -477.08721924 -5.67960975
274 -476.52716064 -5.67294239
275 -476.50067139 -5.67262704
276 -476.68695068 -5.67484465
277 -476.38589478 -5.67126065
278 -476.48144531 -5.67239816
279 -476.74157715 -5.67549497
280 -476.30590820 -5.67030843
281 -476.16033936 -5.66857547
282 -475.92800903 -5.66580963
283 -475.84326172 -5.66480073
284 -476.13568115 -5.66828192
285 -475.12731934 -5.65627761
286 -475.05676270 -5.65543765
287 -475.06866455 -5.65557934
288 -474.95935059 -5.65427798
289 -474.91864014 -5.65379333
290 -474.29040527 -5.64631435
291 -474.15338135 -5.64468311
292 -474.10104370 -5.64406004
293 -474.07116699 -5.64370437
294 -474.01837158 -5.64307585
295 -473.45684814 -5.63639105
296 -472.87854004 -5.62950643
297 -472.08612061 -5.62007286
298 -472.51470947 -5.62517511
299 -472.18774414 -5.62128267
300 -471.23437500 -5.60993304
301 -471.16076660 -5.60905675
302 -470.68231201 -5.60336086
303 -469.52008057 -5.58952477
304 -469.16009521 -5.58523923
305 -469.37762451 -5.58782886
306 -469.60498047 -5.59053548
307 -469.09008789 -5.58440581
308 -468.75601196 -5.58042871
309 -468.43798828 -5.57664272
310 -467.97149658 -5.57108925
311 -467.08959961 -5.56059047
312 -465.99273682 -5.54753258
313 -465.39355469 -5.54039946
314 -465.62780762 -5.54318819
315 -465.22375488 -5.53837803
316 -464.39288330 -5.52848671
317 -464.10247803 -5.52502950
318 -464.11718750 -5.52520461
319 -464.44744873 -5.52913629
320 -464.45190430 -5.52918934
321 -463.82757568 -5.52175685
322 -463.32135010 -5.51573036
323 -462.51678467 -5.50615220
324 -462.16369629 -5.50194877
325 -461.17950439 -5.49023220
326 -461.07452393 -5.48898243
327 -460.86499023 -5.48648798
328 -460.77880859 -5.48546201
329 -461.13562012 -5.48970976
330 -460.79028320 -5.48559861
331 -460.05200195 -5.47680955
332 -459.62048340 -5.47167242
333 -459.56750488 -5.47104172
334 -459.25463867 -5.46731713
335 -459.10498047 -5.46553548
336 -458.53656006 -5.45876857
337 -457.88684082 -5.45103382
338 -457.25567627 -5.44351996
339 -456.99041748 -5.44036211
340 -456.66662598 -5.43650745
341 -456.13067627 -5.43012710
342 -455.95654297 -5.42805408
343 -456.03466797 -5.42898414
344 -455.77044678 -5.42583865
345 -455.59063721 -5.42369806
346 -455.90435791 -5.42743283
347 -455.10992432 -5.41797529
348 -454.87689209 -5.41520110
349 -454.39306641 -5.40944127
350 -454.44958496 -5.41011411
351 -454.22656250 -5.40745908
352 -453.66101074 -5.40072632
353 -453.37280273 -5.39729527
354 -452.78350830 -5.39027986
355 -452.94061279 -5.39215015
356 -452.81945801 -5.39070783
357 -452.77740479 -5.39020720
358 -453.13946533 -5.39451744
359 -452.57318115 -5.38777597
360 -452.81402588 -5.39064317
361 -452.39636230 -5.38567098
362 -452.11657715 -5.38234020
363 -451.88354492 -5.37956601
