0 -702.22778320 -7.16558962
1 -701.20898438 -7.15519372
2 -699.42718506 -7.13701209
3 -700.18768311 -7.14477228
4 -698.93530273 -7.13199289
5 -698.08715820 -7.12333835
6 -696.89538574 -7.11117741
7 -696.12744141 -7.10334124
8 -694.68200684 -7.08859191
9 -694.50158691 -7.08675089
10 -693.10791016 -7.07252970
11 -692.48547363 -7.06617830
12 -692.49316406 -7.06625678
13 -691.98388672 -7.06106007
14 -689.94104004 -7.04021469
15 -688.37646484 -7.02424964
16 -686.91149902 -7.00930101
17 -686.03918457 -7.00039984
18 -685.16888428 -6.99151923
19 -685.66748047 -6.99660694
20 -685.54577637 -6.99536506
21 -685.86560059 -6.99862858
22 -685.37854004 -6.99365857
23 -686.35858154 -7.00365900
24 -686.06201172 -7.00063277
25 -684.37561035 -6.98342460
26 -682.81372070 -6.96748695
27 -682.66210938 -6.96593989
28 -682.11743164 -6.96038196
29 -680.08410645 -6.93963374
30 -679.03869629 -6.92896629
31 -678.20867920 -6.92049673
32 -676.97711182 -6.90792971
33 -675.05114746 -6.88827701
34 -675.04125977 -6.88817612
35 -676.23522949 -6.90035948
36 -675.55139160 -6.89338155
37 -675.64294434 -6.89431576
38 -673.77770996 -6.87528275
39 -673.30944824 -6.87050457
