0 -521.98358154 -6.77900755
1 -521.42120361 -6.77170394
2 -520.20336914 -6.75588791
3 -518.74664307 -6.73696939
4 -516.95013428 -6.71363811
5 -514.82745361 -6.68607083
6 -512.09985352 -6.65064745
7 -510.01367188 -6.62355418
8 -507.60815430 -6.59231369
9 -505.24084473 -6.56156941
10 -502.94317627 -6.53172956
11 -500.89892578 -6.50518085
12 -499.12884521 -6.48219279
13 -497.11193848 -6.45599920
14 -494.59661865 -6.42333271
15 -491.59014893 -6.38428765
16 -488.93389893 -6.34979090
17 -486.96884155 -6.32427067
18 -484.73468018 -6.29525559
19 -482.20623779 -6.26241867
20 -479.96881104 -6.23336118
21 -478.08007812 -6.20883218
22 -475.92163086 -6.18080040
23 -473.22186279 -6.14573848
24 -471.45825195 -6.12283444
25 -469.30874634 -6.09491878
26 -466.12298584 -6.05354527
27 -464.57031250 -6.03338068
28 -462.64715576 -6.00840462
29 -460.21295166 -5.97679158
30 -459.03338623 -5.96147255
31 -456.91235352 -5.93392667
32 -455.06121826 -5.90988595
33 -452.47454834 -5.87629284
34 -450.94830322 -5.85647147
35 -449.31866455 -5.83530733
36 -448.37103271 -5.82300042
37 -446.90197754 -5.80392179
38 -444.54364014 -5.77329403
39 -442.20843506 -5.74296669
40 -440.99578857 -5.72721803
41 -439.59527588 -5.70902956
42 -438.08734131 -5.68944599
43 -436.88305664 -5.67380593
44 -435.12762451 -5.65100811
45 -432.90261841 -5.62211193
46 -431.73345947 -5.60692805
47 -429.73120117 -5.58092469
48 -427.41387939 -5.55082960
49 -423.58935547 -5.50116046
50 -422.22119141 -5.48339210
51 -420.58666992 -5.46216454
52 -418.07769775 -5.42958049
53 -418.36352539 -5.43329254
54 -419.34698486 -5.44606474
55 -419.77069092 -5.45156741
56 -420.26995850 -5.45805141
57 -420.39672852 -5.45969777
58 -420.42742920 -5.46009648
59 -421.84631348 -5.47852355
60 -420.30596924 -5.45851908
