0 -499.64160156 -6.75191353
1 -499.64813232 -6.75200179
2 -499.65216064 -6.75205622
3 -499.65518188 -6.75209705
4 -499.65759277 -6.75212963
5 -499.65942383 -6.75215438
6 -499.66168213 -6.75218489
7 -499.66354370 -6.75221005
8 -499.66574097 -6.75223974
9 -499.66622925 -6.75224634
10 -499.66818237 -6.75227273
11 -499.67010498 -6.75229872
12 -499.67144775 -6.75231686
13 -499.67272949 -6.75233418
14 -499.67410278 -6.75235274
15 -499.67504883 -6.75236552
16 -499.67565918 -6.75237377
17 -499.67773438 -6.75240182
18 -499.67831421 -6.75240965
19 -499.68060303 -6.75244058
20 -499.68121338 -6.75244883
21 -499.68157959 -6.75245378
22 -499.68286133 -6.75247110
23 -499.68389893 -6.75248512
24 -499.68469238 -6.75249584
25 -499.68572998 -6.75250986
26 -499.68621826 -6.75251646
27 -499.68658447 -6.75252141
28 -499.68872070 -6.75255028
29 -499.69012451 -6.75256925
30 -499.69137573 -6.75258616
31 -499.69140625 -6.75258657
32 -499.69256592 -6.75260224
33 -499.69311523 -6.75260967
34 -499.69320679 -6.75261090
35 -499.69415283 -6.75262369
36 -499.69519043 -6.75263771
37 -499.69573975 -6.75264513
38 -499.69543457 -6.75264101
39 -499.69580078 -6.75264596
40 -499.69708252 -6.75266328
41 -499.69818115 -6.75267812
42 -499.69860840 -6.75268390
43 -499.69894409 -6.75268843
44 -499.70019531 -6.75270534
45 -499.70080566 -6.75271359
46 -499.70104980 -6.75271689
47 -499.70135498 -6.75272101
48 -499.70196533 -6.75272926
49 -499.70196533 -6.75272926
50 -499.70230103 -6.75273380
51 -499.70300293 -6.75274328
52 -499.70379639 -6.75275401
53 -499.70434570 -6.75276143
54 -499.70532227 -6.75277463
55 -499.70578003 -6.75278081
56 -499.70581055 -6.75278122
57 -499.70611572 -6.75278535
58 -499.70669556 -6.75279318
59 -499.70693970 -6.75279648
60 -499.70666504 -6.75279277
61 -499.70697021 -6.75279689
62 -499.70788574 -6.75280927
63 -499.70895386 -6.75282370
64 -499.70941162 -6.75282989
65 -499.70959473 -6.75283236
66 -499.70983887 -6.75283566
67 -499.71069336 -6.75284721
68 -499.71118164 -6.75285381
69 -499.71051025 -6.75284473
70 -499.71173096 -6.75286123
71 -499.71176147 -6.75286164
72 -499.71270752 -6.75287443
73 -499.71258545 -6.75287278
74 -499.71255493 -6.75287236
75 -499.71304321 -6.75287896
76 -499.71392822 -6.75289092
77 -499.71435547 -6.75289670
78 -499.71469116 -6.75290123
79 -499.71508789 -6.75290659
80 -499.71569824 -6.75291484
81 -499.71533203 -6.75290989
82 -499.71578979 -6.75291608
83 -499.71624756 -6.75292226
84 -499.71643066 -6.75292474
85 -499.71624756 -6.75292226
86 -499.71719360 -6.75293505
87 -499.71740723 -6.75293794
88 -499.71746826 -6.75293876
89 -499.71789551 -6.75294453
90 -499.71743774 -6.75293835
91 -499.71728516 -6.75293629
92 -499.71722412 -6.75293546
93 -499.71679688 -6.75292969
94 -499.71771240 -6.75294206
95 -499.71829224 -6.75294990
96 -499.71868896 -6.75295526
97 -499.71966553 -6.75296845
98 -499.71984863 -6.75297093
99 -499.72030640 -6.75297711
100 -499.72039795 -6.75297835
101 -499.72082520 -6.75298412
102 -499.72155762 -6.75299402
103 -499.72177124 -6.75299691
104 -499.72161865 -6.75299485
105 -499.72229004 -6.75300392
106 -499.72186279 -6.75299815
107 -499.72238159 -6.75300516
108 -499.72241211 -6.75300557
109 -499.72140503 -6.75299196
110 -499.72332764 -6.75301794
111 -499.72277832 -6.75301052
112 -499.72247314 -6.75300639
113 -499.72229004 -6.75300392
114 -499.72329712 -6.75301753
115 -499.72335815 -6.75301835
116 -499.72253418 -6.75300722
117 -499.72308350 -6.75301464
118 -499.72402954 -6.75302743
119 -499.72482300 -6.75303815
120 -499.72436523 -6.75303196
121 -499.72546387 -6.75304681
122 -499.72509766 -6.75304186
123 -499.72564697 -6.75304928
124 -499.72601318 -6.75305423
125 -499.72607422 -6.75305506
126 -499.72628784 -6.75305794
127 -499.72680664 -6.75306495
128 -499.72686768 -6.75306578
129 -499.72711182 -6.75306908
130 -499.72747803 -6.75307403
131 -499.72708130 -6.75306867
132 -499.72717285 -6.75306990
133 -499.72723389 -6.75307073
134 -499.72836304 -6.75308599
135 -499.72851562 -6.75308805
136 -499.72888184 -6.75309300
137 -499.72851562 -6.75308805
138 -499.72814941 -6.75308310
139 -499.72891235 -6.75309341
140 -499.72888184 -6.75309300
141 -499.72863770 -6.75308970
142 -499.72875977 -6.75309135
143 -499.72930908 -6.75309877
144 -499.72973633 -6.75310454
145 -499.72924805 -6.75309795
146 -499.72897339 -6.75309423
147 -499.72949219 -6.75310125
148 -499.73016357 -6.75311032
149 -499.73034668 -6.75311279
150 -499.73031616 -6.75311238
151 -499.73071289 -6.75311774
152 -499.73059082 -6.75311609
153 -499.73052979 -6.75311527
154 -499.72979736 -6.75310537
155 -499.73052979 -6.75311527
156 -499.73077393 -6.75311857
157 -499.73059082 -6.75311609
158 -499.73059082 -6.75311609
159 -499.73049927 -6.75311485
160 -499.73101807 -6.75312187
161 -499.73150635 -6.75312846
162 -499.73086548 -6.75311980
163 -499.73089600 -6.75312022
164 -499.73120117 -6.75312434
165 -499.73138428 -6.75312681
166 -499.73086548 -6.75311980
167 -499.73089600 -6.75312022
168 -499.73132324 -6.75312599
169 -499.73175049 -6.75313176
170 -499.73294067 -6.75314785
171 -499.73275757 -6.75314537
172 -499.73309326 -6.75314991
173 -499.73352051 -6.75315568
174 -499.73294067 -6.75314785
175 -499.73303223 -6.75314908
176 -499.73345947 -6.75315486
177 -499.73382568 -6.75315981
178 -499.73303223 -6.75314908
179 -499.73443604 -6.75316805
180 -499.73339844 -6.75315403
181 -499.73352051 -6.75315568
182 -499.73324585 -6.75315197
183 -499.73309326 -6.75314991
184 -499.73333740 -6.75315321
185 -499.73376465 -6.75315898
186 -499.73403931 -6.75316269
187 -499.73391724 -6.75316104
188 -499.73437500 -6.75316723
189 -499.73358154 -6.75315651
190 -499.73425293 -6.75316558
191 -499.73431396 -6.75316640
192 -499.73394775 -6.75316146
193 -499.73449707 -6.75316888
194 -499.73486328 -6.75317383
195 -499.73492432 -6.75317465
196 -499.73522949 -6.75317878
197 -499.73529053 -6.75317960
198 -499.73492432 -6.75317465
199 -499.73440552 -6.75316764
200 -499.73480225 -6.75317300
201 -499.73541260 -6.75318125
202 -499.73452759 -6.75316929
203 -499.73468018 -6.75317135
204 -499.73522949 -6.75317878
205 -499.73431396 -6.75316640
206 -499.73532104 -6.75318001
207 -499.73519897 -6.75317836
208 -499.73468018 -6.75317135
209 -499.73516846 -6.75317795
210 -499.73468018 -6.75317135
211 -499.73529053 -6.75317960
212 -499.73565674 -6.75318455
213 -499.73565674 -6.75318455
214 -499.73571777 -6.75318538
215 -499.73580933 -6.75318661
216 -499.73602295 -6.75318950
217 -499.73565674 -6.75318455
218 -499.73565674 -6.75318455
219 -499.73638916 -6.75319445
220 -499.73632812 -6.75319362
221 -499.73638916 -6.75319445
222 -499.73565674 -6.75318455
223 -499.73648071 -6.75319569
224 -499.73687744 -6.75320105
225 -499.73657227 -6.75319692
226 -499.73681641 -6.75320022
227 -499.73632812 -6.75319362
228 -499.73626709 -6.75319280
229 -499.73699951 -6.75320270
230 -499.73638916 -6.75319445
231 -499.73678589 -6.75319981
232 -499.73742676 -6.75320847
233 -499.73742676 -6.75320847
234 -499.73678589 -6.75319981
235 -499.73660278 -6.75319733
236 -499.73706055 -6.75320352
237 -499.73669434 -6.75319857
238 -499.73699951 -6.75320270
239 -499.73840332 -6.75322167
240 -499.73809814 -6.75321754
241 -499.73852539 -6.75322332
242 -499.73895264 -6.75322909
243 -499.73925781 -6.75323321
244 -499.73876953 -6.75322662
245 -499.73925781 -6.75323321
246 -499.73925781 -6.75323321
247 -499.73907471 -6.75323074
248 -499.73876953 -6.75322662
249 -499.73883057 -6.75322744
250 -499.73956299 -6.75323734
251 -499.73956299 -6.75323734
252 -499.73931885 -6.75323404
253 -499.73931885 -6.75323404
254 -499.73995972 -6.75324270
255 -499.74093628 -6.75325590
256 -499.74066162 -6.75325218
257 -499.74047852 -6.75324971
258 -499.74111938 -6.75325837
259 -499.74157715 -6.75326456
260 -499.74139404 -6.75326208
261 -499.74072266 -6.75325301
262 -499.74053955 -6.75325053
263 -499.74081421 -6.75325425
264 -499.74023438 -6.75324641
265 -499.74078369 -6.75325383
266 -499.74047852 -6.75324971
267 -499.74066162 -6.75325218
268 -499.74090576 -6.75325548
269 -499.74005127 -6.75324394
270 -499.74038696 -6.75324847
271 -499.74041748 -6.75324888
272 -499.74041748 -6.75324888
273 -499.74072266 -6.75325301
274 -499.74090576 -6.75325548
275 -499.74108887 -6.75325796
276 -499.74151611 -6.75326373
277 -499.74121094 -6.75325961
278 -499.74142456 -6.75326249
279 -499.74090576 -6.75325548
280 -499.74102783 -6.75325713
281 -499.74127197 -6.75326043
282 -499.74172974 -6.75326662
283 -499.74151611 -6.75326373
284 -499.74151611 -6.75326373
285 -499.74145508 -6.75326291
286 -499.74151611 -6.75326373
287 -499.74191284 -6.75326909
288 -499.74206543 -6.75327115
289 -499.74212646 -6.75327198
290 -499.74243164 -6.75327610
291 -499.74273682 -6.75328023
292 -499.74340820 -6.75328930
293 -499.74279785 -6.75328105
294 -499.74295044 -6.75328311
295 -499.74310303 -6.75328518
296 -499.74304199 -6.75328435
297 -499.74291992 -6.75328270
298 -499.74246216 -6.75327652
299 -499.74200439 -6.75327033
300 -499.74218750 -6.75327280
301 -499.74261475 -6.75327858
302 -499.74230957 -6.75327445
303 -499.74188232 -6.75326868
304 -499.74237061 -6.75327528
305 -499.74298096 -6.75328353
306 -499.74212646 -6.75327198
307 -499.74255371 -6.75327775
308 -499.74237061 -6.75327528
309 -499.74279785 -6.75328105
310 -499.74325562 -6.75328724
311 -499.74383545 -6.75329507
312 -499.74383545 -6.75329507
313 -499.74377441 -6.75329425
314 -499.74371338 -6.75329342
315 -499.74349976 -6.75329054
316 -499.74298096 -6.75328353
317 -499.74291992 -6.75328270
318 -499.74230957 -6.75327445
319 -499.74304199 -6.75328435
320 -499.74316406 -6.75328600
321 -499.74255371 -6.75327775
322 -499.74349976 -6.75329054
323 -499.74264526 -6.75327899
324 -499.74298096 -6.75328353
325 -499.74261475 -6.75327858
326 -499.74398804 -6.75329714
327 -499.74337769 -6.75328889
328 -499.74353027 -6.75329095
329 -499.74261475 -6.75327858
330 -499.74328613 -6.75328765
331 -499.74255371 -6.75327775
332 -499.74334717 -6.75328848
333 -499.74377441 -6.75329425
334 -499.74282837 -6.75328146
335 -499.74261475 -6.75327858
336 -499.74310303 -6.75328518
337 -499.74298096 -6.75328353
338 -499.74346924 -6.75329012
339 -499.74301147 -6.75328394
340 -499.74267578 -6.75327940
341 -499.74291992 -6.75328270
342 -499.74319458 -6.75328641
343 -499.74291992 -6.75328270
344 -499.74334717 -6.75328848
345 -499.74298096 -6.75328353
346 -499.74267578 -6.75327940
347 -499.74334717 -6.75328848
348 -499.74401855 -6.75329755
349 -499.74279785 -6.75328105
350 -499.74255371 -6.75327775
351 -499.74261475 -6.75327858
352 -499.74322510 -6.75328683
353 -499.74255371 -6.75327775
354 -499.74307251 -6.75328476
355 -499.74298096 -6.75328353
356 -499.74261475 -6.75327858
357 -499.74346924 -6.75329012
358 -499.74282837 -6.75328146
359 -499.74340820 -6.75328930
360 -499.74371338 -6.75329342
361 -499.74359131 -6.75329177
362 -499.74288940 -6.75328229
363 -499.74426270 -6.75330085
364 -499.74353027 -6.75329095
365 -499.74359131 -6.75329177
366 -499.74313354 -6.75328559
367 -499.74337769 -6.75328889
368 -499.74334717 -6.75328848
369 -499.74414062 -6.75329920
370 -499.74398804 -6.75329714
371 -499.74420166 -6.75330002
372 -499.74432373 -6.75330167
373 -499.74438477 -6.75330250
374 -499.74435425 -6.75330208
375 -499.74420166 -6.75330002
376 -499.74407959 -6.75329837
377 -499.74450684 -6.75330415
378 -499.74493408 -6.75330992
379 -499.74411011 -6.75329879
380 -499.74481201 -6.75330827
381 -499.74426270 -6.75330085
382 -499.74505615 -6.75331157
383 -499.74453735 -6.75330456
384 -499.74475098 -6.75330745
385 -499.74517822 -6.75331322
386 -499.74624634 -6.75332765
387 -499.74588013 -6.75332270
388 -499.74584961 -6.75332229
389 -499.74603271 -6.75332477
390 -499.74554443 -6.75331817
391 -499.74621582 -6.75332724
392 -499.74591064 -6.75332312
393 -499.74584961 -6.75332229
394 -499.74533081 -6.75331528
395 -499.74548340 -6.75331734
396 -499.74523926 -6.75331404
397 -499.74584961 -6.75332229
398 -499.74551392 -6.75331776
399 -499.74618530 -6.75332683
400 -499.74603271 -6.75332477
401 -499.74603271 -6.75332477
402 -499.74603271 -6.75332477
403 -499.74572754 -6.75332064
404 -499.74572754 -6.75332064
405 -499.74566650 -6.75331982
406 -499.74676514 -6.75333466
407 -499.74569702 -6.75332023
408 -499.74560547 -6.75331899
409 -499.74554443 -6.75331817
410 -499.74557495 -6.75331858
411 -499.74572754 -6.75332064
412 -499.74591064 -6.75332312
413 -499.74603271 -6.75332477
414 -499.74673462 -6.75333425
415 -499.74597168 -6.75332394
416 -499.74578857 -6.75332147
417 -499.74584961 -6.75332229
418 -499.74597168 -6.75332394
419 -499.74603271 -6.75332477
420 -499.74645996 -6.75333054
421 -499.74676514 -6.75333466
422 -499.74670410 -6.75333384
423 -499.74719238 -6.75334044
424 -499.74707031 -6.75333879
425 -499.74731445 -6.75334209
426 -499.74649048 -6.75333095
427 -499.74664307 -6.75333301
428 -499.74609375 -6.75332559
429 -499.74688721 -6.75333631
430 -499.74746704 -6.75334415
431 -499.74783325 -6.75334910
432 -499.74670410 -6.75333384
433 -499.74731445 -6.75334209
434 -499.74768066 -6.75334704
435 -499.74819946 -6.75335405
436 -499.74841309 -6.75335693
437 -499.74798584 -6.75335116
438 -499.74826050 -6.75335487
439 -499.74865723 -6.75336023
440 -499.74920654 -6.75336766
441 -499.74945068 -6.75337096
442 -499.74948120 -6.75337137
443 -499.74905396 -6.75336559
444 -499.74908447 -6.75336601
445 -499.74969482 -6.75337425
446 -499.75036621 -6.75338333
447 -499.74993896 -6.75337755
448 -499.75018311 -6.75338085
449 -499.74993896 -6.75337755
450 -499.75030518 -6.75338250
451 -499.74987793 -6.75337673
452 -499.75079346 -6.75338910
453 -499.75018311 -6.75338085
454 -499.75067139 -6.75338745
455 -499.75012207 -6.75338003
456 -499.74993896 -6.75337755
457 -499.75073242 -6.75338828
458 -499.75064087 -6.75338704
459 -499.75048828 -6.75338498
460 -499.75036621 -6.75338333
461 -499.75018311 -6.75338085
462 -499.75024414 -6.75338168
463 -499.74975586 -6.75337508
464 -499.75018311 -6.75338085
465 -499.74945068 -6.75337096
466 -499.74996948 -6.75337797
467 -499.75009155 -6.75337962
468 -499.74993896 -6.75337755
469 -499.75061035 -6.75338663
470 -499.74978638 -6.75337549
471 -499.74963379 -6.75337343
472 -499.75054932 -6.75338580
473 -499.75000000 -6.75337838
474 -499.75076294 -6.75338869
475 -499.75018311 -6.75338085
476 -499.75103760 -6.75339240
477 -499.75048828 -6.75338498
478 -499.75076294 -6.75338869
479 -499.75079346 -6.75338910
480 -499.75042725 -6.75338415
481 -499.75000000 -6.75337838
482 -499.75030518 -6.75338250
483 -499.75128174 -6.75339570
484 -499.75103760 -6.75339240
485 -499.75128174 -6.75339570
486 -499.75140381 -6.75339735
487 -499.75067139 -6.75338745
488 -499.75158691 -6.75339982
489 -499.75115967 -6.75339405
490 -499.75143433 -6.75339776
491 -499.75201416 -6.75340560
492 -499.75262451 -6.75341384
493 -499.75238037 -6.75341055
494 -499.75158691 -6.75339982
495 -499.75216675 -6.75340766
496 -499.75152588 -6.75339900
497 -499.75183105 -6.75340312
498 -499.75244141 -6.75341137
499 -499.75198364 -6.75340518
500 -499.75250244 -6.75341220
501 -499.75219727 -6.75340807
502 -499.75253296 -6.75341261
503 -499.75244141 -6.75341137
504 -499.75244141 -6.75341137
505 -499.75335693 -6.75342374
506 -499.75329590 -6.75342292
507 -499.75271606 -6.75341508
508 -499.75335693 -6.75342374
509 -499.75347900 -6.75342539
510 -499.75311279 -6.75342044
511 -499.75338745 -6.75342415
512 -499.75335693 -6.75342374
513 -499.75372314 -6.75342869
514 -499.75308228 -6.75342003
515 -499.75338745 -6.75342415
516 -499.75305176 -6.75341962
517 -499.75396729 -6.75343199
518 -499.75283813 -6.75341673
519 -499.75314331 -6.75342086
520 -499.75286865 -6.75341714
521 -499.75366211 -6.75342787
522 -499.75338745 -6.75342415
523 -499.75271606 -6.75341508
524 -499.75305176 -6.75341962
525 -499.75323486 -6.75342209
526 -499.75256348 -6.75341302
527 -499.75317383 -6.75342127
528 -499.75311279 -6.75342044
529 -499.75299072 -6.75341879
530 -499.75320435 -6.75342168
531 -499.75277710 -6.75341591
532 -499.75292969 -6.75341797
533 -499.75286865 -6.75341714
534 -499.75280762 -6.75341632
535 -499.75296021 -6.75341838
536 -499.75201416 -6.75340560
537 -499.75231934 -6.75340972
538 -499.75216675 -6.75340766
539 -499.75289917 -6.75341756
540 -499.75341797 -6.75342457
541 -499.75354004 -6.75342622
542 -499.75378418 -6.75342952
543 -499.75299072 -6.75341879
544 -499.75347900 -6.75342539
545 -499.75274658 -6.75341549
546 -499.75335693 -6.75342374
547 -499.75357056 -6.75342663
548 -499.75311279 -6.75342044
549 -499.75286865 -6.75341714
550 -499.75338745 -6.75342415
551 -499.75344849 -6.75342498
552 -499.75378418 -6.75342952
553 -499.75384521 -6.75343034
554 -499.75415039 -6.75343446
555 -499.75448608 -6.75343900
556 -499.75402832 -6.75343282
557 -499.75476074 -6.75344271
558 -499.75405884 -6.75343323
559 -499.75476074 -6.75344271
560 -499.75537109 -6.75345096
561 -499.75512695 -6.75344766
562 -499.75509644 -6.75344725
563 -499.75485229 -6.75344395
564 -499.75476074 -6.75344271
565 -499.75439453 -6.75343776
566 -499.75503540 -6.75344642
567 -499.75476074 -6.75344271
568 -499.75543213 -6.75345179
569 -499.75549316 -6.75345261
570 -499.75595093 -6.75345880
571 -499.75527954 -6.75344972
572 -499.75573730 -6.75345591
573 -499.75585938 -6.75345756
574 -499.75570679 -6.75345550
575 -499.75588989 -6.75345797
576 -499.75561523 -6.75345426
577 -499.75570679 -6.75345550
578 -499.75634766 -6.75346416
579 -499.75677490 -6.75346993
580 -499.75646973 -6.75346581
581 -499.75695801 -6.75347241
582 -499.75646973 -6.75346581
583 -499.75662231 -6.75346787
584 -499.75646973 -6.75346581
585 -499.75634766 -6.75346416
586 -499.75601196 -6.75345962
587 -499.75659180 -6.75346746
588 -499.75653076 -6.75346663
589 -499.75622559 -6.75346251
590 -499.75674438 -6.75346952
591 -499.75625610 -6.75346292
592 -499.75677490 -6.75346993
593 -499.75695801 -6.75347241
594 -499.75646973 -6.75346581
595 -499.75637817 -6.75346457
596 -499.75689697 -6.75347158
597 -499.75695801 -6.75347241
598 -499.75692749 -6.75347199
599 -499.75735474 -6.75347777
600 -499.75701904 -6.75347323
601 -499.75671387 -6.75346911
602 -499.75701904 -6.75347323
603 -499.75640869 -6.75346498
604 -499.75695801 -6.75347241
605 -499.75708008 -6.75347406
606 -499.75708008 -6.75347406
607 -499.75674438 -6.75346952
608 -499.75695801 -6.75347241
609 -499.75726318 -6.75347653
610 -499.75720215 -6.75347570
611 -499.75720215 -6.75347570
612 -499.75714111 -6.75347488
613 -499.75701904 -6.75347323
614 -499.75750732 -6.75347983
615 -499.75787354 -6.75348478
616 -499.75750732 -6.75347983
617 -499.75769043 -6.75348230
618 -499.75796509 -6.75348601
619 -499.75796509 -6.75348601
620 -499.75695801 -6.75347241
621 -499.75805664 -6.75348725
622 -499.75827026 -6.75349014
623 -499.75823975 -6.75348973
624 -499.75872803 -6.75349632
625 -499.75903320 -6.75350045
626 -499.75820923 -6.75348931
627 -499.75848389 -6.75349303
628 -499.75830078 -6.75349055
629 -499.75823975 -6.75348973
630 -499.75854492 -6.75349385
631 -499.75878906 -6.75349715
632 -499.75842285 -6.75349220
633 -499.75836182 -6.75349138
634 -499.75854492 -6.75349385
635 -499.75769043 -6.75348230
636 -499.75793457 -6.75348560
637 -499.75811768 -6.75348808
638 -499.75802612 -6.75348684
639 -499.75775146 -6.75348313
640 -499.75732422 -6.75347735
641 -499.75732422 -6.75347735
642 -499.75723267 -6.75347612
643 -499.75680542 -6.75347034
644 -499.75720215 -6.75347570
645 -499.75769043 -6.75348230
646 -499.75708008 -6.75347406
647 -499.75735474 -6.75347777
648 -499.75750732 -6.75347983
649 -499.75677490 -6.75346993
650 -499.75659180 -6.75346746
651 -499.75747681 -6.75347942
652 -499.75781250 -6.75348395
653 -499.75677490 -6.75346993
654 -499.75680542 -6.75347034
655 -499.75686646 -6.75347117
656 -499.75579834 -6.75345673
657 -499.75592041 -6.75345838
658 -499.75634766 -6.75346416
659 -499.75677490 -6.75346993
660 -499.75671387 -6.75346911
661 -499.75653076 -6.75346663
662 -499.75622559 -6.75346251
663 -499.75601196 -6.75345962
664 -499.75524902 -6.75344931
665 -499.75585938 -6.75345756
666 -499.75503540 -6.75344642
667 -499.75466919 -6.75344148
668 -499.75512695 -6.75344766
669 -499.75543213 -6.75345179
670 -499.75579834 -6.75345673
671 -499.75494385 -6.75344519
672 -499.75415039 -6.75343446
673 -499.75286865 -6.75341714
674 -499.75408936 -6.75343364
675 -499.75390625 -6.75343117
676 -499.75378418 -6.75342952
677 -499.75445557 -6.75343859
678 -499.75469971 -6.75344189
679 -499.75366211 -6.75342787
680 -499.75402832 -6.75343282
681 -499.75384521 -6.75343034
682 -499.75381470 -6.75342993
683 -499.75405884 -6.75343323
684 -499.75396729 -6.75343199
685 -499.75396729 -6.75343199
686 -499.75402832 -6.75343282
687 -499.75354004 -6.75342622
688 -499.75311279 -6.75342044
689 -499.75347900 -6.75342539
690 -499.75357056 -6.75342663
691 -499.75366211 -6.75342787
692 -499.75445557 -6.75343859
693 -499.75347900 -6.75342539
694 -499.75289917 -6.75341756
695 -499.75320435 -6.75342168
696 -499.75329590 -6.75342292
697 -499.75354004 -6.75342622
698 -499.75341797 -6.75342457
699 -499.75396729 -6.75343199
700 -499.75402832 -6.75343282
701 -499.75299072 -6.75341879
702 -499.75399780 -6.75343240
703 -499.75390625 -6.75343117
704 -499.75408936 -6.75343364
705 -499.75372314 -6.75342869
706 -499.75375366 -6.75342910
707 -499.75387573 -6.75343075
708 -499.75390625 -6.75343117
709 -499.75421143 -6.75343529
710 -499.75436401 -6.75343735
711 -499.75439453 -6.75343776
712 -499.75518799 -6.75344849
713 -499.75463867 -6.75344106
714 -499.75518799 -6.75344849
715 -499.75500488 -6.75344601
716 -499.75549316 -6.75345261
717 -499.75598145 -6.75345921
718 -499.75656128 -6.75346704
719 -499.75610352 -6.75346086
720 -499.75634766 -6.75346416
721 -499.75579834 -6.75345673
722 -499.75527954 -6.75344972
723 -499.75555420 -6.75345344
724 -499.75543213 -6.75345179
725 -499.75598145 -6.75345921
726 -499.75518799 -6.75344849
727 -499.75494385 -6.75344519
728 -499.75500488 -6.75344601
729 -499.75592041 -6.75345838
730 -499.75552368 -6.75345302
731 -499.75567627 -6.75345508
732 -499.75549316 -6.75345261
733 -499.75640869 -6.75346498
734 -499.75628662 -6.75346333
735 -499.75646973 -6.75346581
736 -499.75653076 -6.75346663
737 -499.75585938 -6.75345756
738 -499.75485229 -6.75344395
739 -499.75537109 -6.75345096
740 -499.75579834 -6.75345673
741 -499.75640869 -6.75346498
742 -499.75524902 -6.75344931
743 -499.75558472 -6.75345385
744 -499.75518799 -6.75344849
745 -499.75634766 -6.75346416
746 -499.75537109 -6.75345096
747 -499.75540161 -6.75345137
748 -499.75610352 -6.75346086
749 -499.75549316 -6.75345261
750 -499.75592041 -6.75345838
751 -499.75527954 -6.75344972
752 -499.75567627 -6.75345508
753 -499.75506592 -6.75344684
754 -499.75415039 -6.75343446
755 -499.75512695 -6.75344766
756 -499.75482178 -6.75344354
757 -499.75518799 -6.75344849
758 -499.75491333 -6.75344477
759 -499.75558472 -6.75345385
760 -499.75592041 -6.75345838
761 -499.75598145 -6.75345921
762 -499.75604248 -6.75346003
763 -499.75524902 -6.75344931
764 -499.75585938 -6.75345756
765 -499.75598145 -6.75345921
766 -499.75540161 -6.75345137
767 -499.75531006 -6.75345014
768 -499.75531006 -6.75345014
769 -499.75561523 -6.75345426
770 -499.75567627 -6.75345508
771 -499.75570679 -6.75345550
772 -499.75561523 -6.75345426
773 -499.75592041 -6.75345838
774 -499.75622559 -6.75346251
775 -499.75582886 -6.75345715
776 -499.75653076 -6.75346663
777 -499.75689697 -6.75347158
778 -499.75628662 -6.75346333
779 -499.75640869 -6.75346498
780 -499.75665283 -6.75346828
781 -499.75640869 -6.75346498
782 -499.75677490 -6.75346993
783 -499.75616455 -6.75346168
784 -499.75640869 -6.75346498
785 -499.75598145 -6.75345921
786 -499.75601196 -6.75345962
787 -499.75540161 -6.75345137
788 -499.75585938 -6.75345756
789 -499.75469971 -6.75344189
790 -499.75466919 -6.75344148
791 -499.75479126 -6.75344313
792 -499.75451660 -6.75343941
793 -499.75494385 -6.75344519
794 -499.75473022 -6.75344230
795 -499.75473022 -6.75344230
796 -499.75518799 -6.75344849
797 -499.75506592 -6.75344684
798 -499.75570679 -6.75345550
799 -499.75619507 -6.75346210
800 -499.75543213 -6.75345179
801 -499.75598145 -6.75345921
802 -499.75592041 -6.75345838
803 -499.75567627 -6.75345508
804 -499.75604248 -6.75346003
805 -499.75561523 -6.75345426
806 -499.75634766 -6.75346416
807 -499.75616455 -6.75346168
808 -499.75622559 -6.75346251
809 -499.75628662 -6.75346333
810 -499.75576782 -6.75345632
811 -499.75631714 -6.75346375
812 -499.75634766 -6.75346416
813 -499.75665283 -6.75346828
814 -499.75561523 -6.75345426
815 -499.75631714 -6.75346375
816 -499.75665283 -6.75346828
817 -499.75738525 -6.75347818
818 -499.75698853 -6.75347282
819 -499.75659180 -6.75346746
820 -499.75653076 -6.75346663
821 -499.75738525 -6.75347818
822 -499.75738525 -6.75347818
823 -499.75695801 -6.75347241
824 -499.75634766 -6.75346416
825 -499.75720215 -6.75347570
826 -499.75735474 -6.75347777
827 -499.75704956 -6.75347364
828 -499.75750732 -6.75347983
829 -499.75762939 -6.75348148
830 -499.75805664 -6.75348725
831 -499.75811768 -6.75348808
832 -499.75848389 -6.75349303
833 -499.75799561 -6.75348643
834 -499.75753784 -6.75348024
835 -499.75756836 -6.75348065
836 -499.75756836 -6.75348065
837 -499.75720215 -6.75347570
838 -499.75775146 -6.75348313
839 -499.75765991 -6.75348189
840 -499.75750732 -6.75347983
841 -499.75701904 -6.75347323
842 -499.75698853 -6.75347282
843 -499.75640869 -6.75346498
844 -499.75762939 -6.75348148
845 -499.75762939 -6.75348148
846 -499.75720215 -6.75347570
847 -499.75726318 -6.75347653
848 -499.75659180 -6.75346746
849 -499.75744629 -6.75347900
850 -499.75689697 -6.75347158
851 -499.75790405 -6.75348519
852 -499.75811768 -6.75348808
853 -499.75781250 -6.75348395
854 -499.75756836 -6.75348065
855 -499.75646973 -6.75346581
856 -499.75616455 -6.75346168
857 -499.75695801 -6.75347241
858 -499.75726318 -6.75347653
859 -499.75613403 -6.75346127
860 -499.75671387 -6.75346911
861 -499.75762939 -6.75348148
862 -499.75726318 -6.75347653
863 -499.75708008 -6.75347406
864 -499.75738525 -6.75347818
865 -499.75665283 -6.75346828
866 -499.75738525 -6.75347818
867 -499.75787354 -6.75348478
868 -499.75744629 -6.75347900
869 -499.75817871 -6.75348890
870 -499.75741577 -6.75347859
871 -499.75726318 -6.75347653
872 -499.75714111 -6.75347488
873 -499.75750732 -6.75347983
874 -499.75796509 -6.75348601
875 -499.75885010 -6.75349797
876 -499.75848389 -6.75349303
877 -499.75872803 -6.75349632
878 -499.75915527 -6.75350210
879 -499.75921631 -6.75350292
880 -499.75885010 -6.75349797
881 -499.75915527 -6.75350210
882 -499.75836182 -6.75349138
883 -499.75793457 -6.75348560
884 -499.75799561 -6.75348643
885 -499.75787354 -6.75348478
886 -499.75723267 -6.75347612
887 -499.75787354 -6.75348478
888 -499.75799561 -6.75348643
889 -499.75775146 -6.75348313
890 -499.75756836 -6.75348065
891 -499.75750732 -6.75347983
892 -499.75720215 -6.75347570
893 -499.75787354 -6.75348478
894 -499.75808716 -6.75348766
895 -499.75817871 -6.75348890
896 -499.75891113 -6.75349880
897 -499.75878906 -6.75349715
898 -499.75860596 -6.75349468
899 -499.75949097 -6.75350663
900 -499.76019287 -6.75351612
901 -499.76025391 -6.75351694
902 -499.76004028 -6.75351406
903 -499.75997925 -6.75351323
904 -499.75970459 -6.75350952
905 -499.75970459 -6.75350952
906 -499.75958252 -6.75350787
907 -499.75927734 -6.75350375
908 -499.75964355 -6.75350870
909 -499.75970459 -6.75350952
910 -499.75912476 -6.75350169
911 -499.75885010 -6.75349797
912 -499.75970459 -6.75350952
913 -499.75885010 -6.75349797
914 -499.75955200 -6.75350746
915 -499.75903320 -6.75350045
916 -499.75897217 -6.75349962
917 -499.75933838 -6.75350457
918 -499.75863647 -6.75349509
919 -499.75793457 -6.75348560
920 -499.75823975 -6.75348973
921 -499.75866699 -6.75349550
922 -499.75909424 -6.75350127
923 -499.75830078 -6.75349055
924 -499.75872803 -6.75349632
925 -499.75848389 -6.75349303
926 -499.75860596 -6.75349468
927 -499.75872803 -6.75349632
928 -499.75866699 -6.75349550
929 -499.75866699 -6.75349550
930 -499.75912476 -6.75350169
931 -499.75848389 -6.75349303
932 -499.75781250 -6.75348395
933 -499.75842285 -6.75349220
934 -499.75900269 -6.75350004
935 -499.75952148 -6.75350705
936 -499.75915527 -6.75350210
937 -499.75958252 -6.75350787
938 -499.75894165 -6.75349921
939 -499.75805664 -6.75348725
940 -499.75787354 -6.75348478
941 -499.75891113 -6.75349880
942 -499.75723267 -6.75347612
943 -499.75799561 -6.75348643
944 -499.75787354 -6.75348478
945 -499.75787354 -6.75348478
946 -499.75747681 -6.75347942
947 -499.75689697 -6.75347158
948 -499.75805664 -6.75348725
949 -499.75708008 -6.75347406
950 -499.75756836 -6.75348065
951 -499.75686646 -6.75347117
952 -499.75793457 -6.75348560
953 -499.75891113 -6.75349880
954 -499.75869751 -6.75349591
955 -499.75784302 -6.75348437
956 -499.75775146 -6.75348313
957 -499.75836182 -6.75349138
958 -499.75759888 -6.75348107
959 -499.75695801 -6.75347241
960 -499.75732422 -6.75347735
961 -499.75750732 -6.75347983
962 -499.75741577 -6.75347859
963 -499.75842285 -6.75349220
964 -499.75732422 -6.75347735
965 -499.75805664 -6.75348725
966 -499.75799561 -6.75348643
967 -499.75842285 -6.75349220
968 -499.75854492 -6.75349385
969 -499.75866699 -6.75349550
970 -499.75872803 -6.75349632
971 -499.75888062 -6.75349839
972 -499.75952148 -6.75350705
973 -499.75903320 -6.75350045
974 -499.75946045 -6.75350622
975 -499.75860596 -6.75349468
976 -499.75933838 -6.75350457
977 -499.75891113 -6.75349880
978 -499.75930786 -6.75350416
979 -499.75909424 -6.75350127
980 -499.75897217 -6.75349962
981 -499.75933838 -6.75350457
982 -499.75906372 -6.75350086
983 -499.75836182 -6.75349138
984 -499.75958252 -6.75350787
985 -499.75915527 -6.75350210
986 -499.75912476 -6.75350169
987 -499.75885010 -6.75349797
988 -499.75860596 -6.75349468
989 -499.75921631 -6.75350292
990 -499.75903320 -6.75350045
991 -499.75918579 -6.75350251
992 -499.75891113 -6.75349880
993 -499.75897217 -6.75349962
994 -499.75909424 -6.75350127
995 -499.75933838 -6.75350457
996 -499.75878906 -6.75349715
997 -499.75915527 -6.75350210
998 -499.75924683 -6.75350334
999 -499.75955200 -6.75350746
