0 -491.35467529 -6.63992804
1 -491.38949585 -6.64039859
2 -491.41458130 -6.64073759
3 -491.43313599 -6.64098832
4 -491.44818115 -6.64119164
5 -491.45974731 -6.64134794
6 -491.46762085 -6.64145434
7 -491.47351074 -6.64153393
8 -491.47802734 -6.64159496
9 -491.48101807 -6.64163538
10 -491.48416138 -6.64167786
11 -491.48623657 -6.64170590
12 -491.48883057 -6.64174095
13 -491.49047852 -6.64176322
14 -491.49169922 -6.64177972
15 -491.49240112 -6.64178920
16 -491.49343872 -6.64180323
17 -491.49481201 -6.64182178
18 -491.49600220 -6.64183787
19 -491.49627686 -6.64184158
20 -491.49679565 -6.64184859
21 -491.49749756 -6.64185808
22 -491.49768066 -6.64186055
23 -491.49789429 -6.64186344
24 -491.49810791 -6.64186632
25 -491.49893188 -6.64187746
26 -491.49911499 -6.64187993
27 -491.49993896 -6.64189107
28 -491.49993896 -6.64189107
29 -491.50051880 -6.64189890
30 -491.50073242 -6.64190179
31 -491.50009155 -6.64189313
32 -491.50085449 -6.64190344
33 -491.50076294 -6.64190220
34 -491.50128174 -6.64190921
35 -491.50146484 -6.64191169
36 -491.50152588 -6.64191251
37 -491.50167847 -6.64191457
38 -491.50155640 -6.64191292
39 -491.50311279 -6.64193396
40 -491.50259399 -6.64192695
41 -491.50198364 -6.64191870
42 -491.50292969 -6.64193148
43 -491.50305176 -6.64193313
44 -491.50317383 -6.64193478
45 -491.50277710 -6.64192942
46 -491.50347900 -6.64193891
47 -491.50350952 -6.64193932
48 -491.50347900 -6.64193891
49 -491.50433350 -6.64195045
50 -491.50375366 -6.64194262
51 -491.50479126 -6.64195664
52 -491.50512695 -6.64196118
53 -491.50497437 -6.64195911
54 -491.50531006 -6.64196365
55 -491.50491333 -6.64195829
56 -491.50518799 -6.64196200
57 -491.50610352 -6.64197437
