0 -627.86663818 -7.13484816
1 -625.36071777 -7.10637179
2 -621.78210449 -7.06570573
3 -617.95697021 -7.02223830
4 -612.97961426 -6.96567743
5 -607.93072510 -6.90830369
6 -601.94079590 -6.84023632
7 -596.15252686 -6.77446053
8 -588.70922852 -6.68987760
9 -581.83386230 -6.61174844
10 -575.03869629 -6.53453064
11 -568.91601562 -6.46495472
12 -562.09649658 -6.38746019
13 -555.78424072 -6.31573001
14 -549.26562500 -6.24165483
15 -544.41333008 -6.18651511
16 -539.83422852 -6.13447987
17 -535.49340820 -6.08515237
18 -530.04168701 -6.02320099
19 -525.15203857 -5.96763680
20 -521.39355469 -5.92492676
21 -516.01928711 -5.86385554
22 -512.56439209 -5.82459536
23 -508.03210449 -5.77309210
24 -503.71160889 -5.72399556
25 -499.27722168 -5.67360479
26 -495.86633301 -5.63484469
27 -492.09838867 -5.59202714
28 -488.02893066 -5.54578330
29 -483.58764648 -5.49531416
30 -480.42755127 -5.45940399
31 -477.50366211 -5.42617798
32 -473.31280518 -5.37855460
33 -469.48400879 -5.33504555
34 -466.50531006 -5.30119671
35 -463.50012207 -5.26704684
36 -460.16833496 -5.22918562
37 -456.65905762 -5.18930747
38 -455.69622803 -5.17836623
39 -452.85308838 -5.14605782
40 -450.92736816 -5.12417464
41 -447.26477051 -5.08255421
42 -444.75769043 -5.05406466
43 -441.29425049 -5.01470739
44 -438.13104248 -4.97876185
45 -436.11303711 -4.95582997
46 -433.19567871 -4.92267817
47 -429.76318359 -4.88367254
48 -426.22723389 -4.84349129
49 -421.13314819 -4.78560396
50 -416.38891602 -4.73169223
51 -411.46173096 -4.67570149
52 -409.47015381 -4.65306993
53 -404.79876709 -4.59998599
54 -402.63470459 -4.57539437
55 -398.49569702 -4.52836019
56 -395.51165771 -4.49445066
57 -392.37359619 -4.45879087
58 -389.04974365 -4.42101981
59 -384.36236572 -4.36775416
60 -379.76275635 -4.31548587
61 -377.82543945 -4.29347090
62 -372.35034180 -4.23125388
63 -370.65826416 -4.21202573
64 -368.46353149 -4.18708559
65 -363.11682129 -4.12632751
66 -359.37023926 -4.08375272
67 -354.21279907 -4.02514544
68 -350.98632812 -3.98848100
69 -348.19354248 -3.95674480
70 -342.97329712 -3.89742383
71 -344.67474365 -3.91675845
72 -344.45861816 -3.91430248
73 -358.03652954 -4.06859693
74 -369.15777588 -4.19497473
75 -369.70483398 -4.20119130
76 -390.69061279 -4.43966605
77 -430.67871094 -4.89407626
78 -383.41589355 -4.35699879
79 -456.23477173 -5.18448604
80 -430.73577881 -4.89472476
81 -461.24389648 -5.24140791
