0 -530.91906738 -7.17458199
1 -529.14794922 -7.15064796
2 -525.75366211 -7.10477922
3 -521.07653809 -7.04157484
4 -515.07067871 -6.96041458
5 -506.14389038 -6.83978230
6 -495.65274048 -6.69801001
7 -482.11386108 -6.51505218
8 -463.97537231 -6.26993746
9 -444.05465698 -6.00073861
10 -423.35296631 -5.72098603
11 -398.90902710 -5.39066253
12 -372.44607544 -5.03305507
13 -343.45001221 -4.64121638
14 -313.30139160 -4.23380259
15 -280.55773926 -3.79132080
16 -241.56631470 -3.26440966
17 -206.01283264 -2.78395720
18 -149.47776794 -2.01996984
19 -86.73934174 -1.17215327
20 10.35820007 0.13997568
21 119.79194641 1.61881009
22 233.70117188 3.15812394
23 449.72644043 6.07738433
24 652.14752197 8.81280435
25 916.65643311 12.38724910
26 1233.09692383 16.66347194
27 1599.08972168 21.60932056
28 2168.39355469 29.30261560
29 2814.71264648 38.03665738
30 3713.71093750 50.18528294
31 4592.71582031 62.06372730
32 5650.78759766 76.36199456
33 7445.84912109 100.61958272
34 10625.37011719 143.58608266
35 16641.27148438 224.88204709
36 81094.40625000 1095.87035473
37 27829.41601562 376.07318940
38 135120.29687500 1825.94995777
39 95544.84375000 1291.14653716
40 66912.56250000 904.22381757
41 58377.66015625 788.88729941
42 93955.23437500 1269.66532939
43 854549.62500000 11547.96790541
44 189976.85937500 2567.25485642
45 285200.28125000 3854.05785473
46 316329.90625000 4274.72846284
47 277228.78125000 3746.33488176
48 277006.46875000 3743.33065878
49 453246.93750000 6124.95861486
50 577137.37500000 7799.15371622
51 521478.21875000 7047.00295608
52 331951.18750000 4485.82685811
53 433819.68750000 5862.42820946
54 997471.18750000 13479.34037162
55 427619.15625000 5778.63724662
56 1907291.00000000 25774.20270270
