0 -680.71618652 -6.30292765
1 -680.71472168 -6.30291409
2 -680.71093750 -6.30287905
3 -680.71136475 -6.30288301
4 -680.71136475 -6.30288301
5 -680.71075439 -6.30287736
6 -680.71325684 -6.30290053
7 -680.70880127 -6.30285927
8 -680.70886230 -6.30285984
9 -680.71411133 -6.30290844
10 -680.71435547 -6.30291070
11 -680.71093750 -6.30287905
12 -680.71032715 -6.30287340
13 -680.70458984 -6.30282028
14 -680.70715332 -6.30284401
15 -680.70385742 -6.30281349
16 -680.70739746 -6.30284627
17 -680.70623779 -6.30283554
18 -680.70336914 -6.30280897
19 -680.70245361 -6.30280050
20 -680.70397949 -6.30281462
21 -680.70147705 -6.30279145
22 -680.70086670 -6.30278580
23 -680.70520020 -6.30282593
24 -680.70141602 -6.30279089
25 -680.70074463 -6.30278467
26 -680.70104980 -6.30278750
27 -680.69720459 -6.30275189
28 -680.69775391 -6.30275698
29 -680.70294189 -6.30280502
30 -680.69934082 -6.30277167
31 -680.70477295 -6.30282197
32 -680.70477295 -6.30282197
33 -680.70544434 -6.30282819
34 -680.70666504 -6.30283949
35 -680.70690918 -6.30284175
36 -680.70355225 -6.30281067
37 -680.70202637 -6.30279654
38 -680.70538330 -6.30282762
39 -680.70721436 -6.30284458
40 -680.70849609 -6.30285645
41 -680.70751953 -6.30284740
42 -680.70758057 -6.30284797
43 -680.70623779 -6.30283554
44 -680.70446777 -6.30281915
45 -680.70458984 -6.30282028
46 -680.70257568 -6.30280163
47 -680.69897461 -6.30276828
48 -680.69665527 -6.30274681
49 -680.69982910 -6.30277620
50 -680.69763184 -6.30275585
51 -680.69531250 -6.30273438
52 -680.69982910 -6.30277620
53 -680.69958496 -6.30277393
54 -680.70471191 -6.30282141
55 -680.70153809 -6.30279202
56 -680.70129395 -6.30278976
57 -680.70465088 -6.30282084
58 -680.70306396 -6.30280615
59 -680.69915771 -6.30276998
60 -680.70080566 -6.30278524
61 -680.70098877 -6.30278693
62 -680.70294189 -6.30280502
63 -680.70214844 -6.30279767
64 -680.70275879 -6.30280332
65 -680.69891357 -6.30276772
66 -680.70080566 -6.30278524
67 -680.70758057 -6.30284797
68 -680.70538330 -6.30282762
69 -680.70343018 -6.30280954
70 -680.70446777 -6.30281915
71 -680.70410156 -6.30281576
72 -680.70568848 -6.30283045
73 -680.70550537 -6.30282875
74 -680.70825195 -6.30285418
75 -680.70727539 -6.30284514
76 -680.70886230 -6.30285984
77 -680.70684814 -6.30284119
78 -680.70269775 -6.30280276
79 -680.70422363 -6.30281689
80 -680.70574951 -6.30283101
81 -680.70959473 -6.30286662
82 -680.71044922 -6.30287453
83 -680.71240234 -6.30289261
84 -680.71435547 -6.30291070
85 -680.71606445 -6.30292652
86 -680.71728516 -6.30293783
87 -680.71337891 -6.30290166
88 -680.71380615 -6.30290561
89 -680.71215820 -6.30289035
90 -680.71386719 -6.30290618
91 -680.71319580 -6.30289996
92 -680.71228027 -6.30289148
93 -680.71234131 -6.30289205
94 -680.71179199 -6.30288696
95 -680.71466064 -6.30291352
96 -680.71484375 -6.30291522
97 -680.71166992 -6.30288583
98 -680.71142578 -6.30288357
99 -680.70922852 -6.30286323
100 -680.71105957 -6.30288018
101 -680.71063232 -6.30287623
102 -680.71173096 -6.30288640
103 -680.71069336 -6.30287679
104 -680.71307373 -6.30289883
105 -680.71252441 -6.30289374
106 -680.71166992 -6.30288583
107 -680.71502686 -6.30291692
108 -680.71453857 -6.30291239
109 -680.71661377 -6.30293161
110 -680.71441650 -6.30291126
111 -680.71215820 -6.30289035
112 -680.71264648 -6.30289487
113 -680.70983887 -6.30286888
114 -680.70935059 -6.30286436
115 -680.70947266 -6.30286549
116 -680.70526123 -6.30282649
117 -680.70697021 -6.30284232
118 -680.70666504 -6.30283949
119 -680.70776367 -6.30284966
120 -680.71038818 -6.30287396
121 -680.70690918 -6.30284175
122 -680.71136475 -6.30288301
123 -680.70886230 -6.30285984
124 -680.70947266 -6.30286549
125 -680.71118164 -6.30288131
126 -680.71130371 -6.30288244
127 -680.70947266 -6.30286549
128 -680.70959473 -6.30286662
129 -680.71179199 -6.30288696
130 -680.71270752 -6.30289544
131 -680.70904541 -6.30286153
132 -680.70898438 -6.30286097
133 -680.70715332 -6.30284401
134 -680.70526123 -6.30282649
135 -680.70440674 -6.30281858
136 -680.70239258 -6.30279993
137 -680.70507812 -6.30282480
138 -680.70672607 -6.30284006
139 -680.70391846 -6.30281406
140 -680.70269775 -6.30280276
141 -680.70343018 -6.30280954
142 -680.70404053 -6.30281519
143 -680.70190430 -6.30279541
144 -680.70629883 -6.30283610
145 -680.70611572 -6.30283440
146 -680.70422363 -6.30281689
147 -680.70330811 -6.30280841
148 -680.70825195 -6.30285418
149 -680.70983887 -6.30286888
150 -680.70660400 -6.30283893
151 -680.70678711 -6.30284062
152 -680.70935059 -6.30286436
153 -680.70800781 -6.30285192
154 -680.71069336 -6.30287679
155 -680.71051025 -6.30287509
156 -680.71008301 -6.30287114
157 -680.71228027 -6.30289148
158 -680.70739746 -6.30284627
159 -680.70324707 -6.30280784
160 -680.70410156 -6.30281576
161 -680.70233154 -6.30279937
162 -680.70532227 -6.30282706
163 -680.70263672 -6.30280219
164 -680.70208740 -6.30279711
165 -680.70245361 -6.30280050
166 -680.69891357 -6.30276772
167 -680.70104980 -6.30278750
168 -680.70166016 -6.30279315
169 -680.70532227 -6.30282706
170 -680.70336914 -6.30280897
171 -680.70410156 -6.30281576
172 -680.70153809 -6.30279202
173 -680.70288086 -6.30280445
174 -680.70269775 -6.30280276
175 -680.70056152 -6.30278298
176 -680.70202637 -6.30279654
177 -680.70300293 -6.30280558
178 -680.70062256 -6.30278354
179 -680.69799805 -6.30275924
180 -680.69586182 -6.30273946
181 -680.69598389 -6.30274059
182 -680.69842529 -6.30276320
183 -680.69927979 -6.30277111
184 -680.69995117 -6.30277733
185 -680.70123291 -6.30278919
186 -680.69964600 -6.30277450
187 -680.70196533 -6.30279598
188 -680.70385742 -6.30281349
189 -680.70446777 -6.30281915
190 -680.70166016 -6.30279315
191 -680.70178223 -6.30279428
192 -680.70416260 -6.30281632
193 -680.70257568 -6.30280163
194 -680.69970703 -6.30277507
195 -680.70117188 -6.30278863
196 -680.70300293 -6.30280558
197 -680.69818115 -6.30276094
198 -680.69744873 -6.30275415
199 -680.69726562 -6.30275246
200 -680.69512939 -6.30273268
201 -680.69494629 -6.30273098
202 -680.69226074 -6.30270612
203 -680.69519043 -6.30273324
204 -680.69573975 -6.30273833
205 -680.69616699 -6.30274229
206 -680.69415283 -6.30272364
207 -680.69219971 -6.30270555
208 -680.69085693 -6.30269312
209 -680.69000244 -6.30268521
210 -680.69042969 -6.30268916
211 -680.69342041 -6.30271686
212 -680.69622803 -6.30274285
213 -680.69732666 -6.30275302
214 -680.70098877 -6.30278693
215 -680.70050049 -6.30278241
216 -680.69860840 -6.30276489
217 -680.70056152 -6.30278298
218 -680.69763184 -6.30275585
219 -680.69830322 -6.30276207
220 -680.69927979 -6.30277111
221 -680.69921875 -6.30277054
222 -680.69873047 -6.30276602
223 -680.69812012 -6.30276037
224 -680.69531250 -6.30273438
225 -680.69885254 -6.30276715
226 -680.69775391 -6.30275698
227 -680.69598389 -6.30274059
228 -680.69323730 -6.30271516
229 -680.69464111 -6.30272816
230 -680.69616699 -6.30274229
231 -680.69708252 -6.30275076
232 -680.69592285 -6.30274003
233 -680.69732666 -6.30275302
234 -680.69335938 -6.30271629
235 -680.69171143 -6.30270103
236 -680.69311523 -6.30271403
237 -680.69213867 -6.30270499
238 -680.69372559 -6.30271968
239 -680.69506836 -6.30273211
240 -680.69287109 -6.30271177
241 -680.69195557 -6.30270329
242 -680.69226074 -6.30270612
243 -680.69030762 -6.30268803
244 -680.68847656 -6.30267108
245 -680.68981934 -6.30268351
246 -680.69384766 -6.30272081
247 -680.69323730 -6.30271516
248 -680.69372559 -6.30271968
249 -680.69586182 -6.30273946
250 -680.69982910 -6.30277620
251 -680.70300293 -6.30280558
252 -680.70196533 -6.30279598
253 -680.70080566 -6.30278524
254 -680.69702148 -6.30275020
255 -680.70007324 -6.30277846
256 -680.69946289 -6.30277280
257 -680.70056152 -6.30278298
258 -680.70019531 -6.30277959
259 -680.69573975 -6.30273833
260 -680.69531250 -6.30273438
261 -680.69622803 -6.30274285
262 -680.69519043 -6.30273324
263 -680.69958496 -6.30277393
264 -680.70220947 -6.30279824
265 -680.69958496 -6.30277393
266 -680.69787598 -6.30275811
267 -680.69976807 -6.30277563
268 -680.70178223 -6.30279428
269 -680.69915771 -6.30276998
270 -680.69976807 -6.30277563
271 -680.69921875 -6.30277054
272 -680.69653320 -6.30274568
273 -680.69726562 -6.30275246
274 -680.70056152 -6.30278298
275 -680.69927979 -6.30277111
276 -680.69763184 -6.30275585
277 -680.70086670 -6.30278580
278 -680.69848633 -6.30276376
279 -680.69940186 -6.30277224
280 -680.70141602 -6.30279089
281 -680.70178223 -6.30279428
282 -680.70056152 -6.30278298
283 -680.69909668 -6.30276941
284 -680.70275879 -6.30280332
285 -680.70123291 -6.30278919
286 -680.69763184 -6.30275585
287 -680.69671631 -6.30274737
288 -680.69885254 -6.30276715
289 -680.69787598 -6.30275811
290 -680.69738770 -6.30275359
291 -680.69653320 -6.30274568
292 -680.69555664 -6.30273664
293 -680.69934082 -6.30277167
294 -680.69848633 -6.30276376
295 -680.70086670 -6.30278580
296 -680.70080566 -6.30278524
297 -680.70037842 -6.30278128
298 -680.69946289 -6.30277280
299 -680.70263672 -6.30280219
300 -680.70300293 -6.30280558
301 -680.69885254 -6.30276715
302 -680.69836426 -6.30276263
303 -680.70007324 -6.30277846
304 -680.69873047 -6.30276602
305 -680.70098877 -6.30278693
306 -680.70147705 -6.30279145
307 -680.70098877 -6.30278693
308 -680.69677734 -6.30274794
309 -680.69824219 -6.30276150
310 -680.70300293 -6.30280558
311 -680.69763184 -6.30275585
312 -680.70117188 -6.30278863
313 -680.70281982 -6.30280389
314 -680.70251465 -6.30280106
315 -680.70294189 -6.30280502
316 -680.70043945 -6.30278185
317 -680.70074463 -6.30278467
