0 -751.91259766 -6.96215368
1 -750.52746582 -6.94932839
2 -748.57098389 -6.93121281
3 -746.61407471 -6.91309328
4 -745.01037598 -6.89824422
5 -743.58837891 -6.88507758
6 -742.80395508 -6.87781440
7 -740.55798340 -6.85701836
8 -738.01721191 -6.83349270
9 -734.74768066 -6.80321927
10 -734.31890869 -6.79924915
11 -732.76293945 -6.78484203
12 -730.88018799 -6.76740915
13 -730.16467285 -6.76078401
14 -727.63134766 -6.73732729
15 -723.68103027 -6.70075028
16 -722.58770752 -6.69062692
17 -722.36193848 -6.68853647
18 -717.98144531 -6.64797635
19 -714.68725586 -6.61747459
20 -712.95965576 -6.60147829
21 -710.43566895 -6.57810805
22 -707.74951172 -6.55323622
23 -708.36895752 -6.55897183
24 -706.29241943 -6.53974462
25 -705.87329102 -6.53586381
26 -703.49645996 -6.51385611
27 -702.03735352 -6.50034587
28 -697.61285400 -6.45937828
29 -694.57543945 -6.43125407
30 -693.60925293 -6.42230790
31 -690.98071289 -6.39796956
32 -690.24993896 -6.39120314
33 -688.92480469 -6.37893338
34 -685.01934814 -6.34277174
35 -686.51232910 -6.35659564
36 -690.60205078 -6.39446343
37 -688.59899902 -6.37591666
38 -688.31127930 -6.37325259
39 -688.92468262 -6.37893225
40 -690.39556885 -6.39255156
41 -685.37719727 -6.34608516
42 -685.95556641 -6.35144043
43 -682.96813965 -6.32377907
44 -679.84106445 -6.29482467
45 -681.18133545 -6.30723459
46 -680.80810547 -6.30377875
47 -679.18444824 -6.28874489
48 -676.87548828 -6.26736563
49 -674.21655273 -6.24274586
50 -673.50781250 -6.23618345
51 -670.74420166 -6.21059446
52 -672.87243652 -6.23030034
53 -674.05383301 -6.24123919
54 -672.32714844 -6.22525137
55 -663.33386230 -6.14198021
56 -662.71740723 -6.13627229
57 -661.60131836 -6.12593813
58 -662.76586914 -6.13672101
59 -658.63537598 -6.09847570
60 -658.99102783 -6.10176878
61 -653.23773193 -6.04849752
62 -646.11669922 -5.98256203
63 -645.29626465 -5.97496541
64 -649.13232422 -6.01048448
65 -646.03491211 -5.98180474
66 -645.52661133 -5.97709825
67 -636.49255371 -5.89344957
68 -636.24304199 -5.89113928
69 -639.52404785 -5.92151896
70 -637.79113770 -5.90547350
71 -638.59265137 -5.91289492
72 -642.42114258 -5.94834391
73 -630.28552246 -5.83597706
74 -635.12011719 -5.88074183
75 -631.84881592 -5.85045200
76 -631.75256348 -5.84956077
77 -622.15808105 -5.76072297
78 -627.08117676 -5.80630719
79 -625.90075684 -5.79537738
80 -628.72540283 -5.82153151
81 -621.24194336 -5.75224022
82 -621.81237793 -5.75752202
83 -622.17553711 -5.76088460
84 -623.53045654 -5.77343015
85 -624.09472656 -5.77865488
86 -622.98364258 -5.76836706
87 -623.78552246 -5.77579187
88 -620.87280273 -5.74882225
89 -620.52557373 -5.74560716
90 -619.79699707 -5.73886108
91 -620.54479980 -5.74578518
92 -617.70141602 -5.71945756
93 -621.17700195 -5.75163891
94 -622.53051758 -5.76417146
95 -621.58709717 -5.75543608
96 -620.23925781 -5.74295609
97 -614.59362793 -5.69068174
98 -618.35589600 -5.72551756
99 -611.46777344 -5.66173864
100 -612.50170898 -5.67131212
101 -607.85705566 -5.62830607
102 -606.86517334 -5.61912198
103 -605.81457520 -5.60939421
104 -608.12060547 -5.63074635
105 -605.79455566 -5.60920885
106 -609.42419434 -5.64281661
107 -607.66320801 -5.62651119
108 -608.74432373 -5.63652152
109 -606.31347656 -5.61401367
110 -607.98388672 -5.62948043
111 -607.77960205 -5.62758891
112 -605.47906494 -5.60628764
113 -607.81555176 -5.62792178
114 -610.93627930 -5.65681740
115 -610.88879395 -5.65637772
116 -608.23547363 -5.63180994
117 -599.95263672 -5.55511701
118 -598.22326660 -5.53910432
119 -600.10870361 -5.55656207
120 -603.42407227 -5.58725993
121 -603.62792969 -5.58914750
122 -603.06793213 -5.58396233
123 -605.47149658 -5.60621756
124 -610.71215820 -5.65474221
125 -609.89270020 -5.64715463
126 -601.83282471 -5.57252615
127 -594.19775391 -5.50183105
128 -591.35845947 -5.47554129
129 -596.00921631 -5.51860385
130 -596.40795898 -5.52229592
131 -596.54113770 -5.52352905
132 -596.45959473 -5.52277403
133 -595.64624023 -5.51524297
134 -595.30236816 -5.51205896
135 -591.95501709 -5.48106497
136 -594.32501221 -5.50300937
137 -588.77014160 -5.45157539
138 -584.31835938 -5.41035518
139 -576.93896484 -5.34202745
140 -573.77563477 -5.31273736
141 -568.21069336 -5.26121012
142 -564.53680420 -5.22719263
143 -557.34661865 -5.16061684
144 -552.92395020 -5.11966621
145 -553.27233887 -5.12289203
146 -555.22174072 -5.14094204
147 -551.65875244 -5.10795141
148 -550.65521240 -5.09865937
149 -558.47845459 -5.17109680
150 -562.18115234 -5.20538104
151 -559.12011719 -5.17703812
152 -555.08502197 -5.13967613
153 -559.78796387 -5.18322189
154 -558.53741455 -5.17164273
155 -549.98413086 -5.09244566
156 -547.50677490 -5.06950718
157 -544.78234863 -5.04428101
158 -543.41442871 -5.03161508
159 -549.60314941 -5.08891805
160 -545.47656250 -5.05070891
161 -550.46923828 -5.09693739
162 -549.17041016 -5.08491121
163 -548.96691895 -5.08302703
164 -539.49633789 -4.99533646
165 -536.88702393 -4.97117615
166 -538.06848145 -4.98211557
167 -533.82788086 -4.94285075
168 -548.88018799 -5.08222396
169 -552.47644043 -5.11552260
170 -554.69464111 -5.13606149
171 -552.77331543 -5.11827144
172 -542.19885254 -5.02035975
173 -538.20654297 -4.98339392
174 -536.70257568 -4.96946829
175 -536.71325684 -4.96956719
176 -536.40527344 -4.96671549
177 -536.81817627 -4.97053867
178 -531.85058594 -4.92454246
179 -527.15283203 -4.88104474
180 -530.56799316 -4.91266660
181 -532.26428223 -4.92837298
182 -531.49792480 -4.92127708
183 -533.72375488 -4.94188662
184 -520.35931396 -4.81814180
185 -520.89233398 -4.82307717
186 -515.56823730 -4.77377998
187 -515.81787109 -4.77609140
188 -516.36614990 -4.78116805
189 -510.04513550 -4.72264014
190 -504.86639404 -4.67468883
191 -511.76467896 -4.73856184
192 -504.24273682 -4.66891423
193 -501.75073242 -4.64584012
194 -496.99005127 -4.60175973
195 -480.62680054 -4.45024815
196 -486.58392334 -4.50540670
197 -483.85046387 -4.48009689
198 -483.84912109 -4.48008445
199 -485.86502075 -4.49875019
200 -491.70111084 -4.55278806
201 -487.47174072 -4.51362723
202 -490.63992310 -4.54296225
203 -488.81173706 -4.52603460
204 -494.57482910 -4.57939657
205 -480.76641846 -4.45154091
206 -477.40502930 -4.42041694
207 -477.63858032 -4.42257945
208 -473.94686890 -4.38839693
209 -457.35485840 -4.23476721
210 -457.80035400 -4.23889217
211 -453.27795410 -4.19701809
212 -435.25311279 -4.03012141
213 -439.88235474 -4.07298477
214 -437.98089600 -4.05537867
215 -444.54730225 -4.11617872
216 -461.77478027 -4.27569241
217 -442.82873535 -4.10026607
218 -455.60455322 -4.21856068
219 -456.53143311 -4.22714290
220 -464.81066895 -4.30380249
221 -457.62670898 -4.23728434
222 -451.08337402 -4.17669791
223 -443.55645752 -4.10700424
224 -457.54260254 -4.23650558
225 -449.19137573 -4.15917940
226 -451.50805664 -4.18063015
227 -442.50537109 -4.09727195
228 -451.58184814 -4.18131341
229 -445.26455688 -4.12281997
230 -434.73559570 -4.02532959
231 -436.19180298 -4.03881299
232 -434.64337158 -4.02447566
233 -439.59152222 -4.07029187
234 -455.62670898 -4.21876582
235 -462.59893799 -4.28332350
236 -461.26498413 -4.27097208
237 -460.73849487 -4.26609717
238 -466.00656128 -4.31487557
239 -473.81268311 -4.38715447
240 -475.58673096 -4.40358084
241 -470.58193970 -4.35724018
242 -463.44116211 -4.29112187
243 -467.71804810 -4.33072267
244 -463.32104492 -4.29000968
245 -444.44467163 -4.11522844
246 -451.95465088 -4.18476529
247 -446.41864014 -4.13350593
248 -450.29724121 -4.16941890
249 -456.68664551 -4.22858005
250 -461.93493652 -4.27717534
251 -459.14263916 -4.25132073
252 -453.14520264 -4.19578891
253 -468.61032104 -4.33898445
254 -477.42022705 -4.42055766
255 -477.80255127 -4.42409770
256 -477.94311523 -4.42539922
257 -475.78240967 -4.40539268
258 -468.10278320 -4.33428503
259 -467.72576904 -4.33079416
260 -464.98992920 -4.30546231
261 -469.51580811 -4.34736859
262 -467.54766846 -4.32914508
263 -458.16195679 -4.24224034
264 -462.90112305 -4.28612151
265 -466.47283936 -4.31919296
266 -467.20367432 -4.32595995
267 -472.30828857 -4.37322489
268 -455.11114502 -4.21399208
269 -453.82397461 -4.20207384
270 -455.82037354 -4.22055901
271 -457.66091919 -4.23760110
272 -476.43786621 -4.41146172
273 -481.01766968 -4.45386731
274 -477.70977783 -4.42323868
275 -482.54214478 -4.46798282
276 -483.86410522 -4.48022320
277 -482.27035522 -4.46546625
278 -469.13549805 -4.34384720
279 -476.42733765 -4.41136424
280 -475.62753296 -4.40395864
281 -464.31256104 -4.29919038
282 -472.52075195 -4.37519215
283 -465.02890015 -4.30582315
284 -471.28393555 -4.36374014
285 -464.89978027 -4.30462760
286 -467.28350830 -4.32669915
287 -464.35076904 -4.29954416
288 -467.84539795 -4.33190183
289 -480.85986328 -4.45240614
290 -478.01013184 -4.42601974
291 -481.41461182 -4.45754270
292 -488.24432373 -4.52078078
293 -494.00634766 -4.57413285
294 -496.84924316 -4.60045596
295 -495.35824585 -4.58665042
296 -490.40499878 -4.54078703
297 -492.15698242 -4.55700910
298 -488.55593872 -4.52366610
299 -482.94384766 -4.47170229
300 -467.65695190 -4.33015696
