0 -563.74987793 -6.26388753
1 -563.77368164 -6.26415202
2 -563.79211426 -6.26435683
3 -563.80413818 -6.26449042
4 -563.81536865 -6.26461521
5 -563.82354736 -6.26470608
6 -563.83172607 -6.26479696
7 -563.83648682 -6.26484985
8 -563.84216309 -6.26491292
9 -563.84735107 -6.26497057
10 -563.84973145 -6.26499702
11 -563.85357666 -6.26503974
12 -563.85632324 -6.26507026
13 -563.85888672 -6.26509874
14 -563.86035156 -6.26511502
15 -563.86151123 -6.26512790
16 -563.86297607 -6.26514418
17 -563.86383057 -6.26515367
18 -563.86608887 -6.26517877
19 -563.86761475 -6.26519572
20 -563.86840820 -6.26520454
21 -563.86981201 -6.26522013
22 -563.87048340 -6.26522759
23 -563.87121582 -6.26523573
24 -563.87115479 -6.26523505
25 -563.87292480 -6.26525472
26 -563.87274170 -6.26525269
27 -563.87335205 -6.26525947
28 -563.87347412 -6.26526082
29 -563.87384033 -6.26526489
30 -563.87451172 -6.26527235
31 -563.87475586 -6.26527507
32 -563.87481689 -6.26527574
33 -563.87548828 -6.26528320
34 -563.87597656 -6.26528863
35 -563.87615967 -6.26529066
36 -563.87683105 -6.26529812
37 -563.87628174 -6.26529202
38 -563.87628174 -6.26529202
39 -563.87774658 -6.26530830
40 -563.87847900 -6.26531643
41 -563.87860107 -6.26531779
42 -563.87799072 -6.26531101
43 -563.87805176 -6.26531169
44 -563.87866211 -6.26531847
45 -563.87847900 -6.26531643
46 -563.87792969 -6.26531033
47 -563.87915039 -6.26532389
48 -563.87921143 -6.26532457
49 -563.87921143 -6.26532457
50 -563.87957764 -6.26532864
51 -563.87939453 -6.26532661
52 -563.87957764 -6.26532864
53 -563.87921143 -6.26532457
54 -563.87921143 -6.26532457
55 -563.87823486 -6.26531372
56 -563.87896729 -6.26532186
57 -563.87927246 -6.26532525
58 -563.87939453 -6.26532661
59 -563.87829590 -6.26531440
60 -563.87792969 -6.26531033
61 -563.87896729 -6.26532186
62 -563.87890625 -6.26532118
63 -563.87872314 -6.26531915
64 -563.87939453 -6.26532661
65 -563.87933350 -6.26532593
66 -563.87921143 -6.26532457
67 -563.87957764 -6.26532864
68 -563.87982178 -6.26533135
69 -563.87963867 -6.26532932
70 -563.88012695 -6.26533474
71 -563.88018799 -6.26533542
72 -563.87994385 -6.26533271
73 -563.88018799 -6.26533542
74 -563.87994385 -6.26533271
75 -563.87988281 -6.26533203
76 -563.87872314 -6.26531915
77 -563.87988281 -6.26533203
78 -563.88024902 -6.26533610
79 -563.88061523 -6.26534017
80 -563.88018799 -6.26533542
81 -563.88031006 -6.26533678
82 -563.88061523 -6.26534017
83 -563.88098145 -6.26534424
84 -563.88079834 -6.26534220
85 -563.88159180 -6.26535102
86 -563.88018799 -6.26533542
87 -563.88146973 -6.26534966
88 -563.88061523 -6.26534017
89 -563.88073730 -6.26534153
90 -563.88018799 -6.26533542
91 -563.88092041 -6.26534356
92 -563.88110352 -6.26534559
93 -563.88067627 -6.26534085
94 -563.88146973 -6.26534966
95 -563.88104248 -6.26534492
96 -563.88153076 -6.26535034
97 -563.88079834 -6.26534220
98 -563.88128662 -6.26534763
99 -563.88153076 -6.26535034
100 -563.88214111 -6.26535712
101 -563.88146973 -6.26534966
102 -563.88189697 -6.26535441
103 -563.88256836 -6.26536187
104 -563.88305664 -6.26536730
105 -563.88262939 -6.26536255
106 -563.88165283 -6.26535170
107 -563.88311768 -6.26536797
108 -563.88354492 -6.26537272
109 -563.88305664 -6.26536730
110 -563.88336182 -6.26537069
111 -563.88354492 -6.26537272
112 -563.88311768 -6.26536797
113 -563.88208008 -6.26535645
114 -563.88208008 -6.26535645
115 -563.88287354 -6.26536526
116 -563.88244629 -6.26536051
117 -563.88189697 -6.26535441
118 -563.88220215 -6.26535780
119 -563.88269043 -6.26536323
120 -563.88269043 -6.26536323
121 -563.88250732 -6.26536119
122 -563.88275146 -6.26536391
123 -563.88195801 -6.26535509
124 -563.88244629 -6.26536051
125 -563.88262939 -6.26536255
126 -563.88226318 -6.26535848
127 -563.88275146 -6.26536391
128 -563.88256836 -6.26536187
129 -563.88226318 -6.26535848
130 -563.88250732 -6.26536119
131 -563.88177490 -6.26535305
132 -563.88244629 -6.26536051
133 -563.88269043 -6.26536323
134 -563.88336182 -6.26537069
135 -563.88250732 -6.26536119
136 -563.88256836 -6.26536187
137 -563.88146973 -6.26534966
138 -563.88165283 -6.26535170
139 -563.88208008 -6.26535645
140 -563.88159180 -6.26535102
141 -563.88171387 -6.26535238
142 -563.88073730 -6.26534153
143 -563.88177490 -6.26535305
144 -563.88153076 -6.26535034
145 -563.88159180 -6.26535102
146 -563.88122559 -6.26534695
147 -563.88128662 -6.26534763
148 -563.88049316 -6.26533881
149 -563.88098145 -6.26534424
150 -563.88067627 -6.26534085
151 -563.88116455 -6.26534627
152 -563.87988281 -6.26533203
153 -563.88116455 -6.26534627
154 -563.88140869 -6.26534899
155 -563.88067627 -6.26534085
156 -563.88073730 -6.26534153
157 -563.88092041 -6.26534356
158 -563.88092041 -6.26534356
159 -563.87994385 -6.26533271
160 -563.88000488 -6.26533339
161 -563.88134766 -6.26534831
162 -563.88031006 -6.26533678
163 -563.88098145 -6.26534424
164 -563.88104248 -6.26534492
165 -563.88110352 -6.26534559
166 -563.88128662 -6.26534763
167 -563.88049316 -6.26533881
168 -563.88061523 -6.26534017
169 -563.87988281 -6.26533203
170 -563.87982178 -6.26533135
171 -563.87915039 -6.26532389
172 -563.87921143 -6.26532457
173 -563.88018799 -6.26533542
174 -563.88049316 -6.26533881
175 -563.88012695 -6.26533474
176 -563.87982178 -6.26533135
177 -563.87939453 -6.26532661
178 -563.88031006 -6.26533678
179 -563.87994385 -6.26533271
180 -563.88000488 -6.26533339
181 -563.88018799 -6.26533542
182 -563.87902832 -6.26532254
183 -563.87939453 -6.26532661
184 -563.87939453 -6.26532661
185 -563.87915039 -6.26532389
186 -563.87908936 -6.26532322
187 -563.87976074 -6.26533067
188 -563.88006592 -6.26533407
189 -563.88037109 -6.26533746
190 -563.88012695 -6.26533474
191 -563.88006592 -6.26533407
192 -563.87988281 -6.26533203
193 -563.87976074 -6.26533067
194 -563.88098145 -6.26534424
195 -563.88024902 -6.26533610
196 -563.88110352 -6.26534559
197 -563.88006592 -6.26533407
198 -563.88055420 -6.26533949
199 -563.88067627 -6.26534085
200 -563.88037109 -6.26533746
201 -563.88000488 -6.26533339
202 -563.88006592 -6.26533407
203 -563.87921143 -6.26532457
204 -563.87951660 -6.26532796
205 -563.87957764 -6.26532864
206 -563.87921143 -6.26532457
207 -563.87921143 -6.26532457
208 -563.87945557 -6.26532728
209 -563.87896729 -6.26532186
210 -563.87982178 -6.26533135
211 -563.87890625 -6.26532118
212 -563.87854004 -6.26531711
213 -563.87915039 -6.26532389
214 -563.87963867 -6.26532932
215 -563.87878418 -6.26531982
216 -563.87921143 -6.26532457
217 -563.87957764 -6.26532864
218 -563.87902832 -6.26532254
219 -563.87933350 -6.26532593
220 -563.88006592 -6.26533407
221 -563.88031006 -6.26533678
222 -563.87939453 -6.26532661
223 -563.88012695 -6.26533474
224 -563.87969971 -6.26533000
225 -563.88000488 -6.26533339
226 -563.88073730 -6.26534153
227 -563.88098145 -6.26534424
228 -563.88159180 -6.26535102
229 -563.88037109 -6.26533746
230 -563.88043213 -6.26533813
231 -563.87945557 -6.26532728
232 -563.87957764 -6.26532864
233 -563.88000488 -6.26533339
234 -563.88000488 -6.26533339
235 -563.87908936 -6.26532322
236 -563.88012695 -6.26533474
237 -563.88006592 -6.26533407
238 -563.87982178 -6.26533135
239 -563.87939453 -6.26532661
240 -563.87969971 -6.26533000
241 -563.87976074 -6.26533067
242 -563.87982178 -6.26533135
243 -563.87988281 -6.26533203
244 -563.88067627 -6.26534085
245 -563.88043213 -6.26533813
246 -563.88000488 -6.26533339
247 -563.87982178 -6.26533135
248 -563.88073730 -6.26534153
249 -563.88043213 -6.26533813
250 -563.88067627 -6.26534085
251 -563.88055420 -6.26533949
252 -563.87957764 -6.26532864
253 -563.88012695 -6.26533474
254 -563.88024902 -6.26533610
255 -563.87976074 -6.26533067
256 -563.88006592 -6.26533407
257 -563.87945557 -6.26532728
258 -563.87866211 -6.26531847
259 -563.87872314 -6.26531915
260 -563.87860107 -6.26531779
261 -563.87890625 -6.26532118
262 -563.87884521 -6.26532050
263 -563.87921143 -6.26532457
264 -563.87969971 -6.26533000
265 -563.87976074 -6.26533067
266 -563.87878418 -6.26531982
267 -563.87933350 -6.26532593
268 -563.87854004 -6.26531711
269 -563.87792969 -6.26531033
270 -563.87805176 -6.26531169
271 -563.87829590 -6.26531440
272 -563.87939453 -6.26532661
273 -563.87799072 -6.26531101
274 -563.87786865 -6.26530965
275 -563.87847900 -6.26531643
276 -563.87908936 -6.26532322
277 -563.87829590 -6.26531440
278 -563.87878418 -6.26531982
279 -563.87902832 -6.26532254
280 -563.87860107 -6.26531779
281 -563.87854004 -6.26531711
282 -563.87823486 -6.26531372
283 -563.87854004 -6.26531711
284 -563.87866211 -6.26531847
285 -563.87805176 -6.26531169
286 -563.87927246 -6.26532525
287 -563.87872314 -6.26531915
288 -563.87982178 -6.26533135
289 -563.87902832 -6.26532254
290 -563.87963867 -6.26532932
291 -563.87902832 -6.26532254
292 -563.87878418 -6.26531982
293 -563.87969971 -6.26533000
294 -563.87933350 -6.26532593
295 -563.87982178 -6.26533135
296 -563.87957764 -6.26532864
297 -563.87927246 -6.26532525
298 -563.87957764 -6.26532864
299 -563.87957764 -6.26532864
300 -563.87957764 -6.26532864
301 -563.87957764 -6.26532864
302 -563.88006592 -6.26533407
303 -563.87945557 -6.26532728
304 -563.88024902 -6.26533610
305 -563.88037109 -6.26533746
306 -563.87976074 -6.26533067
307 -563.87982178 -6.26533135
308 -563.87963867 -6.26532932
309 -563.87988281 -6.26533203
310 -563.88037109 -6.26533746
311 -563.88018799 -6.26533542
312 -563.88031006 -6.26533678
313 -563.87951660 -6.26532796
314 -563.88012695 -6.26533474
315 -563.88024902 -6.26533610
316 -563.87951660 -6.26532796
317 -563.88073730 -6.26534153
318 -563.88061523 -6.26534017
319 -563.88079834 -6.26534220
320 -563.88043213 -6.26533813
321 -563.87976074 -6.26533067
322 -563.87988281 -6.26533203
323 -563.88000488 -6.26533339
324 -563.88024902 -6.26533610
325 -563.88018799 -6.26533542
326 -563.88079834 -6.26534220
327 -563.88031006 -6.26533678
328 -563.88024902 -6.26533610
329 -563.87945557 -6.26532728
330 -563.87969971 -6.26533000
331 -563.87951660 -6.26532796
332 -563.87976074 -6.26533067
333 -563.87878418 -6.26531982
334 -563.87957764 -6.26532864
335 -563.88061523 -6.26534017
336 -563.88031006 -6.26533678
337 -563.87976074 -6.26533067
338 -563.88049316 -6.26533881
339 -563.87963867 -6.26532932
340 -563.88006592 -6.26533407
341 -563.87994385 -6.26533271
342 -563.87976074 -6.26533067
343 -563.87982178 -6.26533135
344 -563.88055420 -6.26533949
345 -563.87982178 -6.26533135
346 -563.87963867 -6.26532932
347 -563.87945557 -6.26532728
348 -563.87927246 -6.26532525
349 -563.87933350 -6.26532593
350 -563.87969971 -6.26533000
351 -563.88024902 -6.26533610
352 -563.88067627 -6.26534085
353 -563.88079834 -6.26534220
354 -563.88031006 -6.26533678
355 -563.88098145 -6.26534424
356 -563.88049316 -6.26533881
357 -563.88043213 -6.26533813
358 -563.87939453 -6.26532661
359 -563.88012695 -6.26533474
360 -563.88031006 -6.26533678
361 -563.88049316 -6.26533881
362 -563.88018799 -6.26533542
363 -563.87988281 -6.26533203
364 -563.87988281 -6.26533203
365 -563.88000488 -6.26533339
366 -563.87957764 -6.26532864
367 -563.88006592 -6.26533407
368 -563.87976074 -6.26533067
369 -563.87951660 -6.26532796
370 -563.87994385 -6.26533271
371 -563.87976074 -6.26533067
372 -563.87988281 -6.26533203
373 -563.88079834 -6.26534220
374 -563.88018799 -6.26533542
375 -563.88024902 -6.26533610
376 -563.87994385 -6.26533271
377 -563.88018799 -6.26533542
378 -563.87927246 -6.26532525
379 -563.87933350 -6.26532593
380 -563.87951660 -6.26532796
381 -563.87933350 -6.26532593
382 -563.87969971 -6.26533000
383 -563.87921143 -6.26532457
384 -563.87902832 -6.26532254
385 -563.87969971 -6.26533000
386 -563.87957764 -6.26532864
387 -563.88061523 -6.26534017
388 -563.87988281 -6.26533203
389 -563.87933350 -6.26532593
390 -563.88006592 -6.26533407
391 -563.87933350 -6.26532593
392 -563.87872314 -6.26531915
393 -563.87817383 -6.26531304
394 -563.87829590 -6.26531440
395 -563.87847900 -6.26531643
396 -563.87988281 -6.26533203
397 -563.87933350 -6.26532593
398 -563.87988281 -6.26533203
399 -563.87988281 -6.26533203
400 -563.88055420 -6.26533949
401 -563.87988281 -6.26533203
402 -563.88012695 -6.26533474
403 -563.87890625 -6.26532118
404 -563.87939453 -6.26532661
405 -563.87982178 -6.26533135
406 -563.87969971 -6.26533000
407 -563.87963867 -6.26532932
408 -563.87921143 -6.26532457
409 -563.87847900 -6.26531643
410 -563.87957764 -6.26532864
411 -563.87884521 -6.26532050
412 -563.87884521 -6.26532050
413 -563.87927246 -6.26532525
414 -563.87921143 -6.26532457
415 -563.87976074 -6.26533067
416 -563.87957764 -6.26532864
417 -563.87878418 -6.26531982
418 -563.87982178 -6.26533135
419 -563.87951660 -6.26532796
420 -563.87939453 -6.26532661
421 -563.87945557 -6.26532728
422 -563.87872314 -6.26531915
423 -563.88012695 -6.26533474
424 -563.87927246 -6.26532525
425 -563.87945557 -6.26532728
426 -563.88012695 -6.26533474
427 -563.87951660 -6.26532796
428 -563.88006592 -6.26533407
429 -563.87939453 -6.26532661
430 -563.87933350 -6.26532593
431 -563.87957764 -6.26532864
432 -563.87982178 -6.26533135
433 -563.87994385 -6.26533271
434 -563.87963867 -6.26532932
435 -563.87994385 -6.26533271
436 -563.87902832 -6.26532254
437 -563.87945557 -6.26532728
438 -563.87988281 -6.26533203
439 -563.87927246 -6.26532525
440 -563.87982178 -6.26533135
441 -563.87872314 -6.26531915
442 -563.87933350 -6.26532593
443 -563.87890625 -6.26532118
444 -563.87988281 -6.26533203
445 -563.87939453 -6.26532661
446 -563.87908936 -6.26532322
447 -563.87884521 -6.26532050
448 -563.87878418 -6.26531982
449 -563.87945557 -6.26532728
450 -563.87902832 -6.26532254
451 -563.87921143 -6.26532457
452 -563.87951660 -6.26532796
453 -563.87933350 -6.26532593
454 -563.87927246 -6.26532525
455 -563.87927246 -6.26532525
456 -563.88000488 -6.26533339
457 -563.87994385 -6.26533271
458 -563.87988281 -6.26533203
459 -563.87969971 -6.26533000
460 -563.88024902 -6.26533610
461 -563.87963867 -6.26532932
462 -563.88043213 -6.26533813
463 -563.88024902 -6.26533610
464 -563.88110352 -6.26534559
465 -563.87982178 -6.26533135
466 -563.88031006 -6.26533678
467 -563.88031006 -6.26533678
468 -563.88061523 -6.26534017
469 -563.88067627 -6.26534085
470 -563.88104248 -6.26534492
471 -563.88171387 -6.26535238
472 -563.88165283 -6.26535170
473 -563.88177490 -6.26535305
474 -563.88153076 -6.26535034
475 -563.88140869 -6.26534899
476 -563.88183594 -6.26535373
477 -563.88165283 -6.26535170
478 -563.88122559 -6.26534695
479 -563.88073730 -6.26534153
480 -563.88159180 -6.26535102
481 -563.88104248 -6.26534492
482 -563.88055420 -6.26533949
483 -563.88092041 -6.26534356
484 -563.88189697 -6.26535441
485 -563.88079834 -6.26534220
486 -563.88043213 -6.26533813
487 -563.88067627 -6.26534085
488 -563.88055420 -6.26533949
489 -563.88031006 -6.26533678
490 -563.88128662 -6.26534763
491 -563.88104248 -6.26534492
492 -563.88092041 -6.26534356
493 -563.88085938 -6.26534288
494 -563.88104248 -6.26534492
495 -563.88037109 -6.26533746
496 -563.88073730 -6.26534153
497 -563.88079834 -6.26534220
498 -563.88049316 -6.26533881
499 -563.88085938 -6.26534288
500 -563.88043213 -6.26533813
501 -563.87921143 -6.26532457
502 -563.88049316 -6.26533881
503 -563.88043213 -6.26533813
504 -563.88073730 -6.26534153
505 -563.88006592 -6.26533407
506 -563.88049316 -6.26533881
507 -563.88000488 -6.26533339
508 -563.88012695 -6.26533474
509 -563.88012695 -6.26533474
510 -563.88079834 -6.26534220
511 -563.88067627 -6.26534085
512 -563.88140869 -6.26534899
513 -563.88146973 -6.26534966
514 -563.88049316 -6.26533881
515 -563.88110352 -6.26534559
516 -563.88092041 -6.26534356
517 -563.88067627 -6.26534085
518 -563.88116455 -6.26534627
519 -563.88171387 -6.26535238
520 -563.88043213 -6.26533813
521 -563.88116455 -6.26534627
522 -563.88085938 -6.26534288
523 -563.88134766 -6.26534831
524 -563.88146973 -6.26534966
525 -563.88201904 -6.26535577
526 -563.88043213 -6.26533813
527 -563.88098145 -6.26534424
528 -563.88037109 -6.26533746
529 -563.88037109 -6.26533746
530 -563.88104248 -6.26534492
531 -563.88104248 -6.26534492
532 -563.88006592 -6.26533407
533 -563.88140869 -6.26534899
534 -563.88140869 -6.26534899
535 -563.88226318 -6.26535848
536 -563.88208008 -6.26535645
537 -563.88177490 -6.26535305
538 -563.88195801 -6.26535509
539 -563.88171387 -6.26535238
540 -563.88159180 -6.26535102
541 -563.88189697 -6.26535441
542 -563.88128662 -6.26534763
543 -563.88092041 -6.26534356
544 -563.88165283 -6.26535170
545 -563.88146973 -6.26534966
546 -563.88244629 -6.26536051
547 -563.88214111 -6.26535712
548 -563.88128662 -6.26534763
549 -563.88146973 -6.26534966
550 -563.88098145 -6.26534424
551 -563.88177490 -6.26535305
552 -563.88256836 -6.26536187
553 -563.88262939 -6.26536255
554 -563.88195801 -6.26535509
555 -563.88226318 -6.26535848
556 -563.88238525 -6.26535984
557 -563.88165283 -6.26535170
558 -563.88214111 -6.26535712
559 -563.88220215 -6.26535780
560 -563.88177490 -6.26535305
561 -563.88208008 -6.26535645
562 -563.88208008 -6.26535645
563 -563.88281250 -6.26536458
564 -563.88195801 -6.26535509
565 -563.88250732 -6.26536119
566 -563.88232422 -6.26535916
567 -563.88287354 -6.26536526
568 -563.88299561 -6.26536662
569 -563.88287354 -6.26536526
570 -563.88293457 -6.26536594
571 -563.88293457 -6.26536594
572 -563.88391113 -6.26537679
