0 -579.03900146 -6.09514738
1 -579.07165527 -6.09549111
2 -579.09356689 -6.09572176
3 -579.11273193 -6.09592349
4 -579.12738037 -6.09607769
5 -579.13903809 -6.09620040
6 -579.14837646 -6.09629870
7 -579.15875244 -6.09640792
8 -579.16644287 -6.09648887
9 -579.17456055 -6.09657432
10 -579.18127441 -6.09664499
11 -579.18780518 -6.09671374
12 -579.19140625 -6.09675164
13 -579.19787598 -6.09681975
14 -579.20263672 -6.09686986
15 -579.20635986 -6.09690905
16 -579.21105957 -6.09695852
17 -579.21435547 -6.09699322
18 -579.21887207 -6.09704076
19 -579.22198486 -6.09707352
20 -579.22589111 -6.09711464
21 -579.22875977 -6.09714484
22 -579.23321533 -6.09719174
23 -579.23657227 -6.09722708
24 -579.23950195 -6.09725792
25 -579.24298096 -6.09729454
26 -579.24584961 -6.09732473
27 -579.24963379 -6.09736457
28 -579.25231934 -6.09739284
29 -579.25524902 -6.09742367
30 -579.25683594 -6.09744038
31 -579.25988770 -6.09747250
32 -579.26202393 -6.09749499
33 -579.26544189 -6.09753097
34 -579.26776123 -6.09755538
35 -579.26947021 -6.09757337
36 -579.27258301 -6.09760614
37 -579.27471924 -6.09762862
38 -579.27740479 -6.09765689
39 -579.27923584 -6.09767617
40 -579.27996826 -6.09768388
41 -579.28173828 -6.09770251
42 -579.28314209 -6.09771729
43 -579.28497314 -6.09773656
44 -579.28735352 -6.09776162
45 -579.29010010 -6.09779053
46 -579.29211426 -6.09781173
47 -579.29382324 -6.09782972
48 -579.29595947 -6.09785220
49 -579.29949951 -6.09788947
50 -579.29937744 -6.09788818
51 -579.30065918 -6.09790168
52 -579.30273438 -6.09792352
53 -579.30474854 -6.09794472
54 -579.30590820 -6.09795693
55 -579.30712891 -6.09796978
56 -579.30950928 -6.09799483
57 -579.30987549 -6.09799869
58 -579.31176758 -6.09801861
59 -579.31317139 -6.09803338
60 -579.31384277 -6.09804045
61 -579.31530762 -6.09805587
62 -579.31683350 -6.09807193
63 -579.31781006 -6.09808221
64 -579.31805420 -6.09808478
65 -579.31951904 -6.09810020
66 -579.31982422 -6.09810341
67 -579.32086182 -6.09811433
68 -579.32287598 -6.09813554
69 -579.32342529 -6.09814132
70 -579.32293701 -6.09813618
71 -579.32562256 -6.09816445
72 -579.32556152 -6.09816381
73 -579.32641602 -6.09817280
74 -579.32659912 -6.09817473
75 -579.32885742 -6.09819850
76 -579.32757568 -6.09818501
77 -579.32879639 -6.09819786
78 -579.32855225 -6.09819529
79 -579.33062744 -6.09821713
80 -579.33117676 -6.09822291
81 -579.33251953 -6.09823705
82 -579.33276367 -6.09823962
83 -579.33343506 -6.09824668
84 -579.33380127 -6.09825054
85 -579.33477783 -6.09826082
86 -579.33581543 -6.09827174
87 -579.33734131 -6.09828780
88 -579.33697510 -6.09828395
89 -579.33892822 -6.09830451
90 -579.33917236 -6.09830708
91 -579.34082031 -6.09832442
92 -579.34124756 -6.09832892
93 -579.34118652 -6.09832828
94 -579.34173584 -6.09833406
95 -579.34320068 -6.09834948
96 -579.34368896 -6.09835462
97 -579.34497070 -6.09836811
98 -579.34521484 -6.09837068
99 -579.34600830 -6.09837903
100 -579.34655762 -6.09838482
101 -579.34643555 -6.09838353
102 -579.34851074 -6.09840538
103 -579.34814453 -6.09840152
104 -579.34960938 -6.09841694
105 -579.34967041 -6.09841758
106 -579.35040283 -6.09842529
107 -579.35198975 -6.09844200
108 -579.35211182 -6.09844328
109 -579.35333252 -6.09845613
110 -579.35327148 -6.09845549
111 -579.35388184 -6.09846191
112 -579.35394287 -6.09846256
113 -579.35443115 -6.09846770
114 -579.35467529 -6.09847027
115 -579.35601807 -6.09848440
116 -579.35662842 -6.09849083
117 -579.35699463 -6.09849468
118 -579.35723877 -6.09849725
119 -579.35729980 -6.09849789
120 -579.35876465 -6.09851331
121 -579.35888672 -6.09851460
122 -579.35974121 -6.09852359
123 -579.35986328 -6.09852488
124 -579.36016846 -6.09852809
125 -579.36071777 -6.09853387
126 -579.36145020 -6.09854158
127 -579.36212158 -6.09854865
128 -579.36181641 -6.09854544
129 -579.36254883 -6.09855315
130 -579.36218262 -6.09854929
131 -579.36248779 -6.09855250
132 -579.36285400 -6.09855636
133 -579.36358643 -6.09856407
134 -579.36444092 -6.09857306
135 -579.36413574 -6.09856985
136 -579.36407471 -6.09856921
137 -579.36541748 -6.09858334
138 -579.36560059 -6.09858527
139 -579.36608887 -6.09859041
140 -579.36614990 -6.09859105
141 -579.36651611 -6.09859491
142 -579.36694336 -6.09859940
143 -579.36718750 -6.09860197
144 -579.36785889 -6.09860904
145 -579.36816406 -6.09861225
146 -579.36926270 -6.09862382
147 -579.36889648 -6.09861996
148 -579.36975098 -6.09862896
149 -579.36944580 -6.09862575
150 -579.36907959 -6.09862189
151 -579.37030029 -6.09863474
152 -579.37017822 -6.09863345
153 -579.37030029 -6.09863474
154 -579.37030029 -6.09863474
155 -579.37121582 -6.09864438
156 -579.37231445 -6.09865594
157 -579.37145996 -6.09864695
158 -579.37158203 -6.09864823
159 -579.37164307 -6.09864887
160 -579.37194824 -6.09865209
161 -579.37194824 -6.09865209
162 -579.37316895 -6.09866494
163 -579.37322998 -6.09866558
164 -579.37298584 -6.09866301
165 -579.37414551 -6.09867522
166 -579.37500000 -6.09868421
167 -579.37457275 -6.09867971
168 -579.37487793 -6.09868293
169 -579.37591553 -6.09869385
170 -579.37542725 -6.09868871
171 -579.37603760 -6.09869513
172 -579.37573242 -6.09869192
173 -579.37731934 -6.09870862
174 -579.37670898 -6.09870220
175 -579.37707520 -6.09870605
176 -579.37628174 -6.09869770
177 -579.37725830 -6.09870798
178 -579.37762451 -6.09871184
179 -579.37799072 -6.09871569
180 -579.37811279 -6.09871698
181 -579.37878418 -6.09872404
182 -579.37854004 -6.09872147
183 -579.37908936 -6.09872726
184 -579.37939453 -6.09873047
185 -579.37994385 -6.09873625
186 -579.37927246 -6.09872918
187 -579.37927246 -6.09872918
188 -579.38037109 -6.09874075
189 -579.38012695 -6.09873818
190 -579.38018799 -6.09873882
191 -579.38104248 -6.09874782
192 -579.38165283 -6.09875424
193 -579.38140869 -6.09875167
194 -579.38049316 -6.09874203
195 -579.38128662 -6.09875039
196 -579.38195801 -6.09875745
197 -579.38171387 -6.09875488
198 -579.38153076 -6.09875296
199 -579.38171387 -6.09875488
200 -579.38140869 -6.09875167
201 -579.38269043 -6.09876516
202 -579.38244629 -6.09876259
203 -579.38287354 -6.09876709
204 -579.38171387 -6.09875488
205 -579.38250732 -6.09876323
206 -579.38250732 -6.09876323
207 -579.38201904 -6.09875810
208 -579.38171387 -6.09875488
209 -579.38220215 -6.09876002
210 -579.38214111 -6.09875938
211 -579.38189697 -6.09875681
212 -579.38220215 -6.09876002
213 -579.38128662 -6.09875039
214 -579.38146973 -6.09875231
215 -579.38208008 -6.09875874
216 -579.38232422 -6.09876131
217 -579.38189697 -6.09875681
218 -579.38232422 -6.09876131
219 -579.38220215 -6.09876002
220 -579.38232422 -6.09876131
221 -579.38305664 -6.09876902
222 -579.38336182 -6.09877223
223 -579.38348389 -6.09877351
224 -579.38391113 -6.09877801
225 -579.38269043 -6.09876516
226 -579.38348389 -6.09877351
227 -579.38342285 -6.09877287
228 -579.38421631 -6.09878122
229 -579.38403320 -6.09877930
230 -579.38446045 -6.09878379
231 -579.38488770 -6.09878829
232 -579.38446045 -6.09878379
233 -579.38537598 -6.09879343
234 -579.38500977 -6.09878958
235 -579.38507080 -6.09879022
236 -579.38555908 -6.09879536
237 -579.38549805 -6.09879472
238 -579.38623047 -6.09880243
239 -579.38604736 -6.09880050
240 -579.38574219 -6.09879729
241 -579.38671875 -6.09880757
242 -579.38702393 -6.09881078
243 -579.38714600 -6.09881206
244 -579.38806152 -6.09882170
245 -579.38824463 -6.09882363
246 -579.38830566 -6.09882427
247 -579.38848877 -6.09882620
248 -579.38854980 -6.09882684
249 -579.39007568 -6.09884290
250 -579.38897705 -6.09883134
251 -579.39019775 -6.09884419
252 -579.38916016 -6.09883326
253 -579.38940430 -6.09883583
254 -579.38867188 -6.09882812
255 -579.38977051 -6.09883969
256 -579.39056396 -6.09884804
257 -579.39019775 -6.09884419
258 -579.39160156 -6.09885896
259 -579.39141846 -6.09885704
260 -579.39184570 -6.09886153
261 -579.39147949 -6.09885768
262 -579.39196777 -6.09886282
263 -579.39263916 -6.09886989
264 -579.39190674 -6.09886218
265 -579.39337158 -6.09887760
266 -579.39257812 -6.09886924
267 -579.39288330 -6.09887246
268 -579.39312744 -6.09887503
269 -579.39312744 -6.09887503
270 -579.39300537 -6.09887374
271 -579.39379883 -6.09888209
272 -579.39373779 -6.09888145
273 -579.39422607 -6.09888659
274 -579.39465332 -6.09889109
275 -579.39587402 -6.09890394
276 -579.39611816 -6.09890651
277 -579.39630127 -6.09890843
278 -579.39617920 -6.09890715
279 -579.39624023 -6.09890779
280 -579.39654541 -6.09891100
281 -579.39733887 -6.09891936
282 -579.39678955 -6.09891357
283 -579.39764404 -6.09892257
284 -579.39733887 -6.09891936
285 -579.39758301 -6.09892193
286 -579.39776611 -6.09892385
287 -579.39709473 -6.09891679
288 -579.39739990 -6.09892000
289 -579.39764404 -6.09892257
290 -579.39758301 -6.09892193
291 -579.39764404 -6.09892257
292 -579.39813232 -6.09892771
293 -579.40008545 -6.09894827
294 -579.40057373 -6.09895341
295 -579.40075684 -6.09895534
296 -579.40051270 -6.09895277
297 -579.40057373 -6.09895341
298 -579.40087891 -6.09895662
299 -579.40173340 -6.09896561
300 -579.40240479 -6.09897268
301 -579.40264893 -6.09897525
302 -579.40228271 -6.09897140
303 -579.40307617 -6.09897975
304 -579.40234375 -6.09897204
305 -579.40338135 -6.09898296
306 -579.40252686 -6.09897397
307 -579.40411377 -6.09899067
308 -579.40283203 -6.09897718
309 -579.40283203 -6.09897718
310 -579.40344238 -6.09898360
311 -579.40362549 -6.09898553
312 -579.40338135 -6.09898296
313 -579.40380859 -6.09898746
314 -579.40466309 -6.09899645
315 -579.40460205 -6.09899581
316 -579.40393066 -6.09898874
317 -579.40417480 -6.09899131
318 -579.40441895 -6.09899388
319 -579.40386963 -6.09898810
320 -579.40472412 -6.09899710
321 -579.40502930 -6.09900031
322 -579.40509033 -6.09900095
323 -579.40521240 -6.09900224
324 -579.40570068 -6.09900738
325 -579.40557861 -6.09900609
326 -579.40679932 -6.09901894
327 -579.40728760 -6.09902408
328 -579.40679932 -6.09901894
329 -579.40637207 -6.09901444
330 -579.40692139 -6.09902023
331 -579.40740967 -6.09902536
332 -579.40722656 -6.09902344
333 -579.40783691 -6.09902986
334 -579.40771484 -6.09902858
335 -579.40856934 -6.09903757
336 -579.40966797 -6.09904914
337 -579.40960693 -6.09904849
338 -579.40924072 -6.09904464
339 -579.40960693 -6.09904849
340 -579.40887451 -6.09904078
341 -579.40911865 -6.09904335
342 -579.40881348 -6.09904014
343 -579.41009521 -6.09905363
344 -579.41027832 -6.09905556
345 -579.41064453 -6.09905942
346 -579.40954590 -6.09904785
347 -579.40997314 -6.09905235
348 -579.40997314 -6.09905235
349 -579.41107178 -6.09906391
350 -579.41156006 -6.09906905
351 -579.41131592 -6.09906648
352 -579.41149902 -6.09906841
353 -579.41235352 -6.09907741
354 -579.41125488 -6.09906584
355 -579.41149902 -6.09906841
356 -579.41290283 -6.09908319
357 -579.41326904 -6.09908704
358 -579.41394043 -6.09909411
359 -579.41400146 -6.09909475
360 -579.41485596 -6.09910375
361 -579.41455078 -6.09910053
362 -579.41479492 -6.09910310
363 -579.41418457 -6.09909668
364 -579.41528320 -6.09910824
365 -579.41662598 -6.09912238
366 -579.41632080 -6.09911917
367 -579.41613770 -6.09911724
368 -579.41644287 -6.09912045
369 -579.41638184 -6.09911981
370 -579.41662598 -6.09912238
371 -579.41680908 -6.09912431
372 -579.41723633 -6.09912880
373 -579.41760254 -6.09913266
374 -579.41705322 -6.09912688
375 -579.41815186 -6.09913844
376 -579.41925049 -6.09915001
377 -579.41912842 -6.09914872
378 -579.41790771 -6.09913587
379 -579.41790771 -6.09913587
380 -579.41827393 -6.09913973
381 -579.41900635 -6.09914744
382 -579.41967773 -6.09915450
383 -579.41973877 -6.09915514
384 -579.42071533 -6.09916542
385 -579.42114258 -6.09916992
386 -579.42065430 -6.09916478
387 -579.42120361 -6.09917056
388 -579.42138672 -6.09917249
389 -579.42126465 -6.09917121
390 -579.42242432 -6.09918341
391 -579.42181396 -6.09917699
392 -579.42205811 -6.09917956
393 -579.42205811 -6.09917956
394 -579.42279053 -6.09918727
395 -579.42272949 -6.09918663
396 -579.42224121 -6.09918149
397 -579.42352295 -6.09919498
398 -579.42260742 -6.09918534
399 -579.42358398 -6.09919562
400 -579.42370605 -6.09919691
401 -579.42333984 -6.09919305
402 -579.42382812 -6.09919819
403 -579.42474365 -6.09920783
404 -579.42364502 -6.09919626
405 -579.42315674 -6.09919112
406 -579.42492676 -6.09920976
407 -579.42443848 -6.09920462
408 -579.42443848 -6.09920462
409 -579.42553711 -6.09921618
410 -579.42504883 -6.09921104
411 -579.42492676 -6.09920976
412 -579.42474365 -6.09920783
413 -579.42449951 -6.09920526
414 -579.42425537 -6.09920269
415 -579.42456055 -6.09920590
416 -579.42523193 -6.09921297
417 -579.42456055 -6.09920590
418 -579.42541504 -6.09921490
419 -579.42608643 -6.09922196
420 -579.42449951 -6.09920526
421 -579.42529297 -6.09921361
422 -579.42425537 -6.09920269
423 -579.42510986 -6.09921168
424 -579.42498779 -6.09921040
425 -579.42529297 -6.09921361
426 -579.42565918 -6.09921747
427 -579.42559814 -6.09921682
428 -579.42529297 -6.09921361
429 -579.42456055 -6.09920590
430 -579.42517090 -6.09921233
431 -579.42443848 -6.09920462
432 -579.42578125 -6.09921875
433 -579.42608643 -6.09922196
434 -579.42535400 -6.09921425
435 -579.42608643 -6.09922196
436 -579.42669678 -6.09922839
437 -579.42639160 -6.09922517
438 -579.42687988 -6.09923031
439 -579.42633057 -6.09922453
440 -579.42639160 -6.09922517
441 -579.42590332 -6.09922003
442 -579.42590332 -6.09922003
443 -579.42608643 -6.09922196
444 -579.42572021 -6.09921811
445 -579.42541504 -6.09921490
446 -579.42651367 -6.09922646
447 -579.42596436 -6.09922068
448 -579.42578125 -6.09921875
449 -579.42687988 -6.09923031
450 -579.42517090 -6.09921233
451 -579.42565918 -6.09921747
452 -579.42626953 -6.09922389
453 -579.42602539 -6.09922132
454 -579.42456055 -6.09920590
455 -579.42498779 -6.09921040
456 -579.42523193 -6.09921297
457 -579.42504883 -6.09921104
458 -579.42529297 -6.09921361
459 -579.42523193 -6.09921297
460 -579.42626953 -6.09922389
461 -579.42529297 -6.09921361
462 -579.42492676 -6.09920976
463 -579.42462158 -6.09920654
464 -579.42486572 -6.09920911
465 -579.42559814 -6.09921682
466 -579.42456055 -6.09920590
467 -579.42517090 -6.09921233
468 -579.42486572 -6.09920911
469 -579.42443848 -6.09920462
470 -579.42498779 -6.09921040
471 -579.42486572 -6.09920911
472 -579.42498779 -6.09921040
473 -579.42486572 -6.09920911
474 -579.42535400 -6.09921425
475 -579.42504883 -6.09921104
476 -579.42547607 -6.09921554
477 -579.42547607 -6.09921554
478 -579.42553711 -6.09921618
479 -579.42498779 -6.09921040
480 -579.42468262 -6.09920719
481 -579.42474365 -6.09920783
482 -579.42517090 -6.09921233
483 -579.42474365 -6.09920783
484 -579.42523193 -6.09921297
485 -579.42541504 -6.09921490
486 -579.42572021 -6.09921811
487 -579.42584229 -6.09921939
488 -579.42626953 -6.09922389
489 -579.42553711 -6.09921618
490 -579.42700195 -6.09923160
491 -579.42651367 -6.09922646
492 -579.42572021 -6.09921811
493 -579.42651367 -6.09922646
494 -579.42669678 -6.09922839
495 -579.42633057 -6.09922453
496 -579.42779541 -6.09923995
497 -579.42602539 -6.09922132
498 -579.42675781 -6.09922903
499 -579.42694092 -6.09923096
500 -579.42675781 -6.09922903
501 -579.42675781 -6.09922903
502 -579.42675781 -6.09922903
503 -579.42706299 -6.09923224
504 -579.42779541 -6.09923995
505 -579.42706299 -6.09923224
506 -579.42767334 -6.09923867
507 -579.42724609 -6.09923417
508 -579.42816162 -6.09924381
509 -579.42736816 -6.09923545
510 -579.42633057 -6.09922453
511 -579.42633057 -6.09922453
512 -579.42608643 -6.09922196
513 -579.42620850 -6.09922325
514 -579.42633057 -6.09922453
515 -579.42718506 -6.09923353
516 -579.42614746 -6.09922260
517 -579.42602539 -6.09922132
518 -579.42700195 -6.09923160
519 -579.42700195 -6.09923160
520 -579.42724609 -6.09923417
521 -579.42590332 -6.09922003
522 -579.42639160 -6.09922517
523 -579.42718506 -6.09923353
524 -579.42639160 -6.09922517
525 -579.42736816 -6.09923545
526 -579.42755127 -6.09923738
527 -579.42779541 -6.09923995
528 -579.42767334 -6.09923867
529 -579.42742920 -6.09923610
530 -579.42828369 -6.09924509
531 -579.42779541 -6.09923995
532 -579.42889404 -6.09925152
533 -579.42889404 -6.09925152
534 -579.42730713 -6.09923481
535 -579.42889404 -6.09925152
536 -579.42968750 -6.09925987
537 -579.42913818 -6.09925409
538 -579.42864990 -6.09924895
539 -579.42877197 -6.09925023
540 -579.42980957 -6.09926115
541 -579.42962646 -6.09925923
542 -579.43096924 -6.09927336
543 -579.43096924 -6.09927336
544 -579.43011475 -6.09926437
545 -579.43115234 -6.09927529
546 -579.43103027 -6.09927400
547 -579.43151855 -6.09927914
548 -579.43121338 -6.09927593
549 -579.43139648 -6.09927786
550 -579.43157959 -6.09927979
551 -579.43194580 -6.09928364
552 -579.43145752 -6.09927850
553 -579.43127441 -6.09927657
554 -579.43127441 -6.09927657
555 -579.43182373 -6.09928236
556 -579.43261719 -6.09929071
557 -579.43267822 -6.09929135
558 -579.43359375 -6.09930099
559 -579.43328857 -6.09929777
560 -579.43310547 -6.09929585
561 -579.43395996 -6.09930484
562 -579.43359375 -6.09930099
563 -579.43322754 -6.09929713
564 -579.43206787 -6.09928492
565 -579.43304443 -6.09929520
566 -579.43292236 -6.09929392
567 -579.43304443 -6.09929520
568 -579.43359375 -6.09930099
569 -579.43432617 -6.09930870
570 -579.43463135 -6.09931191
571 -579.43444824 -6.09930998
572 -579.43518066 -6.09931769
573 -579.43511963 -6.09931705
574 -579.43505859 -6.09931641
575 -579.43572998 -6.09932347
576 -579.43585205 -6.09932476
577 -579.43530273 -6.09931898
578 -579.43524170 -6.09931833
579 -579.43566895 -6.09932283
580 -579.43560791 -6.09932219
581 -579.43444824 -6.09930998
582 -579.43536377 -6.09931962
583 -579.43542480 -6.09932026
584 -579.43591309 -6.09932540
585 -579.43646240 -6.09933118
586 -579.43652344 -6.09933183
587 -579.43682861 -6.09933504
588 -579.43682861 -6.09933504
589 -579.43658447 -6.09933247
590 -579.43621826 -6.09932861
591 -579.43621826 -6.09932861
592 -579.43646240 -6.09933118
593 -579.43652344 -6.09933183
594 -579.43731689 -6.09934018
595 -579.43798828 -6.09934725
596 -579.43652344 -6.09933183
597 -579.43884277 -6.09935624
598 -579.43920898 -6.09936009
599 -579.43969727 -6.09936523
600 -579.43847656 -6.09935238
601 -579.43804932 -6.09934789
602 -579.43865967 -6.09935431
603 -579.43780518 -6.09934532
604 -579.43988037 -6.09936716
605 -579.43902588 -6.09935817
606 -579.43969727 -6.09936523
607 -579.43902588 -6.09935817
608 -579.43975830 -6.09936588
609 -579.44030762 -6.09937166
610 -579.44024658 -6.09937102
611 -579.44097900 -6.09937873
612 -579.43975830 -6.09936588
613 -579.44091797 -6.09937808
614 -579.44183350 -6.09938772
615 -579.44104004 -6.09937937
616 -579.44152832 -6.09938451
617 -579.44177246 -6.09938708
618 -579.44152832 -6.09938451
619 -579.44287109 -6.09939864
620 -579.44378662 -6.09940828
621 -579.44299316 -6.09939993
622 -579.44329834 -6.09940314
623 -579.44390869 -6.09940957
624 -579.44439697 -6.09941470
625 -579.44470215 -6.09941792
626 -579.44445801 -6.09941535
627 -579.44470215 -6.09941792
628 -579.44537354 -6.09942498
629 -579.44592285 -6.09943077
