0 -768.97113037 -6.86581366
1 -768.99481201 -6.86602511
2 -769.01312256 -6.86618859
3 -769.02490234 -6.86629377
4 -769.03417969 -6.86637660
5 -769.04064941 -6.86643437
6 -769.04705811 -6.86649159
7 -769.05261230 -6.86654118
8 -769.05822754 -6.86659132
9 -769.06311035 -6.86663491
10 -769.06701660 -6.86666979
11 -769.06909180 -6.86668832
12 -769.07281494 -6.86672156
13 -769.07623291 -6.86675208
14 -769.08001709 -6.86678587
15 -769.08142090 -6.86679840
16 -769.08520508 -6.86683219
17 -769.08850098 -6.86686162
18 -769.08892822 -6.86686543
19 -769.09338379 -6.86690521
20 -769.09527588 -6.86692211
21 -769.09661865 -6.86693410
22 -769.10089111 -6.86697224
23 -769.10156250 -6.86697824
24 -769.10424805 -6.86700221
25 -769.10601807 -6.86701802
26 -769.10803223 -6.86703600
27 -769.10925293 -6.86704690
28 -769.11022949 -6.86705562
29 -769.11328125 -6.86708287
30 -769.11474609 -6.86709595
31 -769.11572266 -6.86710467
32 -769.11706543 -6.86711666
33 -769.11938477 -6.86713736
34 -769.12005615 -6.86714336
35 -769.12145996 -6.86715589
36 -769.12225342 -6.86716298
37 -769.12329102 -6.86717224
38 -769.12609863 -6.86719731
39 -769.12622070 -6.86719840
40 -769.12780762 -6.86721257
41 -769.12957764 -6.86722837
42 -769.12945557 -6.86722728
43 -769.13110352 -6.86724200
44 -769.12957764 -6.86722837
45 -769.13287354 -6.86725780
46 -769.13195801 -6.86724963
47 -769.13415527 -6.86726924
48 -769.13598633 -6.86728559
49 -769.13793945 -6.86730303
50 -769.13812256 -6.86730467
51 -769.13793945 -6.86730303
52 -769.13903809 -6.86731284
53 -769.14019775 -6.86732319
54 -769.14031982 -6.86732428
55 -769.14013672 -6.86732265
56 -769.14160156 -6.86733573
57 -769.14117432 -6.86733191
58 -769.14221191 -6.86734118
59 -769.14123535 -6.86733246
60 -769.14526367 -6.86736843
61 -769.14477539 -6.86736407
62 -769.14642334 -6.86737878
63 -769.14746094 -6.86738804
64 -769.14654541 -6.86737987
65 -769.14776611 -6.86739077
66 -769.14819336 -6.86739458
67 -769.14855957 -6.86739785
68 -769.14923096 -6.86740385
69 -769.14947510 -6.86740603
70 -769.14971924 -6.86740821
71 -769.15087891 -6.86741856
72 -769.15026855 -6.86741311
73 -769.15209961 -6.86742946
74 -769.15130615 -6.86742238
75 -769.15246582 -6.86743273
76 -769.15295410 -6.86743709
77 -769.15490723 -6.86745453
78 -769.15161133 -6.86742510
79 -769.15576172 -6.86746216
80 -769.15661621 -6.86746979
81 -769.15728760 -6.86747578
82 -769.15643311 -6.86746815
83 -769.15637207 -6.86746761
84 -769.15588379 -6.86746325
85 -769.15783691 -6.86748069
86 -769.15869141 -6.86748832
87 -769.15710449 -6.86747415
88 -769.15869141 -6.86748832
89 -769.15924072 -6.86749322
90 -769.15863037 -6.86748777
91 -769.15917969 -6.86749268
92 -769.15917969 -6.86749268
93 -769.15875244 -6.86748886
94 -769.15917969 -6.86749268
95 -769.15979004 -6.86749813
96 -769.15948486 -6.86749540
97 -769.16076660 -6.86750684
98 -769.15997314 -6.86749976
99 -769.16186523 -6.86751665
100 -769.16131592 -6.86751175
101 -769.15972900 -6.86749758
102 -769.16156006 -6.86751393
103 -769.16296387 -6.86752646
104 -769.16253662 -6.86752265
105 -769.16180420 -6.86751611
106 -769.16162109 -6.86751447
107 -769.16333008 -6.86752973
108 -769.16278076 -6.86752483
109 -769.16247559 -6.86752210
110 -769.16320801 -6.86752864
111 -769.16333008 -6.86752973
112 -769.16271973 -6.86752428
113 -769.16418457 -6.86753736
114 -769.16436768 -6.86753900
115 -769.16369629 -6.86753300
116 -769.16442871 -6.86753954
117 -769.16424561 -6.86753791
118 -769.16314697 -6.86752810
119 -769.16528320 -6.86754717
120 -769.16406250 -6.86753627
121 -769.16552734 -6.86754935
122 -769.16400146 -6.86753573
123 -769.16564941 -6.86755044
124 -769.16711426 -6.86756352
125 -769.16595459 -6.86755317
126 -769.16595459 -6.86755317
127 -769.16394043 -6.86753518
128 -769.16540527 -6.86754826
129 -769.16680908 -6.86756080
130 -769.16607666 -6.86755426
131 -769.16577148 -6.86755153
132 -769.16754150 -6.86756733
133 -769.16650391 -6.86755807
134 -769.16552734 -6.86754935
135 -769.16589355 -6.86755262
136 -769.16632080 -6.86755644
137 -769.16754150 -6.86756733
138 -769.16601562 -6.86755371
139 -769.16601562 -6.86755371
140 -769.16748047 -6.86756679
141 -769.16741943 -6.86756624
142 -769.16693115 -6.86756189
143 -769.16772461 -6.86756897
144 -769.16650391 -6.86755807
145 -769.16607666 -6.86755426
146 -769.16662598 -6.86755916
147 -769.16760254 -6.86756788
148 -769.16717529 -6.86756407
149 -769.16632080 -6.86755644
150 -769.16711426 -6.86756352
151 -769.16760254 -6.86756788
152 -769.16723633 -6.86756461
153 -769.16613770 -6.86755480
154 -769.16625977 -6.86755589
155 -769.16589355 -6.86755262
156 -769.16693115 -6.86756189
157 -769.16534424 -6.86754772
158 -769.16632080 -6.86755644
159 -769.16503906 -6.86754499
160 -769.16607666 -6.86755426
161 -769.16662598 -6.86755916
162 -769.16491699 -6.86754390
163 -769.16540527 -6.86754826
164 -769.16632080 -6.86755644
165 -769.16668701 -6.86755971
166 -769.16613770 -6.86755480
167 -769.16625977 -6.86755589
168 -769.16583252 -6.86755208
169 -769.16540527 -6.86754826
170 -769.16625977 -6.86755589
171 -769.16687012 -6.86756134
172 -769.16613770 -6.86755480
173 -769.16632080 -6.86755644
174 -769.16693115 -6.86756189
175 -769.16516113 -6.86754608
176 -769.16595459 -6.86755317
177 -769.16632080 -6.86755644
178 -769.16510010 -6.86754554
179 -769.16625977 -6.86755589
180 -769.16656494 -6.86755862
181 -769.16540527 -6.86754826
182 -769.16345215 -6.86753082
183 -769.16406250 -6.86753627
184 -769.16375732 -6.86753355
185 -769.16497803 -6.86754445
186 -769.16473389 -6.86754227
187 -769.16491699 -6.86754390
188 -769.16461182 -6.86754118
189 -769.16522217 -6.86754663
190 -769.16418457 -6.86753736
191 -769.16564941 -6.86755044
192 -769.16448975 -6.86754009
193 -769.16564941 -6.86755044
194 -769.16668701 -6.86755971
195 -769.16540527 -6.86754826
196 -769.16375732 -6.86753355
197 -769.16674805 -6.86756025
198 -769.16558838 -6.86754990
199 -769.16613770 -6.86755480
200 -769.16442871 -6.86753954
201 -769.16510010 -6.86754554
202 -769.16436768 -6.86753900
203 -769.16381836 -6.86753409
204 -769.16412354 -6.86753682
205 -769.16333008 -6.86752973
206 -769.16430664 -6.86753845
207 -769.16345215 -6.86753082
208 -769.16351318 -6.86753137
209 -769.16418457 -6.86753736
210 -769.16345215 -6.86753082
211 -769.16394043 -6.86753518
212 -769.16168213 -6.86751502
213 -769.16534424 -6.86754772
214 -769.16369629 -6.86753300
215 -769.16564941 -6.86755044
216 -769.16448975 -6.86754009
217 -769.16467285 -6.86754172
218 -769.16461182 -6.86754118
219 -769.16638184 -6.86755698
220 -769.16674805 -6.86756025
221 -769.16662598 -6.86755916
222 -769.16583252 -6.86755208
223 -769.16662598 -6.86755916
224 -769.16662598 -6.86755916
225 -769.16662598 -6.86755916
226 -769.16711426 -6.86756352
227 -769.16687012 -6.86756134
228 -769.16760254 -6.86756788
229 -769.16802979 -6.86757169
230 -769.16711426 -6.86756352
231 -769.16748047 -6.86756679
232 -769.16705322 -6.86756298
233 -769.16674805 -6.86756025
234 -769.16632080 -6.86755644
235 -769.16723633 -6.86756461
236 -769.16693115 -6.86756189
237 -769.16796875 -6.86757115
238 -769.16754150 -6.86756733
239 -769.16931152 -6.86758314
240 -769.16973877 -6.86758695
241 -769.16876221 -6.86757823
242 -769.16802979 -6.86757169
243 -769.16748047 -6.86756679
244 -769.16711426 -6.86756352
245 -769.16802979 -6.86757169
246 -769.16894531 -6.86757987
247 -769.16735840 -6.86756570
248 -769.16741943 -6.86756624
249 -769.16821289 -6.86757333
250 -769.16735840 -6.86756570
251 -769.16748047 -6.86756679
252 -769.16925049 -6.86758259
253 -769.16796875 -6.86757115
254 -769.17004395 -6.86758968
255 -769.16906738 -6.86758096
256 -769.16986084 -6.86758804
257 -769.16894531 -6.86757987
258 -769.16796875 -6.86757115
259 -769.16870117 -6.86757769
260 -769.16796875 -6.86757115
261 -769.16845703 -6.86757551
262 -769.16925049 -6.86758259
263 -769.16796875 -6.86757115
264 -769.16833496 -6.86757442
265 -769.16870117 -6.86757769
266 -769.16796875 -6.86757115
267 -769.16711426 -6.86756352
268 -769.16918945 -6.86758205
269 -769.16845703 -6.86757551
270 -769.16943359 -6.86758423
271 -769.16845703 -6.86757551
272 -769.17187500 -6.86760603
273 -769.16955566 -6.86758532
274 -769.17022705 -6.86759131
275 -769.16845703 -6.86757551
276 -769.17156982 -6.86760330
277 -769.16870117 -6.86757769
278 -769.17016602 -6.86759077
279 -769.17065430 -6.86759513
280 -769.16857910 -6.86757660
281 -769.16979980 -6.86758750
282 -769.16790771 -6.86757060
283 -769.16821289 -6.86757333
284 -769.16900635 -6.86758041
285 -769.16912842 -6.86758150
286 -769.16912842 -6.86758150
287 -769.16882324 -6.86757878
288 -769.16937256 -6.86758368
289 -769.16986084 -6.86758804
290 -769.16894531 -6.86757987
291 -769.16760254 -6.86756788
292 -769.16748047 -6.86756679
293 -769.16699219 -6.86756243
294 -769.16699219 -6.86756243
295 -769.16687012 -6.86756134
296 -769.16876221 -6.86757823
297 -769.16876221 -6.86757823
298 -769.16894531 -6.86757987
299 -769.16711426 -6.86756352
300 -769.16943359 -6.86758423
301 -769.16912842 -6.86758150
302 -769.16717529 -6.86756407
303 -769.17016602 -6.86759077
304 -769.17181396 -6.86760548
305 -769.17028809 -6.86759186
306 -769.17083740 -6.86759676
307 -769.17187500 -6.86760603
308 -769.17236328 -6.86761039
309 -769.17333984 -6.86761911
310 -769.17254639 -6.86761202
311 -769.17456055 -6.86763000
312 -769.17242432 -6.86761093
313 -769.17364502 -6.86762183
314 -769.17388916 -6.86762401
315 -769.17358398 -6.86762129
316 -769.17303467 -6.86761638
317 -769.17321777 -6.86761802
318 -769.17333984 -6.86761911
319 -769.17382812 -6.86762347
320 -769.17492676 -6.86763327
321 -769.17413330 -6.86762619
322 -769.17437744 -6.86762837
323 -769.17492676 -6.86763327
324 -769.17572021 -6.86764036
325 -769.17572021 -6.86764036
326 -769.17584229 -6.86764145
327 -769.17578125 -6.86764090
328 -769.17547607 -6.86763818
329 -769.17651367 -6.86764744
330 -769.17694092 -6.86765126
331 -769.17614746 -6.86764417
332 -769.17724609 -6.86765398
333 -769.17620850 -6.86764472
334 -769.17749023 -6.86765616
335 -769.17687988 -6.86765071
336 -769.17669678 -6.86764908
337 -769.17681885 -6.86765017
338 -769.17761230 -6.86765725
339 -769.17797852 -6.86766052
340 -769.17681885 -6.86765017
341 -769.17718506 -6.86765344
342 -769.17700195 -6.86765180
343 -769.17590332 -6.86764199
344 -769.17578125 -6.86764090
345 -769.17547607 -6.86763818
346 -769.17529297 -6.86763654
347 -769.17614746 -6.86764417
348 -769.17443848 -6.86762891
349 -769.17449951 -6.86762946
350 -769.17395020 -6.86762456
351 -769.17443848 -6.86762891
352 -769.17364502 -6.86762183
353 -769.17321777 -6.86761802
354 -769.17407227 -6.86762565
355 -769.17297363 -6.86761584
356 -769.17279053 -6.86761420
357 -769.17236328 -6.86761039
358 -769.17279053 -6.86761420
359 -769.17395020 -6.86762456
360 -769.17266846 -6.86761311
361 -769.17291260 -6.86761529
362 -769.17315674 -6.86761747
363 -769.17346191 -6.86762020
364 -769.17254639 -6.86761202
365 -769.17260742 -6.86761257
366 -769.17230225 -6.86760984
367 -769.17199707 -6.86760712
368 -769.17285156 -6.86761475
369 -769.17224121 -6.86760930
370 -769.17333984 -6.86761911
371 -769.17065430 -6.86759513
372 -769.17041016 -6.86759295
373 -769.17211914 -6.86760821
374 -769.17120361 -6.86760003
375 -769.17077637 -6.86759622
376 -769.17144775 -6.86760221
377 -769.17156982 -6.86760330
378 -769.17132568 -6.86760112
379 -769.17102051 -6.86759840
380 -769.17224121 -6.86760930
381 -769.17193604 -6.86760657
382 -769.17218018 -6.86760875
383 -769.17175293 -6.86760494
384 -769.17077637 -6.86759622
385 -769.17041016 -6.86759295
386 -769.17132568 -6.86760112
387 -769.17126465 -6.86760058
388 -769.17004395 -6.86758968
389 -769.17047119 -6.86759349
390 -769.17114258 -6.86759949
391 -769.16979980 -6.86758750
392 -769.17077637 -6.86759622
393 -769.17065430 -6.86759513
394 -769.17132568 -6.86760112
395 -769.17175293 -6.86760494
396 -769.17132568 -6.86760112
397 -769.17077637 -6.86759622
398 -769.17071533 -6.86759567
399 -769.16992188 -6.86758859
400 -769.16986084 -6.86758804
401 -769.17010498 -6.86759022
402 -769.17004395 -6.86758968
403 -769.17016602 -6.86759077
404 -769.16998291 -6.86758913
405 -769.16876221 -6.86757823
406 -769.16851807 -6.86757605
407 -769.16772461 -6.86756897
408 -769.16870117 -6.86757769
409 -769.16796875 -6.86757115
410 -769.16699219 -6.86756243
411 -769.16662598 -6.86755916
412 -769.16558838 -6.86754990
413 -769.16711426 -6.86756352
414 -769.16601562 -6.86755371
415 -769.16577148 -6.86755153
416 -769.16491699 -6.86754390
417 -769.16491699 -6.86754390
418 -769.16497803 -6.86754445
419 -769.16442871 -6.86753954
420 -769.16485596 -6.86754336
421 -769.16357422 -6.86753191
422 -769.16259766 -6.86752319
423 -769.16320801 -6.86752864
424 -769.16357422 -6.86753191
425 -769.16326904 -6.86752919
426 -769.16326904 -6.86752919
427 -769.16198730 -6.86751774
428 -769.16204834 -6.86751829
429 -769.16076660 -6.86750684
430 -769.16253662 -6.86752265
431 -769.16125488 -6.86751120
432 -769.16107178 -6.86750957
433 -769.16223145 -6.86751992
434 -769.16082764 -6.86750739
435 -769.16198730 -6.86751774
436 -769.15991211 -6.86749922
437 -769.16046143 -6.86750412
438 -769.15985107 -6.86749867
439 -769.16113281 -6.86751011
440 -769.16137695 -6.86751229
441 -769.16088867 -6.86750793
442 -769.16113281 -6.86751011
443 -769.16259766 -6.86752319
444 -769.16076660 -6.86750684
445 -769.16009521 -6.86750085
446 -769.15991211 -6.86749922
447 -769.15966797 -6.86749704
448 -769.16082764 -6.86750739
449 -769.15838623 -6.86748559
450 -769.15936279 -6.86749431
451 -769.15808105 -6.86748287
452 -769.15820312 -6.86748396
453 -769.15692139 -6.86747251
454 -769.15545654 -6.86745943
455 -769.15368652 -6.86744363
456 -769.15545654 -6.86745943
457 -769.15435791 -6.86744962
458 -769.15368652 -6.86744363
459 -769.15393066 -6.86744581
460 -769.15411377 -6.86744744
461 -769.15283203 -6.86743600
462 -769.15332031 -6.86744036
463 -769.15478516 -6.86745344
464 -769.15509033 -6.86745616
465 -769.15435791 -6.86744962
466 -769.15478516 -6.86745344
467 -769.15332031 -6.86744036
468 -769.15209961 -6.86742946
469 -769.15051270 -6.86741529
470 -769.14935303 -6.86740494
471 -769.14819336 -6.86739458
472 -769.14788818 -6.86739186
473 -769.14855957 -6.86739785
474 -769.14849854 -6.86739731
475 -769.14941406 -6.86740548
476 -769.14813232 -6.86739404
477 -769.14892578 -6.86740112
478 -769.14733887 -6.86738695
479 -769.14892578 -6.86740112
480 -769.15002441 -6.86741093
481 -769.14978027 -6.86740875
482 -769.14929199 -6.86740439
483 -769.15039062 -6.86741420
484 -769.14782715 -6.86739131
485 -769.15045166 -6.86741475
486 -769.15057373 -6.86741584
487 -769.15051270 -6.86741529
488 -769.15032959 -6.86741366
489 -769.14794922 -6.86739240
490 -769.14752197 -6.86738859
491 -769.14868164 -6.86739894
492 -769.15057373 -6.86741584
493 -769.15100098 -6.86741965
494 -769.15002441 -6.86741093
495 -769.15051270 -6.86741529
496 -769.14898682 -6.86740167
497 -769.14971924 -6.86740821
498 -769.15039062 -6.86741420
499 -769.15051270 -6.86741529
500 -769.14862061 -6.86739840
501 -769.15075684 -6.86741747
502 -769.14959717 -6.86740712
503 -769.15100098 -6.86741965
504 -769.15026855 -6.86741311
505 -769.15136719 -6.86742292
506 -769.14978027 -6.86740875
507 -769.15063477 -6.86741638
508 -769.15020752 -6.86741257
509 -769.14941406 -6.86740548
510 -769.15136719 -6.86742292
511 -769.15039062 -6.86741420
512 -769.15167236 -6.86742565
513 -769.15216064 -6.86743001
514 -769.15118408 -6.86742129
515 -769.15087891 -6.86741856
516 -769.15148926 -6.86742401
517 -769.15258789 -6.86743382
518 -769.15338135 -6.86744090
519 -769.15319824 -6.86743927
520 -769.15197754 -6.86742837
521 -769.15191650 -6.86742783
522 -769.15325928 -6.86743981
523 -769.15234375 -6.86743164
524 -769.15332031 -6.86744036
525 -769.15252686 -6.86743328
526 -769.15216064 -6.86743001
527 -769.15222168 -6.86743055
528 -769.15203857 -6.86742892
529 -769.15246582 -6.86743273
530 -769.15301514 -6.86743764
531 -769.15136719 -6.86742292
532 -769.15179443 -6.86742674
533 -769.15057373 -6.86741584
534 -769.15039062 -6.86741420
535 -769.15026855 -6.86741311
536 -769.15014648 -6.86741202
537 -769.15069580 -6.86741693
538 -769.15026855 -6.86741311
539 -769.14953613 -6.86740657
540 -769.14941406 -6.86740548
541 -769.14990234 -6.86740984
542 -769.14935303 -6.86740494
543 -769.14794922 -6.86739240
544 -769.14672852 -6.86738150
545 -769.14794922 -6.86739240
546 -769.14910889 -6.86740276
547 -769.14758301 -6.86738913
548 -769.14727783 -6.86738641
549 -769.14746094 -6.86738804
550 -769.14611816 -6.86737606
551 -769.14746094 -6.86738804
552 -769.14648438 -6.86737932
553 -769.14721680 -6.86738586
554 -769.14636230 -6.86737823
555 -769.14538574 -6.86736952
