0 -415.11227417 -6.69535926
1 -415.12863159 -6.69562309
2 -415.14120483 -6.69582588
3 -415.14968872 -6.69596272
4 -415.15756226 -6.69608971
5 -415.16506958 -6.69621080
6 -415.17178345 -6.69631909
7 -415.17684937 -6.69640080
8 -415.18307495 -6.69650121
9 -415.18884277 -6.69659424
10 -415.19418335 -6.69668038
11 -415.19888306 -6.69675618
12 -415.20367432 -6.69683346
13 -415.20776367 -6.69689941
14 -415.21093750 -6.69695060
15 -415.21453857 -6.69700869
16 -415.21823120 -6.69706825
17 -415.22137451 -6.69711894
18 -415.22409058 -6.69716275
19 -415.22744751 -6.69721690
20 -415.22998047 -6.69725775
21 -415.23272705 -6.69730205
22 -415.23471069 -6.69733404
23 -415.23693848 -6.69736998
24 -415.23922729 -6.69740689
25 -415.24096680 -6.69743495
26 -415.24285889 -6.69746547
27 -415.24475098 -6.69749598
28 -415.24676514 -6.69752847
29 -415.24798584 -6.69754816
30 -415.24951172 -6.69757277
31 -415.25085449 -6.69759443
32 -415.25259399 -6.69762248
33 -415.25344849 -6.69763627
34 -415.25469971 -6.69765645
35 -415.25585938 -6.69767515
36 -415.25692749 -6.69769238
37 -415.25787354 -6.69770764
38 -415.25869751 -6.69772093
39 -415.25946045 -6.69773323
40 -415.26004028 -6.69774259
41 -415.26144409 -6.69776523
42 -415.26208496 -6.69777556
43 -415.26263428 -6.69778442
44 -415.26306152 -6.69779131
45 -415.26351929 -6.69779870
46 -415.26434326 -6.69781199
47 -415.26513672 -6.69782479
48 -415.26565552 -6.69783315
49 -415.26589966 -6.69783709
50 -415.26672363 -6.69785038
51 -415.26718140 -6.69785776
52 -415.26748657 -6.69786269
53 -415.26828003 -6.69787548
54 -415.26885986 -6.69788484
55 -415.26965332 -6.69789763
56 -415.27008057 -6.69790453
57 -415.27038574 -6.69790945
58 -415.27093506 -6.69791831
59 -415.27175903 -6.69793160
60 -415.27160645 -6.69792914
61 -415.27227783 -6.69793997
62 -415.27270508 -6.69794686
63 -415.27346802 -6.69795916
64 -415.27401733 -6.69796802
65 -415.27462769 -6.69797787
66 -415.27429199 -6.69797245
67 -415.27514648 -6.69798623
68 -415.27560425 -6.69799362
69 -415.27563477 -6.69799411
70 -415.27630615 -6.69800494
71 -415.27679443 -6.69801281
72 -415.27749634 -6.69802413
73 -415.27789307 -6.69803053
74 -415.27828979 -6.69803693
75 -415.27856445 -6.69804136
76 -415.27893066 -6.69804727
77 -415.27874756 -6.69804432
78 -415.27938843 -6.69805465
79 -415.27975464 -6.69806056
80 -415.27993774 -6.69806351
81 -415.28036499 -6.69807040
82 -415.28054810 -6.69807336
83 -415.28082275 -6.69807779
84 -415.28125000 -6.69808468
85 -415.28155518 -6.69808960
86 -415.28256226 -6.69810584
