0 -608.87664795 -6.21302702
1 -608.86425781 -6.21290059
2 -608.85296631 -6.21278537
3 -608.83715820 -6.21262406
4 -608.84039307 -6.21265707
5 -608.82653809 -6.21251569
6 -608.82965088 -6.21254746
7 -608.81604004 -6.21240857
8 -608.80120850 -6.21225723
9 -608.78820801 -6.21212457
10 -608.77325439 -6.21197198
11 -608.75659180 -6.21180196
12 -608.76544189 -6.21189226
13 -608.75286865 -6.21176397
14 -608.73748779 -6.21160702
15 -608.70526123 -6.21127818
16 -608.69976807 -6.21122212
17 -608.65789795 -6.21079488
18 -608.63885498 -6.21060056
19 -608.61938477 -6.21040189
20 -608.61486816 -6.21035580
21 -608.61212158 -6.21032777
22 -608.58905029 -6.21009235
23 -608.60546875 -6.21025989
24 -608.59985352 -6.21020259
25 -608.58447266 -6.21004564
26 -608.55468750 -6.20974171
27 -608.51019287 -6.20928768
28 -608.48370361 -6.20901738
29 -608.47094727 -6.20888722
30 -608.44580078 -6.20863062
31 -608.43371582 -6.20850730
32 -608.41833496 -6.20835036
33 -608.42382812 -6.20840641
34 -608.40106201 -6.20817410
35 -608.36572266 -6.20781350
36 -608.31567383 -6.20730279
37 -608.29736328 -6.20711595
38 -608.30975342 -6.20724238
39 -608.25610352 -6.20669493
40 -608.23266602 -6.20645578
41 -608.24914551 -6.20662393
42 -608.23303223 -6.20645951
43 -608.24743652 -6.20660650
44 -608.25439453 -6.20667750
45 -608.27496338 -6.20688738
46 -608.24493408 -6.20658096
47 -608.24713135 -6.20660338
48 -608.20745850 -6.20619856
49 -608.18054199 -6.20592390
50 -608.17590332 -6.20587656
51 -608.20135498 -6.20613628
52 -608.19720459 -6.20609392
53 -608.17419434 -6.20585913
54 -608.15997314 -6.20571401
55 -608.13775635 -6.20548731
56 -608.12774658 -6.20538517
57 -608.11773682 -6.20528303
58 -608.10668945 -6.20517030
59 -608.10900879 -6.20519397
60 -608.08813477 -6.20498097
61 -608.06799316 -6.20477544
62 -608.02905273 -6.20437809
63 -608.00793457 -6.20416260
64 -607.95434570 -6.20361577
65 -607.93957520 -6.20346505
66 -607.95465088 -6.20361889
67 -607.94543457 -6.20352484
68 -607.90777588 -6.20314057
69 -607.89123535 -6.20297179
70 -607.88317871 -6.20288958
71 -607.89630127 -6.20302348
72 -607.88220215 -6.20287961
73 -607.85266113 -6.20257817
74 -607.81042480 -6.20214719
75 -607.77783203 -6.20181461
76 -607.74957275 -6.20152625
77 -607.73162842 -6.20134315
78 -607.74243164 -6.20145338
79 -607.70520020 -6.20107347
80 -607.70501709 -6.20107160
81 -607.69396973 -6.20095887
82 -607.66137695 -6.20062630
83 -607.61926270 -6.20019656
84 -607.61181641 -6.20012058
85 -607.66186523 -6.20063128
86 -607.68261719 -6.20084303
87 -607.64953613 -6.20050547
88 -607.60900879 -6.20009193
89 -607.60955811 -6.20009753
90 -607.61950684 -6.20019905
91 -607.63146973 -6.20032112
92 -607.61987305 -6.20020279
93 -607.59448242 -6.19994370
94 -607.54962158 -6.19948593
95 -607.55627441 -6.19955382
96 -607.54724121 -6.19946165
97 -607.56903076 -6.19968399
98 -607.58782959 -6.19987581
99 -607.62121582 -6.20021649
100 -607.61877441 -6.20019158
101 -607.60772705 -6.20007885
102 -607.58575439 -6.19985464
103 -607.57501221 -6.19974502
104 -607.63287354 -6.20033544
105 -607.61962891 -6.20020029
106 -607.59008789 -6.19989886
107 -607.59020996 -6.19990010
108 -607.57275391 -6.19972198
109 -607.53552246 -6.19934207
110 -607.51770020 -6.19916021
111 -607.47210693 -6.19869497
112 -607.43157959 -6.19828142
113 -607.41723633 -6.19813506
114 -607.44195557 -6.19838730
115 -607.47888184 -6.19876410
116 -607.41491699 -6.19811140
117 -607.35321045 -6.19748174
118 -607.35021973 -6.19745122
119 -607.32415771 -6.19718528
120 -607.32165527 -6.19715975
121 -607.24871826 -6.19641549
122 -607.20007324 -6.19591911
123 -607.25085449 -6.19643729
124 -607.19348145 -6.19585185
125 -607.23852539 -6.19631148
126 -607.19744873 -6.19589233
127 -607.16198730 -6.19553048
128 -607.18829346 -6.19579891
129 -607.17437744 -6.19565691
130 -607.18872070 -6.19580327
131 -607.22180176 -6.19614083
132 -607.22802734 -6.19620436
133 -607.23065186 -6.19623114
134 -607.19055176 -6.19582196
135 -607.18786621 -6.19579455
136 -607.16802979 -6.19559214
137 -607.14971924 -6.19540530
138 -607.15838623 -6.19549374
139 -607.12866211 -6.19519043
140 -607.14166260 -6.19532309
141 -607.10882568 -6.19498802
142 -607.02624512 -6.19414536
143 -607.02386475 -6.19412107
144 -607.04626465 -6.19434964
145 -607.03143311 -6.19419830
146 -607.03662109 -6.19425124
147 -606.97229004 -6.19359480
148 -606.98950195 -6.19377043
149 -606.95373535 -6.19340546
150 -606.94683838 -6.19333509
151 -606.96319580 -6.19350200
152 -606.95410156 -6.19340920
153 -606.94671631 -6.19333384
154 -606.93121338 -6.19317565
155 -606.88104248 -6.19266370
156 -606.86437988 -6.19249367
157 -606.81732178 -6.19201349
158 -606.80261230 -6.19186339
159 -606.78045654 -6.19163731
160 -606.77716064 -6.19160368
161 -606.75872803 -6.19141559
162 -606.75701904 -6.19139815
163 -606.76605225 -6.19149033
164 -606.76806641 -6.19151088
165 -606.74108887 -6.19123560
166 -606.75701904 -6.19139815
167 -606.79309082 -6.19176623
168 -606.84887695 -6.19233548
169 -606.83038330 -6.19214677
170 -606.80859375 -6.19192443
171 -606.81451416 -6.19198484
172 -606.80932617 -6.19193190
173 -606.77313232 -6.19156257
174 -606.76165771 -6.19144549
175 -606.74279785 -6.19125304
176 -606.73065186 -6.19112910
177 -606.74243164 -6.19124930
178 -606.72174072 -6.19103817
179 -606.71643066 -6.19098399
180 -606.69891357 -6.19080524
181 -606.67572021 -6.19056857
182 -606.65588379 -6.19036616
183 -606.59057617 -6.18969976
184 -606.51928711 -6.18897232
185 -606.48114014 -6.18858306
186 -606.41925049 -6.18795154
187 -606.42840576 -6.18804496
188 -606.43322754 -6.18809416
189 -606.42510986 -6.18801133
190 -606.39514160 -6.18770553
191 -606.38031006 -6.18755418
192 -606.36560059 -6.18740409
193 -606.34692383 -6.18721351
194 -606.35552979 -6.18730132
195 -606.37268066 -6.18747633
196 -606.31268311 -6.18686411
197 -606.25708008 -6.18629674
198 -606.24212646 -6.18614415
199 -606.22637939 -6.18598346
200 -606.22583008 -6.18597786
201 -606.17907715 -6.18550079
202 -606.08642578 -6.18455537
203 -606.04583740 -6.18414120
204 -606.06951904 -6.18438285
205 -606.05041504 -6.18418791
206 -605.97381592 -6.18340628
207 -605.96685791 -6.18333528
208 -605.98645020 -6.18353521
209 -605.92321777 -6.18288998
210 -605.91046143 -6.18275981
211 -605.91625977 -6.18281898
212 -605.94543457 -6.18311668
213 -605.87683105 -6.18241664
214 -605.91650391 -6.18282147
215 -605.87255859 -6.18237305
216 -605.81384277 -6.18177391
217 -605.78234863 -6.18145254
218 -605.66522217 -6.18025737
219 -605.71008301 -6.18071513
220 -605.69464111 -6.18055756
221 -605.57525635 -6.17933935
222 -605.46374512 -6.17820148
223 -605.41693115 -6.17772379
224 -605.43780518 -6.17793679
225 -605.41040039 -6.17765715
226 -605.43676758 -6.17792620
227 -605.37866211 -6.17733329
228 -605.32189941 -6.17675408
229 -605.28833008 -6.17641153
230 -605.24072266 -6.17592574
231 -605.24951172 -6.17601543
232 -605.23522949 -6.17586969
233 -605.22247314 -6.17573952
234 -605.14147949 -6.17491306
235 -605.19873047 -6.17549725
236 -605.21697998 -6.17568347
237 -605.20104980 -6.17552092
238 -605.26654053 -6.17618919
239 -605.17840576 -6.17528985
240 -605.12341309 -6.17472870
241 -605.08343506 -6.17432077
242 -605.04858398 -6.17396514
243 -605.13818359 -6.17487942
244 -605.14746094 -6.17497409
245 -605.11114502 -6.17460352
246 -605.03942871 -6.17387172
247 -605.00848389 -6.17355596
248 -605.10479736 -6.17453875
249 -605.10345459 -6.17452505
250 -605.16613770 -6.17516467
251 -605.23028564 -6.17581924
252 -605.21270752 -6.17563987
253 -605.28424072 -6.17636980
254 -605.33197021 -6.17685684
255 -605.28424072 -6.17636980
256 -605.34332275 -6.17697268
257 -605.39141846 -6.17746345
258 -605.35351562 -6.17707669
259 -605.31738281 -6.17670799
260 -605.27062988 -6.17623092
261 -605.19238281 -6.17543248
262 -605.18847656 -6.17539262
263 -605.22821045 -6.17579807
264 -605.22326660 -6.17574762
265 -605.17895508 -6.17529546
266 -605.10504150 -6.17454124
267 -605.14465332 -6.17494544
268 -605.20465088 -6.17555766
269 -605.24450684 -6.17596436
270 -605.28649902 -6.17639285
271 -605.25878906 -6.17611009
272 -605.23840332 -6.17590207
273 -605.24658203 -6.17598553
274 -605.22131348 -6.17572769
275 -605.18664551 -6.17537393
276 -605.11761475 -6.17466954
277 -605.11212158 -6.17461349
278 -605.09777832 -6.17446713
279 -605.10241699 -6.17451446
280 -605.09082031 -6.17439613
281 -605.10107422 -6.17450076
282 -605.08697510 -6.17435689
283 -605.08557129 -6.17434256
284 -605.17980957 -6.17530418
285 -605.08514404 -6.17433820
286 -605.10803223 -6.17457176
287 -605.04034424 -6.17388106
288 -604.95074463 -6.17296678
289 -604.94738770 -6.17293253
290 -604.87725830 -6.17221692
291 -604.87634277 -6.17220758
292 -605.00134277 -6.17348309
293 -604.90759277 -6.17252646
294 -604.89080811 -6.17235518
295 -604.80749512 -6.17150505
296 -604.80078125 -6.17143654
297 -604.78076172 -6.17123226
298 -604.64099121 -6.16980603
299 -604.66741943 -6.17007571
300 -604.60614014 -6.16945041
301 -604.56860352 -6.16906738
302 -604.49951172 -6.16836236
303 -604.47100830 -6.16807151
304 -604.44360352 -6.16779187
305 -604.43975830 -6.16775264
306 -604.40454102 -6.16739328
