0 -431.81768799 -6.35026012
1 -429.67547607 -6.31875700
2 -427.97229004 -6.29371015
3 -426.61907959 -6.27380999
4 -423.95208740 -6.23458952
5 -423.35046387 -6.22574212
6 -423.20794678 -6.22364628
7 -422.07922363 -6.20704741
8 -418.48907471 -6.15425110
9 -416.64990234 -6.12720445
10 -413.51965332 -6.08117137
11 -414.50427246 -6.09565107
12 -414.19738770 -6.09113805
13 -411.06213379 -6.04503138
14 -408.65270996 -6.00959868
15 -404.07458496 -5.94227331
16 -401.89215088 -5.91017869
17 -400.66876221 -5.89218768
18 -400.86926270 -5.89513622
19 -401.02557373 -5.89743491
20 -399.77386475 -5.87902742
21 -396.91687012 -5.83701280
22 -395.99255371 -5.82341991
23 -394.72271729 -5.80474584
24 -389.99829102 -5.73526899
25 -385.39788818 -5.66761600
26 -376.71734619 -5.53996097
27 -377.67205811 -5.55400085
28 -377.78863525 -5.55571522
29 -375.98016357 -5.52912005
30 -376.42034912 -5.53559337
31 -377.37725830 -5.54966556
32 -379.79406738 -5.58520687
33 -380.83740234 -5.60055003
34 -380.05804443 -5.58908889
35 -377.23193359 -5.54752844
36 -374.40313721 -5.50592849
37 -377.85461426 -5.55668550
38 -377.80310059 -5.55592795
39 -381.68817139 -5.61306134
40 -377.77606201 -5.55553032
41 -381.58489990 -5.61154265
42 -383.69732666 -5.64260775
43 -380.89855957 -5.60144941
44 -380.90222168 -5.60150326
45 -379.98303223 -5.58798577
46 -378.86389160 -5.57152782
47 -376.28411865 -5.53358998
48 -375.36395264 -5.52005813
49 -372.47277832 -5.47754086
50 -372.51025391 -5.47809197
51 -375.99969482 -5.52940728
52 -373.56866455 -5.49365683
53 -373.20129395 -5.48825432
54 -377.73736572 -5.55496126
55 -374.56359863 -5.50828822
56 -372.54559326 -5.47861167
57 -370.35955811 -5.44646409
58 -370.72174072 -5.45179030
59 -372.14770508 -5.47276037
60 -374.62567139 -5.50920105
61 -374.00427246 -5.50006283
62 -371.04406738 -5.45653040
63 -369.88214111 -5.43944325
64 -371.03936768 -5.45646129
65 -372.16705322 -5.47304490
66 -371.12487793 -5.45771879
67 -372.09802246 -5.47202974
68 -368.06311035 -5.41269280
69 -369.85351562 -5.43902229
70 -369.08966064 -5.42778913
71 -366.70080566 -5.39265891
72 -363.46643066 -5.34509457
73 -357.84341431 -5.26240315
