0 -456.67626953 -6.91933742
1 -456.67593384 -6.91933233
2 -456.68078613 -6.91940585
3 -456.68109131 -6.91941047
4 -456.68383789 -6.91945209
5 -456.68466187 -6.91946457
6 -456.68319702 -6.91944238
7 -456.68502808 -6.91947012
8 -456.67944336 -6.91938551
9 -456.68234253 -6.91942943
10 -456.68023682 -6.91939753
11 -456.68572998 -6.91948076
12 -456.68197632 -6.91942388
13 -456.68005371 -6.91939475
14 -456.68194580 -6.91942342
15 -456.68206787 -6.91942527
16 -456.68402100 -6.91945486
17 -456.68374634 -6.91945070
18 -456.68270874 -6.91943498
19 -456.68161011 -6.91941833
20 -456.68533325 -6.91947475
21 -456.68576050 -6.91948122
22 -456.68533325 -6.91947475
23 -456.68499756 -6.91946966
24 -456.68334961 -6.91944469
25 -456.68289185 -6.91943776
26 -456.68020630 -6.91939707
27 -456.68072510 -6.91940493
28 -456.68008423 -6.91939522
29 -456.68139648 -6.91941510
30 -456.67782593 -6.91936100
31 -456.67831421 -6.91936840
32 -456.67572021 -6.91932909
33 -456.67834473 -6.91936886
34 -456.67803955 -6.91936424
35 -456.67968750 -6.91938920
36 -456.67779541 -6.91936054
37 -456.67935181 -6.91938412
38 -456.67785645 -6.91936146
39 -456.68234253 -6.91942943
40 -456.68292236 -6.91943822
41 -456.68432617 -6.91945949
42 -456.67861938 -6.91937302
43 -456.67730713 -6.91935314
44 -456.67684937 -6.91934620
45 -456.67962646 -6.91938828
46 -456.67269897 -6.91928332
47 -456.67269897 -6.91928332
48 -456.67395020 -6.91930228
49 -456.67608643 -6.91933464
50 -456.67559814 -6.91932724
51 -456.67715454 -6.91935083
52 -456.67794800 -6.91936285
53 -456.67279053 -6.91928470
54 -456.67535400 -6.91932355
55 -456.67810059 -6.91936516
56 -456.67947388 -6.91938597
57 -456.68173218 -6.91942018
58 -456.68212891 -6.91942620
59 -456.67800903 -6.91936377
60 -456.67297363 -6.91928748
61 -456.66983032 -6.91923985
62 -456.67590332 -6.91933187
63 -456.67156982 -6.91926621
64 -456.67297363 -6.91928748
65 -456.67248535 -6.91928008
66 -456.67678833 -6.91934528
67 -456.67733765 -6.91935360
68 -456.67355347 -6.91929626
69 -456.67224121 -6.91927638
70 -456.67285156 -6.91928563
71 -456.66931152 -6.91923199
72 -456.66952515 -6.91923523
73 -456.66961670 -6.91923662
74 -456.67147827 -6.91926482
75 -456.67211914 -6.91927453
76 -456.66723633 -6.91920055
77 -456.67321777 -6.91929118
78 -456.66629028 -6.91918622
79 -456.66519165 -6.91916957
80 -456.67236328 -6.91927823
81 -456.67172241 -6.91926852
82 -456.67086792 -6.91925557
83 -456.66949463 -6.91923477
84 -456.67294312 -6.91928702
85 -456.66616821 -6.91918437
86 -456.66577148 -6.91917836
87 -456.67031860 -6.91924725
88 -456.67126465 -6.91926159
89 -456.66744995 -6.91920379
90 -456.67041016 -6.91924864
91 -456.67190552 -6.91927130
92 -456.66653442 -6.91918992
93 -456.66485596 -6.91916448
94 -456.66497803 -6.91916633
95 -456.66497803 -6.91916633
96 -456.66674805 -6.91919315
97 -456.65780640 -6.91905767
98 -456.66485596 -6.91916448
99 -456.66693115 -6.91919593
100 -456.66461182 -6.91916079
101 -456.66687012 -6.91919500
102 -456.66442871 -6.91915801
103 -456.66821289 -6.91921535
104 -456.66598511 -6.91918159
105 -456.66268921 -6.91913165
106 -456.66232300 -6.91912611
107 -456.65991211 -6.91908958
108 -456.66299438 -6.91913628
109 -456.66461182 -6.91916079
110 -456.66567993 -6.91917697
111 -456.66561890 -6.91917604
112 -456.66680908 -6.91919408
113 -456.66308594 -6.91913767
114 -456.65988159 -6.91908912
115 -456.65991211 -6.91908958
116 -456.66574097 -6.91917789
117 -456.66067505 -6.91910114
118 -456.66159058 -6.91911501
119 -456.66552734 -6.91917466
120 -456.66372681 -6.91914738
121 -456.66696167 -6.91919639
122 -456.66802979 -6.91921257
123 -456.66329956 -6.91914090
124 -456.66619873 -6.91918483
125 -456.66809082 -6.91921350
126 -456.66333008 -6.91914136
127 -456.66485596 -6.91916448
128 -456.66720581 -6.91920009
129 -456.67373657 -6.91929904
130 -456.66833496 -6.91921720
131 -456.66488647 -6.91916495
132 -456.66723633 -6.91920055
133 -456.66250610 -6.91912888
134 -456.66345215 -6.91914321
135 -456.66259766 -6.91913027
136 -456.66122437 -6.91910946
137 -456.65502930 -6.91901560
138 -456.65502930 -6.91901560
139 -456.65371704 -6.91899571
140 -456.66036987 -6.91909651
141 -456.65682983 -6.91904288
142 -456.65194702 -6.91896889
143 -456.65518188 -6.91901791
144 -456.65454102 -6.91900820
145 -456.65542603 -6.91902161
146 -456.65145874 -6.91896150
147 -456.65847778 -6.91906785
148 -456.65951538 -6.91908357
149 -456.65844727 -6.91906738
150 -456.65792847 -6.91905952
151 -456.65930176 -6.91908033
152 -456.65698242 -6.91904519
153 -456.65267944 -6.91897999
154 -456.65042114 -6.91894577
155 -456.64819336 -6.91891202
156 -456.64636230 -6.91888428
157 -456.64651489 -6.91888659
158 -456.65438843 -6.91900589
159 -456.64950562 -6.91893190
160 -456.64831543 -6.91891387
161 -456.64675903 -6.91889029
162 -456.64581299 -6.91887595
163 -456.64886475 -6.91892219
164 -456.65084839 -6.91895225
165 -456.64590454 -6.91887734
166 -456.64004517 -6.91878856
167 -456.63973999 -6.91878394
168 -456.64926147 -6.91892820
169 -456.63897705 -6.91877238
170 -456.65264893 -6.91897953
171 -456.64627075 -6.91888289
172 -456.63928223 -6.91877700
173 -456.64224243 -6.91882186
174 -456.63595581 -6.91872660
175 -456.62567139 -6.91857078
176 -456.62960815 -6.91863043
177 -456.63055420 -6.91864476
178 -456.63461304 -6.91870626
179 -456.63534546 -6.91871736
180 -456.64053345 -6.91879596
181 -456.64172363 -6.91881399
182 -456.63656616 -6.91873585
183 -456.64059448 -6.91879689
184 -456.63815308 -6.91875990
185 -456.63806152 -6.91875851
186 -456.63272095 -6.91867759
187 -456.62698364 -6.91859066
188 -456.63076782 -6.91864800
189 -456.63153076 -6.91865956
190 -456.62753296 -6.91859898
191 -456.63372803 -6.91869285
192 -456.63781738 -6.91875481
193 -456.63311768 -6.91868360
194 -456.62899780 -6.91862118
195 -456.63088989 -6.91864985
196 -456.62457275 -6.91855413
197 -456.62899780 -6.91862118
198 -456.62588501 -6.91857402
199 -456.61938477 -6.91847553
200 -456.63403320 -6.91869747
201 -456.63485718 -6.91870996
202 -456.63137817 -6.91865725
203 -456.62734985 -6.91859621
204 -456.62863159 -6.91861563
205 -456.61895752 -6.91846905
206 -456.62844849 -6.91861286
207 -456.61773682 -6.91845056
208 -456.62213135 -6.91851714
209 -456.62240601 -6.91852130
210 -456.61764526 -6.91844917
211 -456.62149048 -6.91850743
212 -456.61132812 -6.91835346
213 -456.61120605 -6.91835161
214 -456.61975098 -6.91848108
215 -456.62295532 -6.91852963
216 -456.61343384 -6.91838536
217 -456.60455322 -6.91825081
218 -456.61294556 -6.91837796
219 -456.60473633 -6.91825358
220 -456.59655762 -6.91812966
221 -456.60943604 -6.91832479
222 -456.61065674 -6.91834328
223 -456.60049438 -6.91818931
224 -456.60473633 -6.91825358
225 -456.60577393 -6.91826930
226 -456.60848999 -6.91831045
227 -456.60772705 -6.91829889
228 -456.61590576 -6.91842281
229 -456.61404419 -6.91839461
230 -456.61593628 -6.91842328
231 -456.61743164 -6.91844593
232 -456.61175537 -6.91835993
233 -456.60876465 -6.91831462
234 -456.62188721 -6.91851344
235 -456.62338257 -6.91853610
236 -456.61288452 -6.91837704
237 -456.60562134 -6.91826699
238 -456.61019897 -6.91833635
239 -456.61270142 -6.91837426
240 -456.60894775 -6.91831739
241 -456.61044312 -6.91834005
242 -456.61071777 -6.91834421
243 -456.60287476 -6.91822538
244 -456.61001587 -6.91833357
245 -456.60736084 -6.91829335
246 -456.60559082 -6.91826653
247 -456.61285400 -6.91837658
248 -456.60943604 -6.91832479
249 -456.60641479 -6.91827901
250 -456.61038208 -6.91833912
251 -456.60330200 -6.91823185
252 -456.60095215 -6.91819624
253 -456.60818481 -6.91830583
254 -456.61053467 -6.91834143
255 -456.61102295 -6.91834883
256 -456.61715698 -6.91844177
257 -456.60995483 -6.91833265
258 -456.60705566 -6.91828872
259 -456.61239624 -6.91836964
260 -456.61059570 -6.91834236
261 -456.61267090 -6.91837380
262 -456.61550903 -6.91841680
263 -456.61013794 -6.91833542
264 -456.61532593 -6.91841403
265 -456.61990356 -6.91848339
266 -456.61462402 -6.91840339
267 -456.60836792 -6.91830860
268 -456.61508179 -6.91841033
269 -456.60876465 -6.91831462
270 -456.61373901 -6.91838999
271 -456.61022949 -6.91833681
272 -456.62304688 -6.91853101
273 -456.62768555 -6.91860130
274 -456.61679077 -6.91843622
275 -456.61978149 -6.91848154
276 -456.62313843 -6.91853240
277 -456.61639404 -6.91843021
278 -456.62191772 -6.91851390
279 -456.61047363 -6.91834051
280 -456.61624146 -6.91842790
281 -456.61474609 -6.91840524
282 -456.61868286 -6.91846489
283 -456.62722778 -6.91859436
284 -456.62145996 -6.91850697
285 -456.63092041 -6.91865031
286 -456.63159180 -6.91866048
287 -456.63311768 -6.91868360
288 -456.62493896 -6.91855968
289 -456.63507080 -6.91871319
290 -456.62683105 -6.91858835
291 -456.63137817 -6.91865725
292 -456.63427734 -6.91870117
293 -456.62362671 -6.91853980
294 -456.62606812 -6.91857679
295 -456.62652588 -6.91858373
296 -456.62884521 -6.91861887
297 -456.62860107 -6.91861517
298 -456.63632202 -6.91873215
299 -456.63479614 -6.91870903
300 -456.63571167 -6.91872290
301 -456.63540649 -6.91871828
302 -456.64166260 -6.91881307
303 -456.63247681 -6.91867389
304 -456.64105225 -6.91880382
305 -456.63513184 -6.91871412
306 -456.63754272 -6.91875065
307 -456.64218140 -6.91882093
308 -456.63696289 -6.91874186
309 -456.63821411 -6.91876082
310 -456.63391113 -6.91869562
311 -456.63519287 -6.91871504
312 -456.64172363 -6.91881399
313 -456.63494873 -6.91871134
314 -456.64675903 -6.91889029
315 -456.64547729 -6.91887087
316 -456.63839722 -6.91876359
317 -456.63134766 -6.91865678
318 -456.63717651 -6.91874510
319 -456.62118530 -6.91850281
320 -456.62963867 -6.91863089
321 -456.62454224 -6.91855367
322 -456.64007568 -6.91878903
323 -456.63662720 -6.91873678
324 -456.62731934 -6.91859575
325 -456.62487793 -6.91855876
326 -456.62930298 -6.91862580
327 -456.63003540 -6.91863690
328 -456.63824463 -6.91876128
329 -456.64144897 -6.91880983
330 -456.63461304 -6.91870626
331 -456.62194824 -6.91851437
332 -456.62951660 -6.91862904
333 -456.62643433 -6.91858234
334 -456.62133789 -6.91850512
335 -456.61819458 -6.91845749
