0 -654.57543945 -6.41740627
1 -654.60565186 -6.41770247
2 -654.62237549 -6.41786643
3 -654.63391113 -6.41797952
4 -654.64465332 -6.41808484
5 -654.65264893 -6.41816322
6 -654.66009521 -6.41823623
7 -654.66723633 -6.41830624
8 -654.67333984 -6.41836608
9 -654.67907715 -6.41842232
10 -654.68347168 -6.41846541
11 -654.68847656 -6.41851448
12 -654.69262695 -6.41855517
13 -654.69689941 -6.41859705
14 -654.70086670 -6.41863595
15 -654.70495605 -6.41867604
16 -654.70867920 -6.41871254
17 -654.71252441 -6.41875024
18 -654.71630859 -6.41878734
19 -654.71960449 -6.41881965
20 -654.72229004 -6.41884598
21 -654.72528076 -6.41887530
22 -654.72857666 -6.41890761
23 -654.73132324 -6.41893454
24 -654.73400879 -6.41896087
25 -654.73681641 -6.41898840
26 -654.73925781 -6.41901233
27 -654.74145508 -6.41903387
28 -654.74377441 -6.41905661
29 -654.74584961 -6.41907696
30 -654.74853516 -6.41910329
