0 -530.83837891 -6.80562024
1 -530.79315186 -6.80504041
2 -530.74877930 -6.80447153
3 -530.71520996 -6.80404115
4 -530.69415283 -6.80377119
5 -530.63238525 -6.80297930
6 -530.63934326 -6.80306850
7 -530.60748291 -6.80266004
8 -530.58264160 -6.80234156
9 -530.54461670 -6.80185406
10 -530.51281738 -6.80144638
11 -530.47766113 -6.80099566
12 -530.39599609 -6.79994867
13 -530.37457275 -6.79967401
14 -530.33642578 -6.79918495
15 -530.28265381 -6.79849556
16 -530.30212402 -6.79874518
17 -530.28692627 -6.79855034
18 -530.33453369 -6.79916069
19 -530.31237793 -6.79887664
20 -530.33764648 -6.79920060
21 -530.31677246 -6.79893298
22 -530.26800537 -6.79830776
23 -530.25335693 -6.79811996
24 -530.18347168 -6.79722400
25 -530.14746094 -6.79676232
26 -530.10534668 -6.79622239
27 -530.09460449 -6.79608467
28 -530.06933594 -6.79576072
29 -530.00433350 -6.79492735
30 -529.97796631 -6.79458931
31 -529.96875000 -6.79447115
32 -529.89880371 -6.79357441
33 -529.89440918 -6.79351807
34 -529.82635498 -6.79264558
35 -529.84277344 -6.79285607
36 -529.83319092 -6.79273322
37 -529.74426270 -6.79159311
38 -529.73382568 -6.79145930
39 -529.68701172 -6.79085912
40 -529.60876465 -6.78985596
41 -529.59375000 -6.78966346
42 -529.51904297 -6.78870568
43 -529.45416260 -6.78787388
44 -529.44866943 -6.78780345
45 -529.30963135 -6.78602091
46 -529.22839355 -6.78497940
47 -529.14117432 -6.78386121
48 -529.07354736 -6.78299420
49 -529.05755615 -6.78278918
50 -529.00610352 -6.78212953
51 -528.98803711 -6.78189791
52 -528.86401367 -6.78030787
53 -528.86798096 -6.78035873
54 -528.76147461 -6.77899326
55 -528.72058105 -6.77846899
56 -528.66204834 -6.77771857
57 -528.50708008 -6.77573180
58 -528.45312500 -6.77504006
59 -528.29003906 -6.77294922
60 -528.10058594 -6.77052033
61 -527.95562744 -6.76866189
62 -527.87475586 -6.76762508
63 -527.76544189 -6.76622361
64 -527.63592529 -6.76456314
65 -527.60662842 -6.76418754
66 -527.24792480 -6.75958878
67 -527.25048828 -6.75962164
68 -527.13128662 -6.75809342
69 -527.00463867 -6.75646973
70 -526.94250488 -6.75567314
71 -527.01916504 -6.75665596
72 -527.00854492 -6.75651981
73 -526.99157715 -6.75630227
74 -526.75933838 -6.75332485
75 -526.55261230 -6.75067452
76 -526.40728760 -6.74881138
77 -526.04345703 -6.74414689
78 -525.94671631 -6.74290662
79 -525.79364014 -6.74094410
80 -525.67645264 -6.73944170
81 -525.41687012 -6.73611372
82 -525.33666992 -6.73508551
83 -525.29217529 -6.73451507
84 -525.20153809 -6.73335305
85 -525.21368408 -6.73350877
86 -525.26263428 -6.73413634
87 -525.19866943 -6.73331627
88 -525.24487305 -6.73390863
89 -525.15167236 -6.73271375
90 -525.19226074 -6.73323411
91 -525.10925293 -6.73216991
92 -525.17718506 -6.73304083
93 -525.12103271 -6.73232093
94 -525.28686523 -6.73444699
95 -525.37286377 -6.73554954
96 -525.26214600 -6.73413008
97 -525.28002930 -6.73435935
98 -525.17938232 -6.73306900
99 -525.26586914 -6.73417781
100 -525.36425781 -6.73543920
101 -525.41571045 -6.73609885
102 -525.23449707 -6.73377560
103 -525.20886230 -6.73344695
104 -525.09765625 -6.73202123
105 -525.02410889 -6.73107832
106 -524.99664307 -6.73072619
107 -524.56268311 -6.72516260
108 -524.57043457 -6.72526198
109 -524.76690674 -6.72778086
110 -524.61962891 -6.72589268
111 -524.42230225 -6.72336285
112 -524.64929199 -6.72627297
113 -524.53509521 -6.72480891
114 -524.71636963 -6.72713294
115 -524.60784912 -6.72574166
116 -524.33300781 -6.72221805
117 -524.24981689 -6.72115150
118 -524.07617188 -6.71892528
119 -524.05865479 -6.71870070
120 -524.01324463 -6.71811852
121 -523.73156738 -6.71450727
122 -523.40704346 -6.71034671
123 -523.36132812 -6.70976062
124 -523.35040283 -6.70962055
125 -523.20129395 -6.70770890
126 -523.22393799 -6.70799920
127 -523.31262207 -6.70913618
128 -523.28448486 -6.70877545
129 -523.37542725 -6.70994137
130 -523.18444824 -6.70749293
131 -523.16729736 -6.70727304
132 -523.34539795 -6.70955638
133 -523.39068604 -6.71013700
134 -523.19067383 -6.70757274
135 -522.96105957 -6.70462897
136 -523.16308594 -6.70721905
137 -523.24078369 -6.70821518
138 -523.18310547 -6.70747571
139 -523.20288086 -6.70772924
140 -522.92608643 -6.70418060
141 -522.86621094 -6.70341296
142 -522.47143555 -6.69835174
143 -522.26269531 -6.69567558
144 -522.37774658 -6.69715060
145 -522.01147461 -6.69245480
146 -522.09631348 -6.69354248
147 -522.25976562 -6.69563802
148 -521.93359375 -6.69145633
149 -522.18402100 -6.69466694
150 -522.16723633 -6.69445175
151 -522.14868164 -6.69421387
152 -522.10717773 -6.69368177
153 -522.10876465 -6.69370211
154 -521.92456055 -6.69134052
155 -521.85113525 -6.69039917
156 -521.55541992 -6.68660795
157 -521.73065186 -6.68885451
158 -521.71887207 -6.68870349
159 -521.86004639 -6.69051342
160 -521.53564453 -6.68635442
161 -521.94342041 -6.69158231
162 -521.92608643 -6.69136008
163 -522.02905273 -6.69268016
164 -522.08544922 -6.69340320
165 -521.92797852 -6.69138434
166 -522.05584717 -6.69302368
167 -521.92889404 -6.69139608
168 -522.27014160 -6.69577105
169 -522.19274902 -6.69477883
170 -522.07934570 -6.69332494
171 -521.81896973 -6.68998679
172 -521.50122070 -6.68591309
173 -521.67535400 -6.68814556
174 -521.55236816 -6.68656882
175 -521.43524170 -6.68506720
176 -521.26348877 -6.68286524
177 -521.27355957 -6.68299435
178 -521.01763916 -6.67971332
179 -520.71826172 -6.67587515
180 -521.01330566 -6.67965776
181 -521.16339111 -6.68158194
182 -521.36584473 -6.68417750
183 -521.25866699 -6.68280342
184 -521.21429443 -6.68223454
185 -521.19982910 -6.68204909
186 -520.82165527 -6.67720071
187 -520.90142822 -6.67822344
188 -520.66943359 -6.67524915
189 -520.11376953 -6.66812525
190 -519.76818848 -6.66369472
191 -519.65686035 -6.66226744
192 -519.39868164 -6.65895746
193 -519.47412109 -6.65992463
194 -519.38543701 -6.65878765
195 -519.38366699 -6.65876496
196 -519.01647949 -6.65405743
197 -518.73913574 -6.65050174
198 -518.57934570 -6.64845315
199 -518.44073486 -6.64667609
200 -518.42810059 -6.64651411
201 -518.25366211 -6.64427772
202 -518.18347168 -6.64337784
203 -517.56964111 -6.63550822
204 -517.96240234 -6.64054362
205 -517.50628662 -6.63469598
206 -517.61834717 -6.63613266
207 -517.57751465 -6.63560916
208 -517.01654053 -6.62841719
209 -517.40954590 -6.63345572
210 -517.42303467 -6.63362865
211 -517.17102051 -6.63039770
212 -517.08190918 -6.62925525
213 -516.57928467 -6.62281134
214 -516.69879150 -6.62434348
215 -516.20581055 -6.61802321
216 -515.99621582 -6.61533610
217 -516.04937744 -6.61601766
218 -516.13189697 -6.61707560
219 -515.25830078 -6.60587565
220 -514.98004150 -6.60230822
221 -514.89233398 -6.60118377
222 -515.34277344 -6.60695863
223 -515.50598145 -6.60905104
224 -515.48541260 -6.60878734
225 -514.82214355 -6.60028389
226 -514.37359619 -6.59453328
227 -514.73571777 -6.59917587
228 -514.56268311 -6.59695748
229 -514.26947021 -6.59319834
230 -514.49395752 -6.59607638
231 -514.08203125 -6.59079527
232 -514.06378174 -6.59056130
233 -513.59588623 -6.58456264
234 -513.70458984 -6.58595628
235 -513.41156006 -6.58219949
236 -513.17321777 -6.57914382
237 -513.12036133 -6.57846617
238 -513.05023193 -6.57756708
239 -513.21868896 -6.57972678
240 -513.59478760 -6.58454856
241 -513.40728760 -6.58214471
242 -512.83911133 -6.57486040
243 -512.29479980 -6.56788205
244 -512.18078613 -6.56642034
245 -511.97387695 -6.56376765
246 -512.17437744 -6.56633817
247 -512.14593506 -6.56597353
248 -512.12866211 -6.56575208
249 -511.83508301 -6.56198824
250 -511.12921143 -6.55293861
251 -511.09777832 -6.55253562
252 -510.82397461 -6.54902532
253 -511.28509521 -6.55493712
254 -510.87335205 -6.54965836
255 -510.66168213 -6.54694464
256 -510.83551025 -6.54917321
257 -511.19995117 -6.55384553
258 -510.91375732 -6.55017638
259 -511.17370605 -6.55350905
260 -510.86718750 -6.54957933
261 -510.40771484 -6.54368865
262 -510.29095459 -6.54219173
263 -509.56579590 -6.53289482
264 -509.35263062 -6.53016193
265 -508.64215088 -6.52105322
266 -509.01321411 -6.52581044
267 -509.19964600 -6.52820059
268 -508.67926025 -6.52152898
269 -508.45587158 -6.51866502
270 -508.47650146 -6.51892951
271 -508.36419678 -6.51748970
272 -508.09515381 -6.51404043
273 -508.38290405 -6.51772954
274 -507.71673584 -6.50918892
275 -507.61572266 -6.50789388
276 -507.18536377 -6.50237646
277 -506.32202148 -6.49130797
278 -506.73693848 -6.49662742
279 -506.11950684 -6.48871163
280 -505.36077881 -6.47898434
281 -505.98550415 -6.48699364
282 -505.91894531 -6.48614032
283 -505.36297607 -6.47901251
284 -504.97723389 -6.47406710
285 -505.35772705 -6.47894522
286 -505.44146729 -6.48001881
287 -505.06732178 -6.47522207
288 -505.39288330 -6.47939594
289 -505.35925293 -6.47896478
290 -504.26110840 -6.46488601
291 -504.83935547 -6.47229943
292 -504.95562744 -6.47379010
293 -504.98712158 -6.47419387
294 -505.72302246 -6.48362849
295 -504.92236328 -6.47336363
296 -504.62542725 -6.46955676
297 -504.64636230 -6.46982516
298 -503.36749268 -6.45342939
299 -502.50494385 -6.44237107
300 -502.79370117 -6.44607309
301 -503.52801514 -6.45548737
302 -503.57592773 -6.45610164
303 -502.92364502 -6.44773904
304 -503.76159668 -6.45848201
305 -503.99993896 -6.46153768
306 -504.24932861 -6.46473498
307 -504.17321777 -6.46375920
308 -504.52661133 -6.46828989
309 -503.41198730 -6.45399984
310 -503.13714600 -6.45047623
311 -503.55517578 -6.45583559
312 -504.11395264 -6.46299939
313 -503.32385254 -6.45286990
314 -502.30285645 -6.43978021
315 -502.55682373 -6.44303620
316 -503.30975342 -6.45268915
317 -503.19201660 -6.45117970
318 -502.93286133 -6.44785720
319 -501.53259277 -6.42990504
320 -501.58087158 -6.43052399
321 -500.92321777 -6.42209254
322 -501.64752197 -6.43137849
323 -502.16101074 -6.43796168
324 -501.88616943 -6.43443807
325 -501.98706055 -6.43573155
326 -502.35443115 -6.44044143
327 -503.16351318 -6.45081427
328 -502.97564697 -6.44840573
329 -502.35382080 -6.44043360
330 -502.02886963 -6.43626756
331 -501.20642090 -6.42572334
332 -500.11303711 -6.41170560
333 -500.52746582 -6.41701879
334 -500.13537598 -6.41199200
335 -500.28610229 -6.41392439
336 -499.11242676 -6.39887727
337 -497.03265381 -6.37221351
338 -497.66229248 -6.38028580
339 -497.18078613 -6.37411264
340 -496.68328857 -6.36773447
341 -496.42266846 -6.36439319
342 -496.42633057 -6.36444014
343 -496.86120605 -6.37001546
344 -496.62438965 -6.36697935
345 -496.08599854 -6.36007690
346 -495.96411133 -6.35851425
347 -495.97973633 -6.35871457
348 -495.03552246 -6.34660926
349 -494.31451416 -6.33736557
350 -494.54400635 -6.34030777
351 -495.30810547 -6.35010392
352 -494.19195557 -6.33579430
353 -495.14294434 -6.34798647
354 -495.78204346 -6.35618004
355 -495.85479736 -6.35711279
356 -494.57073975 -6.34065051
357 -493.51574707 -6.32712496
358 -492.81701660 -6.31816688
359 -493.06701660 -6.32137201
360 -491.79037476 -6.30500480
361 -492.06524658 -6.30852880
362 -492.87487793 -6.31890869
363 -492.68762207 -6.31650798
364 -492.13543701 -6.30942868
365 -492.42443848 -6.31313383
366 -492.65960693 -6.31614881
367 -491.17248535 -6.29708315
368 -491.01385498 -6.29504942
369 -491.84478760 -6.30570241
370 -492.33245850 -6.31195460
371 -492.12817383 -6.30933556
372 -490.69616699 -6.29097650
373 -490.61236572 -6.28990212
