0 -506.65863037 -5.50715903
1 -506.69677734 -5.50757367
2 -506.73269653 -5.50796409
3 -506.76025391 -5.50826363
4 -506.78097534 -5.50848886
5 -506.79876709 -5.50868225
6 -506.80853271 -5.50878840
7 -506.81533813 -5.50886237
8 -506.82067871 -5.50892042
9 -506.82983398 -5.50901993
10 -506.83627319 -5.50908993
11 -506.83746338 -5.50910286
12 -506.83969116 -5.50912708
13 -506.84115601 -5.50914300
14 -506.84429932 -5.50917717
15 -506.84909058 -5.50922925
16 -506.85009766 -5.50924019
17 -506.85443115 -5.50928730
18 -506.86019897 -5.50934999
19 -506.86111450 -5.50935994
20 -506.86083984 -5.50935695
21 -506.86566162 -5.50940937
22 -506.86853027 -5.50944055
23 -506.86813354 -5.50943623
24 -506.87243652 -5.50948301
25 -506.87686157 -5.50953110
26 -506.87661743 -5.50952845
27 -506.87988281 -5.50956394
28 -506.88073730 -5.50957323
29 -506.88256836 -5.50959313
30 -506.88436890 -5.50961271
31 -506.88415527 -5.50961038
32 -506.88589478 -5.50962929
33 -506.88412476 -5.50961005
34 -506.88229370 -5.50959015
35 -506.88345337 -5.50960275
36 -506.88467407 -5.50961602
37 -506.88882446 -5.50966114
38 -506.88851929 -5.50965782
39 -506.89151001 -5.50969033
40 -506.89163208 -5.50969165
41 -506.89385986 -5.50971587
42 -506.89547729 -5.50973345
43 -506.89505005 -5.50972880
44 -506.89041138 -5.50967838
45 -506.89572144 -5.50973610
46 -506.89706421 -5.50975070
47 -506.89617920 -5.50974108
48 -506.89456177 -5.50972350
49 -506.90002441 -5.50978287
50 -506.90014648 -5.50978420
51 -506.89871216 -5.50976861
52 -506.90405273 -5.50982666
53 -506.89968872 -5.50977923
54 -506.90673828 -5.50985585
55 -506.90777588 -5.50986713
56 -506.90844727 -5.50987443
57 -506.91104126 -5.50990262
58 -506.91036987 -5.50989532
59 -506.90899658 -5.50988040
60 -506.91268921 -5.50992053
61 -506.91775513 -5.50997560
62 -506.91561890 -5.50995238
63 -506.91378784 -5.50993248
64 -506.91653442 -5.50996233
65 -506.91595459 -5.50995603
66 -506.91421509 -5.50993712
67 -506.91827393 -5.50998124
68 -506.91787720 -5.50997693
69 -506.92166138 -5.51001806
70 -506.92507935 -5.51005521
71 -506.92626953 -5.51006815
72 -506.92172241 -5.51001872
73 -506.92489624 -5.51005322
74 -506.92749023 -5.51008142
75 -506.92718506 -5.51007810
76 -506.92785645 -5.51008540
77 -506.93127441 -5.51012255
78 -506.92724609 -5.51007876
79 -506.92938232 -5.51010198
80 -506.93005371 -5.51010928
81 -506.92974854 -5.51010596
82 -506.93389893 -5.51015108
83 -506.93411255 -5.51015340
84 -506.93493652 -5.51016235
85 -506.93441772 -5.51015671
86 -506.93658447 -5.51018027
87 -506.94046021 -5.51022239
88 -506.94006348 -5.51021808
89 -506.94317627 -5.51025192
90 -506.94384766 -5.51025921
91 -506.94692993 -5.51029272
92 -506.94601440 -5.51028277
93 -506.94522095 -5.51027414
94 -506.94787598 -5.51030300
95 -506.94360352 -5.51025656
96 -506.94723511 -5.51029603
97 -506.94857788 -5.51031063
98 -506.94686890 -5.51029205
99 -506.94696045 -5.51029305
100 -506.94937134 -5.51031925
101 -506.94891357 -5.51031428
102 -506.94866943 -5.51031162
103 -506.95104980 -5.51033750
104 -506.95242310 -5.51035242
105 -506.95617676 -5.51039323
106 -506.95242310 -5.51035242
107 -506.95339966 -5.51036304
108 -506.95321655 -5.51036105
109 -506.95642090 -5.51039588
110 -506.95654297 -5.51039721
111 -506.95727539 -5.51040517
112 -506.95797729 -5.51041280
113 -506.95629883 -5.51039455
114 -506.95758057 -5.51040848
115 -506.95642090 -5.51039588
116 -506.95675659 -5.51039953
117 -506.95855713 -5.51041910
118 -506.96163940 -5.51045260
119 -506.96343994 -5.51047217
120 -506.96337891 -5.51047151
121 -506.96444702 -5.51048312
122 -506.96414185 -5.51047980
123 -506.96585083 -5.51049838
124 -506.96792603 -5.51052094
125 -506.96829224 -5.51052492
126 -506.96768188 -5.51051828
127 -506.96823120 -5.51052425
128 -506.96893311 -5.51053188
129 -506.96884155 -5.51053089
130 -506.96932983 -5.51053619
131 -506.96948242 -5.51053785
132 -506.96917725 -5.51053454
133 -506.96813965 -5.51052326
134 -506.96878052 -5.51053022
135 -506.96954346 -5.51053852
136 -506.97195435 -5.51056472
137 -506.97235107 -5.51056903
138 -506.97213745 -5.51056671
139 -506.97262573 -5.51057202
140 -506.97460938 -5.51059358
141 -506.97494507 -5.51059723
142 -506.97674561 -5.51061680
143 -506.97665405 -5.51061580
144 -506.97470093 -5.51059458
145 -506.97717285 -5.51062144
146 -506.97964478 -5.51064831
147 -506.97949219 -5.51064665
148 -506.97741699 -5.51062410
149 -506.98098755 -5.51066291
150 -506.97988892 -5.51065097
151 -506.97955322 -5.51064732
152 -506.98019409 -5.51065428
153 -506.98144531 -5.51066788
154 -506.97976685 -5.51064964
155 -506.98233032 -5.51067750
156 -506.98629761 -5.51072063
157 -506.98754883 -5.51073423
158 -506.98687744 -5.51072693
159 -506.98727417 -5.51073124
160 -506.98980713 -5.51075877
161 -506.99044800 -5.51076574
162 -506.99334717 -5.51079725
163 -506.98751831 -5.51073389
164 -506.99081421 -5.51076972
165 -506.99111938 -5.51077304
166 -506.99383545 -5.51080256
167 -506.99307251 -5.51079427
168 -506.99240112 -5.51078697
169 -506.99295044 -5.51079294
170 -506.99783325 -5.51084601
171 -506.99606323 -5.51082677
172 -506.99652100 -5.51083175
173 -506.99374390 -5.51080156
174 -506.99645996 -5.51083109
175 -506.99707031 -5.51083772
176 -506.99774170 -5.51084502
177 -506.99691772 -5.51083606
178 -506.99755859 -5.51084303
179 -507.00152588 -5.51088615
180 -507.00192261 -5.51089046
181 -507.00573730 -5.51093193
182 -507.00469971 -5.51092065
183 -507.00247192 -5.51089643
184 -507.00424194 -5.51091567
185 -507.00399780 -5.51091302
186 -507.00332642 -5.51090572
187 -507.00308228 -5.51090307
188 -507.01052856 -5.51098401
189 -507.00796509 -5.51095614
190 -507.00350952 -5.51090771
191 -507.00619507 -5.51093690
192 -507.00424194 -5.51091567
193 -507.00390625 -5.51091202
194 -507.00524902 -5.51092662
195 -507.00921631 -5.51096974
196 -507.00701904 -5.51094586
197 -507.00744629 -5.51095050
198 -507.00781250 -5.51095448
199 -507.00701904 -5.51094586
200 -507.00582886 -5.51093292
201 -507.00885010 -5.51096576
202 -507.00885010 -5.51096576
203 -507.00698853 -5.51094553
204 -507.00958252 -5.51097372
205 -507.01000977 -5.51097837
206 -507.00796509 -5.51095614
207 -507.00872803 -5.51096444
208 -507.01162720 -5.51099595
209 -507.01306152 -5.51101154
210 -507.01159668 -5.51099562
211 -507.01272583 -5.51100789
212 -507.01187134 -5.51099860
213 -507.01055908 -5.51098434
214 -507.01416016 -5.51102348
215 -507.01177979 -5.51099761
216 -507.01245117 -5.51100490
217 -507.00933838 -5.51097107
218 -507.01129150 -5.51099230
219 -507.01083374 -5.51098732
220 -507.01095581 -5.51098865
221 -507.01458740 -5.51102812
222 -507.01397705 -5.51102149
223 -507.01495361 -5.51103210
224 -507.01519775 -5.51103476
225 -507.01260376 -5.51100656
226 -507.01278687 -5.51100855
227 -507.01431274 -5.51102514
228 -507.01644897 -5.51104836
229 -507.01623535 -5.51104604
230 -507.01541138 -5.51103708
231 -507.01547241 -5.51103774
232 -507.01522827 -5.51103509
233 -507.01568604 -5.51104007
234 -507.01345825 -5.51101585
235 -507.01162720 -5.51099595
236 -507.00888062 -5.51096609
237 -507.00979614 -5.51097605
238 -507.01150513 -5.51099462
239 -507.01367188 -5.51101817
240 -507.01843262 -5.51106992
241 -507.01882935 -5.51107423
242 -507.01858521 -5.51107158
243 -507.01242065 -5.51100457
244 -507.01461792 -5.51102846
245 -507.01583862 -5.51104172
246 -507.01483154 -5.51103078
247 -507.01724243 -5.51105698
248 -507.01834106 -5.51106892
249 -507.02267456 -5.51111603
250 -507.02072144 -5.51109480
251 -507.02142334 -5.51110243
252 -507.02020264 -5.51108916
253 -507.01971436 -5.51108385
254 -507.01763916 -5.51106130
255 -507.01965332 -5.51108319
256 -507.01763916 -5.51106130
257 -507.01705933 -5.51105499
258 -507.01849365 -5.51107058
259 -507.01846313 -5.51107025
260 -507.02169800 -5.51110541
261 -507.02151489 -5.51110342
262 -507.02264404 -5.51111570
263 -507.02111816 -5.51109911
264 -507.02416992 -5.51113228
265 -507.02288818 -5.51111835
266 -507.02639771 -5.51115650
267 -507.02612305 -5.51115351
268 -507.02899170 -5.51118469
269 -507.02993774 -5.51119498
270 -507.02575684 -5.51114953
271 -507.02716064 -5.51116479
272 -507.02526855 -5.51114422
273 -507.02377319 -5.51112797
274 -507.02288818 -5.51111835
275 -507.02285767 -5.51111802
276 -507.02600098 -5.51115218
277 -507.02401733 -5.51113062
278 -507.02740479 -5.51116744
279 -507.02752686 -5.51116877
280 -507.02410889 -5.51113162
281 -507.02847290 -5.51117905
282 -507.02990723 -5.51119464
283 -507.02941895 -5.51118934
284 -507.02691650 -5.51116214
285 -507.03085327 -5.51120493
286 -507.02886963 -5.51118337
287 -507.03079224 -5.51120426
288 -507.02838135 -5.51117806
289 -507.02990723 -5.51119464
290 -507.03131104 -5.51120990
291 -507.03100586 -5.51120659
292 -507.03045654 -5.51120061
293 -507.03286743 -5.51122682
294 -507.03100586 -5.51120659
295 -507.03424072 -5.51124175
296 -507.03451538 -5.51124473
297 -507.03518677 -5.51125203
298 -507.03302002 -5.51122848
299 -507.02984619 -5.51119398
300 -507.03378296 -5.51123677
301 -507.03173828 -5.51121455
302 -507.02926636 -5.51118768
303 -507.03186035 -5.51121587
304 -507.02981567 -5.51119365
305 -507.03082275 -5.51120460
306 -507.03152466 -5.51121222
307 -507.03302002 -5.51122848
308 -507.03198242 -5.51121720
309 -507.03179932 -5.51121521
310 -507.03173828 -5.51121455
311 -507.03497314 -5.51124971
312 -507.03421021 -5.51124142
313 -507.03546143 -5.51125502
314 -507.03674316 -5.51126895
315 -507.03698730 -5.51127160
316 -507.03720093 -5.51127392
317 -507.03872681 -5.51129051
318 -507.03723145 -5.51127425
319 -507.03781128 -5.51128056
320 -507.03723145 -5.51127425
321 -507.03616333 -5.51126264
