0 -613.51458740 -6.97175668
1 -612.17126465 -6.95649164
2 -611.03979492 -6.94363403
3 -610.02703857 -6.93212544
4 -608.41448975 -6.91380102
5 -607.11035156 -6.89898127
6 -606.55151367 -6.89263084
7 -604.78973389 -6.87261061
8 -605.15051270 -6.87671037
9 -604.08782959 -6.86463443
10 -603.96240234 -6.86320912
11 -602.48431396 -6.84641266
12 -601.88726807 -6.83962805
13 -601.11346436 -6.83083482
14 -601.04083252 -6.83000946
15 -601.66595459 -6.83711312
16 -601.31036377 -6.83307232
17 -599.63793945 -6.81406749
18 -598.15576172 -6.79722456
19 -598.00830078 -6.79554887
20 -596.15979004 -6.77454307
21 -594.29327393 -6.75333266
22 -593.78454590 -6.74755166
23 -592.50689697 -6.73303292
24 -592.09600830 -6.72836373
25 -589.66198730 -6.70070440
26 -589.45367432 -6.69833721
27 -588.81372070 -6.69106501
28 -588.49060059 -6.68739319
29 -587.85644531 -6.68018688
30 -587.89233398 -6.68059470
31 -585.71844482 -6.65589142
32 -585.13317871 -6.64924067
33 -585.18499756 -6.64982952
34 -584.90795898 -6.64668135
35 -584.24621582 -6.63916154
36 -580.94830322 -6.60168526
37 -580.47320557 -6.59628643
38 -581.12188721 -6.60365781
39 -580.45013428 -6.59602425
40 -578.45550537 -6.57335802
41 -578.05120850 -6.56876373
42 -577.62500000 -6.56392045
