0 -609.41564941 -6.77128499
1 -609.42773438 -6.77141927
2 -609.43627930 -6.77151421
3 -609.44287109 -6.77158746
4 -609.44818115 -6.77164646
5 -609.45391846 -6.77171021
6 -609.45892334 -6.77176581
7 -609.46319580 -6.77181329
8 -609.46740723 -6.77186008
9 -609.47174072 -6.77190823
10 -609.47509766 -6.77194553
11 -609.47808838 -6.77197876
12 -609.48132324 -6.77201470
13 -609.48419189 -6.77204658
14 -609.48651123 -6.77207235
15 -609.48931885 -6.77210354
16 -609.49163818 -6.77212931
17 -609.49389648 -6.77215441
18 -609.49584961 -6.77217611
19 -609.49761963 -6.77219577
20 -609.50018311 -6.77222426
21 -609.50292969 -6.77225477
22 -609.50451660 -6.77227241
23 -609.50659180 -6.77229546
24 -609.50836182 -6.77231513
25 -609.51068115 -6.77234090
26 -609.51190186 -6.77235447
27 -609.51385498 -6.77237617
28 -609.51617432 -6.77240194
29 -609.51745605 -6.77241618
30 -609.51861572 -6.77242906
31 -609.52038574 -6.77244873
32 -609.52117920 -6.77245755
33 -609.52239990 -6.77247111
34 -609.52380371 -6.77248671
35 -609.52520752 -6.77250231
36 -609.52581787 -6.77250909
37 -609.52606201 -6.77251180
38 -609.52752686 -6.77252808
39 -609.52984619 -6.77255385
40 -609.53094482 -6.77256605
41 -609.53265381 -6.77258504
42 -609.53369141 -6.77259657
43 -609.53448486 -6.77260539
44 -609.53454590 -6.77260607
45 -609.53582764 -6.77262031
46 -609.53668213 -6.77262980
47 -609.53802490 -6.77264472
48 -609.53881836 -6.77265354
49 -609.53991699 -6.77266574
50 -609.54077148 -6.77267524
51 -609.54199219 -6.77268880
52 -609.54174805 -6.77268609
53 -609.54370117 -6.77270779
54 -609.54455566 -6.77271729
55 -609.54534912 -6.77272610
56 -609.54602051 -6.77273356
57 -609.54711914 -6.77274577
58 -609.54711914 -6.77274577
59 -609.54821777 -6.77275798
60 -609.54895020 -6.77276611
61 -609.55029297 -6.77278103
62 -609.55090332 -6.77278781
63 -609.55169678 -6.77279663
64 -609.55218506 -6.77280206
65 -609.55352783 -6.77281698
66 -609.55358887 -6.77281765
67 -609.55487061 -6.77283190
