0 -801.09960938 -7.28272372
1 -801.10882568 -7.28280751
2 -801.11395264 -7.28285411
3 -801.11651611 -7.28287742
4 -801.11993408 -7.28290849
5 -801.12200928 -7.28292736
6 -801.12353516 -7.28294123
7 -801.12475586 -7.28295233
8 -801.12609863 -7.28296453
9 -801.12756348 -7.28297785
10 -801.12854004 -7.28298673
11 -801.13012695 -7.28300115
12 -801.13079834 -7.28300726
13 -801.13183594 -7.28301669
14 -801.13238525 -7.28302168
15 -801.13305664 -7.28302779
16 -801.13330078 -7.28303001
17 -801.13378906 -7.28303445
18 -801.13439941 -7.28303999
19 -801.13482666 -7.28304388
20 -801.13525391 -7.28304776
21 -801.13555908 -7.28305054
22 -801.13610840 -7.28305553
23 -801.13665771 -7.28306052
24 -801.13726807 -7.28306607
25 -801.13745117 -7.28306774
26 -801.13769531 -7.28306996
27 -801.13800049 -7.28307273
28 -801.13793945 -7.28307218
29 -801.13800049 -7.28307273
30 -801.13873291 -7.28307939
31 -801.13812256 -7.28307384
32 -801.13903809 -7.28308216
33 -801.13970947 -7.28308827
