0 -548.22930908 -6.60517240
1 -548.22967529 -6.60517681
2 -548.22857666 -6.60516357
3 -548.22906494 -6.60516946
4 -548.23071289 -6.60518931
5 -548.22918701 -6.60517093
6 -548.22967529 -6.60517681
7 -548.23089600 -6.60519152
8 -548.22637939 -6.60513710
9 -548.22515869 -6.60512239
10 -548.22503662 -6.60512092
11 -548.22253418 -6.60509077
12 -548.22180176 -6.60508195
13 -548.21954346 -6.60505474
14 -548.21600342 -6.60501209
15 -548.21710205 -6.60502533
16 -548.20916748 -6.60492973
17 -548.21221924 -6.60496650
18 -548.21014404 -6.60494149
19 -548.20910645 -6.60492899
20 -548.20690918 -6.60490252
21 -548.20269775 -6.60485178
22 -548.20306396 -6.60485619
23 -548.20306396 -6.60485619
24 -548.19763184 -6.60479075
25 -548.20031738 -6.60482310
26 -548.19665527 -6.60477898
27 -548.19201660 -6.60472309
28 -548.19012451 -6.60470030
29 -548.18664551 -6.60465838
30 -548.18444824 -6.60463191
31 -548.17987061 -6.60457675
32 -548.17779541 -6.60455175
33 -548.17462158 -6.60451351
34 -548.17504883 -6.60451866
35 -548.17388916 -6.60450469
36 -548.17938232 -6.60457087
37 -548.17730713 -6.60454587
38 -548.17218018 -6.60448410
39 -548.16979980 -6.60445542
40 -548.16387939 -6.60438409
41 -548.16119385 -6.60435173
42 -548.16497803 -6.60439733
43 -548.16339111 -6.60437821
44 -548.16394043 -6.60438482
45 -548.16210938 -6.60436276
46 -548.15966797 -6.60433335
47 -548.15551758 -6.60428334
48 -548.15356445 -6.60425981
49 -548.15478516 -6.60427452
50 -548.15881348 -6.60432305
51 -548.15826416 -6.60431644
52 -548.15350342 -6.60425908
53 -548.15148926 -6.60423481
54 -548.15393066 -6.60426422
55 -548.15716553 -6.60430320
56 -548.15814209 -6.60431496
57 -548.15411377 -6.60426643
58 -548.14916992 -6.60420687
59 -548.14984131 -6.60421496
60 -548.14361572 -6.60413995
61 -548.14739990 -6.60418554
62 -548.14532471 -6.60416054
63 -548.14056396 -6.60410318
64 -548.13647461 -6.60405391
65 -548.12969971 -6.60397229
66 -548.13116455 -6.60398993
67 -548.12689209 -6.60393846
68 -548.12353516 -6.60389801
69 -548.12225342 -6.60388257
70 -548.12255859 -6.60388625
71 -548.12011719 -6.60385683
72 -548.12304688 -6.60389213
73 -548.11303711 -6.60377153
74 -548.11566162 -6.60380315
75 -548.11383057 -6.60378109
76 -548.11846924 -6.60383698
77 -548.11621094 -6.60380977
78 -548.11291504 -6.60377006
79 -548.10241699 -6.60364358
80 -548.09954834 -6.60360902
81 -548.10131836 -6.60363034
82 -548.10247803 -6.60364431
83 -548.10339355 -6.60365534
84 -548.10156250 -6.60363328
85 -548.10552979 -6.60368108
86 -548.10614014 -6.60368844
87 -548.10290527 -6.60364946
88 -548.10418701 -6.60366490
89 -548.10797119 -6.60371050
90 -548.10217285 -6.60364064
91 -548.09503174 -6.60355460
92 -548.09747314 -6.60358401
93 -548.09014893 -6.60349577
94 -548.09246826 -6.60352371
95 -548.08367920 -6.60341782
96 -548.07653809 -6.60333178
97 -548.07409668 -6.60330237
98 -548.07958984 -6.60336855
99 -548.08410645 -6.60342297
100 -548.07647705 -6.60333105
101 -548.08245850 -6.60340311
102 -548.07690430 -6.60333620
103 -548.07659912 -6.60333252
104 -548.07275391 -6.60328619
105 -548.07379150 -6.60329869
106 -548.06866455 -6.60323692
107 -548.06671143 -6.60321339
108 -548.07287598 -6.60328766
109 -548.06958008 -6.60324795
110 -548.07568359 -6.60332149
111 -548.07916260 -6.60336340
112 -548.07275391 -6.60328619
113 -548.07153320 -6.60327148
114 -548.07067871 -6.60326119
115 -548.06597900 -6.60320457
116 -548.07214355 -6.60327884
117 -548.06719971 -6.60321927
118 -548.06835938 -6.60323325
119 -548.06408691 -6.60318177
120 -548.07055664 -6.60325972
121 -548.06555176 -6.60319942
122 -548.06213379 -6.60315824
123 -548.05639648 -6.60308911
124 -548.06152344 -6.60315088
125 -548.05444336 -6.60306558
126 -548.04913330 -6.60300161
127 -548.05041504 -6.60301705
128 -548.05023193 -6.60301484
129 -548.05377197 -6.60305749
130 -548.05474854 -6.60306926
131 -548.05883789 -6.60311853
132 -548.06036377 -6.60313691
133 -548.06005859 -6.60313324
134 -548.05895996 -6.60312000
135 -548.05889893 -6.60311926
136 -548.05895996 -6.60312000
137 -548.05804443 -6.60310897
138 -548.05749512 -6.60310235
139 -548.05822754 -6.60311118
140 -548.05963135 -6.60312809
141 -548.05560303 -6.60307955
142 -548.05346680 -6.60305382
143 -548.05096436 -6.60302367
144 -548.05279541 -6.60304573
145 -548.05047607 -6.60301778
146 -548.04718018 -6.60297807
147 -548.04516602 -6.60295381
148 -548.04425049 -6.60294278
149 -548.04302979 -6.60292807
150 -548.04211426 -6.60291704
151 -548.04357910 -6.60293469
152 -548.04107666 -6.60290454
153 -548.04339600 -6.60293248
154 -548.04052734 -6.60289792
155 -548.03991699 -6.60289057
156 -548.03729248 -6.60285895
157 -548.04138184 -6.60290821
158 -548.03552246 -6.60283762
159 -548.03143311 -6.60278835
160 -548.03259277 -6.60280232
161 -548.03149414 -6.60278909
162 -548.02648926 -6.60272879
163 -548.02355957 -6.60269349
164 -548.02807617 -6.60274791
165 -548.02380371 -6.60269643
166 -548.02142334 -6.60266775
167 -548.02404785 -6.60269937
168 -548.01580811 -6.60260010
169 -548.01214600 -6.60255598
170 -548.00616455 -6.60248391
171 -548.01184082 -6.60255230
172 -548.01074219 -6.60253906
173 -548.00817871 -6.60250818
174 -548.00830078 -6.60250965
175 -548.00347900 -6.60245155
176 -548.00195312 -6.60243317
177 -547.99835205 -6.60238978
178 -547.99975586 -6.60240670
179 -547.99554443 -6.60235596
180 -547.99804688 -6.60238611
181 -547.99438477 -6.60234199
182 -547.98901367 -6.60227727
183 -547.99255371 -6.60231992
184 -547.98852539 -6.60227139
185 -547.98272705 -6.60220153
186 -547.98101807 -6.60218094
187 -547.97601318 -6.60212064
188 -547.97601318 -6.60212064
189 -547.97558594 -6.60211549
190 -547.97705078 -6.60213314
191 -547.97155762 -6.60206696
192 -547.97064209 -6.60205593
193 -547.97302246 -6.60208461
194 -547.97058105 -6.60205519
195 -547.96478271 -6.60198533
196 -547.95892334 -6.60191474
197 -547.95764160 -6.60189930
198 -547.95410156 -6.60185665
199 -547.95111084 -6.60182061
200 -547.94781494 -6.60178090
201 -547.94323730 -6.60172575
202 -547.94146729 -6.60170443
203 -547.93756104 -6.60165736
204 -547.93933105 -6.60167869
205 -547.93505859 -6.60162721
206 -547.94000244 -6.60168678
207 -547.93188477 -6.60158897
208 -547.93402100 -6.60161471
209 -547.93554688 -6.60163309
210 -547.93481445 -6.60162427
211 -547.92944336 -6.60155956
212 -547.92669678 -6.60152647
213 -547.92913818 -6.60155588
214 -547.91870117 -6.60143013
215 -547.92541504 -6.60151102
216 -547.92230225 -6.60147352
217 -547.92358398 -6.60148896
218 -547.92156982 -6.60146470
219 -547.91412354 -6.60137498
220 -547.90844727 -6.60130659
221 -547.90234375 -6.60123306
222 -547.90478516 -6.60126247
223 -547.89880371 -6.60119041
224 -547.90118408 -6.60121909
225 -547.90246582 -6.60123453
226 -547.89990234 -6.60120364
227 -547.89868164 -6.60118894
228 -547.89813232 -6.60118232
229 -547.89385986 -6.60113084
230 -547.89074707 -6.60109334
231 -547.88873291 -6.60106907
232 -547.88745117 -6.60105363
233 -547.88055420 -6.60097053
234 -547.88159180 -6.60098303
235 -547.87933350 -6.60095583
236 -547.87774658 -6.60093671
237 -547.87274170 -6.60087641
238 -547.86791992 -6.60081831
239 -547.87060547 -6.60085067
240 -547.86828613 -6.60082272
241 -547.86663818 -6.60080287
242 -547.86077881 -6.60073227
243 -547.85675049 -6.60068374
244 -547.85522461 -6.60066536
245 -547.84808350 -6.60057932
246 -547.84838867 -6.60058300
247 -547.84741211 -6.60057123
248 -547.84704590 -6.60056682
249 -547.84613037 -6.60055579
250 -547.84118652 -6.60049622
251 -547.84594727 -6.60055358
252 -547.84521484 -6.60054476
253 -547.84265137 -6.60051387
254 -547.84222412 -6.60050872
255 -547.83630371 -6.60043739
256 -547.83953857 -6.60047637
257 -547.83624268 -6.60043666
258 -547.83648682 -6.60043960
259 -547.83276367 -6.60039474
260 -547.83587646 -6.60043225
261 -547.83453369 -6.60041607
262 -547.82983398 -6.60035945
263 -547.83038330 -6.60036606
264 -547.82354736 -6.60028370
265 -547.81872559 -6.60022561
266 -547.81939697 -6.60023370
267 -547.82128906 -6.60025649
268 -547.81805420 -6.60021752
269 -547.82159424 -6.60026017
270 -547.81921387 -6.60023149
271 -547.81616211 -6.60019472
272 -547.80401611 -6.60004839
273 -547.80242920 -6.60002927
274 -547.80609131 -6.60007339
275 -547.80065918 -6.60000794
276 -547.79821777 -6.59997853
277 -547.79687500 -6.59996235
278 -547.80108643 -6.60001309
279 -547.79748535 -6.59996970
280 -547.79730225 -6.59996750
281 -547.80004883 -6.60000059
282 -547.79693604 -6.59996308
283 -547.79644775 -6.59995720
284 -547.79498291 -6.59993955
285 -547.78839111 -6.59986013
286 -547.79223633 -6.59990646
287 -547.78338623 -6.59979983
288 -547.77941895 -6.59975204
289 -547.78161621 -6.59977851
290 -547.77655029 -6.59971747
291 -547.77661133 -6.59971821
292 -547.77447510 -6.59969247
293 -547.77825928 -6.59973806
294 -547.77124023 -6.59965350
295 -547.76837158 -6.59961893
296 -547.76757812 -6.59960938
297 -547.76861572 -6.59962188
298 -547.76684570 -6.59960055
299 -547.76159668 -6.59953731
300 -547.75903320 -6.59950642
301 -547.75512695 -6.59945936
302 -547.76239014 -6.59954687
303 -547.75427246 -6.59944907
304 -547.74725342 -6.59936450
305 -547.74810791 -6.59937479
306 -547.74652100 -6.59935567
307 -547.75292969 -6.59943289
308 -547.74798584 -6.59937332
309 -547.74243164 -6.59930641
310 -547.73974609 -6.59927405
311 -547.73553467 -6.59922331
312 -547.73522949 -6.59921963
313 -547.73150635 -6.59917478
314 -547.73059082 -6.59916374
315 -547.72467041 -6.59909241
316 -547.72912598 -6.59914610
317 -547.72735596 -6.59912477
318 -547.72875977 -6.59914168
319 -547.72674561 -6.59911742
320 -547.71917725 -6.59902623
321 -547.72619629 -6.59911080
322 -547.71502686 -6.59897623
323 -547.71539307 -6.59898064
324 -547.71044922 -6.59892107
325 -547.70788574 -6.59889019
326 -547.70043945 -6.59880048
327 -547.69622803 -6.59874974
328 -547.69909668 -6.59878430
329 -547.69799805 -6.59877106
330 -547.69842529 -6.59877621
331 -547.70117188 -6.59880930
332 -547.69952393 -6.59878944
333 -547.69140625 -6.59869164
334 -547.69091797 -6.59868576
335 -547.68652344 -6.59863281
336 -547.68994141 -6.59867399
337 -547.68847656 -6.59865634
338 -547.68463135 -6.59861002
339 -547.67535400 -6.59849824
340 -547.66931152 -6.59842544
341 -547.66656494 -6.59839235
342 -547.66180420 -6.59833499
343 -547.65509033 -6.59825410
344 -547.65515137 -6.59825484
345 -547.65020752 -6.59819527
346 -547.64581299 -6.59814233
347 -547.63885498 -6.59805849
348 -547.63653564 -6.59803055
349 -547.63769531 -6.59804452
350 -547.63269043 -6.59798422
351 -547.63183594 -6.59797393
352 -547.62408447 -6.59788054
353 -547.62500000 -6.59789157
354 -547.62817383 -6.59792981
355 -547.61376953 -6.59775626
356 -547.62329102 -6.59787098
357 -547.62286377 -6.59786583
358 -547.62310791 -6.59786877
359 -547.61743164 -6.59780038
360 -547.61767578 -6.59780332
361 -547.61871338 -6.59781582
362 -547.61236572 -6.59773935
363 -547.61456299 -6.59776582
364 -547.61267090 -6.59774302
365 -547.60900879 -6.59769890
366 -547.60839844 -6.59769155
367 -547.60662842 -6.59767022
368 -547.61108398 -6.59772390
369 -547.61218262 -6.59773714
370 -547.61022949 -6.59771361
371 -547.60736084 -6.59767905
372 -547.60925293 -6.59770184
373 -547.60559082 -6.59765772
374 -547.61370850 -6.59775552
375 -547.60375977 -6.59763566
376 -547.61334229 -6.59775111
377 -547.60528564 -6.59765404
378 -547.60607910 -6.59766360
379 -547.60424805 -6.59764154
380 -547.60321045 -6.59762904
381 -547.59619141 -6.59754447
382 -547.60461426 -6.59764595
383 -547.60394287 -6.59763787
384 -547.60540771 -6.59765551
385 -547.59954834 -6.59758492
386 -547.60754395 -6.59768125
387 -547.61114502 -6.59772464
388 -547.61328125 -6.59775038
389 -547.61694336 -6.59779450
390 -547.62921143 -6.59794231
391 -547.63232422 -6.59797981
392 -547.63000488 -6.59795187
393 -547.62963867 -6.59794745
394 -547.63635254 -6.59802834
395 -547.63427734 -6.59800334
396 -547.63336182 -6.59799231
397 -547.63323975 -6.59799084
398 -547.63696289 -6.59803570
399 -547.64123535 -6.59808717
400 -547.63616943 -6.59802614
401 -547.63769531 -6.59804452
402 -547.64434814 -6.59812468
403 -547.64367676 -6.59811659
404 -547.63446045 -6.59800555
405 -547.63629150 -6.59802761
406 -547.63580322 -6.59802173
407 -547.64666748 -6.59815262
408 -547.64916992 -6.59818277
