0 -441.25683594 -6.89463806
1 -441.26837158 -6.89481831
2 -441.27630615 -6.89494228
3 -441.28039551 -6.89500618
4 -441.28671265 -6.89510489
5 -441.28894043 -6.89513969
6 -441.29211426 -6.89518929
7 -441.29571533 -6.89524555
8 -441.29821777 -6.89528465
9 -441.30105591 -6.89532900
10 -441.30258179 -6.89535284
11 -441.30364990 -6.89536953
12 -441.30822754 -6.89544106
13 -441.31066895 -6.89547920
14 -441.31250000 -6.89550781
15 -441.31390381 -6.89552975
16 -441.31689453 -6.89557648
17 -441.31787109 -6.89559174
18 -441.31869507 -6.89560461
19 -441.32098389 -6.89564037
20 -441.32189941 -6.89565468
21 -441.32458496 -6.89569664
22 -441.32482910 -6.89570045
23 -441.32720947 -6.89573765
24 -441.32556152 -6.89571190
25 -441.32977295 -6.89577770
26 -441.32812500 -6.89575195
27 -441.32958984 -6.89577484
28 -441.32998657 -6.89578104
29 -441.33108521 -6.89579821
30 -441.32858276 -6.89575911
31 -441.33258057 -6.89582157
32 -441.33016968 -6.89578390
33 -441.33328247 -6.89583254
34 -441.33337402 -6.89583397
35 -441.33673096 -6.89588642
36 -441.33642578 -6.89588165
37 -441.33837891 -6.89591217
38 -441.33404541 -6.89584446
39 -441.33978271 -6.89593410
40 -441.33813477 -6.89590836
41 -441.34057617 -6.89594650
42 -441.34265137 -6.89597893
43 -441.34381104 -6.89599705
44 -441.34259033 -6.89597797
45 -441.34399414 -6.89599991
46 -441.34381104 -6.89599705
47 -441.34448242 -6.89600754
48 -441.34356689 -6.89599323
49 -441.34576416 -6.89602757
50 -441.34582520 -6.89602852
51 -441.34454346 -6.89600849
52 -441.34582520 -6.89602852
53 -441.34594727 -6.89603043
54 -441.34603882 -6.89603186
55 -441.34753418 -6.89605522
56 -441.34826660 -6.89606667
57 -441.35034180 -6.89609909
58 -441.35076904 -6.89610577
59 -441.35205078 -6.89612579
60 -441.35189819 -6.89612341
61 -441.35296631 -6.89614010
62 -441.35131836 -6.89611435
63 -441.35461426 -6.89616585
64 -441.35235596 -6.89613056
65 -441.35256958 -6.89613390
66 -441.35052490 -6.89610195
67 -441.35449219 -6.89616394
68 -441.35473633 -6.89616776
69 -441.35400391 -6.89615631
70 -441.35443115 -6.89616299
71 -441.35290527 -6.89613914
72 -441.35375977 -6.89615250
73 -441.35498047 -6.89617157
74 -441.35418701 -6.89615917
75 -441.35339355 -6.89614677
76 -441.35144043 -6.89611626
77 -441.35162354 -6.89611912
78 -441.34988403 -6.89609194
79 -441.35278320 -6.89613724
80 -441.35119629 -6.89611244
81 -441.35403442 -6.89615679
82 -441.35101318 -6.89610958
83 -441.35375977 -6.89615250
84 -441.35333252 -6.89614582
85 -441.35379028 -6.89615297
86 -441.35351562 -6.89614868
87 -441.35607910 -6.89618874
88 -441.35424805 -6.89616013
89 -441.35522461 -6.89617538
90 -441.35589600 -6.89618587
91 -441.35589600 -6.89618587
92 -441.35516357 -6.89617443
93 -441.35723877 -6.89620686
94 -441.35522461 -6.89617538
95 -441.35583496 -6.89618492
96 -441.35571289 -6.89618301
97 -441.35583496 -6.89618492
98 -441.35681152 -6.89620018
99 -441.35742188 -6.89620972
100 -441.35571289 -6.89618301
101 -441.35720825 -6.89620638
102 -441.35394287 -6.89615536
103 -441.35522461 -6.89617538
104 -441.35443115 -6.89616299
105 -441.35665894 -6.89619780
106 -441.35522461 -6.89617538
107 -441.35406494 -6.89615726
108 -441.35321045 -6.89614391
109 -441.35220337 -6.89612818
110 -441.35388184 -6.89615440
111 -441.35375977 -6.89615250
112 -441.35333252 -6.89614582
113 -441.35159302 -6.89611864
114 -441.35339355 -6.89614677
115 -441.35266113 -6.89613533
116 -441.35253906 -6.89613342
117 -441.35223389 -6.89612865
118 -441.35333252 -6.89614582
119 -441.35107422 -6.89611053
120 -441.35437012 -6.89616203
121 -441.35281372 -6.89613771
122 -441.35632324 -6.89619255
123 -441.35241699 -6.89613152
124 -441.35418701 -6.89615917
125 -441.35302734 -6.89614105
126 -441.35412598 -6.89615822
127 -441.35284424 -6.89613819
128 -441.35144043 -6.89611626
129 -441.35351562 -6.89614868
130 -441.35339355 -6.89614677
131 -441.35369873 -6.89615154
132 -441.35137939 -6.89611530
133 -441.35104370 -6.89611006
134 -441.34967041 -6.89608860
135 -441.35009766 -6.89609528
136 -441.34667969 -6.89604187
137 -441.35079956 -6.89610624
138 -441.34466553 -6.89601040
139 -441.35070801 -6.89610481
140 -441.34490967 -6.89601421
141 -441.34738159 -6.89605284
142 -441.34667969 -6.89604187
143 -441.34497070 -6.89601517
144 -441.34460449 -6.89600945
145 -441.34454346 -6.89600849
146 -441.34033203 -6.89594269
147 -441.34161377 -6.89596272
148 -441.33648682 -6.89588261
149 -441.34133911 -6.89595842
150 -441.33789062 -6.89590454
151 -441.34130859 -6.89595795
152 -441.33770752 -6.89590168
153 -441.33776855 -6.89590263
154 -441.33544922 -6.89586639
155 -441.33819580 -6.89590931
156 -441.33374023 -6.89583969
157 -441.33258057 -6.89582157
158 -441.33312988 -6.89583015
159 -441.33276367 -6.89582443
160 -441.33166504 -6.89580727
161 -441.33047485 -6.89578867
162 -441.33282471 -6.89582539
163 -441.32971191 -6.89577675
164 -441.33135986 -6.89580250
165 -441.32641602 -6.89572525
166 -441.33026123 -6.89578533
167 -441.32849121 -6.89575768
168 -441.32989502 -6.89577961
169 -441.32812500 -6.89575195
170 -441.32873535 -6.89576149
171 -441.32550049 -6.89571095
172 -441.32794189 -6.89574909
173 -441.32415771 -6.89568996
174 -441.32727051 -6.89573860
175 -441.32348633 -6.89567947
176 -441.32611084 -6.89572048
177 -441.32543945 -6.89570999
178 -441.32690430 -6.89573288
179 -441.32611084 -6.89572048
180 -441.32708740 -6.89573574
181 -441.32623291 -6.89572239
182 -441.32531738 -6.89570808
183 -441.32537842 -6.89570904
184 -441.32647705 -6.89572620
185 -441.32415771 -6.89568996
186 -441.32623291 -6.89572239
187 -441.32513428 -6.89570522
188 -441.32867432 -6.89576054
189 -441.32638550 -6.89572477
190 -441.32489014 -6.89570141
191 -441.32543945 -6.89570999
192 -441.32312012 -6.89567375
193 -441.32650757 -6.89572668
194 -441.32324219 -6.89567566
195 -441.32305908 -6.89567280
196 -441.32550049 -6.89571095
197 -441.32330322 -6.89567661
198 -441.32629395 -6.89572334
199 -441.32556152 -6.89571190
200 -441.32324219 -6.89567566
201 -441.32376099 -6.89568377
202 -441.32556152 -6.89571190
203 -441.32580566 -6.89571571
204 -441.32550049 -6.89571095
205 -441.32568359 -6.89571381
206 -441.32568359 -6.89571381
207 -441.32696533 -6.89573383
208 -441.32537842 -6.89570904
209 -441.32391357 -6.89568615
210 -441.32458496 -6.89569664
211 -441.32464600 -6.89569759
212 -441.32128906 -6.89564514
213 -441.32177734 -6.89565277
214 -441.32208252 -6.89565754
215 -441.32440186 -6.89569378
216 -441.32067871 -6.89563560
217 -441.32186890 -6.89565420
218 -441.32104492 -6.89564133
219 -441.32159424 -6.89564991
220 -441.32012939 -6.89562702
221 -441.31793213 -6.89559269
222 -441.31823730 -6.89559746
223 -441.31744385 -6.89558506
224 -441.31811523 -6.89559555
225 -441.31472778 -6.89554262
226 -441.31402588 -6.89553165
227 -441.31408691 -6.89553261
228 -441.31469727 -6.89554214
229 -441.31341553 -6.89552212
230 -441.30993652 -6.89546776
231 -441.31256104 -6.89550877
232 -441.31170654 -6.89549541
233 -441.31311035 -6.89551735
234 -441.31109619 -6.89548588
235 -441.31146240 -6.89549160
236 -441.30780029 -6.89543438
237 -441.30957031 -6.89546204
238 -441.30468750 -6.89538574
239 -441.30957031 -6.89546204
240 -441.30441284 -6.89538145
241 -441.30804443 -6.89543819
242 -441.30541992 -6.89539719
243 -441.30743408 -6.89542866
244 -441.30654907 -6.89541483
245 -441.30581665 -6.89540339
246 -441.30578613 -6.89540291
247 -441.30401611 -6.89537525
248 -441.30468750 -6.89538574
249 -441.30383301 -6.89537239
250 -441.30621338 -6.89540958
251 -441.30364990 -6.89536953
252 -441.30590820 -6.89540482
253 -441.30334473 -6.89536476
254 -441.30303955 -6.89535999
255 -441.30364990 -6.89536953
256 -441.30535889 -6.89539623
257 -441.30413818 -6.89537716
258 -441.30236816 -6.89534950
259 -441.30084229 -6.89532566
260 -441.30224609 -6.89534760
261 -441.30053711 -6.89532089
262 -441.30157471 -6.89533710
263 -441.30151367 -6.89533615
264 -441.30026245 -6.89531660
265 -441.30007935 -6.89531374
266 -441.29992676 -6.89531136
267 -441.29779053 -6.89527798
268 -441.29846191 -6.89528847
269 -441.29949951 -6.89530468
270 -441.29772949 -6.89527702
271 -441.29895020 -6.89529610
272 -441.29840088 -6.89528751
273 -441.29864502 -6.89529133
274 -441.29693604 -6.89526463
275 -441.29638672 -6.89525604
276 -441.29553223 -6.89524269
277 -441.29547119 -6.89524174
278 -441.29559326 -6.89524364
279 -441.29644775 -6.89525700
280 -441.29479980 -6.89523125
281 -441.29553223 -6.89524269
282 -441.29437256 -6.89522457
283 -441.29528809 -6.89523888
284 -441.29296875 -6.89520264
285 -441.29327393 -6.89520741
286 -441.29235840 -6.89519310
287 -441.29168701 -6.89518261
288 -441.29132080 -6.89517689
289 -441.29095459 -6.89517117
290 -441.29058838 -6.89516544
291 -441.28753662 -6.89511776
292 -441.28759766 -6.89511871
293 -441.28637695 -6.89509964
294 -441.28411865 -6.89506435
295 -441.28509521 -6.89507961
296 -441.28350830 -6.89505482
297 -441.28546143 -6.89508533
298 -441.28234863 -6.89503670
299 -441.28216553 -6.89503384
300 -441.28106689 -6.89501667
301 -441.28314209 -6.89504910
302 -441.28204346 -6.89503193
303 -441.28204346 -6.89503193
304 -441.28137207 -6.89502144
305 -441.27978516 -6.89499664
306 -441.27935791 -6.89498997
307 -441.28039551 -6.89500618
308 -441.27880859 -6.89498138
309 -441.27893066 -6.89498329
310 -441.27734375 -6.89495850
311 -441.27911377 -6.89498615
312 -441.27630615 -6.89494228
313 -441.27697754 -6.89495277
314 -441.27716064 -6.89495564
315 -441.27673340 -6.89494896
316 -441.27447510 -6.89491367
317 -441.27590942 -6.89493608
318 -441.27459717 -6.89491558
319 -441.27416992 -6.89490891
320 -441.27301025 -6.89489079
321 -441.27243042 -6.89488173
322 -441.27288818 -6.89488888
323 -441.27154541 -6.89486790
324 -441.27087402 -6.89485741
325 -441.27084351 -6.89485693
326 -441.26995850 -6.89484310
327 -441.27099609 -6.89485931
328 -441.27014160 -6.89484596
329 -441.27066040 -6.89485407
330 -441.26818848 -6.89481544
331 -441.26696777 -6.89479637
332 -441.26849365 -6.89482021
333 -441.26660156 -6.89479065
334 -441.26446533 -6.89475727
335 -441.26342773 -6.89474106
336 -441.26580811 -6.89477825
337 -441.26440430 -6.89475632
338 -441.26391602 -6.89474869
339 -441.26306152 -6.89473534
340 -441.26397705 -6.89474964
341 -441.26443481 -6.89475679
342 -441.26672363 -6.89479256
343 -441.26470947 -6.89476109
344 -441.26635742 -6.89478683
345 -441.26358032 -6.89474344
346 -441.26635742 -6.89478683
347 -441.26312256 -6.89473629
348 -441.26342773 -6.89474106
349 -441.26385498 -6.89474773
350 -441.26324463 -6.89473820
351 -441.26348877 -6.89474201
352 -441.26434326 -6.89475536
353 -441.26190186 -6.89471722
354 -441.26416016 -6.89475250
355 -441.26129150 -6.89470768
356 -441.26287842 -6.89473248
357 -441.25872803 -6.89466763
358 -441.25976562 -6.89468384
359 -441.25708008 -6.89464188
360 -441.25939941 -6.89467812
361 -441.25784302 -6.89465380
362 -441.25915527 -6.89467430
363 -441.25823975 -6.89466000
364 -441.26000977 -6.89468765
365 -441.25927734 -6.89467621
366 -441.26098633 -6.89470291
367 -441.26055908 -6.89469624
368 -441.25817871 -6.89465904
369 -441.25869751 -6.89466715
370 -441.25909424 -6.89467335
371 -441.25573730 -6.89462090
372 -441.25762939 -6.89465046
373 -441.25732422 -6.89464569
374 -441.25897217 -6.89467144
375 -441.25732422 -6.89464569
376 -441.25640869 -6.89463139
377 -441.25805664 -6.89465714
378 -441.25726318 -6.89464474
379 -441.25915527 -6.89467430
380 -441.25543213 -6.89461613
381 -441.25701904 -6.89464092
382 -441.25671387 -6.89463615
383 -441.25573730 -6.89462090
384 -441.25482178 -6.89460659
385 -441.25558472 -6.89461851
386 -441.25427246 -6.89459801
387 -441.25439453 -6.89459991
388 -441.25305176 -6.89457893
389 -441.25448608 -6.89460135
390 -441.25280762 -6.89457512
391 -441.25616455 -6.89462757
392 -441.25317383 -6.89458084
393 -441.25494385 -6.89460850
394 -441.25360107 -6.89458752
395 -441.25439453 -6.89459991
396 -441.25354004 -6.89458656
397 -441.25378418 -6.89459038
398 -441.25415039 -6.89459610
399 -441.25415039 -6.89459610
400 -441.25219727 -6.89456558
401 -441.25338745 -6.89458418
402 -441.25146484 -6.89455414
403 -441.25402832 -6.89459419
404 -441.25177002 -6.89455891
405 -441.25354004 -6.89458656
406 -441.25201416 -6.89456272
407 -441.25268555 -6.89457321
408 -441.25030518 -6.89453602
409 -441.25186157 -6.89456034
410 -441.24963379 -6.89452553
411 -441.25097656 -6.89454651
412 -441.25183105 -6.89455986
413 -441.24972534 -6.89452696
414 -441.24987793 -6.89452934
415 -441.24932861 -6.89452076
416 -441.24981689 -6.89452839
417 -441.24987793 -6.89452934
418 -441.24798584 -6.89449978
419 -441.24792480 -6.89449883
420 -441.24902344 -6.89451599
421 -441.24856567 -6.89450884
422 -441.24914551 -6.89451790
423 -441.24792480 -6.89449883
424 -441.24768066 -6.89449501
425 -441.24673462 -6.89448023
426 -441.24670410 -6.89447975
427 -441.24420166 -6.89444065
428 -441.24591064 -6.89446735
429 -441.24691772 -6.89448309
430 -441.24731445 -6.89448929
431 -441.24645996 -6.89447594
432 -441.24468994 -6.89444828
433 -441.24633789 -6.89447403
434 -441.24432373 -6.89444256
435 -441.24279785 -6.89441872
436 -441.24432373 -6.89444256
437 -441.24261475 -6.89441586
438 -441.24249268 -6.89441395
439 -441.24328613 -6.89442635
440 -441.24261475 -6.89441586
441 -441.24279785 -6.89441872
442 -441.24206543 -6.89440727
443 -441.24230957 -6.89441109
444 -441.24145508 -6.89439774
445 -441.24121094 -6.89439392
446 -441.24169922 -6.89440155
447 -441.24047852 -6.89438248
448 -441.24041748 -6.89438152
449 -441.23803711 -6.89434433
450 -441.23889160 -6.89435768
451 -441.24035645 -6.89438057
452 -441.23901367 -6.89435959
453 -441.23944092 -6.89436626
454 -441.24084473 -6.89438820
455 -441.24127197 -6.89439487
456 -441.23730469 -6.89433289
457 -441.23883057 -6.89435673
458 -441.23614502 -6.89431477
459 -441.23931885 -6.89436436
460 -441.23834229 -6.89434910
461 -441.23721313 -6.89433146
