0 -567.63885498 -6.92242506
1 -567.65820312 -6.92266101
2 -567.67120361 -6.92281956
3 -567.68115234 -6.92294088
4 -567.68902588 -6.92303690
5 -567.69506836 -6.92311059
6 -567.70013428 -6.92317237
7 -567.70471191 -6.92322819
8 -567.70861816 -6.92327583
9 -567.71203613 -6.92331751
10 -567.71502686 -6.92335399
11 -567.71795654 -6.92338971
12 -567.72058105 -6.92342172
13 -567.72308350 -6.92345224
14 -567.72491455 -6.92347457
15 -567.72686768 -6.92349839
16 -567.72918701 -6.92352667
17 -567.73065186 -6.92354453
18 -567.73242188 -6.92356612
19 -567.73406982 -6.92358622
20 -567.73559570 -6.92360483
21 -567.73748779 -6.92362790
