0 -548.78662109 -6.61188700
1 -547.17004395 -6.59241017
2 -545.77075195 -6.57555123
3 -543.86364746 -6.55257407
4 -541.65856934 -6.52600686
5 -541.01782227 -6.51828702
6 -538.61669922 -6.48935782
7 -535.78369141 -6.45522520
8 -535.02734375 -6.44611258
9 -532.56225586 -6.41641272
10 -529.62640381 -6.38104101
11 -526.20013428 -6.33976065
12 -525.18127441 -6.32748523
13 -527.36669922 -6.35381565
14 -525.59643555 -6.33248718
15 -524.58898926 -6.32034927
16 -525.06164551 -6.32604392
17 -523.60021973 -6.30843638
18 -524.57373047 -6.32016543
19 -522.79205322 -6.29869944
20 -521.47406006 -6.28282000
21 -520.85797119 -6.27539724
22 -520.69708252 -6.27345883
23 -519.48620605 -6.25886995
24 -516.55419922 -6.22354457
25 -513.09197998 -6.18183108
26 -509.35354614 -6.13678971
27 -507.84564209 -6.11862219
28 -507.27017212 -6.11168882
29 -507.30511475 -6.11210982
30 -505.41207886 -6.08930215
31 -505.22848511 -6.08709018
32 -505.80895996 -6.09408385
33 -506.31555176 -6.10018737
34 -504.49081421 -6.07820258
35 -503.68258667 -6.06846490
36 -502.72579956 -6.05693734
37 -502.47351074 -6.05389772
38 -502.44696045 -6.05357784
39 -501.75155640 -6.04519947
40 -498.83871460 -6.01010500
41 -499.16000366 -6.01397595
42 -497.68716431 -5.99623090
43 -496.32028198 -5.97976243
44 -495.06622314 -5.96465329
45 -493.15545654 -5.94163201
46 -491.29168701 -5.91917695
47 -493.65301514 -5.94762669
48 -491.78659058 -5.92513965
49 -489.53533936 -5.89801614
50 -489.44659424 -5.89694692
51 -488.71960449 -5.88818801
52 -488.88238525 -5.89014922
53 -490.16912842 -5.90565215
54 -488.66033936 -5.88747397
55 -484.94540405 -5.84271571
56 -484.75897217 -5.84046954
57 -484.52532959 -5.83765457
58 -484.66744995 -5.83936687
59 -480.61538696 -5.79054683
60 -480.67761230 -5.79129653
61 -477.23785400 -5.74985366
62 -475.29037476 -5.72639006
63 -475.45211792 -5.72833877
64 -475.23651123 -5.72574110
65 -469.96417236 -5.66221894
66 -464.35910034 -5.59468796
67 -466.43170166 -5.61965906
68 -468.28515625 -5.64198983
69 -463.88177490 -5.58893705
70 -461.47485352 -5.55993799
71 -463.62918091 -5.58589375
72 -464.08731079 -5.59141338
73 -462.46749878 -5.57189758
74 -461.34249878 -5.55834336
75 -458.94107056 -5.52941049
76 -459.51644897 -5.53634276
77 -456.31533813 -5.49777516
78 -452.35986328 -5.45011883
79 -448.58590698 -5.40464948
80 -449.19326782 -5.41196708
81 -447.78427124 -5.39499122
82 -449.86944580 -5.42011380
83 -450.40267944 -5.42653831
84 -451.63931274 -5.44143750
85 -449.84268188 -5.41979135
86 -447.31033325 -5.38928112
87 -443.26049805 -5.34048793
88 -446.75988770 -5.38264925
89 -441.48449707 -5.31909033
90 -441.27090454 -5.31651692
91 -436.56655884 -5.25983806
92 -431.13510132 -5.19439881
93 -435.01431274 -5.24113630
94 -436.55181885 -5.25966047
95 -435.04089355 -5.24145655
96 -431.90588379 -5.20368535
97 -427.43859863 -5.14986263
98 -427.74636841 -5.15357070
99 -425.58233643 -5.12749803
100 -426.69644165 -5.14092098
101 -425.89532471 -5.13126897
102 -420.59674072 -5.06743061
103 -419.29254150 -5.05171737
104 -419.94055176 -5.05952472
105 -419.19155884 -5.05050071
106 -416.98916626 -5.02396586
107 -411.61752319 -4.95924727
108 -412.38137817 -4.96845034
109 -405.45880127 -4.88504580
110 -408.11672974 -4.91706903
111 -408.82974243 -4.92565955
112 -411.70077515 -4.96025030
113 -413.03323364 -4.97630402
114 -420.98248291 -5.07207811
115 -419.18682861 -5.05044372
116 -420.44198608 -5.06556610
117 -413.44107056 -4.98121772
118 -415.37966919 -5.00457433
119 -416.54769897 -5.01864698
120 -419.00561523 -5.04826042
121 -423.57171631 -5.10327369
122 -424.11016846 -5.10976107
123 -425.24859619 -5.12347706
124 -425.48831177 -5.12636520
125 -424.93362427 -5.11968222
126 -431.10128784 -5.19399142
127 -429.43054199 -5.17386195
128 -430.66891479 -5.18878211
129 -426.58236694 -5.13954659
130 -426.16662598 -5.13453766
131 -429.79315186 -5.17823075
132 -429.53723145 -5.17514737
133 -426.70108032 -5.14097687
134 -417.58810425 -5.03118198
135 -412.52450562 -4.97017477
136 -409.98553467 -4.93958476
137 -406.32312012 -4.89545928
138 -408.57824707 -4.92262948
139 -403.51171875 -4.86158697
140 -395.37570190 -4.76356267
141 -389.31179810 -4.69050359
142 -383.10678101 -4.61574435
143 -388.19503784 -4.67704865
144 -384.29595947 -4.63007180
145 -389.85614014 -4.69706193
146 -396.96325684 -4.78268984
147 -392.49328613 -4.72883477
148 -399.74047852 -4.81615034
149 -397.87005615 -4.79361513
150 -398.92788696 -4.80636008
151 -406.37808228 -4.89612147
152 -397.24243164 -4.78605339
153 -398.61315918 -4.80256818
154 -391.07672119 -4.71176773
155 -387.79888916 -4.67227577
156 -383.72088623 -4.62314321
157 -382.38064575 -4.60699573
158 -386.02789307 -4.65093847
159 -385.77481079 -4.64788929
160 -377.19674683 -4.54453912
161 -388.53466797 -4.68114058
162 -381.40951538 -4.59529537
163 -380.53018188 -4.58470099
164 -374.63488770 -4.51367335
165 -360.97418213 -4.34908653
166 -360.93127441 -4.34856957
167 -363.81857300 -4.38335630
168 -364.94500732 -4.39692780
169 -365.23602295 -4.40043401
170 -362.02200317 -4.36171088
171 -350.31640625 -4.22067959
172 -344.46954346 -4.15023546
173 -349.64901733 -4.21263876
174 -345.79003906 -4.16614505
175 -344.00042725 -4.14458346
176 -343.67791748 -4.14069780
177 -348.52767944 -4.19912867
178 -347.61291504 -4.18810741
179 -349.14276123 -4.20653929
180 -352.05267334 -4.24159847
181 -344.88531494 -4.15524476
182 -351.79284668 -4.23846803
183 -346.63552856 -4.17633167
184 -350.17669678 -4.21899635
185 -345.75512695 -4.16572442
186 -347.95367432 -4.19221294
187 -352.39562988 -4.24573048
188 -354.27770996 -4.26840614
189 -349.02951050 -4.20517483
190 -352.99139404 -4.25290836
191 -352.31481934 -4.24475686
192 -355.11505127 -4.27849459
193 -352.41055298 -4.24591028
194 -355.52532959 -4.28343771
195 -349.07653809 -4.20574142
196 -351.39080811 -4.23362419
197 -347.16589355 -4.18272161
198 -346.65362549 -4.17654970
199 -336.75595093 -4.05730061
200 -325.49212646 -3.92159189
201 -324.08129883 -3.90459396
202 -327.06817627 -3.94058044
203 -319.41619873 -3.84838794
204 -315.08865356 -3.79624884
205 -308.47314453 -3.71654391
206 -305.41506958 -3.67969963
207 -301.71374512 -3.63510536
208 -311.36193848 -3.75134866
209 -299.50231934 -3.60846168
210 -302.07104492 -3.63941018
211 -296.40414429 -3.57113427
212 -291.54852295 -3.51263281
213 -300.76043701 -3.62361972
214 -297.44851685 -3.58371707
215 -299.46908569 -3.60806127
216 -309.86190796 -3.73327600
217 -306.95104980 -3.69820542
218 -304.86657715 -3.67309129
219 -305.60540771 -3.68199286
220 -300.74526978 -3.62343699
221 -282.18682861 -3.39984131
222 -187.15350342 -2.25486149
223 -250.61181641 -3.01941947
224 -271.64190674 -3.27279406
225 -278.34234619 -3.35352224
226 -258.51477051 -3.11463579
227 -274.35296631 -3.30545743
228 -248.98951721 -2.99987370
229 -248.73609924 -2.99682047
230 -255.96360779 -3.08389889
231 -276.41390991 -3.33028807
232 -272.51519775 -3.28331564
233 -269.11181641 -3.24231104
234 -278.02947998 -3.34975277
235 -258.31109619 -3.11218188
236 -250.14830017 -3.01383494
237 -245.80496216 -2.96150557
238 -265.63342285 -3.20040268
239 -281.52130127 -3.39182291
240 -279.86645508 -3.37188500
241 -277.07672119 -3.33827375
242 -268.80389404 -3.23860113
243 -261.62017822 -3.15205034
244 -260.95111084 -3.14398929
245 -258.69091797 -3.11675805
246 -247.58795166 -2.98298737
247 -254.28047180 -3.06362014
248 -266.05551147 -3.20548809
249 -259.90457153 -3.13138038
250 -261.95614624 -3.15609815
251 -254.48561096 -3.06609170
252 -268.30670166 -3.23261086
253 -266.82116699 -3.21471286
254 -269.64355469 -3.24871753
255 -264.28887939 -3.18420337
256 -264.48760986 -3.18659771
257 -263.43316650 -3.17389357
258 -259.77178955 -3.12978060
259 -261.73437500 -3.15342620
260 -260.52966309 -3.13891160
261 -271.83050537 -3.27506633
262 -272.80078125 -3.28675640
263 -282.37194824 -3.40207167
264 -297.41976929 -3.58337071
265 -292.53863525 -3.52456187
266 -297.16433716 -3.58029322
267 -292.05493164 -3.51873412
268 -286.36383057 -3.45016663
269 -282.77124023 -3.40688241
270 -295.30389404 -3.55787824
271 -289.54278564 -3.48846730
272 -284.70129395 -3.43013607
273 -282.87683105 -3.40815459
274 -277.28796387 -3.34081884
275 -277.95593262 -3.34886666
276 -268.95449829 -3.24041564
277 -264.34555054 -3.18488615
278 -253.69030762 -3.05650973
279 -268.02105713 -3.22916936
280 -262.91284180 -3.16762460
281 -247.04032898 -2.97638951
282 -259.64465332 -3.12824884
283 -253.06954956 -3.04903072
284 -262.81689453 -3.16646861
285 -278.06823730 -3.35021973
286 -275.62756348 -3.32081402
287 -282.83703613 -3.40767513
288 -280.90979004 -3.38445530
289 -288.55200195 -3.47653014
290 -282.26257324 -3.40075389
291 -285.10644531 -3.43501741
292 -287.57656860 -3.46477793
293 -284.08282471 -3.42268464
294 -289.07916260 -3.48288148
295 -292.42272949 -3.52316542
296 -285.09512329 -3.43488100
297 -262.13525391 -3.15825607
298 -275.67578125 -3.32139495
299 -269.60040283 -3.24819762
300 -271.49969482 -3.27108066
301 -275.70275879 -3.32171999
302 -262.82067871 -3.16651420
303 -261.44155884 -3.14989830
304 -258.60482788 -3.11572082
305 -258.77340698 -3.11775189
306 -265.27529907 -3.19608794
