0 -617.13244629 -6.70796137
1 -617.18383789 -6.70851998
2 -617.22143555 -6.70892865
3 -617.25305176 -6.70927230
4 -617.27929688 -6.70955757
5 -617.30200195 -6.70980437
6 -617.32263184 -6.71002861
7 -617.34118652 -6.71023029
8 -617.35614014 -6.71039283
9 -617.37243652 -6.71056996
10 -617.38769531 -6.71073582
11 -617.40142822 -6.71088509
12 -617.41503906 -6.71103303
13 -617.42797852 -6.71117368
14 -617.43951416 -6.71129907
15 -617.45178223 -6.71143242
16 -617.46234131 -6.71154719
17 -617.47351074 -6.71166860
18 -617.48278809 -6.71176944
19 -617.49182129 -6.71186762
20 -617.50109863 -6.71196846
21 -617.51037598 -6.71206930
22 -617.51867676 -6.71215953
23 -617.52685547 -6.71224843
24 -617.53564453 -6.71234396
25 -617.54278564 -6.71242158
26 -617.55041504 -6.71250451
27 -617.55859375 -6.71259341
28 -617.56652832 -6.71267966
29 -617.57501221 -6.71277187
30 -617.58190918 -6.71284684
31 -617.58959961 -6.71293043
32 -617.59674072 -6.71300805
33 -617.60296631 -6.71307572
34 -617.60833740 -6.71313410
35 -617.61499023 -6.71320642
36 -617.62207031 -6.71328337
37 -617.62762451 -6.71334374
38 -617.63262939 -6.71339815
39 -617.63830566 -6.71345984
40 -617.64428711 -6.71352486
41 -617.65087891 -6.71359651
42 -617.65576172 -6.71364958
43 -617.66137695 -6.71371062
44 -617.66699219 -6.71377165
45 -617.67236328 -6.71383004
46 -617.67742920 -6.71388510
47 -617.68157959 -6.71393021
48 -617.68609619 -6.71397931
49 -617.69036865 -6.71402575
50 -617.69409180 -6.71406622
51 -617.69964600 -6.71412659
52 -617.70477295 -6.71418231
53 -617.71002197 -6.71423937
54 -617.71520996 -6.71429576
55 -617.71978760 -6.71434552
56 -617.72406006 -6.71439196
57 -617.72882080 -6.71444370
58 -617.73168945 -6.71447489
59 -617.73651123 -6.71452730
60 -617.74029541 -6.71456843
61 -617.74389648 -6.71460757
62 -617.74670410 -6.71463809
63 -617.75048828 -6.71467922
64 -617.75390625 -6.71471637
65 -617.75653076 -6.71474490
66 -617.76074219 -6.71479068
67 -617.76416016 -6.71482783
68 -617.76708984 -6.71485967
69 -617.77014160 -6.71489284
70 -617.77343750 -6.71492867
71 -617.77697754 -6.71496715
72 -617.78021240 -6.71500231
73 -617.78381348 -6.71504145
74 -617.78619385 -6.71506732
75 -617.78845215 -6.71509187
76 -617.79229736 -6.71513367
77 -617.79351807 -6.71514694
78 -617.79663086 -6.71518077
79 -617.79895020 -6.71520598
80 -617.80096436 -6.71522787
81 -617.80364990 -6.71525706
82 -617.80603027 -6.71528294
83 -617.80780029 -6.71530218
84 -617.80999756 -6.71532606
85 -617.81243896 -6.71535260
86 -617.81439209 -6.71537383
87 -617.81628418 -6.71539439
88 -617.81878662 -6.71542159
89 -617.82025146 -6.71543752
90 -617.82250977 -6.71546206
91 -617.82434082 -6.71548197
92 -617.82604980 -6.71550054
93 -617.82708740 -6.71551182
94 -617.82934570 -6.71553637
95 -617.83068848 -6.71555096
96 -617.83233643 -6.71556887
97 -617.83367920 -6.71558347
98 -617.83557129 -6.71560404
99 -617.83654785 -6.71561465
100 -617.83874512 -6.71563853
101 -617.83941650 -6.71564583
102 -617.84106445 -6.71566374
103 -617.84283447 -6.71568298
104 -617.84399414 -6.71569559
105 -617.84472656 -6.71570355
106 -617.84625244 -6.71572014
107 -617.84814453 -6.71574070
108 -617.84979248 -6.71575861
109 -617.85113525 -6.71577321
110 -617.85235596 -6.71578648
111 -617.85351562 -6.71579908
112 -617.85504150 -6.71581567
113 -617.85626221 -6.71582894
114 -617.85766602 -6.71584420
115 -617.85925293 -6.71586144
116 -617.86035156 -6.71587339
117 -617.86126709 -6.71588334
118 -617.86254883 -6.71589727
119 -617.86352539 -6.71590788
120 -617.86401367 -6.71591319
121 -617.86541748 -6.71592845
122 -617.86694336 -6.71594504
123 -617.86737061 -6.71594968
124 -617.86877441 -6.71596494
125 -617.86907959 -6.71596826
126 -617.87048340 -6.71598352
127 -617.87109375 -6.71599015
128 -617.87127686 -6.71599214
129 -617.87231445 -6.71600342
130 -617.87335205 -6.71601470
131 -617.87365723 -6.71601801
132 -617.87432861 -6.71602531
133 -617.87554932 -6.71603858
134 -617.87561035 -6.71603924
135 -617.87683105 -6.71605251
136 -617.87713623 -6.71605583
137 -617.87792969 -6.71606445
138 -617.87811279 -6.71606644
139 -617.87915039 -6.71607772
140 -617.87957764 -6.71608237
141 -617.88134766 -6.71610160
