0 -488.71884155 -7.51875141
1 -488.73062134 -7.51893264
2 -488.73910522 -7.51906316
3 -488.74276733 -7.51911950
4 -488.74755859 -7.51919321
5 -488.74951172 -7.51922326
6 -488.75137329 -7.51925190
7 -488.75314331 -7.51927913
8 -488.75521851 -7.51931105
9 -488.75640869 -7.51932936
10 -488.75817871 -7.51935660
11 -488.75903320 -7.51936974
12 -488.76123047 -7.51940355
13 -488.76248169 -7.51942280
14 -488.76358032 -7.51943970
15 -488.76434326 -7.51945143
16 -488.76513672 -7.51946364
17 -488.76593018 -7.51947585
18 -488.76651001 -7.51948477
19 -488.76745605 -7.51949932
20 -488.76831055 -7.51951247
21 -488.76873779 -7.51951904
22 -488.76947021 -7.51953031
23 -488.77038574 -7.51954440
24 -488.77108765 -7.51955519
25 -488.77157593 -7.51956271
26 -488.77182007 -7.51956646
27 -488.77261353 -7.51957867
28 -488.77328491 -7.51958900
29 -488.77362061 -7.51959416
30 -488.77432251 -7.51960496
31 -488.77474976 -7.51961153
32 -488.77523804 -7.51961905
33 -488.77557373 -7.51962421
34 -488.77597046 -7.51963031
35 -488.77600098 -7.51963078
36 -488.77673340 -7.51964205
37 -488.77691650 -7.51964487
38 -488.77673340 -7.51964205
39 -488.77740479 -7.51965238
40 -488.77786255 -7.51965942
41 -488.77844238 -7.51966834
42 -488.77853394 -7.51966975
43 -488.77905273 -7.51967773
44 -488.78002930 -7.51969276
