0 -626.08703613 -6.88007732
1 -626.09429932 -6.88015714
2 -626.09942627 -6.88021348
3 -626.10333252 -6.88025640
4 -626.10699463 -6.88029664
5 -626.10998535 -6.88032951
6 -626.11206055 -6.88035231
7 -626.11480713 -6.88038250
8 -626.11712646 -6.88040798
9 -626.11932373 -6.88043213
10 -626.12048340 -6.88044487
11 -626.12225342 -6.88046432
12 -626.12414551 -6.88048512
13 -626.12579346 -6.88050322
14 -626.12695312 -6.88051597
15 -626.12854004 -6.88053341
16 -626.12976074 -6.88054682
17 -626.13098145 -6.88056024
18 -626.13177490 -6.88056895
19 -626.13287354 -6.88058103
20 -626.13415527 -6.88059511
21 -626.13549805 -6.88060987
