0 -744.36065674 -6.41690221
1 -744.37677002 -6.41704112
2 -744.38903809 -6.41714688
3 -744.39813232 -6.41722528
4 -744.40502930 -6.41728474
5 -744.40972900 -6.41732525
6 -744.41406250 -6.41736261
7 -744.41864014 -6.41740207
8 -744.42211914 -6.41743206
9 -744.42486572 -6.41745574
10 -744.42785645 -6.41748152
11 -744.43023682 -6.41750204
12 -744.43139648 -6.41751204
13 -744.43383789 -6.41753309
14 -744.43530273 -6.41754571
15 -744.43682861 -6.41755887
16 -744.43890381 -6.41757676
17 -744.43988037 -6.41758518
18 -744.44152832 -6.41759938
19 -744.44323730 -6.41761411
20 -744.44531250 -6.41763200
21 -744.44653320 -6.41764253
22 -744.44763184 -6.41765200
23 -744.44860840 -6.41766042
24 -744.45001221 -6.41767252
25 -744.45104980 -6.41768146
26 -744.45166016 -6.41768673
27 -744.45251465 -6.41769409
28 -744.45275879 -6.41769620
29 -744.45465088 -6.41771251
