0 -691.13037109 -7.05235073
1 -691.06579590 -7.05169179
2 -690.99829102 -7.05100297
3 -690.96209717 -7.05063364
4 -690.88354492 -7.04983209
5 -690.74401855 -7.04840835
6 -690.60711670 -7.04701139
7 -690.39489746 -7.04484589
8 -690.26074219 -7.04347696
9 -690.08422852 -7.04167580
10 -689.86254883 -7.03941376
11 -689.62945557 -7.03703526
12 -689.40112305 -7.03470534
13 -689.14270020 -7.03206837
14 -689.00378418 -7.03065086
15 -688.80944824 -7.02866784
16 -688.55444336 -7.02606575
17 -688.18945312 -7.02234136
18 -688.11120605 -7.02154292
19 -688.02886963 -7.02070275
20 -688.01867676 -7.02059874
21 -687.93713379 -7.01976667
22 -687.82995605 -7.01867302
23 -687.68682861 -7.01721254
24 -687.53735352 -7.01568728
25 -687.32690430 -7.01353984
26 -687.13751221 -7.01160727
27 -687.09533691 -7.01117691
28 -686.96234131 -7.00981981
29 -686.70324707 -7.00717599
30 -686.67675781 -7.00690569
31 -686.70068359 -7.00714983
32 -686.33081055 -7.00337562
33 -686.08831787 -7.00090120
34 -685.86682129 -6.99864103
35 -685.60540771 -6.99597355
36 -685.35711670 -6.99343997
37 -685.17132568 -6.99154414
38 -684.84582520 -6.98822271
39 -684.56152344 -6.98532167
40 -684.45056152 -6.98418940
41 -684.08770752 -6.98048681
42 -683.68737793 -6.97640182
43 -683.46136475 -6.97409556
44 -683.40673828 -6.97353815
45 -683.06719971 -6.97007347
46 -682.86840820 -6.96804498
47 -682.62750244 -6.96558676
48 -682.53924561 -6.96468618
49 -682.22113037 -6.96144011
50 -682.09179688 -6.96012038
51 -681.89263916 -6.95808815
52 -681.71112061 -6.95623592
53 -681.38220215 -6.95287961
54 -681.17956543 -6.95081189
55 -680.82855225 -6.94723012
56 -680.74084473 -6.94633515
57 -680.36163330 -6.94246565
58 -680.04620361 -6.93924698
59 -679.84539795 -6.93719794
60 -679.48852539 -6.93355638
61 -679.31488037 -6.93178449
62 -679.03063965 -6.92888408
63 -678.84295654 -6.92696894
64 -678.54742432 -6.92395331
65 -678.37890625 -6.92223374
66 -678.18402100 -6.92024511
67 -677.86566162 -6.91699655
68 -677.60241699 -6.91431038
69 -677.05456543 -6.90872006
70 -676.50689697 -6.90313160
71 -676.22790527 -6.90028475
72 -675.71856689 -6.89508742
73 -675.29943848 -6.89081060
74 -674.97717285 -6.88752217
75 -674.81164551 -6.88583312
76 -674.09259033 -6.87849582
77 -673.80865479 -6.87559852
78 -673.32415771 -6.87065467
79 -673.04656982 -6.86782214
80 -672.95513916 -6.86688918
81 -672.89349365 -6.86626014
82 -672.61853027 -6.86345439
83 -672.39636230 -6.86118737
84 -672.13336182 -6.85850369
85 -671.84368896 -6.85554785
86 -671.45977783 -6.85163039
87 -671.53167725 -6.85236405
88 -671.32171631 -6.85022159
89 -671.39398193 -6.85095900
90 -670.98834229 -6.84681982
91 -670.73052979 -6.84418908
92 -670.37493896 -6.84056060
93 -670.13262939 -6.83808806
94 -670.10632324 -6.83781962
95 -669.91326904 -6.83584968
96 -669.58709717 -6.83252140
97 -669.88409424 -6.83555198
98 -669.40631104 -6.83067664
99 -669.51477051 -6.83178337
100 -669.09869385 -6.82753769
101 -669.09759521 -6.82752648
102 -669.00714111 -6.82660348
103 -668.37365723 -6.82013936
104 -668.12683105 -6.81762073
105 -668.01452637 -6.81647476
106 -667.89660645 -6.81527149
107 -667.38256836 -6.81002621
108 -667.13134766 -6.80746273
109 -666.98052979 -6.80592377
110 -666.63946533 -6.80244352
111 -665.85339355 -6.79442238
112 -665.79632568 -6.79384006
113 -664.92077637 -6.78490588
114 -664.61389160 -6.78177440
115 -664.07971191 -6.77632359
116 -663.71392822 -6.77259110
117 -663.43426514 -6.76973740
118 -663.22100830 -6.76756131
119 -662.98425293 -6.76514544
120 -662.67724609 -6.76201272
121 -662.54919434 -6.76070606
122 -662.45776367 -6.75977310
123 -662.53533936 -6.76056469
124 -662.23608398 -6.75751106
125 -662.12677002 -6.75639561
126 -661.92358398 -6.75432229
127 -661.67816162 -6.75181798
128 -661.64532471 -6.75148291
129 -661.57147217 -6.75072931
130 -661.45367432 -6.74952729
131 -661.46154785 -6.74960763
132 -661.09362793 -6.74585335
133 -660.83374023 -6.74320143
134 -660.93249512 -6.74420913
135 -660.26495361 -6.73739749
136 -659.95812988 -6.73426663
137 -659.48059082 -6.72939378
138 -658.86254883 -6.72308723
139 -658.70428467 -6.72147229
140 -658.60583496 -6.72046770
141 -658.25915527 -6.71693016
142 -658.15240479 -6.71584087
143 -657.93695068 -6.71364235
144 -657.47180176 -6.70889594
145 -656.76855469 -6.70171995
146 -656.61975098 -6.70020154
147 -655.82275391 -6.69206892
148 -655.62615967 -6.69006285
149 -655.48699951 -6.68864285
150 -654.93536377 -6.68301392
151 -654.88787842 -6.68252937
152 -654.83374023 -6.68197694
153 -654.83624268 -6.68200248
154 -655.08605957 -6.68455163
155 -654.94073486 -6.68306872
156 -655.04064941 -6.68408826
157 -654.87652588 -6.68241353
158 -654.98321533 -6.68350220
159 -654.77655029 -6.68139337
160 -654.68505859 -6.68045978
161 -654.18511963 -6.67535836
162 -653.89526367 -6.67240065
163 -653.93713379 -6.67282790
164 -653.62060547 -6.66959801
165 -653.51147461 -6.66848443
166 -653.55090332 -6.66888677
167 -653.31573486 -6.66648709
168 -652.88891602 -6.66213180
169 -652.68853760 -6.66008712
170 -652.16931152 -6.65478889
171 -651.28833008 -6.64579929
172 -650.87542725 -6.64158599
173 -650.16748047 -6.63436205
174 -649.79913330 -6.63060340
175 -649.26245117 -6.62512705
176 -648.66784668 -6.61905966
177 -648.01196289 -6.61236697
178 -647.49719238 -6.60711421
179 -646.75488281 -6.59953962
180 -646.31457520 -6.59504669
181 -646.13134766 -6.59317702
182 -645.52648926 -6.58700499
183 -644.85687256 -6.58017217
184 -644.35174561 -6.57501781
185 -643.73211670 -6.56869507
186 -642.91918945 -6.56039989
187 -642.06347656 -6.55166813
188 -641.52874756 -6.54621171
189 -640.82330322 -6.53901330
190 -640.19677734 -6.53262018
191 -639.53076172 -6.52582410
192 -639.09942627 -6.52142272
193 -638.27642822 -6.51302478
194 -638.20544434 -6.51230045
195 -637.66845703 -6.50682099
196 -637.53942871 -6.50550437
197 -637.00762939 -6.50007785
198 -636.98773193 -6.49987482
199 -636.72027588 -6.49714567
200 -636.75323486 -6.49748199
201 -636.06579590 -6.49046731
202 -635.76574707 -6.48740558
203 -635.53625488 -6.48506383
204 -635.01934814 -6.47978927
205 -634.79229736 -6.47747242
206 -634.74890137 -6.47702961
207 -634.27868652 -6.47223150
208 -633.86022949 -6.46796153
209 -633.65014648 -6.46581782
210 -633.45458984 -6.46382235
211 -633.30755615 -6.46232200
212 -632.85827637 -6.45773751
213 -632.59204102 -6.45502083
214 -632.53601074 -6.45444909
215 -631.99792480 -6.44895842
216 -631.64617920 -6.44536918
217 -630.93664551 -6.43812904
218 -630.39929199 -6.43264584
219 -629.11462402 -6.41953698
220 -628.74969482 -6.41581321
221 -628.57690430 -6.41405004
222 -628.08245850 -6.40900468
223 -626.87255859 -6.39665876
224 -626.34661865 -6.39129203
225 -625.32800293 -6.38089799
226 -625.09222412 -6.37849208
227 -625.14660645 -6.37904700
228 -624.84436035 -6.37596286
229 -624.14196777 -6.36879559
230 -624.11926270 -6.36856391
231 -623.65155029 -6.36379133
232 -623.49084473 -6.36215148
233 -622.91882324 -6.35631452
234 -622.74176025 -6.35450776
235 -622.11096191 -6.34807104
236 -621.86370850 -6.34554805
237 -621.78582764 -6.34475334
238 -620.76782227 -6.33436553
239 -620.74414062 -6.33412388
240 -620.28070068 -6.32939490
241 -619.97845459 -6.32631076
242 -619.05004883 -6.31683723
243 -618.66522217 -6.31291043
244 -618.66149902 -6.31287244
245 -618.11645508 -6.30731077
246 -617.48571777 -6.30087467
247 -616.59442139 -6.29177981
248 -616.33703613 -6.28915343
249 -616.02288818 -6.28594784
250 -615.92523193 -6.28495135
251 -615.39166260 -6.27950676
252 -615.12219238 -6.27675707
253 -614.74584961 -6.27291683
254 -614.57031250 -6.27112564
255 -614.52618408 -6.27067535
256 -614.28265381 -6.26819034
257 -614.16217041 -6.26696092
258 -613.62414551 -6.26147087
259 -613.85632324 -6.26384003
260 -613.45593262 -6.25975441
261 -612.97985840 -6.25489651
262 -612.55755615 -6.25058731
263 -612.57830811 -6.25079906
264 -612.06274414 -6.24553821
265 -611.52008057 -6.24000082
266 -610.69830322 -6.23161534
267 -610.18200684 -6.22634701
268 -609.26947021 -6.21703541
269 -609.04870605 -6.21478271
270 -608.48168945 -6.20899683
271 -607.71728516 -6.20119679
272 -607.25134277 -6.19644227
273 -607.23681641 -6.19629404
274 -606.72814941 -6.19110357
275 -606.15100098 -6.18521430
276 -605.85522461 -6.18219617
277 -605.09692383 -6.17445841
278 -604.21044922 -6.16541275
279 -604.06958008 -6.16397531
280 -603.26397705 -6.15575487
281 -602.42578125 -6.14720185
282 -601.81115723 -6.14093018
283 -601.76770020 -6.14048674
284 -601.25482178 -6.13525328
285 -600.66229248 -6.12920707
286 -600.31933594 -6.12570751
287 -600.02746582 -6.12272924
288 -599.55981445 -6.11795729
289 -599.52087402 -6.11755994
290 -599.22253418 -6.11451565
291 -599.53442383 -6.11769820
292 -599.43469238 -6.11668053
293 -598.86950684 -6.11091334
294 -598.80981445 -6.11030423
295 -598.38763428 -6.10599627
296 -598.03491211 -6.10239706
297 -597.45507812 -6.09648039
298 -597.05847168 -6.09243338
299 -596.41369629 -6.08585404
300 -595.99243164 -6.08155542
301 -595.34002686 -6.07489823
302 -595.03991699 -6.07183589
303 -594.55065918 -6.06684346
304 -594.53186035 -6.06665164
305 -594.16912842 -6.06295029
306 -593.66925049 -6.05784949
307 -593.55603027 -6.05669419
308 -593.36529541 -6.05474791
309 -593.09045410 -6.05194341
310 -592.65863037 -6.04753704
311 -592.16046143 -6.04245369
312 -591.78564453 -6.03862903
313 -591.01654053 -6.03078103
314 -590.74597168 -6.02802012
315 -590.64007568 -6.02693955
316 -590.33715820 -6.02384855
317 -589.15142822 -6.01174927
318 -588.37432861 -6.00381968
319 -587.78021240 -5.99775727
320 -587.07617188 -5.99057318
321 -586.62261963 -5.98594510
322 -584.09655762 -5.96016896
323 -583.03857422 -5.94937321
324 -581.82202148 -5.93695940
325 -581.64587402 -5.93516198
326 -581.66607666 -5.93536813
327 -580.91363525 -5.92769016
328 -580.31524658 -5.92158415
329 -580.23510742 -5.92076640
330 -580.30072021 -5.92143592
331 -579.72473145 -5.91555848
332 -579.02581787 -5.90842671
333 -578.67736816 -5.90487110
334 -578.02935791 -5.89825875
335 -578.42883301 -5.90233503
336 -577.59600830 -5.89383682
337 -577.36602783 -5.89149008
338 -577.81597900 -5.89608142
339 -577.13244629 -5.88910659
340 -576.75012207 -5.88520533
341 -575.42584229 -5.87169227
342 -575.76318359 -5.87513453
343 -575.48626709 -5.87230885
344 -574.90045166 -5.86633114
345 -573.95483398 -5.85668198
346 -573.81591797 -5.85526447
347 -573.57226562 -5.85277822
348 -572.94549561 -5.84638261
349 -572.25817871 -5.83936917
350 -572.23083496 -5.83909015
351 -571.49926758 -5.83162518
352 -571.34948730 -5.83009681
