0 -520.65600586 -6.67507700
1 -520.65930176 -6.67511925
2 -520.66186523 -6.67515212
3 -520.66290283 -6.67516542
4 -520.66442871 -6.67518498
5 -520.66516113 -6.67519437
6 -520.66650391 -6.67521159
7 -520.66711426 -6.67521941
8 -520.66796875 -6.67523037
9 -520.66815186 -6.67523272
10 -520.66870117 -6.67523976
11 -520.67010498 -6.67525776
12 -520.67010498 -6.67525776
13 -520.67126465 -6.67527262
14 -520.67095947 -6.67526871
15 -520.67156982 -6.67527654
16 -520.67138672 -6.67527419
17 -520.67218018 -6.67528436
18 -520.67230225 -6.67528593
19 -520.67248535 -6.67528827
20 -520.67279053 -6.67529219
21 -520.67266846 -6.67529062
22 -520.67315674 -6.67529688
23 -520.67297363 -6.67529453
24 -520.67315674 -6.67529688
25 -520.67315674 -6.67529688
26 -520.67370605 -6.67530392
27 -520.67352295 -6.67530158
28 -520.67382812 -6.67530549
29 -520.67395020 -6.67530705
30 -520.67333984 -6.67529923
31 -520.67376709 -6.67530471
32 -520.67352295 -6.67530158
33 -520.67370605 -6.67530392
34 -520.67419434 -6.67531018
35 -520.67468262 -6.67531644
36 -520.67462158 -6.67531566
37 -520.67480469 -6.67531801
38 -520.67523193 -6.67532349
39 -520.67504883 -6.67532114
40 -520.67474365 -6.67531723
41 -520.67364502 -6.67530314
42 -520.67413330 -6.67530940
43 -520.67407227 -6.67530862
44 -520.67370605 -6.67530392
45 -520.67443848 -6.67531331
46 -520.67480469 -6.67531801
47 -520.67437744 -6.67531253
48 -520.67419434 -6.67531018
49 -520.67364502 -6.67530314
50 -520.67364502 -6.67530314
51 -520.67364502 -6.67530314
52 -520.67315674 -6.67529688
53 -520.67346191 -6.67530079
54 -520.67370605 -6.67530392
55 -520.67376709 -6.67530471
56 -520.67419434 -6.67531018
57 -520.67388916 -6.67530627
58 -520.67376709 -6.67530471
59 -520.67340088 -6.67530001
60 -520.67346191 -6.67530079
61 -520.67358398 -6.67530236
62 -520.67321777 -6.67529766
63 -520.67285156 -6.67529297
64 -520.67272949 -6.67529140
65 -520.67315674 -6.67529688
66 -520.67358398 -6.67530236
67 -520.67303467 -6.67529532
68 -520.67376709 -6.67530471
69 -520.67279053 -6.67529219
70 -520.67419434 -6.67531018
71 -520.67321777 -6.67529766
72 -520.67303467 -6.67529532
73 -520.67175293 -6.67527888
74 -520.67224121 -6.67528514
75 -520.67242432 -6.67528749
76 -520.67315674 -6.67529688
77 -520.67352295 -6.67530158
78 -520.67266846 -6.67529062
79 -520.67303467 -6.67529532
80 -520.67321777 -6.67529766
81 -520.67266846 -6.67529062
82 -520.67272949 -6.67529140
83 -520.67156982 -6.67527654
84 -520.67242432 -6.67528749
85 -520.67218018 -6.67528436
86 -520.67230225 -6.67528593
87 -520.67211914 -6.67528358
88 -520.67309570 -6.67529610
89 -520.67236328 -6.67528671
90 -520.67181396 -6.67527967
91 -520.67242432 -6.67528749
92 -520.67242432 -6.67528749
93 -520.67205811 -6.67528280
94 -520.67260742 -6.67528984
95 -520.67242432 -6.67528749
96 -520.67236328 -6.67528671
97 -520.67285156 -6.67529297
98 -520.67199707 -6.67528201
99 -520.67321777 -6.67529766
100 -520.67376709 -6.67530471
101 -520.67340088 -6.67530001
102 -520.67327881 -6.67529845
103 -520.67272949 -6.67529140
104 -520.67297363 -6.67529453
105 -520.67327881 -6.67529845
106 -520.67352295 -6.67530158
107 -520.67358398 -6.67530236
108 -520.67388916 -6.67530627
109 -520.67382812 -6.67530549
110 -520.67321777 -6.67529766
111 -520.67285156 -6.67529297
112 -520.67340088 -6.67530001
113 -520.67333984 -6.67529923
114 -520.67297363 -6.67529453
115 -520.67297363 -6.67529453
116 -520.67309570 -6.67529610
117 -520.67327881 -6.67529845
118 -520.67321777 -6.67529766
119 -520.67370605 -6.67530392
120 -520.67364502 -6.67530314
121 -520.67346191 -6.67530079
122 -520.67352295 -6.67530158
123 -520.67346191 -6.67530079
124 -520.67303467 -6.67529532
125 -520.67266846 -6.67529062
126 -520.67327881 -6.67529845
127 -520.67376709 -6.67530471
128 -520.67395020 -6.67530705
129 -520.67340088 -6.67530001
130 -520.67303467 -6.67529532
131 -520.67291260 -6.67529375
132 -520.67346191 -6.67530079
133 -520.67279053 -6.67529219
134 -520.67315674 -6.67529688
135 -520.67224121 -6.67528514
136 -520.67260742 -6.67528984
137 -520.67224121 -6.67528514
138 -520.67126465 -6.67527262
139 -520.67175293 -6.67527888
140 -520.67150879 -6.67527575
141 -520.67126465 -6.67527262
142 -520.67224121 -6.67528514
143 -520.67089844 -6.67526793
144 -520.67102051 -6.67526949
145 -520.67071533 -6.67526558
146 -520.67047119 -6.67526245
147 -520.66961670 -6.67525150
148 -520.66986084 -6.67525463
149 -520.66961670 -6.67525150
150 -520.66992188 -6.67525541
151 -520.66986084 -6.67525463
152 -520.66949463 -6.67524993
153 -520.67022705 -6.67525932
154 -520.66967773 -6.67525228
155 -520.66998291 -6.67525619
156 -520.66937256 -6.67524837
157 -520.66973877 -6.67525306
158 -520.67016602 -6.67525854
159 -520.66906738 -6.67524445
160 -520.66918945 -6.67524602
161 -520.66955566 -6.67525071
162 -520.66949463 -6.67524993
163 -520.66943359 -6.67524915
164 -520.66949463 -6.67524993
165 -520.66931152 -6.67524758
166 -520.66894531 -6.67524289
167 -520.66906738 -6.67524445
168 -520.66796875 -6.67523037
169 -520.66735840 -6.67522254
170 -520.66668701 -6.67521394
171 -520.66717529 -6.67522020
172 -520.66668701 -6.67521394
173 -520.66668701 -6.67521394
174 -520.66601562 -6.67520533
175 -520.66540527 -6.67519750
176 -520.66558838 -6.67519985
177 -520.66546631 -6.67519829
178 -520.66497803 -6.67519203
179 -520.66522217 -6.67519516
180 -520.66448975 -6.67518577
181 -520.66448975 -6.67518577
182 -520.66381836 -6.67517716
183 -520.66387939 -6.67517794
184 -520.66467285 -6.67518811
185 -520.66436768 -6.67518420
186 -520.66430664 -6.67518342
187 -520.66448975 -6.67518577
188 -520.66412354 -6.67518107
189 -520.66400146 -6.67517951
190 -520.66369629 -6.67517559
191 -520.66302490 -6.67516699
192 -520.66363525 -6.67517481
193 -520.66369629 -6.67517559
194 -520.66345215 -6.67517246
195 -520.66375732 -6.67517638
196 -520.66271973 -6.67516307
197 -520.66290283 -6.67516542
198 -520.66302490 -6.67516699
199 -520.66302490 -6.67516699
200 -520.66296387 -6.67516620
201 -520.66418457 -6.67518185
202 -520.66412354 -6.67518107
203 -520.66326904 -6.67517012
204 -520.66406250 -6.67518029
205 -520.66394043 -6.67517872
206 -520.66387939 -6.67517794
207 -520.66546631 -6.67519829
208 -520.66418457 -6.67518185
209 -520.66424561 -6.67518264
210 -520.66473389 -6.67518890
211 -520.66473389 -6.67518890
212 -520.66473389 -6.67518890
213 -520.66510010 -6.67519359
214 -520.66448975 -6.67518577
215 -520.66516113 -6.67519437
216 -520.66577148 -6.67520220
217 -520.66662598 -6.67521315
218 -520.66650391 -6.67521159
219 -520.66705322 -6.67521863
220 -520.66699219 -6.67521785
221 -520.66705322 -6.67521863
222 -520.66729736 -6.67522176
223 -520.66741943 -6.67522333
224 -520.66687012 -6.67521628
225 -520.66717529 -6.67522020
226 -520.66674805 -6.67521472
227 -520.66613770 -6.67520689
228 -520.66705322 -6.67521863
229 -520.66760254 -6.67522567
230 -520.66729736 -6.67522176
231 -520.66748047 -6.67522411
232 -520.66815186 -6.67523272
233 -520.66778564 -6.67522802
234 -520.66815186 -6.67523272
235 -520.66839600 -6.67523585
236 -520.66741943 -6.67522333
237 -520.66778564 -6.67522802
238 -520.66760254 -6.67522567
239 -520.66918945 -6.67524602
240 -520.66955566 -6.67525071
241 -520.66931152 -6.67524758
242 -520.66882324 -6.67524132
243 -520.66888428 -6.67524211
244 -520.66802979 -6.67523115
245 -520.66815186 -6.67523272
246 -520.66796875 -6.67523037
247 -520.66809082 -6.67523193
248 -520.66796875 -6.67523037
249 -520.66870117 -6.67523976
250 -520.66864014 -6.67523898
251 -520.66815186 -6.67523272
252 -520.66870117 -6.67523976
253 -520.66961670 -6.67525150
254 -520.66833496 -6.67523506
255 -520.66912842 -6.67524524
256 -520.67004395 -6.67525697
257 -520.66955566 -6.67525071
258 -520.66894531 -6.67524289
259 -520.66882324 -6.67524132
260 -520.66870117 -6.67523976
261 -520.66949463 -6.67524993
262 -520.66894531 -6.67524289
263 -520.66912842 -6.67524524
264 -520.66949463 -6.67524993
265 -520.66864014 -6.67523898
266 -520.66882324 -6.67524132
267 -520.66949463 -6.67524993
268 -520.67034912 -6.67526089
269 -520.66949463 -6.67524993
270 -520.67004395 -6.67525697
271 -520.66986084 -6.67525463
272 -520.67034912 -6.67526089
273 -520.66973877 -6.67525306
274 -520.66998291 -6.67525619
275 -520.66973877 -6.67525306
276 -520.66888428 -6.67524211
277 -520.66931152 -6.67524758
278 -520.67022705 -6.67525932
279 -520.67059326 -6.67526402
280 -520.67041016 -6.67526167
281 -520.67010498 -6.67525776
282 -520.66992188 -6.67525541
283 -520.67041016 -6.67526167
284 -520.67028809 -6.67526010
285 -520.66992188 -6.67525541
286 -520.66998291 -6.67525619
287 -520.66967773 -6.67525228
288 -520.67028809 -6.67526010
289 -520.67120361 -6.67527184
290 -520.67150879 -6.67527575
291 -520.67065430 -6.67526480
292 -520.67102051 -6.67526949
293 -520.67102051 -6.67526949
294 -520.67193604 -6.67528123
295 -520.67163086 -6.67527732
296 -520.67230225 -6.67528593
297 -520.67254639 -6.67528906
298 -520.67187500 -6.67528045
299 -520.67181396 -6.67527967
300 -520.67163086 -6.67527732
301 -520.67175293 -6.67527888
302 -520.67138672 -6.67527419
303 -520.67175293 -6.67527888
304 -520.67175293 -6.67527888
305 -520.67163086 -6.67527732
306 -520.67224121 -6.67528514
307 -520.67218018 -6.67528436
308 -520.67254639 -6.67528906
309 -520.67218018 -6.67528436
310 -520.67169189 -6.67527810
311 -520.67205811 -6.67528280
312 -520.67193604 -6.67528123
313 -520.67248535 -6.67528827
314 -520.67218018 -6.67528436
315 -520.67169189 -6.67527810
316 -520.67272949 -6.67529140
317 -520.67364502 -6.67530314
318 -520.67327881 -6.67529845
319 -520.67370605 -6.67530392
320 -520.67456055 -6.67531488
321 -520.67486572 -6.67531879
322 -520.67437744 -6.67531253
323 -520.67413330 -6.67530940
324 -520.67480469 -6.67531801
325 -520.67504883 -6.67532114
326 -520.67596436 -6.67533288
327 -520.67565918 -6.67532896
328 -520.67596436 -6.67533288
329 -520.67675781 -6.67534305
330 -520.67669678 -6.67534227
331 -520.67675781 -6.67534305
332 -520.67761230 -6.67535400
333 -520.67706299 -6.67534696
334 -520.67657471 -6.67534070
335 -520.67614746 -6.67533522
336 -520.67663574 -6.67534148
337 -520.67681885 -6.67534383
338 -520.67712402 -6.67534774
339 -520.67779541 -6.67535635
340 -520.67749023 -6.67535244
341 -520.67840576 -6.67536418
342 -520.67877197 -6.67536887
343 -520.67877197 -6.67536887
344 -520.67968750 -6.67538061
345 -520.67980957 -6.67538217
346 -520.68029785 -6.67538843
347 -520.68011475 -6.67538609
348 -520.68011475 -6.67538609
349 -520.68096924 -6.67539704
350 -520.68164062 -6.67540565
351 -520.68212891 -6.67541191
352 -520.68188477 -6.67540878
353 -520.68188477 -6.67540878
354 -520.68212891 -6.67541191
355 -520.68267822 -6.67541895
356 -520.68225098 -6.67541347
357 -520.68218994 -6.67541269
358 -520.68182373 -6.67540800
359 -520.68359375 -6.67543069
360 -520.68347168 -6.67542912
361 -520.68304443 -6.67542365
362 -520.68249512 -6.67541660
363 -520.68255615 -6.67541739
364 -520.68310547 -6.67542443
365 -520.68402100 -6.67543617
366 -520.68383789 -6.67543382
367 -520.68341064 -6.67542834
368 -520.68322754 -6.67542599
369 -520.68359375 -6.67543069
370 -520.68450928 -6.67544243
371 -520.68457031 -6.67544321
372 -520.68536377 -6.67545338
373 -520.68511963 -6.67545025
374 -520.68566895 -6.67545729
375 -520.68530273 -6.67545260
376 -520.68530273 -6.67545260
377 -520.68524170 -6.67545182
378 -520.68414307 -6.67543773
379 -520.68463135 -6.67544399
380 -520.68395996 -6.67543538
381 -520.68511963 -6.67545025
382 -520.68463135 -6.67544399
383 -520.68426514 -6.67543930
384 -520.68414307 -6.67543773
385 -520.68389893 -6.67543460
386 -520.68286133 -6.67542130
387 -520.68225098 -6.67541347
388 -520.68231201 -6.67541426
389 -520.68151855 -6.67540408
390 -520.68151855 -6.67540408
391 -520.68145752 -6.67540330
392 -520.68078613 -6.67539469
393 -520.68133545 -6.67540174
394 -520.68023682 -6.67538765
395 -520.68060303 -6.67539235
396 -520.67987061 -6.67538296
397 -520.67944336 -6.67537748
398 -520.67980957 -6.67538217
399 -520.67993164 -6.67538374
400 -520.67968750 -6.67538061
401 -520.67968750 -6.67538061
402 -520.67822266 -6.67536183
403 -520.67919922 -6.67537435
404 -520.67907715 -6.67537278
405 -520.67950439 -6.67537826
406 -520.67962646 -6.67537983
407 -520.67889404 -6.67537044
408 -520.67907715 -6.67537278
409 -520.67938232 -6.67537670
410 -520.67938232 -6.67537670
411 -520.67962646 -6.67537983
412 -520.67864990 -6.67536731
413 -520.67919922 -6.67537435
414 -520.67858887 -6.67536652
415 -520.67803955 -6.67535948
416 -520.67803955 -6.67535948
417 -520.67742920 -6.67535166
418 -520.67730713 -6.67535009
419 -520.67724609 -6.67534931
420 -520.67730713 -6.67535009
421 -520.67749023 -6.67535244
422 -520.67810059 -6.67536026
423 -520.67828369 -6.67536261
424 -520.67749023 -6.67535244
425 -520.67840576 -6.67536418
426 -520.67797852 -6.67535870
427 -520.67834473 -6.67536339
428 -520.67877197 -6.67536887
429 -520.67889404 -6.67537044
430 -520.67834473 -6.67536339
431 -520.67840576 -6.67536418
432 -520.67919922 -6.67537435
433 -520.67980957 -6.67538217
434 -520.67907715 -6.67537278
435 -520.67950439 -6.67537826
436 -520.67919922 -6.67537435
437 -520.67871094 -6.67536809
438 -520.67950439 -6.67537826
439 -520.67980957 -6.67538217
440 -520.67950439 -6.67537826
441 -520.68005371 -6.67538530
442 -520.68072510 -6.67539391
443 -520.68011475 -6.67538609
444 -520.68060303 -6.67539235
445 -520.68011475 -6.67538609
446 -520.68054199 -6.67539156
447 -520.68011475 -6.67538609
448 -520.67944336 -6.67537748
449 -520.67889404 -6.67537044
450 -520.67919922 -6.67537435
451 -520.67919922 -6.67537435
452 -520.67810059 -6.67536026
453 -520.67944336 -6.67537748
454 -520.67980957 -6.67538217
455 -520.68054199 -6.67539156
456 -520.68011475 -6.67538609
457 -520.68017578 -6.67538687
458 -520.68060303 -6.67539235
459 -520.68017578 -6.67538687
460 -520.68060303 -6.67539235
461 -520.68072510 -6.67539391
462 -520.68017578 -6.67538687
463 -520.68090820 -6.67539626
464 -520.68164062 -6.67540565
465 -520.68133545 -6.67540174
466 -520.68109131 -6.67539861
467 -520.68090820 -6.67539626
468 -520.68188477 -6.67540878
469 -520.68182373 -6.67540800
470 -520.68200684 -6.67541034
471 -520.68237305 -6.67541504
472 -520.68280029 -6.67542052
473 -520.68237305 -6.67541504
474 -520.68261719 -6.67541817
475 -520.68316650 -6.67542521
476 -520.68341064 -6.67542834
477 -520.68292236 -6.67542208
478 -520.68310547 -6.67542443
479 -520.68377686 -6.67543304
480 -520.68341064 -6.67542834
481 -520.68487549 -6.67544712
482 -520.68560791 -6.67545651
483 -520.68658447 -6.67546903
484 -520.68688965 -6.67547294
485 -520.68682861 -6.67547216
486 -520.68652344 -6.67546825
487 -520.68695068 -6.67547373
488 -520.68695068 -6.67547373
489 -520.68737793 -6.67547920
490 -520.68731689 -6.67547842
491 -520.68774414 -6.67548390
492 -520.68817139 -6.67548938
493 -520.68829346 -6.67549094
494 -520.68841553 -6.67549251
495 -520.68835449 -6.67549172
496 -520.68908691 -6.67550111
497 -520.68817139 -6.67548938
498 -520.68878174 -6.67549720
499 -520.68914795 -6.67550190
500 -520.68865967 -6.67549564
501 -520.68817139 -6.67548938
502 -520.68859863 -6.67549485
503 -520.68884277 -6.67549798
504 -520.68914795 -6.67550190
505 -520.68927002 -6.67550346
506 -520.68981934 -6.67551050
507 -520.69030762 -6.67551676
508 -520.69012451 -6.67551442
509 -520.69036865 -6.67551755
510 -520.68975830 -6.67550972
511 -520.68951416 -6.67550659
512 -520.68994141 -6.67551207
513 -520.69018555 -6.67551520
514 -520.69042969 -6.67551833
515 -520.68969727 -6.67550894
516 -520.69073486 -6.67552224
517 -520.69006348 -6.67551363
518 -520.69073486 -6.67552224
519 -520.69042969 -6.67551833
520 -520.68908691 -6.67550111
521 -520.69024658 -6.67551598
522 -520.69030762 -6.67551676
523 -520.69067383 -6.67552146
524 -520.69116211 -6.67552772
525 -520.69116211 -6.67552772
526 -520.69152832 -6.67553241
527 -520.69152832 -6.67553241
528 -520.69091797 -6.67552459
529 -520.69097900 -6.67552537
530 -520.69134521 -6.67553007
531 -520.69146729 -6.67553163
532 -520.69134521 -6.67553007
533 -520.69134521 -6.67553007
534 -520.69128418 -6.67552928
535 -520.69189453 -6.67553711
536 -520.69201660 -6.67553867
537 -520.69201660 -6.67553867
538 -520.69213867 -6.67554024
539 -520.69152832 -6.67553241
540 -520.69226074 -6.67554180
541 -520.69238281 -6.67554337
542 -520.69244385 -6.67554415
543 -520.69226074 -6.67554180
544 -520.69207764 -6.67553946
545 -520.69305420 -6.67555198
546 -520.69213867 -6.67554024
547 -520.69329834 -6.67555511
548 -520.69329834 -6.67555511
549 -520.69299316 -6.67555119
550 -520.69360352 -6.67555902
551 -520.69262695 -6.67554650
552 -520.69348145 -6.67555745
553 -520.69262695 -6.67554650
554 -520.69299316 -6.67555119
555 -520.69317627 -6.67555354
556 -520.69244385 -6.67554415
557 -520.69281006 -6.67554885
558 -520.69323730 -6.67555432
559 -520.69342041 -6.67555667
560 -520.69348145 -6.67555745
561 -520.69311523 -6.67555276
562 -520.69372559 -6.67556058
563 -520.69396973 -6.67556371
564 -520.69348145 -6.67555745
565 -520.69329834 -6.67555511
566 -520.69403076 -6.67556450
567 -520.69458008 -6.67557154
568 -520.69512939 -6.67557858
569 -520.69384766 -6.67556215
570 -520.69470215 -6.67557310
571 -520.69372559 -6.67556058
572 -520.69458008 -6.67557154
573 -520.69494629 -6.67557623
574 -520.69464111 -6.67557232
575 -520.69537354 -6.67558171
576 -520.69525146 -6.67558015
577 -520.69519043 -6.67557936
578 -520.69464111 -6.67557232
579 -520.69354248 -6.67555824
580 -520.69348145 -6.67555745
581 -520.69427490 -6.67556763
582 -520.69458008 -6.67557154
583 -520.69464111 -6.67557232
584 -520.69464111 -6.67557232
585 -520.69451904 -6.67557076
586 -520.69409180 -6.67556528
587 -520.69439697 -6.67556919
588 -520.69470215 -6.67557310
589 -520.69494629 -6.67557623
590 -520.69506836 -6.67557780
591 -520.69464111 -6.67557232
592 -520.69439697 -6.67556919
593 -520.69464111 -6.67557232
594 -520.69445801 -6.67556997
595 -520.69439697 -6.67556919
596 -520.69427490 -6.67556763
597 -520.69445801 -6.67556997
598 -520.69427490 -6.67556763
599 -520.69329834 -6.67555511
600 -520.69329834 -6.67555511
601 -520.69348145 -6.67555745
602 -520.69384766 -6.67556215
603 -520.69360352 -6.67555902
604 -520.69409180 -6.67556528
605 -520.69342041 -6.67555667
606 -520.69354248 -6.67555824
607 -520.69403076 -6.67556450
608 -520.69372559 -6.67556058
609 -520.69342041 -6.67555667
610 -520.69390869 -6.67556293
611 -520.69396973 -6.67556371
612 -520.69384766 -6.67556215
613 -520.69287109 -6.67554963
614 -520.69335938 -6.67555589
615 -520.69384766 -6.67556215
616 -520.69293213 -6.67555041
617 -520.69238281 -6.67554337
618 -520.69268799 -6.67554728
619 -520.69256592 -6.67554572
620 -520.69250488 -6.67554493
621 -520.69268799 -6.67554728
622 -520.69262695 -6.67554650
623 -520.69250488 -6.67554493
624 -520.69171143 -6.67553476
625 -520.69171143 -6.67553476
626 -520.69262695 -6.67554650
627 -520.69238281 -6.67554337
628 -520.69171143 -6.67553476
629 -520.69165039 -6.67553398
630 -520.69219971 -6.67554102
631 -520.69122314 -6.67552850
632 -520.69128418 -6.67552928
633 -520.69030762 -6.67551676
634 -520.69079590 -6.67552302
635 -520.69085693 -6.67552381
636 -520.69146729 -6.67553163
637 -520.69104004 -6.67552615
638 -520.69122314 -6.67552850
639 -520.69030762 -6.67551676
640 -520.69079590 -6.67552302
641 -520.69036865 -6.67551755
642 -520.69006348 -6.67551363
643 -520.68975830 -6.67550972
644 -520.68841553 -6.67549251
645 -520.68841553 -6.67549251
646 -520.68902588 -6.67550033
647 -520.68847656 -6.67549329
648 -520.68750000 -6.67548077
649 -520.68762207 -6.67548233
650 -520.68713379 -6.67547607
651 -520.68640137 -6.67546668
652 -520.68579102 -6.67545886
653 -520.68591309 -6.67546042
654 -520.68438721 -6.67544086
655 -520.68347168 -6.67542912
656 -520.68316650 -6.67542521
657 -520.68304443 -6.67542365
658 -520.68237305 -6.67541504
659 -520.68280029 -6.67542052
660 -520.68206787 -6.67541113
661 -520.68188477 -6.67540878
662 -520.67999268 -6.67538452
663 -520.68023682 -6.67538765
664 -520.68133545 -6.67540174
665 -520.68029785 -6.67538843
666 -520.68041992 -6.67539000
667 -520.67993164 -6.67538374
668 -520.67932129 -6.67537591
669 -520.67755127 -6.67535322
670 -520.67810059 -6.67536026
671 -520.67810059 -6.67536026
672 -520.67803955 -6.67535948
673 -520.67724609 -6.67534931
674 -520.67645264 -6.67533914
675 -520.67663574 -6.67534148
676 -520.67669678 -6.67534227
677 -520.67755127 -6.67535322
678 -520.67681885 -6.67534383
679 -520.67675781 -6.67534305
680 -520.67651367 -6.67533992
681 -520.67626953 -6.67533679
682 -520.67651367 -6.67533992
683 -520.67620850 -6.67533601
684 -520.67565918 -6.67532896
685 -520.67578125 -6.67533053
686 -520.67584229 -6.67533131
687 -520.67565918 -6.67532896
688 -520.67584229 -6.67533131
689 -520.67608643 -6.67533444
690 -520.67578125 -6.67533053
691 -520.67681885 -6.67534383
692 -520.67596436 -6.67533288
693 -520.67626953 -6.67533679
694 -520.67614746 -6.67533522
695 -520.67602539 -6.67533366
696 -520.67626953 -6.67533679
697 -520.67663574 -6.67534148
698 -520.67675781 -6.67534305
699 -520.67663574 -6.67534148
700 -520.67626953 -6.67533679
701 -520.67700195 -6.67534618
702 -520.67687988 -6.67534461
703 -520.67675781 -6.67534305
704 -520.67742920 -6.67535166
705 -520.67712402 -6.67534774
706 -520.67736816 -6.67535087
707 -520.67767334 -6.67535479
708 -520.67822266 -6.67536183
709 -520.67877197 -6.67536887
710 -520.67846680 -6.67536496
711 -520.67938232 -6.67537670
712 -520.67834473 -6.67536339
713 -520.67907715 -6.67537278
714 -520.67950439 -6.67537826
715 -520.67944336 -6.67537748
716 -520.67987061 -6.67538296
717 -520.67907715 -6.67537278
718 -520.67980957 -6.67538217
719 -520.68096924 -6.67539704
720 -520.68066406 -6.67539313
721 -520.68127441 -6.67540095
722 -520.68078613 -6.67539469
723 -520.68115234 -6.67539939
724 -520.68115234 -6.67539939
725 -520.67999268 -6.67538452
726 -520.68090820 -6.67539626
727 -520.68133545 -6.67540174
728 -520.68188477 -6.67540878
729 -520.68133545 -6.67540174
730 -520.68078613 -6.67539469
731 -520.68017578 -6.67538687
732 -520.68292236 -6.67542208
733 -520.68286133 -6.67542130
734 -520.68292236 -6.67542208
735 -520.68237305 -6.67541504
736 -520.68347168 -6.67542912
737 -520.68395996 -6.67543538
738 -520.68286133 -6.67542130
739 -520.68444824 -6.67544164
740 -520.68420410 -6.67543851
741 -520.68505859 -6.67544947
742 -520.68438721 -6.67544086
743 -520.68511963 -6.67545025
744 -520.68548584 -6.67545495
745 -520.68524170 -6.67545182
746 -520.68579102 -6.67545886
747 -520.68597412 -6.67546121
748 -520.68591309 -6.67546042
749 -520.68597412 -6.67546121
750 -520.68597412 -6.67546121
751 -520.68646240 -6.67546747
752 -520.68756104 -6.67548155
753 -520.68731689 -6.67547842
754 -520.68682861 -6.67547216
755 -520.68664551 -6.67546981
