0 -439.36596680 -6.65706010
1 -439.42047119 -6.65788593
2 -439.46124268 -6.65850368
3 -439.49453735 -6.65900814
4 -439.52093506 -6.65940811
5 -439.54013062 -6.65969895
6 -439.55657959 -6.65994818
7 -439.56906128 -6.66013729
8 -439.58016968 -6.66030560
9 -439.58984375 -6.66045218
10 -439.59753418 -6.66056870
11 -439.60476685 -6.66067829
12 -439.61010742 -6.66075920
13 -439.61410522 -6.66081978
14 -439.61770630 -6.66087434
15 -439.62097168 -6.66092381
16 -439.62445068 -6.66097653
17 -439.62734985 -6.66102045
18 -439.63015747 -6.66106299
19 -439.63253784 -6.66109906
20 -439.63479614 -6.66113327
21 -439.63696289 -6.66116610
