0 -471.21978760 -5.89024734
1 -471.19589233 -5.88994865
2 -471.17797852 -5.88972473
3 -471.17114258 -5.88963928
4 -471.14620972 -5.88932762
5 -471.10607910 -5.88882599
6 -471.07742310 -5.88846779
7 -471.04550171 -5.88806877
8 -471.02404785 -5.88780060
9 -471.01931763 -5.88774147
10 -470.94042969 -5.88675537
11 -470.93817139 -5.88672714
12 -470.85113525 -5.88563919
13 -470.79580688 -5.88494759
14 -470.74731445 -5.88434143
15 -470.72558594 -5.88406982
16 -470.70660400 -5.88383255
17 -470.69390869 -5.88367386
18 -470.63784790 -5.88297310
19 -470.61923218 -5.88274040
20 -470.63519287 -5.88293991
21 -470.64611816 -5.88307648
22 -470.61737061 -5.88271713
23 -470.58709717 -5.88233871
24 -470.56777954 -5.88209724
25 -470.57556152 -5.88219452
26 -470.53790283 -5.88172379
27 -470.42684937 -5.88033562
28 -470.38656616 -5.87983208
29 -470.34042358 -5.87925529
30 -470.33261108 -5.87915764
31 -470.31701660 -5.87896271
32 -470.21038818 -5.87762985
33 -470.21450806 -5.87768135
34 -470.18994141 -5.87737427
35 -470.05206299 -5.87565079
36 -469.94650269 -5.87433128
37 -469.98361206 -5.87479515
38 -469.89242554 -5.87365532
39 -469.93234253 -5.87415428
40 -469.90371704 -5.87379646
41 -469.83468628 -5.87293358
42 -469.78097534 -5.87226219
43 -469.84332275 -5.87304153
44 -469.73388672 -5.87167358
45 -469.72521973 -5.87156525
46 -469.56173706 -5.86952171
47 -469.56982422 -5.86962280
48 -469.44116211 -5.86801453
49 -469.45907593 -5.86823845
50 -469.39077759 -5.86738472
51 -469.30703735 -5.86633797
52 -469.22335815 -5.86529198
53 -469.13757324 -5.86421967
54 -468.99157715 -5.86239471
55 -468.92758179 -5.86159477
56 -468.90005493 -5.86125069
57 -468.75576782 -5.85944710
58 -468.63665771 -5.85795822
59 -468.64834595 -5.85810432
60 -468.47628784 -5.85595360
61 -468.41943359 -5.85524292
62 -468.38031006 -5.85475388
63 -468.26193237 -5.85327415
64 -468.21191406 -5.85264893
65 -468.26748657 -5.85334358
66 -468.34118652 -5.85426483
67 -468.44927979 -5.85561600
68 -468.30267334 -5.85378342
69 -468.21212769 -5.85265160
70 -468.33599854 -5.85419998
71 -468.40884399 -5.85511055
72 -468.41091919 -5.85513649
73 -468.35501099 -5.85443764
74 -468.27505493 -5.85343819
75 -468.30389404 -5.85379868
76 -468.17584229 -5.85219803
77 -468.26293945 -5.85328674
78 -468.33419800 -5.85417747
79 -468.22186279 -5.85277328
80 -468.33856201 -5.85423203
81 -468.25524902 -5.85319061
82 -468.19943237 -5.85249290
83 -468.02481079 -5.85031013
84 -467.78863525 -5.84735794
85 -467.72610474 -5.84657631
86 -467.55633545 -5.84445419
87 -467.48547363 -5.84356842
88 -467.34991455 -5.84187393
89 -467.21929932 -5.84024124
90 -467.30917358 -5.84136467
91 -467.34573364 -5.84182167
92 -467.15835571 -5.83947945
93 -467.25372314 -5.84067154
94 -467.19000244 -5.83987503
95 -467.17044067 -5.83963051
96 -466.97985840 -5.83724823
97 -466.80889893 -5.83511124
98 -466.84973145 -5.83562164
99 -467.00347900 -5.83754349
100 -466.95208740 -5.83690109
101 -466.65676880 -5.83320961
102 -466.57556152 -5.83219452
103 -466.49685669 -5.83121071
104 -466.40692139 -5.83008652
105 -466.46502686 -5.83081284
106 -466.49475098 -5.83118439
107 -466.31417847 -5.82892723
108 -466.12890625 -5.82661133
109 -466.18402100 -5.82730026
110 -466.35043335 -5.82938042
111 -466.18908691 -5.82736359
112 -466.15643311 -5.82695541
113 -465.99740601 -5.82496758
114 -465.80462646 -5.82255783
115 -465.67355347 -5.82091942
116 -465.78533936 -5.82231674
117 -465.95816040 -5.82447701
118 -466.25408936 -5.82817612
119 -466.25521851 -5.82819023
120 -466.38940430 -5.82986755
121 -466.28607178 -5.82857590
122 -466.11712646 -5.82646408
123 -466.03741455 -5.82546768
124 -465.97467041 -5.82468338
125 -465.69900513 -5.82123756
126 -465.37149048 -5.81714363
127 -465.29959106 -5.81624489
128 -465.27862549 -5.81598282
129 -465.14279175 -5.81428490
130 -465.21847534 -5.81523094
131 -465.20455933 -5.81505699
132 -465.43325806 -5.81791573
133 -465.13317871 -5.81416473
134 -464.90335083 -5.81129189
135 -464.82971191 -5.81037140
136 -464.82919312 -5.81036491
137 -464.65536499 -5.80819206
138 -464.65606689 -5.80820084
139 -464.47668457 -5.80595856
140 -464.53268433 -5.80665855
141 -464.58627319 -5.80732841
142 -464.41439819 -5.80517998
143 -464.21926880 -5.80274086
144 -464.11444092 -5.80143051
145 -464.12863159 -5.80160789
146 -464.28274536 -5.80353432
147 -464.20648193 -5.80258102
148 -463.93582153 -5.79919777
149 -464.06158447 -5.80076981
150 -463.94781494 -5.79934769
151 -463.86669922 -5.79833374
152 -463.99884033 -5.79998550
153 -463.88766479 -5.79859581
154 -463.59844971 -5.79498062
155 -463.57199097 -5.79464989
156 -463.52224731 -5.79402809
157 -463.42089844 -5.79276123
158 -463.63619995 -5.79545250
159 -463.74310303 -5.79678879
160 -463.69583130 -5.79619789
161 -463.64892578 -5.79561157
162 -463.35949707 -5.79199371
163 -463.03479004 -5.78793488
164 -462.92349243 -5.78654366
165 -462.79330444 -5.78491631
166 -462.82955933 -5.78536949
167 -462.70031738 -5.78375397
168 -462.47583008 -5.78094788
169 -461.94390869 -5.77429886
170 -461.95996094 -5.77449951
171 -461.88595581 -5.77357445
172 -461.86575317 -5.77332191
173 -461.85354614 -5.77316933
174 -461.83349609 -5.77291870
175 -462.19879150 -5.77748489
176 -462.08963013 -5.77612038
177 -462.46081543 -5.78076019
178 -462.48818970 -5.78110237
179 -462.76156616 -5.78451958
180 -462.18679810 -5.77733498
181 -462.55014038 -5.78187675
182 -462.92367554 -5.78654594
183 -462.79095459 -5.78488693
184 -462.97640991 -5.78720512
185 -463.15191650 -5.78939896
186 -463.29998779 -5.79124985
187 -463.11480713 -5.78893509
188 -462.89904785 -5.78623810
189 -463.11431885 -5.78892899
190 -462.95806885 -5.78697586
191 -462.80371094 -5.78504639
192 -463.03836060 -5.78797951
193 -462.97329712 -5.78716621
194 -462.72552490 -5.78406906
195 -462.51443481 -5.78143044
196 -462.67138672 -5.78339233
197 -462.22930908 -5.77786636
198 -461.94805908 -5.77435074
199 -462.33044434 -5.77913055
200 -462.22686768 -5.77783585
201 -461.81509399 -5.77268867
202 -461.50228882 -5.76877861
203 -460.98144531 -5.76226807
204 -460.47433472 -5.75592918
205 -460.00494385 -5.75006180
206 -459.37536621 -5.74219208
207 -459.18014526 -5.73975182
208 -458.96423340 -5.73705292
209 -459.08303833 -5.73853798
210 -458.79672241 -5.73495903
211 -458.62808228 -5.73285103
212 -458.38595581 -5.72982445
213 -458.82327271 -5.73529091
214 -459.10263062 -5.73878288
215 -458.57629395 -5.73220367
216 -458.36715698 -5.72958946
217 -458.32852173 -5.72910652
218 -458.00216675 -5.72502708
219 -457.84481812 -5.72306023
220 -457.27325439 -5.71591568
221 -456.53707886 -5.70671349
222 -456.40878296 -5.70510979
223 -456.30722046 -5.70384026
224 -455.94290161 -5.69928627
225 -455.91998291 -5.69899979
226 -455.94317627 -5.69928970
227 -456.31588745 -5.70394859
228 -456.38262939 -5.70478287
229 -455.88369751 -5.69854622
230 -455.85958862 -5.69824486
231 -455.40457153 -5.69255714
232 -455.53167725 -5.69414597
233 -456.16555786 -5.70206947
234 -455.80743408 -5.69759293
235 -455.10427856 -5.68880348
236 -455.26101685 -5.69076271
237 -454.53381348 -5.68167267
238 -454.82812500 -5.68535156
239 -454.55108643 -5.68188858
240 -454.63262939 -5.68290787
241 -454.18057251 -5.67725716
242 -453.51489258 -5.66893616
243 -453.24029541 -5.66550369
244 -453.35501099 -5.66693764
245 -453.11032104 -5.66387901
246 -452.90621948 -5.66132774
247 -452.87664795 -5.66095810
248 -452.48596191 -5.65607452
249 -452.16885376 -5.65211067
250 -452.25518799 -5.65318985
251 -451.77597046 -5.64719963
252 -451.93951416 -5.64924393
253 -451.89361572 -5.64867020
254 -452.65518188 -5.65818977
255 -452.23498535 -5.65293732
256 -451.82052612 -5.64775658
257 -451.51614380 -5.64395180
258 -451.36529541 -5.64206619
259 -451.48706055 -5.64358826
260 -450.92312622 -5.63653908
261 -450.15594482 -5.62694931
262 -449.64053345 -5.62050667
263 -450.03042603 -5.62538033
264 -449.79440308 -5.62243004
265 -449.17050171 -5.61463127
266 -448.73629761 -5.60920372
267 -448.65316772 -5.60816460
268 -448.71862793 -5.60898285
269 -448.22369385 -5.60279617
270 -448.59124756 -5.60739059
271 -447.88125610 -5.59851570
272 -447.40805054 -5.59260063
273 -446.66610718 -5.58332634
274 -446.82812500 -5.58535156
275 -446.43508911 -5.58043861
276 -446.95571899 -5.58694649
277 -446.13061523 -5.57663269
278 -444.95300293 -5.56191254
279 -444.59304810 -5.55741310
280 -445.79510498 -5.57243881
281 -445.02792358 -5.56284904
282 -445.32214355 -5.56652679
283 -445.94067383 -5.57425842
284 -446.63275146 -5.58290939
285 -447.13323975 -5.58916550
286 -446.09732056 -5.57621651
287 -445.92022705 -5.57400284
288 -445.27032471 -5.56587906
289 -446.05932617 -5.57574158
290 -446.16195679 -5.57702446
291 -446.42401123 -5.58030014
292 -446.41763306 -5.58022041
293 -445.50164795 -5.56877060
294 -445.19580078 -5.56494751
295 -444.51504517 -5.55643806
296 -444.50885010 -5.55636063
297 -443.69726562 -5.54621582
298 -444.65130615 -5.55814133
299 -443.88485718 -5.54856071
300 -444.28884888 -5.55361061
301 -443.57537842 -5.54469223
302 -442.43075562 -5.53038445
303 -440.98468018 -5.51230850
304 -441.73727417 -5.52171593
305 -440.82067871 -5.51025848
306 -439.31781006 -5.49147263
307 -440.18084717 -5.50226059
308 -438.86505127 -5.48581314
309 -438.70593262 -5.48382416
310 -438.01672363 -5.47520905
311 -436.60299683 -5.45753746
312 -433.63336182 -5.42041702
313 -435.54733276 -5.44434166
314 -436.45657349 -5.45570717
315 -436.36557007 -5.45456963
316 -436.36791992 -5.45459900
317 -435.14364624 -5.43929558
318 -435.37390137 -5.44217377
319 -435.80450439 -5.44755630
320 -433.87188721 -5.42339859
321 -435.65322876 -5.44566536
322 -433.13607788 -5.41420097
323 -434.15679932 -5.42695999
324 -433.54040527 -5.41925507
325 -434.37103271 -5.42963791
326 -433.47055054 -5.41838188
327 -434.06524658 -5.42581558
328 -433.09906006 -5.41373825
329 -434.16046143 -5.42700577
330 -434.14270020 -5.42678375
331 -434.17294312 -5.42716179
332 -433.55255127 -5.41940689
333 -432.71585083 -5.40894814
334 -433.88085938 -5.42351074
335 -432.28225708 -5.40352821
336 -433.87219238 -5.42340240
337 -431.23626709 -5.39045334
338 -431.94378662 -5.39929733
339 -431.85241699 -5.39815521
340 -429.69284058 -5.37116051
341 -430.02786255 -5.37534828
342 -428.69427490 -5.35867844
343 -427.65011597 -5.34562645
344 -429.82263184 -5.37278290
345 -428.50778198 -5.35634727
346 -430.36352539 -5.37954407
347 -429.49298096 -5.36866226
348 -428.10977173 -5.35137215
349 -427.82336426 -5.34779205
350 -427.70376587 -5.34629707
351 -427.96493530 -5.34956169
352 -427.74630737 -5.34682884
353 -427.78353882 -5.34729424
354 -426.15969849 -5.32699623
355 -427.21139526 -5.34014244
356 -427.95962524 -5.34949532
357 -429.07083130 -5.36338539
358 -429.79275513 -5.37240944
359 -430.09359741 -5.37616997
360 -430.37011719 -5.37962646
361 -429.65350342 -5.37066879
362 -430.27780151 -5.37847252
363 -431.24365234 -5.39054565
364 -430.81768799 -5.38522110
365 -431.65975952 -5.39574699
366 -433.04888916 -5.41311111
367 -434.34368896 -5.42929611
368 -434.31134033 -5.42889175
369 -434.85723877 -5.43571548
370 -433.44110107 -5.41801376
371 -433.46395874 -5.41829948
372 -432.98303223 -5.41228790
373 -431.60614014 -5.39507675
374 -431.37155151 -5.39214439
375 -431.32406616 -5.39155083
376 -430.19744873 -5.37746811
377 -429.80957031 -5.37261963
378 -429.85934448 -5.37324181
379 -428.52618408 -5.35657730
380 -429.49053955 -5.36863174
381 -429.82623291 -5.37282791
382 -430.85327148 -5.38566589
383 -431.17156982 -5.38964462
384 -431.72567749 -5.39657097
385 -432.18994141 -5.40237427
386 -432.50610352 -5.40632629
387 -433.05761719 -5.41322021
388 -433.24676514 -5.41558456
389 -433.96109009 -5.42451363
390 -433.66494751 -5.42081184
391 -431.77886963 -5.39723587
392 -431.22940063 -5.39036751
393 -433.23382568 -5.41542282
394 -432.54898071 -5.40686226
395 -432.26614380 -5.40332680
396 -433.01013184 -5.41262665
397 -432.82437134 -5.41030464
398 -432.17593384 -5.40219917
399 -433.07083130 -5.41338539
400 -431.69458008 -5.39618225
401 -431.26293945 -5.39078674
402 -431.06228638 -5.38827858
403 -431.61129761 -5.39514122
404 -431.29144287 -5.39114304
405 -429.58474731 -5.36980934
