0 -512.98205566 -7.12475077
1 -512.94976807 -7.12430233
2 -512.93310547 -7.12407091
3 -512.91003418 -7.12375047
4 -512.86224365 -7.12308672
5 -512.83923340 -7.12276713
6 -512.80871582 -7.12234328
7 -512.80676270 -7.12231615
8 -512.79553223 -7.12216017
9 -512.75433350 -7.12158797
10 -512.75476074 -7.12159390
11 -512.71575928 -7.12105221
12 -512.67218018 -7.12044695
13 -512.66827393 -7.12039269
14 -512.61102295 -7.11959754
15 -512.56854248 -7.11900753
16 -512.54064941 -7.11862013
17 -512.54315186 -7.11865489
18 -512.48071289 -7.11778768
19 -512.40551758 -7.11674330
20 -512.36511230 -7.11618212
21 -512.36724854 -7.11621179
22 -512.28063965 -7.11500888
23 -512.26824951 -7.11483680
24 -512.23956299 -7.11443837
25 -512.15411377 -7.11325158
26 -512.15356445 -7.11324395
27 -512.10638428 -7.11258867
28 -512.03979492 -7.11166382
29 -511.99008179 -7.11097336
30 -512.00231934 -7.11114332
31 -512.00482178 -7.11117808
32 -511.99523926 -7.11104499
33 -511.97152710 -7.11071565
34 -511.87646484 -7.10939535
35 -511.78781128 -7.10816405
36 -511.83560181 -7.10882780
37 -511.90036011 -7.10972722
38 -511.97692871 -7.11079068
39 -511.87713623 -7.10940467
40 -511.81008911 -7.10847346
41 -511.75936890 -7.10776901
42 -511.79092407 -7.10820728
43 -511.73565674 -7.10743968
44 -511.61752319 -7.10579893
45 -511.60882568 -7.10567813
46 -511.55987549 -7.10499827
47 -511.51187134 -7.10433155
48 -511.52035522 -7.10444938
49 -511.57287598 -7.10517883
50 -511.51663208 -7.10439767
51 -511.48028564 -7.10389286
52 -511.39923096 -7.10276710
53 -511.26632690 -7.10092121
54 -511.30157471 -7.10141076
55 -511.40539551 -7.10285272
56 -511.40307617 -7.10282050
57 -511.24746704 -7.10065926
58 -511.24890137 -7.10067919
59 -511.25003052 -7.10069487
60 -511.05731201 -7.09801822
61 -511.01477051 -7.09742737
62 -511.07238770 -7.09822761
63 -510.93371582 -7.09630161
64 -510.90060425 -7.09584173
65 -510.78634644 -7.09425481
66 -510.78469849 -7.09423192
67 -510.77252197 -7.09406281
68 -510.80276489 -7.09448285
69 -510.59655762 -7.09161886
70 -510.49993896 -7.09027693
71 -510.43179321 -7.08933046
72 -510.30834961 -7.08761597
73 -510.31149292 -7.08765962
74 -510.22595215 -7.08647156
75 -510.08087158 -7.08445655
76 -509.86682129 -7.08148363
77 -509.68209839 -7.07891803
78 -509.61718750 -7.07801649
79 -509.69863892 -7.07914776
80 -509.69491577 -7.07909605
81 -509.77059937 -7.08014721
82 -509.78149414 -7.08029853
83 -509.80780029 -7.08066389
84 -509.92678833 -7.08231650
85 -509.83688354 -7.08106783
86 -509.96267700 -7.08281496
87 -509.88946533 -7.08179813
88 -509.94119263 -7.08251656
89 -509.86273193 -7.08142683
90 -509.72378540 -7.07949702
91 -509.68252563 -7.07892397
92 -509.62466431 -7.07812034
93 -509.65148926 -7.07849291
94 -509.42666626 -7.07537036
95 -509.33618164 -7.07411363
96 -509.26654053 -7.07314640
97 -509.25927734 -7.07304552
98 -509.33489990 -7.07409583
99 -509.19357300 -7.07213296
100 -509.26861572 -7.07317522
101 -508.91949463 -7.06832631
102 -508.98132324 -7.06918505
103 -508.95626831 -7.06883706
104 -508.92922974 -7.06846152
105 -508.88839722 -7.06789441
106 -508.84539795 -7.06729719
107 -508.94830322 -7.06872643
108 -508.93539429 -7.06854714
109 -508.73709106 -7.06579293
110 -508.55816650 -7.06330787
111 -508.56991577 -7.06347105
112 -508.46884155 -7.06206724
113 -508.64141846 -7.06446415
114 -508.43719482 -7.06162771
115 -508.27978516 -7.05944146
116 -508.31109619 -7.05987634
117 -508.29833984 -7.05969916
118 -508.42169189 -7.06141239
119 -508.27197266 -7.05933295
120 -508.40658569 -7.06120258
121 -508.23937988 -7.05888028
122 -508.20211792 -7.05836275
123 -508.09014893 -7.05680762
124 -508.11114502 -7.05709924
125 -508.18145752 -7.05807580
126 -508.38534546 -7.06090758
127 -508.38314819 -7.06087706
128 -508.05532837 -7.05632401
129 -508.12179565 -7.05724716
130 -508.06039429 -7.05639437
131 -508.03695679 -7.05606884
132 -507.74191284 -7.05197101
133 -507.58996582 -7.04986064
134 -507.40386963 -7.04727597
135 -507.11416626 -7.04325231
136 -507.24224854 -7.04503123
137 -507.02807617 -7.04205661
138 -507.01531982 -7.04187944
139 -507.21643066 -7.04467265
140 -506.76040649 -7.03833898
141 -506.76248169 -7.03836780
142 -506.75643921 -7.03828388
143 -506.57006836 -7.03569539
144 -506.61770630 -7.03635703
145 -506.55944824 -7.03554789
146 -506.07925415 -7.02887853
147 -506.14562988 -7.02980042
148 -505.94250488 -7.02697923
149 -506.11535645 -7.02937995
150 -505.91268921 -7.02656513
151 -505.86740112 -7.02593613
152 -505.70806885 -7.02372318
153 -505.67285156 -7.02323405
154 -505.77749634 -7.02468745
155 -505.79165649 -7.02488412
156 -505.81137085 -7.02515793
157 -505.27178955 -7.01766374
158 -504.94320679 -7.01310009
159 -504.89401245 -7.01241684
160 -505.15075684 -7.01598273
161 -505.04870605 -7.01456536
162 -505.03237915 -7.01433860
163 -505.09259033 -7.01517487
164 -505.30236816 -7.01808845
165 -505.13070679 -7.01570426
166 -504.75942993 -7.01054764
167 -504.73129272 -7.01015684
168 -504.55282593 -7.00767814
169 -504.72241211 -7.01003350
170 -504.79220581 -7.01100286
171 -504.89514160 -7.01243252
172 -504.91906738 -7.01276482
173 -504.67810059 -7.00941806
174 -504.20169067 -7.00280126
175 -503.77932739 -6.99693510
176 -503.20056152 -6.98889669
177 -503.32965088 -6.99068960
178 -503.34109497 -6.99084854
179 -503.14544678 -6.98813121
180 -503.43014526 -6.99208535
181 -502.71728516 -6.98218452
182 -503.11801147 -6.98775016
183 -502.88491821 -6.98451275
184 -502.72958374 -6.98235533
185 -502.44921875 -6.97846137
186 -502.62390137 -6.98088752
187 -502.12872314 -6.97401004
188 -501.86276245 -6.97031615
189 -501.12390137 -6.96005419
190 -500.86618042 -6.95647473
191 -501.20663452 -6.96120326
192 -501.17095947 -6.96070777
193 -501.23193359 -6.96155463
194 -500.95889282 -6.95776240
195 -500.66531372 -6.95368491
196 -501.35494995 -6.96326319
197 -501.13980103 -6.96027501
198 -500.86788940 -6.95649846
199 -500.75857544 -6.95498021
200 -501.31756592 -6.96274397
201 -501.25112915 -6.96182124
202 -501.26123047 -6.96196153
203 -501.06329346 -6.95921241
204 -501.04095459 -6.95890215
205 -500.43572998 -6.95049625
206 -500.54870605 -6.95206536
207 -500.30331421 -6.94865714
208 -499.77935791 -6.94137997
209 -499.39889526 -6.93609577
210 -499.16177368 -6.93280241
211 -499.49993896 -6.93749915
212 -499.22482300 -6.93367810
213 -499.53289795 -6.93795692
214 -499.58920288 -6.93873893
215 -500.18173218 -6.94696850
216 -499.17108154 -6.93293169
217 -498.51776123 -6.92385779
218 -498.46737671 -6.92315801
219 -498.51519775 -6.92382219
220 -498.78912354 -6.92762672
221 -498.55889893 -6.92442915
222 -498.46856689 -6.92317454
223 -498.00692749 -6.91676288
224 -497.59960938 -6.91110569
225 -497.79162598 -6.91377258
226 -497.68652344 -6.91231283
227 -497.03903198 -6.90331989
228 -496.79299927 -6.89990277
229 -496.22222900 -6.89197540
230 -495.98745728 -6.88871468
231 -496.07015991 -6.88986333
232 -496.09939575 -6.89026939
233 -495.53771973 -6.88246833
234 -495.30789185 -6.87927628
235 -495.70843506 -6.88483938
236 -495.15823364 -6.87719769
237 -494.50979614 -6.86819161
238 -493.30120850 -6.85140567
239 -493.58843994 -6.85539500
240 -493.89297485 -6.85962465
241 -493.39840698 -6.85275565
242 -493.65277100 -6.85628849
243 -493.94552612 -6.86035453
244 -493.70755005 -6.85704931
245 -493.77603149 -6.85800044
246 -493.55151367 -6.85488213
247 -493.37127686 -6.85237885
248 -493.72351074 -6.85727098
249 -493.36322021 -6.85226695
250 -492.84024048 -6.84500334
251 -491.94003296 -6.83250046
252 -491.21975708 -6.82249663
253 -491.61831665 -6.82803218
254 -490.51016235 -6.81264114
255 -489.62100220 -6.80029170
256 -489.23834229 -6.79497698
257 -488.59060669 -6.78598065
258 -487.95892334 -6.77720727
259 -489.37173462 -6.79682965
260 -489.46270752 -6.79809316
261 -489.11975098 -6.79332987
262 -490.07333374 -6.80657408
263 -490.21011353 -6.80847380
264 -490.66113281 -6.81473796
265 -490.84783936 -6.81733110
266 -490.02075195 -6.80584378
267 -488.24166870 -6.78113429
268 -487.29852295 -6.76803504
269 -487.89636230 -6.77633837
270 -488.17288208 -6.78017892
271 -487.11962891 -6.76555040
272 -486.40447998 -6.75561778
273 -485.91592407 -6.74883228
274 -485.63833618 -6.74497689
275 -485.17303467 -6.73851437
276 -485.39151001 -6.74154875
277 -486.05578613 -6.75077481
278 -485.03106689 -6.73654260
279 -484.90371704 -6.73477385
280 -485.04922485 -6.73679479
281 -485.62976074 -6.74485779
282 -485.97604370 -6.74966727
283 -486.78982544 -6.76096980
284 -486.14593506 -6.75202688
285 -486.44613647 -6.75619634
286 -486.42239380 -6.75586658
287 -486.03314209 -6.75046031
288 -485.53344727 -6.74352010
289 -485.46762085 -6.74260585
290 -485.17446899 -6.73853429
291 -485.89205933 -6.74850082
292 -485.99707031 -6.74995931
293 -486.53451538 -6.75742382
294 -485.83898926 -6.74776374
295 -484.87820435 -6.73441950
296 -486.24624634 -6.75342009
297 -485.35894775 -6.74109650
298 -484.37030029 -6.72736528
299 -483.64779663 -6.71733051
300 -482.44586182 -6.70063697
301 -482.41131592 -6.70015717
302 -482.70687866 -6.70426220
303 -481.66845703 -6.68983968
304 -479.88339233 -6.66504712
305 -480.42471313 -6.67256546
306 -480.17398071 -6.66908307
307 -480.83969116 -6.67832904
308 -481.01083374 -6.68070602
309 -480.84298706 -6.67837482
310 -481.83142090 -6.69210307
311 -481.05581665 -6.68133079
312 -481.00860596 -6.68067508
313 -480.16345215 -6.66893684
314 -480.49649048 -6.67356237
315 -481.71508789 -6.69048733
316 -481.26528931 -6.68424013
317 -481.12939453 -6.68235270
318 -482.03350830 -6.69490984
319 -482.66534424 -6.70368534
320 -482.11224365 -6.69600338
321 -481.89273071 -6.69295459
322 -481.31182861 -6.68488651
323 -480.76629639 -6.67730967
324 -481.57351685 -6.68852107
325 -482.69274902 -6.70406596
326 -483.64965820 -6.71735636
327 -483.21426392 -6.71130922
328 -482.92630005 -6.70730972
329 -482.25836182 -6.69803280
330 -482.22949219 -6.69763184
331 -481.16992188 -6.68291558
332 -480.73638916 -6.67689429
333 -480.11853027 -6.66831292
334 -481.13052368 -6.68236838
335 -480.43878174 -6.67276086
336 -479.84692383 -6.66454061
337 -480.14666748 -6.66870372
338 -480.14019775 -6.66861386
339 -479.58535767 -6.66090775
340 -478.66043091 -6.64806154
341 -477.69418335 -6.63464144
342 -475.73065186 -6.60737016
343 -476.42449951 -6.61700694
344 -475.67089844 -6.60654026
345 -475.56936646 -6.60513009
346 -475.38391113 -6.60255432
347 -473.17700195 -6.57190280
348 -474.84729004 -6.59510125
349 -474.82189941 -6.59474860
350 -475.27920532 -6.60110007
351 -474.75445557 -6.59381188
352 -473.86441040 -6.58145014
353 -472.68099976 -6.56501389
354 -471.48178101 -6.54835807
355 -470.20922852 -6.53068373
356 -468.25863647 -6.50359217
357 -467.83041382 -6.49764464
358 -467.78265381 -6.49698130
359 -468.08227539 -6.50114271
360 -467.41867065 -6.49192598
361 -467.05261230 -6.48684184
362 -466.68203735 -6.48169496
363 -466.54776001 -6.47983000
364 -466.54675293 -6.47981601
365 -465.42489624 -6.46423467
366 -465.27481079 -6.46215015
367 -467.01431274 -6.48630990
368 -465.99249268 -6.47211795
369 -463.92846680 -6.44345093
370 -464.60397339 -6.45283296
371 -465.14712524 -6.46037674
