0 -593.68157959 -6.90327418
1 -593.36950684 -6.89964543
2 -593.07470703 -6.89621752
3 -592.41851807 -6.88858742
4 -591.78149414 -6.88118016
5 -591.02258301 -6.87235562
6 -590.67657471 -6.86833226
7 -590.28259277 -6.86375108
8 -589.88433838 -6.85912021
9 -589.57159424 -6.85548365
10 -589.35772705 -6.85299683
11 -589.12622070 -6.85030489
12 -588.67144775 -6.84501683
13 -588.40405273 -6.84190759
14 -587.97857666 -6.83696019
15 -587.58728027 -6.83241024
16 -587.11608887 -6.82693127
17 -586.76934814 -6.82289940
18 -586.53887939 -6.82021953
19 -586.19671631 -6.81624089
20 -585.79858398 -6.81161144
21 -585.35937500 -6.80650436
22 -585.04272461 -6.80282238
23 -584.68811035 -6.79869896
24 -584.33843994 -6.79463302
25 -583.94561768 -6.79006532
26 -583.68542480 -6.78703982
27 -583.15966797 -6.78092637
28 -582.67687988 -6.77531256
29 -582.26342773 -6.77050497
30 -582.26623535 -6.77053762
31 -581.71197510 -6.76409273
32 -581.47454834 -6.76133196
33 -580.72473145 -6.75261316
34 -580.31140137 -6.74780699
35 -579.40496826 -6.73726707
36 -579.27917480 -6.73580436
37 -578.42565918 -6.72587976
38 -577.03491211 -6.70970828
39 -576.39916992 -6.70231593
40 -575.52319336 -6.69213016
41 -574.51226807 -6.68037521
42 -573.59417725 -6.66969974
43 -573.56250000 -6.66933140
44 -572.74389648 -6.65981275
45 -572.00793457 -6.65125505
46 -571.08386230 -6.64051003
47 -570.17797852 -6.62997649
48 -568.58477783 -6.61145091
49 -567.76391602 -6.60190600
50 -566.68176270 -6.58932282
51 -565.33374023 -6.57364814
52 -564.61627197 -6.56530549
53 -564.46197510 -6.56351134
54 -562.71807861 -6.54323347
55 -561.65887451 -6.53091715
56 -560.48321533 -6.51724669
57 -558.78973389 -6.49755505
58 -558.49450684 -6.49412217
59 -558.26672363 -6.49147353
60 -557.97802734 -6.48811660
61 -557.54650879 -6.48309894
62 -556.91473389 -6.47575272
63 -556.19989014 -6.46744058
64 -556.04687500 -6.46566134
65 -555.32427979 -6.45725907
66 -554.33233643 -6.44572484
67 -553.70275879 -6.43840417
68 -553.24584961 -6.43309127
69 -552.15002441 -6.42034912
70 -550.74401855 -6.40400022
71 -549.84649658 -6.39356391
72 -548.95245361 -6.38316807
73 -547.89630127 -6.37088722
74 -546.96160889 -6.36001871
75 -546.15344238 -6.35062142
76 -545.35815430 -6.34137389
77 -544.12402344 -6.32702353
78 -543.18768311 -6.31613585
79 -542.31982422 -6.30604447
80 -540.87194824 -6.28920870
81 -539.90087891 -6.27791720
82 -538.43762207 -6.26090258
83 -536.86267090 -6.24258920
84 -535.51733398 -6.22694574
85 -533.34472656 -6.20168287
86 -532.64379883 -6.19353254
87 -531.65740967 -6.18206290
88 -530.14959717 -6.16453020
89 -528.83624268 -6.14925864
90 -528.24407959 -6.14237302
91 -525.86529541 -6.11471274
92 -524.21038818 -6.09546963
93 -522.82519531 -6.07936274
94 -522.07116699 -6.07059497
95 -521.12396240 -6.05958096
96 -519.97106934 -6.04617522
97 -519.29986572 -6.03837053
98 -516.85076904 -6.00989266
99 -514.70281982 -5.98491651
100 -513.84088135 -5.97489397
101 -512.49633789 -5.95925974
102 -510.23449707 -5.93295927
103 -506.74819946 -5.89242092
104 -504.48941040 -5.86615593
105 -502.88186646 -5.84746356
106 -501.49569702 -5.83134531
107 -500.25790405 -5.81695237
108 -498.74349976 -5.79934302
109 -497.99353027 -5.79062245
110 -495.56973267 -5.76243875
111 -493.37030029 -5.73686396
112 -492.37408447 -5.72528005
113 -492.27590942 -5.72413848
114 -492.20233154 -5.72328292
115 -491.64819336 -5.71683946
116 -490.21591187 -5.70018502
117 -488.99813843 -5.68602487
118 -487.04824829 -5.66335172
119 -484.98110962 -5.63931523
120 -483.43301392 -5.62131412
121 -482.07391357 -5.60551062
122 -480.45892334 -5.58673167
123 -478.88940430 -5.56848145
124 -477.28582764 -5.54983521
125 -475.98031616 -5.53465484
126 -474.09854126 -5.51277374
127 -472.82034302 -5.49791097
128 -471.94506836 -5.48773335
129 -469.90429688 -5.46400345
130 -468.86267090 -5.45189152
131 -467.65249634 -5.43781972
132 -465.85473633 -5.41691554
133 -464.00216675 -5.39537403
134 -461.60681152 -5.36752106
135 -460.29785156 -5.35230060
136 -458.35733032 -5.32973640
137 -456.44790649 -5.30753380
138 -455.22424316 -5.29330515
139 -454.29745483 -5.28252854
140 -453.58935547 -5.27429483
141 -452.17971802 -5.25790370
142 -451.44476318 -5.24935771
143 -451.10864258 -5.24544933
144 -450.30114746 -5.23605985
145 -449.11425781 -5.22225881
146 -448.19183350 -5.21153295
147 -446.79318237 -5.19526956
148 -444.61553955 -5.16994813
149 -442.87561035 -5.14971640
150 -442.20153809 -5.14187835
151 -440.43194580 -5.12130170
152 -438.75811768 -5.10183858
153 -437.85644531 -5.09135402
154 -438.01382446 -5.09318401
155 -438.46078491 -5.09838122
156 -437.27111816 -5.08454789
157 -435.91336060 -5.06876001
158 -435.17095947 -5.06012744
159 -434.75988770 -5.05534753
160 -434.18728638 -5.04868938
161 -433.27990723 -5.03813846
162 -432.09201050 -5.02432570
163 -430.37402344 -5.00434911
164 -428.66943359 -4.98452830
165 -427.34890747 -4.96917334
166 -425.40316772 -4.94654846
167 -424.10342407 -4.93143516
168 -421.70211792 -4.90351300
169 -421.31271362 -4.89898504
170 -420.31469727 -4.88738020
171 -419.10818481 -4.87335099
172 -418.72747803 -4.86892416
173 -417.88336182 -4.85910886
174 -417.55300903 -4.85526755
175 -416.08868408 -4.83824051
176 -415.82055664 -4.83512275
177 -413.93215942 -4.81316464
178 -412.87884521 -4.80091680
179 -411.74270630 -4.78770589
180 -410.45626831 -4.77274731
181 -407.92422485 -4.74330494
182 -405.67584229 -4.71716096
183 -405.57293701 -4.71596438
184 -406.36486816 -4.72517289
185 -406.42135620 -4.72582972
186 -404.85617065 -4.70762989
187 -404.30288696 -4.70119636
188 -404.13018799 -4.69918823
189 -404.95565796 -4.70878672
190 -404.91513062 -4.70831547
191 -403.56109619 -4.69257089
192 -403.48458862 -4.69168126
193 -402.27005005 -4.67755872
194 -402.89370728 -4.68481055
195 -402.71948242 -4.68278468
196 -402.67712402 -4.68229214
197 -403.08697510 -4.68705785
198 -402.89520264 -4.68482794
199 -401.59463501 -4.66970506
200 -403.78158569 -4.69513472
201 -404.16317749 -4.69957183
202 -404.60922241 -4.70475840
203 -403.35226440 -4.69014261
204 -401.98645020 -4.67426105
205 -401.53247070 -4.66898222
206 -398.89407349 -4.63830318
207 -397.17248535 -4.61828471
208 -394.80355835 -4.59073905
209 -391.72747803 -4.55497067
210 -389.74716187 -4.53194374
211 -386.53427124 -4.49458455
212 -385.19604492 -4.47902378
213 -383.45901489 -4.45882575
214 -382.95495605 -4.45296461
215 -380.64245605 -4.42607507
216 -377.63418579 -4.39109518
217 -379.03805542 -4.40741925
218 -382.01965332 -4.44208899
219 -382.47702026 -4.44740721
220 -382.91513062 -4.45250152
221 -384.65396118 -4.47272048
222 -383.86367798 -4.46353114
223 -383.51934814 -4.45952730
224 -381.64007568 -4.43767530
225 -380.40731812 -4.42334091
226 -380.50259399 -4.42444877
227 -380.06021118 -4.41930478
228 -379.13900757 -4.40859311
229 -379.00079346 -4.40698597
230 -379.75793457 -4.41578994
231 -377.64022827 -4.39116545
232 -376.15322876 -4.37387475
233 -376.45867920 -4.37742650
234 -376.48519897 -4.37773487
235 -376.03576660 -4.37250891
236 -376.15536499 -4.37389959
237 -376.87014771 -4.38221102
238 -378.02429199 -4.39563130
239 -378.00332642 -4.39538752
240 -377.56127930 -4.39024743
241 -378.06958008 -4.39615791
242 -377.99017334 -4.39523457
243 -377.92855835 -4.39451812
244 -378.77020264 -4.40430468
245 -380.63446045 -4.42598210
246 -380.39843750 -4.42323765
247 -380.56475830 -4.42517161
248 -380.42645264 -4.42356340
249 -381.52899170 -4.43638362
250 -382.19482422 -4.44412586
251 -382.84454346 -4.45168074
252 -383.91558838 -4.46413475
253 -384.70559692 -4.47332089
254 -384.30737305 -4.46869038
255 -384.27789307 -4.46834759
256 -384.24865723 -4.46800764
257 -384.05847168 -4.46579618
258 -384.15795898 -4.46695301
259 -383.83319092 -4.46317664
260 -382.30426025 -4.44539838
261 -382.09661865 -4.44298394
262 -381.36901855 -4.43452347
263 -381.17898560 -4.43231379
264 -382.78289795 -4.45096393
265 -382.90417480 -4.45237413
266 -382.67358398 -4.44969284
267 -383.58245850 -4.46026115
268 -383.72503662 -4.46191903
269 -384.08599854 -4.46611626
270 -382.92871094 -4.45265943
271 -382.55197144 -4.44827874
272 -381.82955933 -4.43987860
273 -382.28527832 -4.44517765
274 -382.30389404 -4.44539412
275 -382.27697754 -4.44508113
276 -382.03302002 -4.44224442
277 -381.98663330 -4.44170504
278 -382.13830566 -4.44346867
279 -382.31890869 -4.44556871
280 -382.65411377 -4.44946644
281 -382.67895508 -4.44975529
282 -382.65246582 -4.44944728
283 -382.71572876 -4.45018289
284 -382.70599365 -4.45006969
285 -382.78808594 -4.45102426
286 -382.70660400 -4.45007679
287 -382.81088257 -4.45128933
288 -382.70550537 -4.45006402
289 -382.53375244 -4.44806689
290 -382.17742920 -4.44392360
291 -382.29943848 -4.44534231
292 -382.22851562 -4.44451762
293 -382.55175781 -4.44827625
294 -382.78601074 -4.45100012
295 -382.99826050 -4.45346815
296 -382.71295166 -4.45015060
297 -382.82708740 -4.45147776
298 -383.60919189 -4.46057200
299 -383.42340088 -4.45841164
300 -383.24847412 -4.45637761
301 -383.71929932 -4.46185232
302 -383.95263672 -4.46456554
303 -383.79107666 -4.46268694
304 -383.97637939 -4.46484162
305 -384.50103760 -4.47094230
306 -384.36334229 -4.46934119
307 -384.61535645 -4.47227159
308 -383.36840820 -4.45777219
309 -383.21667480 -4.45600785
310 -385.05737305 -4.47741131
311 -385.87402344 -4.48690725
312 -386.98522949 -4.49982825
313 -385.95318604 -4.48782774
314 -385.75622559 -4.48553751
315 -384.00701904 -4.46519790
316 -381.83679199 -4.43996270
317 -381.17877197 -4.43231130
318 -382.59991455 -4.44883622
319 -383.78460693 -4.46261171
320 -385.28228760 -4.48002660
321 -385.26550293 -4.47983143
322 -386.14794922 -4.49009243
323 -385.68283081 -4.48468408
324 -383.69848633 -4.46161031
325 -384.26690674 -4.46821985
326 -383.79821777 -4.46276997
327 -383.20428467 -4.45586378
328 -384.86743164 -4.47520269
329 -386.23260498 -4.49107680
330 -384.62731934 -4.47241069
331 -387.33270264 -4.50386864
332 -387.74798584 -4.50869751
333 -387.66497803 -4.50773230
334 -388.11499023 -4.51296500
