0 -440.30859375 -6.29012277
1 -440.32702637 -6.29038609
2 -440.33856201 -6.29055089
3 -440.34640503 -6.29066293
4 -440.35314941 -6.29075928
5 -440.35827637 -6.29083252
6 -440.36328125 -6.29090402
7 -440.36779785 -6.29096854
8 -440.37152100 -6.29102173
9 -440.37448120 -6.29106402
10 -440.37683105 -6.29109759
11 -440.37960815 -6.29113726
12 -440.38189697 -6.29116996
13 -440.38482666 -6.29121181
14 -440.38690186 -6.29124146
15 -440.38858032 -6.29126543
16 -440.39038086 -6.29129116
17 -440.39202881 -6.29131470
18 -440.39379883 -6.29133998
19 -440.39483643 -6.29135481
20 -440.39575195 -6.29136789
21 -440.39682007 -6.29138314
22 -440.39807129 -6.29140102
23 -440.39959717 -6.29142282
