0 -454.23913574 -5.97683073
1 -452.07470703 -5.94835141
2 -448.79159546 -5.90515257
3 -445.11892700 -5.85682799
4 -439.58621216 -5.78402911
5 -435.96121216 -5.73633174
6 -430.76205444 -5.66792177
7 -428.49938965 -5.63814986
8 -425.87304688 -5.60359272
9 -423.17788696 -5.56813009
10 -418.78790283 -5.51036714
11 -415.93585205 -5.47284016
12 -407.41891479 -5.36077519
13 -396.64593506 -5.21902546
14 -391.54095459 -5.15185467
15 -390.41198730 -5.13699983
16 -385.19659424 -5.06837624
17 -380.61483765 -5.00808997
18 -377.19476318 -4.96308899
19 -377.67361450 -4.96938966
20 -372.85818481 -4.90602875
21 -372.87136841 -4.90620222
22 -360.76995850 -4.74697314
