0 -468.00576782 -6.32440227
1 -468.01733398 -6.32455857
2 -468.02468872 -6.32465796
3 -468.03015137 -6.32473178
4 -468.03329468 -6.32477425
5 -468.03759766 -6.32483240
6 -468.04077148 -6.32487529
7 -468.04370117 -6.32491488
8 -468.04641724 -6.32495158
9 -468.04818726 -6.32497550
10 -468.05084229 -6.32501138
11 -468.05297852 -6.32504025
12 -468.05438232 -6.32505922
13 -468.05548096 -6.32507407
14 -468.05688477 -6.32509304
15 -468.05761719 -6.32510293
16 -468.05889893 -6.32512026
17 -468.05950928 -6.32512850
18 -468.06091309 -6.32514747
19 -468.06185913 -6.32516026
20 -468.06326294 -6.32517923
21 -468.06390381 -6.32518789
22 -468.06481934 -6.32520026
23 -468.06512451 -6.32520439
24 -468.06558228 -6.32521057
25 -468.06695557 -6.32522913
26 -468.06726074 -6.32523325
27 -468.06759644 -6.32523779
28 -468.06845093 -6.32524934
29 -468.06939697 -6.32526212
