0 -615.86743164 -7.16124921
1 -615.88507080 -7.16145431
2 -615.89544678 -7.16157496
3 -615.90380859 -7.16167219
4 -615.90972900 -7.16174103
5 -615.91351318 -7.16178504
6 -615.91784668 -7.16183543
7 -615.92144775 -7.16187730
8 -615.92419434 -7.16190924
9 -615.92639160 -7.16193479
10 -615.92944336 -7.16197027
11 -615.93139648 -7.16199298
12 -615.93334961 -7.16201569
13 -615.93554688 -7.16204124
14 -615.93658447 -7.16205331
15 -615.93804932 -7.16207034
16 -615.93896484 -7.16208099
17 -615.94097900 -7.16210441
18 -615.94244385 -7.16212144
19 -615.94348145 -7.16213351
20 -615.94543457 -7.16215622
21 -615.94665527 -7.16217041
22 -615.94750977 -7.16218035
23 -615.94964600 -7.16220519
24 -615.95129395 -7.16222435
25 -615.95166016 -7.16222861
26 -615.95416260 -7.16225770
27 -615.95599365 -7.16227900
28 -615.95739746 -7.16229532
29 -615.95758057 -7.16229745
30 -615.95922852 -7.16231661
31 -615.96093750 -7.16233648
32 -615.96166992 -7.16234500
33 -615.96289062 -7.16235919
34 -615.96368408 -7.16236842
35 -615.96557617 -7.16239042
36 -615.96600342 -7.16239539
37 -615.96759033 -7.16241384
38 -615.96813965 -7.16242023
39 -615.96917725 -7.16243229
40 -615.97027588 -7.16244507
41 -615.97082520 -7.16245146
42 -615.97210693 -7.16246636
43 -615.97308350 -7.16247772
44 -615.97442627 -7.16249333
45 -615.97521973 -7.16250255
46 -615.97601318 -7.16251178
47 -615.97735596 -7.16252739
48 -615.97802734 -7.16253520
49 -615.97991943 -7.16255720
50 -615.98114014 -7.16257140
