0 -728.15936279 -6.61963057
1 -728.18377686 -6.61985252
2 -728.19879150 -6.61998901
3 -728.20764160 -6.62006947
4 -728.21435547 -6.62013050
5 -728.21923828 -6.62017489
6 -728.22460938 -6.62022372
7 -728.22900391 -6.62026367
8 -728.23150635 -6.62028642
9 -728.23559570 -6.62032360
10 -728.23815918 -6.62034690
11 -728.24090576 -6.62037187
12 -728.24334717 -6.62039407
13 -728.24609375 -6.62041903
14 -728.24932861 -6.62044844
15 -728.25097656 -6.62046342
16 -728.25311279 -6.62048284
17 -728.25469971 -6.62049727
18 -728.25787354 -6.62052612
19 -728.25854492 -6.62053223
20 -728.26190186 -6.62056274
21 -728.26214600 -6.62056496
22 -728.26452637 -6.62058660
23 -728.26623535 -6.62060214
24 -728.26586914 -6.62059881
25 -728.26916504 -6.62062877
26 -728.27130127 -6.62064819
27 -728.27215576 -6.62065596
28 -728.27514648 -6.62068315
29 -728.27716064 -6.62070146
30 -728.27746582 -6.62070423
31 -728.27960205 -6.62072366
32 -728.28070068 -6.62073364
33 -728.28393555 -6.62076305
34 -728.28381348 -6.62076194
35 -728.28625488 -6.62078414
36 -728.28759766 -6.62079634
37 -728.28936768 -6.62081243
38 -728.29040527 -6.62082187
39 -728.29071045 -6.62082464
40 -728.29345703 -6.62084961
41 -728.29565430 -6.62086958
42 -728.29766846 -6.62088790
