0 -654.93676758 -6.61552290
1 -655.00964355 -6.61625903
2 -655.05432129 -6.61671032
3 -655.08911133 -6.61706173
4 -655.11376953 -6.61731080
5 -655.13427734 -6.61751795
6 -655.15209961 -6.61769798
7 -655.16723633 -6.61785087
8 -655.17773438 -6.61795691
9 -655.19030762 -6.61808392
10 -655.19580078 -6.61813940
11 -655.20458984 -6.61822818
12 -655.20831299 -6.61826579
13 -655.21545410 -6.61833792
14 -655.21966553 -6.61838046
15 -655.22448730 -6.61842916
16 -655.22772217 -6.61846184
17 -655.23242188 -6.61850931
18 -655.23651123 -6.61855062
19 -655.23999023 -6.61858576
20 -655.24078369 -6.61859377
21 -655.24475098 -6.61863385
22 -655.24707031 -6.61865728
23 -655.24719238 -6.61865851
24 -655.24877930 -6.61867454
25 -655.25170898 -6.61870413
26 -655.25158691 -6.61870290
27 -655.25390625 -6.61872633
28 -655.25500488 -6.61873742
29 -655.25946045 -6.61878243
30 -655.25732422 -6.61876085
31 -655.26141357 -6.61880216
32 -655.26135254 -6.61880154
33 -655.26373291 -6.61882558
34 -655.26574707 -6.61884593
35 -655.26727295 -6.61886134
36 -655.26782227 -6.61886689
37 -655.26916504 -6.61888045
38 -655.27062988 -6.61889525
39 -655.27111816 -6.61890018
40 -655.27185059 -6.61890758
41 -655.27600098 -6.61894950
42 -655.27569580 -6.61894642
43 -655.27685547 -6.61895814
44 -655.27966309 -6.61898650
45 -655.28112793 -6.61900129
46 -655.28002930 -6.61899019
47 -655.28405762 -6.61903089
48 -655.28625488 -6.61905308
49 -655.28613281 -6.61905185
50 -655.28790283 -6.61906973
51 -655.29199219 -6.61911103
52 -655.29101562 -6.61910117
53 -655.29266357 -6.61911781
54 -655.29144287 -6.61910548
55 -655.29296875 -6.61912090
56 -655.29199219 -6.61911103
57 -655.29492188 -6.61914062
58 -655.29418945 -6.61913323
59 -655.29833984 -6.61917515
60 -655.29663086 -6.61915789
61 -655.30053711 -6.61919734
62 -655.29907227 -6.61918255
63 -655.30200195 -6.61921214
64 -655.30010986 -6.61919303
65 -655.30505371 -6.61924297
66 -655.30139160 -6.61920598
67 -655.30749512 -6.61926763
68 -655.30554199 -6.61924790
69 -655.30621338 -6.61925468
70 -655.30664062 -6.61925900
71 -655.31042480 -6.61929722
72 -655.30822754 -6.61927503
73 -655.31323242 -6.61932558
74 -655.31616211 -6.61935517
75 -655.31774902 -6.61937120
76 -655.31982422 -6.61939216
77 -655.31805420 -6.61937428
78 -655.32073975 -6.61940141
79 -655.32177734 -6.61941189
80 -655.32318115 -6.61942607
81 -655.32244873 -6.61941867
82 -655.32348633 -6.61942915
83 -655.32171631 -6.61941128
84 -655.32519531 -6.61944642
85 -655.32653809 -6.61945998
86 -655.32708740 -6.61946553
87 -655.32989502 -6.61949389
88 -655.32666016 -6.61946121
89 -655.33007812 -6.61949574
90 -655.32800293 -6.61947478
91 -655.33032227 -6.61949820
92 -655.33361816 -6.61953150
93 -655.33288574 -6.61952410
94 -655.33300781 -6.61952533
95 -655.33532715 -6.61954876
96 -655.33642578 -6.61955986
97 -655.33801270 -6.61957589
98 -655.33532715 -6.61954876
99 -655.34027100 -6.61959870
100 -655.33770752 -6.61957280
101 -655.34259033 -6.61962212
102 -655.34106445 -6.61960671
103 -655.34143066 -6.61961041
104 -655.34338379 -6.61963014
105 -655.34509277 -6.61964740
106 -655.34582520 -6.61965480
107 -655.34814453 -6.61967823
108 -655.34838867 -6.61968069
109 -655.35021973 -6.61969919
110 -655.35083008 -6.61970535
111 -655.35205078 -6.61971768
112 -655.35357666 -6.61973310
113 -655.35345459 -6.61973186
114 -655.35644531 -6.61976207
115 -655.35443115 -6.61974173
116 -655.35766602 -6.61977440
117 -655.35668945 -6.61976454
118 -655.35809326 -6.61977872
119 -655.35760498 -6.61977379
120 -655.36083984 -6.61980646
121 -655.36297607 -6.61982804
122 -655.36315918 -6.61982989
123 -655.36352539 -6.61983359
124 -655.36608887 -6.61985948
125 -655.36535645 -6.61985209
126 -655.36926270 -6.61989154
127 -655.36761475 -6.61987490
128 -655.37109375 -6.61991004
129 -655.37036133 -6.61990264
130 -655.37121582 -6.61991127
131 -655.36999512 -6.61989894
132 -655.37280273 -6.61992730
133 -655.37084961 -6.61990757
134 -655.37280273 -6.61992730
135 -655.37145996 -6.61991374
136 -655.37402344 -6.61993963
137 -655.37622070 -6.61996183
138 -655.37609863 -6.61996059
139 -655.37573242 -6.61995689
140 -655.37683105 -6.61996799
141 -655.37670898 -6.61996676
142 -655.37774658 -6.61997724
143 -655.37878418 -6.61998772
144 -655.38012695 -6.62000128
145 -655.38024902 -6.62000252
146 -655.38122559 -6.62001238
147 -655.38220215 -6.62002224
148 -655.38623047 -6.62006293
149 -655.38562012 -6.62005677
150 -655.38696289 -6.62007033
151 -655.38732910 -6.62007403
152 -655.38885498 -6.62008944
153 -655.38952637 -6.62009623
154 -655.39166260 -6.62011780
155 -655.38903809 -6.62009129
156 -655.38928223 -6.62009376
157 -655.38854980 -6.62008636
158 -655.38854980 -6.62008636
159 -655.39031982 -6.62010424
160 -655.39093018 -6.62011041
161 -655.39196777 -6.62012089
162 -655.39196777 -6.62012089
163 -655.39001465 -6.62010116
164 -655.39257812 -6.62012705
165 -655.39471436 -6.62014863
166 -655.39294434 -6.62013075
167 -655.39465332 -6.62014801
168 -655.39422607 -6.62014370
169 -655.39556885 -6.62015726
170 -655.39453125 -6.62014678
171 -655.39685059 -6.62017021
172 -655.39544678 -6.62015603
173 -655.39581299 -6.62015973
174 -655.39611816 -6.62016281
175 -655.39843750 -6.62018624
176 -655.39862061 -6.62018809
177 -655.39953613 -6.62019733
178 -655.40014648 -6.62020350
179 -655.40191650 -6.62022138
180 -655.40374756 -6.62023987
181 -655.40441895 -6.62024666
182 -655.40350342 -6.62023741
183 -655.40570068 -6.62025960
184 -655.40417480 -6.62024419
185 -655.40521240 -6.62025467
186 -655.40454102 -6.62024789
187 -655.40393066 -6.62024172
188 -655.40545654 -6.62025714
189 -655.40350342 -6.62023741
190 -655.40661621 -6.62026885
191 -655.40759277 -6.62027871
192 -655.40777588 -6.62028056
193 -655.40576172 -6.62026022
194 -655.40692139 -6.62027193
195 -655.40722656 -6.62027502
196 -655.40740967 -6.62027687
197 -655.40637207 -6.62026638
198 -655.41052246 -6.62030831
199 -655.40887451 -6.62029166
200 -655.40954590 -6.62029844
201 -655.40887451 -6.62029166
202 -655.41259766 -6.62032927
203 -655.41003418 -6.62030338
204 -655.41503906 -6.62035393
205 -655.41485596 -6.62035208
206 -655.41320801 -6.62033543
207 -655.41571045 -6.62036071
208 -655.41455078 -6.62034900
209 -655.41802979 -6.62038414
210 -655.41912842 -6.62039524
211 -655.42022705 -6.62040633
212 -655.42108154 -6.62041497
213 -655.42138672 -6.62041805
214 -655.42248535 -6.62042914
215 -655.42456055 -6.62045011
216 -655.42480469 -6.62045257
217 -655.42687988 -6.62047353
218 -655.42871094 -6.62049203
219 -655.42895508 -6.62049450
220 -655.43041992 -6.62050929
221 -655.43005371 -6.62050559
222 -655.43176270 -6.62052286
223 -655.43060303 -6.62051114
224 -655.43341064 -6.62053950
225 -655.43255615 -6.62053087
226 -655.43432617 -6.62054875
227 -655.43481445 -6.62055368
228 -655.43646240 -6.62057033
229 -655.43792725 -6.62058512
230 -655.43811035 -6.62058697
231 -655.43896484 -6.62059560
232 -655.43908691 -6.62059684
233 -655.44036865 -6.62060978
234 -655.44287109 -6.62063506
235 -655.44378662 -6.62064431
236 -655.44500732 -6.62065664
237 -655.44415283 -6.62064801
238 -655.44708252 -6.62067760
239 -655.44342041 -6.62064061
240 -655.44897461 -6.62069671
241 -655.44641113 -6.62067082
242 -655.44976807 -6.62070473
243 -655.44689941 -6.62067575
244 -655.44915771 -6.62069856
245 -655.44976807 -6.62070473
246 -655.44982910 -6.62070534
247 -655.45172119 -6.62072446
248 -655.45092773 -6.62071644
249 -655.45288086 -6.62073617
250 -655.44995117 -6.62070658
251 -655.45129395 -6.62072014
252 -655.45190430 -6.62072631
253 -655.45080566 -6.62071521
254 -655.45178223 -6.62072507
255 -655.45446777 -6.62075220
256 -655.45544434 -6.62076206
257 -655.45300293 -6.62073740
258 -655.45562744 -6.62076391
259 -655.45495605 -6.62075713
260 -655.45507812 -6.62075836
261 -655.45397949 -6.62074727
262 -655.45568848 -6.62076453
263 -655.45532227 -6.62076083
264 -655.45806885 -6.62078857
265 -655.46075439 -6.62081570
266 -655.45959473 -6.62080399
267 -655.46160889 -6.62082433
268 -655.45922852 -6.62080029
269 -655.46228027 -6.62083111
270 -655.46002197 -6.62080830
271 -655.46252441 -6.62083358
272 -655.46191406 -6.62082741
273 -655.46264648 -6.62083481
274 -655.46447754 -6.62085331
275 -655.46459961 -6.62085454
276 -655.46508789 -6.62085947
277 -655.46453857 -6.62085392
278 -655.46520996 -6.62086071
279 -655.46368408 -6.62084529
280 -655.46618652 -6.62087057
281 -655.46667480 -6.62087550
282 -655.46691895 -6.62087797
283 -655.46386719 -6.62084714
284 -655.46704102 -6.62087920
285 -655.46441650 -6.62085269
286 -655.46618652 -6.62087057
287 -655.46636963 -6.62087242
288 -655.46826172 -6.62089153
289 -655.46966553 -6.62090571
290 -655.46807861 -6.62088968
291 -655.47106934 -6.62091989
292 -655.47100830 -6.62091928
293 -655.47125244 -6.62092174
294 -655.47326660 -6.62094209
295 -655.47479248 -6.62095750
296 -655.47155762 -6.62092482
297 -655.47216797 -6.62093099
298 -655.47509766 -6.62096058
299 -655.47424316 -6.62095195
300 -655.47521973 -6.62096182
301 -655.47668457 -6.62097661
302 -655.47613525 -6.62097106
303 -655.47888184 -6.62099881
304 -655.47955322 -6.62100559
305 -655.47949219 -6.62100497
306 -655.48016357 -6.62101175
307 -655.48101807 -6.62102038
308 -655.48187256 -6.62102902
309 -655.48242188 -6.62103456
310 -655.48376465 -6.62104813
311 -655.48431396 -6.62105368
312 -655.48339844 -6.62104443
313 -655.48376465 -6.62104813
314 -655.48687744 -6.62107957
315 -655.48504639 -6.62106107
316 -655.48706055 -6.62108142
317 -655.48632812 -6.62107402
318 -655.48657227 -6.62107649
319 -655.48651123 -6.62107587
320 -655.49157715 -6.62112704
321 -655.48876953 -6.62109868
322 -655.49090576 -6.62112026
323 -655.48822021 -6.62109313
324 -655.48742676 -6.62108512
325 -655.48583984 -6.62106909
326 -655.48583984 -6.62106909
327 -655.48748779 -6.62108574
328 -655.48889160 -6.62109992
329 -655.48999023 -6.62111101
330 -655.48962402 -6.62110731
331 -655.48986816 -6.62110978
332 -655.48931885 -6.62110423
333 -655.48999023 -6.62111101
334 -655.48681641 -6.62107895
335 -655.48779297 -6.62108882
336 -655.48822021 -6.62109313
337 -655.48962402 -6.62110731
338 -655.48950195 -6.62110608
339 -655.49145508 -6.62112581
340 -655.49084473 -6.62111964
341 -655.49060059 -6.62111718
342 -655.48925781 -6.62110361
343 -655.48840332 -6.62109498
344 -655.48773193 -6.62108820
345 -655.48840332 -6.62109498
346 -655.48706055 -6.62108142
347 -655.48907471 -6.62110176
348 -655.48809814 -6.62109190
349 -655.48791504 -6.62109005
350 -655.48974609 -6.62110855
351 -655.48718262 -6.62108265
352 -655.48779297 -6.62108882
353 -655.48754883 -6.62108635
354 -655.48840332 -6.62109498
355 -655.48962402 -6.62110731
356 -655.49291992 -6.62114061
357 -655.49243164 -6.62113567
358 -655.49304199 -6.62114184
359 -655.49615479 -6.62117328
360 -655.49621582 -6.62117390
361 -655.49475098 -6.62115910
362 -655.49603271 -6.62117205
363 -655.49511719 -6.62116280
364 -655.49932861 -6.62120534
365 -655.49707031 -6.62118253
366 -655.49835205 -6.62119548
367 -655.49926758 -6.62120472
368 -655.50250244 -6.62123740
369 -655.50354004 -6.62124788
370 -655.50354004 -6.62124788
371 -655.50659180 -6.62127871
372 -655.50598145 -6.62127254
373 -655.50683594 -6.62128117
374 -655.50878906 -6.62130090
375 -655.50634766 -6.62127624
376 -655.50769043 -6.62128980
377 -655.50878906 -6.62130090
378 -655.50720215 -6.62128487
379 -655.50878906 -6.62130090
380 -655.50732422 -6.62128610
381 -655.51080322 -6.62132124
382 -655.50872803 -6.62130028
383 -655.51031494 -6.62131631
384 -655.50964355 -6.62130953
385 -655.51074219 -6.62132063
386 -655.50787354 -6.62129165
387 -655.50903320 -6.62130337
388 -655.50903320 -6.62130337
389 -655.51123047 -6.62132556
390 -655.51019287 -6.62131508
391 -655.51135254 -6.62132679
392 -655.51306152 -6.62134406
393 -655.51171875 -6.62133049
394 -655.51330566 -6.62134652
395 -655.51416016 -6.62135515
396 -655.51574707 -6.62137118
397 -655.51293945 -6.62134282
398 -655.51586914 -6.62137242
399 -655.51660156 -6.62137981
400 -655.51696777 -6.62138351
401 -655.51654053 -6.62137920
402 -655.51635742 -6.62137735
403 -655.51861572 -6.62140016
404 -655.51647949 -6.62137858
405 -655.51684570 -6.62138228
406 -655.51733398 -6.62138721
407 -655.51611328 -6.62137488
408 -655.51696777 -6.62138351
409 -655.51794434 -6.62139338
410 -655.51818848 -6.62139584
411 -655.51794434 -6.62139338
412 -655.51593018 -6.62137303
413 -655.51843262 -6.62139831
414 -655.51782227 -6.62139214
415 -655.52014160 -6.62141557
416 -655.52093506 -6.62142359
417 -655.52221680 -6.62143653
418 -655.51934814 -6.62140756
419 -655.52117920 -6.62142605
420 -655.52331543 -6.62144763
421 -655.52203369 -6.62143468
422 -655.51928711 -6.62140694
423 -655.52050781 -6.62141927
424 -655.51940918 -6.62140817
425 -655.51916504 -6.62140571
426 -655.52050781 -6.62141927
427 -655.52191162 -6.62143345
428 -655.52246094 -6.62143900
429 -655.52294922 -6.62144393
430 -655.51892090 -6.62140324
431 -655.52331543 -6.62144763
432 -655.52221680 -6.62143653
433 -655.52398682 -6.62145441
434 -655.52178955 -6.62143222
435 -655.52282715 -6.62144270
436 -655.52429199 -6.62145749
437 -655.52520752 -6.62146674
438 -655.52490234 -6.62146366
439 -655.52667236 -6.62148154
440 -655.52416992 -6.62145626
441 -655.52453613 -6.62145996
442 -655.52618408 -6.62147661
443 -655.52575684 -6.62147229
444 -655.52624512 -6.62147722
445 -655.52459717 -6.62146058
446 -655.52380371 -6.62145256
447 -655.52673340 -6.62148216
448 -655.52758789 -6.62149079
449 -655.52838135 -6.62149880
450 -655.52905273 -6.62150558
451 -655.52832031 -6.62149818
452 -655.52978516 -6.62151298
453 -655.53112793 -6.62152654
454 -655.53186035 -6.62153394
455 -655.53057861 -6.62152100
456 -655.53186035 -6.62153394
457 -655.53314209 -6.62154689
458 -655.53552246 -6.62157093
459 -655.53295898 -6.62154504
460 -655.53234863 -6.62153888
461 -655.53369141 -6.62155244
462 -655.53411865 -6.62155675
463 -655.53582764 -6.62157402
464 -655.53436279 -6.62155922
465 -655.53552246 -6.62157093
466 -655.53479004 -6.62156354
467 -655.53686523 -6.62158450
468 -655.53454590 -6.62156107
469 -655.53674316 -6.62158326
470 -655.53564453 -6.62157217
471 -655.53552246 -6.62157093
472 -655.53662109 -6.62158203
