0 -430.79412842 -7.17990214
1 -429.99987793 -7.16666463
2 -428.48394775 -7.14139913
3 -427.55798340 -7.12596639
4 -427.08154297 -7.11802572
5 -426.52642822 -7.10877380
6 -426.68884277 -7.11148071
7 -426.59997559 -7.10999959
8 -426.45837402 -7.10763957
9 -426.13476562 -7.10224609
10 -424.91363525 -7.08189392
11 -425.29388428 -7.08823140
12 -424.73779297 -7.07896322
13 -424.87097168 -7.08118286
14 -424.54132080 -7.07568868
15 -424.47320557 -7.07455343
16 -423.77972412 -7.06299540
17 -423.82019043 -7.06366984
18 -423.77398682 -7.06289978
19 -423.95202637 -7.06586711
20 -422.58721924 -7.04312032
21 -422.69537354 -7.04492289
22 -421.28668213 -7.02144470
23 -420.95068359 -7.01584473
24 -421.60485840 -7.02674764
25 -421.88494873 -7.03141581
26 -420.50714111 -7.00845235
27 -419.30596924 -6.98843282
28 -419.39703369 -6.98995056
29 -418.44427490 -6.97407125
30 -419.42028809 -6.99033813
31 -419.96722412 -6.99945374
32 -419.61334229 -6.99355570
33 -419.82641602 -6.99710693
34 -419.15075684 -6.98584595
35 -419.90563965 -6.99842733
36 -418.48962402 -6.97482707
37 -419.14660645 -6.98577677
38 -418.04296875 -6.96738281
39 -417.41052246 -6.95684204
40 -417.43334961 -6.95722249
41 -417.50512695 -6.95841878
42 -416.53192139 -6.94219869
43 -416.28289795 -6.93804830
44 -415.84582520 -6.93076375
45 -415.13262939 -6.91887716
46 -414.55993652 -6.90933228
47 -414.48999023 -6.90816650
48 -415.03326416 -6.91722107
49 -415.18371582 -6.91972860
50 -416.05023193 -6.93417053
51 -415.11950684 -6.91865845
52 -415.29119873 -6.92151998
53 -414.58551025 -6.90975850
54 -413.54699707 -6.89244995
55 -413.17932129 -6.88632202
56 -414.70312500 -6.91171875
57 -414.66693115 -6.91111552
58 -413.41998291 -6.89033305
59 -412.44653320 -6.87410889
60 -411.77416992 -6.86290283
61 -411.87915039 -6.86465251
62 -411.44909668 -6.85748494
63 -410.54248047 -6.84237467
64 -409.48522949 -6.82475382
65 -409.78814697 -6.82980245
66 -408.42913818 -6.80715230
67 -408.11706543 -6.80195109
68 -405.16522217 -6.75275370
69 -405.16839600 -6.75280660
70 -406.34332275 -6.77238871
71 -407.02667236 -6.78377787
72 -406.13488770 -6.76891479
73 -405.46929932 -6.75782166
74 -405.69451904 -6.76157532
75 -405.40966797 -6.75682780
76 -404.52276611 -6.74204610
77 -405.35437012 -6.75590617
78 -405.09362793 -6.75156047
79 -404.99603271 -6.74993388
80 -404.57775879 -6.74296265
81 -404.86853027 -6.74780884
82 -403.92639160 -6.73210653
83 -403.99487305 -6.73324788
84 -403.78790283 -6.72979838
85 -404.12451172 -6.73540853
86 -403.65301514 -6.72755025
87 -403.39025879 -6.72317098
88 -403.83337402 -6.73055623
89 -401.87683105 -6.69794718
90 -402.85290527 -6.71421509
91 -402.28289795 -6.70471497
92 -400.80786133 -6.68013102
93 -399.97174072 -6.66619568
94 -398.97509766 -6.64958496
95 -399.70385742 -6.66173096
96 -400.38568115 -6.67309469
97 -400.66333008 -6.67772217
98 -400.90832520 -6.68180542
99 -399.15673828 -6.65261230
100 -399.83068848 -6.66384481
101 -399.36175537 -6.65602926
102 -398.87048340 -6.64784139
103 -398.63415527 -6.64390259
104 -397.35870361 -6.62264506
105 -398.13690186 -6.63561503
106 -398.89630127 -6.64827169
107 -396.65240479 -6.61087341
108 -397.28448486 -6.62140808
109 -396.15698242 -6.60261637
110 -395.93713379 -6.59895223
111 -396.87866211 -6.61464437
112 -397.02136230 -6.61702271
113 -397.04687500 -6.61744792
114 -396.90600586 -6.61510010
115 -396.49963379 -6.60832723
116 -395.07354736 -6.58455912
117 -394.47637939 -6.57460632
118 -393.92761230 -6.56546021
119 -392.80377197 -6.54672953
120 -390.68139648 -6.51135661
121 -391.09521484 -6.51825358
122 -389.88153076 -6.49802551
123 -389.02441406 -6.48374023
124 -388.25347900 -6.47089132
125 -387.98327637 -6.46638794
126 -389.67687988 -6.49461466
127 -392.00842285 -6.53347371
128 -391.00201416 -6.51670024
129 -391.64758301 -6.52745972
130 -390.88720703 -6.51478678
131 -393.25573730 -6.55426229
132 -392.94262695 -6.54904378
133 -391.80993652 -6.53016561
134 -392.30938721 -6.53848979
135 -392.82305908 -6.54705098
136 -392.09082031 -6.53484701
137 -389.00457764 -6.48340963
138 -388.84710693 -6.48078512
139 -389.47363281 -6.49122721
140 -391.55578613 -6.52592977
141 -392.15795898 -6.53596598
142 -394.76641846 -6.57944031
143 -394.92810059 -6.58213501
144 -393.52282715 -6.55871379
145 -394.08886719 -6.56814779
146 -393.38293457 -6.55638224
147 -393.08081055 -6.55134684
148 -390.93621826 -6.51560364
149 -390.64245605 -6.51070760
150 -389.90960693 -6.49849345
151 -389.78527832 -6.49642131
152 -388.29931641 -6.47165527
153 -387.83813477 -6.46396891
154 -386.98809814 -6.44980164
155 -386.17687988 -6.43628133
156 -385.44213867 -6.42403564
157 -386.16607666 -6.43610128
158 -386.53540039 -6.44225667
159 -386.65307617 -6.44421794
160 -385.70587158 -6.42843119
161 -387.07873535 -6.45131226
162 -385.36779785 -6.42279663
163 -383.81335449 -6.39688924
164 -384.31134033 -6.40518901
165 -383.52667236 -6.39211121
166 -382.84759521 -6.38079325
167 -384.84625244 -6.41410421
168 -383.49749756 -6.39162496
169 -384.10565186 -6.40176086
170 -384.94549561 -6.41575826
171 -383.66497803 -6.39441630
172 -383.82122803 -6.39702047
173 -384.42370605 -6.40706177
174 -382.76379395 -6.37939657
175 -383.18371582 -6.38639526
176 -383.93554688 -6.39892578
177 -384.61199951 -6.41019999
178 -383.21044922 -6.38684082
179 -381.46154785 -6.35769246
180 -379.11547852 -6.31859131
181 -379.28314209 -6.32138570
182 -378.35131836 -6.30585531
183 -377.60351562 -6.29339193
184 -375.82385254 -6.26373088
185 -374.26910400 -6.23781840
186 -374.20880127 -6.23681335
187 -375.31933594 -6.25532227
188 -375.91308594 -6.26521810
189 -376.13238525 -6.26887309
190 -378.62432861 -6.31040548
191 -378.71508789 -6.31191813
192 -377.57849121 -6.29297485
193 -377.00280762 -6.28338013
194 -376.75872803 -6.27931213
195 -375.50579834 -6.25842997
196 -375.68939209 -6.26148987
197 -376.85290527 -6.28088175
198 -375.80499268 -6.26341654
199 -375.24230957 -6.25403849
200 -376.24877930 -6.27081299
201 -373.93823242 -6.23230387
202 -373.82958984 -6.23049316
203 -372.64831543 -6.21080526
204 -372.99810791 -6.21663513
205 -373.65136719 -6.22752279
206 -370.66009521 -6.17766825
207 -368.91265869 -6.14854431
208 -368.38641357 -6.13977356
209 -369.24322510 -6.15405375
210 -372.95977783 -6.21599630
211 -373.05584717 -6.21759745
212 -371.13391113 -6.18556519
213 -369.54650879 -6.15910848
214 -369.28741455 -6.15479024
215 -370.54260254 -6.17571004
216 -371.48822021 -6.19147034
217 -372.23522949 -6.20392049
218 -372.18920898 -6.20315348
219 -372.89331055 -6.21488851
220 -375.01605225 -6.25026754
221 -374.35290527 -6.23921509
222 -373.84692383 -6.23078206
223 -373.34490967 -6.22241516
224 -371.69677734 -6.19494629
225 -370.25177002 -6.17086283
226 -368.95446777 -6.14924113
227 -371.94366455 -6.19906108
228 -373.11920166 -6.21865336
229 -373.41326904 -6.22355448
230 -370.94598389 -6.18243306
231 -370.64782715 -6.17746379
232 -371.20343018 -6.18672384
233 -370.76422119 -6.17940369
234 -370.63635254 -6.17727254
235 -370.13653564 -6.16894226
236 -369.65411377 -6.16090190
237 -370.82153320 -6.18035889
238 -371.35205078 -6.18920085
239 -371.20751953 -6.18679199
240 -369.85156250 -6.16419271
241 -370.82012939 -6.18033549
242 -370.37646484 -6.17294108
243 -368.89056396 -6.14817607
244 -370.00653076 -6.16677551
245 -371.77032471 -6.19617208
246 -371.86956787 -6.19782613
247 -371.93249512 -6.19887492
248 -371.57287598 -6.19288127
249 -369.78930664 -6.16315511
250 -369.06475830 -6.15107931
251 -369.12750244 -6.15212504
252 -368.76501465 -6.14608358
253 -368.31219482 -6.13853658
254 -368.03790283 -6.13396505
255 -368.46044922 -6.14100749
256 -368.90588379 -6.14843140
257 -369.90051270 -6.16500854
258 -370.95605469 -6.18260091
259 -371.50335693 -6.19172262
260 -371.40356445 -6.19005941
261 -371.75976562 -6.19599609
262 -370.37658691 -6.17294312
263 -370.61596680 -6.17693278
264 -371.33874512 -6.18897909
265 -370.93756104 -6.18229268
266 -370.11584473 -6.16859741
267 -370.52728271 -6.17545471
268 -369.76776123 -6.16279602
269 -371.04400635 -6.18406677
270 -369.00152588 -6.15002543
271 -368.26428223 -6.13773804
272 -368.64221191 -6.14403687
273 -369.57897949 -6.15964966
274 -369.78955078 -6.16315918
275 -370.42651367 -6.17377523
276 -370.32092285 -6.17201538
277 -372.47473145 -6.20791219
278 -373.92749023 -6.23212484
279 -374.28778076 -6.23812968
280 -374.06842041 -6.23447367
281 -372.28961182 -6.20482686
282 -372.04559326 -6.20075989
283 -372.36138916 -6.20602315
284 -371.74804688 -6.19580078
285 -371.69195557 -6.19486593
286 -371.51855469 -6.19197591
287 -370.63171387 -6.17719523
288 -370.73687744 -6.17894796
289 -369.94323730 -6.16572062
290 -370.76739502 -6.17945658
291 -370.84851074 -6.18080851
292 -369.76721191 -6.16278687
293 -369.64465332 -6.16074422
294 -371.05383301 -6.18423055
295 -370.96917725 -6.18281962
296 -371.75659180 -6.19594320
297 -370.37548828 -6.17292480
298 -369.68328857 -6.16138814
299 -369.95428467 -6.16590474
300 -370.54968262 -6.17582804
301 -370.39947510 -6.17332458
302 -370.00488281 -6.16674805
303 -369.30218506 -6.15503642
304 -368.04785156 -6.13413086
305 -367.80072021 -6.13001200
306 -369.87738037 -6.16462301
307 -368.51483154 -6.14191386
308 -368.03204346 -6.13386739
309 -369.76245117 -6.16270752
310 -369.35095215 -6.15584920
311 -369.69140625 -6.16152344
312 -368.41656494 -6.14027608
313 -365.53802490 -6.09230042
314 -365.35986328 -6.08933105
315 -366.91241455 -6.11520691
316 -366.93914795 -6.11565247
317 -368.26678467 -6.13777974
318 -369.60015869 -6.16000264
319 -368.10632324 -6.13510539
320 -368.14587402 -6.13576457
321 -368.40692139 -6.14011536
322 -368.30645752 -6.13844096
323 -368.08172607 -6.13469543
324 -367.95056152 -6.13250936
325 -368.47424316 -6.14123739
326 -368.57495117 -6.14291585
327 -368.60046387 -6.14334106
328 -366.89196777 -6.11486613
329 -368.60559082 -6.14342651
330 -367.44696045 -6.12411601
331 -368.23712158 -6.13728536
332 -368.53192139 -6.14219869
333 -368.44360352 -6.14072673
334 -367.59155273 -6.12652588
335 -366.78155518 -6.11302592
