0 -645.97924805 -6.79978156
1 -645.99707031 -6.79996916
2 -646.00952148 -6.80010023
3 -646.01831055 -6.80019274
4 -646.02587891 -6.80027241
5 -646.03338623 -6.80035143
6 -646.03979492 -6.80041889
7 -646.04553223 -6.80047929
8 -646.05078125 -6.80053454
9 -646.05578613 -6.80058722
10 -646.06005859 -6.80063220
11 -646.06420898 -6.80067588
12 -646.06799316 -6.80071572
13 -646.07189941 -6.80075684
14 -646.07598877 -6.80079988
15 -646.08007812 -6.80084293
16 -646.08392334 -6.80088340
17 -646.08703613 -6.80091617
18 -646.08984375 -6.80094572
19 -646.09301758 -6.80097913
20 -646.09619141 -6.80101254
21 -646.09912109 -6.80104338
22 -646.10211182 -6.80107486
23 -646.10473633 -6.80110249
24 -646.10705566 -6.80112690
25 -646.10998535 -6.80115774
26 -646.11230469 -6.80118215
27 -646.11535645 -6.80121428
28 -646.11737061 -6.80123548
29 -646.11975098 -6.80126054
30 -646.12200928 -6.80128431
31 -646.12438965 -6.80130936
32 -646.12707520 -6.80133763
