0 -515.29278564 -6.60631776
1 -511.19470215 -6.55377823
2 -505.83380127 -6.48504873
3 -503.69079590 -6.45757431
4 -499.79754639 -6.40766085
5 -497.31860352 -6.37587953
6 -497.01696777 -6.37201241
7 -494.61749268 -6.34124991
8 -494.23547363 -6.33635223
9 -489.49597168 -6.27558938
10 -488.54016113 -6.26333540
11 -485.95239258 -6.23015888
12 -481.66381836 -6.17517716
13 -478.89599609 -6.13969226
14 -474.43701172 -6.08252579
15 -467.91711426 -5.99893736
16 -464.14190674 -5.95053727
17 -455.29528809 -5.83711908
