0 -703.74298096 -7.03742981
1 -703.73602295 -7.03736023
2 -703.72546387 -7.03725464
3 -703.71386719 -7.03713867
4 -703.70544434 -7.03705444
5 -703.69787598 -7.03697876
6 -703.70001221 -7.03700012
7 -703.69122314 -7.03691223
8 -703.68017578 -7.03680176
9 -703.67492676 -7.03674927
10 -703.66601562 -7.03666016
11 -703.66546631 -7.03665466
12 -703.66241455 -7.03662415
13 -703.66278076 -7.03662781
14 -703.65429688 -7.03654297
15 -703.65124512 -7.03651245
16 -703.64886475 -7.03648865
17 -703.64447021 -7.03644470
18 -703.63897705 -7.03638977
19 -703.63690186 -7.03636902
20 -703.63604736 -7.03636047
21 -703.62164307 -7.03621643
22 -703.62683105 -7.03626831
23 -703.61718750 -7.03617187
24 -703.61779785 -7.03617798
25 -703.62084961 -7.03620850
26 -703.60845947 -7.03608459
27 -703.59222412 -7.03592224
28 -703.59020996 -7.03590210
29 -703.58996582 -7.03589966
30 -703.57617188 -7.03576172
31 -703.57922363 -7.03579224
32 -703.57049561 -7.03570496
33 -703.55902100 -7.03559021
34 -703.56195068 -7.03561951
35 -703.55627441 -7.03556274
36 -703.54962158 -7.03549622
37 -703.54943848 -7.03549438
38 -703.54608154 -7.03546082
39 -703.55334473 -7.03553345
40 -703.54577637 -7.03545776
41 -703.54486084 -7.03544861
42 -703.53784180 -7.03537842
43 -703.52539062 -7.03525391
44 -703.51654053 -7.03516541
45 -703.51654053 -7.03516541
46 -703.51586914 -7.03515869
47 -703.52526855 -7.03525269
48 -703.50915527 -7.03509155
49 -703.50506592 -7.03505066
50 -703.50500488 -7.03505005
51 -703.50579834 -7.03505798
52 -703.49877930 -7.03498779
53 -703.49420166 -7.03494202
54 -703.49450684 -7.03494507
55 -703.49719238 -7.03497192
56 -703.49353027 -7.03493530
57 -703.48767090 -7.03487671
58 -703.48107910 -7.03481079
59 -703.48803711 -7.03488037
60 -703.48681641 -7.03486816
61 -703.48211670 -7.03482117
62 -703.48120117 -7.03481201
63 -703.47772217 -7.03477722
64 -703.47314453 -7.03473145
65 -703.47222900 -7.03472229
66 -703.47387695 -7.03473877
67 -703.46826172 -7.03468262
68 -703.47326660 -7.03473267
69 -703.46618652 -7.03466187
70 -703.46331787 -7.03463318
71 -703.46606445 -7.03466064
72 -703.45599365 -7.03455994
73 -703.45568848 -7.03455688
74 -703.44525146 -7.03445251
75 -703.44921875 -7.03449219
76 -703.44958496 -7.03449585
77 -703.44427490 -7.03444275
78 -703.44006348 -7.03440063
79 -703.43286133 -7.03432861
80 -703.41766357 -7.03417664
81 -703.41442871 -7.03414429
82 -703.41412354 -7.03414124
83 -703.39538574 -7.03395386
84 -703.40063477 -7.03400635
85 -703.39898682 -7.03398987
86 -703.39196777 -7.03391968
87 -703.40112305 -7.03401123
88 -703.39251709 -7.03392517
89 -703.38433838 -7.03384338
90 -703.38635254 -7.03386353
91 -703.37170410 -7.03371704
92 -703.37139893 -7.03371399
93 -703.37097168 -7.03370972
94 -703.36590576 -7.03365906
95 -703.36364746 -7.03363647
96 -703.36492920 -7.03364929
97 -703.35766602 -7.03357666
98 -703.35644531 -7.03356445
99 -703.35247803 -7.03352478
100 -703.34527588 -7.03345276
101 -703.33868408 -7.03338684
102 -703.33599854 -7.03335999
103 -703.33105469 -7.03331055
104 -703.33551025 -7.03335510
105 -703.32781982 -7.03327820
106 -703.32226562 -7.03322266
107 -703.32495117 -7.03324951
108 -703.32586670 -7.03325867
109 -703.32373047 -7.03323730
110 -703.31250000 -7.03312500
111 -703.32104492 -7.03321045
112 -703.30236816 -7.03302368
113 -703.29785156 -7.03297852
114 -703.28302002 -7.03283020
115 -703.27429199 -7.03274292
116 -703.27392578 -7.03273926
117 -703.27288818 -7.03272888
118 -703.26617432 -7.03266174
119 -703.26904297 -7.03269043
120 -703.26550293 -7.03265503
121 -703.25488281 -7.03254883
122 -703.25280762 -7.03252808
123 -703.25622559 -7.03256226
124 -703.25671387 -7.03256714
125 -703.25073242 -7.03250732
126 -703.24517822 -7.03245178
127 -703.22821045 -7.03228210
128 -703.22875977 -7.03228760
129 -703.22418213 -7.03224182
130 -703.22174072 -7.03221741
131 -703.20642090 -7.03206421
132 -703.20147705 -7.03201477
133 -703.18658447 -7.03186584
134 -703.18707275 -7.03187073
135 -703.19104004 -7.03191040
136 -703.18939209 -7.03189392
137 -703.17535400 -7.03175354
138 -703.16986084 -7.03169861
139 -703.16296387 -7.03162964
140 -703.16674805 -7.03166748
141 -703.16131592 -7.03161316
142 -703.14965820 -7.03149658
143 -703.14514160 -7.03145142
144 -703.14074707 -7.03140747
145 -703.13818359 -7.03138184
146 -703.12152100 -7.03121521
147 -703.13134766 -7.03131348
148 -703.11175537 -7.03111755
149 -703.10552979 -7.03105530
150 -703.10858154 -7.03108582
151 -703.09826660 -7.03098267
152 -703.09899902 -7.03098999
153 -703.08288574 -7.03082886
154 -703.06341553 -7.03063416
155 -703.04870605 -7.03048706
156 -703.04498291 -7.03044983
157 -703.03942871 -7.03039429
158 -703.02398682 -7.03023987
159 -703.02593994 -7.03025940
160 -703.01300049 -7.03013000
161 -703.00091553 -7.03000916
162 -703.00170898 -7.03001709
163 -702.99633789 -7.02996338
164 -702.99645996 -7.02996460
165 -702.99383545 -7.02993835
166 -702.98339844 -7.02983398
167 -702.98681641 -7.02986816
168 -702.99102783 -7.02991028
169 -702.98516846 -7.02985168
170 -702.97729492 -7.02977295
171 -702.97479248 -7.02974792
172 -702.97924805 -7.02979248
173 -702.97747803 -7.02977478
174 -702.97009277 -7.02970093
175 -702.96154785 -7.02961548
176 -702.95404053 -7.02954041
177 -702.94952393 -7.02949524
178 -702.94213867 -7.02942139
179 -702.92651367 -7.02926514
180 -702.91546631 -7.02915466
181 -702.89825439 -7.02898254
182 -702.89880371 -7.02898804
183 -702.89239502 -7.02892395
184 -702.89306641 -7.02893066
185 -702.87078857 -7.02870789
186 -702.85827637 -7.02858276
187 -702.84356689 -7.02843567
188 -702.84564209 -7.02845642
189 -702.83734131 -7.02837341
190 -702.82690430 -7.02826904
191 -702.82196045 -7.02821960
192 -702.82104492 -7.02821045
193 -702.81622314 -7.02816223
194 -702.81188965 -7.02811890
195 -702.81512451 -7.02815125
196 -702.80474854 -7.02804749
197 -702.79309082 -7.02793091
198 -702.79138184 -7.02791382
199 -702.78613281 -7.02786133
200 -702.77801514 -7.02778015
201 -702.77337646 -7.02773376
202 -702.77044678 -7.02770447
203 -702.75244141 -7.02752441
204 -702.74261475 -7.02742615
205 -702.73040771 -7.02730408
206 -702.72387695 -7.02723877
207 -702.72033691 -7.02720337
208 -702.71405029 -7.02714050
209 -702.70697021 -7.02706970
210 -702.70635986 -7.02706360
211 -702.69030762 -7.02690308
212 -702.68200684 -7.02682007
213 -702.66613770 -7.02666138
214 -702.65161133 -7.02651611
215 -702.64166260 -7.02641663
216 -702.63848877 -7.02638489
217 -702.62829590 -7.02628296
218 -702.61614990 -7.02616150
219 -702.61206055 -7.02612061
220 -702.60925293 -7.02609253
221 -702.59338379 -7.02593384
222 -702.58483887 -7.02584839
223 -702.57299805 -7.02572998
224 -702.56640625 -7.02566406
225 -702.56011963 -7.02560120
226 -702.56304932 -7.02563049
227 -702.55017090 -7.02550171
228 -702.52972412 -7.02529724
229 -702.52850342 -7.02528503
230 -702.52893066 -7.02528931
231 -702.52014160 -7.02520142
232 -702.51129150 -7.02511292
233 -702.50274658 -7.02502747
234 -702.49291992 -7.02492920
235 -702.47851562 -7.02478516
236 -702.46447754 -7.02464478
237 -702.45928955 -7.02459290
238 -702.45147705 -7.02451477
239 -702.44384766 -7.02443848
240 -702.44311523 -7.02443115
241 -702.41668701 -7.02416687
242 -702.41412354 -7.02414124
243 -702.41088867 -7.02410889
244 -702.40509033 -7.02405090
245 -702.39031982 -7.02390320
246 -702.38635254 -7.02386353
247 -702.37915039 -7.02379150
248 -702.37579346 -7.02375793
249 -702.37310791 -7.02373108
250 -702.36560059 -7.02365601
251 -702.34661865 -7.02346619
252 -702.34942627 -7.02349426
253 -702.33648682 -7.02336487
254 -702.31909180 -7.02319092
255 -702.32214355 -7.02322144
256 -702.31146240 -7.02311462
257 -702.30596924 -7.02305969
258 -702.31280518 -7.02312805
259 -702.30163574 -7.02301636
260 -702.29803467 -7.02298035
261 -702.28454590 -7.02284546
262 -702.26617432 -7.02266174
263 -702.27441406 -7.02274414
264 -702.26696777 -7.02266968
265 -702.26953125 -7.02269531
266 -702.27111816 -7.02271118
267 -702.26867676 -7.02268677
268 -702.27130127 -7.02271301
269 -702.25231934 -7.02252319
270 -702.25384521 -7.02253845
271 -702.24414062 -7.02244141
272 -702.23437500 -7.02234375
273 -702.22766113 -7.02227661
274 -702.20715332 -7.02207153
275 -702.20800781 -7.02208008
276 -702.21350098 -7.02213501
277 -702.21771240 -7.02217712
278 -702.20611572 -7.02206116
279 -702.20556641 -7.02205566
280 -702.20941162 -7.02209412
281 -702.19873047 -7.02198730
282 -702.20465088 -7.02204651
283 -702.19927979 -7.02199280
284 -702.19140625 -7.02191406
285 -702.19891357 -7.02198914
286 -702.20068359 -7.02200684
287 -702.19317627 -7.02193176
288 -702.20214844 -7.02202148
289 -702.18878174 -7.02188782
290 -702.18511963 -7.02185120
291 -702.17211914 -7.02172119
292 -702.18554688 -7.02185547
293 -702.17828369 -7.02178284
294 -702.17773438 -7.02177734
295 -702.17797852 -7.02177979
296 -702.18139648 -7.02181396
297 -702.18383789 -7.02183838
298 -702.17584229 -7.02175842
299 -702.17840576 -7.02178406
300 -702.17791748 -7.02177917
301 -702.17498779 -7.02174988
302 -702.17333984 -7.02173340
303 -702.17333984 -7.02173340
304 -702.17315674 -7.02173157
305 -702.16900635 -7.02169006
306 -702.16571045 -7.02165710
307 -702.16357422 -7.02163574
308 -702.15649414 -7.02156494
309 -702.15332031 -7.02153320
310 -702.14672852 -7.02146729
311 -702.14923096 -7.02149231
312 -702.14013672 -7.02140137
313 -702.12988281 -7.02129883
314 -702.12866211 -7.02128662
315 -702.11926270 -7.02119263
316 -702.11413574 -7.02114136
317 -702.12609863 -7.02126099
318 -702.11621094 -7.02116211
319 -702.13732910 -7.02137329
320 -702.14550781 -7.02145508
321 -702.13970947 -7.02139709
322 -702.14331055 -7.02143311
323 -702.13635254 -7.02136353
324 -702.13824463 -7.02138245
325 -702.13226318 -7.02132263
326 -702.12542725 -7.02125427
327 -702.12585449 -7.02125854
328 -702.12115479 -7.02121155
329 -702.11145020 -7.02111450
330 -702.10290527 -7.02102905
331 -702.10693359 -7.02106934
332 -702.09271240 -7.02092712
333 -702.09161377 -7.02091614
334 -702.09136963 -7.02091370
335 -702.07983398 -7.02079834
336 -702.07562256 -7.02075623
337 -702.06689453 -7.02066895
338 -702.06176758 -7.02061768
339 -702.06762695 -7.02067627
340 -702.06207275 -7.02062073
341 -702.05957031 -7.02059570
342 -702.05456543 -7.02054565
343 -702.05224609 -7.02052246
344 -702.04095459 -7.02040955
345 -702.03826904 -7.02038269
346 -702.02172852 -7.02021729
347 -702.03295898 -7.02032959
348 -702.02716064 -7.02027161
349 -702.02246094 -7.02022461
350 -702.01586914 -7.02015869
351 -702.00769043 -7.02007690
352 -701.99060059 -7.01990601
353 -701.98828125 -7.01988281
354 -701.97961426 -7.01979614
355 -701.98663330 -7.01986633
356 -701.98059082 -7.01980591
357 -701.97314453 -7.01973145
358 -701.97369385 -7.01973694
359 -701.97424316 -7.01974243
360 -701.96374512 -7.01963745
361 -701.96539307 -7.01965393
362 -701.95977783 -7.01959778
363 -701.95874023 -7.01958740
364 -701.95007324 -7.01950073
365 -701.95147705 -7.01951477
366 -701.95812988 -7.01958130
367 -701.96630859 -7.01966309
368 -701.96520996 -7.01965210
369 -701.96984863 -7.01969849
370 -701.96606445 -7.01966064
371 -701.97198486 -7.01971985
372 -701.96087646 -7.01960876
373 -701.95941162 -7.01959412
374 -701.94610596 -7.01946106
375 -701.95623779 -7.01956238
376 -701.95495605 -7.01954956
377 -701.96270752 -7.01962708
378 -701.97070312 -7.01970703
379 -701.96343994 -7.01963440
380 -701.94543457 -7.01945435
381 -701.95629883 -7.01956299
382 -701.95971680 -7.01959717
383 -701.96154785 -7.01961548
384 -701.97198486 -7.01971985
385 -701.96142578 -7.01961426
