0 -641.29284668 -6.82226433
1 -639.27642822 -6.80081307
2 -637.57122803 -6.78267264
3 -636.34637451 -6.76964228
4 -633.54309082 -6.73982012
5 -632.79376221 -6.73184853
6 -631.99084473 -6.72330686
7 -631.53588867 -6.71846690
8 -630.14270020 -6.70364575
9 -629.93658447 -6.70145303
10 -628.26660156 -6.68368725
11 -627.15283203 -6.67183864
12 -627.51342773 -6.67567476
13 -627.54724121 -6.67603448
14 -627.42645264 -6.67474950
15 -626.59863281 -6.66594290
16 -625.93646240 -6.65889854
17 -624.54528809 -6.64409881
18 -624.14978027 -6.63989128
19 -623.34240723 -6.63130220
20 -624.10473633 -6.63941209
21 -624.40655518 -6.64262293
22 -624.10705566 -6.63943676
23 -623.84375000 -6.63663564
24 -623.76263428 -6.63577271
25 -624.26892090 -6.64115873
26 -622.78381348 -6.62535972
27 -623.47509766 -6.63271380
28 -624.19750977 -6.64039904
29 -623.58361816 -6.63386828
30 -623.89587402 -6.63719015
31 -622.36267090 -6.62087948
32 -621.49066162 -6.61160278
33 -621.16790771 -6.60816923
34 -620.46313477 -6.60067165
35 -620.56652832 -6.60177158
36 -619.01501465 -6.58526611
37 -616.50646973 -6.55857947
38 -615.56671143 -6.54858204
39 -616.07177734 -6.55395508
40 -614.83502197 -6.54079811
41 -614.18121338 -6.53384270
42 -614.41479492 -6.53632761
43 -612.59332275 -6.51695024
44 -613.17675781 -6.52315700
45 -609.55688477 -6.48464771
46 -608.11914062 -6.46935256
47 -608.56359863 -6.47408084
48 -611.16595459 -6.50176547
49 -609.94879150 -6.48881693
50 -609.03186035 -6.47906234
51 -607.38330078 -6.46152448
52 -605.76483154 -6.44430672
53 -604.61273193 -6.43205034
54 -605.44146729 -6.44086667
55 -605.47033691 -6.44117380
56 -605.36352539 -6.44003750
57 -604.19726562 -6.42763049
58 -604.23846436 -6.42806877
59 -603.96807861 -6.42519233
60 -603.88519287 -6.42431056
61 -600.92779541 -6.39284889
62 -601.94012451 -6.40361835
63 -603.50598145 -6.42027640
64 -603.54595947 -6.42070170
65 -601.65081787 -6.40054062
66 -601.10620117 -6.39474682
67 -602.51208496 -6.40970303
68 -601.77111816 -6.40182041
69 -601.25177002 -6.39629543
70 -600.18579102 -6.38495522
71 -599.50170898 -6.37767776
72 -598.86108398 -6.37086260
73 -597.12719727 -6.35241699
74 -596.18713379 -6.34241632
75 -594.88330078 -6.32854575
76 -591.92749023 -6.29710096
77 -593.58605957 -6.31474531
78 -592.96478271 -6.30813599
79 -593.29168701 -6.31161369
80 -593.18798828 -6.31051051
81 -593.93701172 -6.31847885
82 -593.23645020 -6.31102607
83 -591.21557617 -6.28952741
84 -590.31176758 -6.27991242
85 -588.23529053 -6.25782224
86 -588.37072754 -6.25926306
87 -588.67742920 -6.26252584
88 -586.82879639 -6.24285954
89 -585.50384521 -6.22876431
90 -584.06774902 -6.21348669
91 -584.21850586 -6.21509049
92 -585.53344727 -6.22907923
93 -586.49707031 -6.23933054
94 -585.48291016 -6.22854160
95 -584.08691406 -6.21369058
96 -584.40362549 -6.21705985
97 -584.45068359 -6.21756046
98 -584.03564453 -6.21314515
99 -583.35266113 -6.20587937
100 -581.90014648 -6.19042709
101 -582.99328613 -6.20205624
102 -582.82910156 -6.20030959
103 -581.13964844 -6.18233669
104 -579.73291016 -6.16737138
105 -580.19293213 -6.17226524
106 -580.51611328 -6.17570333
107 -579.16162109 -6.16129384
108 -579.23638916 -6.16208925
109 -581.16967773 -6.18265615
110 -580.02929688 -6.17052443
111 -580.47296143 -6.17524427
112 -579.31359863 -6.16291062
113 -579.23059082 -6.16202756
114 -579.43560791 -6.16420859
115 -578.44720459 -6.15369367
116 -577.71484375 -6.14590259
117 -576.94879150 -6.13775310
118 -576.05859375 -6.12828291
119 -577.50286865 -6.14364754
120 -577.62811279 -6.14497992
121 -577.49060059 -6.14351703
122 -577.62139893 -6.14490850
123 -579.45977783 -6.16446572
124 -579.43029785 -6.16415210
125 -579.51208496 -6.16502218
126 -580.67016602 -6.17734219
127 -579.72802734 -6.16731944
128 -579.10174561 -6.16065687
129 -578.00927734 -6.14903487
130 -575.02178955 -6.11725308
131 -573.92706299 -6.10560705
132 -573.63659668 -6.10251699
133 -572.99664307 -6.09570897
134 -573.66571045 -6.10282671
135 -576.46667480 -6.13262420
136 -574.43090820 -6.11096711
137 -572.81567383 -6.09378376
138 -574.08666992 -6.10730500
139 -574.92651367 -6.11623951
140 -574.38684082 -6.11049831
141 -573.43566895 -6.10037946
142 -570.25604248 -6.06655364
143 -569.42272949 -6.05768861
144 -566.41406250 -6.02568152
145 -567.00866699 -6.03200710
146 -569.21264648 -6.05545369
147 -568.81384277 -6.05121109
148 -567.00469971 -6.03196489
149 -568.05749512 -6.04316484
150 -569.37145996 -6.05714319
151 -568.07220459 -6.04332133
152 -566.18127441 -6.02320505
153 -564.26727295 -6.00284333
154 -566.16656494 -6.02304856
155 -566.76763916 -6.02944297
156 -565.70294189 -6.01811640
157 -564.91644287 -6.00974939
158 -561.73437500 -5.97589761
159 -559.30938721 -5.95009986
160 -558.26342773 -5.93897264
161 -555.56481934 -5.91026404
162 -555.69372559 -5.91163538
163 -552.10491943 -5.87345659
164 -552.19482422 -5.87441302
165 -552.44763184 -5.87710247
166 -554.16540527 -5.89537665
167 -552.18750000 -5.87433511
168 -551.54394531 -5.86748878
169 -547.40948486 -5.82350516
170 -546.86535645 -5.81771656
171 -546.11669922 -5.80975212
172 -545.88299561 -5.80726591
173 -546.17138672 -5.81033390
174 -544.93145752 -5.79714317
175 -545.31848145 -5.80126044
176 -545.96496582 -5.80813793
177 -544.08740234 -5.78816385
178 -544.48248291 -5.79236684
179 -546.84826660 -5.81753475
180 -546.54534912 -5.81431222
181 -545.23339844 -5.80035530
182 -545.25036621 -5.80053581
183 -544.61285400 -5.79375377
184 -543.34558105 -5.78027214
185 -544.08319092 -5.78811905
186 -540.70092773 -5.75213753
187 -538.43530273 -5.72803514
188 -537.79089355 -5.72117972
189 -537.39666748 -5.71698582
190 -536.21008301 -5.70436259
191 -535.12121582 -5.69277889
192 -534.73083496 -5.68862590
193 -536.08233643 -5.70300358
194 -534.63000488 -5.68755324
195 -536.53570557 -5.70782665
196 -533.98809814 -5.68072445
197 -532.88275146 -5.66896544
198 -535.18493652 -5.69345677
199 -534.15014648 -5.68244837
200 -533.31506348 -5.67356451
201 -535.36480713 -5.69537029
202 -537.83428955 -5.72164138
203 -539.26141357 -5.73682355
204 -536.57983398 -5.70829611
205 -538.02264404 -5.72364515
206 -540.42187500 -5.74916888
207 -541.81701660 -5.76401081
208 -541.40997314 -5.75968057
209 -539.98376465 -5.74450813
210 -539.63513184 -5.74079927
211 -537.82031250 -5.72149269
212 -538.06872559 -5.72413538
213 -537.38250732 -5.71683518
214 -537.81488037 -5.72143490
215 -537.34020996 -5.71638521
216 -537.21862793 -5.71509179
217 -538.13586426 -5.72484962
218 -537.95355225 -5.72291013
219 -537.14642334 -5.71432365
220 -536.76550293 -5.71027131
221 -536.18591309 -5.70410546
222 -536.84997559 -5.71116995
223 -537.08172607 -5.71363538
224 -537.59344482 -5.71907920
225 -536.49542236 -5.70739811
226 -536.00958252 -5.70222960
227 -536.87341309 -5.71141929
228 -538.22515869 -5.72579956
229 -537.78839111 -5.72115310
230 -535.88153076 -5.70086735
231 -535.61175537 -5.69799740
232 -534.41949463 -5.68531377
233 -535.19299316 -5.69354248
234 -533.83587646 -5.67910507
235 -534.30456543 -5.68409112
236 -535.28607178 -5.69453268
237 -533.32574463 -5.67367813
238 -530.72314453 -5.64599090
239 -531.30926514 -5.65222622
240 -531.48718262 -5.65411896
241 -530.81604004 -5.64697915
242 -531.09942627 -5.64999390
243 -529.88677979 -5.63709340
244 -529.17480469 -5.62951920
245 -529.81573486 -5.63633760
246 -530.96392822 -5.64855243
247 -533.71252441 -5.67779281
248 -532.16259766 -5.66130423
249 -532.09210205 -5.66055428
250 -529.84777832 -5.63667849
251 -529.70788574 -5.63519027
252 -527.94647217 -5.61645183
253 -528.69598389 -5.62442536
254 -526.01037598 -5.59585506
255 -525.62792969 -5.59178649
256 -523.86492920 -5.57303116
257 -524.04992676 -5.57499922
258 -522.59655762 -5.55953785
259 -519.62341309 -5.52790865
260 -518.40643311 -5.51496205
261 -519.66253662 -5.52832486
262 -518.74121094 -5.51852352
263 -517.83905029 -5.50892607
264 -517.42700195 -5.50454257
265 -519.24621582 -5.52389591
266 -516.90679932 -5.49900850
267 -517.42578125 -5.50452959
268 -517.89160156 -5.50948512
269 -519.71923828 -5.52892807
270 -519.33923340 -5.52488546
271 -518.31201172 -5.51395757
272 -517.25341797 -5.50269594
273 -515.81231689 -5.48736507
274 -516.49279785 -5.49460423
275 -517.24426270 -5.50259854
276 -516.71887207 -5.49700928
277 -516.20001221 -5.49148949
278 -517.48278809 -5.50513604
279 -515.30682373 -5.48198749
280 -513.93255615 -5.46736762
281 -512.47814941 -5.45189521
282 -512.49578857 -5.45208286
283 -512.27026367 -5.44968366
284 -510.41104126 -5.42990469
285 -510.52111816 -5.43107573
286 -509.92105103 -5.42469203
287 -511.82604980 -5.44495798
288 -512.31591797 -5.45016934
289 -509.94656372 -5.42496344
290 -509.70913696 -5.42243763
291 -507.86349487 -5.40280314
292 -508.13253784 -5.40566530
293 -508.70535278 -5.41175907
294 -508.01300049 -5.40439362
295 -506.37811279 -5.38700120
296 -505.59652710 -5.37868646
297 -505.11401367 -5.37355334
298 -505.72009277 -5.38000099
299 -505.91867065 -5.38211352
300 -504.91659546 -5.37145314
301 -504.61480713 -5.36824263
302 -502.79211426 -5.34885228
303 -502.78729248 -5.34880098
304 -503.60452271 -5.35749492
305 -501.74600220 -5.33772343
306 -500.78903198 -5.32754289
307 -498.46255493 -5.30279314
308 -498.55776978 -5.30380606
309 -500.54171753 -5.32491189
310 -500.84140015 -5.32810000
311 -499.04727173 -5.30901353
312 -498.44735718 -5.30263146
313 -497.23934937 -5.28978031
314 -497.96331787 -5.29748211
315 -498.68179321 -5.30512546
