0 -757.02136230 -7.00945706
1 -755.49932861 -6.99536415
2 -753.80908203 -6.97971372
3 -750.45587158 -6.94866548
4 -746.57598877 -6.91274064
5 -741.02569580 -6.86134904
6 -733.72528076 -6.79375260
7 -726.18762207 -6.72395946
8 -718.51159668 -6.65288515
9 -709.13763428 -6.56608921
10 -699.27813721 -6.47479757
11 -692.23083496 -6.40954477
12 -682.93701172 -6.32349085
13 -672.65026855 -6.22824323
14 -657.68640137 -6.08968890
15 -654.15905762 -6.05702831
16 -646.29797363 -5.98424050
17 -643.79724121 -5.96108557
18 -632.16046143 -5.85333761
19 -614.21374512 -5.68716431
20 -594.90283203 -5.50835956
21 -574.28350830 -5.31743989
22 -562.38708496 -5.20728782
23 -533.66418457 -4.94133504
24 -505.54644775 -4.68098563
25 -482.78649902 -4.47024536
26 -399.32556152 -3.69745890
27 -237.65066528 -2.20046912
28 16.52136230 0.15297558
29 307.90020752 2.85092785
30 204.65324402 1.89493744
31 49.31289673 0.45660090
32 60.62634277 0.56135503
33 137.99290466 1.27771208
34 -38.30413818 -0.35466795
35 -222.36149597 -2.05890274
36 -185.55973816 -1.71814572
37 -123.56980896 -1.14416490
38 -94.03237915 -0.87067018
39 -206.16703796 -1.90895406
40 -199.05598450 -1.84311097
41 -233.01080322 -2.15750744
42 -208.88671875 -1.93413628
43 -263.99212646 -2.44437154
44 -223.42391968 -2.06874000
45 -286.42767334 -2.65210809
46 -265.99322510 -2.46290023
47 -233.67514038 -2.16365871
48 -218.80189514 -2.02594347
49 -219.19079590 -2.02954441
50 -205.58441162 -1.90355937
51 -161.58169556 -1.49612681
52 -137.77769470 -1.27571940
53 -36.39128113 -0.33695631
54 -85.98309326 -0.79613975
55 -56.41539764 -0.52236479
56 -186.70018005 -1.72870537
57 -202.61943054 -1.87610584
58 -114.93975830 -1.06425702
59 -55.55692291 -0.51441595
60 193.15940857 1.78851304
61 -78.39965057 -0.72592269
62 -59.01341248 -0.54642049
63 -162.69436646 -1.50642932
64 -262.22161865 -2.42797795
65 -293.73529053 -2.71977121
66 -240.36309814 -2.22558424
67 -241.39822388 -2.23516874
68 -326.63757324 -3.02442197
69 -228.76132202 -2.11816039
70 -221.74905396 -2.05323198
71 -291.63739014 -2.70034620
72 -268.11041260 -2.48250382
73 -215.66870117 -1.99693242
74 -239.10928345 -2.21397485
75 -232.84330750 -2.15595655
76 -282.50280762 -2.61576674
77 -307.68673706 -2.84895127
78 -275.43548584 -2.55032857
79 -353.89038086 -3.27676279
80 -366.06701660 -3.38950941
81 -548.46014404 -5.07833467
82 -487.52923584 -4.51415959
83 -385.11502075 -3.56587982
84 -452.88934326 -4.19341985
85 -402.55755615 -3.72738478
86 -518.19104004 -4.79806519
87 -420.19348145 -3.89068038
88 -440.07366943 -4.07475620
89 -452.03656006 -4.18552370
90 -447.96868896 -4.14785823
91 -446.93634033 -4.13829945
92 -339.16638184 -3.14042946
93 -508.58270264 -4.70909910
94 -300.82345581 -2.78540237
95 -476.91503906 -4.41587999
96 -255.58236694 -2.36650340
97 -511.57702637 -4.73682432
98 -397.93402100 -3.68457427
99 -585.03125000 -5.41695602
100 -406.95489502 -3.76810088
101 -551.00494385 -5.10189763
102 -352.35839844 -3.26257776
103 -478.81542969 -4.43347620
104 -57.39787292 -0.53146179
105 -83.79148865 -0.77584712
106 -0.62823486 -0.00581699
107 -389.76208496 -3.60890819
108 -332.61340332 -3.07975373
109 -356.12799072 -3.29748140
110 -325.70556641 -3.01579228
111 -146.60049438 -1.35741199
112 -233.04415894 -2.15781629
113 -103.82273865 -0.96132165
114 -168.94958496 -1.56434801
115 -86.25099182 -0.79862029
116 -185.24707031 -1.71525065
117 -118.03012848 -1.09287156
118 -99.38442993 -0.92022620
119 -31.93896484 -0.29573116
120 74.51599121 0.68996288
121 150.88230896 1.39705842
122 18.94744873 0.17543934
123 363.05670166 3.36163613
124 404.60021973 3.74629833
125 651.46612549 6.03209375
126 787.55010986 7.29213065
127 892.05944824 8.25980971
128 813.89068604 7.53602487
129 847.78857422 7.84989421
130 739.56567383 6.84783031
131 941.82238770 8.72057766
132 730.35290527 6.76252690
133 763.28735352 7.06747550
134 731.62652588 6.77431968
135 711.14794922 6.58470323
136 801.54956055 7.42175519
137 706.13751221 6.53831030
138 907.17358398 8.39975541
139 977.22717285 9.04839975
140 966.88903809 8.95267628
141 905.41540527 8.38347597
142 1004.04980469 9.29675745
143 1236.32995605 11.44749959
144 1251.35827637 11.58665071
145 1426.94470215 13.21245095
146 1562.63146973 14.46880990
147 1492.10119629 13.81575182
148 1275.74609375 11.81246383
149 1196.12487793 11.07523035
150 1237.38403320 11.45725957
151 1091.11694336 10.10293466
152 1091.78002930 10.10907435
153 1135.18847656 10.51100441
154 1129.98388672 10.46281377
155 1438.97216797 13.32381637
156 1514.13916016 14.01980704
157 1388.22680664 12.85395191
158 1486.94250488 13.76798616
159 1491.83898926 13.81332397
160 1629.24597168 15.08561085
161 1558.68652344 14.43228262
162 1524.52490234 14.11597132
163 1432.39807129 13.26294510
164 1582.86291504 14.65613810
165 1398.89697266 12.95274975
166 1489.99670410 13.79626578
167 1427.98864746 13.22211711
168 1813.40588379 16.79079522
169 2174.65649414 20.13570828
170 2079.53051758 19.25491220
171 2980.73730469 27.59941949
172 2423.26757812 22.43766276
173 2662.09692383 24.64904559
174 2554.26806641 23.65063024
175 2732.09033203 25.29713270
176 2899.40307617 26.84632478
177 2104.47192383 19.48585115
178 1756.29235840 16.26196628
179 1935.22546387 17.91875430
180 1857.41857910 17.19832018
181 1751.33569336 16.21607123
182 1474.52624512 13.65302079
183 1333.12036133 12.34370705
184 1565.55017090 14.49583492
185 1520.92553711 14.08264386
186 1680.87658691 15.56367210
187 1795.64221191 16.62631678
188 1683.83056641 15.59102376
189 1806.80786133 16.72970242
190 1742.66052246 16.13574558
191 1814.61230469 16.80196578
192 1956.83813477 18.11887162
193 1863.75878906 17.25702582
194 1787.85266113 16.55419131
195 1835.36828613 16.99415080
196 1813.71911621 16.79369552
197 1842.65075684 17.06158108
198 1807.28601074 16.73412973
199 1776.07910156 16.44517687
200 1737.56335449 16.08854958
201 1749.52880859 16.19934082
202 1756.65930176 16.26536391
203 1742.49853516 16.13424570
204 1682.06420898 15.57466860
205 1658.44213867 15.35594573
206 1677.74377441 15.53466458
207 1683.15185547 15.58473940
208 1680.67626953 15.56181731
209 1662.66308594 15.39502857
210 1660.10424805 15.37133563
211 1655.07031250 15.32472512
212 1654.00402832 15.31485211
213 1649.27319336 15.27104809
214 1649.10925293 15.26953012
215 1649.31347656 15.27142108
216 1649.98876953 15.27767379
217 1649.89294434 15.27678652
218 1651.14428711 15.28837303
219 1653.04309082 15.30595454
220 1655.37451172 15.32754178
221 1658.15710449 15.35330652
222 1661.43762207 15.38368169
223 1665.04418945 15.41707583
224 1669.41699219 15.45756474
225 1674.49987793 15.50462850
226 1680.27929688 15.55814164
227 1685.83618164 15.60959427
228 1691.75708008 15.66441741
229 1697.70068359 15.71945077
230 1703.66540527 15.77467968
231 1708.82141113 15.82242047
232 1713.97851562 15.87017144
233 1717.59765625 15.90368200
234 1720.39453125 15.92957899
235 1721.50842285 15.93989280
236 1721.50427246 15.93985437
237 1721.14843750 15.93655961
238 1719.68273926 15.92298833
239 1717.60778809 15.90377582
240 1714.28210449 15.87298245
241 1711.89648438 15.85089337
242 1708.49084473 15.81935967
243 1705.34338379 15.79021652
244 1701.00842285 15.75007799
245 1698.95703125 15.73108362
246 1694.13769531 15.68646014
247 1691.03833008 15.65776232
248 1694.94714355 15.69395503
249 1689.49291992 15.64345296
250 1699.24523926 15.73375222
251 1696.77233887 15.71085499
252 1711.41735840 15.84645702
253 1709.98132324 15.83316040
254 1701.85998535 15.75796283
255 1698.94836426 15.73100337
256 1693.86999512 15.68398144
257 1720.69177246 15.93233123
258 1721.30395508 15.93799958
259 1716.43249512 15.89289347
260 1712.10095215 15.85278659
261 1711.09338379 15.84345726
262 1706.55920410 15.80147411
263 1701.93652344 15.75867151
264 1697.88049316 15.72111568
265 1665.84558105 15.42449612
266 1662.56604004 15.39413000
267 1657.00354004 15.34262537
268 1627.80578613 15.07227580
269 1627.10644531 15.06580042
270 1626.49511719 15.06013997
271 1623.47424316 15.03216892
272 1622.83264160 15.02622816
273 1622.97399902 15.02753703
274 1608.83435059 14.89661436
275 1607.32153320 14.88260679
276 1605.59069824 14.86658054
277 1600.69335938 14.82123481
278 1596.59069824 14.78324721
279 1577.49523926 14.60643740
280 1547.12548828 14.32523600
281 1505.37268066 13.93863593
282 1468.90991211 13.60101770
283 1464.12854004 13.55674574
284 1464.12500000 13.55671296
285 1410.50476074 13.06022927
286 1418.40466309 13.13337651
287 1386.78808594 12.84063043
288 1428.69189453 13.22862865
289 1403.18676758 12.99247007
290 1405.72045898 13.01593018
291 1481.98547363 13.72208772
292 1447.61730957 13.40386398
293 1478.16955566 13.68675515
294 1448.53979492 13.41240551
295 1492.32690430 13.81784171
296 1511.34704590 13.99395413
297 1442.31042480 13.35472616
298 1413.50207520 13.08798218
299 1288.50793457 11.93062902
300 1190.51147461 11.02325439
301 1086.02050781 10.05574544
302 1097.23425293 10.15957642
303 1150.55981445 10.65333162
304 1060.08764648 9.81562636
305 1065.04089355 9.86148976
306 1051.34484863 9.73467452
307 1047.59643555 9.69996700
308 891.92620850 8.25857600
309 1040.98803711 9.63877812
310 1090.76940918 10.09971675
311 1122.58129883 10.39427129
312 940.08483887 8.70448925
313 924.49035645 8.56009589
314 978.28979492 9.05823884
315 1208.15905762 11.18665794
316 1239.09814453 11.47313097
317 1162.08776855 10.76007193
318 1177.16259766 10.89965368
319 1228.48474121 11.37485871
320 1252.60021973 11.59815018
321 1268.65686035 11.74682278
