0 -857.62860107 -7.33015898
1 -856.02014160 -7.31641147
2 -852.31060791 -7.28470605
3 -845.59136963 -7.22727666
4 -837.26995850 -7.15615349
5 -826.89691162 -7.06749497
6 -814.62799072 -6.96263240
7 -802.71948242 -6.86085028
8 -790.72772217 -6.75835660
9 -776.88775635 -6.64006629
10 -765.06866455 -6.53904841
11 -752.83923340 -6.43452336
12 -736.03021240 -6.29085652
13 -722.60339355 -6.17609738
14 -709.55993652 -6.06461484
15 -696.60546875 -5.95389290
16 -685.92297363 -5.86258952
17 -674.34832764 -5.76366092
18 -668.55816650 -5.71417236
19 -657.93280029 -5.62335727
20 -645.99444580 -5.52132005
21 -631.07568359 -5.39380926
22 -627.10510254 -5.35987267
23 -617.31524658 -5.27619869
24 -606.21624756 -5.18133545
25 -599.29333496 -5.12216526
26 -587.77429199 -5.02371190
27 -581.80029297 -4.97265208
28 -572.60559082 -4.89406488
29 -565.80700684 -4.83595732
30 -558.15673828 -4.77057041
31 -554.84631348 -4.74227618
32 -551.48913574 -4.71358236
33 -539.55798340 -4.61160670
34 -535.67687988 -4.57843487
35 -530.48815918 -4.53408683
36 -513.52209473 -4.38907773
37 -507.13256836 -4.33446640
38 -499.22528076 -4.26688274
39 -486.53515625 -4.15842014
40 -480.67465210 -4.10833036
41 -469.48092651 -4.01265749
42 -462.17010498 -3.95017184
43 -451.41674805 -3.85826280
