0 -404.06225586 -5.61197578
1 -404.09533691 -5.61243523
2 -404.11950684 -5.61277093
3 -404.14102173 -5.61306975
4 -404.16326904 -5.61337874
5 -404.17944336 -5.61360338
6 -404.19317627 -5.61379411
7 -404.20468140 -5.61395391
8 -404.21377563 -5.61408022
9 -404.22137451 -5.61418576
10 -404.22799683 -5.61427773
11 -404.23376465 -5.61435784
12 -404.23818970 -5.61441930
13 -404.24356079 -5.61449390
14 -404.24734497 -5.61454646
15 -404.25082397 -5.61459478
16 -404.25408936 -5.61464013
17 -404.25726318 -5.61468421
18 -404.26077271 -5.61473295
19 -404.26324463 -5.61476729
20 -404.26620483 -5.61480840
21 -404.26892090 -5.61484612
22 -404.27163696 -5.61488385
23 -404.27404785 -5.61491733
24 -404.27590942 -5.61494319
25 -404.27804565 -5.61497286
26 -404.28067017 -5.61500931
27 -404.28265381 -5.61503686
28 -404.28472900 -5.61506568
29 -404.28668213 -5.61509281
30 -404.28845215 -5.61511739
31 -404.29034424 -5.61514367
32 -404.29254150 -5.61517419
33 -404.29391479 -5.61519326
34 -404.29614258 -5.61522420
35 -404.29763794 -5.61524497
