0 -595.43829346 -6.76634424
1 -595.46075439 -6.76659948
2 -595.47326660 -6.76674167
3 -595.48126221 -6.76683253
4 -595.48760986 -6.76690466
5 -595.49389648 -6.76697610
6 -595.49743652 -6.76701632
7 -595.50012207 -6.76704684
8 -595.50311279 -6.76708083
9 -595.50579834 -6.76711134
10 -595.50842285 -6.76714117
11 -595.50976562 -6.76715643
12 -595.51196289 -6.76718140
13 -595.51361084 -6.76720012
14 -595.51458740 -6.76721122
15 -595.51593018 -6.76722648
16 -595.51629639 -6.76723064
17 -595.51751709 -6.76724451
18 -595.51855469 -6.76725630
19 -595.51965332 -6.76726879
20 -595.52075195 -6.76728127
21 -595.52191162 -6.76729445
22 -595.52160645 -6.76729098
23 -595.52282715 -6.76730485
24 -595.52355957 -6.76731318
25 -595.52478027 -6.76732705
26 -595.52539062 -6.76733398
27 -595.52551270 -6.76733537
28 -595.52630615 -6.76734439
29 -595.52697754 -6.76735202
30 -595.52770996 -6.76736034
31 -595.52777100 -6.76736103
32 -595.52813721 -6.76736520
33 -595.52917480 -6.76737699
34 -595.52880859 -6.76737282
35 -595.52905273 -6.76737560
36 -595.53015137 -6.76738808
37 -595.53033447 -6.76739016
38 -595.53106689 -6.76739849
39 -595.53149414 -6.76740334
40 -595.53149414 -6.76740334
41 -595.53228760 -6.76741236
42 -595.53320312 -6.76742276
43 -595.53320312 -6.76742276
44 -595.53405762 -6.76743247
45 -595.53430176 -6.76743525
46 -595.53472900 -6.76744010
47 -595.53466797 -6.76743941
48 -595.53570557 -6.76745120
49 -595.53570557 -6.76745120
50 -595.53637695 -6.76745883
51 -595.53692627 -6.76746507
52 -595.53698730 -6.76746576
53 -595.53656006 -6.76746091
54 -595.53784180 -6.76747547
55 -595.53784180 -6.76747547
56 -595.53759766 -6.76747270
57 -595.53851318 -6.76748310
58 -595.53930664 -6.76749212
59 -595.54003906 -6.76750044
