0 -711.71118164 -6.35456412
1 -711.87921143 -6.35606439
2 -712.01104736 -6.35724149
3 -712.12469482 -6.35825620
4 -712.24163818 -6.35930034
5 -712.34484863 -6.36022186
6 -712.43646240 -6.36103984
7 -712.51458740 -6.36173739
8 -712.58819580 -6.36239461
9 -712.65093994 -6.36295482
10 -712.70892334 -6.36347253
11 -712.76428223 -6.36396681
12 -712.81042480 -6.36437879
13 -712.85504150 -6.36477716
14 -712.89178467 -6.36510522
15 -712.92370605 -6.36539023
16 -712.95312500 -6.36565290
17 -712.97717285 -6.36586761
18 -712.99829102 -6.36605617
19 -713.01794434 -6.36623165
20 -713.03503418 -6.36638423
21 -713.04943848 -6.36651284
22 -713.06311035 -6.36663491
23 -713.07562256 -6.36674663
24 -713.08673096 -6.36684581
25 -713.09637451 -6.36693192
26 -713.10437012 -6.36700330
27 -713.11383057 -6.36708777
28 -713.12127686 -6.36715426
29 -713.12933350 -6.36722619
30 -713.13586426 -6.36728450
31 -713.14282227 -6.36734663
32 -713.14971924 -6.36740821
33 -713.15637207 -6.36746761
34 -713.16247559 -6.36752210
35 -713.16906738 -6.36758096
36 -713.17541504 -6.36763763
37 -713.18133545 -6.36769050
38 -713.18713379 -6.36774227
39 -713.19262695 -6.36779131
40 -713.19848633 -6.36784363
41 -713.20349121 -6.36788831
42 -713.20928955 -6.36794009
43 -713.21490479 -6.36799022
44 -713.21960449 -6.36803218
45 -713.22528076 -6.36808286
46 -713.23046875 -6.36812919
47 -713.23535156 -6.36817278
48 -713.24084473 -6.36822183
49 -713.24676514 -6.36827469
50 -713.25158691 -6.36831774
51 -713.25793457 -6.36837442
52 -713.26336670 -6.36842292
53 -713.26873779 -6.36847087
54 -713.27429199 -6.36852046
55 -713.28015137 -6.36857278
56 -713.28588867 -6.36862401
57 -713.29052734 -6.36866542
58 -713.29669189 -6.36872046
59 -713.30181885 -6.36876624
60 -713.30755615 -6.36881747
61 -713.31341553 -6.36886978
62 -713.31939697 -6.36892319
63 -713.32464600 -6.36897005
64 -713.32965088 -6.36901474
65 -713.33520508 -6.36906433
66 -713.34088135 -6.36911501
67 -713.34655762 -6.36916569
68 -713.35150146 -6.36920983
69 -713.35736084 -6.36926215
70 -713.36285400 -6.36931120
71 -713.36834717 -6.36936024
72 -713.37487793 -6.36941855
73 -713.37982178 -6.36946269
74 -713.38555908 -6.36951392
75 -713.39086914 -6.36956133
76 -713.39672852 -6.36961365
77 -713.40283203 -6.36966814
78 -713.40789795 -6.36971337
79 -713.41375732 -6.36976569
80 -713.41967773 -6.36981855
81 -713.42523193 -6.36986814
82 -713.43090820 -6.36991882
83 -713.43634033 -6.36996732
84 -713.44165039 -6.37001474
85 -713.44689941 -6.37006160
86 -713.45135498 -6.37010138
87 -713.45605469 -6.37014335
88 -713.46051025 -6.37018313
89 -713.46520996 -6.37022509
90 -713.46966553 -6.37026487
91 -713.47521973 -6.37031446
92 -713.47943115 -6.37035206
93 -713.48437500 -6.37039621
94 -713.48840332 -6.37043217
95 -713.49279785 -6.37047141
96 -713.49700928 -6.37050901
97 -713.50030518 -6.37053844
98 -713.50421143 -6.37057332
99 -713.50823975 -6.37060928
100 -713.51293945 -6.37065125
101 -713.51727295 -6.37068994
102 -713.52038574 -6.37071773
103 -713.52478027 -6.37075697
104 -713.52844238 -6.37078966
105 -713.53332520 -6.37083326
106 -713.53637695 -6.37086051
107 -713.54058838 -6.37089811
108 -713.54479980 -6.37093571
109 -713.54919434 -6.37097495
110 -713.55334473 -6.37101201
111 -713.55688477 -6.37104361
112 -713.56115723 -6.37108176
113 -713.56555176 -6.37112100
114 -713.56921387 -6.37115370
115 -713.57287598 -6.37118639
116 -713.57690430 -6.37122236
117 -713.58050537 -6.37125451
118 -713.58435059 -6.37128884
119 -713.58776855 -6.37131936
120 -713.59118652 -6.37134988
121 -713.59454346 -6.37137985
122 -713.59729004 -6.37140438
123 -713.60070801 -6.37143489
124 -713.60339355 -6.37145887
125 -713.60620117 -6.37148394
126 -713.60888672 -6.37150792
127 -713.61157227 -6.37153190
128 -713.61431885 -6.37155642
129 -713.61706543 -6.37158094
