0 -407.57617188 -6.68157659
1 -407.59906006 -6.68195180
2 -407.61553955 -6.68222196
3 -407.62878418 -6.68243908
4 -407.64044189 -6.68263019
5 -407.64892578 -6.68276928
6 -407.65869141 -6.68292937
7 -407.66632080 -6.68305444
8 -407.67431641 -6.68318551
9 -407.68212891 -6.68331359
10 -407.68878174 -6.68342265
11 -407.69537354 -6.68353071
12 -407.70013428 -6.68360876
13 -407.70715332 -6.68372382
14 -407.71289062 -6.68381788
15 -407.71740723 -6.68389192
16 -407.72344971 -6.68399098
17 -407.72839355 -6.68407203
18 -407.73278809 -6.68414407
19 -407.73760986 -6.68422311
20 -407.74163818 -6.68428915
21 -407.74688721 -6.68437520
22 -407.75036621 -6.68443223
23 -407.75592041 -6.68452329
24 -407.75952148 -6.68458232
25 -407.76232910 -6.68462835
26 -407.76660156 -6.68469839
27 -407.76983643 -6.68475142
28 -407.77325439 -6.68480745
29 -407.77648926 -6.68486048
30 -407.77941895 -6.68490851
31 -407.78216553 -6.68495353
32 -407.78515625 -6.68500256
33 -407.78765869 -6.68504359
34 -407.79077148 -6.68509461
35 -407.79266357 -6.68512563
36 -407.79437256 -6.68515365
37 -407.79711914 -6.68519867
38 -407.79968262 -6.68524070
39 -407.80126953 -6.68526671
40 -407.80480957 -6.68532475
41 -407.80700684 -6.68536077
42 -407.80816650 -6.68537978
43 -407.81024170 -6.68541380
44 -407.81213379 -6.68544482
45 -407.81359863 -6.68546883
46 -407.81640625 -6.68551486
47 -407.81768799 -6.68553587
48 -407.81884766 -6.68555488
49 -407.82000732 -6.68557389
50 -407.82379150 -6.68563593
51 -407.82550049 -6.68566394
52 -407.82623291 -6.68567595
53 -407.82800293 -6.68570497
54 -407.82885742 -6.68571897
55 -407.83056641 -6.68574699
56 -407.83270264 -6.68578201
57 -407.83374023 -6.68579902
58 -407.83599854 -6.68583604
59 -407.83642578 -6.68584305
60 -407.83782959 -6.68586606
61 -407.84002686 -6.68590208
62 -407.84185791 -6.68593210
63 -407.84222412 -6.68593810
64 -407.84350586 -6.68595911
65 -407.84411621 -6.68596912
66 -407.84558105 -6.68599313
67 -407.84704590 -6.68601715
68 -407.84759521 -6.68602615
69 -407.84838867 -6.68603916
70 -407.84857178 -6.68604216
71 -407.84936523 -6.68605517
72 -407.85144043 -6.68608919
73 -407.85241699 -6.68610520
74 -407.85357666 -6.68612421
75 -407.85351562 -6.68612321
76 -407.85522461 -6.68615122
77 -407.85540771 -6.68615422
78 -407.85736084 -6.68618624
79 -407.85852051 -6.68620525
80 -407.85980225 -6.68622627
81 -407.86010742 -6.68623127
82 -407.86090088 -6.68624428
83 -407.86206055 -6.68626329
84 -407.86267090 -6.68627329
85 -407.86395264 -6.68629431
86 -407.86456299 -6.68630431
87 -407.86480713 -6.68630831
88 -407.86547852 -6.68631932
89 -407.86718750 -6.68634734
90 -407.86767578 -6.68635534
91 -407.86773682 -6.68635634
92 -407.86877441 -6.68637335
93 -407.86926270 -6.68638136
94 -407.87011719 -6.68639536
95 -407.87078857 -6.68640637
96 -407.87213135 -6.68642838
97 -407.87243652 -6.68643339
98 -407.87286377 -6.68644039
99 -407.87329102 -6.68644739
100 -407.87432861 -6.68646440
101 -407.87536621 -6.68648141
102 -407.87573242 -6.68648742
103 -407.87554932 -6.68648442
104 -407.87591553 -6.68649042
105 -407.87640381 -6.68649842
106 -407.87640381 -6.68649842
107 -407.87841797 -6.68653144
108 -407.87841797 -6.68653144
109 -407.87921143 -6.68654445
110 -407.87902832 -6.68654145
111 -407.88006592 -6.68655846
112 -407.88104248 -6.68657447
113 -407.88134766 -6.68657947
114 -407.88220215 -6.68659348
115 -407.88262939 -6.68660048
116 -407.88262939 -6.68660048
117 -407.88262939 -6.68660048
118 -407.88421631 -6.68662650
119 -407.88507080 -6.68664050
120 -407.88476562 -6.68663550
121 -407.88507080 -6.68664050
122 -407.88488770 -6.68663750
123 -407.88568115 -6.68665051
124 -407.88671875 -6.68666752
125 -407.88690186 -6.68667052
126 -407.88739014 -6.68667853
127 -407.88781738 -6.68668553
128 -407.88909912 -6.68670654
