0 -738.27105713 -6.71155506
1 -738.28460693 -6.71167824
2 -738.29217529 -6.71174705
3 -738.29852295 -6.71180475
4 -738.30371094 -6.71185192
5 -738.30792236 -6.71189020
6 -738.31115723 -6.71191961
7 -738.31353760 -6.71194125
8 -738.31622314 -6.71196566
9 -738.31829834 -6.71198453
10 -738.32006836 -6.71200062
11 -738.32067871 -6.71200617
12 -738.32226562 -6.71202060
13 -738.32360840 -6.71203280
14 -738.32513428 -6.71204668
15 -738.32666016 -6.71206055
16 -738.32696533 -6.71206332
17 -738.32794189 -6.71207220
18 -738.32922363 -6.71208385
