0 -724.20666504 -6.13734462
1 -724.16162109 -6.13696289
2 -724.12725830 -6.13667168
3 -724.07659912 -6.13624237
4 -724.00555420 -6.13564029
5 -723.96533203 -6.13529942
6 -723.92181396 -6.13493063
7 -723.87780762 -6.13455769
8 -723.79327393 -6.13384130
9 -723.69201660 -6.13298319
10 -723.64904785 -6.13261905
11 -723.59045410 -6.13212249
12 -723.51812744 -6.13150955
13 -723.44042969 -6.13085110
14 -723.32226562 -6.12984971
15 -723.22357178 -6.12901332
16 -723.17266846 -6.12858194
17 -723.07751465 -6.12777555
18 -723.05493164 -6.12758417
19 -722.95880127 -6.12676950
20 -722.87615967 -6.12606915
21 -722.77691650 -6.12522811
22 -722.80895996 -6.12549966
23 -722.65972900 -6.12423499
24 -722.56420898 -6.12342550
25 -722.44982910 -6.12245618
26 -722.37664795 -6.12183600
27 -722.21350098 -6.12045340
28 -722.14019775 -6.11983218
29 -722.11334229 -6.11960460
30 -721.92590332 -6.11801613
31 -721.83093262 -6.11721129
32 -721.78161621 -6.11679336
33 -721.74609375 -6.11649232
34 -721.67498779 -6.11588973
35 -721.66711426 -6.11582300
36 -721.64947510 -6.11567352
37 -721.50415039 -6.11444195
38 -721.46197510 -6.11408453
39 -721.32507324 -6.11292435
40 -721.28778076 -6.11260831
41 -721.15191650 -6.11145692
42 -721.21649170 -6.11200417
43 -721.21282959 -6.11197313
44 -721.08471680 -6.11088743
45 -720.93725586 -6.10963776
46 -720.80664062 -6.10853085
47 -720.60461426 -6.10681876
48 -720.59722900 -6.10675618
49 -720.70898438 -6.10770326
50 -720.74163818 -6.10797998
51 -720.56988525 -6.10652445
52 -720.42742920 -6.10531720
53 -720.44378662 -6.10545582
54 -720.27258301 -6.10400494
55 -720.13616943 -6.10284889
56 -719.96313477 -6.10138250
57 -719.70166016 -6.09916661
58 -719.56689453 -6.09802453
59 -719.29260254 -6.09570002
60 -719.20635986 -6.09496915
61 -718.95556641 -6.09284378
62 -718.76501465 -6.09122894
63 -718.69580078 -6.09064238
64 -718.49810791 -6.08896702
65 -718.43176270 -6.08840477
66 -718.39788818 -6.08811770
67 -718.34051514 -6.08763148
68 -718.01599121 -6.08488128
69 -718.13208008 -6.08586509
70 -717.94226074 -6.08425645
71 -718.12469482 -6.08580250
72 -718.05212402 -6.08518749
73 -717.94128418 -6.08424817
74 -717.90692139 -6.08395696
75 -717.64135742 -6.08170642
76 -717.67297363 -6.08197435
77 -717.50024414 -6.08051054
78 -717.74731445 -6.08260436
79 -717.78326416 -6.08290902
80 -717.51452637 -6.08063158
81 -717.63684082 -6.08166814
82 -717.26196289 -6.07849121
83 -717.22503662 -6.07817828
84 -716.93847656 -6.07574980
85 -716.57373047 -6.07265873
86 -716.35797119 -6.07083026
87 -716.38421631 -6.07105268
88 -716.29492188 -6.07029595
89 -716.25299072 -6.06994060
90 -716.03167725 -6.06806506
91 -716.11328125 -6.06875662
92 -715.90325928 -6.06697677
93 -715.76947021 -6.06584297
94 -715.46423340 -6.06325622
95 -715.29333496 -6.06180792
96 -715.51245117 -6.06366484
97 -715.42999268 -6.06296604
98 -715.62921143 -6.06465433
99 -715.46795654 -6.06328777
100 -715.38183594 -6.06255793
101 -714.94818115 -6.05888289
102 -714.59222412 -6.05586631
103 -714.47991943 -6.05491457
104 -714.46929932 -6.05482457
105 -714.40478516 -6.05427784
106 -714.08557129 -6.05157264
107 -713.92822266 -6.05023918
108 -713.75750732 -6.04879243
109 -713.65740967 -6.04794415
110 -713.82659912 -6.04937796
111 -713.67785645 -6.04811743
112 -713.44152832 -6.04611465
113 -713.17962646 -6.04389514
114 -712.77850342 -6.04049579
115 -712.31115723 -6.03653523
116 -712.14739990 -6.03514746
117 -712.03771973 -6.03421796
118 -711.94927979 -6.03346847
119 -711.78552246 -6.03208070
120 -711.86224365 -6.03273088
121 -711.54675293 -6.03005723
122 -711.68121338 -6.03119672
123 -711.48474121 -6.02953171
124 -711.27014160 -6.02771306
125 -711.13989258 -6.02660926
126 -711.04742432 -6.02582563
127 -710.65954590 -6.02253852
128 -710.69012451 -6.02279767
129 -710.84301758 -6.02409337
130 -710.21777344 -6.01879469
131 -710.44604492 -6.02072919
132 -710.46490479 -6.02088902
133 -710.33276367 -6.01976918
134 -710.25738525 -6.01913038
135 -710.18981934 -6.01855779
136 -709.85083008 -6.01568500
137 -709.70880127 -6.01448137
138 -709.51062012 -6.01280187
139 -709.21716309 -6.01031494
140 -708.90161133 -6.00764077
141 -708.50262451 -6.00425953
142 -708.32385254 -6.00274451
143 -708.27239990 -6.00230847
144 -707.56219482 -5.99628979
145 -707.31494141 -5.99419442
146 -706.75305176 -5.98943264
147 -706.67291260 -5.98875350
148 -706.48297119 -5.98714382
149 -706.21490479 -5.98487207
150 -706.11315918 -5.98400982
151 -706.22833252 -5.98498587
152 -705.79840088 -5.98134238
153 -705.65527344 -5.98012944
154 -704.99084473 -5.97449868
155 -704.90087891 -5.97373626
156 -705.07281494 -5.97519335
157 -704.87786865 -5.97354126
158 -704.44458008 -5.96986932
159 -704.21166992 -5.96789551
160 -704.29205322 -5.96857672
161 -704.20617676 -5.96784896
162 -704.12329102 -5.96714653
163 -703.75854492 -5.96405547
164 -703.33129883 -5.96043474
165 -703.08782959 -5.95837144
166 -702.91467285 -5.95690401
167 -702.08972168 -5.94991290
168 -701.48193359 -5.94476215
169 -701.34466553 -5.94359886
170 -700.75537109 -5.93860484
171 -701.21594238 -5.94250799
172 -700.36779785 -5.93532032
173 -700.91021729 -5.93991710
174 -700.38806152 -5.93549205
175 -700.13793945 -5.93337237
176 -700.08007812 -5.93288202
177 -700.10516357 -5.93309461
178 -700.11730957 -5.93319754
179 -700.22424316 -5.93410376
180 -700.04443359 -5.93257995
181 -699.86431885 -5.93105355
182 -699.46411133 -5.92766196
183 -699.08398438 -5.92444055
184 -698.57647705 -5.92013964
185 -698.67358398 -5.92096258
186 -698.57330322 -5.92011274
187 -698.46850586 -5.91922463
188 -698.27917480 -5.91762013
189 -698.54498291 -5.91987274
190 -698.25854492 -5.91744530
191 -698.72290039 -5.92138051
192 -698.88116455 -5.92272173
193 -698.34582520 -5.91818496
194 -697.60540771 -5.91191023
195 -697.50012207 -5.91101798
196 -698.31738281 -5.91794392
197 -698.46826172 -5.91922256
198 -698.90515137 -5.92292501
199 -698.66638184 -5.92090154
200 -698.48699951 -5.91938135
201 -698.35797119 -5.91828789
202 -698.38342285 -5.91850358
203 -698.26831055 -5.91752806
204 -697.24798584 -5.90888124
205 -696.64739990 -5.90379152
206 -695.61785889 -5.89506660
207 -695.73974609 -5.89609954
208 -695.74755859 -5.89616575
209 -696.48370361 -5.90240427
210 -696.50457764 -5.90258117
211 -696.29711914 -5.90082304
212 -695.22833252 -5.89176553
213 -695.28460693 -5.89224243
214 -695.30340576 -5.89240174
215 -695.58056641 -5.89475056
216 -695.18432617 -5.89139259
217 -694.33776855 -5.88421838
218 -694.20184326 -5.88306647
219 -694.23742676 -5.88336802
220 -694.14013672 -5.88254353
221 -694.46704102 -5.88531391
222 -694.71905518 -5.88744962
223 -694.32879639 -5.88414234
224 -693.68511963 -5.87868745
225 -693.46887207 -5.87685485
226 -693.33789062 -5.87574484
227 -693.67987061 -5.87864297
228 -694.15405273 -5.88266146
229 -693.51928711 -5.87728209
230 -692.65869141 -5.86998891
231 -691.23339844 -5.85791016
232 -691.09661865 -5.85675101
233 -690.19934082 -5.84914696
234 -689.98748779 -5.84735159
235 -688.23876953 -5.83253195
236 -688.21557617 -5.83233539
237 -688.78186035 -5.83713441
238 -687.92236328 -5.82985054
239 -687.92443848 -5.82986812
240 -687.53009033 -5.82652619
241 -686.56445312 -5.81834282
242 -685.52087402 -5.80949893
243 -685.65411377 -5.81062808
244 -684.55419922 -5.80130677
245 -684.60314941 -5.80172161
246 -684.64959717 -5.80211523
247 -683.75189209 -5.79450756
248 -683.77734375 -5.79472325
249 -682.86608887 -5.78700075
250 -682.82580566 -5.78665937
251 -681.68554688 -5.77699616
252 -682.19238281 -5.78129138
253 -681.28143311 -5.77357147
254 -681.37982178 -5.77440527
255 -681.84619141 -5.77835755
256 -681.83386230 -5.77825307
257 -682.27050781 -5.78195346
258 -681.60992432 -5.77635529
259 -681.43090820 -5.77483821
260 -680.15332031 -5.76401119
261 -680.28845215 -5.76515637
262 -679.48162842 -5.75831888
263 -678.38464355 -5.74902240
264 -679.09997559 -5.75508454
265 -679.01239014 -5.75434229
266 -678.49700928 -5.74997465
267 -677.86029053 -5.74457873
268 -676.37487793 -5.73199049
269 -676.05932617 -5.72931632
270 -676.07562256 -5.72945443
271 -674.60314941 -5.71697584
272 -673.99737549 -5.71184217
273 -674.67407227 -5.71757688
274 -673.46972656 -5.70737056
275 -673.57275391 -5.70824368
276 -673.39508057 -5.70673797
277 -672.87597656 -5.70233878
278 -673.99389648 -5.71181268
279 -672.62054443 -5.70017411
280 -671.85559082 -5.69369145
281 -672.19165039 -5.69653941
282 -673.00256348 -5.70341155
283 -670.54974365 -5.68262495
284 -669.10205078 -5.67035636
285 -666.85241699 -5.65129167
286 -664.99871826 -5.63558236
287 -664.86651611 -5.63446200
288 -662.10363770 -5.61104778
289 -662.15478516 -5.61148123
290 -662.65051270 -5.61568231
291 -663.37304688 -5.62180548
292 -660.78808594 -5.59989903
293 -660.58862305 -5.59820867
294 -658.49182129 -5.58043916
295 -656.06384277 -5.55986307
296 -656.42333984 -5.56290966
297 -655.26312256 -5.55307731
298 -656.41748047 -5.56286000
299 -657.19165039 -5.56942077
300 -656.83551025 -5.56640263
301 -656.61199951 -5.56450847
302 -656.25073242 -5.56144688
303 -652.99060059 -5.53381865
304 -653.79028320 -5.54059562
305 -652.38720703 -5.52870514
306 -651.56658936 -5.52175076
307 -651.57531738 -5.52182472
308 -650.74914551 -5.51482327
309 -649.73327637 -5.50621421
310 -649.54888916 -5.50465160
311 -650.91113281 -5.51619604
312 -650.89215088 -5.51603518
313 -651.88610840 -5.52445855
314 -651.44128418 -5.52068885
