0 -402.84747314 -6.29449177
1 -402.89163208 -6.29518175
2 -402.92437744 -6.29569340
3 -402.94958496 -6.29608727
4 -402.97116089 -6.29642439
5 -402.98760986 -6.29668140
6 -403.00238037 -6.29691219
7 -403.01306152 -6.29707909
8 -403.02191162 -6.29721737
9 -403.02984619 -6.29734135
10 -403.03674316 -6.29744911
11 -403.04125977 -6.29751968
12 -403.04583740 -6.29759121
13 -403.05004883 -6.29765701
14 -403.05426025 -6.29772282
15 -403.05767822 -6.29777622
16 -403.06091309 -6.29782677
17 -403.06353760 -6.29786777
18 -403.06640625 -6.29791260
19 -403.06903076 -6.29795361
20 -403.07110596 -6.29798603
21 -403.07336426 -6.29802132
22 -403.07568359 -6.29805756
23 -403.07727051 -6.29808235
24 -403.07904053 -6.29811001
25 -403.07989502 -6.29812336
26 -403.08129883 -6.29814529
27 -403.08227539 -6.29816055
28 -403.08343506 -6.29817867
29 -403.08480835 -6.29820013
30 -403.08575439 -6.29821491
31 -403.08679199 -6.29823112
32 -403.08740234 -6.29824066
33 -403.08837891 -6.29825592
