0 -447.37136841 -6.39101955
1 -447.37890625 -6.39112723
2 -447.38269043 -6.39118129
3 -447.38818359 -6.39125977
4 -447.39178467 -6.39131121
5 -447.39739990 -6.39139143
6 -447.39498901 -6.39135699
7 -447.40338135 -6.39147688
8 -447.40246582 -6.39146380
9 -447.40405273 -6.39148647
10 -447.40188599 -6.39145551
11 -447.39978027 -6.39142543
12 -447.41070557 -6.39158151
13 -447.41064453 -6.39158064
14 -447.41586304 -6.39165519
15 -447.42291260 -6.39175589
16 -447.41513062 -6.39164472
17 -447.41729736 -6.39167568
18 -447.41909790 -6.39170140
19 -447.41757202 -6.39167960
20 -447.41665649 -6.39166652
21 -447.41497803 -6.39164254
22 -447.41497803 -6.39164254
23 -447.41485596 -6.39164080
24 -447.42156982 -6.39173671
25 -447.41970825 -6.39171012
26 -447.42190552 -6.39174151
27 -447.41708374 -6.39167262
28 -447.41894531 -6.39169922
29 -447.41748047 -6.39167829
30 -447.42092896 -6.39172756
31 -447.42034912 -6.39171927
32 -447.41729736 -6.39167568
33 -447.42828369 -6.39183262
34 -447.42764282 -6.39182347
35 -447.42962646 -6.39185181
36 -447.43096924 -6.39187099
37 -447.42593384 -6.39179905
38 -447.42694092 -6.39181344
39 -447.42889404 -6.39184134
40 -447.42782593 -6.39182608
41 -447.42678833 -6.39181126
42 -447.42419434 -6.39177420
43 -447.42370605 -6.39176723
44 -447.42492676 -6.39178467
45 -447.42599487 -6.39179993
46 -447.42596436 -6.39179949
47 -447.42962646 -6.39185181
48 -447.43292236 -6.39189889
49 -447.43521118 -6.39193159
50 -447.43283081 -6.39189758
51 -447.43499756 -6.39192854
52 -447.43466187 -6.39192374
53 -447.43292236 -6.39189889
54 -447.43698120 -6.39195687
55 -447.43261719 -6.39189453
56 -447.43811035 -6.39197301
57 -447.43576050 -6.39193944
58 -447.43774414 -6.39196777
59 -447.43496704 -6.39192810
60 -447.43560791 -6.39193726
61 -447.42453003 -6.39177900
62 -447.43017578 -6.39185965
63 -447.44067383 -6.39200963
64 -447.43762207 -6.39196603
65 -447.43533325 -6.39193333
66 -447.43600464 -6.39194292
67 -447.43148804 -6.39187840
68 -447.42184448 -6.39174064
69 -447.43054199 -6.39186489
70 -447.42333984 -6.39176200
71 -447.42230225 -6.39174717
72 -447.42996216 -6.39185660
73 -447.42578125 -6.39179687
74 -447.42166138 -6.39173802
75 -447.42401123 -6.39177159
76 -447.42413330 -6.39177333
77 -447.42620850 -6.39180298
78 -447.42068481 -6.39172407
79 -447.42166138 -6.39173802
80 -447.41558838 -6.39165126
81 -447.41021729 -6.39157453
82 -447.41275024 -6.39161072
83 -447.41250610 -6.39160723
84 -447.40893555 -6.39155622
85 -447.41082764 -6.39158325
86 -447.40948486 -6.39156407
87 -447.41833496 -6.39169050
88 -447.41357422 -6.39162249
89 -447.40365601 -6.39148080
90 -447.41015625 -6.39157366
91 -447.41552734 -6.39165039
92 -447.40945435 -6.39156363
93 -447.41055298 -6.39157933
94 -447.40319824 -6.39147426
95 -447.39373779 -6.39133911
96 -447.39883423 -6.39141192
97 -447.40621948 -6.39151742
98 -447.40090942 -6.39144156
99 -447.39849854 -6.39140712
100 -447.39611816 -6.39137312
101 -447.40100098 -6.39144287
102 -447.39721680 -6.39138881
103 -447.39089966 -6.39129857
104 -447.38766479 -6.39125235
105 -447.38607788 -6.39122968
106 -447.38653564 -6.39123622
107 -447.38726807 -6.39124669
108 -447.39044189 -6.39129203
109 -447.38769531 -6.39125279
110 -447.38827515 -6.39126107
111 -447.38470459 -6.39121007
112 -447.38461304 -6.39120876
113 -447.38095093 -6.39115644
114 -447.38369751 -6.39119568
115 -447.38177490 -6.39116821
116 -447.38217163 -6.39117388
117 -447.36816406 -6.39097377
118 -447.37179565 -6.39102565
119 -447.37115479 -6.39101650
120 -447.36856079 -6.39097944
121 -447.36355591 -6.39090794
122 -447.35934448 -6.39084778
123 -447.35696411 -6.39081377
124 -447.35159302 -6.39073704
125 -447.34884644 -6.39069781
126 -447.35473633 -6.39078195
127 -447.35330200 -6.39076146
128 -447.35107422 -6.39072963
129 -447.34765625 -6.39068080
130 -447.34533691 -6.39064767
131 -447.34780884 -6.39068298
132 -447.34301758 -6.39061454
133 -447.34417725 -6.39063110
134 -447.34521484 -6.39064593
135 -447.34478760 -6.39063982
136 -447.34466553 -6.39063808
137 -447.34436035 -6.39063372
138 -447.34075928 -6.39058228
139 -447.34524536 -6.39064636
140 -447.34478760 -6.39063982
141 -447.33413696 -6.39048767
142 -447.33386230 -6.39048375
143 -447.33050537 -6.39043579
144 -447.33294678 -6.39047067
145 -447.33361816 -6.39048026
146 -447.33908081 -6.39055830
147 -447.33093262 -6.39044189
148 -447.33001709 -6.39042882
149 -447.32379150 -6.39033988
150 -447.32220459 -6.39031721
151 -447.32281494 -6.39032593
152 -447.32049561 -6.39029279
153 -447.31707764 -6.39024397
154 -447.31884766 -6.39026925
155 -447.31890869 -6.39027012
156 -447.31918335 -6.39027405
157 -447.31311035 -6.39018729
158 -447.30865479 -6.39012364
159 -447.30587769 -6.39008397
160 -447.30581665 -6.39008310
161 -447.30694580 -6.39009923
162 -447.30569458 -6.39008135
163 -447.30062866 -6.39000898
164 -447.30175781 -6.39002511
165 -447.29278564 -6.38989694
166 -447.29290771 -6.38989868
167 -447.28765869 -6.38982370
168 -447.28640747 -6.38980582
169 -447.28689575 -6.38981280
170 -447.28649902 -6.38980713
171 -447.28366089 -6.38976658
172 -447.28134155 -6.38973345
173 -447.27935791 -6.38970511
174 -447.27627563 -6.38966108
175 -447.27572632 -6.38965323
176 -447.27944946 -6.38970642
177 -447.27569580 -6.38965280
178 -447.27676392 -6.38966806
179 -447.27844238 -6.38969203
180 -447.27194214 -6.38959917
181 -447.27172852 -6.38959612
182 -447.26486206 -6.38949803
183 -447.26580811 -6.38951154
184 -447.25964355 -6.38942348
185 -447.26339722 -6.38947710
186 -447.25955200 -6.38942217
187 -447.25781250 -6.38939732
188 -447.25317383 -6.38933105
189 -447.24765015 -6.38925214
190 -447.24682617 -6.38924037
191 -447.24395752 -6.38919939
192 -447.24392700 -6.38919896
193 -447.23480225 -6.38906860
194 -447.23403931 -6.38905770
195 -447.22668457 -6.38895264
196 -447.22689819 -6.38895569
197 -447.22439575 -6.38891994
198 -447.22796631 -6.38897095
199 -447.22167969 -6.38888114
200 -447.22439575 -6.38891994
201 -447.22351074 -6.38890730
202 -447.22167969 -6.38888114
203 -447.21484375 -6.38878348
204 -447.21990967 -6.38885585
205 -447.21618652 -6.38880266
206 -447.21765137 -6.38882359
207 -447.21810913 -6.38883013
208 -447.21173096 -6.38873901
209 -447.20947266 -6.38870675
210 -447.20944214 -6.38870632
211 -447.20953369 -6.38870762
212 -447.20761108 -6.38868016
213 -447.20584106 -6.38865487
214 -447.20901489 -6.38870021
215 -447.20645142 -6.38866359
216 -447.20809937 -6.38868713
217 -447.21139526 -6.38873422
218 -447.20291138 -6.38861302
219 -447.20516968 -6.38864528
220 -447.20553589 -6.38865051
221 -447.19903564 -6.38855765
222 -447.19390869 -6.38848441
223 -447.19912720 -6.38855896
224 -447.19909668 -6.38855852
225 -447.19369507 -6.38848136
226 -447.19146729 -6.38844953
227 -447.18554688 -6.38836496
228 -447.19427490 -6.38848964
229 -447.19329834 -6.38847569
230 -447.18978882 -6.38842555
231 -447.18716431 -6.38838806
232 -447.18365479 -6.38833793
233 -447.19119263 -6.38844561
234 -447.18676758 -6.38838239
235 -447.18298340 -6.38832833
236 -447.18447876 -6.38834970
237 -447.17999268 -6.38828561
238 -447.17996216 -6.38828517
239 -447.18450928 -6.38835013
240 -447.17810059 -6.38825858
241 -447.17636108 -6.38823373
242 -447.17712402 -6.38824463
243 -447.17391968 -6.38819885
244 -447.16561890 -6.38808027
245 -447.16317749 -6.38804539
246 -447.15957642 -6.38799395
247 -447.16430664 -6.38806152
248 -447.16995239 -6.38814218
249 -447.15988159 -6.38799831
250 -447.16195679 -6.38802795
251 -447.15731812 -6.38796169
252 -447.14984131 -6.38785488
253 -447.15100098 -6.38787144
254 -447.15524292 -6.38793204
255 -447.14736938 -6.38781956
256 -447.14779663 -6.38782567
257 -447.14517212 -6.38778817
258 -447.14410400 -6.38777291
259 -447.14053345 -6.38772191
260 -447.13702393 -6.38767177
261 -447.13516235 -6.38764518
262 -447.13693237 -6.38767046
263 -447.13827515 -6.38768964
264 -447.13870239 -6.38769575
265 -447.14324951 -6.38776071
266 -447.14288330 -6.38775548
267 -447.14199829 -6.38774283
268 -447.13403320 -6.38762905
269 -447.14013672 -6.38771624
270 -447.13610840 -6.38765869
271 -447.14251709 -6.38775024
272 -447.13769531 -6.38768136
273 -447.14324951 -6.38776071
274 -447.14581299 -6.38779733
275 -447.14483643 -6.38778338
276 -447.13882446 -6.38769749
277 -447.13653564 -6.38766479
278 -447.14123535 -6.38773193
279 -447.13748169 -6.38767831
280 -447.13296509 -6.38761379
281 -447.12872314 -6.38755319
282 -447.12725830 -6.38753226
283 -447.12234497 -6.38746207
284 -447.12347412 -6.38747820
285 -447.12371826 -6.38748169
286 -447.11901855 -6.38741455
287 -447.11560059 -6.38736572
288 -447.11642456 -6.38737749
289 -447.12445068 -6.38749215
290 -447.11575317 -6.38736790
291 -447.10864258 -6.38726632
292 -447.11264038 -6.38732343
293 -447.11309814 -6.38732997
294 -447.11511230 -6.38735875
295 -447.11242676 -6.38732038
296 -447.11206055 -6.38731515
297 -447.10797119 -6.38725673
298 -447.10937500 -6.38727679
299 -447.10443115 -6.38720616
300 -447.10830688 -6.38726153
301 -447.10711670 -6.38724452
302 -447.10772705 -6.38725324
303 -447.10751343 -6.38725019
304 -447.11251831 -6.38732169
305 -447.10992432 -6.38728463
306 -447.10345459 -6.38719221
307 -447.10485840 -6.38721226
308 -447.11016846 -6.38728812
309 -447.11013794 -6.38728768
310 -447.10482788 -6.38721183
311 -447.10089111 -6.38715559
312 -447.08639526 -6.38694850
313 -447.09320068 -6.38704572
314 -447.08877563 -6.38698251
315 -447.08657837 -6.38695112
316 -447.08465576 -6.38692365
317 -447.08593750 -6.38694196
318 -447.09075928 -6.38701085
319 -447.08358765 -6.38690839
320 -447.08346558 -6.38690665
321 -447.08258057 -6.38689401
322 -447.08688354 -6.38695548
323 -447.09170532 -6.38702436
324 -447.08505249 -6.38692932
325 -447.08355713 -6.38690796
326 -447.08010864 -6.38685869
327 -447.08193970 -6.38688485
328 -447.07192993 -6.38674186
329 -447.06698608 -6.38667123
330 -447.06616211 -6.38665946
331 -447.06936646 -6.38670524
332 -447.07162476 -6.38673750
333 -447.07080078 -6.38672573
334 -447.07519531 -6.38678850
335 -447.06695557 -6.38667079
336 -447.06503296 -6.38664333
337 -447.06457520 -6.38663679
338 -447.05905151 -6.38655788
339 -447.05728149 -6.38653259
340 -447.05426025 -6.38648943
341 -447.05926514 -6.38656093
342 -447.05368042 -6.38648115
343 -447.04995728 -6.38642796
344 -447.05191040 -6.38645586
345 -447.05255127 -6.38646502
346 -447.04571533 -6.38636736
347 -447.03869629 -6.38626709
348 -447.04275513 -6.38632507
349 -447.03887939 -6.38626971
350 -447.03649902 -6.38623570
351 -447.03134155 -6.38616202
352 -447.02893066 -6.38612758
353 -447.02978516 -6.38613979
354 -447.03002930 -6.38614328
355 -447.02447510 -6.38606393
356 -447.02209473 -6.38602992
357 -447.02374268 -6.38605347
358 -447.01950073 -6.38599287
359 -447.01684570 -6.38595494
360 -447.01577759 -6.38593968
361 -447.02069092 -6.38600987
362 -447.01879883 -6.38598284
363 -447.01654053 -6.38595058
364 -447.01245117 -6.38589216
