0 -627.99053955 -7.13625613
1 -627.99761963 -7.13633659
2 -627.99896240 -7.13635185
3 -628.00036621 -7.13636780
4 -628.00207520 -7.13638722
5 -628.00610352 -7.13643299
6 -628.00720215 -7.13644548
7 -628.00836182 -7.13645866
8 -628.00872803 -7.13646282
9 -628.01013184 -7.13647877
10 -628.00823975 -7.13645727
11 -628.00848389 -7.13646004
12 -628.01049805 -7.13648293
13 -628.00903320 -7.13646629
14 -628.01141357 -7.13649334
15 -628.01074219 -7.13648571
16 -628.01007080 -7.13647808
17 -628.00952148 -7.13647184
18 -628.00964355 -7.13647322
19 -628.00878906 -7.13646351
20 -628.00622559 -7.13643438
21 -628.00500488 -7.13642051
22 -628.00427246 -7.13641219
23 -628.00366211 -7.13640525
24 -628.00402832 -7.13640941
25 -628.00396729 -7.13640872
26 -628.00128174 -7.13637820
27 -627.99847412 -7.13634630
28 -627.99859619 -7.13634768
29 -627.99908447 -7.13635323
30 -627.99627686 -7.13632133
31 -627.99676514 -7.13632688
32 -627.99407959 -7.13629636
33 -627.99652100 -7.13632410
34 -627.99719238 -7.13633173
35 -627.99389648 -7.13629428
36 -627.99420166 -7.13629775
37 -627.99157715 -7.13626792
38 -627.99011230 -7.13625128
39 -627.98944092 -7.13624365
40 -627.98913574 -7.13624018
41 -627.98901367 -7.13623879
42 -627.98718262 -7.13621798
43 -627.98419189 -7.13618400
44 -627.98510742 -7.13619440
45 -627.98516846 -7.13619510
46 -627.98168945 -7.13615556
47 -627.98016357 -7.13613822
48 -627.97668457 -7.13609869
49 -627.97680664 -7.13610008
50 -627.97460938 -7.13607511
51 -627.97167969 -7.13604181
52 -627.97320557 -7.13605915
53 -627.97253418 -7.13605152
54 -627.97375488 -7.13606540
55 -627.97137451 -7.13603835
56 -627.96697998 -7.13598841
57 -627.96972656 -7.13601962
58 -627.96765137 -7.13599604
59 -627.96636963 -7.13598147
60 -627.96948242 -7.13601685
61 -627.96710205 -7.13598980
62 -627.96697998 -7.13598841
63 -627.96649170 -7.13598286
64 -627.96594238 -7.13597662
65 -627.96307373 -7.13594402
66 -627.96282959 -7.13594125
67 -627.96185303 -7.13593015
68 -627.96209717 -7.13593292
69 -627.96270752 -7.13593986
70 -627.96197510 -7.13593154
71 -627.96118164 -7.13592252
72 -627.96136475 -7.13592460
73 -627.96130371 -7.13592391
74 -627.96142578 -7.13592529
75 -627.96063232 -7.13591628
76 -627.96307373 -7.13594402
77 -627.95892334 -7.13589686
78 -627.95989990 -7.13590795
79 -627.95617676 -7.13586564
80 -627.95861816 -7.13589339
81 -627.95599365 -7.13586356
82 -627.95983887 -7.13590726
83 -627.95806885 -7.13588715
84 -627.95806885 -7.13588715
85 -627.95581055 -7.13586148
86 -627.95690918 -7.13587397
87 -627.95538330 -7.13585663
88 -627.95452881 -7.13584692
89 -627.95556641 -7.13585871
90 -627.95703125 -7.13587536
91 -627.95544434 -7.13585732
92 -627.95916748 -7.13589963
93 -627.95446777 -7.13584622
94 -627.95660400 -7.13587050
95 -627.95623779 -7.13586634
96 -627.95495605 -7.13585177
97 -627.95587158 -7.13586218
98 -627.95495605 -7.13585177
99 -627.95520020 -7.13585455
100 -627.95495605 -7.13585177
101 -627.95806885 -7.13588715
102 -627.95812988 -7.13588784
103 -627.96124268 -7.13592321
104 -627.95989990 -7.13590795
105 -627.96020508 -7.13591142
106 -627.96154785 -7.13592668
107 -627.95947266 -7.13590310
108 -627.96099854 -7.13592044
109 -627.96087646 -7.13591905
110 -627.96331787 -7.13594679
111 -627.96191406 -7.13593084
112 -627.96148682 -7.13592599
113 -627.96087646 -7.13591905
114 -627.95953369 -7.13590379
115 -627.96044922 -7.13591420
116 -627.96148682 -7.13592599
117 -627.95800781 -7.13588645
118 -627.96075439 -7.13591766
119 -627.95806885 -7.13588715
120 -627.95983887 -7.13590726
121 -627.95507812 -7.13585316
122 -627.95648193 -7.13586911
123 -627.95660400 -7.13587050
124 -627.95935059 -7.13590171
125 -627.96264648 -7.13593916
126 -627.96038818 -7.13591350
127 -627.96044922 -7.13591420
128 -627.96093750 -7.13591974
129 -627.96118164 -7.13592252
130 -627.96258545 -7.13593847
131 -627.96166992 -7.13592807
132 -627.96643066 -7.13598217
133 -627.96313477 -7.13594471
134 -627.96258545 -7.13593847
135 -627.96276855 -7.13594055
136 -627.96423340 -7.13595720
137 -627.96386719 -7.13595304
138 -627.96582031 -7.13597523
139 -627.96295166 -7.13594263
140 -627.96350098 -7.13594887
141 -627.95867920 -7.13589408
142 -627.96411133 -7.13595581
143 -627.96423340 -7.13595720
144 -627.96124268 -7.13592321
145 -627.96148682 -7.13592599
146 -627.96112061 -7.13592183
147 -627.96014404 -7.13591073
148 -627.95739746 -7.13587952
149 -627.95526123 -7.13585524
150 -627.95648193 -7.13586911
151 -627.95361328 -7.13583651
152 -627.95361328 -7.13583651
153 -627.95208740 -7.13581918
154 -627.95458984 -7.13584761
155 -627.95275879 -7.13582680
156 -627.95184326 -7.13581640
157 -627.95239258 -7.13582264
158 -627.95385742 -7.13583929
159 -627.95471191 -7.13584900
160 -627.95446777 -7.13584622
161 -627.95605469 -7.13586426
162 -627.95300293 -7.13582958
163 -627.95330811 -7.13583305
164 -627.95190430 -7.13581709
165 -627.95147705 -7.13581224
166 -627.95391846 -7.13583998
167 -627.95086670 -7.13580530
168 -627.95642090 -7.13586842
169 -627.95404053 -7.13584137
170 -627.95355225 -7.13583582
171 -627.95111084 -7.13580808
172 -627.95233154 -7.13582195
173 -627.94927979 -7.13578727
174 -627.95422363 -7.13584345
175 -627.94995117 -7.13579490
176 -627.95355225 -7.13583582
177 -627.95178223 -7.13581571
178 -627.95111084 -7.13580808
179 -627.94946289 -7.13578935
180 -627.95001221 -7.13579559
181 -627.94934082 -7.13578796
182 -627.94781494 -7.13577062
183 -627.94555664 -7.13574496
184 -627.94854736 -7.13577895
185 -627.94512939 -7.13574011
186 -627.94696045 -7.13576091
187 -627.94512939 -7.13574011
188 -627.94641113 -7.13575467
189 -627.94488525 -7.13573733
190 -627.94293213 -7.13571514
191 -627.94445801 -7.13573248
192 -627.94201660 -7.13570473
193 -627.94207764 -7.13570543
194 -627.94171143 -7.13570127
195 -627.94287109 -7.13571444
196 -627.94177246 -7.13570196
197 -627.93914795 -7.13567214
198 -627.94116211 -7.13569502
199 -627.93914795 -7.13567214
200 -627.94085693 -7.13569156
201 -627.93756104 -7.13565410
202 -627.93756104 -7.13565410
203 -627.93597412 -7.13563607
204 -627.93389893 -7.13561249
205 -627.93640137 -7.13564092
206 -627.93389893 -7.13561249
207 -627.93109131 -7.13558058
208 -627.93145752 -7.13558474
209 -627.93084717 -7.13557781
210 -627.93133545 -7.13558336
211 -627.92901611 -7.13555700
212 -627.92834473 -7.13554937
213 -627.92749023 -7.13553966
214 -627.92388916 -7.13549874
215 -627.92633057 -7.13552648
216 -627.92578125 -7.13552024
217 -627.92449951 -7.13550568
218 -627.92388916 -7.13549874
219 -627.92230225 -7.13548071
220 -627.92236328 -7.13548140
221 -627.91998291 -7.13545435
222 -627.92358398 -7.13549527
223 -627.92108154 -7.13546684
224 -627.92462158 -7.13550706
225 -627.92095947 -7.13546545
226 -627.92028809 -7.13545782
227 -627.91973877 -7.13545158
228 -627.92156982 -7.13547238
229 -627.92205811 -7.13547793
230 -627.92193604 -7.13547655
231 -627.92077637 -7.13546337
232 -627.91754150 -7.13542661
233 -627.92034912 -7.13545851
234 -627.91790771 -7.13543077
235 -627.91717529 -7.13542245
236 -627.91864014 -7.13543909
237 -627.92053223 -7.13546059
238 -627.91815186 -7.13543354
239 -627.92047119 -7.13545990
240 -627.91809082 -7.13543285
241 -627.91857910 -7.13543840
242 -627.91485596 -7.13539609
243 -627.91534424 -7.13540164
244 -627.91271973 -7.13537182
245 -627.91516113 -7.13539956
246 -627.91186523 -7.13536210
247 -627.91448975 -7.13539193
248 -627.91650391 -7.13541482
249 -627.91119385 -7.13535448
250 -627.91198730 -7.13536349
251 -627.91198730 -7.13536349
252 -627.91101074 -7.13535239
253 -627.90930176 -7.13533297
254 -627.91064453 -7.13534823
255 -627.91003418 -7.13534130
256 -627.91058350 -7.13534754
257 -627.90905762 -7.13533020
258 -627.91217041 -7.13536557
259 -627.90966797 -7.13533714
260 -627.91137695 -7.13535656
261 -627.90881348 -7.13532743
262 -627.91052246 -7.13534685
263 -627.90734863 -7.13531078
264 -627.90802002 -7.13531841
265 -627.90698242 -7.13530662
266 -627.90686035 -7.13530523
267 -627.90600586 -7.13529552
268 -627.90649414 -7.13530107
269 -627.90594482 -7.13529483
270 -627.90087891 -7.13523726
271 -627.90502930 -7.13528442
272 -627.90374756 -7.13526986
273 -627.90277100 -7.13525876
274 -627.89813232 -7.13520605
275 -627.89855957 -7.13521090
276 -627.89611816 -7.13518316
277 -627.89764404 -7.13520050
278 -627.89733887 -7.13519703
279 -627.89392090 -7.13515819
280 -627.89263916 -7.13514363
281 -627.89227295 -7.13513947
282 -627.89270020 -7.13514432
283 -627.89245605 -7.13514155
284 -627.89367676 -7.13515542
285 -627.89208984 -7.13513738
286 -627.89093018 -7.13512421
287 -627.89245605 -7.13514155
288 -627.89154053 -7.13513114
289 -627.89105225 -7.13512559
290 -627.88903809 -7.13510271
291 -627.89166260 -7.13513253
292 -627.88958740 -7.13510895
293 -627.88842773 -7.13509577
294 -627.88507080 -7.13505762
295 -627.88787842 -7.13508953
296 -627.88708496 -7.13508051
297 -627.88873291 -7.13509924
298 -627.88836670 -7.13509508
299 -627.88928223 -7.13510548
300 -627.88922119 -7.13510479
301 -627.88970947 -7.13511033
302 -627.89074707 -7.13512213
303 -627.89019775 -7.13511588
304 -627.89288330 -7.13514640
305 -627.88940430 -7.13510687
306 -627.89062500 -7.13512074
307 -627.88989258 -7.13511242
308 -627.88934326 -7.13510617
309 -627.88995361 -7.13511311
310 -627.89044189 -7.13511866
311 -627.89025879 -7.13511658
312 -627.89068604 -7.13512143
313 -627.88922119 -7.13510479
314 -627.89123535 -7.13512767
315 -627.89013672 -7.13511519
316 -627.89038086 -7.13511796
317 -627.89044189 -7.13511866
318 -627.89355469 -7.13515403
319 -627.89288330 -7.13514640
320 -627.89300537 -7.13514779
321 -627.89367676 -7.13515542
322 -627.89337158 -7.13515195
323 -627.89520264 -7.13517276
324 -627.89373779 -7.13515611
325 -627.89312744 -7.13514918
326 -627.89239502 -7.13514085
327 -627.89257812 -7.13514293
328 -627.89392090 -7.13515819
329 -627.89331055 -7.13515126
330 -627.89367676 -7.13515542
331 -627.89001465 -7.13511380
332 -627.89160156 -7.13513184
333 -627.88916016 -7.13510409
334 -627.88665771 -7.13507566
335 -627.88928223 -7.13510548
336 -627.88952637 -7.13510825
337 -627.89038086 -7.13511796
338 -627.88647461 -7.13507358
339 -627.88909912 -7.13510340
340 -627.88726807 -7.13508259
341 -627.88769531 -7.13508745
342 -627.88702393 -7.13507982
343 -627.88568115 -7.13506456
344 -627.88562012 -7.13506386
345 -627.88183594 -7.13502086
346 -627.88159180 -7.13501809
347 -627.88031006 -7.13500352
348 -627.88024902 -7.13500283
349 -627.87646484 -7.13495983
350 -627.87957764 -7.13499520
351 -627.87799072 -7.13497717
352 -627.87939453 -7.13499312
353 -627.87847900 -7.13498272
354 -627.87744141 -7.13497093
355 -627.87585449 -7.13495289
356 -627.87609863 -7.13495567
357 -627.87591553 -7.13495359
358 -627.87872314 -7.13498549
359 -627.87432861 -7.13493555
360 -627.87725830 -7.13496884
361 -627.87390137 -7.13493070
362 -627.87530518 -7.13494665
363 -627.87536621 -7.13494734
364 -627.87347412 -7.13492584
365 -627.87274170 -7.13491752
366 -627.87359619 -7.13492723
367 -627.87200928 -7.13490920
368 -627.87292480 -7.13491960
369 -627.87298584 -7.13492029
370 -627.87359619 -7.13492723
371 -627.87237549 -7.13491336
372 -627.87384033 -7.13493000
373 -627.87158203 -7.13490434
374 -627.87377930 -7.13492931
375 -627.87054443 -7.13489255
376 -627.87054443 -7.13489255
377 -627.86853027 -7.13486966
378 -627.86840820 -7.13486828
379 -627.86883545 -7.13487313
380 -627.87011719 -7.13488770
381 -627.86535645 -7.13483360
382 -627.86730957 -7.13485579
383 -627.86639404 -7.13484539
384 -627.86535645 -7.13483360
385 -627.86669922 -7.13484885
386 -627.86505127 -7.13483013
387 -627.86474609 -7.13482666
388 -627.86547852 -7.13483498
389 -627.86279297 -7.13480447
390 -627.86523438 -7.13483221
391 -627.86108398 -7.13478505
392 -627.86206055 -7.13479614
393 -627.86071777 -7.13478088
394 -627.86175537 -7.13479267
395 -627.85766602 -7.13474620
396 -627.85986328 -7.13477117
397 -627.85681152 -7.13473649
398 -627.85516357 -7.13471777
399 -627.85528564 -7.13471916
400 -627.85125732 -7.13467338
401 -627.85174561 -7.13467893
402 -627.85021973 -7.13466159
403 -627.85015869 -7.13466089
404 -627.84924316 -7.13465049
405 -627.84765625 -7.13463246
406 -627.84429932 -7.13459431
407 -627.84631348 -7.13461720
408 -627.84362793 -7.13458668
409 -627.84521484 -7.13460471
410 -627.84283447 -7.13457766
411 -627.83972168 -7.13454229
412 -627.84014893 -7.13454715
413 -627.83563232 -7.13449582
414 -627.83593750 -7.13449929
415 -627.83728027 -7.13451455
416 -627.83740234 -7.13451594
417 -627.83551025 -7.13449443
418 -627.83276367 -7.13446322
419 -627.82952881 -7.13442646
420 -627.83099365 -7.13444311
421 -627.83093262 -7.13444242
422 -627.82739258 -7.13440219
423 -627.82604980 -7.13438693
424 -627.82708740 -7.13439872
425 -627.82476807 -7.13437236
426 -627.82653809 -7.13439248
427 -627.82397461 -7.13436335
428 -627.82324219 -7.13435502
429 -627.82305908 -7.13435294
430 -627.82141113 -7.13433422
431 -627.82116699 -7.13433144
432 -627.81848145 -7.13430093
433 -627.81726074 -7.13428705
434 -627.81677246 -7.13428151
435 -627.81512451 -7.13426278
436 -627.81457520 -7.13425654
437 -627.81317139 -7.13424058
438 -627.81201172 -7.13422741
439 -627.81140137 -7.13422047
440 -627.80950928 -7.13419897
441 -627.80950928 -7.13419897
442 -627.80670166 -7.13416706
443 -627.80639648 -7.13416360
444 -627.80688477 -7.13416915
445 -627.80566406 -7.13415527
446 -627.80383301 -7.13413447
447 -627.80395508 -7.13413585
448 -627.80383301 -7.13413447
449 -627.80273438 -7.13412198
450 -627.80096436 -7.13410187
451 -627.80029297 -7.13409424
452 -627.80126953 -7.13410534
453 -627.80126953 -7.13410534
454 -627.79956055 -7.13408592
455 -627.79846191 -7.13407343
456 -627.79919434 -7.13408175
457 -627.79718018 -7.13405887
458 -627.79852295 -7.13407412
459 -627.79858398 -7.13407482
460 -627.79931641 -7.13408314
461 -627.80041504 -7.13409563
462 -627.79998779 -7.13409077
463 -627.80090332 -7.13410117
464 -627.80340576 -7.13412961
465 -627.80584717 -7.13415735
466 -627.80615234 -7.13416082
467 -627.80871582 -7.13418995
468 -627.80975342 -7.13420174
469 -627.81109619 -7.13421700
470 -627.81127930 -7.13421908
471 -627.81402588 -7.13425029
472 -627.81378174 -7.13424752
473 -627.81713867 -7.13428567
474 -627.81756592 -7.13429052
475 -627.82128906 -7.13433283
476 -627.82104492 -7.13433006
477 -627.82464600 -7.13437098
478 -627.82385254 -7.13436196
479 -627.82757568 -7.13440427
480 -627.82684326 -7.13439595
481 -627.82965088 -7.13442785
482 -627.82861328 -7.13441606
