0 -645.05053711 -6.86223976
1 -645.06292725 -6.86237157
2 -645.06939697 -6.86244039
3 -645.07434082 -6.86249299
4 -645.07836914 -6.86253584
5 -645.08129883 -6.86256701
6 -645.08380127 -6.86259363
7 -645.08666992 -6.86262415
8 -645.08898926 -6.86264882
9 -645.09143066 -6.86267479
10 -645.09356689 -6.86269752
11 -645.09570312 -6.86272025
12 -645.09710693 -6.86273518
13 -645.09912109 -6.86275661
14 -645.10180664 -6.86278518
15 -645.10333252 -6.86280141
16 -645.10491943 -6.86281829
17 -645.10681152 -6.86283842
18 -645.10864258 -6.86285790
19 -645.11047363 -6.86287738
20 -645.11108398 -6.86288387
21 -645.11267090 -6.86290075
22 -645.11492920 -6.86292478
23 -645.11676025 -6.86294426
24 -645.11737061 -6.86295075
25 -645.11920166 -6.86297023
26 -645.12060547 -6.86298516
27 -645.12237549 -6.86300399
28 -645.12365723 -6.86301763
29 -645.12475586 -6.86302932
30 -645.12548828 -6.86303711
31 -645.12646484 -6.86304750
32 -645.12780762 -6.86306178
33 -645.12854004 -6.86306957
34 -645.12945557 -6.86307931
35 -645.13092041 -6.86309490
36 -645.13134766 -6.86309944
37 -645.13281250 -6.86311503
38 -645.13397217 -6.86312736
39 -645.13476562 -6.86313580
40 -645.13574219 -6.86314619
41 -645.13647461 -6.86315399
42 -645.13769531 -6.86316697
43 -645.13793945 -6.86316957
44 -645.13970947 -6.86318840
45 -645.13952637 -6.86318645
46 -645.14001465 -6.86319165
47 -645.14080811 -6.86320009
48 -645.14227295 -6.86321567
49 -645.14294434 -6.86322281
50 -645.14367676 -6.86323060
51 -645.14416504 -6.86323580
52 -645.14477539 -6.86324229
53 -645.14562988 -6.86325138
54 -645.14587402 -6.86325398
55 -645.14715576 -6.86326761
56 -645.14807129 -6.86327735
57 -645.14880371 -6.86328515
58 -645.14996338 -6.86329748
59 -645.15051270 -6.86330333
60 -645.15155029 -6.86331436
61 -645.15161133 -6.86331501
62 -645.15185547 -6.86331761
63 -645.15264893 -6.86332605
64 -645.15362549 -6.86333644
65 -645.15393066 -6.86333969
66 -645.15460205 -6.86334683
67 -645.15490723 -6.86335008
68 -645.15539551 -6.86335527
69 -645.15570068 -6.86335852
70 -645.15643311 -6.86336631
71 -645.15704346 -6.86337280
72 -645.15698242 -6.86337215
73 -645.15698242 -6.86337215
74 -645.15814209 -6.86338449
75 -645.15863037 -6.86338968
76 -645.15930176 -6.86339683
77 -645.15997314 -6.86340397
78 -645.16064453 -6.86341111
