0 -550.91931152 -6.88649139
1 -549.36907959 -6.86711349
2 -547.74481201 -6.84681015
3 -547.34454346 -6.84180679
4 -546.30743408 -6.82884293
5 -545.49975586 -6.81874695
6 -544.57556152 -6.80719452
7 -542.66772461 -6.78334656
8 -540.50958252 -6.75636978
9 -537.63159180 -6.72039490
10 -537.22491455 -6.71531143
11 -536.43597412 -6.70544968
12 -535.70739746 -6.69634247
13 -534.34332275 -6.67929153
14 -534.80981445 -6.68512268
15 -533.40582275 -6.66757278
16 -532.46911621 -6.65586395
17 -530.93280029 -6.63666000
18 -530.11285400 -6.62641068
19 -529.20214844 -6.61502686
20 -525.75494385 -6.57193680
21 -524.67376709 -6.55842209
22 -524.13061523 -6.55163269
23 -523.71093750 -6.54638672
24 -519.79638672 -6.49745483
25 -518.07043457 -6.47588043
26 -516.41638184 -6.45520477
27 -516.01239014 -6.45015488
28 -514.37756348 -6.42971954
29 -512.11907959 -6.40148849
30 -513.05657959 -6.41320724
31 -512.91168213 -6.41139603
32 -510.97467041 -6.38718338
33 -508.12252808 -6.35153160
34 -508.13281250 -6.35166016
35 -507.27807617 -6.34097595
36 -503.08944702 -6.28861809
37 -503.81192017 -6.29764900
38 -498.99285889 -6.23741074
39 -495.32327271 -6.19154091
40 -491.90597534 -6.14882469
41 -485.82629395 -6.07282867
42 -481.92575073 -6.02407188
43 -482.69909668 -6.03373871
44 -479.81518555 -5.99768982
45 -479.31274414 -5.99140930
46 -475.96902466 -5.94961281
47 -476.89175415 -5.96114693
48 -476.12985229 -5.95162315
49 -472.75442505 -5.90943031
50 -466.48287964 -5.83103600
51 -463.78451538 -5.79730644
52 -460.93313599 -5.76166420
53 -456.27542114 -5.70344276
54 -448.74661255 -5.60933266
55 -444.16854858 -5.55210686
56 -437.84304810 -5.47303810
57 -436.11032104 -5.45137901
58 -431.98367310 -5.39979591
59 -433.98175049 -5.42477188
60 -435.12506104 -5.43906326
61 -431.11611938 -5.38895149
62 -428.86425781 -5.36080322
63 -426.45788574 -5.33072357
64 -420.21820068 -5.25272751
65 -419.87124634 -5.24839058
66 -416.58499146 -5.20731239
67 -412.43746948 -5.15546837
68 -408.45025635 -5.10562820
69 -412.41369629 -5.15517120
70 -417.17590332 -5.21469879
71 -419.19259644 -5.23990746
72 -427.57003784 -5.34462547
73 -429.18646240 -5.36483078
74 -428.92993164 -5.36162415
75 -423.25265503 -5.29065819
76 -414.90063477 -5.18625793
77 -420.36013794 -5.25450172
78 -412.49487305 -5.15618591
79 -408.42022705 -5.10525284
80 -403.54730225 -5.04434128
81 -388.20953369 -4.85261917
82 -393.76296997 -4.92203712
83 -399.91390991 -4.99892387
84 -396.57586670 -4.95719833
85 -404.73886108 -5.05923576
86 -403.50158691 -5.04376984
87 -396.38534546 -4.95481682
88 -393.99627686 -4.92495346
89 -389.09628296 -4.86370354
90 -386.23779297 -4.82797241
91 -392.48538208 -4.90606728
92 -386.23895264 -4.82798691
93 -382.55715942 -4.78196449
94 -379.98403931 -4.74980049
95 -374.09426880 -4.67617836
96 -375.66427612 -4.69580345
97 -365.54702759 -4.56933784
98 -346.67483521 -4.33343544
99 -326.22561646 -4.07782021
100 -324.56567383 -4.05707092
101 -328.75686646 -4.10946083
102 -331.82754517 -4.14784431
103 -323.57693481 -4.04471169
104 -302.94763184 -3.78684540
105 -306.51718140 -3.83146477
106 -307.81259155 -3.84765739
107 -303.76846313 -3.79710579
108 -310.41317749 -3.88016472
109 -309.70388794 -3.87129860
110 -296.88629150 -3.71107864
111 -308.20629883 -3.85257874
112 -300.45925903 -3.75574074
113 -305.53704834 -3.81921310
114 -296.32580566 -3.70407257
115 -291.05743408 -3.63821793
116 -292.92706299 -3.66158829
117 -298.09054565 -3.72613182
118 -300.77801514 -3.75972519
119 -285.59558105 -3.56994476
120 -280.42962646 -3.50537033
121 -296.71722412 -3.70896530
122 -282.62133789 -3.53276672
123 -300.30911255 -3.75386391
124 -295.93521118 -3.69919014
125 -305.66430664 -3.82080383
126 -287.27951050 -3.59099388
127 -272.20004272 -3.40250053
128 -226.52685547 -2.83158569
129 -201.42611694 -2.51782646
130 -134.92272949 -1.68653412
131 -195.27209473 -2.44090118
132 -229.22825623 -2.86535320
133 -197.74972534 -2.47187157
134 -151.09768677 -1.88872108
135 -116.71147919 -1.45889349
136 -155.70721436 -1.94634018
137 -238.37171936 -2.97964649
138 -231.64358521 -2.89554482
139 -245.69845581 -3.07123070
140 -247.11672974 -3.08895912
141 -224.22337341 -2.80279217
142 -218.94088745 -2.73676109
143 -208.65599060 -2.60819988
144 -229.61044312 -2.87013054
145 -251.20910645 -3.14011383
146 -255.35031128 -3.19187889
147 -220.73052979 -2.75913162
148 -193.46514893 -2.41831436
149 -201.15107727 -2.51438847
150 -158.49224854 -1.98115311
151 -196.01593018 -2.45019913
152 -165.84199524 -2.07302494
153 -130.97215271 -1.63715191
154 -74.66110229 -0.93326378
155 -75.54711914 -0.94433899
156 -72.36911011 -0.90461388
157 -103.55772400 -1.29447155
158 -107.13825989 -1.33922825
159 -122.82537842 -1.53531723
160 -95.37921906 -1.19224024
161 -41.37707520 -0.51721344
162 10.72369385 0.13404617
163 -5.03334808 -0.06291685
164 10.46012115 0.13075151
165 53.33061981 0.66663275
