0 -756.22338867 -6.75199454
1 -754.95233154 -6.74064582
2 -753.53930664 -6.72802952
3 -752.32952881 -6.71722794
4 -751.02087402 -6.70554352
5 -748.75073242 -6.68527440
6 -747.22717285 -6.67167119
7 -744.57360840 -6.64797865
8 -743.09246826 -6.63475418
9 -742.44927979 -6.62901143
10 -740.81829834 -6.61444909
11 -736.14965820 -6.57276481
12 -735.85131836 -6.57010106
13 -735.71862793 -6.56891632
14 -735.47552490 -6.56674576
15 -733.03637695 -6.54496765
16 -731.35534668 -6.52995845
17 -728.44934082 -6.50401197
18 -723.27429199 -6.45780618
19 -723.99224854 -6.46421650
20 -723.00500488 -6.45540183
21 -720.26116943 -6.43090330
22 -717.60614014 -6.40719768
23 -715.71368408 -6.39030075
24 -714.86450195 -6.38271877
25 -709.62390137 -6.33592769
26 -705.37042236 -6.29795020
27 -704.28979492 -6.28830174
28 -705.47088623 -6.29884720
29 -703.73565674 -6.28335408
30 -704.03344727 -6.28601292
31 -703.37585449 -6.28014156
32 -705.66162109 -6.30055019
33 -702.91906738 -6.27606310
34 -703.73272705 -6.28332792
35 -703.44482422 -6.28075736
36 -699.73175049 -6.24760492
37 -700.66662598 -6.25595202
38 -701.20825195 -6.26078796
39 -700.51696777 -6.25461578
40 -702.44415283 -6.27182279
41 -700.66656494 -6.25595147
42 -698.70666504 -6.23845237
43 -698.24719238 -6.23434993
44 -697.49932861 -6.22767258
45 -696.32482910 -6.21718597
46 -698.60913086 -6.23758153
47 -695.64343262 -6.21110208
48 -694.24468994 -6.19861330
49 -692.47644043 -6.18282536
50 -692.44024658 -6.18250220
51 -693.01257324 -6.18761226
52 -693.52996826 -6.19223186
53 -691.35412598 -6.17280470
54 -689.89215088 -6.15975135
55 -688.83300781 -6.15029471
56 -685.80029297 -6.12321690
57 -685.69592285 -6.12228503
58 -686.09918213 -6.12588555
59 -685.22509766 -6.11808123
60 -682.92010498 -6.09750094
61 -679.54248047 -6.06734358
62 -677.95532227 -6.05317252
63 -677.52734375 -6.04935128
64 -679.00854492 -6.06257629
65 -680.80084229 -6.07857895
66 -680.78393555 -6.07842800
67 -684.11413574 -6.10816193
68 -682.30133057 -6.09197617
69 -682.96740723 -6.09792328
70 -679.39062500 -6.06598772
71 -675.28112793 -6.02929579
72 -673.97534180 -6.01763698
73 -667.95141602 -5.96385193
74 -668.19329834 -5.96601159
75 -662.18261719 -5.91234480
76 -656.33911133 -5.86017064
77 -656.45953369 -5.86124584
78 -650.74609375 -5.81023298
79 -646.15405273 -5.76923261
80 -642.31970215 -5.73499734
81 -642.76025391 -5.73893084
82 -642.85632324 -5.73978860
83 -645.60717773 -5.76434980
84 -640.99499512 -5.72316960
85 -635.62976074 -5.67526572
86 -638.62902832 -5.70204490
87 -641.30468750 -5.72593471
88 -644.17779541 -5.75158746
89 -644.84912109 -5.75758144
90 -645.97058105 -5.76759447
91 -649.02496338 -5.79486574
92 -655.36151123 -5.85144206
93 -654.83398438 -5.84673200
94 -659.13903809 -5.88516998
95 -659.00506592 -5.88397380
96 -657.00823975 -5.86614500
97 -653.02099609 -5.83054461
98 -654.57806396 -5.84444700
99 -647.74462891 -5.78343419
100 -650.66796875 -5.80953544
101 -652.04632568 -5.82184219
102 -653.03680420 -5.83068575
103 -649.04785156 -5.79507010
104 -649.30133057 -5.79733331
105 -651.11962891 -5.81356812
106 -650.97833252 -5.81230654
107 -645.16424561 -5.76039505
108 -641.47601318 -5.72746440
109 -638.55181885 -5.70135553
110 -636.14526367 -5.67986843
111 -631.36627197 -5.63719886
112 -629.68762207 -5.62221091
113 -628.54931641 -5.61204747
114 -626.38879395 -5.59275709
115 -620.53533936 -5.54049410
116 -620.06787109 -5.53632028
117 -621.53210449 -5.54939379
118 -627.67187500 -5.60421317
119 -628.62847900 -5.61275428
120 -628.62097168 -5.61268725
121 -626.48791504 -5.59364210
122 -623.31140137 -5.56528037
123 -626.28173828 -5.59180123
124 -627.23889160 -5.60034725
125 -629.23522949 -5.61817169
126 -632.07128906 -5.64349365
127 -631.21520996 -5.63585009
128 -628.98596191 -5.61594609
129 -628.69213867 -5.61332267
130 -627.14929199 -5.59954725
131 -627.39312744 -5.60172435
132 -627.61474609 -5.60370309
133 -627.59118652 -5.60349274
134 -624.86004639 -5.57910756
135 -625.11022949 -5.58134133
136 -627.23095703 -5.60027640
137 -625.11267090 -5.58136313
138 -627.53930664 -5.60302952
139 -626.34039307 -5.59232494
140 -625.55480957 -5.58531080
141 -627.12731934 -5.59935107
142 -629.14562988 -5.61737170
143 -626.25402832 -5.59155382
144 -623.13537598 -5.56370871
145 -620.11645508 -5.53675406
146 -617.95135498 -5.51742281
147 -620.24127197 -5.53786850
148 -620.82855225 -5.54311207
149 -623.23986816 -5.56464168
150 -626.59936523 -5.59463719
151 -624.50732422 -5.57595825
152 -622.00347900 -5.55360249
153 -621.60662842 -5.55005918
154 -622.85339355 -5.56119101
155 -624.67132568 -5.57742255
156 -624.86273193 -5.57913154
157 -625.45471191 -5.58441707
158 -625.55273438 -5.58529227
159 -629.82421875 -5.62343052
160 -628.12817383 -5.60828727
161 -626.37841797 -5.59266445
162 -626.31585693 -5.59210587
163 -623.75177002 -5.56921223
164 -621.91320801 -5.55279650
165 -624.00122070 -5.57143947
166 -622.11853027 -5.55462973
167 -622.40087891 -5.55715070
168 -622.69750977 -5.55979919
169 -623.92132568 -5.57072612
170 -625.78094482 -5.58732986
171 -623.27026367 -5.56491307
172 -623.73889160 -5.56909725
173 -622.54266357 -5.55841664
174 -624.20568848 -5.57326508
175 -620.89007568 -5.54366139
176 -621.16357422 -5.54610334
177 -619.95770264 -5.53533663
178 -620.79968262 -5.54285431
179 -617.62554932 -5.51451383
180 -616.45397949 -5.50405339
181 -613.76452637 -5.48004041
182 -616.10571289 -5.50094387
183 -615.34362793 -5.49413954
184 -613.76110840 -5.48000990
185 -611.04840088 -5.45578929
186 -611.29992676 -5.45803506
187 -611.39129639 -5.45885086
188 -610.94635010 -5.45487813
189 -614.26080322 -5.48447146
190 -618.10986328 -5.51883807
191 -616.45043945 -5.50402178
192 -616.35974121 -5.50321198
193 -614.67919922 -5.48820714
194 -611.65948486 -5.46124540
195 -613.27844238 -5.47570038
196 -610.24652100 -5.44862965
197 -609.75134277 -5.44420842
198 -609.63269043 -5.44314902
199 -608.05187988 -5.42903464
200 -610.39196777 -5.44992828
201 -606.99499512 -5.41959817
202 -605.15802002 -5.40319661
203 -600.03131104 -5.35742242
204 -602.32153320 -5.37787083
205 -599.45800781 -5.35230364
206 -600.04748535 -5.35756683
207 -601.83325195 -5.37351118
208 -601.29211426 -5.36867959
209 -593.82824707 -5.30203792
210 -591.77777100 -5.28373010
211 -585.40093994 -5.22679411
212 -583.21508789 -5.20727757
213 -582.64477539 -5.20218549
214 -583.82086182 -5.21268627
215 -580.36914062 -5.18186733
216 -575.39172363 -5.13742610
217 -577.09844971 -5.15266473
218 -572.63183594 -5.11278425
219 -572.63427734 -5.11280605
220 -572.37579346 -5.11049816
221 -572.81457520 -5.11441585
222 -571.64697266 -5.10399083
223 -573.35406494 -5.11923272
224 -570.43981934 -5.09321267
225 -570.30889893 -5.09204374
226 -567.04901123 -5.06293760
227 -564.63598633 -5.04139274
228 -564.38629150 -5.03916332
229 -559.19616699 -4.99282292
230 -556.13439941 -4.96548571
231 -560.46557617 -5.00415693
232 -557.85955811 -4.98088891
233 -555.30041504 -4.95803942
234 -556.90527344 -4.97236851
235 -557.58990479 -4.97848129
236 -562.96655273 -5.02648708
237 -569.24945068 -5.08258438
238 -568.54626465 -5.07630593
239 -569.51281738 -5.08493587
240 -564.72424316 -5.04218074
241 -563.29833984 -5.02944946
242 -557.69946289 -4.97945949
243 -559.65380859 -4.99690901
244 -561.11511230 -5.00995636
245 -558.20166016 -4.98394339
246 -560.08886719 -5.00079346
247 -556.23925781 -4.96642194
248 -559.77966309 -4.99803271
249 -565.03735352 -5.04497637
250 -560.79693604 -5.00711550
251 -558.86962891 -4.98990740
252 -559.82104492 -4.99840219
253 -559.99499512 -4.99995531
254 -558.21252441 -4.98404040
255 -554.89221191 -4.95439475
256 -554.47467041 -4.95066670
257 -551.75598145 -4.92639269
258 -556.69982910 -4.97053419
259 -553.01232910 -4.93761008
260 -552.06945801 -4.92919159
261 -559.40966797 -4.99472918
262 -562.92425537 -5.02610942
263 -562.90472412 -5.02593504
264 -563.56005859 -5.03178624
265 -563.27990723 -5.02928489
266 -561.59808350 -5.01426860
267 -561.79040527 -5.01598576
268 -561.28027344 -5.01143101
269 -558.11523438 -4.98317174
270 -557.13885498 -4.97445406
271 -559.94335938 -4.99949428
272 -557.53912354 -4.97802789
273 -551.99664307 -4.92854146
274 -553.96118164 -4.94608198
275 -554.50433350 -4.95093155
276 -552.66711426 -4.93452781
277 -553.64898682 -4.94329453
278 -553.35485840 -4.94066838
279 -555.28979492 -4.95794460
280 -554.20440674 -4.94825363
281 -554.49072266 -4.95081002
282 -557.68408203 -4.97932216
283 -554.42846680 -4.95025417
284 -554.48327637 -4.95074354
285 -552.91186523 -4.93671308
286 -552.41455078 -4.93227277
287 -547.41973877 -4.88767624
288 -547.10803223 -4.88489314
289 -549.82232666 -4.90912792
290 -548.20385742 -4.89467730
291 -546.28680420 -4.87756075
292 -544.44934082 -4.86115483
293 -545.77130127 -4.87295805
294 -541.92395020 -4.83860670
295 -543.47161865 -4.85242517
296 -546.39318848 -4.87851061
297 -549.04119873 -4.90215356
298 -545.80993652 -4.87330300
299 -545.44445801 -4.87003980
300 -548.65124512 -4.89867183
301 -545.41693115 -4.86979403
302 -544.82446289 -4.86450413
303 -543.11975098 -4.84928349
304 -544.32525635 -4.86004693
305 -547.77459717 -4.89084462
306 -547.05688477 -4.88443647
307 -551.54180908 -4.92448044
