0 -517.77893066 -6.63819142
1 -517.79534912 -6.63840191
2 -517.80407715 -6.63851381
3 -517.81103516 -6.63860301
4 -517.81616211 -6.63866874
5 -517.81909180 -6.63870631
6 -517.82226562 -6.63874700
7 -517.82537842 -6.63878690
8 -517.82781982 -6.63881820
9 -517.82977295 -6.63884324
10 -517.83148193 -6.63886515
11 -517.83349609 -6.63889098
12 -517.83459473 -6.63890506
13 -517.83642578 -6.63892854
14 -517.83782959 -6.63894653
15 -517.83953857 -6.63896844
16 -517.84075928 -6.63898409
17 -517.84161377 -6.63899505
18 -517.84271240 -6.63900913
19 -517.84393311 -6.63902478
20 -517.84539795 -6.63904356
21 -517.84606934 -6.63905217
22 -517.84722900 -6.63906704
23 -517.84869385 -6.63908582
24 -517.84948730 -6.63909599
25 -517.85076904 -6.63911242
26 -517.85137939 -6.63912025
27 -517.85308838 -6.63914216
