0 -437.98883057 -6.34766421
1 -438.00674438 -6.34792383
2 -438.02001953 -6.34811623
3 -438.03155518 -6.34828341
4 -438.04132080 -6.34842494
5 -438.05075073 -6.34856160
6 -438.05853271 -6.34867439
7 -438.06610107 -6.34878407
8 -438.07238770 -6.34887518
9 -438.07867432 -6.34896629
10 -438.08285522 -6.34902689
11 -438.08825684 -6.34910517
12 -438.09259033 -6.34916798
13 -438.09616089 -6.34921972
14 -438.09985352 -6.34927324
15 -438.10345459 -6.34932543
16 -438.10729980 -6.34938116
17 -438.11087036 -6.34943290
18 -438.11355591 -6.34947182
19 -438.11517334 -6.34949527
20 -438.11773682 -6.34953242
21 -438.11968994 -6.34956072
22 -438.12219238 -6.34959699
23 -438.12414551 -6.34962530
24 -438.12542725 -6.34964387
25 -438.12713623 -6.34966864
26 -438.12811279 -6.34968279
27 -438.12951660 -6.34970314
28 -438.13067627 -6.34971995
29 -438.13235474 -6.34974427
30 -438.13339233 -6.34975931
31 -438.13439941 -6.34977390
32 -438.13525391 -6.34978629
33 -438.13619995 -6.34980000
34 -438.13760376 -6.34982034
35 -438.13800049 -6.34982609
36 -438.13906860 -6.34984157
37 -438.14022827 -6.34985838
38 -438.14181519 -6.34988138
39 -438.14208984 -6.34988536
40 -438.14239502 -6.34988978
41 -438.14349365 -6.34990571
42 -438.14416504 -6.34991544
43 -438.14459229 -6.34992163
44 -438.14556885 -6.34993578
45 -438.14657593 -6.34995038
46 -438.14712524 -6.34995834
47 -438.14678955 -6.34995347
48 -438.14782715 -6.34996851
49 -438.14862061 -6.34998001
50 -438.14901733 -6.34998576
51 -438.14953613 -6.34999328
52 -438.14965820 -6.34999505
53 -438.15054321 -6.35000787
