0 -722.49023438 -6.68972439
1 -722.47430420 -6.68957689
2 -722.43151855 -6.68918073
3 -722.38256836 -6.68872748
4 -722.30432129 -6.68800297
5 -722.25415039 -6.68753843
6 -722.21520996 -6.68717787
7 -722.20092773 -6.68704563
8 -722.20263672 -6.68706145
9 -722.13366699 -6.68642284
10 -722.04785156 -6.68562826
11 -721.96533203 -6.68486419
12 -721.94763184 -6.68470029
13 -721.85693359 -6.68386050
14 -721.81884766 -6.68350785
15 -721.73364258 -6.68271891
16 -721.66229248 -6.68205826
17 -721.66546631 -6.68208765
18 -721.61407471 -6.68161180
19 -721.58404541 -6.68133375
20 -721.55358887 -6.68105175
21 -721.47937012 -6.68036454
22 -721.38330078 -6.67947501
23 -721.35070801 -6.67917322
24 -721.33093262 -6.67899012
25 -721.32330322 -6.67891947
26 -721.34173584 -6.67909015
27 -721.25903320 -6.67832438
28 -721.26208496 -6.67835264
29 -721.21813965 -6.67794574
30 -721.08850098 -6.67674538
31 -721.05224609 -6.67640969
32 -720.95605469 -6.67551902
33 -720.86340332 -6.67466114
34 -720.77087402 -6.67380439
35 -720.69592285 -6.67311040
36 -720.66625977 -6.67283574
37 -720.72094727 -6.67334210
38 -720.80126953 -6.67408583
39 -720.80645752 -6.67413387
40 -720.82843018 -6.67433732
41 -720.77844238 -6.67387447
42 -720.66784668 -6.67285043
43 -720.65808105 -6.67276001
44 -720.54858398 -6.67174615
45 -720.42761230 -6.67062604
46 -720.28723145 -6.66932622
47 -720.22760010 -6.66877407
48 -720.28594971 -6.66931435
49 -720.21325684 -6.66864127
50 -720.23132324 -6.66880855
51 -720.23309326 -6.66882494
52 -719.98925781 -6.66656720
53 -719.83666992 -6.66515435
54 -719.70837402 -6.66396643
55 -719.68170166 -6.66371946
56 -719.60876465 -6.66304412
57 -719.57812500 -6.66276042
58 -719.26531982 -6.65986407
59 -719.09161377 -6.65825568
60 -719.06774902 -6.65803471
61 -719.17883301 -6.65906327
62 -719.13220215 -6.65863150
63 -719.03503418 -6.65773180
64 -719.03167725 -6.65770072
65 -718.98156738 -6.65723674
66 -718.97290039 -6.65715649
67 -718.96972656 -6.65712710
68 -718.91345215 -6.65660604
69 -718.75976562 -6.65518302
70 -718.76684570 -6.65524857
71 -718.73626709 -6.65496544
72 -718.77789307 -6.65535086
73 -718.67230225 -6.65437317
74 -718.57623291 -6.65348364
75 -718.62927246 -6.65397475
76 -718.59411621 -6.65364922
77 -718.49426270 -6.65272465
78 -718.46594238 -6.65246243
79 -718.46441650 -6.65244830
80 -718.34167480 -6.65131180
81 -718.20672607 -6.65006228
82 -718.10266113 -6.64909871
83 -718.17010498 -6.64972319
84 -718.00817871 -6.64822388
85 -717.89245605 -6.64715237
86 -717.90478516 -6.64726653
87 -717.92028809 -6.64741007
88 -717.86401367 -6.64688902
89 -717.67999268 -6.64518512
90 -717.61822510 -6.64461320
91 -717.61279297 -6.64456290
92 -717.49597168 -6.64348122
93 -717.32360840 -6.64188526
94 -717.20275879 -6.64076629
95 -717.25329590 -6.64123422
96 -717.29394531 -6.64161060
97 -717.53851318 -6.64387512
98 -717.46252441 -6.64317152
99 -717.52368164 -6.64373779
100 -717.63122559 -6.64473357
101 -717.67199707 -6.64511108
102 -717.55212402 -6.64400115
103 -717.46862793 -6.64322804
104 -717.35461426 -6.64217235
105 -717.31121826 -6.64177054
106 -717.08264160 -6.63965409
107 -716.99621582 -6.63885385
108 -716.73815918 -6.63646444
109 -716.66406250 -6.63577836
110 -716.36315918 -6.63299221
111 -716.24688721 -6.63191562
112 -716.04217529 -6.63002014
113 -715.77581787 -6.62755387
114 -715.86938477 -6.62842023
115 -715.69183350 -6.62677624
116 -715.51806641 -6.62516728
117 -715.40441895 -6.62411499
118 -715.18664551 -6.62209857
119 -715.16986084 -6.62194316
120 -715.31622314 -6.62329836
121 -715.11791992 -6.62146222
122 -714.99578857 -6.62033138
123 -714.93756104 -6.61979223
124 -714.74743652 -6.61803182
125 -714.59313965 -6.61660314
126 -714.49182129 -6.61566501
127 -714.48889160 -6.61563789
128 -714.50872803 -6.61582156
129 -714.47839355 -6.61554068
130 -714.38879395 -6.61471106
131 -714.02899170 -6.61137955
132 -713.93054199 -6.61046798
133 -713.73254395 -6.60863467
134 -713.78247070 -6.60909695
135 -713.50213623 -6.60650126
136 -713.24053955 -6.60407907
137 -713.00549316 -6.60190271
138 -712.80206299 -6.60001910
139 -712.71624756 -6.59922451
140 -712.49755859 -6.59719962
141 -712.43786621 -6.59664691
142 -712.45495605 -6.59680515
143 -712.11871338 -6.59369179
144 -711.88073730 -6.59148831
145 -711.82000732 -6.59092599
146 -711.69366455 -6.58975615
147 -711.66424561 -6.58948376
148 -711.33117676 -6.58639978
149 -711.37976074 -6.58684964
150 -711.36242676 -6.58668914
151 -711.17077637 -6.58491460
152 -710.74377441 -6.58096087
153 -710.46582031 -6.57838723
154 -709.97857666 -6.57387571
155 -709.99267578 -6.57400626
156 -710.15209961 -6.57548240
157 -710.07934570 -6.57480876
158 -709.70727539 -6.57136366
159 -709.29010010 -6.56750093
160 -709.18939209 -6.56656845
161 -708.89282227 -6.56382243
162 -708.51885986 -6.56035981
163 -708.52587891 -6.56042480
164 -708.21447754 -6.55754146
165 -708.65075684 -6.56158108
166 -708.08410645 -6.55633432
167 -708.15582275 -6.55699836
168 -707.89984131 -6.55462816
169 -707.37915039 -6.54980695
170 -707.50054932 -6.55093101
171 -707.62512207 -6.55208446
172 -707.80236816 -6.55372563
173 -707.77221680 -6.55344645
174 -707.78002930 -6.55351879
175 -707.28588867 -6.54894341
176 -706.89910889 -6.54536212
177 -706.71661377 -6.54367235
178 -706.80059814 -6.54444998
179 -706.46490479 -6.54134171
180 -706.28405762 -6.53966720
181 -706.13146973 -6.53825435
182 -705.72814941 -6.53451990
183 -705.76232910 -6.53483638
184 -705.74804688 -6.53470414
185 -705.04650879 -6.52820841
186 -705.01641846 -6.52792980
187 -705.14337158 -6.52910529
188 -705.65173340 -6.53381235
189 -705.56213379 -6.53298272
190 -705.22302246 -6.52984280
191 -704.68865967 -6.52489500
192 -704.57775879 -6.52386814
193 -704.14862061 -6.51989464
194 -704.14074707 -6.51982173
195 -703.94793701 -6.51803645
196 -703.99633789 -6.51848461
197 -703.86145020 -6.51723565
198 -704.02636719 -6.51876266
199 -703.66528320 -6.51541929
200 -703.22418213 -6.51133502
201 -703.53936768 -6.51425340
202 -703.78369141 -6.51651566
203 -704.27093506 -6.52102718
204 -704.43737793 -6.52256831
205 -704.00756836 -6.51858860
206 -703.55493164 -6.51439752
207 -703.09094238 -6.51010132
208 -703.05596924 -6.50977749
209 -702.85345459 -6.50790236
210 -703.05267334 -6.50974698
211 -702.15649414 -6.50144902
212 -702.35290527 -6.50326764
213 -701.48632812 -6.49524378
214 -701.29614258 -6.49348280
215 -701.09747314 -6.49164327
216 -700.51281738 -6.48622979
217 -700.71710205 -6.48812132
218 -700.87554932 -6.48958842
219 -701.22326660 -6.49280802
220 -700.94616699 -6.49024229
221 -701.02050781 -6.49093063
222 -700.90625000 -6.48987269
223 -699.81695557 -6.47978663
224 -699.69744873 -6.47868008
225 -699.97601318 -6.48125938
226 -699.54431152 -6.47726214
227 -699.31475830 -6.47513665
228 -699.74511719 -6.47912146
229 -699.49255371 -6.47678290
230 -698.95007324 -6.47175994
231 -698.81451416 -6.47050476
232 -698.76135254 -6.47001252
233 -698.06237793 -6.46354054
234 -697.85314941 -6.46160324
235 -698.15368652 -6.46438599
236 -697.35668945 -6.45700638
237 -697.55566406 -6.45884874
238 -697.21105957 -6.45565796
239 -697.19219971 -6.45548333
240 -697.31079102 -6.45658140
241 -697.73681641 -6.46052608
242 -696.94824219 -6.45322446
243 -697.54339600 -6.45873515
244 -697.52258301 -6.45854244
245 -696.88928223 -6.45267854
246 -696.61157227 -6.45010715
247 -696.50720215 -6.44914076
248 -697.43365479 -6.45771903
249 -697.72155762 -6.46038479
250 -697.90710449 -6.46210282
251 -698.12145996 -6.46408759
252 -697.58996582 -6.45916635
253 -697.46411133 -6.45800103
254 -697.02844238 -6.45396706
255 -696.72564697 -6.45116340
256 -696.80126953 -6.45186361
257 -697.34295654 -6.45687923
258 -697.02130127 -6.45390094
259 -696.75750732 -6.45145840
260 -697.47839355 -6.45813327
261 -697.93371582 -6.46234922
262 -698.24206543 -6.46520431
263 -697.94976807 -6.46249785
264 -697.56353760 -6.45892164
265 -697.82025146 -6.46129862
266 -698.09161377 -6.46381124
267 -697.70941162 -6.46027233
268 -697.20837402 -6.45563309
269 -696.54309082 -6.44947306
270 -695.67004395 -6.44138930
271 -695.90985107 -6.44360973
272 -696.31005859 -6.44731536
273 -696.47045898 -6.44880055
274 -696.64868164 -6.45045076
275 -696.98046875 -6.45352286
276 -696.75964355 -6.45147818
277 -696.27124023 -6.44695593
278 -695.69042969 -6.44157805
279 -695.01458740 -6.43532025
280 -694.37371826 -6.42938628
281 -694.08459473 -6.42670921
282 -693.51947021 -6.42147658
283 -693.48968506 -6.42120079
284 -693.33203125 -6.41974103
285 -693.26623535 -6.41913181
286 -693.21154785 -6.41862544
287 -692.90332031 -6.41577148
288 -692.52807617 -6.41229700
289 -691.58398438 -6.40355541
290 -690.92620850 -6.39746489
291 -690.92425537 -6.39744681
292 -690.90637207 -6.39728122
293 -690.02258301 -6.38909799
294 -689.29980469 -6.38240560
295 -689.45935059 -6.38388288
296 -689.70367432 -6.38614513
297 -689.82684326 -6.38728559
298 -689.81091309 -6.38713808
299 -689.51080322 -6.38435929
300 -689.75744629 -6.38664302
301 -690.29260254 -6.39159817
302 -689.21142578 -6.38158728
303 -688.17700195 -6.37200928
304 -688.50866699 -6.37508025
305 -687.21191406 -6.36307328
306 -686.62182617 -6.35760950
307 -686.56127930 -6.35704888
308 -686.88146973 -6.36001361
309 -686.55725098 -6.35701158
310 -687.15979004 -6.36259065
311 -687.00097656 -6.36112015
312 -685.90600586 -6.35098154
313 -685.74609375 -6.34950087
314 -685.13616943 -6.34385342
315 -685.01037598 -6.34268867
316 -684.48962402 -6.33786689
317 -684.69787598 -6.33979515
318 -684.46752930 -6.33766231
319 -683.85510254 -6.33199169
320 -683.40332031 -6.32780852
321 -681.62310791 -6.31132507
322 -680.64569092 -6.30227492
323 -680.88323975 -6.30447444
324 -681.39514160 -6.30921427
325 -681.84521484 -6.31338162
326 -680.89904785 -6.30462081
327 -680.15405273 -6.29772271
328 -679.53582764 -6.29199840
329 -678.91650391 -6.28626393
330 -678.43817139 -6.28183492
331 -677.79266357 -6.27585800
332 -678.27612305 -6.28033447
333 -677.94628906 -6.27728045
334 -676.42553711 -6.26319942
335 -676.14703369 -6.26062068
336 -676.28179932 -6.26186851
337 -675.50653076 -6.25469010
338 -674.23840332 -6.24294818
339 -674.64807129 -6.24674140
340 -672.47094727 -6.22658285
341 -671.85839844 -6.22091110
342 -672.58886719 -6.22767470
343 -672.91583252 -6.23070215
344 -673.36126709 -6.23482655
345 -673.71917725 -6.23814053
346 -674.50396729 -6.24540710
347 -674.55499268 -6.24587956
348 -673.93017578 -6.24009422
349 -671.94006348 -6.22166725
350 -672.07788086 -6.22294334
351 -672.84088135 -6.23000816
352 -672.67535400 -6.22847550
353 -671.83825684 -6.22072460
354 -671.22686768 -6.21506359
355 -669.62603760 -6.20024109
356 -670.13647461 -6.20496736
357 -668.78210449 -6.19242689
358 -667.96813965 -6.18489018
359 -666.08142090 -6.16742056
360 -666.67901611 -6.17295385
361 -665.65710449 -6.16349171
362 -665.34863281 -6.16063549
363 -666.83203125 -6.17437066
364 -667.44262695 -6.18002432
365 -666.80773926 -6.17414573
366 -666.65527344 -6.17273401
367 -666.37371826 -6.17012702
368 -666.27392578 -6.16920302
369 -666.86828613 -6.17470635
370 -665.78588867 -6.16468415
371 -666.50689697 -6.17136016
372 -665.63586426 -6.16329504
373 -666.10388184 -6.16762854
374 -665.31579590 -6.16033144
375 -664.55853271 -6.15331975
376 -665.34747314 -6.16062475
377 -664.89782715 -6.15646136
378 -665.18975830 -6.15916443
379 -664.96978760 -6.15712766
380 -665.32824707 -6.16044673
381 -665.10131836 -6.15834554
382 -665.36877441 -6.16082199
383 -664.58233643 -6.15354015
384 -665.72784424 -6.16414671
385 -664.86053467 -6.15611606
386 -664.18737793 -6.14988313
387 -663.47686768 -6.14330433
388 -664.24499512 -6.15041662
389 -663.42523193 -6.14282622
390 -663.74652100 -6.14580112
391 -663.64636230 -6.14487373
392 -664.17871094 -6.14980288
393 -664.30596924 -6.15098120
394 -664.14544678 -6.14949488
395 -662.54760742 -6.13470007
396 -662.95898438 -6.13850911
397 -662.52209473 -6.13446384
398 -661.68518066 -6.12671464
399 -660.15649414 -6.11256013
400 -659.26434326 -6.10429947
401 -658.36682129 -6.09598909
402 -659.06628418 -6.10246559
403 -658.79089355 -6.09991568
404 -659.18627930 -6.10357666
405 -659.70233154 -6.10835492
406 -659.81311035 -6.10938065
407 -659.74298096 -6.10873131
408 -658.92254639 -6.10113469
409 -658.01800537 -6.09275931
410 -658.64483643 -6.09856330
411 -660.25170898 -6.11344175
412 -659.78411865 -6.10911221
413 -660.89306641 -6.11938024
414 -660.40844727 -6.11489303
415 -660.94427490 -6.11985440
416 -660.36865234 -6.11452456
417 -660.90557861 -6.11949610
418 -659.46069336 -6.10611753
419 -658.58148193 -6.09797668
420 -657.43420410 -6.08735374
421 -657.81127930 -6.09084518
422 -659.01385498 -6.10198014
423 -658.50164795 -6.09723748
424 -657.09552002 -6.08421778
425 -657.29309082 -6.08604714
426 -655.50469971 -6.06948796
427 -654.24194336 -6.05779577
428 -653.73394775 -6.05309211
429 -652.06896973 -6.03767565
430 -651.17083740 -6.02935961
431 -650.80737305 -6.02599419
432 -651.71966553 -6.03444135
433 -651.04052734 -6.02815303
434 -650.40020752 -6.02222414
435 -650.05065918 -6.01898758
436 -649.78234863 -6.01650323
437 -651.14050293 -6.02907873
438 -649.62518311 -6.01504799
439 -650.53247070 -6.02344880
440 -651.10449219 -6.02874530
441 -650.73620605 -6.02533524
442 -649.29199219 -6.01196289
443 -648.73315430 -6.00678847
444 -649.38330078 -6.01280834
445 -648.80566406 -6.00745985
446 -647.83203125 -5.99844473
447 -646.97247314 -5.99048586
448 -647.17474365 -5.99235874
449 -648.61541748 -6.00569831
450 -647.61981201 -5.99647974
451 -648.33782959 -6.00312805
452 -649.33013916 -6.01231610
453 -648.23559570 -6.00218144
454 -647.18310547 -5.99243616
455 -647.67956543 -5.99703301
456 -646.40521240 -5.98523345
457 -644.40869141 -5.96674714
458 -645.02099609 -5.97241663
459 -643.35296631 -5.95697191
460 -644.63562012 -5.96884833
461 -644.88830566 -5.97118802
462 -644.74169922 -5.96983055
463 -645.11138916 -5.97325360
464 -645.86749268 -5.98025456
465 -645.40368652 -5.97596006
466 -645.36651611 -5.97561589
467 -646.23663330 -5.98367253
468 -646.65258789 -5.98752396
469 -646.55023193 -5.98657622
470 -645.63610840 -5.97811211
471 -647.53247070 -5.99567103
472 -645.07476807 -5.97291452
473 -644.08068848 -5.96371008
474 -644.15747070 -5.96442103
475 -644.99316406 -5.97215893
476 -644.14538574 -5.96430913
477 -644.20837402 -5.96489235
478 -643.32806396 -5.95674133
479 -643.26190186 -5.95612872
480 -644.55389404 -5.96809161
481 -643.85253906 -5.96159758
482 -642.20733643 -5.94636423
483 -643.20446777 -5.95559692
484 -644.37524414 -5.96643745
485 -644.13208008 -5.96418593
486 -643.15582275 -5.95514651
487 -642.83343506 -5.95216144
488 -642.07098389 -5.94510170
489 -641.99328613 -5.94438228
490 -642.73553467 -5.95125495
491 -641.86181641 -5.94316497
492 -642.27014160 -5.94694576
493 -641.96423340 -5.94411327
494 -639.88452148 -5.92485668
495 -639.32012939 -5.91963083
496 -637.98315430 -5.90725143
497 -638.57397461 -5.91272199
498 -638.08575439 -5.90820143
499 -635.64807129 -5.88563029
500 -635.85644531 -5.88755968
501 -635.61145020 -5.88529121
502 -636.16113281 -5.89038086
503 -636.36413574 -5.89226052
504 -634.46545410 -5.87468013
505 -632.67712402 -5.85812152
506 -632.59576416 -5.85736819
507 -630.36682129 -5.83672983
508 -630.50006104 -5.83796353
509 -631.39776611 -5.84627561
510 -632.24572754 -5.85412711
511 -632.06274414 -5.85243282
512 -629.30023193 -5.82685400
513 -628.32702637 -5.81784284
514 -628.32458496 -5.81782023
515 -629.53161621 -5.82899645
516 -631.47851562 -5.84702329
517 -631.77270508 -5.84974727
518 -630.26000977 -5.83574083
519 -629.29248047 -5.82678223
520 -627.83471680 -5.81328441
521 -627.56195068 -5.81075880
522 -626.05493164 -5.79680492
523 -625.04858398 -5.78748689
524 -620.32836914 -5.74378120
525 -618.04919434 -5.72267773
526 -621.03857422 -5.75035717
527 -621.18975830 -5.75175702
528 -621.84222412 -5.75779837
529 -622.73205566 -5.76603755
530 -621.65368652 -5.75605265
531 -618.62939453 -5.72804995
532 -616.04174805 -5.70409026
533 -613.59045410 -5.68139309
534 -612.45019531 -5.67083514
535 -613.66387939 -5.68207296
536 -612.20385742 -5.66855424
537 -613.08758545 -5.67673690
538 -614.70086670 -5.69167469
539 -610.79321289 -5.65549271
540 -609.83666992 -5.64663583
541 -608.10357666 -5.63058867
542 -605.05743408 -5.60238365
543 -605.82348633 -5.60947673
544 -607.68347168 -5.62669881
545 -606.41577148 -5.61496085
546 -610.67230225 -5.65437317
547 -609.05627441 -5.63940995
548 -608.09454346 -5.63050503
549 -605.77185059 -5.60899862
550 -607.20593262 -5.62227715
551 -607.72955322 -5.62712549
552 -604.61462402 -5.59828356
553 -602.85760498 -5.58201486
554 -605.21655273 -5.60385697
555 -606.21771240 -5.61312697
556 -605.19482422 -5.60365578
557 -600.95837402 -5.56442939
558 -596.99804688 -5.52775969
559 -598.24151611 -5.53927330
560 -596.29705811 -5.52126906
561 -594.25170898 -5.50233064
562 -595.96893311 -5.51823086
563 -596.33410645 -5.52161210
564 -596.53924561 -5.52351153
565 -595.50738525 -5.51395727
566 -597.84741211 -5.53562419
567 -598.69213867 -5.54344573
568 -599.62121582 -5.55204829
569 -598.21398926 -5.53901842
570 -595.98199463 -5.51835180
571 -598.78808594 -5.54433413
572 -595.66992188 -5.51546224
573 -592.85461426 -5.48939458
574 -598.33911133 -5.54017696
575 -601.18554688 -5.56653284
576 -598.62402344 -5.54281503
577 -599.85565186 -5.55421900
578 -598.61645508 -5.54274495
579 -602.12292480 -5.57521227
580 -600.96008301 -5.56444521
581 -601.12158203 -5.56594057
582 -599.00524902 -5.54634490
583 -599.11920166 -5.54740002
584 -601.40405273 -5.56855604
585 -602.77734375 -5.58127170
586 -605.07421875 -5.60253906
587 -602.62194824 -5.57983285
588 -603.93804932 -5.59201898
589 -603.86535645 -5.59134589
590 -605.88354492 -5.61003282
591 -603.36181641 -5.58668349
592 -601.49902344 -5.56943540
593 -600.53173828 -5.56047906
594 -598.99792480 -5.54627708
595 -600.78588867 -5.56283230
596 -599.76611328 -5.55338994
597 -598.63739014 -5.54293880
598 -597.40832520 -5.53155857
599 -597.11511230 -5.52884363
600 -598.26940918 -5.53953157
601 -599.31066895 -5.54917286
