0 -423.01232910 -6.22076955
1 -422.46203613 -6.21267700
2 -421.65228271 -6.20076886
3 -420.40557861 -6.18243498
4 -418.66906738 -6.15689805
5 -416.54333496 -6.12563728
6 -414.60455322 -6.09712578
7 -412.72488403 -6.06948359
8 -410.72171021 -6.04002515
9 -408.15295410 -6.00224933
10 -405.34896851 -5.96101424
11 -402.66174316 -5.92149622
12 -399.56344604 -5.87593303
13 -396.84927368 -5.83601873
14 -393.14929199 -5.78160724
15 -391.48547363 -5.75713932
16 -388.95010376 -5.71985447
17 -385.40505981 -5.66772147
18 -382.60211182 -5.62650164
19 -379.62722778 -5.58275335
20 -377.81829834 -5.55615145
21 -376.17651367 -5.53200755
22 -374.47396851 -5.50697013
23 -372.29519653 -5.47492936
24 -369.57681274 -5.43495313
25 -367.92529297 -5.41066607
26 -365.97103882 -5.38192704
27 -363.75961304 -5.34940607
28 -360.57067871 -5.30250998
29 -358.39868164 -5.27056885
30 -357.82815552 -5.26217876
31 -356.85131836 -5.24781351
32 -354.99707031 -5.22054515
33 -353.31436157 -5.19579943
34 -352.10583496 -5.17802698
35 -350.23910522 -5.15057508
36 -347.86309814 -5.11563380
37 -346.58728027 -5.09687177
38 -345.17779541 -5.07614405
39 -343.80468750 -5.05595129
40 -342.50308228 -5.03681003
41 -342.50567627 -5.03684818
42 -339.88848877 -4.99836013
43 -337.08660889 -4.95715601
44 -336.40631104 -4.94715163
45 -334.54434204 -4.91976974
46 -333.03601074 -4.89758839
47 -333.09222412 -4.89841506
48 -332.91067505 -4.89574522
49 -332.38684082 -4.88804178
50 -331.30981445 -4.87220315
51 -329.80670166 -4.85009855
52 -329.35217285 -4.84341431
53 -327.80923462 -4.82072404
54 -326.62445068 -4.80330075
55 -326.26467896 -4.79800998
56 -324.57687378 -4.77318932
57 -325.04312134 -4.78004590
58 -323.44168091 -4.75649531
59 -322.05737305 -4.73613784
60 -322.30175781 -4.73973173
61 -321.13729858 -4.72260733
62 -320.57327271 -4.71431283
63 -320.63281250 -4.71518842
64 -319.36557007 -4.69655250
65 -318.45275879 -4.68312881
66 -317.72070312 -4.67236328
67 -317.93572998 -4.67552544
68 -316.99304199 -4.66166238
69 -316.97723389 -4.66142991
70 -316.41503906 -4.65316234
71 -315.73800659 -4.64320598
72 -314.00531006 -4.61772515
73 -313.18145752 -4.60560967
74 -312.86114502 -4.60089919
75 -312.35421753 -4.59344438
76 -312.62322998 -4.59740044
77 -311.99917603 -4.58822318
78 -312.34692383 -4.59333712
79 -311.86682129 -4.58627678
80 -313.49142456 -4.61016801
81 -313.74075317 -4.61383461
82 -312.81967163 -4.60028929
83 -313.05169678 -4.60370142
84 -314.02499390 -4.61801462
85 -315.28894043 -4.63660207
86 -317.14453125 -4.66389017
87 -316.35864258 -4.65233298
88 -316.44952393 -4.65366947
89 -314.31741333 -4.62231490
90 -313.84582520 -4.61537978
91 -313.65570068 -4.61258383
92 -314.55590820 -4.62582218
93 -314.74584961 -4.62861544
94 -314.35186768 -4.62282158
95 -315.09869385 -4.63380432
96 -314.22882080 -4.62101207
97 -314.53475952 -4.62551117
98 -314.29531860 -4.62198998
99 -313.23336792 -4.60637306
100 -313.51623535 -4.61053287
101 -286.72839355 -4.21659402
102 -280.24267578 -4.12121582
103 -309.39736938 -4.54996131
104 -306.68750000 -4.51011029
105 -308.21078491 -4.53251154
106 -307.99295044 -4.52930809
107 -306.28521729 -4.50419437
108 -299.11047363 -4.39868344
109 -304.64624023 -4.48009177
110 -305.72381592 -4.49593847
111 -306.22030640 -4.50323980
112 -304.84155273 -4.48296401
113 -303.30386353 -4.46035093
114 -303.97610474 -4.47023683
115 -304.07580566 -4.47170302
116 -305.13555908 -4.48728763
117 -303.04522705 -4.45654746
118 -302.45251465 -4.44783110
119 -301.55154419 -4.43458153
120 -301.53155518 -4.43428758
121 -299.74444580 -4.40800656
122 -298.23175049 -4.38576104
123 -297.82232666 -4.37974010
124 -295.75549316 -4.34934549
125 -295.10162354 -4.33972976
126 -294.60140991 -4.33237368
127 -291.92254639 -4.29297862
128 -292.69973755 -4.30440791
129 -291.30895996 -4.28395529
130 -292.87509155 -4.30698664
131 -291.00585938 -4.27949793
132 -292.03228760 -4.29459246
133 -291.21722412 -4.28260624
134 -290.97369385 -4.27902491
135 -291.26995850 -4.28338174
136 -291.08273315 -4.28062843
137 -291.76904297 -4.29072122
138 -292.48089600 -4.30118965
139 -284.27328491 -4.18048948
140 -291.21661377 -4.28259726
141 -290.95693970 -4.27877852
142 -291.44268799 -4.28592188
143 -293.07766724 -4.30996569
144 -293.46887207 -4.31571871
145 -293.73217773 -4.31959085
146 -296.32083130 -4.35765928
147 -296.30337524 -4.35740258
148 -296.93603516 -4.36670640
149 -295.70196533 -4.34855831
150 -297.34841919 -4.37277087
151 -298.00057983 -4.38236147
152 -299.87844849 -4.40997718
153 -298.46096802 -4.38913188
154 -297.27465820 -4.37168615
155 -297.17376709 -4.37020246
156 -296.37271118 -4.35842222
157 -296.76141357 -4.36413843
158 -296.69439697 -4.36315290
159 -294.73388672 -4.33432186
160 -294.46075439 -4.33030521
161 -294.11102295 -4.32516210
162 -291.10342407 -4.28093271
163 -290.84213257 -4.27709018
164 -288.07293701 -4.23636672
165 -290.55493164 -4.27286664
166 -291.25598145 -4.28317620
167 -290.18267822 -4.26739233
168 -290.04342651 -4.26534451
169 -290.36856079 -4.27012589
170 -288.97674561 -4.24965802
171 -290.26654053 -4.26862560
172 -290.10214233 -4.26620798
173 -289.50592041 -4.25744001
174 -288.66265869 -4.24503910
175 -289.01513672 -4.25022260
176 -288.25280762 -4.23901188
177 -287.97183228 -4.23487989
178 -285.81613159 -4.20317841
179 -281.99502563 -4.14698567
180 -281.14984131 -4.13455649
181 -279.61602783 -4.11200041
182 -275.55642700 -4.05230040
183 -276.23651123 -4.06230164
184 -273.38403320 -4.02035343
185 -275.06210327 -4.04503093
186 -277.44323730 -4.08004761
187 -279.12640381 -4.10480006
188 -279.86871338 -4.11571637
189 -284.47695923 -4.18348469
190 -285.04220581 -4.19179714
191 -289.19409180 -4.25285429
192 -288.90209961 -4.24856029
193 -285.20950317 -4.19425740
194 -281.98400879 -4.14682366
195 -288.22525024 -4.23860662
196 -287.36206055 -4.22591266
197 -286.39776611 -4.21173185
198 -279.98953247 -4.11749312
199 -275.26824951 -4.04806249
200 -274.42486572 -4.03565979
201 -270.60418701 -3.97947334
202 -265.53247070 -3.90488928
203 -267.99298096 -3.94107325
204 -272.29812622 -4.00438421
205 -277.07904053 -4.07469177
206 -273.31695557 -4.01936699
207 -264.55438232 -3.89050562
208 -257.33483887 -3.78433587
209 -264.56835938 -3.89071117
210 -269.42279053 -3.96209986
211 -271.78747559 -3.99687464
212 -276.75073242 -4.06986371
213 -264.80780029 -3.89423236
214 -259.50469971 -3.81624558
215 -276.42745972 -4.06510970
216 -269.68344116 -3.96593296
217 -270.68316650 -3.98063480
218 -262.31665039 -3.85759780
219 -260.39071655 -3.82927524
220 -250.90502930 -3.68977984
221 -250.15415955 -3.67873764
222 -243.82852173 -3.58571355
223 -230.12350464 -3.38416919
224 -232.45613098 -3.41847251
225 -228.94171143 -3.36678987
226 -219.76104736 -3.23178011
227 -227.25872803 -3.34204012
228 -222.16586304 -3.26714504
229 -223.46652222 -3.28627239
230 -224.15129089 -3.29634251
231 -220.05181885 -3.23605616
232 -219.12693787 -3.22245497
233 -223.88740540 -3.29246184
234 -215.47323608 -3.16872406
235 -208.10940552 -3.06043243
236 -213.44044495 -3.13883007
237 -208.32949829 -3.06366909
238 -215.05967712 -3.16264231
239 -227.69927979 -3.34851882
240 -238.30651855 -3.50450763
241 -246.08831787 -3.61894585
242 -224.08694458 -3.29539624
243 -226.42181396 -3.32973256
244 -231.65898132 -3.40674973
245 -233.86196899 -3.43914660
246 -247.69558716 -3.64258216
247 -262.72372437 -3.86358418
248 -259.87387085 -3.82167457
249 -260.41717529 -3.82966434
250 -263.10757446 -3.86922904
251 -249.65216064 -3.67135530
252 -247.03100586 -3.63280891
253 -250.90252686 -3.68974304
254 -265.77890015 -3.90851324
255 -269.00531006 -3.95596044
256 -257.72872925 -3.79012837
257 -273.02441406 -4.01506491
258 -250.60925293 -3.68543019
259 -259.24188232 -3.81238062
260 -288.56173706 -4.24355496
261 -279.96054077 -4.11706678
262 -267.35897827 -3.93174968
263 -278.08779907 -4.08952646
264 -268.88442993 -3.95418279
265 -256.77420044 -3.77609118
266 -294.24746704 -4.32716863
267 -292.00885010 -4.29424780
268 -320.54168701 -4.71384834
269 -309.52325439 -4.55181256
270 -294.63305664 -4.33283907
271 -290.01580811 -4.26493835
272 -282.95324707 -4.16107716
273 -274.85186768 -4.04193923
274 -281.10653687 -4.13391966
275 -276.95007324 -4.07279519
276 -272.23980713 -4.00352658
277 -272.23742676 -4.00349157
