0 -655.51782227 -6.68895737
1 -653.35137939 -6.66685081
2 -651.63299561 -6.64931628
3 -648.78228760 -6.62022742
4 -645.29541016 -6.58464704
5 -641.11938477 -6.54203454
6 -636.22363281 -6.49207789
7 -630.84094238 -6.43715247
8 -625.45861816 -6.38223080
9 -619.98437500 -6.32637117
10 -614.19848633 -6.26733149
11 -606.86828613 -6.19253353
12 -599.66339111 -6.11901420
13 -592.83007812 -6.04928651
14 -586.90814209 -5.98885859
15 -580.26611328 -5.92108279
16 -574.01367188 -5.85728237
17 -569.87261963 -5.81502673
18 -563.73547363 -5.75240279
19 -557.96557617 -5.69352629
20 -552.25994873 -5.63530560
21 -544.37365723 -5.55483324
22 -537.39343262 -5.48360646
23 -534.89593506 -5.45812179
24 -528.38122559 -5.39164516
25 -522.30175781 -5.32960977
26 -516.96423340 -5.27514524
27 -509.64932251 -5.20050329
28 -499.11434937 -5.09300356
29 -489.55569458 -4.99546627
30 -482.55105591 -4.92399037
31 -469.18304443 -4.78758209
32 -463.24816895 -4.72702213
33 -460.92257690 -4.70329160
34 -451.74114990 -4.60960357
35 -445.92156982 -4.55022010
36 -443.91619873 -4.52975713
37 -443.04647827 -4.52088243
38 -434.80139160 -4.43674889
39 -433.78964233 -4.42642492
40 -433.38500977 -4.42229602
41 -424.97399902 -4.33646938
42 -422.71020508 -4.31336944
43 -421.42919922 -4.30029795
44 -416.61007690 -4.25112323
45 -413.49984741 -4.21938620
46 -405.69488525 -4.13974373
