0 -578.22235107 -6.72351571
1 -578.22998047 -6.72360442
2 -578.23706055 -6.72368675
3 -578.24084473 -6.72373075
4 -578.24267578 -6.72375204
5 -578.24511719 -6.72378043
6 -578.24645996 -6.72379605
7 -578.24853516 -6.72382018
8 -578.24896240 -6.72382514
9 -578.25115967 -6.72385069
10 -578.25158691 -6.72385566
11 -578.25305176 -6.72387269
12 -578.25335693 -6.72387624
13 -578.25439453 -6.72388831
14 -578.25512695 -6.72389683
15 -578.25592041 -6.72390605
16 -578.25622559 -6.72390960
17 -578.25622559 -6.72390960
18 -578.25817871 -6.72393231
19 -578.25756836 -6.72392521
20 -578.25885010 -6.72394012
21 -578.25952148 -6.72394792
22 -578.25994873 -6.72395289
23 -578.26025391 -6.72395644
24 -578.26025391 -6.72395644
25 -578.26068115 -6.72396141
26 -578.26147461 -6.72397063
27 -578.26153564 -6.72397134
28 -578.26129150 -6.72396851
29 -578.26208496 -6.72397773
30 -578.26226807 -6.72397986
31 -578.26226807 -6.72397986
32 -578.26293945 -6.72398767
33 -578.26348877 -6.72399406
34 -578.26293945 -6.72398767
35 -578.26367188 -6.72399618
36 -578.26403809 -6.72400044
37 -578.26287842 -6.72398696
38 -578.26403809 -6.72400044
39 -578.26446533 -6.72400541
40 -578.26501465 -6.72401180
41 -578.26605225 -6.72402386
42 -578.26593018 -6.72402244
43 -578.26647949 -6.72402883
44 -578.26690674 -6.72403380
45 -578.26751709 -6.72404090
46 -578.26678467 -6.72403238
47 -578.26757812 -6.72404161
48 -578.26800537 -6.72404657
49 -578.26782227 -6.72404444
50 -578.26763916 -6.72404232
51 -578.26788330 -6.72404515
52 -578.26824951 -6.72404941
53 -578.26855469 -6.72405296
54 -578.26953125 -6.72406432
55 -578.27020264 -6.72407212
56 -578.26947021 -6.72406361
57 -578.26855469 -6.72405296
58 -578.27044678 -6.72407496
59 -578.27087402 -6.72407993
60 -578.27099609 -6.72408135
61 -578.27117920 -6.72408348
62 -578.27050781 -6.72407567
63 -578.27148438 -6.72408703
64 -578.27099609 -6.72408135
65 -578.27233887 -6.72409696
66 -578.27148438 -6.72408703
67 -578.27160645 -6.72408845
68 -578.27166748 -6.72408916
69 -578.27215576 -6.72409483
70 -578.27142334 -6.72408632
71 -578.27191162 -6.72409200
72 -578.27264404 -6.72410051
73 -578.27282715 -6.72410264
74 -578.27276611 -6.72410193
75 -578.27404785 -6.72411684
76 -578.27441406 -6.72412109
77 -578.27435303 -6.72412038
78 -578.27429199 -6.72411967
79 -578.27459717 -6.72412322
80 -578.27416992 -6.72411825
81 -578.27429199 -6.72411967
82 -578.27453613 -6.72412251
83 -578.27423096 -6.72411896
84 -578.27416992 -6.72411825
85 -578.27404785 -6.72411684
86 -578.27441406 -6.72412109
87 -578.27423096 -6.72411896
88 -578.27478027 -6.72412535
89 -578.27416992 -6.72411825
90 -578.27502441 -6.72412819
91 -578.27447510 -6.72412180
92 -578.27465820 -6.72412393
93 -578.27362061 -6.72411187
94 -578.27349854 -6.72411045
95 -578.27404785 -6.72411684
96 -578.27368164 -6.72411258
97 -578.27349854 -6.72411045
98 -578.27349854 -6.72411045
99 -578.27368164 -6.72411258
100 -578.27453613 -6.72412251
101 -578.27465820 -6.72412393
102 -578.27471924 -6.72412464
103 -578.27520752 -6.72413032
104 -578.27490234 -6.72412677
105 -578.27593994 -6.72413884
106 -578.27502441 -6.72412819
107 -578.27520752 -6.72413032
108 -578.27539062 -6.72413245
109 -578.27441406 -6.72412109
110 -578.27551270 -6.72413387
111 -578.27520752 -6.72413032
112 -578.27532959 -6.72413174
113 -578.27484131 -6.72412606
114 -578.27532959 -6.72413174
115 -578.27453613 -6.72412251
116 -578.27490234 -6.72412677
117 -578.27465820 -6.72412393
118 -578.27593994 -6.72413884
119 -578.27630615 -6.72414309
120 -578.27636719 -6.72414380
121 -578.27581787 -6.72413742
122 -578.27667236 -6.72414735
123 -578.27722168 -6.72415374
124 -578.27709961 -6.72415232
125 -578.27709961 -6.72415232
126 -578.27752686 -6.72415729
127 -578.27746582 -6.72415658
128 -578.27740479 -6.72415587
129 -578.27844238 -6.72416793
130 -578.27783203 -6.72416084
131 -578.27709961 -6.72415232
132 -578.27941895 -6.72417929
133 -578.27862549 -6.72417006
134 -578.27917480 -6.72417645
135 -578.27862549 -6.72417006
136 -578.27886963 -6.72417290
137 -578.27856445 -6.72416935
138 -578.27868652 -6.72417077
139 -578.27801514 -6.72416297
140 -578.27868652 -6.72417077
141 -578.27825928 -6.72416581
142 -578.27789307 -6.72416155
143 -578.27789307 -6.72416155
144 -578.27844238 -6.72416793
145 -578.27886963 -6.72417290
146 -578.27905273 -6.72417503
147 -578.27941895 -6.72417929
148 -578.27978516 -6.72418355
149 -578.27874756 -6.72417148
150 -578.27862549 -6.72417006
151 -578.27899170 -6.72417432
152 -578.27960205 -6.72418142
153 -578.27960205 -6.72418142
154 -578.27954102 -6.72418071
155 -578.27862549 -6.72417006
156 -578.27966309 -6.72418213
157 -578.28002930 -6.72418639
158 -578.27960205 -6.72418142
159 -578.28002930 -6.72418639
160 -578.27954102 -6.72418071
161 -578.27941895 -6.72417929
162 -578.27905273 -6.72417503
163 -578.27954102 -6.72418071
164 -578.27984619 -6.72418426
165 -578.28039551 -6.72419065
166 -578.27960205 -6.72418142
167 -578.28021240 -6.72418852
168 -578.27996826 -6.72418568
169 -578.27923584 -6.72417716
170 -578.27966309 -6.72418213
171 -578.27935791 -6.72417858
172 -578.28045654 -6.72419136
173 -578.27966309 -6.72418213
174 -578.28125000 -6.72420058
175 -578.28045654 -6.72419136
176 -578.28118896 -6.72419987
177 -578.28173828 -6.72420626
178 -578.28131104 -6.72420129
179 -578.28173828 -6.72420626
180 -578.28155518 -6.72420413
181 -578.28240967 -6.72421407
182 -578.28247070 -6.72421478
183 -578.28271484 -6.72421761
184 -578.28302002 -6.72422116
185 -578.28167725 -6.72420555
186 -578.28228760 -6.72421265
187 -578.28247070 -6.72421478
188 -578.28186035 -6.72420768
189 -578.28308105 -6.72422187
190 -578.28216553 -6.72421123
191 -578.28271484 -6.72421761
192 -578.28198242 -6.72420910
193 -578.28253174 -6.72421549
194 -578.28350830 -6.72422684
195 -578.28265381 -6.72421690
196 -578.28253174 -6.72421549
197 -578.28295898 -6.72422045
198 -578.28332520 -6.72422471
199 -578.28399658 -6.72423252
200 -578.28295898 -6.72422045
201 -578.28320312 -6.72422329
202 -578.28356934 -6.72422755
203 -578.28289795 -6.72421974
204 -578.28363037 -6.72422826
205 -578.28350830 -6.72422684
206 -578.28314209 -6.72422258
207 -578.28302002 -6.72422116
208 -578.28381348 -6.72423039
209 -578.28393555 -6.72423181
210 -578.28411865 -6.72423394
211 -578.28314209 -6.72422258
212 -578.28393555 -6.72423181
213 -578.28356934 -6.72422755
214 -578.28369141 -6.72422897
215 -578.28302002 -6.72422116
216 -578.28442383 -6.72423749
217 -578.28350830 -6.72422684
218 -578.28363037 -6.72422826
219 -578.28503418 -6.72424458
220 -578.28485107 -6.72424245
221 -578.28460693 -6.72423962
222 -578.28576660 -6.72425310
223 -578.28466797 -6.72424033
224 -578.28509521 -6.72424529
225 -578.28558350 -6.72425097
226 -578.28570557 -6.72425239
227 -578.28662109 -6.72426304
228 -578.28613281 -6.72425736
229 -578.28613281 -6.72425736
230 -578.28570557 -6.72425239
231 -578.28625488 -6.72425878
232 -578.28649902 -6.72426162
233 -578.28717041 -6.72426942
234 -578.28625488 -6.72425878
235 -578.28558350 -6.72425097
236 -578.28588867 -6.72425452
237 -578.28570557 -6.72425239
238 -578.28637695 -6.72426020
239 -578.28662109 -6.72426304
240 -578.28649902 -6.72426162
241 -578.28710938 -6.72426871
242 -578.28692627 -6.72426658
243 -578.28802490 -6.72427936
244 -578.28796387 -6.72427865
245 -578.28814697 -6.72428078
246 -578.28765869 -6.72427510
247 -578.28808594 -6.72428007
248 -578.28857422 -6.72428575
249 -578.28936768 -6.72429497
250 -578.28912354 -6.72429213
251 -578.28863525 -6.72428646
252 -578.28863525 -6.72428646
253 -578.28857422 -6.72428575
254 -578.28778076 -6.72427652
255 -578.28814697 -6.72428078
256 -578.28900146 -6.72429071
257 -578.28906250 -6.72429142
258 -578.28942871 -6.72429568
259 -578.28845215 -6.72428433
260 -578.28924561 -6.72429355
261 -578.28894043 -6.72429000
262 -578.28857422 -6.72428575
263 -578.28967285 -6.72429852
264 -578.28771973 -6.72427581
265 -578.28924561 -6.72429355
266 -578.28881836 -6.72428859
267 -578.29083252 -6.72431201
268 -578.29028320 -6.72430562
269 -578.28948975 -6.72429639
270 -578.29034424 -6.72430633
271 -578.28979492 -6.72429994
272 -578.28997803 -6.72430207
273 -578.29046631 -6.72430775
274 -578.29083252 -6.72431201
275 -578.28887939 -6.72428930
276 -578.29010010 -6.72430349
277 -578.29052734 -6.72430846
278 -578.29010010 -6.72430349
279 -578.29077148 -6.72431130
280 -578.29046631 -6.72430775
281 -578.28967285 -6.72429852
282 -578.28869629 -6.72428717
283 -578.28881836 -6.72428859
284 -578.28906250 -6.72429142
285 -578.28869629 -6.72428717
286 -578.28961182 -6.72429781
287 -578.28942871 -6.72429568
288 -578.28936768 -6.72429497
289 -578.28991699 -6.72430136
290 -578.28985596 -6.72430065
291 -578.28955078 -6.72429710
292 -578.28991699 -6.72430136
293 -578.28942871 -6.72429568
294 -578.28887939 -6.72428930
295 -578.28912354 -6.72429213
296 -578.28961182 -6.72429781
297 -578.28948975 -6.72429639
298 -578.28973389 -6.72429923
299 -578.28881836 -6.72428859
300 -578.28997803 -6.72430207
301 -578.28967285 -6.72429852
302 -578.28961182 -6.72429781
303 -578.28930664 -6.72429426
304 -578.28918457 -6.72429284
305 -578.28924561 -6.72429355
306 -578.28912354 -6.72429213
307 -578.28863525 -6.72428646
308 -578.28924561 -6.72429355
309 -578.28991699 -6.72430136
310 -578.28839111 -6.72428362
311 -578.28961182 -6.72429781
312 -578.28979492 -6.72429994
313 -578.29046631 -6.72430775
314 -578.28942871 -6.72429568
315 -578.28942871 -6.72429568
316 -578.28997803 -6.72430207
317 -578.28881836 -6.72428859
318 -578.28918457 -6.72429284
319 -578.28906250 -6.72429142
320 -578.28997803 -6.72430207
321 -578.29022217 -6.72430491
322 -578.28961182 -6.72429781
323 -578.28985596 -6.72430065
324 -578.29040527 -6.72430704
325 -578.29083252 -6.72431201
326 -578.29046631 -6.72430775
327 -578.29016113 -6.72430420
328 -578.29052734 -6.72430846
329 -578.29113770 -6.72431555
330 -578.29101562 -6.72431414
331 -578.29113770 -6.72431555
332 -578.29101562 -6.72431414
333 -578.29180908 -6.72432336
334 -578.29144287 -6.72431910
335 -578.29083252 -6.72431201
336 -578.29235840 -6.72432975
337 -578.29187012 -6.72432407
338 -578.29241943 -6.72433046
339 -578.29278564 -6.72433472
340 -578.29156494 -6.72432052
341 -578.29229736 -6.72432904
342 -578.29284668 -6.72433543
343 -578.29193115 -6.72432478
344 -578.29217529 -6.72432762
345 -578.29174805 -6.72432265
346 -578.29138184 -6.72431839
347 -578.29089355 -6.72431272
348 -578.29217529 -6.72432762
349 -578.29168701 -6.72432194
350 -578.29174805 -6.72432265
351 -578.29180908 -6.72432336
352 -578.29174805 -6.72432265
353 -578.29199219 -6.72432549
354 -578.29211426 -6.72432691
355 -578.29156494 -6.72432052
356 -578.29174805 -6.72432265
357 -578.29125977 -6.72431697
358 -578.29119873 -6.72431626
359 -578.29113770 -6.72431555
360 -578.29028320 -6.72430562
361 -578.29064941 -6.72430988
362 -578.29144287 -6.72431910
363 -578.29083252 -6.72431201
364 -578.29205322 -6.72432620
365 -578.28967285 -6.72429852
366 -578.29107666 -6.72431484
367 -578.29058838 -6.72430917
368 -578.29071045 -6.72431059
369 -578.29095459 -6.72431343
370 -578.29046631 -6.72430775
371 -578.29016113 -6.72430420
372 -578.29003906 -6.72430278
373 -578.29016113 -6.72430420
374 -578.29058838 -6.72430917
375 -578.29089355 -6.72431272
376 -578.29010010 -6.72430349
377 -578.29071045 -6.72431059
378 -578.28991699 -6.72430136
379 -578.29028320 -6.72430562
380 -578.29083252 -6.72431201
381 -578.29168701 -6.72432194
382 -578.29132080 -6.72431768
383 -578.29113770 -6.72431555
384 -578.29107666 -6.72431484
385 -578.29211426 -6.72432691
386 -578.29180908 -6.72432336
387 -578.29199219 -6.72432549
388 -578.29162598 -6.72432123
389 -578.29150391 -6.72431981
390 -578.29058838 -6.72430917
391 -578.29119873 -6.72431626
392 -578.29168701 -6.72432194
393 -578.29193115 -6.72432478
394 -578.29296875 -6.72433685
395 -578.29272461 -6.72433401
396 -578.29223633 -6.72432833
397 -578.29278564 -6.72433472
398 -578.29266357 -6.72433330
399 -578.29418945 -6.72435104
400 -578.29357910 -6.72434394
401 -578.29345703 -6.72434252
402 -578.29309082 -6.72433827
403 -578.29376221 -6.72434607
404 -578.29437256 -6.72435317
405 -578.29412842 -6.72435033
406 -578.29425049 -6.72435175
407 -578.29418945 -6.72435104
408 -578.29510498 -6.72436169
409 -578.29486084 -6.72435885
410 -578.29510498 -6.72436169
411 -578.29443359 -6.72435388
412 -578.29467773 -6.72435672
413 -578.29522705 -6.72436311
414 -578.29449463 -6.72435459
415 -578.29461670 -6.72435601
416 -578.29528809 -6.72436381
417 -578.29510498 -6.72436169
418 -578.29638672 -6.72437659
419 -578.29632568 -6.72437588
420 -578.29626465 -6.72437517
421 -578.29608154 -6.72437304
422 -578.29522705 -6.72436311
423 -578.29595947 -6.72437162
424 -578.29571533 -6.72436878
425 -578.29571533 -6.72436878
426 -578.29498291 -6.72436027
427 -578.29644775 -6.72437730
428 -578.29504395 -6.72436098
429 -578.29602051 -6.72437233
430 -578.29669189 -6.72438014
431 -578.29620361 -6.72437446
432 -578.29608154 -6.72437304
433 -578.29547119 -6.72436594
434 -578.29626465 -6.72437517
435 -578.29595947 -6.72437162
436 -578.29620361 -6.72437446
437 -578.29693604 -6.72438298
438 -578.29632568 -6.72437588
439 -578.29699707 -6.72438369
440 -578.29663086 -6.72437943
441 -578.29620361 -6.72437446
442 -578.29718018 -6.72438582
443 -578.29711914 -6.72438511
444 -578.29748535 -6.72438936
445 -578.29711914 -6.72438511
446 -578.29693604 -6.72438298
447 -578.29589844 -6.72437091
448 -578.29663086 -6.72437943
449 -578.29577637 -6.72436949
450 -578.29608154 -6.72437304
451 -578.29595947 -6.72437162
452 -578.29656982 -6.72437872
453 -578.29608154 -6.72437304
454 -578.29681396 -6.72438156
455 -578.29602051 -6.72437233
456 -578.29699707 -6.72438369
457 -578.29553223 -6.72436665
458 -578.29620361 -6.72437446
459 -578.29656982 -6.72437872
460 -578.29711914 -6.72438511
461 -578.29656982 -6.72437872
462 -578.29736328 -6.72438795
463 -578.29754639 -6.72439007
464 -578.29663086 -6.72437943
465 -578.29614258 -6.72437375
466 -578.29656982 -6.72437872
467 -578.29626465 -6.72437517
468 -578.29724121 -6.72438653
469 -578.29644775 -6.72437730
470 -578.29705811 -6.72438440
471 -578.29614258 -6.72437375
472 -578.29620361 -6.72437446
473 -578.29687500 -6.72438227
474 -578.29608154 -6.72437304
475 -578.29656982 -6.72437872
476 -578.29711914 -6.72438511
477 -578.29687500 -6.72438227
478 -578.29699707 -6.72438369
479 -578.29583740 -6.72437020
480 -578.29705811 -6.72438440
481 -578.29644775 -6.72437730
482 -578.29711914 -6.72438511
483 -578.29620361 -6.72437446
484 -578.29620361 -6.72437446
485 -578.29693604 -6.72438298
486 -578.29663086 -6.72437943
487 -578.29644775 -6.72437730
488 -578.29681396 -6.72438156
489 -578.29699707 -6.72438369
490 -578.29766846 -6.72439149
491 -578.29779053 -6.72439291
492 -578.29858398 -6.72440214
493 -578.29858398 -6.72440214
494 -578.29901123 -6.72440711
495 -578.29925537 -6.72440995
496 -578.29931641 -6.72441066
497 -578.29901123 -6.72440711
498 -578.29888916 -6.72440569
499 -578.29925537 -6.72440995
500 -578.29852295 -6.72440143
501 -578.29962158 -6.72441420
502 -578.29907227 -6.72440782
503 -578.30053711 -6.72442485
504 -578.29937744 -6.72441137
505 -578.29925537 -6.72440995
506 -578.29858398 -6.72440214
507 -578.29980469 -6.72441633
508 -578.29907227 -6.72440782
509 -578.30047607 -6.72442414
510 -578.30010986 -6.72441988
511 -578.30004883 -6.72441917
512 -578.30084229 -6.72442840
513 -578.30078125 -6.72442769
514 -578.30004883 -6.72441917
515 -578.30072021 -6.72442698
516 -578.30084229 -6.72442840
517 -578.30145264 -6.72443550
518 -578.30078125 -6.72442769
519 -578.30053711 -6.72442485
520 -578.30035400 -6.72442272
521 -578.30059814 -6.72442556
522 -578.30084229 -6.72442840
523 -578.30120850 -6.72443266
524 -578.30059814 -6.72442556
525 -578.30004883 -6.72441917
526 -578.30072021 -6.72442698
527 -578.30072021 -6.72442698
528 -578.30065918 -6.72442627
529 -578.30145264 -6.72443550
530 -578.30169678 -6.72443833
531 -578.30230713 -6.72444543
532 -578.30169678 -6.72443833
533 -578.30267334 -6.72444969
534 -578.30114746 -6.72443195
535 -578.30133057 -6.72443408
536 -578.30206299 -6.72444259
537 -578.30169678 -6.72443833
538 -578.30090332 -6.72442911
539 -578.30108643 -6.72443124
540 -578.29998779 -6.72441846
541 -578.30108643 -6.72443124
542 -578.30102539 -6.72443053
543 -578.30175781 -6.72443904
544 -578.30078125 -6.72442769
545 -578.30187988 -6.72444046
546 -578.30218506 -6.72444401
547 -578.30200195 -6.72444188
548 -578.30175781 -6.72443904
549 -578.30236816 -6.72444614
550 -578.30273438 -6.72445040
551 -578.30371094 -6.72446176
552 -578.30334473 -6.72445750
553 -578.30450439 -6.72447098
554 -578.30371094 -6.72446176
555 -578.30328369 -6.72445679
556 -578.30358887 -6.72446034
557 -578.30432129 -6.72446885
558 -578.30401611 -6.72446530
559 -578.30236816 -6.72444614
560 -578.30340576 -6.72445821
561 -578.30273438 -6.72445040
562 -578.30383301 -6.72446317
563 -578.30432129 -6.72446885
564 -578.30548096 -6.72448234
565 -578.30548096 -6.72448234
566 -578.30596924 -6.72448801
567 -578.30596924 -6.72448801
568 -578.30700684 -6.72450008
569 -578.30633545 -6.72449227
570 -578.30651855 -6.72449440
571 -578.30676270 -6.72449724
572 -578.30621338 -6.72449085
573 -578.30700684 -6.72450008
574 -578.30780029 -6.72450931
575 -578.30712891 -6.72450150
576 -578.30712891 -6.72450150
577 -578.30731201 -6.72450363
578 -578.30798340 -6.72451143
579 -578.30810547 -6.72451285
580 -578.30828857 -6.72451498
581 -578.30859375 -6.72451853
582 -578.30895996 -6.72452279
583 -578.30950928 -6.72452918
584 -578.31011963 -6.72453627
585 -578.31079102 -6.72454408
586 -578.31060791 -6.72454195
587 -578.31109619 -6.72454763
588 -578.31164551 -6.72455402
589 -578.31115723 -6.72454834
590 -578.31207275 -6.72455899
