0 -528.65734863 -6.77765832
1 -528.62823486 -6.77728506
2 -528.60955811 -6.77704562
3 -528.58825684 -6.77677252
4 -528.55529785 -6.77634997
5 -528.49792480 -6.77561442
6 -528.47558594 -6.77532802
7 -528.48779297 -6.77548453
8 -528.46771240 -6.77522708
9 -528.43005371 -6.77474428
10 -528.43981934 -6.77486948
11 -528.40942383 -6.77447979
12 -528.37255859 -6.77400716
13 -528.29736328 -6.77304312
14 -528.27600098 -6.77276924
15 -528.22393799 -6.77210177
16 -528.19848633 -6.77177547
17 -528.16943359 -6.77140299
18 -528.16845703 -6.77139047
19 -528.16101074 -6.77129501
20 -528.13061523 -6.77090532
21 -528.08312988 -6.77029654
22 -528.04180908 -6.76976678
23 -527.96563721 -6.76879022
24 -527.93389893 -6.76838332
25 -527.88586426 -6.76776749
26 -527.85229492 -6.76733711
27 -527.76416016 -6.76620718
28 -527.68737793 -6.76522279
29 -527.64941406 -6.76473608
30 -527.58874512 -6.76395827
31 -527.52191162 -6.76310143
32 -527.60876465 -6.76421493
33 -527.58886719 -6.76395984
34 -527.59960938 -6.76409756
35 -527.48999023 -6.76269218
36 -527.48852539 -6.76267340
37 -527.42919922 -6.76191281
38 -527.36853027 -6.76113500
39 -527.18304443 -6.75875698
40 -527.04357910 -6.75696896
41 -527.12951660 -6.75807073
42 -527.08544922 -6.75750576
43 -527.00036621 -6.75641495
44 -526.99182129 -6.75630540
45 -526.88977051 -6.75499706
46 -526.91760254 -6.75535388
47 -526.84729004 -6.75445244
48 -526.84277344 -6.75439453
49 -526.72998047 -6.75294847
50 -526.71569824 -6.75276536
51 -526.77832031 -6.75356821
52 -526.67016602 -6.75218162
53 -526.57336426 -6.75094057
54 -526.42260742 -6.74900779
55 -526.37719727 -6.74842561
56 -526.23699951 -6.74662820
57 -526.39868164 -6.74870105
58 -526.22204590 -6.74643649
59 -526.20294189 -6.74619156
60 -526.08551025 -6.74468603
61 -526.08386230 -6.74466490
62 -526.12713623 -6.74521970
63 -526.10156250 -6.74489183
64 -525.88726807 -6.74214446
65 -525.81298828 -6.74119216
66 -525.77551270 -6.74071170
67 -525.62365723 -6.73876484
68 -525.40032959 -6.73590166
69 -525.26788330 -6.73420363
70 -525.15887451 -6.73280608
71 -524.88073730 -6.72924022
72 -524.85968018 -6.72897026
73 -524.70642090 -6.72700540
74 -524.77185059 -6.72784424
75 -524.72424316 -6.72723389
76 -524.48492432 -6.72416570
77 -524.46179199 -6.72386913
78 -524.44982910 -6.72371576
79 -524.43902588 -6.72357725
80 -524.26025391 -6.72128531
81 -524.18969727 -6.72038073
82 -524.23980713 -6.72102317
83 -524.25976562 -6.72127905
84 -524.16864014 -6.72011077
85 -524.08416748 -6.71902779
86 -524.29956055 -6.72178924
87 -524.11791992 -6.71946051
88 -524.14904785 -6.71985959
89 -523.97290039 -6.71760129
90 -523.80230713 -6.71541419
91 -523.60766602 -6.71291880
92 -523.31488037 -6.70916513
93 -523.08538818 -6.70622293
94 -522.94055176 -6.70436605
95 -523.17041016 -6.70731295
96 -522.97180176 -6.70476669
97 -522.97747803 -6.70483946
98 -522.96844482 -6.70472365
99 -522.96643066 -6.70469783
100 -522.86462402 -6.70339262
101 -522.62341309 -6.70030017
102 -522.59851074 -6.69998091
103 -522.16137695 -6.69437663
104 -522.17041016 -6.69449244
105 -522.06591797 -6.69315279
106 -522.06414795 -6.69313010
107 -522.27062988 -6.69577731
108 -521.98669434 -6.69213711
109 -521.84735107 -6.69035065
110 -521.70886230 -6.68857516
111 -521.85589600 -6.69046021
112 -521.93872070 -6.69152206
113 -521.79791260 -6.68971683
114 -521.70764160 -6.68855951
115 -521.58288574 -6.68696007
116 -521.23626709 -6.68251624
117 -521.16320801 -6.68157959
118 -520.96337891 -6.67901768
119 -520.91534424 -6.67840185
120 -520.41998291 -6.67205106
121 -520.16888428 -6.66883185
122 -520.14978027 -6.66858693
123 -519.83801270 -6.66458991
124 -519.63299561 -6.66196148
125 -519.42834473 -6.65933775
126 -519.08068848 -6.65488062
127 -519.45336914 -6.65965858
128 -519.38616943 -6.65879704
129 -519.06079102 -6.65462553
130 -518.99902344 -6.65383363
131 -519.28771973 -6.65753487
132 -519.60699463 -6.66162814
133 -519.72186279 -6.66310081
134 -519.32580566 -6.65802315
135 -519.03521729 -6.65429766
136 -518.72033691 -6.65026073
137 -518.48779297 -6.64727940
138 -518.44561768 -6.64673869
139 -518.50146484 -6.64745468
140 -518.51361084 -6.64761040
141 -518.55389404 -6.64812685
142 -518.25933838 -6.64435049
143 -518.10852051 -6.64241693
144 -517.70581055 -6.63725398
145 -517.34826660 -6.63267008
146 -517.60821533 -6.63600276
147 -517.30694580 -6.63214033
148 -517.35131836 -6.63270921
149 -517.43701172 -6.63380784
150 -517.18780518 -6.63061289
151 -516.99090576 -6.62808854
152 -517.06652832 -6.62905806
153 -516.73046875 -6.62474960
154 -516.16339111 -6.61747937
155 -516.24261475 -6.61849506
156 -516.58319092 -6.62286142
157 -516.47808838 -6.62151395
158 -516.69091797 -6.62424254
159 -516.84722900 -6.62624653
160 -516.76049805 -6.62513459
161 -516.78295898 -6.62542255
162 -516.56396484 -6.62261493
163 -516.48968506 -6.62166263
164 -516.45001221 -6.62115400
165 -516.29357910 -6.61914845
166 -516.27001953 -6.61884640
167 -515.84020996 -6.61333603
168 -515.75769043 -6.61227808
169 -515.59069824 -6.61013716
170 -515.56707764 -6.60983433
171 -515.45684814 -6.60842113
172 -515.72546387 -6.61186492
173 -515.92199707 -6.61438458
174 -516.28717041 -6.61906629
175 -516.56542969 -6.62263371
176 -516.62060547 -6.62334110
177 -516.30163574 -6.61925174
178 -516.01763916 -6.61561076
179 -516.00939941 -6.61550512
180 -515.95782471 -6.61484391
181 -516.03466797 -6.61582908
182 -515.94909668 -6.61473201
183 -515.58483887 -6.61006204
184 -515.57543945 -6.60994153
185 -515.18847656 -6.60498047
186 -515.57910156 -6.60998848
187 -515.39453125 -6.60762220
188 -515.40270996 -6.60772705
189 -514.81219482 -6.60015634
190 -514.64575195 -6.59802246
191 -514.39508057 -6.59480873
192 -514.65734863 -6.59817114
193 -514.99639893 -6.60251793
194 -514.63732910 -6.59791448
195 -514.07116699 -6.59065599
196 -513.69775391 -6.58586864
197 -513.87780762 -6.58817702
198 -513.88421631 -6.58825918
199 -513.78527832 -6.58699075
200 -513.69348145 -6.58581386
201 -513.76440430 -6.58672313
202 -513.11340332 -6.57837697
203 -512.51696777 -6.57073036
204 -512.49932861 -6.57050421
205 -512.19909668 -6.56665509
206 -512.30853271 -6.56805811
207 -512.25561523 -6.56737968
208 -512.22705078 -6.56701347
209 -511.81536865 -6.56173550
210 -512.30126953 -6.56796499
211 -511.88415527 -6.56261738
212 -511.81616211 -6.56174567
213 -511.47241211 -6.55733862
214 -510.81164551 -6.54886725
215 -509.72390747 -6.53492189
216 -509.66455078 -6.53416091
217 -509.89453125 -6.53710938
218 -510.45208740 -6.54425753
219 -510.17361450 -6.54068737
220 -510.55123901 -6.54552871
221 -510.58569336 -6.54597043
222 -510.36859131 -6.54318707
223 -510.16369629 -6.54056021
224 -509.98504639 -6.53826983
225 -509.60977173 -6.53345861
226 -509.30014038 -6.52948898
227 -508.55584717 -6.51994676
228 -508.17776489 -6.51509955
229 -508.00637817 -6.51290228
230 -507.63839722 -6.50818458
231 -507.75106812 -6.50962908
232 -507.53881836 -6.50690793
233 -507.76245117 -6.50977502
234 -507.06378174 -6.50081771
235 -506.72021484 -6.49641301
236 -506.68182373 -6.49592082
237 -506.31530762 -6.49122189
238 -506.53759766 -6.49407176
239 -506.04751587 -6.48778866
240 -505.07675171 -6.47534297
241 -505.46505737 -6.48032125
242 -504.97155762 -6.47399433
243 -504.34445190 -6.46595451
244 -505.01391602 -6.47453738
245 -504.72952271 -6.47089132
246 -504.31607056 -6.46559065
247 -504.38473511 -6.46647096
248 -504.29348755 -6.46530112
249 -504.58297729 -6.46901253
250 -504.62524414 -6.46955441
251 -504.42764282 -6.46702106
252 -504.89172363 -6.47297082
253 -504.55795288 -6.46869170
254 -504.03643799 -6.46200562
255 -503.22357178 -6.45158425
256 -503.48175049 -6.45489424
257 -503.63662720 -6.45687984
258 -502.95925903 -6.44819563
259 -502.83306885 -6.44657781
260 -503.19833374 -6.45126069
261 -502.84960938 -6.44678986
262 -503.09848022 -6.44998052
263 -503.09625244 -6.44995195
264 -502.41491699 -6.44121688
265 -502.41741943 -6.44124897
266 -501.37829590 -6.42792687
267 -501.14022827 -6.42487472
268 -501.08352661 -6.42414778
269 -500.59777832 -6.41792023
270 -500.02902222 -6.41062849
271 -499.88085938 -6.40872897
272 -499.40213013 -6.40259141
273 -498.68572998 -6.39340679
274 -499.05844116 -6.39818514
275 -499.37408447 -6.40223185
276 -499.11187744 -6.39887022
277 -498.65286255 -6.39298542
278 -499.41278076 -6.40272796
279 -498.94461060 -6.39672578
280 -498.35104370 -6.38911594
281 -498.86956787 -6.39576369
282 -498.50762939 -6.39112345
283 -498.00708008 -6.38470615
284 -497.75961304 -6.38153350
285 -497.17318726 -6.37401522
286 -496.80758667 -6.36932803
287 -496.15664673 -6.36098265
288 -495.81625366 -6.35661864
289 -495.85583496 -6.35712609
290 -496.13958740 -6.36076394
291 -496.64550781 -6.36725010
292 -495.36764526 -6.35086725
293 -495.40051270 -6.35128862
294 -495.68063354 -6.35487992
295 -495.87564087 -6.35738001
296 -495.27139282 -6.34963324
297 -495.26071167 -6.34949630
298 -495.11984253 -6.34769029
299 -494.32409668 -6.33748842
300 -494.68130493 -6.34206801
301 -494.09500122 -6.33455130
302 -494.69119263 -6.34219478
303 -493.95281982 -6.33272846
304 -494.38330078 -6.33824745
305 -494.01611328 -6.33353991
306 -493.74386597 -6.33004956
307 -494.07598877 -6.33430755
308 -494.13369751 -6.33504740
309 -494.18084717 -6.33565189
310 -494.06616211 -6.33418157
311 -493.58709717 -6.32803971
312 -492.77395630 -6.31761482
313 -491.56481934 -6.30211307
314 -491.24032593 -6.29795290
315 -490.58752441 -6.28958365
316 -490.14712524 -6.28393750
317 -490.04132080 -6.28258104
318 -489.87274170 -6.28041977
319 -490.34060669 -6.28641803
320 -489.94378662 -6.28133060
321 -489.77822876 -6.27920806
322 -490.49053955 -6.28834025
323 -490.91641235 -6.29380016
324 -489.91671753 -6.28098356
325 -489.54342651 -6.27619778
326 -489.23757935 -6.27227666
327 -489.02688599 -6.26957546
328 -488.41601562 -6.26174379
329 -487.70306396 -6.25260338
330 -487.74456787 -6.25313549
331 -488.07702637 -6.25739777
332 -487.38433838 -6.24851716
333 -486.87222290 -6.24195158
334 -485.07888794 -6.21896010
335 -484.05892944 -6.20588371
336 -483.94140625 -6.20437700
337 -483.61303711 -6.20016714
338 -483.15859985 -6.19434102
339 -483.61706543 -6.20021879
340 -482.87377930 -6.19068948
341 -482.34902954 -6.18396192
342 -482.03302002 -6.17991051
343 -481.94317627 -6.17875867
344 -481.86932373 -6.17781184
345 -481.87884521 -6.17793391
346 -481.91235352 -6.17836351
