0 -725.80914307 -6.59826494
1 -724.69897461 -6.58817250
2 -723.18115234 -6.57437411
3 -721.02905273 -6.55480957
4 -720.00781250 -6.54552557
5 -718.91430664 -6.53558461
6 -718.26306152 -6.52966420
7 -717.28619385 -6.52078358
8 -715.97375488 -6.50885232
9 -715.30017090 -6.50272883
10 -713.93127441 -6.49028431
11 -712.95349121 -6.48139537
12 -710.30175781 -6.45728871
13 -710.16418457 -6.45603804
14 -709.29614258 -6.44814675
15 -708.83300781 -6.44393643
16 -708.84619141 -6.44405629
17 -708.21166992 -6.43828791
18 -708.17602539 -6.43796387
19 -708.54602051 -6.44132746
20 -708.69653320 -6.44269576
21 -708.66601562 -6.44241832
22 -708.70483398 -6.44277122
23 -708.61218262 -6.44192893
24 -708.62243652 -6.44202215
25 -708.54052734 -6.44127752
26 -708.40820312 -6.44007457
27 -708.31140137 -6.43919456
28 -708.28771973 -6.43897927
29 -708.23095703 -6.43846325
30 -708.19958496 -6.43817805
31 -708.14953613 -6.43772306
32 -708.07269287 -6.43702448
33 -708.04687500 -6.43678977
34 -707.99682617 -6.43633478
35 -707.98815918 -6.43625599
36 -707.98095703 -6.43619052
37 -707.86718750 -6.43515625
38 -707.79760742 -6.43452370
39 -707.74621582 -6.43405651
40 -707.67541504 -6.43341286
41 -707.63342285 -6.43303112
42 -707.57843018 -6.43253118
43 -707.50341797 -6.43184925
44 -707.42736816 -6.43115789
45 -707.28942871 -6.42990390
46 -707.23254395 -6.42938676
47 -707.09924316 -6.42817494
48 -706.98596191 -6.42714511
49 -706.95288086 -6.42684437
50 -706.87780762 -6.42616189
51 -706.83190918 -6.42574463
52 -706.79528809 -6.42541171
53 -706.76757812 -6.42515980
54 -706.70159912 -6.42455999
55 -706.64111328 -6.42401012
56 -706.56030273 -6.42327548
57 -706.45214844 -6.42229226
58 -706.42822266 -6.42207475
59 -706.45715332 -6.42233776
60 -706.42639160 -6.42205811
61 -706.38574219 -6.42168857
62 -706.30938721 -6.42099443
63 -706.20678711 -6.42006170
64 -706.19824219 -6.41998402
65 -706.17053223 -6.41973211
66 -706.09899902 -6.41908181
67 -705.94689941 -6.41769909
68 -705.85498047 -6.41686346
69 -705.66418457 -6.41512895
70 -705.54357910 -6.41403254
71 -705.40698242 -6.41279075
72 -705.37725830 -6.41252053
73 -705.31787109 -6.41198065
74 -705.27172852 -6.41156117
75 -705.22521973 -6.41113836
76 -705.19067383 -6.41082431
77 -705.07208252 -6.40974620
78 -705.00720215 -6.40915638
79 -704.88391113 -6.40803556
80 -704.86108398 -6.40782804
81 -704.76367188 -6.40694247
82 -704.73327637 -6.40666615
83 -704.68719482 -6.40624723
84 -704.64074707 -6.40582497
85 -704.57037354 -6.40518521
86 -704.47753906 -6.40434126
87 -704.38775635 -6.40352506
88 -704.26550293 -6.40241366
89 -704.14794922 -6.40134499
90 -704.11090088 -6.40100819
91 -704.06652832 -6.40060480
92 -704.06433105 -6.40058483
93 -704.03051758 -6.40027743
94 -704.02331543 -6.40021196
95 -703.97210693 -6.39974643
96 -703.74572754 -6.39768843
97 -703.73913574 -6.39762851
98 -703.45007324 -6.39500067
99 -703.36682129 -6.39424383
100 -703.07421875 -6.39158381
101 -703.03552246 -6.39123202
102 -703.13903809 -6.39217307
103 -702.64111328 -6.38764648
104 -702.36480713 -6.38513461
105 -702.12609863 -6.38296453
106 -702.10900879 -6.38280917
107 -702.01153564 -6.38192305
108 -701.84448242 -6.38040439
109 -701.64721680 -6.37861106
110 -701.07067871 -6.37336981
111 -700.67541504 -6.36977650
112 -700.68273926 -6.36984308
113 -700.16406250 -6.36512784
114 -700.11889648 -6.36471724
115 -699.89868164 -6.36271529
116 -699.49243164 -6.35902211
117 -699.34136963 -6.35764881
118 -699.02844238 -6.35480402
119 -698.83239746 -6.35302180
120 -698.75109863 -6.35228271
121 -698.36059570 -6.34873269
122 -698.25732422 -6.34779386
123 -697.58526611 -6.34168424
124 -697.86071777 -6.34418834
125 -697.29431152 -6.33903920
126 -696.32983398 -6.33027122
127 -696.22735596 -6.32933960
128 -695.58129883 -6.32346635
129 -695.57177734 -6.32337979
130 -695.68341064 -6.32439464
131 -696.40136719 -6.33092152
132 -697.08251953 -6.33711381
133 -697.39038086 -6.33991255
134 -696.99322510 -6.33630205
135 -696.92895508 -6.33571777
136 -696.74365234 -6.33403320
137 -696.48730469 -6.33170277
138 -696.20422363 -6.32912931
139 -696.43774414 -6.33125222
140 -696.43493652 -6.33122670
141 -696.38793945 -6.33079945
142 -696.38824463 -6.33080222
143 -696.35015869 -6.33045599
144 -696.33825684 -6.33034779
145 -696.15258789 -6.32865989
146 -696.02868652 -6.32753351
147 -696.10668945 -6.32824263
148 -696.14440918 -6.32858554
149 -696.18743896 -6.32897672
150 -696.25781250 -6.32961648
151 -696.25622559 -6.32960205
152 -696.25933838 -6.32963035
153 -696.19732666 -6.32906661
154 -696.29998779 -6.32999989
155 -696.23248291 -6.32938621
156 -696.22619629 -6.32932906
157 -696.40985107 -6.33099865
158 -696.38214111 -6.33074674
159 -696.39105225 -6.33082775
160 -696.51806641 -6.33198242
161 -696.62115479 -6.33291959
162 -696.52624512 -6.33205677
163 -696.68621826 -6.33351108
164 -696.69812012 -6.33361927
165 -696.24200439 -6.32947277
166 -696.01867676 -6.32744252
167 -695.84484863 -6.32586226
168 -695.54473877 -6.32313399
169 -695.13964844 -6.31945135
170 -695.02874756 -6.31844316
171 -694.70965576 -6.31554233
172 -694.22583008 -6.31114391
173 -693.91088867 -6.30828081
174 -693.98126221 -6.30892057
175 -693.99755859 -6.30906871
176 -693.90167236 -6.30819702
177 -693.50012207 -6.30454656
178 -693.47668457 -6.30433350
179 -693.43048096 -6.30391346
180 -693.20123291 -6.30182939
181 -693.14471436 -6.30131559
182 -693.10498047 -6.30095437
183 -693.03454590 -6.30031405
184 -692.50573730 -6.29550670
185 -692.38580322 -6.29441639
186 -692.46124268 -6.29510221
187 -692.33947754 -6.29399525
188 -692.10345459 -6.29184959
189 -691.71685791 -6.28833507
190 -691.63464355 -6.28758767
191 -691.34606934 -6.28496427
192 -690.87738037 -6.28070346
193 -690.44458008 -6.27676891
194 -690.76348877 -6.27966808
195 -690.48748779 -6.27715898
196 -689.60186768 -6.26910789
197 -689.40856934 -6.26735063
198 -688.78753662 -6.26170488
199 -687.78393555 -6.25258123
200 -687.25457764 -6.24776889
201 -686.34851074 -6.23953192
202 -685.64953613 -6.23317760
203 -684.11853027 -6.21925937
204 -682.33831787 -6.20307562
205 -680.48931885 -6.18626653
206 -678.19873047 -6.16544300
207 -676.45611572 -6.14960105
208 -675.93621826 -6.14487471
209 -675.02276611 -6.13657060
210 -673.73754883 -6.12488681
211 -671.92626953 -6.10842063
212 -670.12030029 -6.09200273
213 -668.92926025 -6.08117509
214 -668.04821777 -6.07316562
215 -664.90856934 -6.04462336
216 -663.85211182 -6.03501920
217 -663.35076904 -6.03046154
218 -663.77038574 -6.03427623
219 -663.58837891 -6.03262163
220 -661.94232178 -6.01765747
221 -661.14050293 -6.01036821
222 -658.50457764 -5.98640525
223 -656.98980713 -5.97263461
224 -656.31768799 -5.96652444
225 -654.32275391 -5.94838867
226 -653.58856201 -5.94171420
227 -652.41217041 -5.93101973
228 -650.93682861 -5.91760753
229 -650.18402100 -5.91076383
230 -650.61370850 -5.91467008
231 -650.78460693 -5.91622370
232 -650.12072754 -5.91018843
233 -650.06494141 -5.90968129
234 -649.04394531 -5.90039950
235 -649.14984131 -5.90136219
236 -649.25433350 -5.90231212
237 -646.92523193 -5.88113847
238 -646.08294678 -5.87348133
239 -646.65515137 -5.87868319
240 -646.05450439 -5.87322277
241 -645.44293213 -5.86766302
242 -645.20635986 -5.86551236
243 -644.60467529 -5.86004250
244 -644.56982422 -5.85972567
245 -644.48516846 -5.85895608
246 -644.25537109 -5.85686701
247 -643.58160400 -5.85074185
248 -643.09863281 -5.84635121
249 -642.53131104 -5.84119374
250 -642.72088623 -5.84291715
251 -642.68872070 -5.84262473
252 -642.54406738 -5.84130970
253 -642.53070068 -5.84118819
254 -642.28045654 -5.83891324
255 -642.12658691 -5.83751443
256 -641.69873047 -5.83362482
257 -641.59301758 -5.83266380
258 -641.35809326 -5.83052812
259 -641.20452881 -5.82913208
260 -641.22882080 -5.82935292
261 -641.01196289 -5.82738148
262 -640.92755127 -5.82661410
263 -640.67706299 -5.82433694
264 -640.80505371 -5.82550049
265 -640.73797607 -5.82489069
266 -640.53417969 -5.82303800
267 -640.31903076 -5.82108210
268 -640.05462646 -5.81867842
269 -639.90045166 -5.81727683
270 -639.20672607 -5.81097024
271 -638.60455322 -5.80549594
272 -637.82287598 -5.79838978
273 -637.62774658 -5.79661588
274 -637.45904541 -5.79508223
275 -637.01452637 -5.79104115
276 -636.84222412 -5.78947476
277 -636.76220703 -5.78874734
278 -636.05206299 -5.78229148
279 -636.02636719 -5.78205788
280 -636.50134277 -5.78637584
281 -635.75488281 -5.77958984
282 -635.42877197 -5.77662520
283 -635.39361572 -5.77630560
284 -635.19000244 -5.77445457
285 -635.40917969 -5.77644709
286 -635.15863037 -5.77416937
287 -634.81427002 -5.77103882
288 -634.64141846 -5.76946744
289 -634.49780273 -5.76816184
290 -634.49438477 -5.76813077
291 -634.56237793 -5.76874889
292 -634.40338135 -5.76730347
293 -634.19598389 -5.76541804
294 -633.92639160 -5.76296720
295 -633.92852783 -5.76298662
296 -633.96917725 -5.76335616
297 -633.86614990 -5.76241954
298 -633.79486084 -5.76177146
299 -633.86376953 -5.76239790
300 -633.81896973 -5.76199063
301 -633.91516113 -5.76286510
302 -634.00476074 -5.76367964
303 -633.91131592 -5.76283014
304 -633.94079590 -5.76309814
305 -634.06774902 -5.76425226
306 -634.09326172 -5.76448420
307 -634.19030762 -5.76536643
308 -634.08642578 -5.76442205
309 -634.07751465 -5.76434104
310 -634.10101318 -5.76455467
311 -634.08795166 -5.76443592
312 -634.06677246 -5.76424339
313 -634.03247070 -5.76393155
314 -634.15551758 -5.76505016
315 -634.44305420 -5.76766413
316 -634.45013428 -5.76772849
317 -634.50195312 -5.76819957
318 -634.87799072 -5.77161810
319 -634.95666504 -5.77233332
320 -634.86181641 -5.77147106
321 -634.88525391 -5.77168413
322 -634.62145996 -5.76928600
323 -634.47229004 -5.76792991
324 -634.79736328 -5.77088512
325 -634.80206299 -5.77092785
326 -635.09326172 -5.77357511
327 -635.00695801 -5.77279053
328 -635.03869629 -5.77307906
329 -634.94793701 -5.77225397
330 -634.88732910 -5.77170299
331 -634.98406982 -5.77258245
332 -634.70989990 -5.77009000
333 -634.71716309 -5.77015603
334 -634.65875244 -5.76962502
335 -634.63397217 -5.76939975
