0 -571.96588135 -6.49961229
1 -571.98706055 -6.49985296
2 -572.00537109 -6.50006104
3 -572.01953125 -6.50022195
4 -572.03216553 -6.50036552
5 -572.04357910 -6.50049522
6 -572.05261230 -6.50059787
7 -572.06170654 -6.50070121
8 -572.06988525 -6.50079415
9 -572.07678223 -6.50087253
10 -572.08288574 -6.50094188
11 -572.08880615 -6.50100916
12 -572.09460449 -6.50107505
13 -572.09899902 -6.50112499
14 -572.10327148 -6.50117354
15 -572.10729980 -6.50121932
16 -572.11187744 -6.50127133
17 -572.11535645 -6.50131087
18 -572.11853027 -6.50134693
19 -572.12164307 -6.50138231
20 -572.12481689 -6.50141837
21 -572.12744141 -6.50144820
22 -572.12969971 -6.50147386
23 -572.13220215 -6.50150230
24 -572.13531494 -6.50153767
25 -572.13739014 -6.50156125
26 -572.13922119 -6.50158206
27 -572.14117432 -6.50160425
28 -572.14263916 -6.50162090
29 -572.14434814 -6.50164032
30 -572.14642334 -6.50166390
31 -572.14807129 -6.50168263
32 -572.14990234 -6.50170344
