0 -490.64074707 -6.81445482
1 -490.65106201 -6.81459808
2 -490.65417480 -6.81464132
3 -490.65362549 -6.81463369
4 -490.65927124 -6.81471210
5 -490.66021729 -6.81472524
6 -490.66149902 -6.81474304
7 -490.65985107 -6.81472015
8 -490.66302490 -6.81476423
9 -490.65942383 -6.81471422
10 -490.67056274 -6.81486893
11 -490.67333984 -6.81490750
12 -490.66851807 -6.81484053
13 -490.66796875 -6.81483290
14 -490.66870117 -6.81484307
15 -490.67358398 -6.81491089
16 -490.67813110 -6.81497404
17 -490.67468262 -6.81492615
18 -490.67297363 -6.81490241
19 -490.67504883 -6.81493123
20 -490.67636108 -6.81494946
21 -490.67663574 -6.81495327
22 -490.67694092 -6.81495751
23 -490.67993164 -6.81499905
24 -490.67681885 -6.81495582
25 -490.67077637 -6.81487189
26 -490.67391968 -6.81491555
27 -490.67700195 -6.81495836
28 -490.67572021 -6.81494056
29 -490.67266846 -6.81489817
30 -490.66970825 -6.81485706
31 -490.66967773 -6.81485664
32 -490.67065430 -6.81487020
33 -490.66589355 -6.81480408
34 -490.67047119 -6.81486766
35 -490.67333984 -6.81490750
36 -490.67184448 -6.81488673
37 -490.66387939 -6.81477610
38 -490.66592407 -6.81480450
39 -490.66778564 -6.81483036
40 -490.66485596 -6.81478967
41 -490.66610718 -6.81480704
42 -490.67034912 -6.81486596
43 -490.67486572 -6.81492869
44 -490.67218018 -6.81489139
45 -490.67285156 -6.81490072
46 -490.67425537 -6.81492021
47 -490.67358398 -6.81491089
48 -490.67596436 -6.81494395
49 -490.67871094 -6.81498210
50 -490.67419434 -6.81491937
51 -490.67437744 -6.81492191
52 -490.67462158 -6.81492530
53 -490.67691040 -6.81495709
54 -490.67892456 -6.81498506
55 -490.68066406 -6.81500922
56 -490.68075562 -6.81501049
57 -490.67834473 -6.81497701
58 -490.67468262 -6.81492615
59 -490.67358398 -6.81491089
60 -490.67398071 -6.81491640
61 -490.67858887 -6.81498040
62 -490.67770386 -6.81496811
63 -490.67974854 -6.81499651
64 -490.68569946 -6.81507916
65 -490.68383789 -6.81505330
66 -490.67944336 -6.81499227
67 -490.67645264 -6.81495073
68 -490.67694092 -6.81495751
69 -490.67922974 -6.81498930
70 -490.68283081 -6.81503932
71 -490.67736816 -6.81496345
72 -490.67391968 -6.81491555
73 -490.66802979 -6.81483375
74 -490.66961670 -6.81485579
75 -490.66723633 -6.81482273
76 -490.66571045 -6.81480153
77 -490.66983032 -6.81485875
78 -490.66802979 -6.81483375
79 -490.66595459 -6.81480492
80 -490.67218018 -6.81489139
81 -490.66656494 -6.81481340
82 -490.67132568 -6.81487952
83 -490.67214966 -6.81489097
84 -490.67358398 -6.81491089
85 -490.67639160 -6.81494988
86 -490.67779541 -6.81496938
87 -490.67721558 -6.81496133
88 -490.67767334 -6.81496769
89 -490.67434692 -6.81492149
90 -490.67022705 -6.81486426
91 -490.66845703 -6.81483968
92 -490.66845703 -6.81483968
93 -490.67633057 -6.81494904
94 -490.67810059 -6.81497362
95 -490.68127441 -6.81501770
96 -490.67791748 -6.81497108
97 -490.67697144 -6.81495794
98 -490.67541504 -6.81493632
99 -490.67486572 -6.81492869
100 -490.67120361 -6.81487783
101 -490.66790771 -6.81483205
102 -490.66925049 -6.81485070
103 -490.67028809 -6.81486511
104 -490.66772461 -6.81482951
105 -490.67318726 -6.81490538
106 -490.67218018 -6.81489139
107 -490.67108154 -6.81487613
108 -490.66778564 -6.81483036
109 -490.66699219 -6.81481934
110 -490.66699219 -6.81481934
111 -490.66503906 -6.81479221
112 -490.66384888 -6.81477568
113 -490.66525269 -6.81479518
114 -490.66683960 -6.81481722
115 -490.66497803 -6.81479136
116 -490.66885376 -6.81484519
117 -490.66955566 -6.81485494
118 -490.66867065 -6.81484265
119 -490.66751099 -6.81482654
120 -490.66729736 -6.81482357
121 -490.66882324 -6.81484477
122 -490.66775513 -6.81482993
123 -490.67047119 -6.81486766
124 -490.66314697 -6.81476593
125 -490.66204834 -6.81475067
126 -490.66287231 -6.81476212
127 -490.66503906 -6.81479221
128 -490.66815186 -6.81483544
129 -490.66906738 -6.81484816
130 -490.67037964 -6.81486638
131 -490.66571045 -6.81480153
132 -490.66583252 -6.81480323
133 -490.66931152 -6.81485155
134 -490.66821289 -6.81483629
135 -490.66967773 -6.81485664
136 -490.66912842 -6.81484901
137 -490.67071533 -6.81487105
138 -490.66824341 -6.81483671
139 -490.67047119 -6.81486766
140 -490.66912842 -6.81484901
141 -490.66857910 -6.81484138
142 -490.67062378 -6.81486977
143 -490.67388916 -6.81491513
144 -490.67150879 -6.81488207
145 -490.66973877 -6.81485748
146 -490.66860962 -6.81484180
147 -490.66485596 -6.81478967
148 -490.66491699 -6.81479051
149 -490.66241455 -6.81475576
150 -490.66674805 -6.81481595
151 -490.66693115 -6.81481849
152 -490.66534424 -6.81479645
153 -490.66174316 -6.81474643
154 -490.66571045 -6.81480153
155 -490.66815186 -6.81483544
156 -490.66763306 -6.81482824
157 -490.66424561 -6.81478119
158 -490.66851807 -6.81484053
159 -490.66369629 -6.81477356
160 -490.66708374 -6.81482061
161 -490.66864014 -6.81484222
162 -490.66567993 -6.81480111
163 -490.66345215 -6.81477017
164 -490.66882324 -6.81484477
165 -490.66766357 -6.81482866
166 -490.66366577 -6.81477314
167 -490.66278076 -6.81476084
168 -490.66183472 -6.81474770
169 -490.66217041 -6.81475237
170 -490.66467285 -6.81478712
171 -490.66680908 -6.81481679
172 -490.66183472 -6.81474770
173 -490.67059326 -6.81486935
174 -490.66723633 -6.81482273
175 -490.66552734 -6.81479899
176 -490.67169189 -6.81488461
177 -490.66650391 -6.81481255
178 -490.66152954 -6.81474347
179 -490.66363525 -6.81477271
180 -490.66482544 -6.81478924
181 -490.66345215 -6.81477017
182 -490.66452026 -6.81478500
183 -490.66235352 -6.81475491
184 -490.66030884 -6.81472651
185 -490.66033936 -6.81472694
186 -490.65441895 -6.81464471
187 -490.66271973 -6.81476000
188 -490.65963745 -6.81471719
189 -490.65417480 -6.81464132
190 -490.65560913 -6.81466124
191 -490.66058350 -6.81473033
192 -490.65704346 -6.81468116
193 -490.65606689 -6.81466760
194 -490.65817261 -6.81469684
195 -490.65667725 -6.81467607
196 -490.66052246 -6.81472948
197 -490.66204834 -6.81475067
198 -490.65933228 -6.81471295
199 -490.65948486 -6.81471507
200 -490.66796875 -6.81483290
201 -490.66735840 -6.81482442
202 -490.66372681 -6.81477398
203 -490.66448975 -6.81478458
204 -490.66110229 -6.81473753
205 -490.67065430 -6.81487020
206 -490.66735840 -6.81482442
207 -490.66723633 -6.81482273
208 -490.67004395 -6.81486172
209 -490.67126465 -6.81487868
210 -490.67044067 -6.81486723
211 -490.67218018 -6.81489139
212 -490.66848755 -6.81484010
213 -490.66625977 -6.81480916
214 -490.67123413 -6.81487825
215 -490.67053223 -6.81486850
216 -490.67214966 -6.81489097
217 -490.66705322 -6.81482018
218 -490.66992188 -6.81486003
219 -490.66998291 -6.81486087
220 -490.66989136 -6.81485960
221 -490.66564941 -6.81480069
222 -490.66003418 -6.81472270
223 -490.66668701 -6.81481510
224 -490.67059326 -6.81486935
225 -490.67272949 -6.81489902
226 -490.67172241 -6.81488503
227 -490.67358398 -6.81491089
228 -490.67483521 -6.81492827
229 -490.67797852 -6.81497192
230 -490.67727661 -6.81496218
231 -490.67315674 -6.81490495
232 -490.67382812 -6.81491428
233 -490.67028809 -6.81486511
234 -490.67120361 -6.81487783
235 -490.66882324 -6.81484477
236 -490.66619873 -6.81480832
237 -490.66333008 -6.81476847
238 -490.66741943 -6.81482527
239 -490.67034912 -6.81486596
240 -490.66839600 -6.81483883
241 -490.67010498 -6.81486257
242 -490.67404175 -6.81491725
243 -490.67407227 -6.81491767
244 -490.67395020 -6.81491597
245 -490.67419434 -6.81491937
246 -490.67327881 -6.81490665
247 -490.67645264 -6.81495073
248 -490.67669678 -6.81495412
249 -490.68072510 -6.81501007
250 -490.67919922 -6.81498888
251 -490.68280029 -6.81503889
252 -490.67752075 -6.81496557
253 -490.67523193 -6.81493378
254 -490.68103027 -6.81501431
255 -490.68261719 -6.81503635
256 -490.68173218 -6.81502406
257 -490.68280029 -6.81503889
258 -490.67971802 -6.81499608
259 -490.67791748 -6.81497108
260 -490.67617798 -6.81494692
261 -490.68170166 -6.81502363
262 -490.67834473 -6.81497701
263 -490.67565918 -6.81493971
264 -490.67279053 -6.81489987
265 -490.67706299 -6.81495921
266 -490.68145752 -6.81502024
267 -490.68579102 -6.81508043
268 -490.68322754 -6.81504483
269 -490.68542480 -6.81507534
270 -490.68542480 -6.81507534
271 -490.68402100 -6.81505585
272 -490.68341064 -6.81504737
273 -490.68487549 -6.81506772
274 -490.68051147 -6.81500710
275 -490.68402100 -6.81505585
276 -490.69281006 -6.81517792
277 -490.69006348 -6.81513977
278 -490.68988037 -6.81513723
279 -490.68762207 -6.81510586
280 -490.68838501 -6.81511646
281 -490.68994141 -6.81513808
282 -490.69461060 -6.81520292
283 -490.69366455 -6.81518979
284 -490.69113159 -6.81515461
285 -490.69244385 -6.81517283
286 -490.68905640 -6.81512578
287 -490.68719482 -6.81509993
288 -490.69097900 -6.81515249
289 -490.69342041 -6.81518639
290 -490.69323730 -6.81518385
291 -490.69421387 -6.81519741
292 -490.69354248 -6.81518809
293 -490.69464111 -6.81520335
294 -490.69473267 -6.81520462
295 -490.68707275 -6.81509823
296 -490.68914795 -6.81512705
297 -490.69085693 -6.81515079
298 -490.69122314 -6.81515588
299 -490.69421387 -6.81519741
300 -490.69894409 -6.81526311
301 -490.70196533 -6.81530507
302 -490.70144653 -6.81529787
303 -490.69805908 -6.81525082
304 -490.70022583 -6.81528091
305 -490.70043945 -6.81528388
306 -490.70013428 -6.81527964
307 -490.70159912 -6.81529999
308 -490.70373535 -6.81532966
309 -490.70123291 -6.81529490
310 -490.70001221 -6.81527795
311 -490.70233154 -6.81531016
312 -490.70544434 -6.81535339
313 -490.70477295 -6.81534407
314 -490.70806885 -6.81538985
315 -490.71179199 -6.81544156
316 -490.71484375 -6.81548394
317 -490.70837402 -6.81539408
318 -490.71163940 -6.81543944
319 -490.70953369 -6.81541019
320 -490.70968628 -6.81541231
321 -490.71240234 -6.81545003
322 -490.71282959 -6.81545597
323 -490.71160889 -6.81543901
324 -490.71240234 -6.81545003
325 -490.71044922 -6.81542291
326 -490.71127319 -6.81543435
327 -490.70916748 -6.81540510
328 -490.70895386 -6.81540214
329 -490.70837402 -6.81539408
330 -490.70758057 -6.81538306
331 -490.70574951 -6.81535763
332 -490.70202637 -6.81530592
333 -490.70440674 -6.81533898
334 -490.69967651 -6.81527328
335 -490.70263672 -6.81531440
336 -490.70166016 -6.81530084
337 -490.69921875 -6.81526693
338 -490.69891357 -6.81526269
339 -490.70092773 -6.81529066
340 -490.70120239 -6.81529448
341 -490.69879150 -6.81526099
342 -490.69696045 -6.81523556
343 -490.69433594 -6.81519911
344 -490.69729614 -6.81524022
345 -490.69641113 -6.81522793
346 -490.69863892 -6.81525887
347 -490.69781494 -6.81524743
348 -490.69894409 -6.81526311
349 -490.70227051 -6.81530931
350 -490.70639038 -6.81536653
351 -490.70349121 -6.81532627
352 -490.70172119 -6.81530168
353 -490.70629883 -6.81536526
354 -490.70584106 -6.81535890
355 -490.71350098 -6.81546529
356 -490.70745850 -6.81538137
357 -490.70880127 -6.81540002
358 -490.70941162 -6.81540849
359 -490.71044922 -6.81542291
