0 -609.77490234 -6.62798807
1 -609.82263184 -6.62850687
2 -609.85644531 -6.62887441
3 -609.88330078 -6.62916631
4 -609.90429688 -6.62939453
5 -609.92797852 -6.62965194
6 -609.94738770 -6.62986291
7 -609.96093750 -6.63001019
8 -609.96960449 -6.63010440
9 -609.98034668 -6.63022116
10 -609.98730469 -6.63029679
11 -609.99621582 -6.63039365
12 -610.00341797 -6.63047193
13 -610.00402832 -6.63047857
14 -610.00872803 -6.63052965
15 -610.01538086 -6.63060197
16 -610.02282715 -6.63068290
17 -610.02386475 -6.63069418
18 -610.03167725 -6.63077910
19 -610.03521729 -6.63081758
20 -610.03619385 -6.63082819
21 -610.03948975 -6.63086402
22 -610.04302979 -6.63090250
23 -610.04278564 -6.63089984
24 -610.04473877 -6.63092107
25 -610.03991699 -6.63086866
26 -610.04614258 -6.63093633
27 -610.04980469 -6.63097614
28 -610.04779053 -6.63095424
29 -610.05212402 -6.63100135
30 -610.05236816 -6.63100400
31 -610.05291748 -6.63100997
32 -610.05413818 -6.63102324
33 -610.05938721 -6.63108030
34 -610.05975342 -6.63108428
35 -610.06335449 -6.63112342
36 -610.06384277 -6.63112873
37 -610.06329346 -6.63112275
38 -610.06457520 -6.63113669
39 -610.06634521 -6.63115593
40 -610.06622314 -6.63115460
41 -610.06622314 -6.63115460
42 -610.06530762 -6.63114465
43 -610.06451416 -6.63113602
44 -610.06787109 -6.63117251
45 -610.06756592 -6.63116919
46 -610.07006836 -6.63119640
47 -610.06866455 -6.63118114
48 -610.06683350 -6.63116123
49 -610.06951904 -6.63119042
50 -610.06744385 -6.63116787
51 -610.06658936 -6.63115858
52 -610.06683350 -6.63116123
53 -610.07104492 -6.63120701
54 -610.06860352 -6.63118047
55 -610.07031250 -6.63119905
56 -610.06909180 -6.63118578
57 -610.07165527 -6.63121364
58 -610.07696533 -6.63127136
59 -610.07446289 -6.63124416
60 -610.07550049 -6.63125544
61 -610.07690430 -6.63127070
62 -610.07305908 -6.63122890
63 -610.07543945 -6.63125478
64 -610.07415771 -6.63124084
65 -610.07482910 -6.63124814
66 -610.07507324 -6.63125080
67 -610.07769775 -6.63127932
68 -610.07714844 -6.63127335
69 -610.07720947 -6.63127402
70 -610.07519531 -6.63125212
71 -610.07855225 -6.63128861
72 -610.07757568 -6.63127800
73 -610.07794189 -6.63128198
74 -610.07556152 -6.63125610
75 -610.07482910 -6.63124814
76 -610.07525635 -6.63125279
77 -610.07678223 -6.63126937
78 -610.07604980 -6.63126141
79 -610.07696533 -6.63127136
80 -610.07397461 -6.63123885
81 -610.07580566 -6.63125876
82 -610.07495117 -6.63124947
83 -610.07421875 -6.63124151
84 -610.07598877 -6.63126075
85 -610.07629395 -6.63126406
86 -610.07641602 -6.63126539
87 -610.07678223 -6.63126937
88 -610.07592773 -6.63126008
89 -610.07513428 -6.63125146
90 -610.07025146 -6.63119839
91 -610.07348633 -6.63123355
92 -610.07781982 -6.63128065
93 -610.07623291 -6.63126340
94 -610.07690430 -6.63127070
95 -610.07110596 -6.63120767
96 -610.07733154 -6.63127534
97 -610.07855225 -6.63128861
98 -610.08007812 -6.63130520
99 -610.07910156 -6.63129458
100 -610.08001709 -6.63130453
101 -610.07440186 -6.63124350
102 -610.07391357 -6.63123819
103 -610.07348633 -6.63123355
104 -610.07415771 -6.63124084
105 -610.07397461 -6.63123885
106 -610.07312012 -6.63122957
107 -610.07440186 -6.63124350
108 -610.07446289 -6.63124416
109 -610.07257080 -6.63122360
110 -610.07214355 -6.63121895
111 -610.07427979 -6.63124217
112 -610.07489014 -6.63124881
113 -610.07659912 -6.63126738
114 -610.07421875 -6.63124151
115 -610.07421875 -6.63124151
116 -610.07543945 -6.63125478
117 -610.07348633 -6.63123355
118 -610.07550049 -6.63125544
119 -610.07647705 -6.63126605
120 -610.07617188 -6.63126274
121 -610.07727051 -6.63127468
122 -610.07653809 -6.63126672
123 -610.07775879 -6.63127999
124 -610.07629395 -6.63126406
125 -610.07666016 -6.63126805
126 -610.07489014 -6.63124881
127 -610.07232666 -6.63122094
128 -610.07330322 -6.63123156
129 -610.07165527 -6.63121364
130 -610.07141113 -6.63121099
131 -610.07482910 -6.63124814
132 -610.07080078 -6.63120436
133 -610.06640625 -6.63115659
134 -610.06958008 -6.63119109
135 -610.07159424 -6.63121298
136 -610.06933594 -6.63118843
137 -610.06890869 -6.63118379
138 -610.06750488 -6.63116853
139 -610.06860352 -6.63118047
140 -610.07318115 -6.63123023
141 -610.07214355 -6.63121895
142 -610.07415771 -6.63124084
143 -610.07250977 -6.63122293
144 -610.07617188 -6.63126274
145 -610.07501221 -6.63125013
146 -610.07360840 -6.63123487
147 -610.07446289 -6.63124416
148 -610.07318115 -6.63123023
149 -610.07470703 -6.63124682
150 -610.07635498 -6.63126473
151 -610.07666016 -6.63126805
152 -610.07592773 -6.63126008
153 -610.07641602 -6.63126539
154 -610.07458496 -6.63124549
155 -610.07519531 -6.63125212
156 -610.07403564 -6.63123952
157 -610.07244873 -6.63122227
158 -610.07080078 -6.63120436
159 -610.07196045 -6.63121696
160 -610.07543945 -6.63125478
161 -610.07727051 -6.63127468
162 -610.07519531 -6.63125212
163 -610.07409668 -6.63124018
164 -610.07440186 -6.63124350
165 -610.07568359 -6.63125743
166 -610.07806396 -6.63128330
167 -610.07507324 -6.63125080
168 -610.07348633 -6.63123355
169 -610.07012939 -6.63119706
170 -610.07000732 -6.63119573
171 -610.07104492 -6.63120701
172 -610.07275391 -6.63122559
173 -610.07226562 -6.63122028
174 -610.07531738 -6.63125345
175 -610.07226562 -6.63122028
176 -610.07440186 -6.63124350
177 -610.07531738 -6.63125345
178 -610.07348633 -6.63123355
179 -610.07440186 -6.63124350
180 -610.07336426 -6.63123222
181 -610.07281494 -6.63122625
182 -610.07507324 -6.63125080
183 -610.07275391 -6.63122559
184 -610.07196045 -6.63121696
185 -610.07305908 -6.63122890
186 -610.07263184 -6.63122426
187 -610.07202148 -6.63121762
188 -610.06872559 -6.63118180
189 -610.07263184 -6.63122426
190 -610.07269287 -6.63122492
191 -610.07189941 -6.63121630
192 -610.07336426 -6.63123222
193 -610.07177734 -6.63121497
194 -610.07373047 -6.63123620
195 -610.07781982 -6.63128065
196 -610.07727051 -6.63127468
197 -610.07690430 -6.63127070
198 -610.07470703 -6.63124682
199 -610.07409668 -6.63124018
200 -610.07427979 -6.63124217
201 -610.07354736 -6.63123421
202 -610.07391357 -6.63123819
203 -610.07525635 -6.63125279
204 -610.07244873 -6.63122227
205 -610.07354736 -6.63123421
206 -610.07238770 -6.63122161
207 -610.07342529 -6.63123288
208 -610.07012939 -6.63119706
209 -610.06976318 -6.63119308
210 -610.07025146 -6.63119839
211 -610.07098389 -6.63120635
212 -610.07006836 -6.63119640
213 -610.06750488 -6.63116853
214 -610.06622314 -6.63115460
215 -610.06848145 -6.63117915
216 -610.06457520 -6.63113669
217 -610.06457520 -6.63113669
218 -610.06188965 -6.63110750
219 -610.06335449 -6.63112342
220 -610.06488037 -6.63114000
221 -610.06726074 -6.63116588
222 -610.06848145 -6.63117915
223 -610.06634521 -6.63115593
224 -610.06604004 -6.63115261
225 -610.06695557 -6.63116256
226 -610.06475830 -6.63113868
227 -610.06414795 -6.63113204
228 -610.06408691 -6.63113138
229 -610.06634521 -6.63115593
230 -610.06512451 -6.63114266
231 -610.06573486 -6.63114929
232 -610.06469727 -6.63113801
233 -610.06719971 -6.63116521
234 -610.06121826 -6.63110020
235 -610.06384277 -6.63112873
236 -610.05987549 -6.63108560
237 -610.06286621 -6.63111811
238 -610.06170654 -6.63110551
239 -610.06085205 -6.63109622
240 -610.06280518 -6.63111745
241 -610.06384277 -6.63112873
242 -610.06365967 -6.63112674
243 -610.06359863 -6.63112607
244 -610.06097412 -6.63109754
245 -610.06176758 -6.63110617
246 -610.06079102 -6.63109555
247 -610.06042480 -6.63109157
248 -610.05938721 -6.63108030
249 -610.06292725 -6.63111877
250 -610.06536865 -6.63114531
251 -610.06567383 -6.63114863
252 -610.06573486 -6.63114929
253 -610.06292725 -6.63111877
254 -610.06243896 -6.63111347
255 -610.06604004 -6.63115261
256 -610.06427002 -6.63113337
257 -610.06506348 -6.63114199
258 -610.06445312 -6.63113536
259 -610.06274414 -6.63111678
260 -610.06127930 -6.63110086
261 -610.06024170 -6.63108958
262 -610.05718994 -6.63105641
263 -610.06091309 -6.63109688
264 -610.06225586 -6.63111148
265 -610.05987549 -6.63108560
266 -610.06024170 -6.63108958
267 -610.05792236 -6.63106437
268 -610.06066895 -6.63109423
269 -610.06146240 -6.63110285
270 -610.05755615 -6.63106039
271 -610.05999756 -6.63108693
272 -610.06335449 -6.63112342
273 -610.06274414 -6.63111678
274 -610.06188965 -6.63110750
275 -610.06622314 -6.63115460
276 -610.06176758 -6.63110617
277 -610.05767822 -6.63106172
278 -610.05151367 -6.63099471
279 -610.05755615 -6.63106039
280 -610.05480957 -6.63103054
281 -610.05841064 -6.63106968
282 -610.05743408 -6.63105907
283 -610.05853271 -6.63107101
284 -610.05914307 -6.63107764
285 -610.05438232 -6.63102589
286 -610.06005859 -6.63108759
287 -610.05883789 -6.63107432
288 -610.06103516 -6.63109821
289 -610.06121826 -6.63110020
290 -610.06201172 -6.63110882
291 -610.06079102 -6.63109555
292 -610.05938721 -6.63108030
293 -610.05987549 -6.63108560
294 -610.06085205 -6.63109622
295 -610.06530762 -6.63114465
296 -610.06237793 -6.63111280
297 -610.06103516 -6.63109821
298 -610.06115723 -6.63109954
299 -610.06201172 -6.63110882
300 -610.06268311 -6.63111612
301 -610.06390381 -6.63112939
302 -610.06365967 -6.63112674
303 -610.06835938 -6.63117782
304 -610.07012939 -6.63119706
305 -610.06915283 -6.63118644
306 -610.06420898 -6.63113271
307 -610.06378174 -6.63112806
308 -610.06225586 -6.63111148
309 -610.06677246 -6.63116057
310 -610.06671143 -6.63115991
311 -610.06311035 -6.63112076
312 -610.06286621 -6.63111811
313 -610.06134033 -6.63110153
314 -610.06555176 -6.63114730
315 -610.06103516 -6.63109821
316 -610.06646729 -6.63115725
317 -610.06359863 -6.63112607
318 -610.06109619 -6.63109887
319 -610.05767822 -6.63106172
320 -610.05950928 -6.63108162
321 -610.05987549 -6.63108560
322 -610.06036377 -6.63109091
