0 -474.45761108 -6.97731781
1 -474.45877075 -6.97733486
2 -474.45892334 -6.97733711
3 -474.45898438 -6.97733801
4 -474.45928955 -6.97734249
5 -474.45916748 -6.97734070
6 -474.45977783 -6.97734967
7 -474.45986938 -6.97735102
8 -474.45916748 -6.97734070
9 -474.45962524 -6.97734743
10 -474.45932007 -6.97734294
11 -474.45996094 -6.97735237
12 -474.46011353 -6.97735461
13 -474.45959473 -6.97734698
14 -474.45907593 -6.97733935
15 -474.45971680 -6.97734878
16 -474.45996094 -6.97735237
17 -474.45938110 -6.97734384
18 -474.45938110 -6.97734384
19 -474.45880127 -6.97733531
20 -474.45904541 -6.97733890
21 -474.45864868 -6.97733307
22 -474.45858765 -6.97733217
23 -474.45852661 -6.97733127
24 -474.45858765 -6.97733217
25 -474.45883179 -6.97733576
26 -474.45880127 -6.97733531
27 -474.45855713 -6.97733172
28 -474.45834351 -6.97732858
29 -474.45776367 -6.97732005
30 -474.45806885 -6.97732454
31 -474.45791626 -6.97732230
32 -474.45773315 -6.97731961
33 -474.45767212 -6.97731871
34 -474.45758057 -6.97731736
35 -474.45727539 -6.97731287
36 -474.45715332 -6.97731108
37 -474.45663452 -6.97730345
38 -474.45684814 -6.97730659
39 -474.45730591 -6.97731332
40 -474.45758057 -6.97731736
41 -474.45736694 -6.97731422
42 -474.45709229 -6.97731018
43 -474.45660400 -6.97730300
44 -474.45675659 -6.97730524
45 -474.45642090 -6.97730031
46 -474.45632935 -6.97729896
47 -474.45660400 -6.97730300
48 -474.45593262 -6.97729313
49 -474.45645142 -6.97730076
50 -474.45611572 -6.97729582
51 -474.45553589 -6.97728729
52 -474.45535278 -6.97728460
53 -474.45547485 -6.97728639
54 -474.45587158 -6.97729223
55 -474.45553589 -6.97728729
56 -474.45529175 -6.97728370
57 -474.45474243 -6.97727562
58 -474.45559692 -6.97728819
59 -474.45550537 -6.97728684
60 -474.45526123 -6.97728325
61 -474.45529175 -6.97728370
62 -474.45501709 -6.97727966
63 -474.45489502 -6.97727787
64 -474.45492554 -6.97727832
65 -474.45440674 -6.97727069
66 -474.45474243 -6.97727562
67 -474.45474243 -6.97727562
68 -474.45498657 -6.97727921
69 -474.45474243 -6.97727562
70 -474.45486450 -6.97727742
71 -474.45547485 -6.97728639
72 -474.45529175 -6.97728370
73 -474.45486450 -6.97727742
74 -474.45443726 -6.97727114
75 -474.45385742 -6.97726261
76 -474.45449829 -6.97727203
77 -474.45446777 -6.97727158
78 -474.45498657 -6.97727921
79 -474.45489502 -6.97727787
80 -474.45404053 -6.97726530
81 -474.45318604 -6.97725274
82 -474.45458984 -6.97727338
83 -474.45410156 -6.97726620
84 -474.45391846 -6.97726351
85 -474.45391846 -6.97726351
86 -474.45370483 -6.97726037
87 -474.45404053 -6.97726530
88 -474.45471191 -6.97727518
89 -474.45431519 -6.97726934
90 -474.45367432 -6.97725992
91 -474.45370483 -6.97726037
92 -474.45388794 -6.97726306
93 -474.45391846 -6.97726351
94 -474.45361328 -6.97725902
95 -474.45339966 -6.97725588
96 -474.45361328 -6.97725902
97 -474.45327759 -6.97725408
98 -474.45339966 -6.97725588
99 -474.45312500 -6.97725184
100 -474.45349121 -6.97725722
101 -474.45336914 -6.97725543
102 -474.45321655 -6.97725318
103 -474.45327759 -6.97725408
104 -474.45306396 -6.97725094
105 -474.45333862 -6.97725498
106 -474.45321655 -6.97725318
107 -474.45306396 -6.97725094
108 -474.45275879 -6.97724645
109 -474.45288086 -6.97724825
110 -474.45251465 -6.97724286
111 -474.45266724 -6.97724511
112 -474.45303345 -6.97725049
113 -474.45288086 -6.97724825
114 -474.45339966 -6.97725588
115 -474.45382690 -6.97726216
116 -474.45364380 -6.97725947
117 -474.45388794 -6.97726306
118 -474.45394897 -6.97726396
119 -474.45358276 -6.97725857
120 -474.45343018 -6.97725633
121 -474.45330811 -6.97725453
122 -474.45278931 -6.97724690
123 -474.45230103 -6.97723972
124 -474.45315552 -6.97725229
125 -474.45254517 -6.97724331
126 -474.45336914 -6.97725543
127 -474.45297241 -6.97724959
128 -474.45236206 -6.97724062
129 -474.45245361 -6.97724196
130 -474.45211792 -6.97723703
131 -474.45248413 -6.97724241
132 -474.45318604 -6.97725274
133 -474.45248413 -6.97724241
134 -474.45288086 -6.97724825
135 -474.45275879 -6.97724645
136 -474.45272827 -6.97724600
137 -474.45285034 -6.97724780
138 -474.45251465 -6.97724286
139 -474.45272827 -6.97724600
140 -474.45242310 -6.97724152
141 -474.45239258 -6.97724107
142 -474.45202637 -6.97723568
143 -474.45242310 -6.97724152
144 -474.45208740 -6.97723658
145 -474.45208740 -6.97723658
146 -474.45251465 -6.97724286
147 -474.45205688 -6.97723613
148 -474.45242310 -6.97724152
149 -474.45193481 -6.97723434
150 -474.45181274 -6.97723254
151 -474.45205688 -6.97723613
152 -474.45214844 -6.97723748
153 -474.45205688 -6.97723613
154 -474.45178223 -6.97723209
155 -474.45193481 -6.97723434
156 -474.45178223 -6.97723209
157 -474.45172119 -6.97723119
158 -474.45166016 -6.97723030
159 -474.45150757 -6.97722805
160 -474.45242310 -6.97724152
161 -474.45184326 -6.97723299
162 -474.45214844 -6.97723748
163 -474.45214844 -6.97723748
164 -474.45156860 -6.97722895
165 -474.45141602 -6.97722671
166 -474.45129395 -6.97722491
167 -474.45141602 -6.97722671
168 -474.45144653 -6.97722715
169 -474.45071411 -6.97721638
170 -474.45117188 -6.97722312
171 -474.45129395 -6.97722491
172 -474.45135498 -6.97722581
173 -474.45098877 -6.97722042
174 -474.45147705 -6.97722760
175 -474.45065308 -6.97721549
176 -474.45162964 -6.97722985
177 -474.45150757 -6.97722805
178 -474.45147705 -6.97722760
179 -474.45138550 -6.97722626
180 -474.45114136 -6.97722267
181 -474.45108032 -6.97722177
182 -474.45010376 -6.97720741
183 -474.45083618 -6.97721818
184 -474.45117188 -6.97722312
185 -474.45129395 -6.97722491
186 -474.45129395 -6.97722491
187 -474.45108032 -6.97722177
188 -474.45135498 -6.97722581
189 -474.45065308 -6.97721549
190 -474.45135498 -6.97722581
191 -474.45166016 -6.97723030
192 -474.45111084 -6.97722222
193 -474.45147705 -6.97722760
194 -474.45111084 -6.97722222
195 -474.45156860 -6.97722895
196 -474.45159912 -6.97722940
197 -474.45138550 -6.97722626
198 -474.45147705 -6.97722760
199 -474.45150757 -6.97722805
200 -474.45147705 -6.97722760
201 -474.45123291 -6.97722401
202 -474.45150757 -6.97722805
203 -474.45141602 -6.97722671
204 -474.45095825 -6.97721997
205 -474.45062256 -6.97721504
206 -474.44982910 -6.97720337
207 -474.45016479 -6.97720831
208 -474.45016479 -6.97720831
209 -474.45046997 -6.97721279
210 -474.45010376 -6.97720741
211 -474.45022583 -6.97720920
212 -474.45062256 -6.97721504
213 -474.45071411 -6.97721638
214 -474.45098877 -6.97722042
215 -474.45095825 -6.97721997
216 -474.45111084 -6.97722222
217 -474.45095825 -6.97721997
218 -474.45108032 -6.97722177
219 -474.45040894 -6.97721190
220 -474.45056152 -6.97721414
221 -474.45022583 -6.97720920
222 -474.45019531 -6.97720875
223 -474.45019531 -6.97720875
224 -474.45010376 -6.97720741
225 -474.45007324 -6.97720696
226 -474.44961548 -6.97720023
227 -474.45022583 -6.97720920
228 -474.44998169 -6.97720561
229 -474.44912720 -6.97719305
230 -474.44885254 -6.97718901
231 -474.44885254 -6.97718901
232 -474.44967651 -6.97720113
233 -474.44912720 -6.97719305
234 -474.44967651 -6.97720113
235 -474.44998169 -6.97720561
236 -474.45013428 -6.97720786
237 -474.45031738 -6.97721055
238 -474.44906616 -6.97719215
239 -474.44998169 -6.97720561
240 -474.45010376 -6.97720741
241 -474.45010376 -6.97720741
242 -474.44985962 -6.97720382
243 -474.45025635 -6.97720965
244 -474.44973755 -6.97720202
245 -474.45037842 -6.97721145
246 -474.45028687 -6.97721010
247 -474.45031738 -6.97721055
248 -474.45050049 -6.97721324
249 -474.45095825 -6.97721997
250 -474.45043945 -6.97721234
251 -474.45101929 -6.97722087
252 -474.45120239 -6.97722356
253 -474.45092773 -6.97721953
254 -474.45111084 -6.97722222
255 -474.45169067 -6.97723075
256 -474.45114136 -6.97722267
257 -474.45135498 -6.97722581
258 -474.45114136 -6.97722267
259 -474.45101929 -6.97722087
260 -474.45178223 -6.97723209
261 -474.45147705 -6.97722760
262 -474.45053101 -6.97721369
263 -474.45095825 -6.97721997
264 -474.45111084 -6.97722222
265 -474.45175171 -6.97723164
266 -474.45205688 -6.97723613
267 -474.45184326 -6.97723299
268 -474.45181274 -6.97723254
269 -474.45147705 -6.97722760
270 -474.45181274 -6.97723254
271 -474.45202637 -6.97723568
272 -474.45117188 -6.97722312
273 -474.45117188 -6.97722312
274 -474.45101929 -6.97722087
275 -474.45101929 -6.97722087
276 -474.45104980 -6.97722132
277 -474.45114136 -6.97722267
278 -474.45092773 -6.97721953
279 -474.45101929 -6.97722087
280 -474.45123291 -6.97722401
281 -474.45162964 -6.97722985
282 -474.45159912 -6.97722940
283 -474.45111084 -6.97722222
284 -474.45166016 -6.97723030
285 -474.45092773 -6.97721953
286 -474.45086670 -6.97721863
287 -474.45077515 -6.97721728
288 -474.45065308 -6.97721549
289 -474.45114136 -6.97722267
290 -474.45065308 -6.97721549
291 -474.45034790 -6.97721100
292 -474.45120239 -6.97722356
293 -474.45098877 -6.97722042
294 -474.45071411 -6.97721638
295 -474.45095825 -6.97721997
296 -474.45071411 -6.97721638
297 -474.45004272 -6.97720651
298 -474.45025635 -6.97720965
299 -474.44955444 -6.97719933
300 -474.45046997 -6.97721279
301 -474.45056152 -6.97721414
302 -474.45031738 -6.97721055
303 -474.45016479 -6.97720831
304 -474.44946289 -6.97719798
305 -474.45053101 -6.97721369
306 -474.45010376 -6.97720741
307 -474.44985962 -6.97720382
308 -474.44943237 -6.97719753
309 -474.44937134 -6.97719664
310 -474.44979858 -6.97720292
311 -474.44949341 -6.97719843
312 -474.44915771 -6.97719350
313 -474.44931030 -6.97719574
314 -474.44869995 -6.97718676
315 -474.44879150 -6.97718811
316 -474.44876099 -6.97718766
317 -474.44915771 -6.97719350
318 -474.44949341 -6.97719843
319 -474.44967651 -6.97720113
320 -474.44989014 -6.97720427
321 -474.45022583 -6.97720920
322 -474.44973755 -6.97720202
323 -474.44900513 -6.97719125
324 -474.44915771 -6.97719350
325 -474.44903564 -6.97719170
326 -474.44894409 -6.97719035
327 -474.44927979 -6.97719529
328 -474.44970703 -6.97720157
329 -474.44989014 -6.97720427
330 -474.44937134 -6.97719664
331 -474.44891357 -6.97718991
332 -474.44906616 -6.97719215
333 -474.44827271 -6.97718048
334 -474.44894409 -6.97719035
335 -474.44915771 -6.97719350
336 -474.44918823 -6.97719394
337 -474.44946289 -6.97719798
338 -474.44961548 -6.97720023
339 -474.45031738 -6.97721055
340 -474.44949341 -6.97719843
341 -474.44961548 -6.97720023
342 -474.44921875 -6.97719439
343 -474.44921875 -6.97719439
344 -474.44912720 -6.97719305
345 -474.44860840 -6.97718542
346 -474.44873047 -6.97718721
347 -474.44854736 -6.97718452
348 -474.44808960 -6.97717779
349 -474.44812012 -6.97717824
350 -474.44848633 -6.97718362
351 -474.44876099 -6.97718766
352 -474.44857788 -6.97718497
353 -474.44827271 -6.97718048
354 -474.44824219 -6.97718003
355 -474.44778442 -6.97717330
356 -474.44738770 -6.97716747
357 -474.44720459 -6.97716477
358 -474.44662476 -6.97715625
359 -474.44644165 -6.97715355
360 -474.44680786 -6.97715894
361 -474.44677734 -6.97715849
362 -474.44668579 -6.97715714
363 -474.44671631 -6.97715759
364 -474.44744873 -6.97716836
365 -474.44628906 -6.97715131
366 -474.44659424 -6.97715580
367 -474.44638062 -6.97715266
368 -474.44665527 -6.97715670
369 -474.44595337 -6.97714637
370 -474.44656372 -6.97715535
371 -474.44638062 -6.97715266
372 -474.44592285 -6.97714592
373 -474.44543457 -6.97713874
374 -474.44619751 -6.97714996
375 -474.44592285 -6.97714592
376 -474.44589233 -6.97714548
377 -474.44628906 -6.97715131
378 -474.44622803 -6.97715041
379 -474.44683838 -6.97715939
380 -474.44625854 -6.97715086
381 -474.44638062 -6.97715266
382 -474.44677734 -6.97715849
383 -474.44683838 -6.97715939
384 -474.44705200 -6.97716253
385 -474.44711304 -6.97716343
386 -474.44665527 -6.97715670
387 -474.44732666 -6.97716657
388 -474.44723511 -6.97716522
389 -474.44689941 -6.97716029
390 -474.44671631 -6.97715759
391 -474.44754028 -6.97716971
392 -474.44805908 -6.97717734
393 -474.44799805 -6.97717644
394 -474.44842529 -6.97718272
395 -474.44775391 -6.97717285
396 -474.44778442 -6.97717330
397 -474.44744873 -6.97716836
398 -474.44732666 -6.97716657
399 -474.44824219 -6.97718003
400 -474.44754028 -6.97716971
401 -474.44784546 -6.97717420
402 -474.44790649 -6.97717510
403 -474.44854736 -6.97718452
404 -474.44845581 -6.97718317
405 -474.44812012 -6.97717824
406 -474.44869995 -6.97718676
407 -474.44900513 -6.97719125
408 -474.44894409 -6.97719035
409 -474.44897461 -6.97719080
410 -474.44860840 -6.97718542
411 -474.44839478 -6.97718228
412 -474.44854736 -6.97718452
413 -474.44821167 -6.97717958
414 -474.44873047 -6.97718721
415 -474.44830322 -6.97718093
416 -474.44863892 -6.97718587
417 -474.44906616 -6.97719215
418 -474.44897461 -6.97719080
419 -474.44909668 -6.97719260
420 -474.44894409 -6.97719035
421 -474.44918823 -6.97719394
422 -474.44915771 -6.97719350
423 -474.44860840 -6.97718542
424 -474.44869995 -6.97718676
425 -474.44891357 -6.97718991
426 -474.44891357 -6.97718991
427 -474.44943237 -6.97719753
428 -474.44848633 -6.97718362
429 -474.44839478 -6.97718228
430 -474.44909668 -6.97719260
431 -474.44873047 -6.97718721
432 -474.44854736 -6.97718452
433 -474.44931030 -6.97719574
434 -474.44900513 -6.97719125
435 -474.44949341 -6.97719843
436 -474.44891357 -6.97718991
437 -474.44912720 -6.97719305
438 -474.44912720 -6.97719305
439 -474.44869995 -6.97718676
440 -474.44918823 -6.97719394
441 -474.44854736 -6.97718452
442 -474.44775391 -6.97717285
443 -474.44900513 -6.97719125
444 -474.44949341 -6.97719843
445 -474.44882202 -6.97718856
446 -474.44857788 -6.97718497
447 -474.44805908 -6.97717734
448 -474.44903564 -6.97719170
449 -474.44982910 -6.97720337
450 -474.44903564 -6.97719170
451 -474.44851685 -6.97718407
452 -474.44866943 -6.97718632
453 -474.44818115 -6.97717913
454 -474.44808960 -6.97717779
455 -474.44836426 -6.97718183
456 -474.44790649 -6.97717510
457 -474.44860840 -6.97718542
458 -474.44906616 -6.97719215
459 -474.44842529 -6.97718272
460 -474.44790649 -6.97717510
461 -474.44848633 -6.97718362
462 -474.44778442 -6.97717330
463 -474.44781494 -6.97717375
464 -474.44781494 -6.97717375
465 -474.44778442 -6.97717330
466 -474.44720459 -6.97716477
467 -474.44775391 -6.97717285
468 -474.44824219 -6.97718003
469 -474.44799805 -6.97717644
470 -474.44747925 -6.97716881
471 -474.44647217 -6.97715400
472 -474.44696045 -6.97716118
473 -474.44747925 -6.97716881
474 -474.44735718 -6.97716702
475 -474.44729614 -6.97716612
476 -474.44775391 -6.97717285
477 -474.44750977 -6.97716926
478 -474.44735718 -6.97716702
479 -474.44738770 -6.97716747
480 -474.44717407 -6.97716432
481 -474.44696045 -6.97716118
482 -474.44665527 -6.97715670
483 -474.44696045 -6.97716118
484 -474.44656372 -6.97715535
485 -474.44650269 -6.97715445
486 -474.44625854 -6.97715086
487 -474.44573975 -6.97714323
488 -474.44552612 -6.97714009
489 -474.44561768 -6.97714144
490 -474.44573975 -6.97714323
491 -474.44631958 -6.97715176
492 -474.44659424 -6.97715580
493 -474.44595337 -6.97714637
494 -474.44577026 -6.97714368
495 -474.44531250 -6.97713695
496 -474.44537354 -6.97713785
497 -474.44503784 -6.97713291
498 -474.44592285 -6.97714592
499 -474.44589233 -6.97714548
500 -474.44625854 -6.97715086
501 -474.44567871 -6.97714233
502 -474.44528198 -6.97713650
503 -474.44476318 -6.97712887
504 -474.44509888 -6.97713381
505 -474.44552612 -6.97714009
506 -474.44528198 -6.97713650
507 -474.44586182 -6.97714503
508 -474.44577026 -6.97714368
509 -474.44549561 -6.97713964
510 -474.44528198 -6.97713650
511 -474.44567871 -6.97714233
512 -474.44534302 -6.97713740
513 -474.44558716 -6.97714099
514 -474.44531250 -6.97713695
515 -474.44561768 -6.97714144
516 -474.44531250 -6.97713695
517 -474.44552612 -6.97714009
518 -474.44546509 -6.97713919
519 -474.44525146 -6.97713605
520 -474.44531250 -6.97713695
521 -474.44525146 -6.97713605
522 -474.44531250 -6.97713695
523 -474.44512939 -6.97713426
524 -474.44525146 -6.97713605
525 -474.44561768 -6.97714144
526 -474.44421387 -6.97712079
527 -474.44515991 -6.97713470
528 -474.44482422 -6.97712977
529 -474.44488525 -6.97713067
530 -474.44418335 -6.97712034
531 -474.44476318 -6.97712887
532 -474.44418335 -6.97712034
533 -474.44442749 -6.97712393
534 -474.44488525 -6.97713067
535 -474.44503784 -6.97713291
536 -474.44503784 -6.97713291
537 -474.44494629 -6.97713156
538 -474.44454956 -6.97712573
539 -474.44451904 -6.97712528
540 -474.44454956 -6.97712573
541 -474.44479370 -6.97712932
542 -474.44485474 -6.97713022
543 -474.44485474 -6.97713022
544 -474.44503784 -6.97713291
545 -474.44427490 -6.97712169
546 -474.44461060 -6.97712663
547 -474.44378662 -6.97711451
548 -474.44488525 -6.97713067
549 -474.44485474 -6.97713022
550 -474.44509888 -6.97713381
551 -474.44488525 -6.97713067
552 -474.44442749 -6.97712393
553 -474.44589233 -6.97714548
554 -474.44525146 -6.97713605
555 -474.44580078 -6.97714413
556 -474.44613647 -6.97714907
557 -474.44543457 -6.97713874
558 -474.44583130 -6.97714458
559 -474.44567871 -6.97714233
560 -474.44604492 -6.97714772
561 -474.44546509 -6.97713919
562 -474.44567871 -6.97714233
563 -474.44577026 -6.97714368
564 -474.44631958 -6.97715176
565 -474.44616699 -6.97714951
566 -474.44616699 -6.97714951
567 -474.44604492 -6.97714772
568 -474.44561768 -6.97714144
569 -474.44558716 -6.97714099
570 -474.44625854 -6.97715086
571 -474.44641113 -6.97715310
572 -474.44689941 -6.97716029
573 -474.44680786 -6.97715894
574 -474.44699097 -6.97716163
575 -474.44683838 -6.97715939
576 -474.44628906 -6.97715131
577 -474.44631958 -6.97715176
578 -474.44622803 -6.97715041
579 -474.44692993 -6.97716073
580 -474.44702148 -6.97716208
581 -474.44717407 -6.97716432
582 -474.44589233 -6.97714548
583 -474.44638062 -6.97715266
584 -474.44677734 -6.97715849
585 -474.44689941 -6.97716029
586 -474.44714355 -6.97716388
587 -474.44702148 -6.97716208
588 -474.44680786 -6.97715894
589 -474.44741821 -6.97716791
590 -474.44720459 -6.97716477
591 -474.44699097 -6.97716163
592 -474.44775391 -6.97717285
593 -474.44732666 -6.97716657
594 -474.44763184 -6.97717106
595 -474.44735718 -6.97716702
596 -474.44754028 -6.97716971
597 -474.44726562 -6.97716567
598 -474.44744873 -6.97716836
599 -474.44741821 -6.97716791
600 -474.44686890 -6.97715984
601 -474.44763184 -6.97717106
602 -474.44747925 -6.97716881
603 -474.44750977 -6.97716926
604 -474.44610596 -6.97714862
605 -474.44668579 -6.97715714
606 -474.44641113 -6.97715310
607 -474.44732666 -6.97716657
608 -474.44723511 -6.97716522
609 -474.44689941 -6.97716029
610 -474.44680786 -6.97715894
611 -474.44635010 -6.97715221
612 -474.44659424 -6.97715580
613 -474.44683838 -6.97715939
614 -474.44683838 -6.97715939
615 -474.44714355 -6.97716388
616 -474.44769287 -6.97717195
617 -474.44680786 -6.97715894
618 -474.44772339 -6.97717240
619 -474.44778442 -6.97717330
620 -474.44732666 -6.97716657
621 -474.44744873 -6.97716836
622 -474.44760132 -6.97717061
623 -474.44790649 -6.97717510
624 -474.44717407 -6.97716432
625 -474.44720459 -6.97716477
626 -474.44760132 -6.97717061
627 -474.44766235 -6.97717151
628 -474.44766235 -6.97717151
629 -474.44784546 -6.97717420
630 -474.44741821 -6.97716791
631 -474.44744873 -6.97716836
632 -474.44784546 -6.97717420
633 -474.44775391 -6.97717285
634 -474.44766235 -6.97717151
635 -474.44741821 -6.97716791
636 -474.44763184 -6.97717106
637 -474.44760132 -6.97717061
638 -474.44772339 -6.97717240
639 -474.44784546 -6.97717420
640 -474.44781494 -6.97717375
641 -474.44738770 -6.97716747
642 -474.44793701 -6.97717554
643 -474.44750977 -6.97716926
644 -474.44647217 -6.97715400
645 -474.44641113 -6.97715310
646 -474.44750977 -6.97716926
647 -474.44702148 -6.97716208
648 -474.44702148 -6.97716208
649 -474.44668579 -6.97715714
650 -474.44610596 -6.97714862
651 -474.44628906 -6.97715131
652 -474.44628906 -6.97715131
653 -474.44647217 -6.97715400
654 -474.44607544 -6.97714817
655 -474.44647217 -6.97715400
656 -474.44638062 -6.97715266
657 -474.44583130 -6.97714458
658 -474.44564819 -6.97714189
659 -474.44583130 -6.97714458
660 -474.44607544 -6.97714817
661 -474.44628906 -6.97715131
662 -474.44564819 -6.97714189
663 -474.44628906 -6.97715131
664 -474.44668579 -6.97715714
665 -474.44656372 -6.97715535
666 -474.44708252 -6.97716298
667 -474.44686890 -6.97715984
668 -474.44699097 -6.97716163
669 -474.44723511 -6.97716522
670 -474.44689941 -6.97716029
671 -474.44680786 -6.97715894
672 -474.44641113 -6.97715310
673 -474.44711304 -6.97716343
674 -474.44665527 -6.97715670
675 -474.44680786 -6.97715894
676 -474.44747925 -6.97716881
677 -474.44726562 -6.97716567
678 -474.44808960 -6.97717779
679 -474.44766235 -6.97717151
680 -474.44744873 -6.97716836
681 -474.44717407 -6.97716432
682 -474.44705200 -6.97716253
683 -474.44656372 -6.97715535
684 -474.44656372 -6.97715535
685 -474.44656372 -6.97715535
686 -474.44628906 -6.97715131
687 -474.44683838 -6.97715939
688 -474.44674683 -6.97715804
689 -474.44702148 -6.97716208
690 -474.44683838 -6.97715939
691 -474.44744873 -6.97716836
692 -474.44750977 -6.97716926
693 -474.44659424 -6.97715580
694 -474.44711304 -6.97716343
695 -474.44677734 -6.97715849
696 -474.44705200 -6.97716253
697 -474.44699097 -6.97716163
698 -474.44729614 -6.97716612
699 -474.44741821 -6.97716791
700 -474.44647217 -6.97715400
701 -474.44656372 -6.97715535
702 -474.44598389 -6.97714682
703 -474.44696045 -6.97716118
704 -474.44683838 -6.97715939
705 -474.44635010 -6.97715221
706 -474.44650269 -6.97715445
707 -474.44696045 -6.97716118
708 -474.44717407 -6.97716432
709 -474.44647217 -6.97715400
710 -474.44628906 -6.97715131
711 -474.44680786 -6.97715894
712 -474.44659424 -6.97715580
713 -474.44683838 -6.97715939
714 -474.44729614 -6.97716612
715 -474.44744873 -6.97716836
716 -474.44769287 -6.97717195
717 -474.44714355 -6.97716388
718 -474.44711304 -6.97716343
719 -474.44732666 -6.97716657
720 -474.44772339 -6.97717240
721 -474.44799805 -6.97717644
722 -474.44787598 -6.97717465
723 -474.44750977 -6.97716926
724 -474.44790649 -6.97717510
725 -474.44674683 -6.97715804
726 -474.44683838 -6.97715939
727 -474.44610596 -6.97714862
728 -474.44650269 -6.97715445
729 -474.44650269 -6.97715445
730 -474.44668579 -6.97715714
731 -474.44692993 -6.97716073
732 -474.44668579 -6.97715714
733 -474.44683838 -6.97715939
734 -474.44586182 -6.97714503
735 -474.44592285 -6.97714592
736 -474.44592285 -6.97714592
737 -474.44662476 -6.97715625
738 -474.44635010 -6.97715221
739 -474.44577026 -6.97714368
740 -474.44674683 -6.97715804
741 -474.44647217 -6.97715400
742 -474.44577026 -6.97714368
743 -474.44580078 -6.97714413
744 -474.44610596 -6.97714862
745 -474.44665527 -6.97715670
746 -474.44644165 -6.97715355
747 -474.44656372 -6.97715535
748 -474.44583130 -6.97714458
749 -474.44558716 -6.97714099
750 -474.44610596 -6.97714862
751 -474.44638062 -6.97715266
752 -474.44628906 -6.97715131
753 -474.44656372 -6.97715535
754 -474.44650269 -6.97715445
755 -474.44677734 -6.97715849
756 -474.44552612 -6.97714009
757 -474.44586182 -6.97714503
758 -474.44567871 -6.97714233
759 -474.44555664 -6.97714054
760 -474.44488525 -6.97713067
761 -474.44564819 -6.97714189
762 -474.44451904 -6.97712528
763 -474.44500732 -6.97713246
764 -474.44497681 -6.97713201
765 -474.44461060 -6.97712663
766 -474.44558716 -6.97714099
767 -474.44586182 -6.97714503
768 -474.44552612 -6.97714009
769 -474.44534302 -6.97713740
770 -474.44482422 -6.97712977
771 -474.44586182 -6.97714503
772 -474.44485474 -6.97713022
773 -474.44583130 -6.97714458
774 -474.44638062 -6.97715266
775 -474.44659424 -6.97715580
776 -474.44656372 -6.97715535
777 -474.44607544 -6.97714817
778 -474.44674683 -6.97715804
779 -474.44647217 -6.97715400
780 -474.44671631 -6.97715759
781 -474.44607544 -6.97714817
782 -474.44616699 -6.97714951
783 -474.44583130 -6.97714458
784 -474.44494629 -6.97713156
785 -474.44561768 -6.97714144
786 -474.44622803 -6.97715041
787 -474.44604492 -6.97714772
788 -474.44564819 -6.97714189
789 -474.44546509 -6.97713919
790 -474.44570923 -6.97714278
791 -474.44628906 -6.97715131
792 -474.44683838 -6.97715939
793 -474.44583130 -6.97714458
794 -474.44625854 -6.97715086
795 -474.44570923 -6.97714278
796 -474.44580078 -6.97714413
797 -474.44592285 -6.97714592
798 -474.44601440 -6.97714727
799 -474.44573975 -6.97714323
800 -474.44610596 -6.97714862
801 -474.44592285 -6.97714592
