0 -515.70959473 -6.96904858
1 -515.71368408 -6.96910384
2 -515.71533203 -6.96912611
3 -515.71600342 -6.96913518
4 -515.71673584 -6.96914508
5 -515.71685791 -6.96914673
6 -515.71838379 -6.96916735
7 -515.71984863 -6.96918714
8 -515.71850586 -6.96916900
9 -515.72027588 -6.96919292
10 -515.71850586 -6.96916900
11 -515.72338867 -6.96923498
12 -515.72070312 -6.96919869
13 -515.72149658 -6.96920941
14 -515.71777344 -6.96915910
15 -515.72064209 -6.96919787
16 -515.71691895 -6.96914755
17 -515.71789551 -6.96916075
18 -515.71691895 -6.96914755
19 -515.71673584 -6.96914508
20 -515.71551514 -6.96912858
21 -515.71643066 -6.96914095
22 -515.71350098 -6.96910136
23 -515.71685791 -6.96914673
24 -515.71447754 -6.96911456
25 -515.71612549 -6.96913683
26 -515.71331787 -6.96909889
27 -515.71398926 -6.96910796
28 -515.71374512 -6.96910466
29 -515.71472168 -6.96911786
30 -515.71258545 -6.96908899
31 -515.71514893 -6.96912363
32 -515.71337891 -6.96909971
33 -515.71447754 -6.96911456
34 -515.71380615 -6.96910549
35 -515.71392822 -6.96910714
36 -515.71020508 -6.96905683
37 -515.71350098 -6.96910136
38 -515.71142578 -6.96907332
39 -515.71185303 -6.96907909
40 -515.71051025 -6.96906095
41 -515.71124268 -6.96907085
42 -515.71087646 -6.96906590
43 -515.71051025 -6.96906095
44 -515.70855713 -6.96903456
45 -515.71099854 -6.96906755
46 -515.70764160 -6.96902218
47 -515.70855713 -6.96903456
48 -515.70867920 -6.96903621
49 -515.71008301 -6.96905518
50 -515.71093750 -6.96906672
51 -515.71258545 -6.96908899
52 -515.70947266 -6.96904693
53 -515.70928955 -6.96904445
54 -515.71032715 -6.96905847
55 -515.71020508 -6.96905683
56 -515.70941162 -6.96904610
57 -515.71209717 -6.96908239
58 -515.71282959 -6.96909229
59 -515.71093750 -6.96906672
60 -515.70971680 -6.96905023
61 -515.71075439 -6.96906425
62 -515.70562744 -6.96899497
63 -515.70831299 -6.96903126
64 -515.70886230 -6.96903868
65 -515.70739746 -6.96901888
66 -515.70941162 -6.96904610
67 -515.70800781 -6.96902713
68 -515.70697021 -6.96901311
69 -515.70648193 -6.96900651
70 -515.70745850 -6.96901971
71 -515.70733643 -6.96901806
72 -515.70727539 -6.96901724
73 -515.70654297 -6.96900734
74 -515.70629883 -6.96900404
75 -515.70727539 -6.96901724
76 -515.70800781 -6.96902713
77 -515.70697021 -6.96901311
78 -515.70800781 -6.96902713
79 -515.70672607 -6.96900981
80 -515.70770264 -6.96902301
81 -515.70776367 -6.96902383
82 -515.70477295 -6.96898342
83 -515.70727539 -6.96901724
84 -515.70483398 -6.96898424
85 -515.70666504 -6.96900899
86 -515.70489502 -6.96898507
87 -515.70544434 -6.96899249
88 -515.70550537 -6.96899332
89 -515.70556641 -6.96899414
90 -515.70635986 -6.96900486
91 -515.70843506 -6.96903291
92 -515.70379639 -6.96897022
93 -515.70513916 -6.96898837
94 -515.70648193 -6.96900651
95 -515.70275879 -6.96895620
96 -515.70495605 -6.96898589
97 -515.70690918 -6.96901229
98 -515.70214844 -6.96894795
99 -515.70678711 -6.96901064
100 -515.70196533 -6.96894548
101 -515.70544434 -6.96899249
102 -515.70477295 -6.96898342
103 -515.70520020 -6.96898919
104 -515.70196533 -6.96894548
105 -515.70544434 -6.96899249
106 -515.70196533 -6.96894548
107 -515.70507812 -6.96898754
108 -515.70263672 -6.96895455
109 -515.70489502 -6.96898507
110 -515.70281982 -6.96895702
111 -515.70660400 -6.96900816
112 -515.70397949 -6.96897270
113 -515.70715332 -6.96901559
114 -515.70318604 -6.96896197
115 -515.70489502 -6.96898507
116 -515.70483398 -6.96898424
117 -515.70568848 -6.96899579
118 -515.70349121 -6.96896610
119 -515.70440674 -6.96897847
120 -515.70404053 -6.96897352
121 -515.70556641 -6.96899414
122 -515.70562744 -6.96899497
123 -515.70593262 -6.96899909
124 -515.70440674 -6.96897847
125 -515.70483398 -6.96898424
126 -515.70397949 -6.96897270
127 -515.70434570 -6.96897764
128 -515.70147705 -6.96893888
129 -515.70227051 -6.96894960
130 -515.70239258 -6.96895125
131 -515.70068359 -6.96892816
132 -515.70202637 -6.96894630
133 -515.69958496 -6.96891331
134 -515.69787598 -6.96889022
135 -515.69726562 -6.96888197
136 -515.69799805 -6.96889187
137 -515.69604492 -6.96886547
138 -515.69610596 -6.96886630
139 -515.69384766 -6.96883578
140 -515.69256592 -6.96881846
141 -515.69500732 -6.96885145
142 -515.69482422 -6.96884898
143 -515.69848633 -6.96889846
144 -515.69622803 -6.96886795
145 -515.69543457 -6.96885722
146 -515.69348145 -6.96883083
147 -515.69433594 -6.96884238
148 -515.69055176 -6.96879124
149 -515.69122314 -6.96880031
150 -515.68823242 -6.96875990
151 -515.69055176 -6.96879124
152 -515.69189453 -6.96880939
153 -515.68786621 -6.96875495
154 -515.68963623 -6.96877887
155 -515.68774414 -6.96875330
156 -515.69030762 -6.96878794
157 -515.68908691 -6.96877144
158 -515.68896484 -6.96876980
159 -515.68859863 -6.96876485
160 -515.68841553 -6.96876237
161 -515.68774414 -6.96875330
162 -515.68762207 -6.96875165
163 -515.68505859 -6.96871701
164 -515.68646240 -6.96873598
165 -515.68701172 -6.96874340
166 -515.68353271 -6.96869639
167 -515.68548584 -6.96872278
168 -515.68658447 -6.96873763
169 -515.68218994 -6.96867824
170 -515.68298340 -6.96868896
171 -515.68365479 -6.96869804
172 -515.68383789 -6.96870051
173 -515.68194580 -6.96867494
174 -515.68310547 -6.96869061
175 -515.68127441 -6.96866587
176 -515.67980957 -6.96864608
177 -515.68261719 -6.96868402
178 -515.67797852 -6.96862133
179 -515.68151855 -6.96866917
180 -515.67596436 -6.96859411
181 -515.68176270 -6.96867247
182 -515.67864990 -6.96863040
183 -515.68133545 -6.96866670
184 -515.67956543 -6.96864278
185 -515.67974854 -6.96864525
186 -515.67785645 -6.96861968
187 -515.67846680 -6.96862793
188 -515.67706299 -6.96860896
189 -515.68078613 -6.96865927
190 -515.67492676 -6.96858009
191 -515.67956543 -6.96864278
192 -515.67541504 -6.96858669
193 -515.67510986 -6.96858257
194 -515.67456055 -6.96857514
195 -515.67309570 -6.96855535
196 -515.67279053 -6.96855122
197 -515.67230225 -6.96854462
198 -515.67169189 -6.96853638
199 -515.67303467 -6.96855452
200 -515.67181396 -6.96853803
201 -515.67163086 -6.96853555
202 -515.66912842 -6.96850174
203 -515.66955566 -6.96850751
204 -515.66656494 -6.96846709
205 -515.66540527 -6.96845142
206 -515.66595459 -6.96845885
207 -515.66723633 -6.96847617
208 -515.66674805 -6.96846957
209 -515.66589355 -6.96845802
210 -515.66735840 -6.96847782
211 -515.66296387 -6.96841843
212 -515.66778564 -6.96848359
213 -515.66717529 -6.96847534
214 -515.66632080 -6.96846379
215 -515.66815186 -6.96848854
216 -515.66760254 -6.96848112
217 -515.66839600 -6.96849184
218 -515.66662598 -6.96846792
219 -515.66705322 -6.96847369
220 -515.66674805 -6.96846957
221 -515.66748047 -6.96847947
222 -515.66717529 -6.96847534
223 -515.66375732 -6.96842915
224 -515.66271973 -6.96841513
225 -515.66381836 -6.96842998
226 -515.66345215 -6.96842503
227 -515.66156006 -6.96839946
228 -515.66290283 -6.96841761
229 -515.66510010 -6.96844730
230 -515.66589355 -6.96845802
231 -515.66302490 -6.96841926
232 -515.66473389 -6.96844235
233 -515.66241455 -6.96841101
234 -515.66540527 -6.96845142
235 -515.66192627 -6.96840441
236 -515.66314697 -6.96842091
237 -515.66058350 -6.96838626
238 -515.66217041 -6.96840771
239 -515.65985107 -6.96837637
240 -515.65979004 -6.96837554
241 -515.66192627 -6.96840441
242 -515.66290283 -6.96841761
243 -515.66101074 -6.96839204
244 -515.66125488 -6.96839534
245 -515.65917969 -6.96836729
246 -515.66156006 -6.96839946
247 -515.66033936 -6.96838296
248 -515.65905762 -6.96836564
249 -515.65991211 -6.96837719
250 -515.65777588 -6.96834832
251 -515.65704346 -6.96833843
252 -515.65838623 -6.96835657
253 -515.65948486 -6.96837142
254 -515.65740967 -6.96834337
255 -515.65814209 -6.96835327
256 -515.65509033 -6.96831203
257 -515.65570068 -6.96832028
258 -515.65820312 -6.96835410
259 -515.65667725 -6.96833348
260 -515.65649414 -6.96833100
261 -515.65454102 -6.96830461
262 -515.65600586 -6.96832440
263 -515.65441895 -6.96830296
264 -515.65283203 -6.96828151
265 -515.65484619 -6.96830873
266 -515.65228271 -6.96827409
267 -515.65093994 -6.96825595
268 -515.65203857 -6.96827079
269 -515.64868164 -6.96822543
270 -515.65142822 -6.96826254
271 -515.64941406 -6.96823533
272 -515.64910889 -6.96823120
273 -515.64703369 -6.96820316
274 -515.64984131 -6.96824110
275 -515.64770508 -6.96821223
276 -515.64929199 -6.96823368
277 -515.65032959 -6.96824770
278 -515.64984131 -6.96824110
279 -515.64807129 -6.96821718
280 -515.64831543 -6.96822048
281 -515.64691162 -6.96820151
282 -515.64849854 -6.96822295
283 -515.64825439 -6.96821965
284 -515.64770508 -6.96821223
285 -515.65142822 -6.96826254
286 -515.65167236 -6.96826584
287 -515.65386963 -6.96829554
288 -515.65557861 -6.96831863
289 -515.65136719 -6.96826172
290 -515.65252686 -6.96827739
291 -515.65075684 -6.96825347
292 -515.65203857 -6.96827079
293 -515.65161133 -6.96826502
294 -515.65356445 -6.96829141
295 -515.65600586 -6.96832440
296 -515.65521240 -6.96831368
297 -515.65905762 -6.96836564
298 -515.65747070 -6.96834420
299 -515.65521240 -6.96831368
300 -515.65643311 -6.96833018
301 -515.65777588 -6.96834832
302 -515.65637207 -6.96832935
303 -515.65631104 -6.96832853
304 -515.65740967 -6.96834337
305 -515.65515137 -6.96831286
306 -515.65710449 -6.96833925
307 -515.65454102 -6.96830461
308 -515.65185547 -6.96826832
309 -515.65307617 -6.96828481
310 -515.65325928 -6.96828729
311 -515.65319824 -6.96828646
312 -515.65332031 -6.96828811
313 -515.65142822 -6.96826254
314 -515.65081787 -6.96825430
315 -515.65203857 -6.96827079
316 -515.65069580 -6.96825265
317 -515.64923096 -6.96823285
318 -515.64898682 -6.96822955
319 -515.65002441 -6.96824357
320 -515.65112305 -6.96825842
321 -515.64862061 -6.96822460
322 -515.64874268 -6.96822625
323 -515.64739990 -6.96820811
324 -515.65045166 -6.96824935
325 -515.64617920 -6.96819161
326 -515.64660645 -6.96819738
327 -515.64300537 -6.96814872
328 -515.64184570 -6.96813305
329 -515.64270020 -6.96814460
330 -515.64215088 -6.96813717
331 -515.64135742 -6.96812645
332 -515.64288330 -6.96814707
333 -515.63726807 -6.96807119
334 -515.64129639 -6.96812563
335 -515.63653564 -6.96806129
336 -515.63616943 -6.96805634
337 -515.63562012 -6.96804892
338 -515.63696289 -6.96806707
339 -515.63513184 -6.96804232
340 -515.63342285 -6.96801923
341 -515.63256836 -6.96800768
342 -515.63385010 -6.96802500
343 -515.63146973 -6.96799283
344 -515.63250732 -6.96800686
345 -515.62817383 -6.96794829
346 -515.62731934 -6.96793675
347 -515.62744141 -6.96793840
348 -515.62493896 -6.96790458
349 -515.62554932 -6.96791283
350 -515.62365723 -6.96788726
351 -515.62481689 -6.96790293
352 -515.62762451 -6.96794087
353 -515.62683105 -6.96793015
354 -515.62420654 -6.96789468
355 -515.62475586 -6.96790211
356 -515.62744141 -6.96793840
357 -515.62561035 -6.96791365
358 -515.62597656 -6.96791860
359 -515.62506104 -6.96790623
360 -515.62597656 -6.96791860
361 -515.62536621 -6.96791035
362 -515.62554932 -6.96791283
363 -515.62194824 -6.96786417
364 -515.62194824 -6.96786417
365 -515.62109375 -6.96785262
366 -515.61840820 -6.96781633
367 -515.61822510 -6.96781385
368 -515.61688232 -6.96779571
369 -515.62066650 -6.96784684
370 -515.61987305 -6.96783612
371 -515.61993408 -6.96783695
372 -515.61614990 -6.96778581
373 -515.61853027 -6.96781798
374 -515.61779785 -6.96780808
375 -515.61987305 -6.96783612
376 -515.61718750 -6.96779983
377 -515.61749268 -6.96780396
378 -515.61761475 -6.96780560
379 -515.61907959 -6.96782540
380 -515.61895752 -6.96782375
381 -515.61950684 -6.96783117
382 -515.61901855 -6.96782458
383 -515.62164307 -6.96786004
384 -515.62121582 -6.96785427
385 -515.62103271 -6.96785179
386 -515.62115479 -6.96785344
387 -515.61895752 -6.96782375
388 -515.61956787 -6.96783200
389 -515.61804199 -6.96781138
390 -515.61956787 -6.96783200
391 -515.61724854 -6.96780066
392 -515.61901855 -6.96782458
393 -515.61572266 -6.96778004
394 -515.61846924 -6.96781715
395 -515.61859131 -6.96781880
396 -515.61938477 -6.96782952
397 -515.61663818 -6.96779241
398 -515.61828613 -6.96781468
399 -515.61682129 -6.96779488
400 -515.62005615 -6.96783860
401 -515.61883545 -6.96782210
402 -515.62054443 -6.96784520
403 -515.61962891 -6.96783282
404 -515.62103271 -6.96785179
405 -515.62310791 -6.96787984
406 -515.62414551 -6.96789386
407 -515.62518311 -6.96790788
408 -515.62225342 -6.96786829
409 -515.62506104 -6.96790623
410 -515.62304688 -6.96787901
411 -515.62670898 -6.96792850
412 -515.62420654 -6.96789468
413 -515.62542725 -6.96791118
414 -515.62646484 -6.96792520
415 -515.62847900 -6.96795242
416 -515.62780762 -6.96794335
417 -515.63128662 -6.96799036
418 -515.63024902 -6.96797634
419 -515.63159180 -6.96799448
420 -515.63043213 -6.96797881
421 -515.62957764 -6.96796727
422 -515.62951660 -6.96796644
423 -515.63311768 -6.96801510
424 -515.62933350 -6.96796397
425 -515.63043213 -6.96797881
426 -515.63000488 -6.96797304
427 -515.63134766 -6.96799118
428 -515.63122559 -6.96798953
429 -515.62963867 -6.96796809
430 -515.63336182 -6.96801840
431 -515.63403320 -6.96802748
432 -515.63385010 -6.96802500
433 -515.63372803 -6.96802335
434 -515.63708496 -6.96806872
435 -515.63323975 -6.96801675
436 -515.63555908 -6.96804810
437 -515.63415527 -6.96802913
438 -515.63330078 -6.96801758
439 -515.63562012 -6.96804892
440 -515.63470459 -6.96803655
441 -515.63574219 -6.96805057
442 -515.63311768 -6.96801510
443 -515.63647461 -6.96806047
444 -515.63604736 -6.96805469
445 -515.63568115 -6.96804975
446 -515.63659668 -6.96806212
447 -515.63488770 -6.96803902
448 -515.63317871 -6.96801593
449 -515.63323975 -6.96801675
450 -515.63061523 -6.96798129
451 -515.63073730 -6.96798294
452 -515.62860107 -6.96795407
453 -515.63012695 -6.96797469
454 -515.62878418 -6.96795654
455 -515.63018799 -6.96797551
456 -515.62988281 -6.96797139
457 -515.62927246 -6.96796314
