0 -530.13629150 -6.62670364
1 -528.66052246 -6.60825653
2 -528.50000000 -6.60625000
3 -527.56274414 -6.59453430
4 -526.92150879 -6.58651886
5 -525.84826660 -6.57310333
6 -524.80706787 -6.56008835
7 -523.58813477 -6.54485168
8 -523.07446289 -6.53843079
9 -522.31359863 -6.52891998
10 -521.57849121 -6.51973114
11 -520.69329834 -6.50866623
12 -518.51031494 -6.48137894
13 -518.08923340 -6.47611542
14 -515.78881836 -6.44736023
15 -513.30212402 -6.41627655
16 -512.79614258 -6.40995178
17 -510.93716431 -6.38671455
18 -510.00094604 -6.37501183
19 -509.44342041 -6.36804276
20 -507.88952637 -6.34861908
21 -507.57604980 -6.34470062
22 -505.38916016 -6.31736450
23 -501.47064209 -6.26838303
24 -497.75946045 -6.22199326
25 -496.38275146 -6.20478439
26 -495.77459717 -6.19718246
27 -491.25769043 -6.14072113
28 -487.85449219 -6.09818115
29 -486.65759277 -6.08321991
30 -481.25366211 -6.01567078
31 -481.38806152 -6.01735077
32 -477.67062378 -5.97088280
33 -477.34362793 -5.96679535
34 -478.64123535 -5.98301544
35 -472.05963135 -5.90074539
36 -467.69448853 -5.84618111
37 -465.99685669 -5.82496071
38 -463.89483643 -5.79868546
39 -463.55554199 -5.79444427
40 -466.15603638 -5.82695045
41 -467.40872192 -5.84260902
42 -468.88165283 -5.86102066
43 -468.29589844 -5.85369873
44 -461.92663574 -5.77408295
45 -463.72033691 -5.79650421
46 -463.06890869 -5.78836136
47 -462.76742554 -5.78459282
48 -467.62066650 -5.84525833
49 -464.38000488 -5.80475006
50 -460.17883301 -5.75223541
51 -459.93798828 -5.74922485
52 -457.82635498 -5.72282944
53 -455.91589355 -5.69894867
54 -451.42004395 -5.64275055
55 -449.56866455 -5.61960831
56 -444.73559570 -5.55919495
57 -441.37774658 -5.51722183
58 -439.77349854 -5.49716873
59 -436.69067383 -5.45863342
60 -434.09878540 -5.42623482
61 -432.61926270 -5.40774078
62 -427.59271240 -5.34490891
63 -424.18728638 -5.30234108
64 -425.08374023 -5.31354675
65 -422.76007080 -5.28450089
66 -425.48947144 -5.31861839
67 -417.24047852 -5.21550598
68 -415.81994629 -5.19774933
69 -416.09729004 -5.20121613
70 -415.86956787 -5.19836960
71 -411.02746582 -5.13784332
72 -410.24078369 -5.12800980
73 -407.56311035 -5.09453888
74 -411.25305176 -5.14066315
75 -407.31018066 -5.09137726
76 -408.05657959 -5.10070724
77 -415.55145264 -5.19439316
78 -414.69879150 -5.18373489
79 -411.65176392 -5.14564705
80 -406.10137939 -5.07626724
81 -400.36956787 -5.00461960
82 -399.27349854 -4.99091873
83 -403.56060791 -5.04450760
84 -398.37976074 -4.97974701
85 -398.54345703 -4.98179321
86 -401.06475830 -5.01330948
87 -403.54336548 -5.04429207
88 -397.09014893 -4.96362686
89 -398.21679688 -4.97770996
90 -392.33557129 -4.90419464
91 -392.91809082 -4.91147614
92 -391.87200928 -4.89840012
93 -395.94464111 -4.94930801
94 -400.83215332 -5.01040192
95 -408.04650879 -5.10058136
96 -399.20611572 -4.99007645
97 -400.28570557 -5.00357132
98 -399.19537354 -4.98994217
99 -401.12432861 -5.01405411
100 -396.28497314 -4.95356216
101 -390.10510254 -4.87631378
102 -383.16717529 -4.78958969
103 -386.43643188 -4.83045540
104 -389.67584229 -4.87094803
105 -395.42828369 -4.94285355
106 -390.72918701 -4.88411484
107 -389.98590088 -4.87482376
108 -392.67352295 -4.90841904
109 -388.70336914 -4.85879211
110 -387.49334717 -4.84366684
111 -391.43096924 -4.89288712
112 -391.32885742 -4.89161072
113 -385.33813477 -4.81672668
114 -392.34082031 -4.90426025
115 -395.64392090 -4.94554901
116 -393.58142090 -4.91976776
117 -392.41381836 -4.90517273
118 -390.79614258 -4.88495178
119 -387.98934937 -4.84986687
120 -381.86425781 -4.77330322
121 -384.27746582 -4.80346832
122 -384.42163086 -4.80527039
123 -378.69784546 -4.73372307
124 -372.66369629 -4.65829620
125 -363.37200928 -4.54215012
126 -357.03356934 -4.46291962
127 -361.36163330 -4.51702042
128 -355.08331299 -4.43854141
129 -351.91058350 -4.39888229
130 -340.23471069 -4.25293388
131 -322.23901367 -4.02798767
132 -324.31002808 -4.05387535
133 -330.40948486 -4.13011856
134 -332.74798584 -4.15934982
135 -307.22000122 -3.84025002
136 -303.19335938 -3.78991699
137 -319.20642090 -3.99008026
138 -332.55187988 -4.15689850
139 -327.59252930 -4.09490662
140 -315.87554932 -3.94844437
141 -304.63958740 -3.80799484
142 -308.37445068 -3.85468063
143 -321.40597534 -4.01757469
144 -338.39178467 -4.22989731
145 -339.54226685 -4.24427834
146 -336.97912598 -4.21223907
147 -335.56384277 -4.19454803
148 -317.62048340 -3.97025604
149 -315.99029541 -3.94987869
150 -313.63171387 -3.92039642
151 -309.14895630 -3.86436195
152 -316.03134155 -3.95039177
153 -315.51959229 -3.94399490
154 -326.63134766 -4.08289185
155 -321.78167725 -4.02227097
156 -335.07717896 -4.18846474
157 -334.12139893 -4.17651749
158 -328.27688599 -4.10346107
159 -309.11053467 -3.86388168
160 -310.11096191 -3.87638702
161 -334.09735107 -4.17621689
162 -331.69458008 -4.14618225
163 -332.31048584 -4.15388107
164 -332.83792114 -4.16047401
165 -337.65948486 -4.22074356
166 -324.98022461 -4.06225281
167 -319.59588623 -3.99494858
168 -331.83303833 -4.14791298
169 -333.52227783 -4.16902847
170 -334.04159546 -4.17551994
171 -330.37237549 -4.12965469
172 -342.64654541 -4.28308182
173 -346.70611572 -4.33382645
174 -335.53906250 -4.19423828
175 -332.23870850 -4.15298386
176 -325.99725342 -4.07496567
177 -323.02770996 -4.03784637
178 -313.40255737 -3.91753197
179 -312.15155029 -3.90189438
180 -319.16638184 -3.98957977
181 -318.85440063 -3.98568001
182 -311.01153564 -3.88764420
183 -320.79638672 -4.00995483
184 -314.70715332 -3.93383942
185 -319.05856323 -3.98823204
186 -290.02990723 -3.62537384
187 -272.03381348 -3.40042267
188 -270.46295166 -3.38078690
189 -266.13851929 -3.32673149
190 -267.83111572 -3.34788895
191 -255.65328979 -3.19566612
192 -236.48086548 -2.95601082
193 -243.56614685 -3.04457684
194 -240.52702332 -3.00658779
195 -237.80612183 -2.97257652
196 -207.08587646 -2.58857346
197 -211.46743774 -2.64334297
198 -247.59172058 -3.09489651
199 -261.42364502 -3.26779556
200 -273.74618530 -3.42182732
201 -289.06964111 -3.61337051
202 -288.71524048 -3.60894051
203 -301.38284302 -3.76728554
204 -298.01788330 -3.72522354
205 -289.88647461 -3.62358093
206 -302.63122559 -3.78289032
207 -297.56347656 -3.71954346
208 -315.56005859 -3.94450073
209 -306.45019531 -3.83062744
210 -305.68649292 -3.82108116
211 -308.39196777 -3.85489960
212 -308.11065674 -3.85138321
213 -318.82135010 -3.98526688
214 -329.61581421 -4.12019768
215 -327.36138916 -4.09201736
216 -323.35455322 -4.04193192
217 -312.85815430 -3.91072693
218 -312.28826904 -3.90360336
219 -297.38186646 -3.71727333
220 -294.17593384 -3.67719917
221 -296.57238770 -3.70715485
222 -288.51138306 -3.60639229
223 -277.93682861 -3.47421036
224 -265.48577881 -3.31857224
225 -184.56912231 -2.30711403
226 98.64973450 1.23312168
227 130.57835388 1.63222942
228 320.82028198 4.01025352
