0 -629.70117188 -5.62233189
1 -629.76684570 -5.62291827
2 -629.82171631 -5.62340818
3 -629.86712646 -5.62381363
4 -629.90625000 -5.62416295
5 -629.94262695 -5.62448774
6 -629.97149658 -5.62474551
7 -629.99438477 -5.62494986
8 -630.01489258 -5.62513297
9 -630.03240967 -5.62528937
10 -630.04711914 -5.62542071
11 -630.06030273 -5.62553842
12 -630.07244873 -5.62564686
13 -630.08300781 -5.62574114
14 -630.09338379 -5.62583378
15 -630.10229492 -5.62591335
16 -630.11047363 -5.62598637
17 -630.11920166 -5.62606430
18 -630.12591553 -5.62612425
19 -630.13366699 -5.62619346
20 -630.13928223 -5.62624359
21 -630.14654541 -5.62630844
22 -630.15209961 -5.62635803
23 -630.15740967 -5.62640544
24 -630.16308594 -5.62645612
25 -630.16888428 -5.62650790
26 -630.17346191 -5.62654877
27 -630.17858887 -5.62659454
28 -630.18347168 -5.62663814
29 -630.18908691 -5.62668828
30 -630.19366455 -5.62672915
31 -630.19873047 -5.62677438
32 -630.20318604 -5.62681416
33 -630.20776367 -5.62685503
34 -630.21246338 -5.62689699
35 -630.21691895 -5.62693678
36 -630.22131348 -5.62697601
