0 -583.44757080 -5.83447571
1 -583.45202637 -5.83452026
2 -583.45446777 -5.83454468
3 -583.45642090 -5.83456421
4 -583.45117188 -5.83451172
5 -583.45269775 -5.83452698
6 -583.45104980 -5.83451050
7 -583.45050049 -5.83450500
8 -583.45031738 -5.83450317
9 -583.44641113 -5.83446411
10 -583.44348145 -5.83443481
11 -583.44433594 -5.83444336
12 -583.44311523 -5.83443115
13 -583.44519043 -5.83445190
14 -583.43627930 -5.83436279
15 -583.44293213 -5.83442932
16 -583.43945312 -5.83439453
17 -583.43554688 -5.83435547
18 -583.43566895 -5.83435669
19 -583.43249512 -5.83432495
20 -583.43298340 -5.83432983
21 -583.42773438 -5.83427734
22 -583.42443848 -5.83424438
23 -583.42626953 -5.83426270
24 -583.42492676 -5.83424927
25 -583.42425537 -5.83424255
26 -583.42004395 -5.83420044
27 -583.42126465 -5.83421265
28 -583.41540527 -5.83415405
29 -583.40795898 -5.83407959
30 -583.40673828 -5.83406738
31 -583.40454102 -5.83404541
32 -583.40179443 -5.83401794
33 -583.39727783 -5.83397278
34 -583.39233398 -5.83392334
35 -583.39501953 -5.83395020
36 -583.39013672 -5.83390137
37 -583.39135742 -5.83391357
38 -583.38958740 -5.83389587
39 -583.38403320 -5.83384033
40 -583.37902832 -5.83379028
41 -583.37670898 -5.83376709
42 -583.37286377 -5.83372864
43 -583.37304688 -5.83373047
44 -583.37371826 -5.83373718
45 -583.36804199 -5.83368042
46 -583.36486816 -5.83364868
47 -583.36474609 -5.83364746
48 -583.36578369 -5.83365784
49 -583.35870361 -5.83358704
50 -583.35430908 -5.83354309
51 -583.35656738 -5.83356567
52 -583.35424805 -5.83354248
53 -583.34527588 -5.83345276
54 -583.34149170 -5.83341492
55 -583.34368896 -5.83343689
56 -583.33843994 -5.83338440
57 -583.33184814 -5.83331848
58 -583.33441162 -5.83334412
59 -583.33813477 -5.83338135
60 -583.33874512 -5.83338745
61 -583.34033203 -5.83340332
62 -583.33862305 -5.83338623
63 -583.33703613 -5.83337036
64 -583.33648682 -5.83336487
65 -583.33874512 -5.83338745
66 -583.33734131 -5.83337341
67 -583.33410645 -5.83334106
68 -583.33203125 -5.83332031
69 -583.33117676 -5.83331177
70 -583.32470703 -5.83324707
71 -583.32519531 -5.83325195
72 -583.32128906 -5.83321289
73 -583.31921387 -5.83319214
74 -583.31896973 -5.83318970
75 -583.31762695 -5.83317627
76 -583.32177734 -5.83321777
77 -583.32324219 -5.83323242
78 -583.31896973 -5.83318970
79 -583.31835938 -5.83318359
80 -583.31933594 -5.83319336
81 -583.31005859 -5.83310059
82 -583.30584717 -5.83305847
83 -583.30737305 -5.83307373
84 -583.30560303 -5.83305603
85 -583.30151367 -5.83301514
86 -583.30096436 -5.83300964
87 -583.30328369 -5.83303284
88 -583.30096436 -5.83300964
89 -583.30126953 -5.83301270
90 -583.30053711 -5.83300537
91 -583.30200195 -5.83302002
92 -583.30346680 -5.83303467
93 -583.30450439 -5.83304504
94 -583.30139160 -5.83301392
95 -583.30639648 -5.83306396
96 -583.30621338 -5.83306213
97 -583.30322266 -5.83303223
98 -583.30468750 -5.83304687
99 -583.30322266 -5.83303223
100 -583.29968262 -5.83299683
101 -583.30029297 -5.83300293
102 -583.29614258 -5.83296143
103 -583.29595947 -5.83295959
104 -583.29821777 -5.83298218
105 -583.29772949 -5.83297729
106 -583.29736328 -5.83297363
107 -583.29614258 -5.83296143
108 -583.29620361 -5.83296204
109 -583.29016113 -5.83290161
110 -583.29455566 -5.83294556
111 -583.29827881 -5.83298279
112 -583.30126953 -5.83301270
113 -583.29895020 -5.83298950
114 -583.30017090 -5.83300171
115 -583.29577637 -5.83295776
116 -583.30004883 -5.83300049
117 -583.30187988 -5.83301880
118 -583.30273438 -5.83302734
119 -583.30432129 -5.83304321
120 -583.30401611 -5.83304016
121 -583.30792236 -5.83307922
122 -583.31036377 -5.83310364
123 -583.30981445 -5.83309814
124 -583.31091309 -5.83310913
125 -583.31018066 -5.83310181
126 -583.31420898 -5.83314209
127 -583.30725098 -5.83307251
128 -583.30627441 -5.83306274
129 -583.30548096 -5.83305481
130 -583.30407715 -5.83304077
131 -583.30749512 -5.83307495
132 -583.31164551 -5.83311646
133 -583.31042480 -5.83310425
134 -583.31396484 -5.83313965
135 -583.31756592 -5.83317566
136 -583.32092285 -5.83320923
137 -583.31945801 -5.83319458
138 -583.31921387 -5.83319214
139 -583.32189941 -5.83321899
140 -583.32244873 -5.83322449
141 -583.31945801 -5.83319458
142 -583.32751465 -5.83327515
143 -583.32495117 -5.83324951
144 -583.32714844 -5.83327148
145 -583.32495117 -5.83324951
146 -583.32409668 -5.83324097
147 -583.32543945 -5.83325439
148 -583.32751465 -5.83327515
149 -583.32684326 -5.83326843
150 -583.32812500 -5.83328125
151 -583.32788086 -5.83327881
152 -583.32519531 -5.83325195
153 -583.32373047 -5.83323730
154 -583.32641602 -5.83326416
155 -583.32672119 -5.83326721
156 -583.32922363 -5.83329224
157 -583.33117676 -5.83331177
158 -583.33496094 -5.83334961
159 -583.33630371 -5.83336304
160 -583.33215332 -5.83332153
161 -583.33227539 -5.83332275
162 -583.33612061 -5.83336121
163 -583.33935547 -5.83339355
164 -583.34051514 -5.83340515
165 -583.34460449 -5.83344604
166 -583.34179688 -5.83341797
167 -583.34490967 -5.83344910
168 -583.34826660 -5.83348267
169 -583.34545898 -5.83345459
170 -583.34704590 -5.83347046
171 -583.34899902 -5.83348999
172 -583.35107422 -5.83351074
173 -583.34851074 -5.83348511
174 -583.34545898 -5.83345459
175 -583.35028076 -5.83350281
176 -583.35217285 -5.83352173
177 -583.35681152 -5.83356812
178 -583.35186768 -5.83351868
179 -583.34741211 -5.83347412
180 -583.35119629 -5.83351196
181 -583.35473633 -5.83354736
182 -583.35528564 -5.83355286
183 -583.35650635 -5.83356506
184 -583.36004639 -5.83360046
185 -583.35729980 -5.83357300
186 -583.35986328 -5.83359863
187 -583.35461426 -5.83354614
188 -583.35778809 -5.83357788
189 -583.36132812 -5.83361328
190 -583.36303711 -5.83363037
191 -583.36328125 -5.83363281
192 -583.36376953 -5.83363770
193 -583.36401367 -5.83364014
194 -583.36535645 -5.83365356
195 -583.36511230 -5.83365112
196 -583.36389160 -5.83363892
197 -583.36334229 -5.83363342
198 -583.36767578 -5.83367676
199 -583.36663818 -5.83366638
200 -583.36541748 -5.83365417
201 -583.36126709 -5.83361267
202 -583.35900879 -5.83359009
203 -583.35711670 -5.83357117
204 -583.35937500 -5.83359375
205 -583.36108398 -5.83361084
206 -583.36572266 -5.83365723
207 -583.36596680 -5.83365967
208 -583.37036133 -5.83370361
209 -583.37500000 -5.83375000
210 -583.37316895 -5.83373169
211 -583.37835693 -5.83378357
212 -583.37536621 -5.83375366
213 -583.37878418 -5.83378784
214 -583.37530518 -5.83375305
215 -583.37512207 -5.83375122
216 -583.37451172 -5.83374512
217 -583.37933350 -5.83379333
218 -583.37829590 -5.83378296
219 -583.37860107 -5.83378601
220 -583.37695312 -5.83376953
221 -583.37341309 -5.83373413
222 -583.37677002 -5.83376770
223 -583.37823486 -5.83378235
224 -583.37524414 -5.83375244
225 -583.37426758 -5.83374268
226 -583.37158203 -5.83371582
227 -583.37084961 -5.83370850
228 -583.36901855 -5.83369019
229 -583.36645508 -5.83366455
230 -583.36718750 -5.83367188
231 -583.36682129 -5.83366821
232 -583.37133789 -5.83371338
233 -583.37158203 -5.83371582
234 -583.37463379 -5.83374634
235 -583.37268066 -5.83372681
236 -583.37280273 -5.83372803
237 -583.36596680 -5.83365967
238 -583.36645508 -5.83366455
239 -583.36486816 -5.83364868
240 -583.36145020 -5.83361450
241 -583.36517334 -5.83365173
242 -583.36492920 -5.83364929
243 -583.36322021 -5.83363220
244 -583.36120605 -5.83361206
245 -583.35424805 -5.83354248
246 -583.35559082 -5.83355591
247 -583.35412598 -5.83354126
248 -583.35717773 -5.83357178
249 -583.35705566 -5.83357056
250 -583.34716797 -5.83347168
251 -583.35253906 -5.83352539
252 -583.35064697 -5.83350647
253 -583.35156250 -5.83351563
254 -583.34338379 -5.83343384
255 -583.34997559 -5.83349976
256 -583.34399414 -5.83343994
257 -583.34545898 -5.83345459
258 -583.34667969 -5.83346680
259 -583.34973145 -5.83349731
260 -583.35119629 -5.83351196
261 -583.34472656 -5.83344727
262 -583.34692383 -5.83346924
263 -583.34484863 -5.83344849
264 -583.34515381 -5.83345154
265 -583.34326172 -5.83343262
266 -583.34204102 -5.83342041
267 -583.34301758 -5.83343018
268 -583.34197998 -5.83341980
269 -583.34259033 -5.83342590
270 -583.34130859 -5.83341309
271 -583.34051514 -5.83340515
272 -583.33807373 -5.83338074
273 -583.34008789 -5.83340088
274 -583.34033203 -5.83340332
275 -583.33435059 -5.83334351
276 -583.33740234 -5.83337402
277 -583.33715820 -5.83337158
278 -583.34130859 -5.83341309
279 -583.33789062 -5.83337891
280 -583.33569336 -5.83335693
281 -583.34326172 -5.83343262
282 -583.34027100 -5.83340271
283 -583.34448242 -5.83344482
284 -583.34582520 -5.83345825
285 -583.34350586 -5.83343506
286 -583.34533691 -5.83345337
287 -583.33862305 -5.83338623
288 -583.34594727 -5.83345947
289 -583.34899902 -5.83348999
290 -583.35180664 -5.83351807
291 -583.34918213 -5.83349182
292 -583.35095215 -5.83350952
293 -583.34869385 -5.83348694
294 -583.34838867 -5.83348389
295 -583.35394287 -5.83353943
296 -583.35058594 -5.83350586
297 -583.35327148 -5.83353271
298 -583.35723877 -5.83357239
299 -583.35778809 -5.83357788
300 -583.35534668 -5.83355347
301 -583.36071777 -5.83360718
302 -583.35888672 -5.83358887
303 -583.35656738 -5.83356567
304 -583.36120605 -5.83361206
305 -583.36322021 -5.83363220
306 -583.36413574 -5.83364136
307 -583.36596680 -5.83365967
308 -583.36230469 -5.83362305
309 -583.36370850 -5.83363708
310 -583.36059570 -5.83360596
311 -583.36376953 -5.83363770
312 -583.36425781 -5.83364258
313 -583.36718750 -5.83367188
314 -583.36364746 -5.83363647
315 -583.36303711 -5.83363037
316 -583.36456299 -5.83364563
317 -583.36108398 -5.83361084
318 -583.36352539 -5.83363525
319 -583.36334229 -5.83363342
320 -583.36248779 -5.83362488
321 -583.36230469 -5.83362305
322 -583.35937500 -5.83359375
