0 -571.42932129 -6.21118827
1 -570.22729492 -6.19812277
2 -569.22918701 -6.18727377
3 -568.05108643 -6.17446833
4 -566.77899170 -6.16064121
5 -565.64868164 -6.14835524
6 -563.90100098 -6.12935871
7 -563.23132324 -6.12207960
8 -563.11877441 -6.12085624
9 -562.30584717 -6.11202008
10 -560.67114258 -6.09425155
11 -559.25939941 -6.07890652
12 -557.69763184 -6.06193078
13 -555.38958740 -6.03684334
14 -555.04809570 -6.03313148
15 -554.04028320 -6.02217699
16 -552.47369385 -6.00514885
17 -551.82299805 -5.99807607
18 -550.85736084 -5.98758001
19 -548.45959473 -5.96151733
20 -546.32543945 -5.93831999
21 -545.89508057 -5.93364218
22 -546.58331299 -5.94112297
23 -546.54577637 -5.94071496
24 -543.51599121 -5.90778251
25 -543.38262939 -5.90633293
26 -542.79974365 -5.89999721
27 -541.32727051 -5.88399207
28 -541.19067383 -5.88250732
29 -540.58898926 -5.87596727
30 -538.45764160 -5.85280045
31 -533.83135986 -5.80251478
32 -532.64648438 -5.78963570
33 -532.71044922 -5.79033097
34 -534.43811035 -5.80910990
35 -531.05767822 -5.77236607
36 -530.58105469 -5.76718538
37 -528.90869141 -5.74900752
38 -528.73120117 -5.74707827
39 -527.19732666 -5.73040572
40 -525.47125244 -5.71164405
41 -522.67565918 -5.68125716
42 -522.46215820 -5.67893650
43 -520.50354004 -5.65764717
44 -520.96423340 -5.66265471
45 -520.62207031 -5.65893555
46 -518.40087891 -5.63479216
47 -519.72265625 -5.64915931
48 -519.80792236 -5.65008611
49 -521.05029297 -5.66359014
50 -521.85083008 -5.67229163
51 -523.81524658 -5.69364398
52 -522.76739502 -5.68225429
53 -519.76501465 -5.64961972
54 -520.42443848 -5.65678737
55 -520.78784180 -5.66073741
56 -518.28125000 -5.63349185
57 -514.00146484 -5.58697244
58 -510.08776855 -5.54443227
59 -506.04516602 -5.50049093
60 -505.50866699 -5.49465942
61 -506.61880493 -5.50672614
62 -504.50521851 -5.48375238
63 -500.44396973 -5.43960837
64 -500.69766235 -5.44236590
65 -501.72030640 -5.45348159
66 -503.40380859 -5.47178053
67 -503.19311523 -5.46949038
68 -499.27816772 -5.42693661
69 -495.62634277 -5.38724286
70 -490.73495483 -5.33407560
71 -485.24386597 -5.27438985
72 -487.71636963 -5.30126489
73 -486.34603882 -5.28636999
74 -489.30850220 -5.31857068
75 -492.06237793 -5.34850411
76 -490.04861450 -5.32661538
77 -492.70892334 -5.35553178
78 -494.86981201 -5.37901970
79 -490.23043823 -5.32859172
80 -491.75915527 -5.34520821
81 -490.23278809 -5.32861726
82 -489.39028931 -5.31945967
83 -483.95004272 -5.26032655
84 -485.20761108 -5.27399577
85 -482.96926880 -5.24966597
86 -476.40847778 -5.17835302
87 -476.16180420 -5.17567178
88 -472.87210083 -5.13991414
89 -473.18218994 -5.14328467
90 -472.82037354 -5.13935189
91 -468.79620361 -5.09561091
92 -464.00503540 -5.04353299
93 -463.86016846 -5.04195835
94 -455.62277222 -4.95242144
95 -449.65560913 -4.88756097
96 -454.77127075 -4.94316599
97 -447.94219971 -4.86893695
98 -440.89450073 -4.79233153
99 -439.67620850 -4.77908922
100 -430.42117310 -4.67849101
101 -428.87539673 -4.66168909
102 -423.75360107 -4.60601740
103 -417.02346802 -4.53286378
104 -418.83529663 -4.55255757
105 -418.58489990 -4.54983587
106 -411.37475586 -4.47146474
107 -414.83300781 -4.50905443
108 -410.89361572 -4.46623495
109 -407.80484009 -4.43266131
110 -396.70504761 -4.31201139
111 -377.71453857 -4.10559281
112 -375.13665771 -4.07757237
113 -395.89477539 -4.30320408
114 -392.61132812 -4.26751444
115 -387.16909790 -4.20835976
116 -381.43963623 -4.14608300
117 -386.68533325 -4.20310145
118 -383.74023438 -4.17108950
119 -386.79867554 -4.20433343
120 -383.66845703 -4.17030932
121 -383.18185425 -4.16502015
122 -376.16314697 -4.08872986
123 -378.03903198 -4.10911991
124 -376.82281494 -4.09590016
125 -365.90780640 -3.97725877
126 -368.74548340 -4.00810308
127 -382.77700806 -4.16061965
128 -389.28659058 -4.23137598
129 -393.57604980 -4.27800054
130 -398.21258545 -4.32839767
131 -392.00030518 -4.26087288
132 -384.38671875 -4.17811651
133 -385.87799072 -4.19432599
134 -391.56127930 -4.25610086
135 -397.36212158 -4.31915350
136 -400.17590332 -4.34973808
137 -401.36035156 -4.36261252
138 -404.04257202 -4.39176709
139 -401.33923340 -4.36238297
140 -399.37707520 -4.34105517
141 -402.51901245 -4.37520666
142 -406.68496704 -4.42048877
143 -401.01916504 -4.35890397
144 -391.04992676 -4.25054268
145 -392.45465088 -4.26581142
146 -374.43395996 -4.06993435
147 -364.01104736 -3.95664182
148 -358.90576172 -3.90114958
149 -350.79376221 -3.81297568
150 -361.79244995 -3.93252663
151 -373.45132446 -4.05925353
152 -386.90240479 -4.20546092
153 -378.62054443 -4.11544070
154 -381.38510132 -4.14549023
155 -384.70275879 -4.18155173
156 -389.36999512 -4.23228256
157 -384.13812256 -4.17541438
158 -386.96276855 -4.20611705
159 -378.56030273 -4.11478590
160 -384.53369141 -4.17971404
161 -378.36834717 -4.11269943
162 -372.22332764 -4.04590574
163 -365.43688965 -3.97214010
164 -359.81936646 -3.91108007
165 -366.78890991 -3.98683598
166 -358.10110474 -3.89240331
167 -364.54272461 -3.96242092
168 -362.77917480 -3.94325190
169 -372.78753662 -4.05203844
170 -362.61450195 -3.94146198
171 -348.56726074 -3.78877457
172 -350.27508545 -3.80733789
173 -355.01049805 -3.85880976
174 -358.33233643 -3.89491670
175 -357.65728760 -3.88757921
176 -352.23574829 -3.82864944
177 -359.29101562 -3.90533713
178 -356.84222412 -3.87871983
179 -361.83355713 -3.93297345
180 -370.23791504 -4.02432516
181 -383.20806885 -4.16530510
182 -380.80877686 -4.13922584
183 -386.18060303 -4.19761525
184 -389.61248779 -4.23491835
185 -389.76269531 -4.23655104
186 -389.67935181 -4.23564513
187 -392.60522461 -4.26744809
188 -385.19824219 -4.18693742
189 -385.51739502 -4.19040647
190 -386.22882080 -4.19813936
191 -390.06225586 -4.23980713
192 -389.01757812 -4.22845194
193 -387.95550537 -4.21690767
194 -380.73211670 -4.13839257
195 -384.17871094 -4.17585555
196 -387.67276001 -4.21383435
197 -390.93609619 -4.24930539
198 -382.95205688 -4.16252236
199 -381.56127930 -4.14740521
200 -390.34280396 -4.24285656
201 -388.54135132 -4.22327556
202 -383.87768555 -4.17258354
203 -383.86669922 -4.17246412
204 -388.93914795 -4.22759943
205 -380.52093506 -4.13609712
206 -381.39266968 -4.14557250
207 -383.67144775 -4.17034182
208 -380.12811279 -4.13182731
209 -366.70211792 -3.98589259
210 -367.51062012 -3.99468065
211 -368.23040771 -4.00250443
212 -363.09020996 -3.94663272
213 -358.11303711 -3.89253301
214 -352.20654297 -3.82833199
215 -344.33245850 -3.74274411
216 -339.02914429 -3.68509939
217 -338.69281006 -3.68144359
218 -348.47259521 -3.78774560
219 -349.06085205 -3.79413970
220 -333.37329102 -3.62362273
221 -334.21545410 -3.63277668
222 -330.17547607 -3.58886387
223 -310.21801758 -3.37193497
224 -298.66937256 -3.24640622
225 -308.68664551 -3.35528963
226 -321.18334961 -3.49112337
227 -316.92596436 -3.44484744
228 -304.55072021 -3.31033392
229 -294.01361084 -3.19580012
230 -299.35028076 -3.25380740
231 -293.67102051 -3.19207631
232 -297.91174316 -3.23817112
233 -304.47338867 -3.30949336
234 -309.94476318 -3.36896482
235 -315.63861084 -3.43085447
236 -313.65060425 -3.40924570
237 -303.18615723 -3.29550171
238 -290.66839600 -3.15943909
239 -276.75820923 -3.00824140
240 -275.63858032 -2.99607153
241 -279.10815430 -3.03378429
242 -261.08010864 -2.83782727
243 -233.72137451 -2.54044972
244 -227.88305664 -2.47698975
245 -215.79483032 -2.34559598
246 -184.92123413 -2.01001341
247 -104.82744598 -1.13942876
248 -141.07948303 -1.53347264
249 -117.09107971 -1.27272913
250 -170.37989807 -1.85195541
251 -181.73118591 -1.97533898
252 -222.96911621 -2.42357735
253 -180.80014038 -1.96521892
254 -184.14840698 -2.00161312
255 -203.14045715 -2.20804845
256 -232.99880981 -2.53259576
257 -185.46545410 -2.01592885
258 -189.86875916 -2.06379086
259 -192.89376831 -2.09667139
260 -209.24838257 -2.27443894
261 -203.68762207 -2.21399589
262 -195.09205627 -2.12056583
263 -224.58514404 -2.44114287
264 -248.13827515 -2.69715516
265 -263.93292236 -2.86883611
266 -274.41754150 -2.98279936
267 -271.52182007 -2.95132413
268 -264.46719360 -2.87464341
269 -253.37252808 -2.75404922
270 -245.96981812 -2.67358498
271 -264.93945312 -2.87977666
272 -277.63131714 -3.01773171
273 -271.70877075 -2.95335620
274 -265.79553223 -2.88908187
275 -265.08831787 -2.88139476
276 -261.10095215 -2.83805383
277 -266.96463013 -2.90178946
278 -275.06832886 -2.98987314
279 -284.22134399 -3.08936243
280 -287.21386719 -3.12188986
281 -276.76947021 -3.00836381
282 -267.79248047 -2.91078783
283 -274.24279785 -2.98089998
284 -270.49047852 -2.94011390
285 -277.22497559 -3.01331495
286 -283.56817627 -3.08226279
287 -286.46182251 -3.11371546
288 -292.01971436 -3.17412733
289 -286.10113525 -3.10979495
290 -283.24310303 -3.07872938
291 -293.67602539 -3.19213071
292 -293.46319580 -3.18981735
293 -293.51321411 -3.19036102
294 -271.29071045 -2.94881207
295 -277.63574219 -3.01777981
296 -292.97796631 -3.18454311
297 -291.81115723 -3.17186040
298 -301.12432861 -3.27309053
299 -306.95343018 -3.33645033
300 -311.93914795 -3.39064291
