0 -541.41210938 -5.63970947
1 -541.45263672 -5.64013163
2 -541.48193359 -5.64043681
3 -541.50311279 -5.64065742
4 -541.51855469 -5.64081828
5 -541.53216553 -5.64096006
6 -541.54394531 -5.64108276
7 -541.55468750 -5.64119466
8 -541.56445312 -5.64129639
9 -541.57318115 -5.64138730
10 -541.58087158 -5.64146741
11 -541.58898926 -5.64155197
12 -541.59582520 -5.64162318
13 -541.60241699 -5.64169184
14 -541.60906982 -5.64176114
15 -541.61450195 -5.64181773
16 -541.61993408 -5.64187431
17 -541.62469482 -5.64192390
18 -541.62957764 -5.64197477
19 -541.63452148 -5.64202627
20 -541.63879395 -5.64207077
21 -541.64263916 -5.64211082
22 -541.64691162 -5.64215533
23 -541.65112305 -5.64219920
