0 -614.63751221 -6.98451718
1 -613.66613770 -6.97347884
2 -612.53338623 -6.96060666
3 -612.07250977 -6.95536943
4 -611.57189941 -6.94968068
5 -610.36450195 -6.93596025
6 -609.63470459 -6.92766710
7 -610.26428223 -6.93482139
8 -609.31848145 -6.92407365
9 -608.21124268 -6.91149139
10 -607.29644775 -6.90109600
11 -606.58557129 -6.89301786
12 -605.84741211 -6.88462968
13 -604.98974609 -6.87488348
14 -604.20477295 -6.86596333
15 -603.55737305 -6.85860651
16 -602.54528809 -6.84710555
17 -601.88470459 -6.83959892
18 -601.03039551 -6.82989086
19 -599.90222168 -6.81707070
20 -598.67767334 -6.80315538
21 -598.71118164 -6.80353616
22 -598.47320557 -6.80083188
23 -597.84277344 -6.79366788
24 -597.61138916 -6.79103851
25 -596.90521240 -6.78301378
26 -596.42376709 -6.77754281
27 -595.88574219 -6.77142889
28 -594.79199219 -6.75899991
29 -594.60668945 -6.75689420
30 -594.82049561 -6.75932381
31 -594.48291016 -6.75548762
32 -593.51922607 -6.74453666
33 -592.14526367 -6.72892345
34 -590.54632568 -6.71075370
35 -589.84185791 -6.70274839
36 -588.48529053 -6.68733285
37 -586.87438965 -6.66902716
38 -585.92993164 -6.65829468
39 -584.17779541 -6.63838404
40 -583.48272705 -6.63048553
41 -584.40179443 -6.64092948
42 -583.64416504 -6.63232006
43 -582.94580078 -6.62438410
44 -582.24621582 -6.61643427
45 -581.99035645 -6.61352678
46 -580.77050781 -6.59966486
47 -580.62518311 -6.59801344
48 -579.35162354 -6.58354118
49 -578.54895020 -6.57441989
50 -577.46423340 -6.56209356
51 -577.59008789 -6.56352373
52 -576.75433350 -6.55402652
53 -575.65716553 -6.54155870
54 -574.29150391 -6.52603982
55 -574.38427734 -6.52709406
56 -573.22149658 -6.51388064
57 -573.79895020 -6.52044262
58 -572.43835449 -6.50498130
59 -571.50537109 -6.49437922
60 -570.75244141 -6.48582320
61 -571.63226318 -6.49582117
62 -570.59808350 -6.48406913
63 -568.36645508 -6.45870972
64 -567.69940186 -6.45112957
65 -565.69702148 -6.42837524
66 -564.78796387 -6.41804504
67 -563.52142334 -6.40365254
68 -563.22009277 -6.40022833
69 -561.95764160 -6.38588229
70 -562.19244385 -6.38855050
71 -561.42224121 -6.37979820
72 -561.77209473 -6.38377380
73 -562.60803223 -6.39327309
74 -560.51586914 -6.36949851
75 -561.07489014 -6.37585102
76 -560.88885498 -6.37373699
77 -559.63623047 -6.35950262
78 -558.18658447 -6.34302937
79 -556.62048340 -6.32523277
80 -556.37658691 -6.32246121
81 -555.08239746 -6.30775452
82 -555.13433838 -6.30834475
83 -554.39770508 -6.29997392
84 -553.77185059 -6.29286194
85 -554.29748535 -6.29883506
86 -554.00164795 -6.29547327
87 -553.12188721 -6.28547599
88 -552.04760742 -6.27326827
89 -550.82879639 -6.25941814
90 -550.86761475 -6.25985926
91 -549.77130127 -6.24740115
92 -548.78112793 -6.23614918
93 -548.27307129 -6.23037581
94 -546.86077881 -6.21432703
95 -544.97607422 -6.19290993
96 -545.35455322 -6.19721083
97 -543.94702148 -6.18121615
98 -542.27935791 -6.16226543
99 -540.27349854 -6.13947157
100 -539.77563477 -6.13381403
101 -539.97619629 -6.13609314
102 -538.70568848 -6.12165555
103 -538.15765381 -6.11542788
104 -537.00122070 -6.10228660
105 -536.64465332 -6.09823470
106 -536.51483154 -6.09675945
107 -535.99755859 -6.09088135
108 -534.86474609 -6.07800848
109 -534.11767578 -6.06951904
110 -533.66821289 -6.06441151
111 -533.37127686 -6.06103724
112 -533.50207520 -6.06252358
113 -533.88610840 -6.06688760
114 -533.21221924 -6.05922976
115 -532.73376465 -6.05379278
116 -532.04205322 -6.04593242
117 -531.69091797 -6.04194225
118 -531.84417725 -6.04368383
119 -532.73693848 -6.05382885
120 -533.27569580 -6.05995109
121 -532.76129150 -6.05410559
122 -532.18750000 -6.04758523
123 -531.81250000 -6.04332386
124 -530.89453125 -6.03289240
125 -529.58856201 -6.01805184
126 -530.14715576 -6.02439950
127 -529.19549561 -6.01358518
128 -529.97821045 -6.02247966
129 -529.23089600 -6.01398745
130 -529.70581055 -6.01938421
131 -529.15777588 -6.01315654
132 -528.20544434 -6.00233459
133 -527.53723145 -5.99474127
134 -527.76263428 -5.99730266
135 -527.80126953 -5.99774170
136 -527.40942383 -5.99328891
137 -527.44116211 -5.99364957
138 -527.27557373 -5.99176788
139 -526.91607666 -5.98768269
140 -526.51922607 -5.98317302
141 -526.01763916 -5.97747317
142 -525.89373779 -5.97606520
143 -525.45495605 -5.97107905
144 -524.35485840 -5.95857794
145 -523.21484375 -5.94562322
146 -523.21533203 -5.94562877
147 -523.99670410 -5.95450800
148 -523.48309326 -5.94867151
149 -522.90820312 -5.94213867
150 -522.84143066 -5.94137989
151 -522.06530762 -5.93256031
152 -522.08435059 -5.93277671
153 -521.49938965 -5.92612943
154 -520.69110107 -5.91694433
155 -520.49353027 -5.91469921
156 -520.19366455 -5.91129164
157 -519.78991699 -5.90670360
158 -519.41259766 -5.90241588
159 -518.15905762 -5.88817111
160 -517.77978516 -5.88386119
161 -517.38317871 -5.87935430
162 -517.50439453 -5.88073176
163 -517.15124512 -5.87671869
164 -517.50976562 -5.88079279
165 -517.29132080 -5.87831046
166 -518.00689697 -5.88644201
167 -518.30828857 -5.88986692
168 -517.64746094 -5.88235751
169 -517.33337402 -5.87878834
170 -516.71563721 -5.87176860
171 -515.44671631 -5.85734905
172 -515.72998047 -5.86056796
173 -514.67486572 -5.84857802
174 -514.05151367 -5.84149447
175 -514.04125977 -5.84137795
176 -514.23010254 -5.84352389
177 -514.01837158 -5.84111786
178 -513.54351807 -5.83572180
179 -513.23516846 -5.83221782
180 -512.60974121 -5.82511070
181 -512.42254639 -5.82298348
182 -513.23089600 -5.83216927
183 -512.32824707 -5.82191190
184 -511.92773438 -5.81736062
185 -511.36962891 -5.81101851
186 -512.15820312 -5.81997958
187 -511.97705078 -5.81792103
188 -511.61779785 -5.81383861
189 -510.44207764 -5.80047815
190 -510.45068359 -5.80057595
191 -509.66406250 -5.79163707
192 -508.33251953 -5.77650590
193 -508.10095215 -5.77387446
194 -507.58776855 -5.76804282
195 -507.41238403 -5.76604982
196 -506.65441895 -5.75743658
197 -506.65875244 -5.75748582
198 -505.54296875 -5.74480646
199 -505.36657715 -5.74280201
200 -504.19409180 -5.72947832
201 -504.25250244 -5.73014207
202 -504.12081909 -5.72864567
203 -503.53909302 -5.72203515
204 -502.05416870 -5.70516101
205 -502.14343262 -5.70617537
206 -502.65682983 -5.71200943
207 -502.50222778 -5.71025259
208 -502.00778198 -5.70463389
209 -502.08825684 -5.70554837
210 -502.06188965 -5.70524875
211 -502.54809570 -5.71077381
212 -501.03692627 -5.69360143
213 -500.89660645 -5.69200689
214 -500.40954590 -5.68647211
215 -499.62567139 -5.67756445
216 -499.50927734 -5.67624179
217 -500.02862549 -5.68214347
218 -499.60162354 -5.67729118
219 -498.33587646 -5.66290769
220 -497.18566895 -5.64983715
221 -496.91674805 -5.64678123
222 -496.38299561 -5.64071586
223 -496.34869385 -5.64032607
224 -496.08166504 -5.63729165
225 -495.40820312 -5.62963867
226 -495.17321777 -5.62696838
227 -495.96630859 -5.63598078
228 -496.54425049 -5.64254830
229 -496.08703613 -5.63735268
230 -495.99810791 -5.63634214
231 -495.79199219 -5.63399991
232 -496.59069824 -5.64307612
233 -496.69763184 -5.64429127
234 -496.74121094 -5.64478649
235 -496.66967773 -5.64397361
236 -496.03457642 -5.63675655
237 -496.23272705 -5.63900826
238 -496.36508179 -5.64051229
239 -497.34875488 -5.65169040
240 -496.65777588 -5.64383836
241 -496.16638184 -5.63825434
242 -494.79589844 -5.62268066
243 -495.10864258 -5.62623457
244 -495.53369141 -5.63106468
245 -494.35192871 -5.61763555
246 -494.83245850 -5.62309612
247 -495.25930786 -5.62794668
248 -495.39068604 -5.62943961
249 -495.05609131 -5.62563740
250 -495.60595703 -5.63188588
251 -494.17962646 -5.61567757
252 -494.24032593 -5.61636734
253 -493.85757446 -5.61201789
254 -493.85824585 -5.61202552
255 -492.71954346 -5.59908572
256 -492.45098877 -5.59603396
257 -492.32513428 -5.59460380
258 -491.61123657 -5.58649132
259 -491.38128662 -5.58387826
260 -491.82745361 -5.58894834
261 -491.83920288 -5.58908185
262 -491.41073608 -5.58421291
263 -491.52941895 -5.58556158
264 -490.86199951 -5.57797727
265 -490.62011719 -5.57522860
266 -491.14227295 -5.58116219
267 -491.84735107 -5.58917444
268 -490.46313477 -5.57344471
269 -491.11309814 -5.58083066
270 -490.57830811 -5.57475350
271 -490.74023438 -5.57659357
272 -489.96859741 -5.56782497
273 -489.92416382 -5.56732004
274 -490.27719116 -5.57133172
275 -490.83288574 -5.57764643
276 -490.97836304 -5.57929958
277 -490.58734131 -5.57485615
278 -491.54385376 -5.58572561
279 -490.00439453 -5.56823176
280 -491.05371094 -5.58015581
281 -491.40811157 -5.58418309
282 -491.53479004 -5.58562261
283 -490.81649780 -5.57746020
284 -490.76303101 -5.57685263
285 -491.30883789 -5.58305498
286 -490.80654907 -5.57734715
287 -491.33593750 -5.58336293
288 -490.94763184 -5.57895036
289 -491.10418701 -5.58072940
290 -491.31570435 -5.58313300
291 -491.26321411 -5.58253652
292 -492.08529663 -5.59187837
293 -491.78417969 -5.58845659
294 -491.34747314 -5.58349401
295 -491.47589111 -5.58495331
296 -491.42141724 -5.58433429
297 -491.37658691 -5.58382485
298 -490.97787476 -5.57929403
299 -490.79797363 -5.57724970
300 -490.83447266 -5.57766446
301 -490.05859375 -5.56884766
302 -490.36093140 -5.57228331
303 -489.05981445 -5.55749789
304 -489.34576416 -5.56074732
305 -489.41699219 -5.56155673
306 -489.18704224 -5.55894366
307 -489.58782959 -5.56349806
308 -488.65786743 -5.55293031
309 -488.10650635 -5.54666484
310 -487.78552246 -5.54301730
311 -487.22448730 -5.53664190
312 -487.08029175 -5.53500332
313 -485.69421387 -5.51925243
314 -484.81448364 -5.50925550
315 -484.28839111 -5.50327717
316 -484.42501831 -5.50482975
317 -484.83764648 -5.50951871
318 -484.50262451 -5.50571164
319 -485.00906372 -5.51146663
320 -483.74319458 -5.49708176
321 -484.33459473 -5.50380221
322 -484.02642822 -5.50030032
323 -484.46731567 -5.50531041
324 -484.27200317 -5.50309095
325 -483.02172852 -5.48888328
326 -482.35369873 -5.48129203
327 -481.74212646 -5.47434235
328 -481.57360840 -5.47242737
329 -481.82452393 -5.47527868
330 -481.91119385 -5.47626357
331 -480.79809570 -5.46361472
332 -480.81109619 -5.46376246
333 -478.92272949 -5.44230374
334 -479.53808594 -5.44929643
335 -479.54028320 -5.44932140
336 -479.08715820 -5.44417225
337 -478.28479004 -5.43505443
338 -477.79364014 -5.42947318
339 -477.47161865 -5.42581385
