0 -707.46826172 -7.21906390
1 -707.48077393 -7.21919157
2 -707.49060059 -7.21929184
3 -707.49987793 -7.21938651
4 -707.50622559 -7.21945128
5 -707.51318359 -7.21952228
6 -707.51904297 -7.21958207
7 -707.52459717 -7.21963875
8 -707.52899170 -7.21968359
9 -707.53320312 -7.21972656
10 -707.53796387 -7.21977514
11 -707.54284668 -7.21982497
12 -707.54632568 -7.21986047
13 -707.54968262 -7.21989472
14 -707.55401611 -7.21993894
15 -707.55706787 -7.21997008
16 -707.55926514 -7.21999250
17 -707.56182861 -7.22001866
18 -707.56408691 -7.22004170
19 -707.56707764 -7.22007222
20 -707.56854248 -7.22008717
21 -707.57080078 -7.22011021
22 -707.57342529 -7.22013699
23 -707.57519531 -7.22015505
24 -707.57739258 -7.22017748
25 -707.57971191 -7.22020114
26 -707.58129883 -7.22021733
27 -707.58258057 -7.22023041
28 -707.58435059 -7.22024848
29 -707.58575439 -7.22026280
30 -707.58746338 -7.22028024
31 -707.58843994 -7.22029020
32 -707.59033203 -7.22030951
33 -707.59185791 -7.22032508
34 -707.59320068 -7.22033878
35 -707.59509277 -7.22035809
36 -707.59570312 -7.22036432
37 -707.59631348 -7.22037055
38 -707.59814453 -7.22038923
39 -707.59893799 -7.22039733
40 -707.60034180 -7.22041165
