0 -619.14038086 -6.58659980
1 -617.75640869 -6.57187669
2 -615.53039551 -6.54819570
3 -613.72729492 -6.52901378
4 -613.33898926 -6.52488286
5 -611.45941162 -6.50488736
6 -611.52740479 -6.50561069
7 -610.27502441 -6.49228749
8 -610.33758545 -6.49295304
9 -608.85186768 -6.47714753
10 -608.57073975 -6.47415681
11 -605.98358154 -6.44663385
12 -604.68023682 -6.43276848
13 -604.95648193 -6.43570725
14 -603.91253662 -6.42460145
15 -602.53735352 -6.40997185
16 -601.78710938 -6.40199053
17 -600.35882568 -6.38679602
18 -602.74530029 -6.41218405
19 -602.83288574 -6.41311581
20 -603.18469238 -6.41685843
21 -602.35601807 -6.40804275
22 -601.33270264 -6.39715641
23 -601.76031494 -6.40170548
24 -601.62274170 -6.40024193
25 -600.68261719 -6.39024061
26 -599.45788574 -6.37721155
27 -598.45227051 -6.36651352
28 -597.58062744 -6.35724072
29 -595.22723389 -6.33220462
30 -594.66485596 -6.32622187
31 -593.94000244 -6.31851066
32 -594.23315430 -6.32162930
33 -595.67254639 -6.33694198
34 -596.06561279 -6.34112354
35 -594.71783447 -6.32678547
36 -593.27722168 -6.31145981
37 -591.79486084 -6.29569001
38 -589.80419922 -6.27451276
39 -589.19964600 -6.26808134
40 -589.55578613 -6.27187007
41 -589.47528076 -6.27101363
42 -590.09460449 -6.27760218
43 -591.44885254 -6.29200907
44 -591.82336426 -6.29599324
45 -591.69848633 -6.29466475
46 -589.89599609 -6.27548932
47 -589.82543945 -6.27473872
48 -588.99047852 -6.26585615
49 -589.46685791 -6.27092402
50 -588.35876465 -6.25913579
51 -588.11602783 -6.25655349
52 -585.88336182 -6.23280172
53 -584.81225586 -6.22140698
54 -584.13232422 -6.21417366
55 -583.11798096 -6.20338278
56 -582.62707520 -6.19816037
57 -580.85876465 -6.17934856
58 -577.89599609 -6.14782975
59 -577.09362793 -6.13929391
60 -575.76318359 -6.12514025
61 -573.89959717 -6.10531486
62 -574.30322266 -6.10960875
63 -571.71453857 -6.08206956
64 -570.68640137 -6.07113193
65 -569.98107910 -6.06362850
66 -566.87554932 -6.03059095
67 -565.76147461 -6.01873909
68 -564.97698975 -6.01039351
69 -565.21618652 -6.01293815
70 -563.73773193 -5.99720991
71 -563.26239014 -5.99215309
72 -562.55181885 -5.98459382
73 -562.53784180 -5.98444513
74 -560.98016357 -5.96787408
75 -561.03222656 -5.96842794
76 -559.61151123 -5.95331395
77 -559.63781738 -5.95359380
78 -556.28643799 -5.91794083
79 -556.31176758 -5.91821029
80 -554.29302979 -5.89673436
81 -552.15899658 -5.87403188
82 -550.54516602 -5.85686347
83 -549.25903320 -5.84318120
84 -548.46795654 -5.83476550
85 -547.58026123 -5.82532193
86 -547.00256348 -5.81917621
87 -547.14575195 -5.82069949
88 -548.58245850 -5.83598360
89 -545.84289551 -5.80683931
90 -545.53833008 -5.80359926
91 -542.90759277 -5.77561269
92 -543.28796387 -5.77965919
93 -541.70214844 -5.76278881
94 -540.65142822 -5.75161094
95 -538.41729736 -5.72784359
96 -539.33782959 -5.73763648
97 -539.43151855 -5.73863318
98 -538.57305908 -5.72950063
99 -535.32226562 -5.69491772
100 -534.57110596 -5.68692666
101 -534.98687744 -5.69134976
102 -534.66577148 -5.68793374
103 -534.79663086 -5.68932586
104 -532.81451416 -5.66823951
105 -529.72259521 -5.63534676
106 -530.65631104 -5.64527990
107 -529.30969238 -5.63095417
108 -529.99652100 -5.63826086
109 -530.24383545 -5.64089187
110 -530.06884766 -5.63903029
111 -531.10711670 -5.65007571
112 -530.85192871 -5.64736094
113 -530.18743896 -5.64029190
114 -528.55413818 -5.62291636
115 -527.51672363 -5.61188004
116 -528.68664551 -5.62432602
117 -529.29150391 -5.63076068
118 -529.73461914 -5.63547467
119 -527.21899414 -5.60871270
120 -526.18347168 -5.59769651
121 -526.91119385 -5.60543823
122 -527.04486084 -5.60686022
123 -527.36547852 -5.61027105
124 -526.77697754 -5.60401040
125 -525.39862061 -5.58934703
126 -526.58569336 -5.60197546
