0 -654.02380371 -6.81274796
1 -654.05249023 -6.81304677
2 -654.06726074 -6.81320063
3 -654.07647705 -6.81329664
4 -654.08343506 -6.81336912
5 -654.08825684 -6.81341934
6 -654.09185791 -6.81345685
7 -654.09515381 -6.81349119
8 -654.09844971 -6.81352552
9 -654.10131836 -6.81355540
10 -654.10339355 -6.81357702
11 -654.10583496 -6.81360245
12 -654.10766602 -6.81362152
13 -654.10955811 -6.81364123
14 -654.11132812 -6.81365967
15 -654.11230469 -6.81366984
16 -654.11401367 -6.81368764
17 -654.11535645 -6.81370163
18 -654.11639404 -6.81371244
19 -654.11779785 -6.81372706
20 -654.11871338 -6.81373660
21 -654.12023926 -6.81375249
