0 -708.54931641 -6.68442751
1 -708.53869629 -6.68432732
2 -708.52099609 -6.68416034
3 -708.49871826 -6.68395017
4 -708.48748779 -6.68384422
5 -708.47155762 -6.68369394
6 -708.44781494 -6.68346995
7 -708.42901611 -6.68329260
8 -708.40246582 -6.68304213
9 -708.36828613 -6.68271968
10 -708.34332275 -6.68248418
11 -708.30261230 -6.68210012
12 -708.27600098 -6.68184907
13 -708.23706055 -6.68148170
14 -708.20153809 -6.68114659
15 -708.13061523 -6.68047750
16 -708.09136963 -6.68010726
17 -708.05499268 -6.67976408
18 -708.01367188 -6.67937426
19 -707.92834473 -6.67856929
20 -707.86346436 -6.67795721
21 -707.81573486 -6.67750693
22 -707.78594971 -6.67722594
23 -707.77740479 -6.67714533
24 -707.75665283 -6.67694956
25 -707.67626953 -6.67619122
26 -707.60510254 -6.67551984
27 -707.50408936 -6.67456688
28 -707.44464111 -6.67400605
29 -707.38452148 -6.67343888
30 -707.32141113 -6.67284350
31 -707.23077393 -6.67198843
32 -707.10302734 -6.67078328
33 -707.08166504 -6.67058175
34 -706.97888184 -6.66961209
35 -706.89849854 -6.66885376
36 -706.82543945 -6.66816452
37 -706.67883301 -6.66678144
38 -706.54895020 -6.66555613
39 -706.46081543 -6.66472467
40 -706.34606934 -6.66364216
41 -706.25146484 -6.66274967
42 -706.20220947 -6.66228500
43 -706.08648682 -6.66119327
44 -706.04852295 -6.66083512
45 -705.94830322 -6.65988965
46 -705.83105469 -6.65878353
47 -705.71630859 -6.65770102
48 -705.61791992 -6.65677283
49 -705.51177979 -6.65577151
50 -705.37268066 -6.65445925
51 -705.23815918 -6.65319018
52 -705.12054443 -6.65208061
53 -704.89892578 -6.64998987
54 -704.74578857 -6.64854518
55 -704.62286377 -6.64738551
56 -704.44451904 -6.64570301
57 -704.24365234 -6.64380804
58 -704.09240723 -6.64238120
59 -703.90606689 -6.64062327
60 -703.79412842 -6.63956725
61 -703.68872070 -6.63857284
62 -703.56402588 -6.63739647
63 -703.33343506 -6.63522109
64 -703.16674805 -6.63364857
65 -703.01708984 -6.63223670
66 -702.90905762 -6.63121752
67 -702.74090576 -6.62963119
68 -702.52001953 -6.62754735
69 -702.37976074 -6.62622416
70 -702.21441650 -6.62466431
71 -701.94018555 -6.62207722
72 -701.72680664 -6.62006421
73 -701.48645020 -6.61779670
74 -701.15277100 -6.61464878
75 -700.91387939 -6.61239509
76 -700.74029541 -6.61075750
77 -700.39117432 -6.60746391
78 -700.15698242 -6.60525455
79 -699.93115234 -6.60312408
80 -699.61633301 -6.60015408
81 -699.34204102 -6.59756642
82 -699.06951904 -6.59499546
83 -698.74310303 -6.59191607
84 -698.48645020 -6.58949481
85 -698.12750244 -6.58610851
86 -697.90338135 -6.58399416
87 -697.51922607 -6.58037006
88 -697.25360107 -6.57786416
89 -696.97137451 -6.57520165
90 -696.65899658 -6.57225468
91 -696.56024170 -6.57132303
92 -696.27679443 -6.56864900
93 -695.94299316 -6.56549994
94 -695.59729004 -6.56223859
95 -695.22674561 -6.55874288
96 -694.82232666 -6.55492761
97 -694.31890869 -6.55017838
98 -694.06762695 -6.54780780
99 -693.67950439 -6.54414627
100 -693.16632080 -6.53930491
101 -692.82122803 -6.53604932
102 -692.32232666 -6.53134270
103 -691.90747070 -6.52742897
104 -691.60174561 -6.52454477
105 -691.15100098 -6.52029246
106 -690.62072754 -6.51528988
107 -690.35168457 -6.51275174
108 -689.94207764 -6.50888752
109 -689.45544434 -6.50429664
110 -688.90832520 -6.49913514
111 -688.32476807 -6.49362989
112 -687.92749023 -6.48988198
113 -687.35577393 -6.48448843
114 -686.89318848 -6.48012442
115 -686.31988525 -6.47471590
116 -685.85693359 -6.47034843
117 -685.39739990 -6.46601321
118 -684.94927979 -6.46178566
119 -684.61499023 -6.45863198
120 -684.12707520 -6.45402901
121 -683.69427490 -6.44994599
122 -683.30395508 -6.44626373
123 -682.79382324 -6.44145116
124 -682.25311279 -6.43635012
125 -681.81744385 -6.43224004
126 -681.44061279 -6.42868503
127 -681.10754395 -6.42554287
128 -680.77191162 -6.42237652
129 -680.25402832 -6.41749083
130 -679.75573730 -6.41278997
131 -679.32714844 -6.40874668
132 -678.88549805 -6.40458017
133 -678.32287598 -6.39927241
134 -677.67999268 -6.39320748
135 -677.09796143 -6.38771662
136 -676.65631104 -6.38355010
137 -676.03106689 -6.37765157
138 -675.33892822 -6.37112196
139 -674.80407715 -6.36607620
140 -674.25305176 -6.36087785
141 -674.01745605 -6.35865525
142 -673.38281250 -6.35266804
143 -672.81097412 -6.34727334
144 -672.28393555 -6.34230128
145 -671.66101074 -6.33642463
146 -671.19683838 -6.33204565
147 -670.74664307 -6.32779852
148 -670.26232910 -6.32322952
149 -669.80041504 -6.31887184
150 -669.37792969 -6.31488613
151 -668.88067627 -6.31019506
152 -668.45715332 -6.30619956
153 -668.08245850 -6.30266470
154 -667.78424072 -6.29985133
155 -667.38879395 -6.29612070
156 -666.95288086 -6.29200831
157 -666.45550537 -6.28731609
158 -665.75177002 -6.28067708
159 -665.11566162 -6.27467605
160 -664.55657959 -6.26940169
161 -663.78222656 -6.26209648
162 -662.92407227 -6.25400068
163 -662.08691406 -6.24610296
164 -661.19018555 -6.23764326
165 -660.65509033 -6.23259519
166 -659.62109375 -6.22284051
167 -658.51269531 -6.21238392
168 -658.11596680 -6.20864120
169 -657.35833740 -6.20149375
170 -656.95214844 -6.19766178
171 -656.08294678 -6.18946176
172 -655.61846924 -6.18507990
173 -655.09906006 -6.18017981
174 -654.48498535 -6.17438665
175 -653.77917480 -6.16772806
176 -652.84564209 -6.15892115
177 -652.48413086 -6.15551067
178 -651.84454346 -6.14947683
179 -651.23767090 -6.14375161
180 -650.72485352 -6.13891371
181 -649.94848633 -6.13158949
182 -648.88787842 -6.12158376
183 -647.85559082 -6.11184520
184 -647.10595703 -6.10477318
185 -646.25091553 -6.09670675
186 -645.34271240 -6.08813880
187 -644.80944824 -6.08310800
188 -644.26312256 -6.07795399
189 -643.57781982 -6.07148887
190 -642.88677979 -6.06496962
191 -641.81390381 -6.05484815
192 -640.85937500 -6.04584316
193 -640.25781250 -6.04016804
194 -639.37396240 -6.03182983
195 -638.25543213 -6.02127766
196 -637.39520264 -6.01316229
197 -636.22149658 -6.00208959
198 -635.44696045 -5.99478265
199 -634.18334961 -5.98286179
200 -633.21887207 -5.97376294
201 -632.43774414 -5.96639381
202 -631.60650635 -5.95855195
203 -630.83618164 -5.95128473
204 -629.85064697 -5.94198724
205 -628.90844727 -5.93309856
206 -628.08569336 -5.92533673
207 -627.09710693 -5.91601044
208 -626.57861328 -5.91111899
209 -625.33172607 -5.89935591
210 -624.49365234 -5.89144955
211 -623.82482910 -5.88513990
212 -622.93212891 -5.87671820
213 -621.80017090 -5.86603935
214 -620.89410400 -5.85749155
215 -620.07739258 -5.84978672
216 -619.11010742 -5.84066139
217 -618.00830078 -5.83026699
218 -616.91162109 -5.81992095
219 -616.06726074 -5.81195529
220 -615.07135010 -5.80255991
221 -614.24102783 -5.79472668
222 -613.80297852 -5.79059414
223 -612.92016602 -5.78226572
224 -611.93182373 -5.77294173
225 -610.42169189 -5.75869521
226 -609.17395020 -5.74692406
227 -608.20794678 -5.73781082
228 -607.55810547 -5.73168024
229 -606.68371582 -5.72343128
230 -605.32159424 -5.71058108
231 -603.98437500 -5.69796580
232 -603.09405518 -5.68956656
233 -602.02069092 -5.67944048
234 -601.59332275 -5.67540871
235 -600.82971191 -5.66820483
236 -600.52154541 -5.66529760
237 -600.12500000 -5.66155660
238 -598.90393066 -5.65003708
239 -598.10345459 -5.64248542
240 -597.72528076 -5.63891774
241 -596.33337402 -5.62578655
242 -595.64367676 -5.61927997
243 -594.96856689 -5.61291101
244 -593.64782715 -5.60045120
245 -592.68273926 -5.59134660
246 -591.10992432 -5.57650872
247 -590.20385742 -5.56796092
248 -589.29205322 -5.55935899
249 -589.00238037 -5.55662623
250 -587.08197021 -5.53850915
251 -586.43389893 -5.53239527
252 -585.01129150 -5.51897445
253 -584.35864258 -5.51281738
254 -582.55273438 -5.49578051
255 -581.12774658 -5.48233723
256 -579.54919434 -5.46744523
257 -578.04766846 -5.45327989
258 -576.61743164 -5.43978709
259 -575.76043701 -5.43170224
260 -574.79333496 -5.42257863
261 -573.17395020 -5.40730142
262 -571.99267578 -5.39615732
263 -570.56457520 -5.38268467
264 -569.52642822 -5.37289083
265 -567.79418945 -5.35654896
266 -566.83074951 -5.34745990
267 -565.99847412 -5.33960825
268 -565.58520508 -5.33570948
269 -563.96319580 -5.32040751
270 -562.23834229 -5.30413530
271 -560.58044434 -5.28849476
272 -558.68353271 -5.27059937
273 -557.42529297 -5.25872918
274 -556.15069580 -5.24670468
275 -554.43981934 -5.23056433
276 -553.04443359 -5.21740032
277 -551.15289307 -5.19955559
278 -549.48297119 -5.18380162
279 -548.23327637 -5.17201204
280 -547.21142578 -5.16237194
281 -545.71435547 -5.14824864
282 -543.89910889 -5.13112367
283 -542.78527832 -5.12061583
284 -540.82073975 -5.10208245
285 -539.79882812 -5.09244177
286 -538.94921875 -5.08442659
287 -538.08496094 -5.07627322
288 -535.64422607 -5.05324742
289 -533.46466064 -5.03268548
290 -532.34197998 -5.02209415
291 -530.93878174 -5.00885643
292 -530.41180420 -5.00388495
293 -529.06408691 -4.99117063
294 -527.70928955 -4.97838952
295 -526.91223145 -4.97087011
296 -525.38317871 -4.95644508
297 -524.50482178 -4.94815870
298 -523.30126953 -4.93680443
299 -522.13146973 -4.92576858
300 -521.22131348 -4.91718220
301 -519.70092773 -4.90283894
302 -518.96887207 -4.89593276
303 -516.68951416 -4.87442938
304 -515.70037842 -4.86509791
305 -513.74346924 -4.84663650
306 -511.53070068 -4.82576133
307 -509.96313477 -4.81097297
308 -508.24450684 -4.79475950
309 -506.81469727 -4.78127073
310 -504.81390381 -4.76239532
311 -503.06628418 -4.74590834
