0 -681.42297363 -7.57136637
1 -681.46234131 -7.57180379
2 -681.49218750 -7.57213542
3 -681.51391602 -7.57237684
4 -681.53509521 -7.57261217
5 -681.55377197 -7.57281969
6 -681.57080078 -7.57300890
7 -681.58703613 -7.57318929
8 -681.60290527 -7.57336561
9 -681.61706543 -7.57352295
10 -681.63104248 -7.57367825
11 -681.64385986 -7.57382067
12 -681.65631104 -7.57395901
13 -681.66778564 -7.57408651
14 -681.67950439 -7.57421672
15 -681.69116211 -7.57434625
16 -681.70361328 -7.57448459
17 -681.71368408 -7.57459649
18 -681.72448730 -7.57471653
19 -681.73419189 -7.57482435
20 -681.74426270 -7.57493625
21 -681.75207520 -7.57502306
22 -681.75964355 -7.57510715
23 -681.76818848 -7.57520209
24 -681.77655029 -7.57529500
25 -681.78552246 -7.57539469
26 -681.79376221 -7.57548625
27 -681.80120850 -7.57556898
28 -681.81103516 -7.57567817
29 -681.81762695 -7.57575141
30 -681.82464600 -7.57582940
31 -681.83178711 -7.57590875
32 -681.83905029 -7.57598945
33 -681.84631348 -7.57607015
34 -681.85369873 -7.57615221
35 -681.86071777 -7.57623020
36 -681.86706543 -7.57630073
37 -681.87304688 -7.57636719
38 -681.88018799 -7.57644653
39 -681.88665771 -7.57651842
40 -681.89166260 -7.57657403
41 -681.89727783 -7.57663642
42 -681.90252686 -7.57669474
43 -681.90740967 -7.57674900
44 -681.91436768 -7.57682631
45 -681.91992188 -7.57688802
46 -681.92492676 -7.57694363
47 -681.93035889 -7.57700399
48 -681.93572998 -7.57706367
49 -681.93890381 -7.57709893
50 -681.94476318 -7.57716404
51 -681.94848633 -7.57720540
52 -681.95166016 -7.57724067
53 -681.95654297 -7.57729492
54 -681.96020508 -7.57733561
55 -681.96661377 -7.57740682
56 -681.96997070 -7.57744412
57 -681.97479248 -7.57749769
58 -681.97796631 -7.57753296
59 -681.98181152 -7.57757568
60 -681.98583984 -7.57762044
61 -681.98962402 -7.57766249
62 -681.99523926 -7.57772488
63 -681.99645996 -7.57773844
64 -682.00115967 -7.57779066
65 -682.00445557 -7.57782728
66 -682.00854492 -7.57787272
67 -682.01104736 -7.57790053
68 -682.01501465 -7.57794461
69 -682.01806641 -7.57797852
70 -682.01916504 -7.57799072
71 -682.02380371 -7.57804226
72 -682.02593994 -7.57806600
73 -682.03015137 -7.57811279
74 -682.03436279 -7.57815959
75 -682.03436279 -7.57815959
76 -682.03875732 -7.57820841
77 -682.03765869 -7.57819621
78 -682.04266357 -7.57825182
79 -682.04510498 -7.57827894
80 -682.04675293 -7.57829725
81 -682.05059814 -7.57833998
82 -682.05059814 -7.57833998
83 -682.05468750 -7.57838542
84 -682.05590820 -7.57839898
85 -682.05798340 -7.57842204
86 -682.06048584 -7.57844984
87 -682.06188965 -7.57846544
88 -682.06463623 -7.57849596
89 -682.06738281 -7.57852648
90 -682.06927490 -7.57854750
91 -682.07135010 -7.57857056
92 -682.07299805 -7.57858887
93 -682.07293701 -7.57858819
94 -682.07653809 -7.57862820
95 -682.07684326 -7.57863159
96 -682.07855225 -7.57865058
97 -682.08013916 -7.57866821
98 -682.08166504 -7.57868517
99 -682.08428955 -7.57871433
100 -682.08526611 -7.57872518
101 -682.08605957 -7.57873400
102 -682.08825684 -7.57875841
103 -682.09033203 -7.57878147
104 -682.09179688 -7.57879774
105 -682.09393311 -7.57882148
106 -682.09393311 -7.57882148
107 -682.09588623 -7.57884318
108 -682.09881592 -7.57887573
109 -682.09863281 -7.57887370
110 -682.09997559 -7.57888862
111 -682.10235596 -7.57891507
112 -682.10284424 -7.57892049
113 -682.10491943 -7.57894355
114 -682.10455322 -7.57893948
115 -682.10711670 -7.57896796
116 -682.10754395 -7.57897271
117 -682.10906982 -7.57898966
118 -682.11096191 -7.57901069
119 -682.11071777 -7.57900798
120 -682.11267090 -7.57902968
121 -682.11352539 -7.57903917
122 -682.11602783 -7.57906698
123 -682.11614990 -7.57906833
124 -682.11871338 -7.57909682
125 -682.11987305 -7.57910970
126 -682.12042236 -7.57911580
127 -682.12097168 -7.57912191
128 -682.12322998 -7.57914700
129 -682.12310791 -7.57914564
130 -682.12310791 -7.57914564
131 -682.12542725 -7.57917141
132 -682.12603760 -7.57917820
133 -682.12609863 -7.57917887
134 -682.12719727 -7.57919108
135 -682.12707520 -7.57918972
136 -682.12835693 -7.57920397
137 -682.12890625 -7.57921007
138 -682.13037109 -7.57922635
139 -682.13000488 -7.57922228
140 -682.13165283 -7.57924059
141 -682.13250732 -7.57925008
142 -682.13214111 -7.57924601
143 -682.13372803 -7.57926364
144 -682.13482666 -7.57927585
145 -682.13574219 -7.57928602
146 -682.13604736 -7.57928942
147 -682.13641357 -7.57929348
148 -682.13726807 -7.57930298
149 -682.13812256 -7.57931247
150 -682.13787842 -7.57930976
151 -682.13854980 -7.57931722
152 -682.13940430 -7.57932671
153 -682.14019775 -7.57933553
154 -682.14154053 -7.57935045
155 -682.14239502 -7.57935994
156 -682.14318848 -7.57936876
157 -682.14245605 -7.57936062
158 -682.14379883 -7.57937554
159 -682.14508057 -7.57938978
160 -682.14257812 -7.57936198
161 -682.14581299 -7.57939792
162 -682.14666748 -7.57940742
163 -682.14654541 -7.57940606
164 -682.14819336 -7.57942437
165 -682.14996338 -7.57944404
166 -682.15087891 -7.57945421
167 -682.15142822 -7.57946031
168 -682.15179443 -7.57946438
169 -682.15252686 -7.57947252
170 -682.15338135 -7.57948201
171 -682.15509033 -7.57950100
172 -682.15612793 -7.57951253
173 -682.15649414 -7.57951660
174 -682.15747070 -7.57952745
175 -682.15722656 -7.57952474
176 -682.15759277 -7.57952881
177 -682.15832520 -7.57953695
178 -682.15960693 -7.57955119
179 -682.16076660 -7.57956407
180 -682.16210938 -7.57957899
181 -682.16241455 -7.57958238
182 -682.16339111 -7.57959323
183 -682.16461182 -7.57960680
184 -682.16491699 -7.57961019
185 -682.16406250 -7.57960069
186 -682.16680908 -7.57963121
187 -682.16717529 -7.57963528
188 -682.16857910 -7.57965088
189 -682.16900635 -7.57965563
190 -682.17077637 -7.57967529
191 -682.17156982 -7.57968411
192 -682.17327881 -7.57970310
193 -682.17321777 -7.57970242
194 -682.17407227 -7.57971191
195 -682.17517090 -7.57972412
196 -682.17663574 -7.57974040
197 -682.17675781 -7.57974175
198 -682.17858887 -7.57976210
199 -682.17907715 -7.57976752
200 -682.18078613 -7.57978651
201 -682.18115234 -7.57979058
202 -682.18255615 -7.57980618
203 -682.18133545 -7.57979262
204 -682.18377686 -7.57981974
205 -682.18475342 -7.57983059
206 -682.18572998 -7.57984144
207 -682.18707275 -7.57985636
208 -682.18829346 -7.57986993
209 -682.18847656 -7.57987196
210 -682.18896484 -7.57987739
211 -682.18957520 -7.57988417
212 -682.19049072 -7.57989434
213 -682.18963623 -7.57988485
214 -682.19097900 -7.57989977
215 -682.19207764 -7.57991197
216 -682.19073486 -7.57989705
217 -682.19189453 -7.57990994
218 -682.19189453 -7.57990994
219 -682.19384766 -7.57993164
220 -682.19244385 -7.57991604
221 -682.19433594 -7.57993707
222 -682.19409180 -7.57993435
223 -682.19366455 -7.57992961
224 -682.19519043 -7.57994656
225 -682.19531250 -7.57994792
226 -682.19598389 -7.57995538
227 -682.19750977 -7.57997233
228 -682.19781494 -7.57997572
229 -682.19775391 -7.57997504
230 -682.19927979 -7.57999200
231 -682.20062256 -7.58000692
232 -682.20037842 -7.58000420
233 -682.20123291 -7.58001370
234 -682.20275879 -7.58003065
235 -682.20233154 -7.58002591
236 -682.20428467 -7.58004761
237 -682.20391846 -7.58004354
238 -682.20483398 -7.58005371
239 -682.20465088 -7.58005168
240 -682.20465088 -7.58005168
241 -682.20465088 -7.58005168
242 -682.20654297 -7.58007270
243 -682.20458984 -7.58005100
244 -682.20770264 -7.58008558
245 -682.20587158 -7.58006524
246 -682.20849609 -7.58009440
247 -682.20904541 -7.58010050
248 -682.20861816 -7.58009576
249 -682.20941162 -7.58010457
250 -682.21142578 -7.58012695
251 -682.21093750 -7.58012153
252 -682.21124268 -7.58012492
253 -682.21228027 -7.58013645
254 -682.21185303 -7.58013170
255 -682.21289062 -7.58014323
256 -682.21386719 -7.58015408
257 -682.21405029 -7.58015611
258 -682.21362305 -7.58015137
259 -682.21411133 -7.58015679
260 -682.21630859 -7.58018121
261 -682.21398926 -7.58015544
262 -682.21740723 -7.58019341
263 -682.21685791 -7.58018731
264 -682.21789551 -7.58019884
265 -682.21710205 -7.58019002
266 -682.21569824 -7.58017442
267 -682.21875000 -7.58020833
268 -682.21765137 -7.58019613
269 -682.21801758 -7.58020020
270 -682.21875000 -7.58020833
271 -682.21771240 -7.58019680
272 -682.21820068 -7.58020223
273 -682.21691895 -7.58018799
274 -682.21887207 -7.58020969
275 -682.21856689 -7.58020630
276 -682.21923828 -7.58021376
277 -682.22045898 -7.58022732
278 -682.22076416 -7.58023071
279 -682.21984863 -7.58022054
280 -682.22064209 -7.58022936
281 -682.22045898 -7.58022732
282 -682.21990967 -7.58022122
283 -682.22094727 -7.58023275
284 -682.22039795 -7.58022664
285 -682.22155762 -7.58023953
286 -682.22027588 -7.58022529
287 -682.22216797 -7.58024631
288 -682.22143555 -7.58023817
289 -682.22271729 -7.58025241
290 -682.22351074 -7.58026123
291 -682.22375488 -7.58026394
292 -682.22430420 -7.58027005
293 -682.22296143 -7.58025513
294 -682.22558594 -7.58028429
295 -682.22473145 -7.58027479
296 -682.22558594 -7.58028429
297 -682.22570801 -7.58028564
298 -682.22595215 -7.58028836
299 -682.22698975 -7.58029989
300 -682.22680664 -7.58029785
301 -682.22686768 -7.58029853
302 -682.22778320 -7.58030870
303 -682.22674561 -7.58029717
304 -682.22857666 -7.58031752
305 -682.22937012 -7.58032633
306 -682.22979736 -7.58033108
307 -682.23016357 -7.58033515
308 -682.23101807 -7.58034465
309 -682.23187256 -7.58035414
310 -682.23223877 -7.58035821
311 -682.23223877 -7.58035821
312 -682.23242188 -7.58036024
313 -682.23382568 -7.58037584
314 -682.23443604 -7.58038262
315 -682.23547363 -7.58039415
316 -682.23620605 -7.58040229
317 -682.23693848 -7.58041043
318 -682.23663330 -7.58040704
319 -682.23724365 -7.58041382
320 -682.23785400 -7.58042060
321 -682.23864746 -7.58042942
322 -682.23919678 -7.58043552
323 -682.23950195 -7.58043891
324 -682.24108887 -7.58045654
325 -682.24139404 -7.58045993
326 -682.24114990 -7.58045722
327 -682.24163818 -7.58046265
328 -682.24359131 -7.58048435
329 -682.24346924 -7.58048299
330 -682.24395752 -7.58048842
331 -682.24456787 -7.58049520
332 -682.24334717 -7.58048164
333 -682.24743652 -7.58052707
334 -682.24572754 -7.58050808
335 -682.24786377 -7.58053182
336 -682.24859619 -7.58053996
337 -682.24719238 -7.58052436
338 -682.24865723 -7.58054064
339 -682.24920654 -7.58054674
340 -682.24822998 -7.58053589
341 -682.25042725 -7.58056030
342 -682.25030518 -7.58055895
343 -682.25128174 -7.58056980
344 -682.25177002 -7.58057522
345 -682.25006104 -7.58055623
346 -682.25195312 -7.58057726
347 -682.25183105 -7.58057590
348 -682.25195312 -7.58057726
349 -682.25225830 -7.58058065
350 -682.25073242 -7.58056369
351 -682.25244141 -7.58058268
352 -682.25329590 -7.58059218
353 -682.25183105 -7.58057590
354 -682.25299072 -7.58058879
355 -682.25451660 -7.58060574
356 -682.25286865 -7.58058743
357 -682.25341797 -7.58059353
358 -682.25567627 -7.58061863
359 -682.25469971 -7.58060777
360 -682.25659180 -7.58062880
361 -682.25555420 -7.58061727
362 -682.25616455 -7.58062405
363 -682.25616455 -7.58062405
364 -682.25598145 -7.58062202
365 -682.25744629 -7.58063829
366 -682.25787354 -7.58064304
367 -682.25854492 -7.58065050
368 -682.25903320 -7.58065592
369 -682.25927734 -7.58065864
370 -682.26049805 -7.58067220
371 -682.26202393 -7.58068915
372 -682.26135254 -7.58068169
373 -682.26098633 -7.58067763
374 -682.26232910 -7.58069255
375 -682.26293945 -7.58069933
376 -682.26190186 -7.58068780
377 -682.26165771 -7.58068509
378 -682.26214600 -7.58069051
379 -682.26263428 -7.58069594
380 -682.26446533 -7.58071628
381 -682.26422119 -7.58071357
382 -682.26458740 -7.58071764
383 -682.26428223 -7.58071425
384 -682.26422119 -7.58071357
385 -682.26452637 -7.58071696
386 -682.26544189 -7.58072713
387 -682.26635742 -7.58073730
388 -682.26715088 -7.58074612
389 -682.26751709 -7.58075019
390 -682.26776123 -7.58075290
391 -682.26739502 -7.58074883
392 -682.26757812 -7.58075087
393 -682.26763916 -7.58075155
394 -682.26898193 -7.58076647
395 -682.26776123 -7.58075290
396 -682.26928711 -7.58076986
397 -682.26739502 -7.58074883
398 -682.26965332 -7.58077393
399 -682.26947021 -7.58077189
400 -682.26898193 -7.58076647
401 -682.27032471 -7.58078139
402 -682.27178955 -7.58079766
403 -682.26959229 -7.58077325
404 -682.27252197 -7.58080580
405 -682.27124023 -7.58079156
406 -682.27233887 -7.58080377
407 -682.27276611 -7.58080851
408 -682.27355957 -7.58081733
409 -682.27429199 -7.58082547
410 -682.27416992 -7.58082411
411 -682.27447510 -7.58082750
412 -682.27441406 -7.58082682
413 -682.27606201 -7.58084513
414 -682.27545166 -7.58083835
415 -682.27545166 -7.58083835
416 -682.27752686 -7.58086141
417 -682.27587891 -7.58084310
418 -682.27722168 -7.58085802
419 -682.27648926 -7.58084988
420 -682.27526855 -7.58083632
421 -682.27862549 -7.58087362
422 -682.27874756 -7.58087497
423 -682.27819824 -7.58086887
424 -682.27960205 -7.58088447
425 -682.27972412 -7.58088582
426 -682.27832031 -7.58087023
427 -682.28131104 -7.58090346
428 -682.27996826 -7.58088854
429 -682.28106689 -7.58090074
430 -682.28283691 -7.58092041
431 -682.28302002 -7.58092244
432 -682.28314209 -7.58092380
433 -682.28411865 -7.58093465
434 -682.28497314 -7.58094415
435 -682.28405762 -7.58093397
436 -682.28363037 -7.58092923
437 -682.28533936 -7.58094822
438 -682.28540039 -7.58094889
439 -682.28491211 -7.58094347
440 -682.28656006 -7.58096178
441 -682.28594971 -7.58095500
442 -682.28668213 -7.58096313
443 -682.28790283 -7.58097670
444 -682.28662109 -7.58096246
445 -682.28875732 -7.58098619
446 -682.28839111 -7.58098212
447 -682.28851318 -7.58098348
448 -682.29016113 -7.58100179
449 -682.28881836 -7.58098687
450 -682.28924561 -7.58099162
451 -682.29034424 -7.58100382
452 -682.29016113 -7.58100179
453 -682.29052734 -7.58100586
454 -682.29162598 -7.58101807
455 -682.29107666 -7.58101196
456 -682.29321289 -7.58103570
457 -682.29229736 -7.58102553
458 -682.29193115 -7.58102146
459 -682.29364014 -7.58104045
460 -682.29217529 -7.58102417
461 -682.29223633 -7.58102485
462 -682.29364014 -7.58104045
463 -682.29309082 -7.58103434
464 -682.29345703 -7.58103841
465 -682.29510498 -7.58105672
466 -682.29510498 -7.58105672
467 -682.29486084 -7.58105401
468 -682.29626465 -7.58106961
469 -682.29827881 -7.58109199
470 -682.29644775 -7.58107164
471 -682.29846191 -7.58109402
472 -682.29864502 -7.58109606
473 -682.29840088 -7.58109334
474 -682.29882812 -7.58109809
475 -682.29943848 -7.58110487
476 -682.30029297 -7.58111437
477 -682.29882812 -7.58109809
478 -682.29986572 -7.58110962
479 -682.29937744 -7.58110419
480 -682.30072021 -7.58111911
481 -682.30169678 -7.58112996
482 -682.30151367 -7.58112793
483 -682.30212402 -7.58113471
484 -682.30187988 -7.58113200
485 -682.30126953 -7.58112522
486 -682.30200195 -7.58113336
487 -682.30206299 -7.58113403
488 -682.30456543 -7.58116184
489 -682.30426025 -7.58115845
490 -682.30456543 -7.58116184
491 -682.30511475 -7.58116794
492 -682.30511475 -7.58116794
493 -682.30426025 -7.58115845
494 -682.30578613 -7.58117540
495 -682.30664062 -7.58118490
496 -682.30584717 -7.58117608
497 -682.30584717 -7.58117608
498 -682.30706787 -7.58118964
499 -682.30621338 -7.58118015
500 -682.30810547 -7.58120117
501 -682.30895996 -7.58121067
502 -682.30828857 -7.58120321
503 -682.30847168 -7.58120524
504 -682.30877686 -7.58120863
505 -682.30718994 -7.58119100
506 -682.30804443 -7.58120049
507 -682.30645752 -7.58118286
508 -682.30755615 -7.58119507
509 -682.30804443 -7.58120049
510 -682.30792236 -7.58119914
511 -682.30780029 -7.58119778
512 -682.30706787 -7.58118964
513 -682.30834961 -7.58120388
514 -682.30725098 -7.58119168
515 -682.30712891 -7.58119032
516 -682.30737305 -7.58119303
517 -682.30792236 -7.58119914
518 -682.30822754 -7.58120253
519 -682.30718994 -7.58119100
520 -682.30853271 -7.58120592
521 -682.30963135 -7.58121813
522 -682.30828857 -7.58120321
523 -682.30926514 -7.58121406
524 -682.30950928 -7.58121677
525 -682.30969238 -7.58121880
526 -682.31036377 -7.58122626
527 -682.30902100 -7.58121134
528 -682.30969238 -7.58121880
529 -682.31005859 -7.58122287
530 -682.30902100 -7.58121134
531 -682.30908203 -7.58121202
532 -682.31072998 -7.58123033
533 -682.30877686 -7.58120863
534 -682.31121826 -7.58123576
535 -682.31048584 -7.58122762
536 -682.31048584 -7.58122762
537 -682.31225586 -7.58124729
538 -682.31280518 -7.58125339
539 -682.31304932 -7.58125610
540 -682.31188965 -7.58124322
541 -682.31359863 -7.58126221
542 -682.31243896 -7.58124932
543 -682.31335449 -7.58125949
544 -682.31359863 -7.58126221
545 -682.31408691 -7.58126763
546 -682.31488037 -7.58127645
547 -682.31481934 -7.58127577
548 -682.31524658 -7.58128052
549 -682.31555176 -7.58128391
550 -682.31555176 -7.58128391
551 -682.31640625 -7.58129340
552 -682.31652832 -7.58129476
553 -682.31665039 -7.58129612
554 -682.31781006 -7.58130900
555 -682.31756592 -7.58130629
556 -682.31793213 -7.58131036
557 -682.31964111 -7.58132935
558 -682.31854248 -7.58131714
559 -682.31964111 -7.58132935
560 -682.31994629 -7.58133274
561 -682.31915283 -7.58132392
562 -682.32116699 -7.58134630
563 -682.32171631 -7.58135240
564 -682.32183838 -7.58135376
565 -682.32275391 -7.58136393
566 -682.32293701 -7.58136597
567 -682.32305908 -7.58136732
568 -682.32342529 -7.58137139
569 -682.32360840 -7.58137343
570 -682.32312012 -7.58136800
571 -682.32415771 -7.58137953
572 -682.32415771 -7.58137953
573 -682.32476807 -7.58138631
574 -682.32434082 -7.58138156
575 -682.32629395 -7.58140327
576 -682.32672119 -7.58140801
577 -682.32635498 -7.58140394
578 -682.32604980 -7.58140055
579 -682.32604980 -7.58140055
580 -682.32562256 -7.58139581
581 -682.32586670 -7.58139852
582 -682.32513428 -7.58139038
583 -682.32653809 -7.58140598
584 -682.32513428 -7.58139038
585 -682.32598877 -7.58139988
586 -682.32775879 -7.58141954
587 -682.32751465 -7.58141683
588 -682.32598877 -7.58139988
589 -682.32684326 -7.58140937
590 -682.32550049 -7.58139445
591 -682.32684326 -7.58140937
592 -682.32482910 -7.58138699
593 -682.32629395 -7.58140327
594 -682.32495117 -7.58138835
595 -682.32427979 -7.58138089
596 -682.32598877 -7.58139988
597 -682.32550049 -7.58139445
598 -682.32513428 -7.58139038
599 -682.32476807 -7.58138631
600 -682.32470703 -7.58138563
601 -682.32562256 -7.58139581
602 -682.32556152 -7.58139513
603 -682.32568359 -7.58139648
604 -682.32653809 -7.58140598
605 -682.32440186 -7.58138224
606 -682.32543945 -7.58139377
607 -682.32580566 -7.58139784
608 -682.32482910 -7.58138699
609 -682.32452393 -7.58138360
610 -682.32568359 -7.58139648
611 -682.32519531 -7.58139106
612 -682.32580566 -7.58139784
613 -682.32580566 -7.58139784
614 -682.32727051 -7.58141412
615 -682.32604980 -7.58140055
616 -682.32800293 -7.58142225
617 -682.32623291 -7.58140259
618 -682.32598877 -7.58139988
619 -682.32830811 -7.58142565
620 -682.32757568 -7.58141751
621 -682.32727051 -7.58141412
622 -682.32788086 -7.58142090
623 -682.32720947 -7.58141344
624 -682.32696533 -7.58141073
625 -682.32727051 -7.58141412
626 -682.32794189 -7.58142158
627 -682.32849121 -7.58142768
628 -682.32775879 -7.58141954
629 -682.32952881 -7.58143921
630 -682.32812500 -7.58142361
631 -682.33026123 -7.58144735
632 -682.32824707 -7.58142497
633 -682.32904053 -7.58143378
634 -682.33013916 -7.58144599
635 -682.32977295 -7.58144192
636 -682.33001709 -7.58144463
637 -682.32946777 -7.58143853
638 -682.33038330 -7.58144870
639 -682.32952881 -7.58143921
640 -682.32995605 -7.58144396
641 -682.33099365 -7.58145549
642 -682.33013916 -7.58144599
643 -682.33032227 -7.58144803
644 -682.33062744 -7.58145142
645 -682.33044434 -7.58144938
646 -682.33087158 -7.58145413
647 -682.33148193 -7.58146091
648 -682.33221436 -7.58146905
649 -682.33239746 -7.58147108
650 -682.33215332 -7.58146837
651 -682.33148193 -7.58146091
652 -682.33197021 -7.58146634
653 -682.33245850 -7.58147176
654 -682.33142090 -7.58146023
655 -682.33282471 -7.58147583
656 -682.33282471 -7.58147583
657 -682.33331299 -7.58148126
658 -682.33404541 -7.58148939
659 -682.33477783 -7.58149753
660 -682.33410645 -7.58149007
661 -682.33392334 -7.58148804
662 -682.33496094 -7.58149957
663 -682.33496094 -7.58149957
664 -682.33575439 -7.58150838
665 -682.33673096 -7.58151923
666 -682.33618164 -7.58151313
667 -682.33654785 -7.58151720
668 -682.33782959 -7.58153144
669 -682.33593750 -7.58151042
670 -682.33752441 -7.58152805
671 -682.33666992 -7.58151855
672 -682.33660889 -7.58151788
673 -682.33746338 -7.58152737
674 -682.33709717 -7.58152330
675 -682.33728027 -7.58152534
676 -682.33856201 -7.58153958
677 -682.33728027 -7.58152534
678 -682.33837891 -7.58153754
679 -682.33850098 -7.58153890
680 -682.33898926 -7.58154433
681 -682.33966064 -7.58155178
682 -682.33984375 -7.58155382
683 -682.33959961 -7.58155111
684 -682.33874512 -7.58154161
685 -682.33947754 -7.58154975
686 -682.33996582 -7.58155518
687 -682.33996582 -7.58155518
688 -682.33990479 -7.58155450
689 -682.34014893 -7.58155721
690 -682.34039307 -7.58155992
691 -682.34100342 -7.58156670
692 -682.34204102 -7.58157823
693 -682.34252930 -7.58158366
694 -682.34246826 -7.58158298
695 -682.34307861 -7.58158976
696 -682.34301758 -7.58158908
697 -682.34338379 -7.58159315
698 -682.34417725 -7.58160197
699 -682.34490967 -7.58161011
700 -682.34509277 -7.58161214
701 -682.34442139 -7.58160468
702 -682.34606934 -7.58162299
703 -682.34600830 -7.58162231
704 -682.34582520 -7.58162028
705 -682.34698486 -7.58163317
706 -682.34667969 -7.58162977
707 -682.34857178 -7.58165080
708 -682.34936523 -7.58165961
709 -682.34808350 -7.58164537
710 -682.34918213 -7.58165758
711 -682.34942627 -7.58166029
712 -682.35083008 -7.58167589
713 -682.35168457 -7.58168538
714 -682.35119629 -7.58167996
715 -682.35174561 -7.58168606
716 -682.35205078 -7.58168945
717 -682.35144043 -7.58168267
718 -682.35290527 -7.58169895
719 -682.35266113 -7.58169623
720 -682.35253906 -7.58169488
721 -682.35406494 -7.58171183
722 -682.35394287 -7.58171048
723 -682.35485840 -7.58172065
724 -682.35467529 -7.58171861
725 -682.35589600 -7.58173218
726 -682.35437012 -7.58171522
727 -682.35552979 -7.58172811
728 -682.35748291 -7.58174981
729 -682.35711670 -7.58174574
730 -682.35803223 -7.58175591
731 -682.35870361 -7.58176337
732 -682.35754395 -7.58175049
733 -682.35803223 -7.58175591
734 -682.35821533 -7.58175795
735 -682.35845947 -7.58176066
736 -682.35870361 -7.58176337
737 -682.35858154 -7.58176202
738 -682.36004639 -7.58177829
739 -682.35919189 -7.58176880
740 -682.36187744 -7.58179864
741 -682.36004639 -7.58177829
742 -682.36035156 -7.58178168
743 -682.36047363 -7.58178304
744 -682.36022949 -7.58178033
745 -682.36004639 -7.58177829
746 -682.36090088 -7.58178779
747 -682.36065674 -7.58178507
748 -682.36083984 -7.58178711
749 -682.36163330 -7.58179593
750 -682.36157227 -7.58179525
751 -682.36254883 -7.58180610
752 -682.36376953 -7.58181966
753 -682.36431885 -7.58182576
754 -682.36511230 -7.58183458
755 -682.36462402 -7.58182916
756 -682.36419678 -7.58182441
757 -682.36462402 -7.58182916
758 -682.36364746 -7.58181831
759 -682.36523438 -7.58183594
760 -682.36499023 -7.58183322
761 -682.36566162 -7.58184068
762 -682.36621094 -7.58184679
763 -682.36639404 -7.58184882
764 -682.36743164 -7.58186035
765 -682.36773682 -7.58186374
766 -682.36773682 -7.58186374
767 -682.36718750 -7.58185764
768 -682.36669922 -7.58185221
769 -682.36877441 -7.58187527
770 -682.36798096 -7.58186646
771 -682.36883545 -7.58187595
772 -682.37005615 -7.58188951
773 -682.37036133 -7.58189290
774 -682.37005615 -7.58188951
775 -682.37060547 -7.58189562
776 -682.37030029 -7.58189223
777 -682.37023926 -7.58189155
778 -682.37048340 -7.58189426
779 -682.37023926 -7.58189155
780 -682.37152100 -7.58190579
781 -682.37097168 -7.58189969
782 -682.37274170 -7.58191935
783 -682.37133789 -7.58190375
784 -682.37310791 -7.58192342
785 -682.37371826 -7.58193020
786 -682.37408447 -7.58193427
787 -682.37506104 -7.58194512
788 -682.37463379 -7.58194038
789 -682.37475586 -7.58194173
790 -682.37457275 -7.58193970
791 -682.37316895 -7.58192410
792 -682.37640381 -7.58196004
793 -682.37500000 -7.58194444
794 -682.37463379 -7.58194038
795 -682.37646484 -7.58196072
796 -682.37469482 -7.58194105
797 -682.37554932 -7.58195055
798 -682.37762451 -7.58197361
799 -682.37677002 -7.58196411
800 -682.37597656 -7.58195530
801 -682.37518311 -7.58194648
802 -682.37689209 -7.58196547
803 -682.37652588 -7.58196140
804 -682.37457275 -7.58193970
805 -682.37542725 -7.58194919
806 -682.37573242 -7.58195258
807 -682.37713623 -7.58196818
808 -682.37548828 -7.58194987
809 -682.37677002 -7.58196411
810 -682.37731934 -7.58197021
811 -682.37695312 -7.58196615
812 -682.37670898 -7.58196343
813 -682.37597656 -7.58195530
814 -682.37585449 -7.58195394
815 -682.37554932 -7.58195055
816 -682.37353516 -7.58192817
817 -682.37414551 -7.58193495
818 -682.37475586 -7.58194173
819 -682.37579346 -7.58195326
820 -682.37500000 -7.58194444
821 -682.37628174 -7.58195869
822 -682.37518311 -7.58194648
823 -682.37591553 -7.58195462
824 -682.37512207 -7.58194580
825 -682.37426758 -7.58193631
826 -682.37579346 -7.58195326
827 -682.37518311 -7.58194648
828 -682.37390137 -7.58193224
829 -682.37359619 -7.58192885
830 -682.37402344 -7.58193359
831 -682.37487793 -7.58194309
832 -682.37591553 -7.58195462
833 -682.37463379 -7.58194038
834 -682.37585449 -7.58195394
835 -682.37396240 -7.58193292
836 -682.37548828 -7.58194987
837 -682.37597656 -7.58195530
838 -682.37573242 -7.58195258
839 -682.37561035 -7.58195123
840 -682.37438965 -7.58193766
841 -682.37591553 -7.58195462
842 -682.37402344 -7.58193359
843 -682.37432861 -7.58193698
844 -682.37512207 -7.58194580
845 -682.37384033 -7.58193156
846 -682.37426758 -7.58193631
847 -682.37597656 -7.58195530
848 -682.37292480 -7.58192139
849 -682.37561035 -7.58195123
850 -682.37457275 -7.58193970
851 -682.37414551 -7.58193495
852 -682.37402344 -7.58193359
853 -682.37445068 -7.58193834
854 -682.37573242 -7.58195258
855 -682.37445068 -7.58193834
856 -682.37493896 -7.58194377
857 -682.37377930 -7.58193088
858 -682.37548828 -7.58194987
859 -682.37286377 -7.58192071
860 -682.37164307 -7.58190715
861 -682.37347412 -7.58192749
862 -682.37408447 -7.58193427
863 -682.37243652 -7.58191596
864 -682.37365723 -7.58192952
865 -682.37353516 -7.58192817
866 -682.37249756 -7.58191664
867 -682.37292480 -7.58192139
868 -682.37261963 -7.58191800
869 -682.37072754 -7.58189697
870 -682.37103271 -7.58190036
871 -682.36993408 -7.58188816
872 -682.36962891 -7.58188477
873 -682.36968994 -7.58188544
874 -682.36883545 -7.58187595
875 -682.36871338 -7.58187459
876 -682.36663818 -7.58185154
877 -682.36639404 -7.58184882
878 -682.36694336 -7.58185493
879 -682.36669922 -7.58185221
880 -682.36596680 -7.58184408
881 -682.36492920 -7.58183255
882 -682.36590576 -7.58184340
883 -682.36645508 -7.58184950
884 -682.36553955 -7.58183933
885 -682.36547852 -7.58183865
886 -682.36456299 -7.58182848
887 -682.36584473 -7.58184272
888 -682.36517334 -7.58183526
889 -682.36578369 -7.58184204
890 -682.36547852 -7.58183865
891 -682.36474609 -7.58183051
892 -682.36590576 -7.58184340
893 -682.36474609 -7.58183051
894 -682.36553955 -7.58183933
895 -682.36657715 -7.58185086
896 -682.36505127 -7.58183390
897 -682.36560059 -7.58184001
898 -682.36462402 -7.58182916
899 -682.36413574 -7.58182373
900 -682.36364746 -7.58181831
901 -682.36260986 -7.58180678
902 -682.36425781 -7.58182509
903 -682.36163330 -7.58179593
904 -682.36395264 -7.58182170
905 -682.36260986 -7.58180678
906 -682.36370850 -7.58181898
907 -682.36309814 -7.58181220
908 -682.36395264 -7.58182170
909 -682.36340332 -7.58181559
910 -682.36395264 -7.58182170
911 -682.36236572 -7.58180406
912 -682.36273193 -7.58180813
913 -682.36291504 -7.58181017
914 -682.36242676 -7.58180474
915 -682.36199951 -7.58179999
916 -682.36328125 -7.58181424
917 -682.36169434 -7.58179660
918 -682.36090088 -7.58178779
919 -682.36175537 -7.58179728
920 -682.36126709 -7.58179186
921 -682.36199951 -7.58179999
922 -682.36260986 -7.58180678
923 -682.36187744 -7.58179864
924 -682.36230469 -7.58180339
925 -682.36108398 -7.58178982
926 -682.36199951 -7.58179999
927 -682.36059570 -7.58178440
928 -682.36035156 -7.58178168
929 -682.36047363 -7.58178304
930 -682.36102295 -7.58178914
931 -682.36035156 -7.58178168
932 -682.36047363 -7.58178304
933 -682.36041260 -7.58178236
934 -682.36059570 -7.58178440
935 -682.35968018 -7.58177422
936 -682.35815430 -7.58175727
937 -682.35876465 -7.58176405
938 -682.35858154 -7.58176202
939 -682.35772705 -7.58175252
940 -682.35821533 -7.58175795
941 -682.35845947 -7.58176066
942 -682.35723877 -7.58174710
943 -682.35894775 -7.58176609
944 -682.35687256 -7.58174303
945 -682.35845947 -7.58176066
946 -682.35754395 -7.58175049
947 -682.35864258 -7.58176270
948 -682.35827637 -7.58175863
949 -682.35583496 -7.58173150
950 -682.35803223 -7.58175591
951 -682.35711670 -7.58174574
952 -682.35577393 -7.58173082
953 -682.35614014 -7.58173489
954 -682.35650635 -7.58173896
955 -682.35601807 -7.58173353
956 -682.35565186 -7.58172947
957 -682.35668945 -7.58174099
958 -682.35632324 -7.58173692
959 -682.35540771 -7.58172675
960 -682.35467529 -7.58171861
961 -682.35516357 -7.58172404
962 -682.35449219 -7.58171658
963 -682.35595703 -7.58173286
964 -682.35528564 -7.58172540
965 -682.35418701 -7.58171319
966 -682.35528564 -7.58172540
967 -682.35510254 -7.58172336
968 -682.35540771 -7.58172675
969 -682.35504150 -7.58172268
970 -682.35418701 -7.58171319
971 -682.35528564 -7.58172540
972 -682.35394287 -7.58171048
973 -682.35675049 -7.58174167
974 -682.35473633 -7.58171929
975 -682.35284424 -7.58169827
976 -682.35418701 -7.58171319
977 -682.35321045 -7.58170234
978 -682.35388184 -7.58170980
979 -682.35375977 -7.58170844
980 -682.35363770 -7.58170709
981 -682.35296631 -7.58169963
982 -682.35272217 -7.58169691
983 -682.35327148 -7.58170302
984 -682.35211182 -7.58169013
985 -682.35174561 -7.58168606
986 -682.35021973 -7.58166911
987 -682.35095215 -7.58167725
988 -682.34985352 -7.58166504
989 -682.34918213 -7.58165758
990 -682.34832764 -7.58164808
991 -682.34820557 -7.58164673
992 -682.34698486 -7.58163317
993 -682.34771729 -7.58164130
994 -682.34637451 -7.58162638
995 -682.34857178 -7.58165080
996 -682.34698486 -7.58163317
997 -682.34838867 -7.58164876
998 -682.34716797 -7.58163520
999 -682.34600830 -7.58162231
