0 -740.72290039 -6.85854537
1 -740.73803711 -6.85868553
2 -740.74645996 -6.85876352
3 -740.75231934 -6.85881777
4 -740.75689697 -6.85886016
5 -740.76153564 -6.85890311
6 -740.76538086 -6.85893871
7 -740.76861572 -6.85896866
8 -740.77093506 -6.85899014
9 -740.77392578 -6.85901783
10 -740.77569580 -6.85903422
11 -740.77789307 -6.85905457
12 -740.77954102 -6.85906982
13 -740.78155518 -6.85908847
14 -740.78344727 -6.85910599
15 -740.78521729 -6.85912238
16 -740.78698730 -6.85913877
17 -740.78839111 -6.85915177
18 -740.79028320 -6.85916929
19 -740.79211426 -6.85918624
20 -740.79333496 -6.85919755
21 -740.79504395 -6.85921337
22 -740.79650879 -6.85922693
23 -740.79766846 -6.85923767
24 -740.79919434 -6.85925180
25 -740.80065918 -6.85926536
26 -740.80194092 -6.85927723
27 -740.80285645 -6.85928571
28 -740.80401611 -6.85929645
29 -740.80493164 -6.85930492
30 -740.80633545 -6.85931792
31 -740.80780029 -6.85933148
32 -740.80847168 -6.85933770
33 -740.80926514 -6.85934505
34 -740.81048584 -6.85935635
35 -740.81170654 -6.85936765
36 -740.81274414 -6.85937726
37 -740.81396484 -6.85938856
38 -740.81475830 -6.85939591
39 -740.81616211 -6.85940891
40 -740.81646729 -6.85941173
41 -740.81726074 -6.85941908
