0 -782.26116943 -6.86194008
1 -782.30841064 -6.86235448
2 -782.34735107 -6.86269606
3 -782.37597656 -6.86294716
4 -782.39025879 -6.86307245
5 -782.41735840 -6.86331016
6 -782.44311523 -6.86353610
7 -782.46679688 -6.86374383
8 -782.48492432 -6.86390284
9 -782.50732422 -6.86409934
10 -782.52844238 -6.86428458
11 -782.54412842 -6.86442218
12 -782.56250000 -6.86458333
13 -782.57965088 -6.86473378
14 -782.59680176 -6.86488423
15 -782.61279297 -6.86502450
16 -782.62542725 -6.86513533
17 -782.63989258 -6.86526222
18 -782.65490723 -6.86539392
19 -782.66741943 -6.86550368
20 -782.67950439 -6.86560969
21 -782.69201660 -6.86571944
22 -782.70324707 -6.86581796
23 -782.71221924 -6.86589666
24 -782.71960449 -6.86596144
25 -782.72760010 -6.86603158
26 -782.73687744 -6.86611296
27 -782.74499512 -6.86618417
28 -782.75195312 -6.86624520
29 -782.75872803 -6.86630463
30 -782.76428223 -6.86635335
31 -782.76940918 -6.86639833
32 -782.77410889 -6.86643955
33 -782.77917480 -6.86648399
34 -782.78369141 -6.86652361
35 -782.78668213 -6.86654984
36 -782.79028320 -6.86658143
37 -782.79473877 -6.86662052
38 -782.79718018 -6.86664193
39 -782.80059814 -6.86667191
40 -782.80456543 -6.86670671
41 -782.80633545 -6.86672224
42 -782.80969238 -6.86675169
43 -782.81292725 -6.86678006
44 -782.81646729 -6.86681112
45 -782.81921387 -6.86683521
46 -782.82189941 -6.86685877
47 -782.82464600 -6.86688286
48 -782.82592773 -6.86689410
49 -782.82861328 -6.86691766
50 -782.83099365 -6.86693854
51 -782.83386230 -6.86696370
52 -782.83648682 -6.86698673
53 -782.83905029 -6.86700921
54 -782.84185791 -6.86703384
55 -782.84460449 -6.86705793
56 -782.84661865 -6.86707560
57 -782.84936523 -6.86709970
58 -782.85168457 -6.86712004
59 -782.85321045 -6.86713342
60 -782.85638428 -6.86716127
61 -782.85925293 -6.86718643
62 -782.86145020 -6.86720570
63 -782.86291504 -6.86721855
64 -782.86553955 -6.86724158
65 -782.86718750 -6.86725603
66 -782.87005615 -6.86728119
67 -782.87249756 -6.86730261
68 -782.87487793 -6.86732349
69 -782.87677002 -6.86734009
70 -782.87969971 -6.86736579
71 -782.88140869 -6.86738078
72 -782.88360596 -6.86740005
73 -782.88580322 -6.86741933
74 -782.88793945 -6.86743807
75 -782.89050293 -6.86746055
76 -782.89178467 -6.86747180
77 -782.89416504 -6.86749268
78 -782.89703369 -6.86751784
79 -782.89886475 -6.86753390
80 -782.90081787 -6.86755103
81 -782.90234375 -6.86756442
82 -782.90417480 -6.86758048
83 -782.90673828 -6.86760297
84 -782.90820312 -6.86761582
85 -782.90997314 -6.86763134
86 -782.91174316 -6.86764687
87 -782.91296387 -6.86765758
88 -782.91546631 -6.86767953
89 -782.91607666 -6.86768488
90 -782.91857910 -6.86770683
91 -782.91979980 -6.86771754
92 -782.92187500 -6.86773575
93 -782.92376709 -6.86775234
94 -782.92584229 -6.86777055
95 -782.92724609 -6.86778286
96 -782.92919922 -6.86779999
97 -782.93078613 -6.86781391
98 -782.93249512 -6.86782890
99 -782.93371582 -6.86783961
100 -782.93554688 -6.86785567
101 -782.93676758 -6.86786638
102 -782.93835449 -6.86788030
103 -782.94006348 -6.86789529
104 -782.94238281 -6.86791564
105 -782.94311523 -6.86792206
106 -782.94531250 -6.86794134
107 -782.94628906 -6.86794990
108 -782.94769287 -6.86796222
109 -782.94873047 -6.86797132
110 -782.95129395 -6.86799381
111 -782.95214844 -6.86800130
112 -782.95422363 -6.86801951
113 -782.95617676 -6.86803664
114 -782.95800781 -6.86805270
