0 -707.71069336 -6.10095425
1 -706.10424805 -6.08710559
2 -704.74829102 -6.07541630
3 -703.57397461 -6.06529288
4 -701.62658691 -6.04850506
5 -699.59503174 -6.03099165
6 -697.89422607 -6.01632954
7 -696.44482422 -6.00383469
8 -695.41070557 -5.99491988
9 -694.44702148 -5.98661225
10 -693.64135742 -5.97966687
11 -692.37524414 -5.96875210
12 -690.19561768 -5.94996222
13 -689.31433105 -5.94236492
14 -688.53155518 -5.93561685
15 -687.63134766 -5.92785645
16 -686.98046875 -5.92224542
17 -683.84771729 -5.89523894
18 -682.30688477 -5.88195590
19 -682.10223389 -5.88019167
20 -679.70721436 -5.85954495
21 -678.96972656 -5.85318730
22 -677.33605957 -5.83910396
23 -675.77032471 -5.82560625
24 -675.53533936 -5.82358051
25 -675.20874023 -5.82076500
26 -674.96044922 -5.81862456
27 -670.97521973 -5.78426914
28 -669.98114014 -5.77569948
29 -665.24932861 -5.73490801
30 -664.57080078 -5.72905863
31 -661.52209473 -5.70277668
32 -661.90527344 -5.70607994
33 -661.74841309 -5.70472770
34 -658.36584473 -5.67556763
35 -655.84655762 -5.65384963
36 -655.62347412 -5.65192650
37 -656.58984375 -5.66025727
38 -654.36773682 -5.64110118
39 -653.53735352 -5.63394270
40 -651.81384277 -5.61908485
41 -651.21636963 -5.61393422
42 -649.13073730 -5.59595463
43 -643.79724121 -5.54997622
44 -642.84582520 -5.54177436
45 -638.92974854 -5.50801507
46 -640.73229980 -5.52355431
47 -634.95397949 -5.47374120
48 -634.18652344 -5.46712520
49 -632.35241699 -5.45131394
50 -623.28344727 -5.37313317
51 -622.61962891 -5.36741059
52 -617.73699951 -5.32531896
53 -616.21679688 -5.31221377
54 -612.89294434 -5.28355986
55 -612.08215332 -5.27657029
56 -609.75744629 -5.25652971
57 -608.77099609 -5.24802583
58 -609.23522949 -5.25202784
59 -607.12829590 -5.23386462
60 -604.04119873 -5.20725171
61 -602.19750977 -5.19135784
62 -596.62304688 -5.14330213
63 -599.92291260 -5.17174925
64 -596.84051514 -5.14517685
65 -594.41992188 -5.12430967
66 -589.50988770 -5.08198179
67 -585.87707520 -5.05066444
68 -581.78747559 -5.01540927
69 -573.80218506 -4.94657056
70 -570.77258301 -4.92045330
71 -573.43206787 -4.94337990
72 -585.44238281 -5.04691709
73 -582.37524414 -5.02047624
74 -576.00830078 -4.96558880
75 -577.07757568 -4.97480669
76 -566.69067383 -4.88526443
77 -559.10351562 -4.81985789
78 -546.46447754 -4.71090067
79 -537.43017578 -4.63301876
80 -482.56774902 -4.16006680
81 -522.75128174 -4.50647657
82 -537.84680176 -4.63661036
83 -509.16128540 -4.38932143
84 -531.95324707 -4.58580385
85 -528.51794434 -4.55618918
86 -528.38525391 -4.55504529
87 -512.47802734 -4.41791403
88 -507.28530884 -4.37314921
89 -495.42327881 -4.27089033
90 -492.15765381 -4.24273839
91 -509.41186523 -4.39148160
92 -494.72204590 -4.26484522
93 -483.39279175 -4.16717924
