0 -499.64099121 -6.75190529
1 -499.64837646 -6.75200509
2 -499.65252686 -6.75206117
3 -499.65490723 -6.75209334
4 -499.65744019 -6.75212757
5 -499.65975952 -6.75215891
6 -499.66189575 -6.75218778
7 -499.66375732 -6.75221294
8 -499.66586304 -6.75224139
9 -499.66790771 -6.75226902
10 -499.66992188 -6.75229624
11 -499.67105103 -6.75231150
12 -499.67211914 -6.75232593
13 -499.67303467 -6.75233831
14 -499.67431641 -6.75235563
15 -499.67602539 -6.75237872
16 -499.67706299 -6.75239274
17 -499.67691040 -6.75239068
18 -499.67874146 -6.75241543
19 -499.68023682 -6.75243563
20 -499.68093872 -6.75244512
21 -499.68215942 -6.75246161
22 -499.68310547 -6.75247440
23 -499.68395996 -6.75248595
24 -499.68527222 -6.75250368
25 -499.68579102 -6.75251069
26 -499.68695068 -6.75252636
27 -499.68707275 -6.75252801
28 -499.68762207 -6.75253543
29 -499.68798828 -6.75254038
30 -499.68872070 -6.75255028
31 -499.68954468 -6.75256141
32 -499.68991089 -6.75256636
33 -499.69152832 -6.75258822
34 -499.69274902 -6.75260472
35 -499.69369507 -6.75261750
36 -499.69348145 -6.75261461
37 -499.69415283 -6.75262369
38 -499.69525146 -6.75263853
39 -499.69555664 -6.75264266
40 -499.69628906 -6.75265255
41 -499.69708252 -6.75266328
42 -499.69781494 -6.75267317
43 -499.69876099 -6.75268596
44 -499.69949341 -6.75269586
45 -499.70019531 -6.75270534
46 -499.70086670 -6.75271441
47 -499.70108032 -6.75271730
48 -499.70220947 -6.75273256
49 -499.70312500 -6.75274493
50 -499.70416260 -6.75275895
51 -499.70434570 -6.75276143
52 -499.70483398 -6.75276803
53 -499.70544434 -6.75277627
54 -499.70623779 -6.75278700
55 -499.70648193 -6.75279030
56 -499.70727539 -6.75280102
57 -499.70782471 -6.75280844
58 -499.70892334 -6.75282329
59 -499.70864868 -6.75281958
60 -499.70892334 -6.75282329
61 -499.70959473 -6.75283236
62 -499.70959473 -6.75283236
63 -499.70968628 -6.75283360
64 -499.71051025 -6.75284473
65 -499.71063232 -6.75284638
66 -499.71118164 -6.75285381
67 -499.71176147 -6.75286164
68 -499.71209717 -6.75286618
69 -499.71197510 -6.75286453
70 -499.71295166 -6.75287773
71 -499.71304321 -6.75287896
72 -499.71331787 -6.75288267
73 -499.71301270 -6.75287855
74 -499.71350098 -6.75288515
75 -499.71444702 -6.75289793
76 -499.71511841 -6.75290701
77 -499.71594238 -6.75291814
78 -499.71618652 -6.75292144
79 -499.71682739 -6.75293010
80 -499.71795654 -6.75294536
81 -499.71795654 -6.75294536
82 -499.71856689 -6.75295361
83 -499.71887207 -6.75295773
84 -499.71926880 -6.75296309
85 -499.71997070 -6.75297258
86 -499.72070312 -6.75298247
87 -499.72064209 -6.75298165
88 -499.72146606 -6.75299278
89 -499.72198486 -6.75299980
90 -499.72204590 -6.75300062
91 -499.72247314 -6.75300639
92 -499.72332764 -6.75301794
93 -499.72406006 -6.75302784
94 -499.72381592 -6.75302454
95 -499.72506714 -6.75304145
