0 -408.28057861 -6.80467631
1 -408.24774170 -6.80412903
2 -408.21627808 -6.80360463
3 -408.18478394 -6.80307973
4 -408.17559814 -6.80292664
5 -408.18643188 -6.80310720
6 -408.16592407 -6.80276540
7 -408.13626099 -6.80227102
8 -408.11453247 -6.80190887
9 -408.10842896 -6.80180715
10 -408.06097412 -6.80101624
11 -408.06079102 -6.80101318
12 -408.07135010 -6.80118917
13 -408.04116821 -6.80068614
14 -408.02496338 -6.80041606
15 -407.99899292 -6.79998322
16 -408.02136230 -6.80035604
17 -408.02420044 -6.80040334
18 -408.00180054 -6.80003001
19 -407.98437500 -6.79973958
20 -407.98498535 -6.79974976
21 -407.96762085 -6.79946035
22 -407.94241333 -6.79904022
23 -407.92349243 -6.79872487
24 -407.91455078 -6.79857585
25 -407.92208862 -6.79870148
26 -407.87832642 -6.79797211
27 -407.86914062 -6.79781901
28 -407.78054810 -6.79634247
29 -407.76339722 -6.79605662
30 -407.74841309 -6.79580688
31 -407.69281006 -6.79488017
32 -407.68139648 -6.79468994
33 -407.63659668 -6.79394328
34 -407.61340332 -6.79355672
35 -407.58297729 -6.79304962
36 -407.54409790 -6.79240163
37 -407.46035767 -6.79100596
38 -407.42871094 -6.79047852
39 -407.44711304 -6.79078522
40 -407.38885498 -6.78981425
41 -407.36267090 -6.78937785
42 -407.32373047 -6.78872884
43 -407.26547241 -6.78775787
44 -407.22650146 -6.78710836
45 -407.18563843 -6.78642731
46 -407.23483276 -6.78724721
47 -407.16763306 -6.78612722
48 -407.12091064 -6.78534851
49 -407.00524902 -6.78342082
50 -406.95169067 -6.78252818
51 -406.91064453 -6.78184408
52 -406.83682251 -6.78061371
53 -406.73464966 -6.77891083
54 -406.65124512 -6.77752075
55 -406.61264038 -6.77687734
56 -406.48193359 -6.77469889
57 -406.47052002 -6.77450867
58 -406.45291138 -6.77421519
59 -406.43786621 -6.77396444
60 -406.39978027 -6.77332967
61 -406.44573975 -6.77409566
62 -406.40478516 -6.77341309
63 -406.38568115 -6.77309469
64 -406.28244019 -6.77137400
65 -406.25384521 -6.77089742
66 -406.17758179 -6.76962636
67 -406.19805908 -6.76996765
68 -406.13705444 -6.76895091
69 -406.02188110 -6.76703135
70 -405.97097778 -6.76618296
71 -405.93453979 -6.76557566
72 -405.86480713 -6.76441345
73 -405.83413696 -6.76390228
74 -405.76370239 -6.76272837
75 -405.80364990 -6.76339417
76 -405.66775513 -6.76112925
77 -405.71029663 -6.76183828
78 -405.62591553 -6.76043193
79 -405.53854370 -6.75897573
80 -405.59078979 -6.75984650
81 -405.49926758 -6.75832113
82 -405.44924927 -6.75748749
83 -405.45608521 -6.75760142
84 -405.51156616 -6.75852610
85 -405.57369995 -6.75956167
86 -405.62753296 -6.76045888
87 -405.41445923 -6.75690765
88 -405.51907349 -6.75865122
89 -405.37948608 -6.75632477
90 -405.43234253 -6.75720571
91 -405.35955811 -6.75599264
92 -405.40484619 -6.75674744
93 -405.42343140 -6.75705719
94 -405.25695801 -6.75428263
95 -405.23373413 -6.75389557
96 -405.12692261 -6.75211538
97 -405.21817017 -6.75363617
98 -405.31265259 -6.75521088
99 -405.23211670 -6.75386861
100 -405.24685669 -6.75411428
101 -405.09902954 -6.75165049
102 -405.15878296 -6.75264638
103 -405.15991211 -6.75266520
104 -405.28231812 -6.75470530
105 -405.23818970 -6.75396983
106 -405.25070190 -6.75417837
107 -405.25781250 -6.75429687
108 -405.22549438 -6.75375824
109 -405.17431641 -6.75290527
110 -405.20333862 -6.75338898
111 -405.10955811 -6.75182597
112 -405.08450317 -6.75140839
113 -405.16503906 -6.75275065
114 -405.11538696 -6.75192312
115 -405.05847168 -6.75097453
116 -404.97973633 -6.74966227
117 -404.76440430 -6.74607340
118 -404.84783936 -6.74746399
119 -404.70828247 -6.74513804
120 -404.82092285 -6.74701538
121 -404.79904175 -6.74665070
122 -404.74435425 -6.74573924
123 -404.60159302 -6.74335988
124 -404.53503418 -6.74225057
125 -404.31604004 -6.73860067
126 -404.14364624 -6.73572744
127 -403.89840698 -6.73164012
128 -403.91778564 -6.73196309
129 -403.90087891 -6.73168132
130 -403.76669312 -6.72944489
131 -403.77322388 -6.72955373
132 -403.77600098 -6.72960002
133 -403.75613403 -6.72926890
134 -403.90185547 -6.73169759
135 -403.76370239 -6.72939504
136 -403.51525879 -6.72525431
137 -403.65072632 -6.72751211
138 -403.73739624 -6.72895660
139 -403.85516357 -6.73091939
140 -403.71176147 -6.72852936
141 -403.45758057 -6.72429301
142 -403.40850830 -6.72347514
143 -403.53097534 -6.72551626
144 -403.45117188 -6.72418620
145 -403.23193359 -6.72053223
146 -403.02487183 -6.71708120
147 -403.20706177 -6.72011770
148 -403.02609253 -6.71710154
149 -403.16479492 -6.71941325
150 -403.20324707 -6.72005412
151 -403.19992065 -6.71999868
152 -403.22152710 -6.72035878
153 -403.13287354 -6.71888123
154 -402.96380615 -6.71606344
155 -403.32186890 -6.72203115
156 -403.19918823 -6.71998647
157 -402.85299683 -6.71421661
158 -403.05682373 -6.71761373
159 -402.90393066 -6.71506551
160 -402.60491943 -6.71008199
161 -402.61746216 -6.71029104
162 -402.47369385 -6.70789490
163 -402.50796509 -6.70846608
164 -402.53942871 -6.70899048
165 -402.55551147 -6.70925852
166 -402.69961548 -6.71166026
167 -402.76629639 -6.71277161
168 -402.51403809 -6.70856730
169 -402.64700317 -6.71078339
170 -402.66906738 -6.71115112
171 -402.79620361 -6.71327006
172 -402.76150513 -6.71269175
173 -402.67221069 -6.71120351
174 -402.50906372 -6.70848440
175 -402.37118530 -6.70618642
176 -402.38726807 -6.70645447
177 -402.17398071 -6.70289968
178 -401.92486572 -6.69874776
179 -401.53713989 -6.69228566
180 -401.29449463 -6.68824158
181 -401.25616455 -6.68760274
182 -400.93405151 -6.68223419
183 -400.73504639 -6.67891744
184 -400.77453613 -6.67957560
185 -400.45684814 -6.67428080
186 -400.51431274 -6.67523855
187 -400.44873047 -6.67414551
188 -400.25473022 -6.67091217
189 -400.42276001 -6.67371267
190 -400.82464600 -6.68041077
191 -400.71572876 -6.67859548
192 -400.70172119 -6.67836202
193 -400.55770874 -6.67596181
194 -400.62872314 -6.67714539
195 -400.24829102 -6.67080485
196 -400.01049805 -6.66684163
197 -399.69146729 -6.66152445
198 -399.56976318 -6.65949605
199 -399.58523560 -6.65975393
200 -399.55661011 -6.65927684
201 -399.35891724 -6.65598195
202 -398.94790649 -6.64913177
203 -398.29769897 -6.63829498
204 -397.80468750 -6.63007812
205 -397.91326904 -6.63188782
206 -397.46197510 -6.62436625
207 -397.10473633 -6.61841227
208 -397.02188110 -6.61703135
209 -397.11633301 -6.61860555
210 -396.60000610 -6.61000010
211 -396.51577759 -6.60859629
212 -396.20635986 -6.60343933
213 -396.27090454 -6.60451508
214 -395.69241333 -6.59487356
215 -395.29943848 -6.58832397
216 -395.18142700 -6.58635712
217 -395.36917114 -6.58948619
218 -395.22140503 -6.58702342
219 -394.80944824 -6.58015747
220 -394.57269287 -6.57621155
221 -394.83639526 -6.58060659
222 -394.85653687 -6.58094228
223 -394.94668579 -6.58244476
224 -394.64501953 -6.57741699
225 -395.21768188 -6.58696136
226 -395.50454712 -6.59174245
227 -395.42892456 -6.59048208
228 -395.53903198 -6.59231720
229 -395.41467285 -6.59024455
230 -396.05667114 -6.60094452
231 -396.14788818 -6.60246480
232 -396.02767944 -6.60046132
233 -395.73507690 -6.59558462
234 -396.10211182 -6.60170186
235 -395.97689819 -6.59961497
236 -396.41268921 -6.60687815
237 -396.40292358 -6.60671539
238 -396.39770508 -6.60662842
239 -395.97946167 -6.59965769
240 -395.89337158 -6.59822286
241 -395.22204590 -6.58703410
242 -395.31292725 -6.58854879
243 -395.08459473 -6.58474325
244 -395.70306396 -6.59505107
245 -396.02249146 -6.60037486
246 -395.91201782 -6.59853363
247 -395.97293091 -6.59954885
248 -396.34237671 -6.60570628
249 -396.15924072 -6.60265401
250 -396.19342041 -6.60322367
251 -396.72857666 -6.61214294
252 -396.68084717 -6.61134745
253 -396.48709106 -6.60811818
254 -396.61096191 -6.61018270
255 -396.62954712 -6.61049245
256 -396.55700684 -6.60928345
257 -396.77416992 -6.61290283
258 -396.73931885 -6.61232198
259 -396.79577637 -6.61326294
260 -396.40762329 -6.60679372
261 -396.82653809 -6.61377563
262 -397.07992554 -6.61799876
263 -397.19104004 -6.61985067
264 -396.92504883 -6.61541748
265 -396.61056519 -6.61017609
266 -396.76654053 -6.61277568
267 -397.18087769 -6.61968129
268 -396.73883057 -6.61231384
269 -396.27383423 -6.60456390
270 -395.93539429 -6.59892324
271 -395.53482056 -6.59224701
272 -395.95248413 -6.59920807
273 -395.82583618 -6.59709727
274 -395.75082397 -6.59584707
275 -395.60830688 -6.59347178
276 -395.61373901 -6.59356232
277 -395.44195557 -6.59069926
278 -395.29107666 -6.58818461
279 -395.19689941 -6.58661499
280 -395.18240356 -6.58637339
281 -395.12356567 -6.58539276
282 -395.17703247 -6.58628387
283 -394.25848389 -6.57097473
284 -393.63217163 -6.56053619
285 -393.26226807 -6.55437113
286 -393.48904419 -6.55815074
287 -393.42803955 -6.55713399
288 -393.06506348 -6.55108439
289 -392.94299316 -6.54904989
290 -392.54556274 -6.54242605
291 -392.44567871 -6.54076131
292 -392.66558838 -6.54442647
293 -392.71029663 -6.54517161
294 -393.13055420 -6.55217590
295 -392.81042480 -6.54684041
296 -392.68481445 -6.54474691
297 -392.60256958 -6.54337616
298 -392.19046021 -6.53650767
299 -392.01931763 -6.53365529
300 -392.03277588 -6.53387960
301 -391.93838501 -6.53230642
302 -391.58200073 -6.52636668
303 -391.44412231 -6.52406871
304 -391.40625000 -6.52343750
305 -391.04025269 -6.51733754
306 -390.99127197 -6.51652120
307 -390.65359497 -6.51089325
308 -390.72021484 -6.51200358
309 -390.97970581 -6.51632843
310 -390.59210205 -6.50986837
311 -390.57418823 -6.50956980
312 -390.29867554 -6.50497793
313 -390.07870483 -6.50131175
314 -389.93774414 -6.49896240
315 -389.57159424 -6.49285990
316 -389.43447876 -6.49057465
317 -389.25622559 -6.48760376
318 -388.67712402 -6.47795207
319 -388.53613281 -6.47560221
320 -387.98117065 -6.46635284
321 -387.32376099 -6.45539602
322 -387.03695679 -6.45061595
323 -387.02615356 -6.45043589
324 -387.38586426 -6.45643107
325 -387.19869995 -6.45331167
326 -387.05377197 -6.45089620
327 -387.04168701 -6.45069478
328 -387.19659424 -6.45327657
329 -386.99414062 -6.44990234
330 -387.51861572 -6.45864360
331 -387.12304688 -6.45205078
332 -387.53756714 -6.45895945
333 -387.42727661 -6.45712128
334 -387.36904907 -6.45615082
335 -387.10363770 -6.45172729
336 -386.94805908 -6.44913432
337 -386.63098145 -6.44384969
338 -386.75433350 -6.44590556
339 -386.54635620 -6.44243927
340 -386.39950562 -6.43999176
341 -386.35382080 -6.43923035
342 -386.15237427 -6.43587290
343 -386.20846558 -6.43680776
344 -385.66146851 -6.42769114
345 -384.47631836 -6.40793864
346 -384.54296875 -6.40904948
347 -385.12701416 -6.41878357
348 -385.00198364 -6.41669973
349 -384.46734619 -6.40778910
350 -384.80148315 -6.41335805
351 -384.97970581 -6.41632843
352 -384.34268188 -6.40571136
353 -384.91632080 -6.41527201
354 -384.43093872 -6.40718231
355 -384.19308472 -6.40321808
356 -383.50552368 -6.39175873
357 -383.72137451 -6.39535624
358 -383.88690186 -6.39811503
359 -383.40765381 -6.39012756
360 -383.39550781 -6.38992513
361 -383.59445190 -6.39324087
362 -382.53338623 -6.37555644
363 -382.49163818 -6.37486064
364 -382.89419556 -6.38156993
365 -383.16827393 -6.38613790
366 -382.91281128 -6.38188019
367 -383.60763550 -6.39346059
368 -383.71115112 -6.39518585
369 -383.50317383 -6.39171956
370 -383.98028564 -6.39967143
371 -384.35931396 -6.40598857
372 -383.23297119 -6.38721619
373 -383.31140137 -6.38852336
374 -382.33963013 -6.37232717
375 -382.96215820 -6.38270264
376 -382.15634155 -6.36927236
377 -381.82800293 -6.36380005
378 -381.92861938 -6.36547699
379 -382.56887817 -6.37614797
380 -381.86428833 -6.36440481
381 -381.21432495 -6.35357208
382 -381.31542969 -6.35525716
383 -380.40353394 -6.34005890
384 -380.80163574 -6.34669393
385 -380.78723145 -6.34645386
386 -380.12847900 -6.33547465
387 -379.45098877 -6.32418315
388 -379.44451904 -6.32407532
389 -380.43435669 -6.34057261
390 -379.49969482 -6.32499491
391 -379.68847656 -6.32814128
392 -379.86279297 -6.33104655
393 -379.51428223 -6.32523804
394 -379.66815186 -6.32780253
395 -379.42999268 -6.32383321
396 -378.87213135 -6.31453552
397 -380.05969238 -6.33432821
398 -379.56243896 -6.32604065
399 -379.44268799 -6.32404480
400 -378.97363281 -6.31622721
401 -378.98843384 -6.31647390
402 -379.44750977 -6.32412516
403 -380.05099487 -6.33418325
404 -380.57830811 -6.34297180
405 -380.65881348 -6.34431356
406 -380.41778564 -6.34029643
407 -380.79876709 -6.34664612
408 -380.80392456 -6.34673208
409 -380.42242432 -6.34037374
410 -379.91879272 -6.33197988
411 -379.64065552 -6.32734426
412 -379.28863525 -6.32147725
413 -379.12612915 -6.31876882
414 -379.02514648 -6.31708577
415 -378.56240845 -6.30937347
416 -377.85839844 -6.29763997
417 -377.90695190 -6.29844920
418 -377.84625244 -6.29743754
419 -377.84490967 -6.29741516
420 -377.99166870 -6.29986115
421 -377.06201172 -6.28436686
422 -376.31832886 -6.27197215
423 -377.51977539 -6.29199626
424 -377.65713501 -6.29428558
425 -377.84844971 -6.29747416
426 -378.18197632 -6.30303294
427 -378.36087036 -6.30601451
428 -377.93606567 -6.29893443
429 -377.95312500 -6.29921875
430 -377.65130615 -6.29418844
431 -377.76272583 -6.29604543
432 -376.41729736 -6.27362162
433 -375.76425171 -6.26273753
434 -375.63922119 -6.26065369
435 -375.90026855 -6.26500448
436 -375.48825073 -6.25813751
437 -375.57284546 -6.25954742
438 -375.34567261 -6.25576121
439 -374.83532715 -6.24725545
440 -374.94708252 -6.24911804
441 -374.83557129 -6.24725952
442 -375.00289917 -6.25004832
443 -375.15405273 -6.25256755
444 -375.49127197 -6.25818787
445 -374.16061401 -6.23601023
446 -373.89044189 -6.23150736
447 -374.87219238 -6.24786987
448 -373.91421509 -6.23190358
449 -372.02853394 -6.20047557
450 -371.29241943 -6.18820699
451 -370.19357300 -6.16989288
452 -371.05831909 -6.18430532
453 -371.12716675 -6.18545278
454 -371.59683228 -6.19328054
455 -370.48846436 -6.17480774
456 -369.64819336 -6.16080322
457 -369.10272217 -6.15171204
458 -368.85427856 -6.14757131
459 -367.90167236 -6.13169454
460 -368.45831299 -6.14097188
461 -369.01818848 -6.15030314
462 -367.53445435 -6.12557424
463 -368.08276367 -6.13471273
464 -367.92422485 -6.13207041
465 -368.31518555 -6.13858643
466 -367.33874512 -6.12231242
467 -367.68688965 -6.12811483
468 -368.90579224 -6.14842987
469 -369.77072144 -6.16284536
470 -370.12283325 -6.16871389
471 -369.33316040 -6.15555267
472 -369.73608398 -6.16226807
473 -369.77542114 -6.16292369
474 -369.13812256 -6.15230204
475 -369.59259033 -6.15987651
476 -370.25454712 -6.17090912
477 -370.61334229 -6.17688904
478 -370.43060303 -6.17384338
479 -370.40084839 -6.17334747
480 -368.47158813 -6.14119314
481 -368.39401245 -6.13990021
482 -367.67248535 -6.12787476
483 -365.93923950 -6.09898733
484 -364.83081055 -6.08051351
485 -364.42147827 -6.07369130
486 -363.40524292 -6.05675405
487 -362.35171509 -6.03919525
488 -361.70947266 -6.02849121
489 -361.18060303 -6.01967672
490 -362.42312622 -6.04038544
491 -361.25265503 -6.02087758
492 -360.84619141 -6.01410319
493 -361.02880859 -6.01714681
494 -360.27008057 -6.00450134
495 -360.87911987 -6.01465200
496 -361.23562622 -6.02059377
497 -360.70510864 -6.01175181
498 -361.22015381 -6.02033590
499 -361.54489136 -6.02574819
500 -361.77218628 -6.02953644
501 -361.99032593 -6.03317210
502 -362.31521606 -6.03858693
503 -361.18923950 -6.01982066
504 -361.23223877 -6.02053731
505 -360.83987427 -6.01399790
506 -361.34945679 -6.02249095
507 -362.26528931 -6.03775482
508 -361.55328369 -6.02588806
509 -362.58972168 -6.04316203
510 -361.81729126 -6.03028819
511 -362.08853149 -6.03480886
512 -362.50122070 -6.04168701
513 -362.95339966 -6.04922333
514 -362.17449951 -6.03624166
515 -362.90869141 -6.04847819
516 -363.28634644 -6.05477244
517 -362.78030396 -6.04633840
518 -362.95648193 -6.04927470
519 -362.69244385 -6.04487406
520 -361.92068481 -6.03201141
521 -359.86914062 -5.99781901
522 -359.77786255 -5.99629771
523 -359.26364136 -5.98772736
524 -359.99145508 -5.99985758
525 -361.01934814 -6.01698914
526 -361.26690674 -6.02111511
527 -361.70837402 -6.02847290
528 -362.44238281 -6.04070638
529 -362.86032104 -6.04767202
530 -361.68261719 -6.02804362
531 -362.20309448 -6.03671824
532 -362.87738037 -6.04795634
533 -362.18637085 -6.03643951
534 -362.71096802 -6.04518280
535 -362.80526733 -6.04675446
536 -362.27789307 -6.03796488
537 -362.50097656 -6.04168294
538 -363.49212646 -6.05820211
539 -363.80371094 -6.06339518
540 -365.12832642 -6.08547211
541 -365.66870117 -6.09447835
542 -364.63754272 -6.07729238
543 -365.26370239 -6.08772837
544 -365.47299194 -6.09121653
545 -366.10873413 -6.10181224
546 -364.03277588 -6.06721293
547 -364.65811157 -6.07763519
548 -364.56637573 -6.07610626
549 -364.83862305 -6.08064372
550 -363.86593628 -6.06443227
551 -363.46588135 -6.05776469
552 -363.93563843 -6.06559397
553 -363.49279785 -6.05821330
554 -361.70233154 -6.02837219
555 -362.46078491 -6.04101308
556 -364.22149658 -6.07035828
557 -364.69989014 -6.07833150
558 -365.45666504 -6.09094442
559 -364.47647095 -6.07460785
560 -364.80380249 -6.08006337
561 -364.89959717 -6.08165995
562 -362.66809082 -6.04446818
563 -363.51422119 -6.05857035
564 -363.86224365 -6.06437073
565 -363.53567505 -6.05892792
566 -362.56652832 -6.04277547
567 -362.80578613 -6.04676310
568 -362.17938232 -6.03632304
569 -362.69503784 -6.04491730
570 -362.31588745 -6.03859812
571 -360.78411865 -6.01306864
572 -360.70474243 -6.01174571
573 -361.42230225 -6.02370504
574 -360.21951294 -6.00365855
575 -360.67214966 -6.01120249
576 -360.62115479 -6.01035258
