0 -522.11712646 -6.52646408
1 -522.13208008 -6.52665100
2 -522.14233398 -6.52677917
3 -522.14953613 -6.52686920
4 -522.15539551 -6.52694244
5 -522.16101074 -6.52701263
6 -522.16534424 -6.52706680
7 -522.16851807 -6.52710648
8 -522.17187500 -6.52714844
9 -522.17431641 -6.52717896
10 -522.17706299 -6.52721329
11 -522.17913818 -6.52723923
12 -522.17956543 -6.52724457
13 -522.18200684 -6.52727509
14 -522.18304443 -6.52728806
15 -522.18524170 -6.52731552
16 -522.18695068 -6.52733688
17 -522.18786621 -6.52734833
18 -522.18908691 -6.52736359
19 -522.19049072 -6.52738113
20 -522.19110107 -6.52738876
21 -522.19274902 -6.52740936
22 -522.19415283 -6.52742691
23 -522.19433594 -6.52742920
24 -522.19622803 -6.52745285
25 -522.19653320 -6.52745667
26 -522.19720459 -6.52746506
27 -522.19757080 -6.52746964
28 -522.19903564 -6.52748795
29 -522.19934082 -6.52749176
30 -522.20098877 -6.52751236
31 -522.20166016 -6.52752075
32 -522.20257568 -6.52753220
33 -522.20410156 -6.52755127
34 -522.20471191 -6.52755890
35 -522.20556641 -6.52756958
36 -522.20526123 -6.52756577
37 -522.20666504 -6.52758331
