0 -586.18603516 -6.73777052
1 -585.07464600 -6.72499593
2 -583.44451904 -6.70625884
3 -582.08715820 -6.69065699
4 -581.16113281 -6.68001302
5 -579.22491455 -6.65775764
6 -578.34606934 -6.64765597
7 -576.68011475 -6.62850707
8 -576.93682861 -6.63145780
9 -576.34027100 -6.62460082
10 -575.99554443 -6.62063844
11 -574.88214111 -6.60784070
12 -574.99285889 -6.60911332
13 -573.74719238 -6.59479531
14 -571.64874268 -6.57067520
15 -569.82049561 -6.54966087
16 -568.60925293 -6.53573854
17 -568.84436035 -6.53844092
18 -568.64910889 -6.53619665
19 -567.48785400 -6.52284890
20 -566.47912598 -6.51125432
21 -567.11224365 -6.51853154
22 -565.71032715 -6.50241755
23 -562.29956055 -6.46321334
24 -558.68951416 -6.42171855
25 -556.83197021 -6.40036747
26 -554.82128906 -6.37725620
27 -553.20520020 -6.35868046
28 -551.69635010 -6.34133736
29 -551.39953613 -6.33792570
30 -552.45922852 -6.35010607
31 -551.99243164 -6.34474059
32 -550.61254883 -6.32887987
33 -550.21185303 -6.32427417
34 -550.53234863 -6.32795803
35 -549.35009766 -6.31436894
36 -548.16070557 -6.30069777
37 -545.20495605 -6.26672363
38 -541.74810791 -6.22698975
39 -537.28076172 -6.17564094
40 -537.77648926 -6.18133896
41 -538.90234375 -6.19427981
42 -538.05114746 -6.18449595
43 -535.89196777 -6.15967779
44 -533.80554199 -6.13569588
45 -532.75256348 -6.12359268
46 -532.22515869 -6.11753056
47 -531.80285645 -6.11267651
48 -530.25976562 -6.09493983
49 -529.49645996 -6.08616621
50 -528.13446045 -6.07051104
51 -526.94970703 -6.05689318
52 -528.10583496 -6.07018201
53 -523.45031738 -6.01667031
54 -523.95837402 -6.02251005
55 -519.98956299 -5.97689153
56 -518.72662354 -5.96237498
57 -519.98822021 -5.97687609
58 -520.65673828 -5.98456021
59 -519.21606445 -5.96800074
60 -521.86157227 -5.99840888
61 -521.26977539 -5.99160661
62 -518.42626953 -5.95892264
63 -518.59143066 -5.96082104
64 -518.36431885 -5.95821056
65 -519.03454590 -5.96591432
66 -518.70886230 -5.96217083
67 -517.31298828 -5.94612630
68 -517.67565918 -5.95029493
69 -513.39898682 -5.90113778
70 -516.15209961 -5.93278275
71 -517.32812500 -5.94630029
72 -515.03601074 -5.91995415
73 -512.42138672 -5.88990100
74 -510.32458496 -5.86579983
75 -515.55242920 -5.92588999
76 -516.98376465 -5.94234212
77 -518.37713623 -5.95835789
78 -515.54217529 -5.92577213
79 -516.07257080 -5.93186863
80 -512.83734131 -5.89468208
81 -511.41510010 -5.87833448
82 -511.50515747 -5.87936963
83 -508.37072754 -5.84334170
84 -509.29479980 -5.85396322
85 -511.94534302 -5.88442923
86 -509.89535522 -5.86086615
87 -508.13940430 -5.84068281
88 -506.88775635 -5.82629605
89 -509.93890381 -5.86136671
90 -512.87786865 -5.89514792
91 -513.83776855 -5.90618125
92 -512.73205566 -5.89347190
93 -507.37844849 -5.83193619
94 -505.09796143 -5.80572369
95 -505.40182495 -5.80921638
96 -507.68572998 -5.83546816
97 -506.85769653 -5.82595053
98 -507.83782959 -5.83721643
99 -507.17138672 -5.82955617
100 -500.98486328 -5.75844670
101 -502.69915771 -5.77815124
102 -505.03668213 -5.80501933
103 -505.70391846 -5.81268872
104 -503.95266724 -5.79255939
105 -504.06451416 -5.79384499
106 -503.62475586 -5.78879030
107 -503.32720947 -5.78537022
108 -505.05181885 -5.80519332
109 -503.09634399 -5.78271660
110 -503.98480225 -5.79292876
111 -501.28228760 -5.76186537
112 -496.86090088 -5.71104484
113 -498.48193359 -5.72967740
114 -493.52789307 -5.67273440
115 -494.01577759 -5.67834227
116 -493.46240234 -5.67198164
117 -490.29315186 -5.63555347
118 -492.02569580 -5.65546777
119 -489.95202637 -5.63163249
120 -486.72918701 -5.59458836
121 -485.92758179 -5.58537450
122 -485.53625488 -5.58087649
123 -492.99707031 -5.66663299
124 -494.41180420 -5.68289430
125 -495.03210449 -5.69002419
126 -494.60180664 -5.68507824
127 -492.51965332 -5.66114544
128 -489.19488525 -5.62292972
129 -490.11968994 -5.63355965
130 -485.37966919 -5.57907666
131 -481.69470215 -5.53672071
132 -484.74945068 -5.57183277
133 -480.28247070 -5.52048817
134 -477.78189087 -5.49174587
135 -478.76513672 -5.50304755
136 -480.01126099 -5.51737082
137 -480.41680908 -5.52203229
138 -482.03790283 -5.54066555
139 -484.32421875 -5.56694504
140 -482.95928955 -5.55125620
141 -483.89123535 -5.56196822
142 -481.05178833 -5.52933090
143 -479.51318359 -5.51164579
144 -477.54193115 -5.48898771
145 -480.05776978 -5.51790540
146 -480.45477295 -5.52246865
147 -481.47128296 -5.53415268
148 -484.05603027 -5.56386242
149 -482.77978516 -5.54919293
150 -482.71112061 -5.54840369
151 -484.14862061 -5.56492667
152 -481.71185303 -5.53691785
153 -480.10144043 -5.51840736
154 -480.09841919 -5.51837263
155 -484.18048096 -5.56529288
156 -484.43835449 -5.56825695
157 -483.31719971 -5.55537011
158 -483.28451538 -5.55499443
159 -483.64599609 -5.55914938
160 -484.66589355 -5.57087234
161 -481.44433594 -5.53384294
162 -484.13327026 -5.56475023
163 -485.09729004 -5.57583092
164 -480.85766602 -5.52709961
165 -482.32351685 -5.54394847
166 -480.77374268 -5.52613497
167 -482.55560303 -5.54661613
168 -482.72949219 -5.54861485
169 -480.92105103 -5.52782817
170 -480.28393555 -5.52050501
171 -484.62841797 -5.57044159
172 -483.88479614 -5.56189421
173 -483.61505127 -5.55879369
174 -484.98046875 -5.57448815
175 -482.43817139 -5.54526634
176 -481.67175293 -5.53645693
177 -480.73748779 -5.52571825
178 -482.59002686 -5.54701180
179 -482.41284180 -5.54497519
180 -481.66424561 -5.53637064
181 -481.96044922 -5.53977528
182 -482.08642578 -5.54122328
183 -482.37817383 -5.54457671
184 -481.77215576 -5.53761099
185 -485.49664307 -5.58042118
186 -485.53973389 -5.58091648
187 -484.41986084 -5.56804438
188 -484.58819580 -5.56997926
189 -479.95581055 -5.51673345
190 -476.80285645 -5.48049260
191 -476.89367676 -5.48153651
192 -476.02606201 -5.47156393
193 -473.33441162 -5.44062542
194 -475.30703735 -5.46329928
195 -478.13330078 -5.49578507
196 -478.22595215 -5.49685002
197 -474.96234131 -5.45933726
198 -473.20574951 -5.43914655
199 -475.06732178 -5.46054393
200 -475.36163330 -5.46392682
201 -476.31976318 -5.47493981
202 -478.83721924 -5.50387608
203 -481.91082764 -5.53920492
204 -479.13574219 -5.50730738
205 -477.75195312 -5.49140176
206 -476.94665527 -5.48214546
207 -478.07592773 -5.49512561
208 -479.92651367 -5.51639671
209 -478.93377686 -5.50498594
210 -477.79074097 -5.49184760
211 -480.71926880 -5.52550884
212 -478.98919678 -5.50562295
213 -478.80963135 -5.50355898
214 -478.23095703 -5.49690755
215 -477.61871338 -5.48987027
216 -476.98782349 -5.48261866
217 -475.86108398 -5.46966763
218 -474.78808594 -5.45733432
219 -473.75897217 -5.44550543
220 -471.53643799 -5.41995906
221 -469.50567627 -5.39661697
222 -468.86437988 -5.38924575
223 -465.22680664 -5.34743456
224 -465.77954102 -5.35378783
225 -466.47866821 -5.36182377
226 -466.80380249 -5.36556095
227 -467.32086182 -5.37150416
228 -465.13995361 -5.34643625
229 -462.75335693 -5.31900410
230 -463.85189819 -5.33163101
231 -461.42041016 -5.30368288
232 -464.08190918 -5.33427482
233 -459.44543457 -5.28098201
234 -457.00146484 -5.25289040
235 -457.91113281 -5.26334635
236 -458.40014648 -5.26896720
237 -460.83032227 -5.29690026
238 -459.23645020 -5.27857989
239 -460.30316162 -5.29084094
240 -463.74334717 -5.33038330
241 -463.34906006 -5.32585127
242 -464.87884521 -5.34343500
243 -462.11212158 -5.31163358
244 -465.95812988 -5.35584057
245 -464.27404785 -5.33648331
246 -463.69726562 -5.32985363
247 -466.14721680 -5.35801399
248 -462.25469971 -5.31327241
249 -460.63427734 -5.29464687
250 -459.37768555 -5.28020328
251 -458.50140381 -5.27013108
252 -459.52175903 -5.28185930
253 -459.63250732 -5.28313227
254 -460.14785767 -5.28905584
255 -458.50909424 -5.27021947
256 -456.58828735 -5.24814123
257 -458.46771240 -5.26974382
258 -457.62722778 -5.26008308
259 -459.26599121 -5.27891944
260 -456.81777954 -5.25077908
261 -454.85455322 -5.22821326
262 -450.06268311 -5.17313429
263 -444.81500244 -5.11281612
264 -438.57275391 -5.04106614
265 -442.19799805 -5.08273561
266 -443.54418945 -5.09820907
267 -440.50692749 -5.06329802
268 -435.44714355 -5.00513958
269 -437.66619873 -5.03064596
270 -435.31121826 -5.00357722
271 -434.87783813 -4.99859584
272 -427.57379150 -4.91464128
273 -428.69375610 -4.92751444
274 -430.27667236 -4.94570888
275 -431.06744385 -4.95479821
276 -434.61550903 -4.99558056
277 -433.19851685 -4.97929330
278 -435.98318481 -5.01130097
279 -439.77954102 -5.05493725
280 -441.85223389 -5.07876131
281 -440.63885498 -5.06481443
282 -442.61932373 -5.08757843
283 -443.23773193 -5.09468657
284 -443.21881104 -5.09446909
285 -441.73632812 -5.07742906
286 -444.08032227 -5.10437152
287 -444.01525879 -5.10362366
288 -440.82830811 -5.06699205
289 -441.71279907 -5.07715861
290 -441.49301147 -5.07463232
291 -444.65527344 -5.11098015
292 -446.28363037 -5.12969690
293 -448.78118896 -5.15840447
294 -445.45074463 -5.12012350
295 -445.42077637 -5.11977904
296 -442.48815918 -5.08607080
297 -446.41583252 -5.13121647
298 -441.46459961 -5.07430574
299 -439.34765625 -5.04997306
300 -442.10369873 -5.08165171
301 -440.88681030 -5.06766449
302 -441.48419189 -5.07453094
303 -442.34103394 -5.08437970
304 -442.93762207 -5.09123704
305 -445.70730591 -5.12307248
306 -447.52380371 -5.14395177
307 -451.00259399 -5.18393786
308 -453.16522217 -5.20879566
309 -455.10418701 -5.23108261
310 -454.54205322 -5.22462130
311 -457.59686279 -5.25973406
