0 -623.35076904 -6.11128205
1 -623.37121582 -6.11148251
2 -623.39117432 -6.11167818
3 -623.40087891 -6.11177332
4 -623.41308594 -6.11189300
5 -623.41284180 -6.11189061
6 -623.41333008 -6.11189539
7 -623.41027832 -6.11186547
8 -623.40795898 -6.11184274
9 -623.41418457 -6.11190377
10 -623.40563965 -6.11182000
11 -623.39733887 -6.11173862
12 -623.39978027 -6.11176255
13 -623.39904785 -6.11175537
14 -623.39001465 -6.11166681
15 -623.38574219 -6.11162492
16 -623.38610840 -6.11162851
17 -623.37561035 -6.11152559
18 -623.37634277 -6.11153277
19 -623.37219238 -6.11149208
20 -623.36328125 -6.11140472
21 -623.35833740 -6.11135625
22 -623.34887695 -6.11126350
23 -623.34143066 -6.11119050
24 -623.33245850 -6.11110253
25 -623.32427979 -6.11102235
26 -623.31652832 -6.11094636
27 -623.31347656 -6.11091644
28 -623.29846191 -6.11076923
29 -623.28796387 -6.11066631
30 -623.28137207 -6.11060169
31 -623.27587891 -6.11054783
32 -623.26977539 -6.11048799
33 -623.26531982 -6.11044431
34 -623.26629639 -6.11045389
35 -623.26654053 -6.11045628
36 -623.26379395 -6.11042935
37 -623.25451660 -6.11033840
38 -623.25097656 -6.11030369
39 -623.24664307 -6.11026121
40 -623.23822021 -6.11017863
41 -623.22070312 -6.11000689
42 -623.21520996 -6.10995304
43 -623.20642090 -6.10986687
44 -623.20581055 -6.10986089
45 -623.19976807 -6.10980165
46 -623.19360352 -6.10974121
47 -623.18591309 -6.10966581
48 -623.17620850 -6.10957067
49 -623.16967773 -6.10950664
50 -623.16333008 -6.10944441
51 -623.15783691 -6.10939056
52 -623.14752197 -6.10928943
53 -623.15118408 -6.10932533
54 -623.14208984 -6.10923617
55 -623.14581299 -6.10927268
56 -623.13275146 -6.10914462
57 -623.12133789 -6.10903272
58 -623.11602783 -6.10898067
59 -623.10656738 -6.10888792
60 -623.10424805 -6.10886518
61 -623.09136963 -6.10873892
62 -623.08746338 -6.10870062
63 -623.08349609 -6.10866173
64 -623.08129883 -6.10864018
65 -623.07708740 -6.10859890
66 -623.07226562 -6.10855162
67 -623.05987549 -6.10843015
68 -623.06585693 -6.10848879
69 -623.05853271 -6.10841699
70 -623.05303955 -6.10836313
71 -623.04913330 -6.10832484
72 -623.05108643 -6.10834398
73 -623.04699707 -6.10830389
74 -623.04260254 -6.10826081
75 -623.04418945 -6.10827637
76 -623.05004883 -6.10833381
77 -623.04235840 -6.10825842
78 -623.02740479 -6.10811181
79 -623.02532959 -6.10809147
80 -623.02111816 -6.10805018
81 -623.01245117 -6.10796521
82 -623.01153564 -6.10795623
83 -623.00097656 -6.10785271
84 -622.99920654 -6.10783536
85 -622.98559570 -6.10770192
86 -622.97961426 -6.10764328
87 -622.98681641 -6.10771389
88 -622.98425293 -6.10768875
89 -622.97357178 -6.10758404
90 -622.96716309 -6.10752121
91 -622.96392822 -6.10748949
92 -622.95269775 -6.10737939
93 -622.95159912 -6.10736862
94 -622.94763184 -6.10732972
95 -622.94134521 -6.10726809
96 -622.94171143 -6.10727168
97 -622.93554688 -6.10721124
98 -622.92578125 -6.10711550
99 -622.92260742 -6.10708439
100 -622.92449951 -6.10710294
101 -622.91876221 -6.10704669
102 -622.90014648 -6.10686418
103 -622.88714600 -6.10673673
104 -622.88067627 -6.10667330
105 -622.87170410 -6.10658533
106 -622.87768555 -6.10664398
107 -622.86114502 -6.10648181
108 -622.86639404 -6.10653327
109 -622.86810303 -6.10655003
110 -622.87091064 -6.10657756
111 -622.86755371 -6.10654464
112 -622.86163330 -6.10648660
113 -622.86859131 -6.10655482
114 -622.86120605 -6.10648241
115 -622.85485840 -6.10642018
116 -622.85009766 -6.10637351
117 -622.85321045 -6.10640402
118 -622.84185791 -6.10629272
119 -622.84539795 -6.10632743
120 -622.84002686 -6.10627477
121 -622.85003662 -6.10637291
122 -622.82922363 -6.10616886
123 -622.82202148 -6.10609825
124 -622.82269287 -6.10610483
125 -622.82574463 -6.10613475
126 -622.81591797 -6.10603841
127 -622.81506348 -6.10603003
128 -622.80041504 -6.10588642
129 -622.79925537 -6.10587505
130 -622.78662109 -6.10575119
131 -622.78790283 -6.10576375
132 -622.78546143 -6.10573982
133 -622.78381348 -6.10572366
134 -622.78381348 -6.10572366
135 -622.77850342 -6.10567160
136 -622.76843262 -6.10557287
137 -622.76306152 -6.10552021
138 -622.77020264 -6.10559022
139 -622.77954102 -6.10568177
140 -622.77404785 -6.10562792
141 -622.77478027 -6.10563510
142 -622.78106689 -6.10569673
143 -622.78546143 -6.10573982
144 -622.78576660 -6.10574281
145 -622.78277588 -6.10571349
146 -622.77563477 -6.10564348
147 -622.77349854 -6.10562253
148 -622.77520752 -6.10563929
149 -622.77618408 -6.10564886
150 -622.77581787 -6.10564527
151 -622.77270508 -6.10561476
152 -622.77374268 -6.10562493
153 -622.77270508 -6.10561476
154 -622.77624512 -6.10564946
155 -622.76629639 -6.10555193
156 -622.76672363 -6.10555611
157 -622.76873779 -6.10557586
158 -622.76324463 -6.10552201
159 -622.76348877 -6.10552440
160 -622.75567627 -6.10544781
161 -622.75811768 -6.10547174
162 -622.75726318 -6.10546336
163 -622.75585938 -6.10544960
164 -622.75469971 -6.10543823
165 -622.75585938 -6.10544960
166 -622.75122070 -6.10540412
167 -622.74981689 -6.10539036
168 -622.74304199 -6.10532394
169 -622.73638916 -6.10525872
170 -622.73937988 -6.10528804
171 -622.73742676 -6.10526889
172 -622.73822021 -6.10527667
173 -622.74200439 -6.10531377
174 -622.74456787 -6.10533890
175 -622.73822021 -6.10527667
176 -622.73449707 -6.10524017
177 -622.73114014 -6.10520726
178 -622.73095703 -6.10520546
179 -622.72320557 -6.10512947
180 -622.72644043 -6.10516118
181 -622.71691895 -6.10506783
182 -622.70916748 -6.10499184
183 -622.70654297 -6.10496611
184 -622.70550537 -6.10495594
185 -622.70404053 -6.10494157
186 -622.70098877 -6.10491165
187 -622.70043945 -6.10490627
188 -622.69995117 -6.10490148
189 -622.68804932 -6.10478480
190 -622.69573975 -6.10486019
191 -622.69250488 -6.10482848
192 -622.68280029 -6.10473334
193 -622.68200684 -6.10472556
194 -622.68835449 -6.10478779
195 -622.67608643 -6.10466751
196 -622.67944336 -6.10470043
197 -622.66900635 -6.10459810
198 -622.67224121 -6.10462982
199 -622.66387939 -6.10454784
200 -622.66259766 -6.10453527
201 -622.65625000 -6.10447304
202 -622.65179443 -6.10442936
203 -622.65032959 -6.10441500
204 -622.64678955 -6.10438029
205 -622.63366699 -6.10425164
206 -622.63970947 -6.10431088
207 -622.63214111 -6.10423668
208 -622.63610840 -6.10427557
209 -622.62658691 -6.10418222
210 -622.62145996 -6.10413196
211 -622.61566162 -6.10407511
212 -622.62060547 -6.10412358
213 -622.61920166 -6.10410982
214 -622.61865234 -6.10410443
215 -622.61767578 -6.10409486
216 -622.61181641 -6.10403742
217 -622.61132812 -6.10403263
218 -622.62011719 -6.10411880
219 -622.60931396 -6.10401288
220 -622.60742188 -6.10399433
221 -622.60949707 -6.10401468
222 -622.61029053 -6.10402246
223 -622.60314941 -6.10395245
224 -622.59136963 -6.10383696
225 -622.59289551 -6.10385192
226 -622.58801270 -6.10380405
227 -622.58673096 -6.10379148
228 -622.58398438 -6.10376455
229 -622.58343506 -6.10375917
230 -622.58825684 -6.10380644
231 -622.58508301 -6.10377532
232 -622.58447266 -6.10376934
233 -622.58099365 -6.10373523
234 -622.58276367 -6.10375259
235 -622.57891846 -6.10371489
236 -622.57769775 -6.10370292
237 -622.57965088 -6.10372207
238 -622.58111572 -6.10373643
239 -622.57922363 -6.10371788
240 -622.58294678 -6.10375438
241 -622.58239746 -6.10374899
242 -622.58038330 -6.10372925
243 -622.58111572 -6.10373643
244 -622.58056641 -6.10373104
245 -622.58325195 -6.10375737
246 -622.58251953 -6.10375019
247 -622.58093262 -6.10373463
248 -622.57965088 -6.10372207
249 -622.57586670 -6.10368497
250 -622.57611084 -6.10368736
251 -622.57464600 -6.10367300
252 -622.57556152 -6.10368198
253 -622.57861328 -6.10371189
254 -622.57556152 -6.10368198
255 -622.57659912 -6.10369215
256 -622.57537842 -6.10368018
257 -622.57275391 -6.10365445
258 -622.56481934 -6.10357666
259 -622.56372070 -6.10356589
260 -622.56213379 -6.10355033
261 -622.56097412 -6.10353896
262 -622.55847168 -6.10351443
263 -622.55194092 -6.10345040
264 -622.55444336 -6.10347493
265 -622.55291748 -6.10345998
266 -622.54309082 -6.10336364
267 -622.54205322 -6.10335346
268 -622.53723145 -6.10330619
269 -622.52758789 -6.10321165
270 -622.52844238 -6.10322002
271 -622.53051758 -6.10324037
272 -622.52282715 -6.10316497
273 -622.51855469 -6.10312309
274 -622.51751709 -6.10311291
275 -622.50927734 -6.10303213
276 -622.51300049 -6.10306863
277 -622.50640869 -6.10300401
278 -622.50567627 -6.10299683
279 -622.49261475 -6.10286877
280 -622.49633789 -6.10290527
281 -622.49676514 -6.10290946
282 -622.49353027 -6.10287775
283 -622.48577881 -6.10280175
284 -622.47863770 -6.10273174
285 -622.47601318 -6.10270601
286 -622.47009277 -6.10264797
287 -622.46649170 -6.10261266
288 -622.46069336 -6.10255582
289 -622.45513916 -6.10250136
290 -622.45507812 -6.10250077
291 -622.44152832 -6.10236792
292 -622.43383789 -6.10229253
293 -622.42968750 -6.10225184
294 -622.42474365 -6.10220337
295 -622.42053223 -6.10216208
296 -622.40570068 -6.10201667
297 -622.39855957 -6.10194666
298 -622.39996338 -6.10196043
299 -622.39636230 -6.10192512
300 -622.40350342 -6.10199513
301 -622.40771484 -6.10203642
302 -622.40478516 -6.10200770
303 -622.40795898 -6.10203881
304 -622.41180420 -6.10207651
305 -622.40014648 -6.10196222
306 -622.40039062 -6.10196461
307 -622.40466309 -6.10200650
308 -622.40643311 -6.10202385
309 -622.41680908 -6.10212558
310 -622.40881348 -6.10204719
311 -622.40026855 -6.10196342
312 -622.39147949 -6.10187725
313 -622.38372803 -6.10180126
314 -622.38098145 -6.10177433
315 -622.37829590 -6.10174800
316 -622.38275146 -6.10179168
317 -622.38330078 -6.10179707
318 -622.38867188 -6.10184972
319 -622.39001465 -6.10186289
320 -622.38153076 -6.10177971
321 -622.37438965 -6.10170970
322 -622.37194824 -6.10168577
323 -622.37426758 -6.10170851
324 -622.36242676 -6.10159242
325 -622.36602783 -6.10162772
326 -622.37408447 -6.10170671
327 -622.36981201 -6.10166482
328 -622.36621094 -6.10162952
329 -622.36480713 -6.10161576
330 -622.37445068 -6.10171030
331 -622.36291504 -6.10159721
332 -622.35595703 -6.10152899
333 -622.35241699 -6.10149428
334 -622.34875488 -6.10145838
335 -622.34240723 -6.10139615
336 -622.35052490 -6.10147573
337 -622.35321045 -6.10150206
338 -622.34667969 -6.10143804
339 -622.34332275 -6.10140513
340 -622.33807373 -6.10135366
341 -622.33764648 -6.10134948
342 -622.32385254 -6.10121424
343 -622.31884766 -6.10116517
344 -622.32165527 -6.10119270
345 -622.32696533 -6.10124476
346 -622.32141113 -6.10119031
347 -622.31555176 -6.10113286
348 -622.31390381 -6.10111670
349 -622.31158447 -6.10109397
350 -622.30841064 -6.10106285
351 -622.29382324 -6.10091984
352 -622.28430176 -6.10082649
353 -622.28826904 -6.10086538
354 -622.29241943 -6.10090607
355 -622.29132080 -6.10089530
356 -622.27862549 -6.10077084
357 -622.27569580 -6.10074212
358 -622.26568604 -6.10064398
359 -622.26416016 -6.10062902
360 -622.26904297 -6.10067689
361 -622.26763916 -6.10066313
362 -622.26806641 -6.10066732
363 -622.26507568 -6.10063800
364 -622.25360107 -6.10052550
365 -622.23754883 -6.10036813
366 -622.23126221 -6.10030649
367 -622.22186279 -6.10021434
368 -622.22479248 -6.10024306
369 -622.21185303 -6.10011621
370 -622.21014404 -6.10009945
371 -622.19628906 -6.09996362
372 -622.19573975 -6.09995823
373 -622.19335938 -6.09993490
374 -622.19268799 -6.09992831
375 -622.19238281 -6.09992532
376 -622.18719482 -6.09987446
377 -622.18890381 -6.09989121
378 -622.18896484 -6.09989181
379 -622.18682861 -6.09987087
380 -622.17816162 -6.09978590
381 -622.17681885 -6.09977273
382 -622.16442871 -6.09965126
383 -622.15698242 -6.09957826
384 -622.14978027 -6.09950765
385 -622.15979004 -6.09960578
386 -622.15350342 -6.09954415
387 -622.15582275 -6.09956689
388 -622.15319824 -6.09954116
389 -622.15295410 -6.09953877
390 -622.15216064 -6.09953099
391 -622.14080811 -6.09941969
392 -622.13073730 -6.09932095
393 -622.12457275 -6.09926052
394 -622.13092041 -6.09932275
395 -622.12786865 -6.09929283
396 -622.11688232 -6.09918512
397 -622.11871338 -6.09920307
398 -622.12145996 -6.09923000
399 -622.11834717 -6.09919948
400 -622.10974121 -6.09911511
401 -622.10888672 -6.09910673
402 -622.11065674 -6.09912409
