0 -846.18957520 -7.05157979
1 -844.11322021 -7.03427684
2 -842.16821289 -7.01806844
3 -840.45959473 -7.00382996
4 -839.92041016 -6.99933675
5 -838.11346436 -6.98427887
6 -836.90301514 -6.97419179
7 -833.97924805 -6.94982707
8 -832.53936768 -6.93782806
9 -828.19927979 -6.90166066
10 -827.79095459 -6.89825795
11 -827.40655518 -6.89505463
12 -825.68121338 -6.88067678
13 -821.64367676 -6.84703064
14 -822.25170898 -6.85209757
15 -822.24462891 -6.85203857
16 -821.70263672 -6.84752197
17 -820.47973633 -6.83733114
18 -819.27349854 -6.82727915
19 -816.45910645 -6.80382589
20 -816.24359131 -6.80202993
21 -813.96862793 -6.78307190
22 -815.81213379 -6.79843445
23 -816.92565918 -6.80771383
24 -814.52154541 -6.78767955
25 -811.62792969 -6.76356608
26 -808.75805664 -6.73965047
27 -808.10467529 -6.73420563
28 -803.95343018 -6.69961192
29 -802.99121094 -6.69159342
30 -800.81823730 -6.67348531
31 -799.13732910 -6.65947774
32 -796.95745850 -6.64131215
33 -796.71069336 -6.63925578
34 -792.48681641 -6.60405680
35 -790.57720947 -6.58814341
36 -789.40234375 -6.57835286
37 -787.87145996 -6.56559550
38 -788.07312012 -6.56727600
39 -782.67889404 -6.52232412
40 -778.43499756 -6.48695831
41 -779.18829346 -6.49323578
42 -780.19854736 -6.50165456
43 -776.99090576 -6.47492421
44 -778.52380371 -6.48769836
45 -777.19006348 -6.47658386
46 -775.56665039 -6.46305542
47 -770.09179688 -6.41743164
48 -770.12347412 -6.41769562
49 -767.53271484 -6.39610596
50 -768.62792969 -6.40523275
51 -767.84143066 -6.39867859
52 -769.10888672 -6.40924072
53 -767.15209961 -6.39293416
54 -762.03845215 -6.35032043
55 -759.87280273 -6.33227336
56 -759.13055420 -6.32608795
57 -755.19494629 -6.29329122
58 -756.23645020 -6.30197042
59 -754.50329590 -6.28752747
60 -751.16766357 -6.25973053
61 -744.33489990 -6.20279083
62 -744.27966309 -6.20233053
63 -743.30645752 -6.19422048
64 -747.12719727 -6.22605998
65 -744.15234375 -6.20126953
66 -744.04278564 -6.20035655
67 -737.78698730 -6.14822489
68 -735.23950195 -6.12699585
69 -732.53918457 -6.10449320
70 -734.34149170 -6.11951243
71 -731.99737549 -6.09997813
72 -729.52313232 -6.07935944
73 -730.52441406 -6.08770345
74 -722.88214111 -6.02401784
75 -718.95428467 -5.99128571
76 -714.93249512 -5.95777079
77 -721.54937744 -6.01291148
78 -718.05151367 -5.98376261
79 -712.75866699 -5.93965556
80 -715.95837402 -5.96631978
81 -709.25207520 -5.91043396
82 -713.96508789 -5.94970907
83 -716.29888916 -5.96915741
84 -713.45733643 -5.94547780
85 -708.97650146 -5.90813751
86 -705.22448730 -5.87687073
87 -703.97967529 -5.86649729
88 -697.87670898 -5.81563924
89 -696.48278809 -5.80402323
90 -691.94274902 -5.76618958
91 -692.62908936 -5.77190908
92 -690.19543457 -5.75162862
93 -691.28265381 -5.76068878
94 -687.91680908 -5.73264008
95 -693.62011719 -5.78016764
96 -690.91156006 -5.75759633
97 -687.19128418 -5.72659403
98 -687.48876953 -5.72907308
99 -693.30798340 -5.77756653
100 -689.54125977 -5.74617716
101 -692.07043457 -5.76725362
102 -689.15185547 -5.74293213
103 -691.84332275 -5.76536102
104 -688.67242432 -5.73893687
105 -686.81732178 -5.72347768
106 -687.71728516 -5.73097738
107 -686.22900391 -5.71857503
108 -687.55645752 -5.72963715
109 -688.46118164 -5.73717651
110 -682.14666748 -5.68455556
111 -679.07489014 -5.65895742
112 -677.98132324 -5.64984436
113 -684.61859131 -5.70515493
114 -682.19415283 -5.68495127
115 -679.10803223 -5.65923360
116 -678.34332275 -5.65286102
117 -676.43908691 -5.63699239
118 -681.56707764 -5.67972565
119 -682.86871338 -5.69057261
120 -680.19055176 -5.66825460
121 -672.91644287 -5.60763702
122 -673.65856934 -5.61382141
123 -675.81323242 -5.63177694
124 -675.86053467 -5.63217112
125 -669.99865723 -5.58332214
126 -664.08734131 -5.53406118
127 -663.25469971 -5.52712250
128 -661.07415771 -5.50895131
129 -654.78802490 -5.45656687
130 -652.99700928 -5.44164174
131 -648.79760742 -5.40664673
132 -650.20227051 -5.41835225
133 -650.60101318 -5.42167511
134 -653.40808105 -5.44506734
135 -649.06750488 -5.40889587
136 -647.62951660 -5.39691264
137 -647.93823242 -5.39948527
138 -646.20562744 -5.38504690
139 -643.47290039 -5.36227417
140 -646.73248291 -5.38943736
141 -646.21118164 -5.38509318
142 -638.45880127 -5.32049001
143 -637.91955566 -5.31599630
144 -634.98779297 -5.29156494
145 -629.88171387 -5.24901428
146 -630.12921143 -5.25107676
147 -620.13714600 -5.16780955
148 -626.20056152 -5.21833801
149 -627.30444336 -5.22753703
150 -631.12927246 -5.25941060
151 -629.18170166 -5.24318085
152 -628.60363770 -5.23836365
153 -630.17907715 -5.25149231
154 -628.95599365 -5.24129995
155 -630.75042725 -5.25625356
156 -629.83813477 -5.24865112
157 -626.28845215 -5.21907043
158 -630.97894287 -5.25815786
159 -622.44830322 -5.18706919
160 -629.79669189 -5.24830577
161 -628.99078369 -5.24158986
162 -628.47009277 -5.23725077
163 -631.35791016 -5.26131592
164 -619.31127930 -5.16092733
165 -623.22918701 -5.19357656
166 -622.94622803 -5.19121857
167 -620.15917969 -5.16799316
168 -624.26831055 -5.20223592
169 -615.84997559 -5.13208313
170 -612.05895996 -5.10049133
171 -609.56823730 -5.07973531
172 -609.32458496 -5.07770487
173 -612.58532715 -5.10487773
174 -611.32177734 -5.09434814
175 -608.32366943 -5.06936391
176 -607.44732666 -5.06206106
177 -610.91583252 -5.09096527
178 -609.39965820 -5.07833049
179 -603.09155273 -5.02576294
180 -603.44476318 -5.02870636
181 -601.73876953 -5.01448975
182 -594.47521973 -4.95396016
183 -585.27630615 -4.87730255
184 -584.74749756 -4.87289581
185 -578.65625000 -4.82213542
186 -566.60876465 -4.72173971
187 -563.99371338 -4.69994761
188 -561.23095703 -4.67692464
189 -551.23522949 -4.59362691
190 -544.95050049 -4.54125417
191 -558.46374512 -4.65386454
192 -557.21472168 -4.64345601
193 -556.19030762 -4.63491923
194 -561.11120605 -4.67592672
195 -547.49291992 -4.56244100
196 -552.13940430 -4.60116170
197 -556.94702148 -4.64122518
198 -552.63793945 -4.60531616
199 -564.98937988 -4.70824483
200 -577.76464844 -4.81470540
201 -579.40631104 -4.82838593
202 -571.84912109 -4.76540934
203 -575.80615234 -4.79838460
204 -584.05560303 -4.86713003
205 -591.44018555 -4.92866821
206 -593.90631104 -4.94921926
207 -599.06280518 -4.99219004
208 -604.85748291 -5.04047902
209 -601.80773926 -5.01506449
210 -601.01416016 -5.00845133
211 -596.00994873 -4.96674957
212 -596.49188232 -4.97076569
213 -585.46392822 -4.87886607
214 -593.73791504 -4.94781596
215 -595.64978027 -4.96374817
216 -584.40002441 -4.87000020
217 -577.52008057 -4.81266734
218 -574.69641113 -4.78913676
219 -571.31884766 -4.76099040
220 -565.38610840 -4.71155090
221 -561.89160156 -4.68243001
222 -561.44073486 -4.67867279
223 -561.09185791 -4.67576548
224 -566.79437256 -4.72328644
225 -552.36004639 -4.60300039
226 -551.48840332 -4.59573669
227 -557.57946777 -4.64649556
228 -568.84381104 -4.74036509
229 -569.74493408 -4.74787445
230 -566.76452637 -4.72303772
231 -568.67919922 -4.73899333
232 -566.86791992 -4.72389933
233 -571.95178223 -4.76626485
234 -569.86108398 -4.74884237
235 -573.83081055 -4.78192342
236 -568.73583984 -4.73946533
237 -563.95239258 -4.69960327
238 -568.29687500 -4.73580729
239 -563.22534180 -4.69354451
240 -561.29656982 -4.67747142
241 -552.39562988 -4.60329692
242 -555.75415039 -4.63128459
243 -563.72979736 -4.69774831
244 -567.15905762 -4.72632548
245 -561.69061279 -4.68075511
246 -560.79956055 -4.67332967
247 -569.28546143 -4.74404551
248 -571.82275391 -4.76518962
249 -578.37695312 -4.81980794
250 -572.03692627 -4.76697439
251 -557.47827148 -4.64565226
252 -562.58447266 -4.68820394
253 -557.25964355 -4.64383036
254 -556.08300781 -4.63402507
255 -547.91943359 -4.56599528
256 -543.28234863 -4.52735291
257 -552.50976562 -4.60424805
258 -552.71801758 -4.60598348
259 -558.24938965 -4.65207825
260 -551.99566650 -4.59996389
261 -557.85168457 -4.64876404
262 -543.72650146 -4.53105418
263 -541.04998779 -4.50874990
264 -530.18536377 -4.41821136
265 -540.60711670 -4.50505931
266 -532.89154053 -4.44076284
267 -541.26086426 -4.51050720
268 -534.88354492 -4.45736287
269 -536.99377441 -4.47494812
270 -529.22430420 -4.41020253
271 -525.98504639 -4.38320872
272 -525.94976807 -4.38291473
273 -507.13214111 -4.22610118
274 -518.09533691 -4.31746114
275 -525.85339355 -4.38211161
276 -520.66699219 -4.33889160
277 -520.58709717 -4.33822581
278 -510.75415039 -4.25628459
279 -516.00390625 -4.30003255
280 -515.34344482 -4.29452871
281 -504.01245117 -4.20010376
282 -503.55035400 -4.19625295
283 -503.19909668 -4.19332581
284 -497.91412354 -4.14928436
285 -475.76104736 -3.96467539
286 -466.46289062 -3.88719076
287 -500.06851196 -4.16723760
288 -455.14398193 -3.79286652
289 -470.08471680 -3.91737264
290 -468.64300537 -3.90535838
291 -494.13055420 -4.11775462
292 -501.31628418 -4.17763570
293 -508.17999268 -4.23483327
294 -507.14834595 -4.22623622
295 -493.03942871 -4.10866191
296 -503.30761719 -4.19423014
297 -357.45355225 -2.97877960
298 -449.00555420 -3.74171295
299 -493.28356934 -4.11069641
300 -480.58575439 -4.00488129
301 -477.55651855 -3.97963765
302 -495.04876709 -4.12540639
303 -460.48156738 -3.83734639
304 -479.47644043 -3.99563700
