0 -715.16931152 -6.87662800
1 -714.12243652 -6.86656189
2 -712.86804199 -6.85450040
3 -710.71789551 -6.83382592
4 -709.10760498 -6.81834236
5 -707.87255859 -6.80646691
6 -706.47113037 -6.79299164
7 -704.66363525 -6.77561188
8 -703.30737305 -6.76257089
9 -700.57836914 -6.73633047
10 -698.54388428 -6.71676812
11 -696.67962646 -6.69884256
12 -694.20178223 -6.67501714
13 -690.34606934 -6.63794297
14 -689.32464600 -6.62812160
15 -687.20324707 -6.60772353
16 -685.91259766 -6.59531344
17 -684.14099121 -6.57827876
18 -680.03564453 -6.53880427
19 -680.25585938 -6.54092172
20 -680.20123291 -6.54039647
21 -677.96215820 -6.51886691
22 -678.52752686 -6.52430314
23 -676.61914062 -6.50595328
24 -676.37939453 -6.50364802
25 -674.54901123 -6.48604818
26 -671.51483154 -6.45687338
27 -669.83563232 -6.44072723
28 -667.69934082 -6.42018597
29 -663.73748779 -6.38209123
30 -661.52880859 -6.36085393
31 -656.06945801 -6.30836017
32 -651.93762207 -6.26863098
33 -647.38977051 -6.22490164
34 -647.57409668 -6.22667401
35 -644.42480469 -6.19639235
36 -644.70507812 -6.19908729
37 -641.46252441 -6.16790889
38 -639.86407471 -6.15253918
39 -632.49194336 -6.08165330
40 -634.30895996 -6.09912462
41 -626.95812988 -6.02844356
42 -624.22906494 -6.00220255
43 -619.20202637 -5.95386564
44 -618.00909424 -5.94239514
45 -620.44348145 -5.96580271
46 -620.02575684 -5.96178612
47 -618.38012695 -5.94596276
48 -616.17980957 -5.92480586
49 -614.97998047 -5.91326904
50 -610.45568848 -5.86976624
51 -614.74597168 -5.91101896
52 -604.67846680 -5.81421603
53 -608.31964111 -5.84922732
54 -609.19799805 -5.85767306
55 -604.11853027 -5.80883202
56 -604.33386230 -5.81090252
57 -597.41259766 -5.74435190
58 -588.04064941 -5.65423701
59 -585.87341309 -5.63339820
60 -588.75988770 -5.66115277
61 -586.88623047 -5.64313683
62 -584.59814453 -5.62113601
63 -578.00457764 -5.55773632
64 -586.32769775 -5.63776632
65 -588.01403809 -5.65398114
66 -582.91333008 -5.60493587
67 -582.46691895 -5.60064345
68 -581.41253662 -5.59050516
69 -584.79193115 -5.62299934
70 -580.49908447 -5.58172197
71 -584.84631348 -5.62352224
72 -580.49798584 -5.58171140
73 -583.10705566 -5.60679861
74 -575.03442383 -5.52917715
75 -574.74163818 -5.52636191
76 -577.37152100 -5.55164924
77 -581.75408936 -5.59378932
78 -581.59399414 -5.59224994
79 -580.99969482 -5.58653553
80 -576.37432861 -5.54206085
81 -579.34912109 -5.57066463
82 -583.48406982 -5.61042375
83 -585.28320312 -5.62772311
84 -579.36035156 -5.57077261
85 -581.49755859 -5.59132268
86 -583.21362305 -5.60782330
87 -577.26464844 -5.55062162
88 -566.27209473 -5.44492399
89 -565.48693848 -5.43737441
90 -565.76562500 -5.44005409
91 -562.96301270 -5.41310589
92 -566.75360107 -5.44955386
93 -562.47070312 -5.40837215
94 -560.67620850 -5.39111739
95 -551.92272949 -5.30694932
96 -548.22283936 -5.27137346
97 -552.84643555 -5.31583111
98 -542.89465332 -5.22014090
99 -539.66174316 -5.18905522
100 -544.57952881 -5.23634162
101 -542.75317383 -5.21878052
102 -543.65637207 -5.22746512
103 -548.32556152 -5.27236117
104 -545.73089600 -5.24741246
105 -540.86224365 -5.20059850
106 -536.61047363 -5.15971609
107 -534.12841797 -5.13585017
108 -532.02984619 -5.11567160
109 -514.97875977 -4.95171884
110 -510.81137085 -4.91164780
111 -498.37185669 -4.79203708
112 -487.50207520 -4.68751995
113 -492.01306152 -4.73089482
114 -478.17913818 -4.59787633
115 -474.56317139 -4.56310742
116 -458.18182373 -4.40559446
117 -445.80987549 -4.28663342
118 -445.81097412 -4.28664398
119 -438.68750000 -4.21814904
120 -444.89251709 -4.27781266
121 -444.54290771 -4.27445104
122 -447.85742188 -4.30632136
123 -442.41973877 -4.25403595
124 -452.24969482 -4.34855476
125 -434.20361328 -4.17503474
126 -438.17010498 -4.21317409
127 -432.01571655 -4.15399727
128 -437.48263550 -4.20656380
129 -430.57339478 -4.14012880
130 -427.78497314 -4.11331705
131 -438.12738037 -4.21276327
132 -426.02868652 -4.09642968
133 -417.24835205 -4.01200339
134 -415.47412109 -3.99494347
135 -414.60131836 -3.98655114
136 -412.84143066 -3.96962914
137 -418.62020874 -4.02519431
138 -430.84613037 -4.14275125
139 -440.73245239 -4.23781204
140 -456.51858521 -4.38960178
141 -451.61294556 -4.34243217
142 -451.55731201 -4.34189723
143 -462.11016846 -4.44336700
144 -466.47259521 -4.48531342
145 -461.94070435 -4.44173754
146 -457.88537598 -4.40274400
147 -466.44635010 -4.48506106
148 -455.50292969 -4.37983586
149 -448.42810059 -4.31180866
150 -448.01287842 -4.30781614
151 -442.97668457 -4.25939120
152 -420.42419434 -4.04254033
153 -420.17663574 -4.04015996
154 -327.36151123 -3.14770684
155 -374.86904907 -3.60451009
156 -292.62530518 -2.81370486
157 -289.52014160 -2.78384752
158 -375.17776489 -3.60747851
159 -288.71508789 -2.77610661
160 -238.60604858 -2.29428893
161 -358.88421631 -3.45080977
162 -377.12725830 -3.62622364
163 -426.96331787 -4.10541652
164 -377.68713379 -3.63160706
165 -398.12976074 -3.82817078
166 -423.88299561 -4.07579803
167 -420.31451416 -4.04148571
168 -387.09683228 -3.72208493
169 -407.56304932 -3.91887547
170 -405.24542236 -3.89659060
171 -392.90728760 -3.77795469
172 -394.12957764 -3.78970748
173 -400.96847534 -3.85546611
174 -422.94616699 -4.06679007
175 -416.43313599 -4.00416477
176 -418.45001221 -4.02355781
177 -414.04528809 -3.98120469
178 -397.77770996 -3.82478567
179 -333.15100098 -3.20337501
180 -314.42779541 -3.02334419
181 -203.93649292 -1.96092782
182 -167.96571350 -1.61505494
183 -222.91314697 -2.14339564
184 -367.94680786 -3.53795008
185 -393.18615723 -3.78063613
186 -394.98773193 -3.79795896
187 -397.34185791 -3.82059479
188 -368.81411743 -3.54628959
189 -358.20953369 -3.44432244
190 -381.20687866 -3.66545076
191 -373.00115967 -3.58654961
192 -345.17132568 -3.31895505
193 -339.21511841 -3.26168383
194 -340.06478882 -3.26985374
195 -341.15020752 -3.28029046
196 -351.78454590 -3.38254371
197 -375.29962158 -3.60865021
198 -380.54602051 -3.65909635
199 -377.55517578 -3.63033823
200 -397.52249146 -3.82233165
201 -381.03118896 -3.66376143
202 -378.63018799 -3.64067488
203 -366.31134033 -3.52222443
204 -362.92535400 -3.48966687
205 -334.36871338 -3.21508378
206 -170.25401306 -1.63705782
