0 -669.27124023 -6.69271240
1 -666.64764404 -6.66647644
2 -663.07434082 -6.63074341
3 -656.13470459 -6.56134705
4 -651.25012207 -6.51250122
5 -646.05297852 -6.46052979
6 -643.80004883 -6.43800049
7 -639.37335205 -6.39373352
8 -637.72583008 -6.37725830
9 -637.64038086 -6.37640381
10 -634.27868652 -6.34278687
11 -629.95526123 -6.29955261
12 -622.02526855 -6.22025269
13 -620.57873535 -6.20578735
14 -616.56311035 -6.16563110
15 -617.69921875 -6.17699219
16 -612.15747070 -6.12157471
17 -608.08129883 -6.08081299
18 -606.22875977 -6.06228760
19 -600.30767822 -6.00307678
20 -599.47509766 -5.99475098
21 -602.19348145 -6.02193481
22 -598.35595703 -5.98355957
23 -589.35058594 -5.89350586
24 -583.92736816 -5.83927368
