0 -646.69378662 -6.21820949
1 -646.65966797 -6.21788142
2 -646.64617920 -6.21775172
3 -646.59320068 -6.21724231
4 -646.53057861 -6.21664018
5 -646.55059814 -6.21683267
6 -646.51843262 -6.21652339
7 -646.52191162 -6.21655684
8 -646.50079346 -6.21635378
9 -646.48236084 -6.21617655
10 -646.46441650 -6.21600400
11 -646.41680908 -6.21554624
12 -646.38983154 -6.21528684
13 -646.34899902 -6.21489422
14 -646.35845947 -6.21498519
15 -646.31842041 -6.21460020
16 -646.31695557 -6.21458611
17 -646.27038574 -6.21413832
18 -646.27362061 -6.21416943
19 -646.20764160 -6.21353502
20 -646.17034912 -6.21317643
21 -646.09368896 -6.21243932
22 -646.04779053 -6.21199799
23 -646.03283691 -6.21185420
24 -645.99896240 -6.21152848
25 -645.92517090 -6.21081895
26 -645.86303711 -6.21022151
27 -645.74774170 -6.20911290
28 -645.69104004 -6.20856769
29 -645.62939453 -6.20797495
30 -645.56585693 -6.20736401
31 -645.56884766 -6.20739277
32 -645.43536377 -6.20610927
33 -645.41436768 -6.20590738
34 -645.35400391 -6.20532696
35 -645.29998779 -6.20480757
36 -645.23809814 -6.20421248
37 -645.24719238 -6.20429993
38 -645.19995117 -6.20384568
39 -645.23345947 -6.20416788
40 -645.15942383 -6.20345600
41 -645.11248779 -6.20300469
42 -645.13244629 -6.20319660
43 -645.13757324 -6.20324590
44 -645.15600586 -6.20342313
45 -645.21997070 -6.20403818
46 -645.17980957 -6.20365202
47 -645.02850342 -6.20219715
48 -644.95721436 -6.20151168
49 -644.97326660 -6.20166603
50 -644.93450928 -6.20129336
51 -644.87219238 -6.20069416
52 -644.91326904 -6.20108913
53 -644.87896729 -6.20075930
54 -644.79925537 -6.19999284
55 -644.84106445 -6.20039485
56 -644.87042236 -6.20067714
57 -644.88336182 -6.20080156
58 -644.75244141 -6.19954271
59 -644.63598633 -6.19842295
60 -644.48815918 -6.19700153
61 -644.51513672 -6.19726093
62 -644.53027344 -6.19740648
63 -644.49877930 -6.19710365
64 -644.29742432 -6.19516754
65 -644.23150635 -6.19453371
66 -644.19647217 -6.19419685
67 -644.16192627 -6.19386468
68 -644.06677246 -6.19294974
69 -643.88598633 -6.19121141
70 -643.90625000 -6.19140625
71 -643.75225830 -6.18992556
72 -643.62115479 -6.18866495
73 -643.49493408 -6.18745129
74 -643.54937744 -6.18797478
75 -643.36322021 -6.18618481
76 -643.39727783 -6.18651229
77 -643.32922363 -6.18585792
78 -643.26464844 -6.18523700
79 -643.15118408 -6.18414600
80 -643.07342529 -6.18339832
81 -643.07092285 -6.18337426
82 -642.94226074 -6.18213712
83 -642.73364258 -6.18013118
84 -642.68542480 -6.17966755
85 -642.76800537 -6.18046159
86 -642.60583496 -6.17890226
87 -642.64294434 -6.17925908
88 -642.45465088 -6.17744857
89 -642.17926025 -6.17480058
90 -642.19024658 -6.17490622
91 -642.20166016 -6.17501596
92 -642.05657959 -6.17362096
93 -641.96380615 -6.17272891
94 -642.00762939 -6.17315028
95 -642.03454590 -6.17340910
96 -641.83880615 -6.17152698
97 -641.65386963 -6.16974875
98 -641.57153320 -6.16895705
99 -641.35003662 -6.16682728
100 -641.35528564 -6.16687775
101 -641.36242676 -6.16694641
102 -641.57635498 -6.16900341
103 -641.75207520 -6.17069303
104 -641.80761719 -6.17122709
105 -641.87304688 -6.17185622
106 -641.68426514 -6.17004101
107 -641.66107178 -6.16981800
108 -641.46691895 -6.16795114
109 -641.36572266 -6.16697810
110 -641.20819092 -6.16546337
111 -641.22045898 -6.16558134
112 -641.01855469 -6.16363995
113 -641.27246094 -6.16608136
114 -641.10363770 -6.16445805
115 -641.03057861 -6.16375556
116 -640.95623779 -6.16304075
117 -641.04797363 -6.16392282
118 -640.88323975 -6.16233884
119 -640.67761230 -6.16036166
120 -640.32867432 -6.15700648
121 -640.31774902 -6.15690143
122 -640.12487793 -6.15504690
123 -640.04638672 -6.15429218
124 -639.93218994 -6.15319413
125 -639.79339600 -6.15185958
126 -639.75799561 -6.15151919
127 -639.33551025 -6.14745683
128 -639.36126709 -6.14770449
129 -639.21679688 -6.14631535
130 -638.90759277 -6.14334224
131 -638.75756836 -6.14189970
132 -638.74389648 -6.14176824
133 -638.67395020 -6.14109567
134 -638.62493896 -6.14062441
135 -638.52923584 -6.13970419
136 -638.58038330 -6.14019599
137 -638.60357666 -6.14041901
138 -638.45776367 -6.13901696
139 -638.43090820 -6.13875873
140 -638.45410156 -6.13898175
141 -638.39581299 -6.13842128
142 -638.42474365 -6.13869946
143 -638.35937500 -6.13807091
144 -638.13726807 -6.13593527
145 -637.98565674 -6.13447747
146 -637.67816162 -6.13152078
147 -637.66864014 -6.13142923
148 -637.35223389 -6.12838686
149 -636.99926758 -6.12499296
150 -636.66137695 -6.12174401
151 -636.40734863 -6.11930143
152 -636.39410400 -6.11917408
153 -636.52459717 -6.12042882
154 -636.83514404 -6.12341485
155 -636.51049805 -6.12029325
156 -636.59112549 -6.12106851
157 -636.76660156 -6.12275578
158 -636.68994141 -6.12201867
159 -636.84503174 -6.12350992
160 -636.81463623 -6.12321766
161 -636.68792725 -6.12199930
162 -636.57336426 -6.12089773
163 -636.27026367 -6.11798330
164 -636.15386963 -6.11686413
165 -635.65722656 -6.11208872
166 -635.76904297 -6.11316387
167 -635.84875488 -6.11393034
168 -635.89147949 -6.11434115
169 -635.69567871 -6.11245845
170 -635.19659424 -6.10765956
171 -635.07696533 -6.10650928
172 -634.80279541 -6.10387303
173 -634.81945801 -6.10403325
174 -634.50598145 -6.10101905
175 -634.50274658 -6.10098795
176 -634.36285400 -6.09964283
177 -634.75268555 -6.10339121
178 -634.47283936 -6.10070038
179 -634.72668457 -6.10314120
180 -634.68908691 -6.10277968
181 -634.80163574 -6.10386188
182 -634.74188232 -6.10328733
183 -634.91534424 -6.10495523
184 -634.91241455 -6.10492706
185 -634.47857666 -6.10075554
186 -634.34759521 -6.09949611
187 -634.46405029 -6.10061587
188 -633.91491699 -6.09533574
189 -633.84320068 -6.09464616
190 -633.66772461 -6.09295889
191 -633.75360107 -6.09378463
192 -633.39385986 -6.09032558
193 -633.12005615 -6.08769285
194 -633.16741943 -6.08814826
195 -632.82849121 -6.08488934
196 -632.58245850 -6.08252364
197 -632.45849609 -6.08133169
198 -632.48950195 -6.08162983
199 -632.45953369 -6.08134167
200 -632.29064941 -6.07971778
201 -632.37432861 -6.08052239
202 -632.48956299 -6.08163041
203 -632.01483154 -6.07706569
204 -631.68090820 -6.07385489
205 -632.03906250 -6.07729868
206 -631.80883789 -6.07508498
207 -631.73486328 -6.07437369
208 -631.49560547 -6.07207313
209 -631.78308105 -6.07483732
210 -632.00457764 -6.07696709
211 -631.96386719 -6.07657565
212 -631.52050781 -6.07231258
213 -631.77874756 -6.07479565
214 -631.54162598 -6.07251563
215 -631.28295898 -6.07002845
216 -631.38397217 -6.07099973
217 -631.24316406 -6.06964581
218 -630.69335938 -6.06435922
219 -630.21661377 -6.05977513
220 -630.11181641 -6.05876747
221 -630.23754883 -6.05997643
222 -630.31365967 -6.06070827
223 -629.83563232 -6.05611185
224 -629.74102783 -6.05520219
225 -629.72296143 -6.05502848
226 -629.66143799 -6.05443690
227 -629.16650391 -6.04967792
228 -628.91967773 -6.04730459
229 -629.02453613 -6.04831285
230 -628.89953613 -6.04711092
231 -629.43566895 -6.05226605
232 -629.30523682 -6.05101189
233 -628.99633789 -6.04804171
234 -629.02667236 -6.04833339
235 -628.83319092 -6.04647299
236 -628.87200928 -6.04684624
237 -629.00054932 -6.04808220
238 -629.47949219 -6.05268742
239 -629.04827881 -6.04854114
240 -628.90264893 -6.04714086
241 -628.52557373 -6.04351513
242 -628.34545898 -6.04178326
243 -628.36187744 -6.04194113
244 -628.16290283 -6.04002791
245 -627.65771484 -6.03517034
246 -627.13079834 -6.03010383
247 -627.07336426 -6.02955158
248 -627.06164551 -6.02943890
249 -626.55651855 -6.02458191
250 -626.90142822 -6.02789835
251 -626.22888184 -6.02143156
252 -625.72747803 -6.01661037
253 -625.49163818 -6.01434267
254 -624.68518066 -6.00658828
255 -624.72503662 -6.00697151
256 -624.32757568 -6.00314977
257 -623.96563721 -5.99966959
258 -624.12194824 -6.00117258
259 -623.98931885 -5.99989730
260 -623.83465576 -5.99841015
261 -623.25134277 -5.99280137
262 -622.62713623 -5.98679939
263 -622.63970947 -5.98692028
264 -621.94445801 -5.98023517
265 -621.64831543 -5.97738765
266 -621.54583740 -5.97640228
267 -621.15850830 -5.97267796
268 -620.94476318 -5.97062272
269 -621.02899170 -5.97143261
270 -620.78125000 -5.96905048
271 -620.52099609 -5.96654804
272 -620.63079834 -5.96760383
273 -620.00769043 -5.96161241
274 -620.54064941 -5.96673701
275 -620.36633301 -5.96506089
276 -620.33685303 -5.96477743
277 -620.31628418 -5.96457966
278 -620.80944824 -5.96932162
279 -620.95312500 -5.97070312
280 -619.99658203 -5.96150560
281 -619.56140137 -5.95732117
282 -619.26373291 -5.95445897
283 -619.11499023 -5.95302875
284 -618.01281738 -5.94243094
285 -617.99365234 -5.94224666
286 -618.25256348 -5.94473619
287 -618.28033447 -5.94500322
288 -618.68713379 -5.94891475
289 -618.66235352 -5.94867648
290 -618.58770752 -5.94795873
291 -619.08453369 -5.95273590
292 -619.09246826 -5.95281219
293 -618.44366455 -5.94657370
294 -618.43157959 -5.94645750
295 -617.59167480 -5.93838149
296 -617.46472168 -5.93716079
297 -616.23809814 -5.92536633
298 -616.52404785 -5.92811584
299 -616.29931641 -5.92595497
300 -615.98883057 -5.92296952
301 -615.54766846 -5.91872758
302 -615.51654053 -5.91842827
303 -614.29821777 -5.90671363
304 -614.00744629 -5.90391775
305 -613.67163086 -5.90068876
306 -612.96990967 -5.89394144
307 -612.43023682 -5.88875228
308 -612.73150635 -5.89164910
309 -612.05737305 -5.88516705
310 -611.12585449 -5.87621014
311 -611.23651123 -5.87727415
312 -610.61352539 -5.87128390
313 -610.99218750 -5.87492488
314 -610.40008545 -5.86923159
315 -610.77941895 -5.87287903
316 -610.77001953 -5.87278865
317 -610.61572266 -5.87130503
318 -610.41540527 -5.86937890
319 -610.25378418 -5.86782485
320 -609.96893311 -5.86508590
321 -609.52246094 -5.86079289
322 -609.51831055 -5.86075299
323 -609.93737793 -5.86478248
324 -608.80841064 -5.85392703
325 -609.24841309 -5.85815782
326 -608.21960449 -5.84826543
327 -607.89715576 -5.84516496
328 -607.95526123 -5.84572367
329 -607.62597656 -5.84255747
330 -608.04376221 -5.84657464
331 -607.62127686 -5.84251228
332 -608.13293457 -5.84743206
333 -607.77569580 -5.84399708
334 -607.30468750 -5.83946815
335 -607.61486816 -5.84245066
336 -607.76538086 -5.84389789
337 -607.31005859 -5.83951979
338 -606.02966309 -5.82720830
339 -606.03637695 -5.82727286
340 -605.99633789 -5.82688786
341 -605.12097168 -5.81847088
342 -604.19445801 -5.80956210
343 -602.43218994 -5.79261721
344 -601.99468994 -5.78841048
345 -600.38049316 -5.77288936
346 -600.55944824 -5.77461008
347 -600.33496094 -5.77245155
348 -600.21978760 -5.77134411
349 -599.80755615 -5.76738035
350 -598.29797363 -5.75286513
351 -598.53485107 -5.75514280
352 -597.82263184 -5.74829454
353 -597.94146729 -5.74943719
354 -597.97033691 -5.74971478
355 -599.46972656 -5.76413199
356 -598.91534424 -5.75880139
357 -598.39996338 -5.75384580
358 -599.23614502 -5.76188601
359 -599.54553223 -5.76486089
360 -599.52282715 -5.76464257
361 -599.08050537 -5.76038947
362 -598.48516846 -5.75466508
363 -598.35034180 -5.75336867
364 -597.18804932 -5.74219278
365 -597.69622803 -5.74707912
366 -597.08020020 -5.74115577
367 -597.71789551 -5.74728746
368 -596.73132324 -5.73780119
369 -597.82916260 -5.74835733
370 -597.10333252 -5.74137820
371 -596.90942383 -5.73951369
372 -597.86791992 -5.74873000
373 -597.70916748 -5.74720353
374 -596.63549805 -5.73687979
375 -596.69946289 -5.73749484
376 -598.69848633 -5.75671621
377 -597.79699707 -5.74804805
378 -597.16473389 -5.74196860
379 -595.90441895 -5.72985018
380 -594.16766357 -5.71315061
381 -594.40051270 -5.71538955
382 -593.37713623 -5.70554939
383 -592.02874756 -5.69258411
384 -592.43945312 -5.69653320
385 -590.55883789 -5.67845036
386 -589.88153076 -5.67193780
387 -590.31182861 -5.67607528
388 -592.35919189 -5.69576146
389 -591.70220947 -5.68944432
390 -594.25665283 -5.71400628
391 -592.41632080 -5.69631078
392 -590.78594971 -5.68063413
393 -589.89178467 -5.67203639
394 -589.35479736 -5.66687305
395 -590.05853271 -5.67363974
396 -590.38421631 -5.67677131
397 -590.77410889 -5.68052028
398 -590.29669189 -5.67592973
399 -589.09997559 -5.66442284
400 -588.97082520 -5.66318101
401 -590.36810303 -5.67661638
402 -591.61511230 -5.68860685
403 -592.67456055 -5.69879385
404 -593.04400635 -5.70234621
405 -592.12725830 -5.69353133
406 -591.85131836 -5.69087806
407 -591.67712402 -5.68920312
408 -591.15979004 -5.68422875
409 -590.17114258 -5.67472252
410 -589.37536621 -5.66707083
411 -588.81378174 -5.66167098
412 -586.41339111 -5.63859030
413 -585.19635010 -5.62688798
414 -585.77270508 -5.63242986
415 -583.38470459 -5.60946831
416 -581.67083740 -5.59298882
417 -580.47064209 -5.58144848
418 -583.27355957 -5.60839961
419 -583.19396973 -5.60763432
420 -583.71301270 -5.61262512
421 -583.81463623 -5.61360227
422 -584.90771484 -5.62411264
423 -584.26660156 -5.61794809
424 -585.35650635 -5.62842795
425 -585.72009277 -5.63192397
426 -585.29656982 -5.62785163
427 -585.75128174 -5.63222386
428 -585.23925781 -5.62730056
429 -586.42016602 -5.63865544
430 -589.30834961 -5.66642644
431 -591.08453369 -5.68350513
432 -592.84649658 -5.70044708
433 -591.41320801 -5.68666546
434 -593.58673096 -5.70756472
435 -593.31652832 -5.70496662
436 -593.40911865 -5.70585691
437 -594.13702393 -5.71285600
438 -594.59741211 -5.71728281
439 -593.84442139 -5.71004251
440 -593.94909668 -5.71104901
441 -592.08374023 -5.69311289
442 -592.00189209 -5.69232589
443 -591.06994629 -5.68336487
444 -591.78979492 -5.69028649
445 -592.01306152 -5.69243328
446 -591.34478760 -5.68600757
447 -592.30645752 -5.69525440
448 -592.62054443 -5.69827447
449 -592.10217285 -5.69329012
450 -592.80755615 -5.70007266
451 -591.99554443 -5.69226485
452 -589.81292725 -5.67127815
453 -588.87847900 -5.66229307
454 -588.08514404 -5.65466485
455 -588.29156494 -5.65664966
456 -589.37664795 -5.66708315
457 -588.77355957 -5.66128423
458 -589.87084961 -5.67183509
459 -589.99182129 -5.67299828
460 -591.48162842 -5.68732335
461 -592.81964111 -5.70018886
462 -592.74530029 -5.69947404
463 -592.00579834 -5.69236345
464 -591.48498535 -5.68735563
465 -591.03039551 -5.68298457
466 -590.50354004 -5.67791865
467 -590.80523682 -5.68081958
468 -593.08813477 -5.70277053
469 -593.13708496 -5.70324120
470 -595.22424316 -5.72331003
471 -594.00103760 -5.71154844
472 -594.08160400 -5.71232312
473 -594.13861084 -5.71287126
474 -593.26385498 -5.70446014
475 -592.18328857 -5.69407008
476 -592.18066406 -5.69404485
477 -592.41729736 -5.69632017
478 -591.50469971 -5.68754519
479 -591.06695557 -5.68333611
480 -591.91412354 -5.69148196
481 -590.41845703 -5.67710055
482 -590.35089111 -5.67645088
483 -590.90997314 -5.68182666
484 -589.80590820 -5.67121066
485 -589.92828369 -5.67238734
486 -590.70178223 -5.67982483
487 -590.48040771 -5.67769623
488 -590.69067383 -5.67971802
489 -590.85955811 -5.68134190
490 -590.28710938 -5.67583759
491 -588.55377197 -5.65917088
492 -587.99475098 -5.65379568
493 -588.38201904 -5.65751941
494 -588.40173340 -5.65770897
495 -588.28894043 -5.65662443
496 -585.74053955 -5.63212057
497 -584.47290039 -5.61993173
498 -583.20568848 -5.60774700
499 -581.90814209 -5.59527060
500 -582.25695801 -5.59862460
501 -581.45477295 -5.59091128
502 -581.39617920 -5.59034788
503 -580.25543213 -5.57937916
504 -579.00329590 -5.56733938
505 -579.38800049 -5.57103847
506 -580.85601807 -5.58515402
507 -581.97827148 -5.59594492
508 -582.71496582 -5.60302852
509 -582.86248779 -5.60444700
510 -583.39630127 -5.60957982
511 -583.17388916 -5.60744124
512 -582.14953613 -5.59759169
513 -581.30633545 -5.58948399
514 -580.93225098 -5.58588703
515 -579.87835693 -5.57575343
516 -578.81146240 -5.56549483
517 -579.95770264 -5.57651637
518 -580.73327637 -5.58397381
519 -581.12493896 -5.58773980
520 -580.50659180 -5.58179415
521 -582.19531250 -5.59803185
522 -582.64910889 -5.60239528
523 -581.03253174 -5.58685127
524 -582.19671631 -5.59804535
525 -582.23297119 -5.59839395
526 -579.77093506 -5.57472053
527 -582.07971191 -5.59692031
528 -580.45935059 -5.58133991
529 -580.32806396 -5.58007754
530 -580.73223877 -5.58396383
531 -579.89227295 -5.57588724
532 -579.50091553 -5.57212419
533 -577.02990723 -5.54836449
534 -577.98077393 -5.55750744
535 -577.52301025 -5.55310587
536 -575.63995361 -5.53499955
537 -574.88085938 -5.52770057
