0 -724.96557617 -6.04137980
1 -724.95751953 -6.04131266
2 -724.94769287 -6.04123077
3 -724.93585205 -6.04113210
4 -724.93212891 -6.04110107
5 -724.92468262 -6.04103902
6 -724.91369629 -6.04094747
7 -724.90673828 -6.04088949
8 -724.89831543 -6.04081930
9 -724.89312744 -6.04077606
10 -724.88342285 -6.04069519
11 -724.88134766 -6.04067790
12 -724.86590576 -6.04054921
13 -724.85729980 -6.04047750
14 -724.85461426 -6.04045512
15 -724.84143066 -6.04034526
16 -724.84301758 -6.04035848
17 -724.82849121 -6.04023743
18 -724.82409668 -6.04020081
19 -724.82299805 -6.04019165
20 -724.80895996 -6.04007467
21 -724.79858398 -6.03998820
22 -724.79394531 -6.03994954
23 -724.78869629 -6.03990580
24 -724.78973389 -6.03991445
25 -724.78063965 -6.03983866
26 -724.77319336 -6.03977661
27 -724.77459717 -6.03978831
28 -724.75799561 -6.03964996
29 -724.75042725 -6.03958689
30 -724.74340820 -6.03952840
31 -724.74707031 -6.03955892
32 -724.73156738 -6.03942973
33 -724.72778320 -6.03939819
34 -724.71276855 -6.03927307
35 -724.70385742 -6.03919881
36 -724.70959473 -6.03924662
37 -724.71948242 -6.03932902
38 -724.71295166 -6.03927460
39 -724.71295166 -6.03927460
40 -724.70770264 -6.03923086
41 -724.70288086 -6.03919067
42 -724.69891357 -6.03915761
43 -724.69445801 -6.03912048
44 -724.68542480 -6.03904521
45 -724.67810059 -6.03898417
46 -724.67816162 -6.03898468
47 -724.67956543 -6.03899638
48 -724.68182373 -6.03901520
49 -724.67333984 -6.03894450
50 -724.66534424 -6.03887787
51 -724.67578125 -6.03896484
52 -724.66748047 -6.03889567
53 -724.66870117 -6.03890584
54 -724.65826416 -6.03881887
55 -724.65039062 -6.03875326
56 -724.65246582 -6.03877055
57 -724.64721680 -6.03872681
58 -724.64105225 -6.03867544
59 -724.64233398 -6.03868612
60 -724.63616943 -6.03863475
61 -724.63311768 -6.03860931
62 -724.63098145 -6.03859151
63 -724.62316895 -6.03852641
64 -724.62329102 -6.03852743
65 -724.61706543 -6.03847555
66 -724.61346436 -6.03844554
67 -724.61242676 -6.03843689
68 -724.60620117 -6.03838501
69 -724.60510254 -6.03837585
70 -724.59338379 -6.03827820
71 -724.58447266 -6.03820394
72 -724.57373047 -6.03811442
73 -724.57690430 -6.03814087
74 -724.57897949 -6.03815816
75 -724.57751465 -6.03814596
76 -724.57958984 -6.03816325
77 -724.56756592 -6.03806305
78 -724.55627441 -6.03796895
79 -724.56994629 -6.03808289
80 -724.56805420 -6.03806712
81 -724.56268311 -6.03802236
82 -724.56713867 -6.03805949
83 -724.56945801 -6.03807882
84 -724.56079102 -6.03800659
85 -724.55303955 -6.03794200
86 -724.55340576 -6.03794505
87 -724.54260254 -6.03785502
88 -724.53564453 -6.03779704
89 -724.54101562 -6.03784180
90 -724.52221680 -6.03768514
91 -724.51782227 -6.03764852
92 -724.51696777 -6.03764140
93 -724.51354980 -6.03761292
94 -724.51245117 -6.03760376
95 -724.51611328 -6.03763428
96 -724.51690674 -6.03764089
97 -724.50463867 -6.03753866
98 -724.50262451 -6.03752187
99 -724.48876953 -6.03740641
100 -724.46716309 -6.03722636
101 -724.47375488 -6.03728129
102 -724.47534180 -6.03729451
103 -724.46301270 -6.03719177
104 -724.47076416 -6.03725637
105 -724.46069336 -6.03717244
106 -724.46313477 -6.03719279
107 -724.46411133 -6.03720093
108 -724.46374512 -6.03719788
109 -724.46948242 -6.03724569
110 -724.46472168 -6.03720601
111 -724.46337891 -6.03719482
112 -724.45928955 -6.03716075
113 -724.45715332 -6.03714294
114 -724.45019531 -6.03708496
115 -724.44665527 -6.03705546
116 -724.44921875 -6.03707682
117 -724.44042969 -6.03700358
118 -724.42462158 -6.03687185
119 -724.42285156 -6.03685710
120 -724.43231201 -6.03693593
121 -724.42095947 -6.03684133
122 -724.42132568 -6.03684438
123 -724.42456055 -6.03687134
124 -724.40856934 -6.03673808
125 -724.40618896 -6.03671824
126 -724.40014648 -6.03666789
127 -724.40380859 -6.03669840
128 -724.39813232 -6.03665110
129 -724.39312744 -6.03660940
130 -724.38867188 -6.03657227
131 -724.39672852 -6.03663940
132 -724.38433838 -6.03653615
133 -724.38183594 -6.03651530
134 -724.37969971 -6.03649750
135 -724.37719727 -6.03647664
136 -724.37292480 -6.03644104
137 -724.36651611 -6.03638763
138 -724.36541748 -6.03637848
139 -724.37084961 -6.03642375
140 -724.36822510 -6.03640188
141 -724.36419678 -6.03636831
142 -724.36517334 -6.03637644
143 -724.35510254 -6.03629252
144 -724.35760498 -6.03631337
145 -724.35174561 -6.03626455
146 -724.35217285 -6.03626811
147 -724.34918213 -6.03624318
148 -724.34173584 -6.03618113
149 -724.33221436 -6.03610179
150 -724.32348633 -6.03602905
151 -724.31445312 -6.03595378
152 -724.32043457 -6.03600362
153 -724.31207275 -6.03593394
154 -724.31365967 -6.03594716
155 -724.31628418 -6.03596903
156 -724.31604004 -6.03596700
157 -724.30572510 -6.03588104
158 -724.29711914 -6.03580933
159 -724.30969238 -6.03591410
160 -724.29101562 -6.03575846
161 -724.29193115 -6.03576609
162 -724.29864502 -6.03582204
163 -724.30187988 -6.03584900
164 -724.29614258 -6.03580119
165 -724.29132080 -6.03576101
166 -724.29290771 -6.03577423
167 -724.28137207 -6.03567810
168 -724.26885986 -6.03557383
169 -724.25634766 -6.03546956
170 -724.25000000 -6.03541667
171 -724.22839355 -6.03523661
172 -724.22998047 -6.03524984
173 -724.21496582 -6.03512472
174 -724.21496582 -6.03512472
175 -724.20654297 -6.03505452
176 -724.20172119 -6.03501434
177 -724.19195557 -6.03493296
178 -724.18737793 -6.03489482
179 -724.17529297 -6.03479411
180 -724.16790771 -6.03473256
181 -724.14898682 -6.03457489
182 -724.14947510 -6.03457896
183 -724.15008545 -6.03458405
184 -724.14862061 -6.03457184
185 -724.13867188 -6.03448893
186 -724.14068604 -6.03450572
187 -724.13842773 -6.03448690
188 -724.12866211 -6.03440552
189 -724.11657715 -6.03430481
190 -724.12310791 -6.03435923
191 -724.12292480 -6.03435771
192 -724.11486816 -6.03429057
193 -724.11206055 -6.03426717
194 -724.12054443 -6.03433787
195 -724.12402344 -6.03436686
196 -724.11511230 -6.03429260
197 -724.11633301 -6.03430278
198 -724.10925293 -6.03424377
199 -724.10021973 -6.03416850
200 -724.09936523 -6.03416138
201 -724.08361816 -6.03403015
202 -724.08489990 -6.03404083
203 -724.07922363 -6.03399353
204 -724.08905029 -6.03407542
205 -724.07196045 -6.03393300
206 -724.07421875 -6.03395182
207 -724.07910156 -6.03399251
208 -724.08117676 -6.03400981
209 -724.07366943 -6.03394725
210 -724.06744385 -6.03389537
211 -724.07330322 -6.03394419
212 -724.07464600 -6.03395538
213 -724.06500244 -6.03387502
214 -724.06237793 -6.03385315
215 -724.05560303 -6.03379669
216 -724.05279541 -6.03377330
217 -724.04791260 -6.03373260
218 -724.03710938 -6.03364258
219 -724.02404785 -6.03353373
220 -724.02777100 -6.03356476
221 -724.02801514 -6.03356679
222 -724.02740479 -6.03356171
223 -724.02545166 -6.03354543
224 -724.02429199 -6.03353577
225 -724.01647949 -6.03347066
226 -724.02343750 -6.03352865
227 -724.01538086 -6.03346151
228 -724.02349854 -6.03352915
229 -724.02557373 -6.03354645
230 -724.01489258 -6.03345744
231 -724.00451660 -6.03337097
232 -724.00128174 -6.03334401
233 -723.99371338 -6.03328094
234 -723.99572754 -6.03329773
235 -723.99450684 -6.03328756
236 -723.98339844 -6.03319499
237 -723.97052002 -6.03308767
238 -723.95898438 -6.03299154
239 -723.96386719 -6.03303223
240 -723.95825195 -6.03298543
241 -723.94885254 -6.03290710
242 -723.94104004 -6.03284200
243 -723.93682861 -6.03280691
244 -723.93048096 -6.03275401
245 -723.92382812 -6.03269857
246 -723.92773438 -6.03273112
247 -723.92407227 -6.03270060
248 -723.91326904 -6.03261058
249 -723.91967773 -6.03266398
250 -723.91149902 -6.03259583
251 -723.91162109 -6.03259684
252 -723.90679932 -6.03255666
253 -723.90081787 -6.03250682
254 -723.87835693 -6.03231964
255 -723.87170410 -6.03226420
256 -723.86419678 -6.03220164
257 -723.86346436 -6.03219554
258 -723.86059570 -6.03217163
259 -723.84875488 -6.03207296
260 -723.85559082 -6.03212992
261 -723.84063721 -6.03200531
262 -723.83892822 -6.03199107
263 -723.83105469 -6.03192546
264 -723.83453369 -6.03195445
265 -723.82958984 -6.03191325
266 -723.81372070 -6.03178101
267 -723.80139160 -6.03167826
268 -723.78515625 -6.03154297
269 -723.77349854 -6.03144582
270 -723.77124023 -6.03142700
271 -723.75695801 -6.03130798
272 -723.75097656 -6.03125814
273 -723.74157715 -6.03117981
274 -723.72735596 -6.03106130
275 -723.72473145 -6.03103943
276 -723.70324707 -6.03086039
277 -723.68902588 -6.03074188
278 -723.68450928 -6.03070424
279 -723.68554688 -6.03071289
280 -723.67340088 -6.03061167
281 -723.67022705 -6.03058523
282 -723.65594482 -6.03046621
283 -723.64941406 -6.03041178
284 -723.64306641 -6.03035889
285 -723.63104248 -6.03025869
286 -723.62396240 -6.03019969
287 -723.61950684 -6.03016256
288 -723.60455322 -6.03003794
289 -723.60034180 -6.03000285
290 -723.61322021 -6.03011017
291 -723.59289551 -6.02994080
292 -723.58502197 -6.02987518
293 -723.58496094 -6.02987467
294 -723.57214355 -6.02976786
295 -723.55798340 -6.02964986
296 -723.56072998 -6.02967275
297 -723.55950928 -6.02966258
298 -723.55407715 -6.02961731
299 -723.55444336 -6.02962036
300 -723.54925537 -6.02957713
301 -723.54840088 -6.02957001
302 -723.53747559 -6.02947896
303 -723.53234863 -6.02943624
304 -723.53161621 -6.02943014
305 -723.54150391 -6.02951253
306 -723.53222656 -6.02943522
307 -723.52001953 -6.02933350
308 -723.53063965 -6.02942200
309 -723.52636719 -6.02938639
310 -723.51708984 -6.02930908
311 -723.51477051 -6.02928975
312 -723.50122070 -6.02917684
313 -723.50073242 -6.02917277
314 -723.50018311 -6.02916819
315 -723.51184082 -6.02926534
316 -723.48895264 -6.02907461
317 -723.48718262 -6.02905986
318 -723.49169922 -6.02909749
319 -723.48852539 -6.02907104
320 -723.49450684 -6.02912089
321 -723.50402832 -6.02920024
322 -723.49475098 -6.02912292
323 -723.48608398 -6.02905070
324 -723.48492432 -6.02904104
325 -723.49151611 -6.02909597
326 -723.47979736 -6.02899831
327 -723.48144531 -6.02901204
328 -723.47924805 -6.02899373
329 -723.47735596 -6.02897797
330 -723.47546387 -6.02896220
331 -723.47277832 -6.02893982
332 -723.46661377 -6.02888845
333 -723.46472168 -6.02887268
334 -723.46057129 -6.02883809
335 -723.46740723 -6.02889506
336 -723.46386719 -6.02886556
337 -723.46350098 -6.02886251
338 -723.46514893 -6.02887624
339 -723.45422363 -6.02878520
340 -723.45794678 -6.02881622
341 -723.45556641 -6.02879639
342 -723.45343018 -6.02877858
343 -723.44873047 -6.02873942
344 -723.43695068 -6.02864126
345 -723.43475342 -6.02862295
346 -723.43829346 -6.02865245
347 -723.43371582 -6.02861430
348 -723.42938232 -6.02857819
349 -723.42211914 -6.02851766
350 -723.41864014 -6.02848867
351 -723.41235352 -6.02843628
352 -723.41973877 -6.02849782
353 -723.40734863 -6.02839457
354 -723.39105225 -6.02825877
355 -723.37792969 -6.02814941
356 -723.38171387 -6.02818095
357 -723.37188721 -6.02809906
358 -723.37261963 -6.02810516
359 -723.36791992 -6.02806600
360 -723.37255859 -6.02810465
361 -723.35369873 -6.02794749
362 -723.34838867 -6.02790324
363 -723.34130859 -6.02784424
364 -723.33966064 -6.02783051
365 -723.33856201 -6.02782135
366 -723.32946777 -6.02774556
367 -723.32214355 -6.02768453
368 -723.32897949 -6.02774150
369 -723.33319092 -6.02777659
370 -723.33325195 -6.02777710
371 -723.31750488 -6.02764587
372 -723.30883789 -6.02757365
373 -723.31457520 -6.02762146
374 -723.30700684 -6.02755839
375 -723.30786133 -6.02756551
376 -723.29559326 -6.02746328
377 -723.29113770 -6.02742615
378 -723.28991699 -6.02741597
379 -723.28662109 -6.02738851
380 -723.27569580 -6.02729747
381 -723.27215576 -6.02726796
382 -723.26507568 -6.02720896
383 -723.27185059 -6.02726542
384 -723.27130127 -6.02726084
385 -723.27539062 -6.02729492
386 -723.26861572 -6.02723846
387 -723.26452637 -6.02720439
388 -723.25457764 -6.02712148
389 -723.25506592 -6.02712555
390 -723.25286865 -6.02710724
391 -723.24450684 -6.02703756
392 -723.23577881 -6.02696482
393 -723.24133301 -6.02701111
394 -723.22790527 -6.02689921
395 -723.22253418 -6.02685445
396 -723.22119141 -6.02684326
397 -723.21917725 -6.02682648
398 -723.21429443 -6.02678579
399 -723.20751953 -6.02672933
