0 -387.16470337 -5.45302399
1 -387.19805908 -5.45349379
2 -387.22116089 -5.45381917
3 -387.23895264 -5.45406976
4 -387.25302124 -5.45426790
5 -387.26467896 -5.45443210
6 -387.27484131 -5.45457523
7 -387.28384399 -5.45470203
8 -387.29306030 -5.45483184
9 -387.30059814 -5.45493800
10 -387.30688477 -5.45502655
11 -387.31250000 -5.45510563
12 -387.31872559 -5.45519332
13 -387.32437134 -5.45527284
14 -387.32986450 -5.45535020
15 -387.33456421 -5.45541640
16 -387.33837891 -5.45547013
17 -387.34252930 -5.45552858
18 -387.34707642 -5.45559263
19 -387.35134888 -5.45565280
20 -387.35519409 -5.45570696
21 -387.35754395 -5.45574006
22 -387.36163330 -5.45579765
23 -387.36511230 -5.45584665
24 -387.36822510 -5.45589049
25 -387.37118530 -5.45593219
26 -387.37347412 -5.45596442
27 -387.37701416 -5.45601428
28 -387.37985229 -5.45605426
29 -387.38235474 -5.45608950
30 -387.38519287 -5.45612948
31 -387.38729858 -5.45615913
32 -387.38967896 -5.45619266
33 -387.39321899 -5.45624252
34 -387.39559937 -5.45627605
