0 -426.18670654 -6.65916729
1 -426.18942261 -6.65920973
2 -426.19134521 -6.65923977
3 -426.19497681 -6.65929651
4 -426.19515991 -6.65929937
5 -426.19656372 -6.65932131
6 -426.20019531 -6.65937805
7 -426.19677734 -6.65932465
8 -426.19677734 -6.65932465
9 -426.20083618 -6.65938807
10 -426.20129395 -6.65939522
11 -426.20385742 -6.65943527
12 -426.20489502 -6.65945148
13 -426.20428467 -6.65944195
14 -426.20947266 -6.65952301
15 -426.20916748 -6.65951824
16 -426.21044922 -6.65953827
17 -426.21212769 -6.65956450
18 -426.20898438 -6.65951538
19 -426.21069336 -6.65954208
20 -426.21389771 -6.65959215
21 -426.21524048 -6.65961313
22 -426.21630859 -6.65962982
23 -426.21316528 -6.65958071
24 -426.21551514 -6.65961742
25 -426.21572876 -6.65962076
26 -426.21759033 -6.65964985
27 -426.21755981 -6.65964937
28 -426.21792603 -6.65965509
29 -426.21902466 -6.65967226
30 -426.21978760 -6.65968418
31 -426.22116089 -6.65970564
32 -426.22027588 -6.65969181
33 -426.22140503 -6.65970945
34 -426.22183228 -6.65971613
35 -426.22271729 -6.65972996
36 -426.22189331 -6.65971708
37 -426.22528076 -6.65977001
38 -426.22692871 -6.65979576
39 -426.22790527 -6.65981102
40 -426.22607422 -6.65978241
41 -426.22830200 -6.65981722
42 -426.22964478 -6.65983820
43 -426.22781372 -6.65980959
44 -426.22836304 -6.65981817
45 -426.23034668 -6.65984917
46 -426.23156738 -6.65986824
47 -426.23110962 -6.65986109
48 -426.23138428 -6.65986538
49 -426.23431396 -6.65991116
50 -426.23202515 -6.65987539
51 -426.22915649 -6.65983057
52 -426.23199463 -6.65987492
53 -426.23443604 -6.65991306
54 -426.23254395 -6.65988350
55 -426.23233032 -6.65988016
56 -426.22891235 -6.65982676
57 -426.23135376 -6.65986490
58 -426.23272705 -6.65988636
59 -426.23263550 -6.65988493
60 -426.23385620 -6.65990400
61 -426.23425293 -6.65991020
62 -426.23565674 -6.65993214
63 -426.23611450 -6.65993929
64 -426.23706055 -6.65995407
65 -426.23526001 -6.65992594
66 -426.23660278 -6.65994692
67 -426.23663330 -6.65994740
68 -426.23645020 -6.65994453
69 -426.23733521 -6.65995836
70 -426.23904419 -6.65998507
71 -426.23611450 -6.65993929
72 -426.23986816 -6.65999794
73 -426.24029541 -6.66000462
74 -426.24124146 -6.66001940
75 -426.24078369 -6.66001225
76 -426.23983765 -6.65999746
77 -426.23825073 -6.65997267
78 -426.23809814 -6.65997028
79 -426.23754883 -6.65996170
80 -426.24124146 -6.66001940
81 -426.23873901 -6.65998030
82 -426.24005127 -6.66000080
83 -426.24020386 -6.66000319
84 -426.24148560 -6.66002321
85 -426.24133301 -6.66002083
86 -426.24157715 -6.66002464
87 -426.24383545 -6.66005993
88 -426.24121094 -6.66001892
89 -426.24017334 -6.66000271
90 -426.23931885 -6.65998936
91 -426.24105835 -6.66001654
92 -426.24200439 -6.66003132
93 -426.24209595 -6.66003275
94 -426.24026489 -6.66000414
95 -426.23840332 -6.65997505
96 -426.24044800 -6.66000700
97 -426.23876953 -6.65998077
98 -426.23822021 -6.65997219
99 -426.23641968 -6.65994406
100 -426.23913574 -6.65998650
101 -426.23919678 -6.65998745
102 -426.24078369 -6.66001225
103 -426.23989868 -6.65999842
104 -426.24035645 -6.66000557
105 -426.23968506 -6.65999508
106 -426.24099731 -6.66001558
107 -426.23828125 -6.65997314
108 -426.24447632 -6.66006994
109 -426.24456787 -6.66007137
110 -426.24606323 -6.66009474
111 -426.24221802 -6.66003466
112 -426.24673462 -6.66010523
113 -426.24737549 -6.66011524
114 -426.24499512 -6.66007805
115 -426.24804688 -6.66012573
116 -426.24765015 -6.66011953
117 -426.24575806 -6.66008997
118 -426.24584961 -6.66009140
119 -426.24429321 -6.66006708
120 -426.24487305 -6.66007614
121 -426.24649048 -6.66010141
122 -426.24633789 -6.66009903
123 -426.24359131 -6.66005611
124 -426.24444580 -6.66006947
125 -426.24432373 -6.66006756
126 -426.24716187 -6.66011190
127 -426.24697876 -6.66010904
128 -426.24481201 -6.66007519
129 -426.24575806 -6.66008997
130 -426.24844360 -6.66013193
131 -426.25015259 -6.66015863
132 -426.24655151 -6.66010237
133 -426.24887085 -6.66013861
134 -426.24926758 -6.66014481
135 -426.25061035 -6.66016579
136 -426.25045776 -6.66016340
137 -426.25280762 -6.66020012
138 -426.25097656 -6.66017151
139 -426.24984741 -6.66015387
140 -426.25030518 -6.66016102
141 -426.25045776 -6.66016340
142 -426.25161743 -6.66018152
143 -426.25119019 -6.66017485
144 -426.25561523 -6.66024399
145 -426.25155640 -6.66018057
146 -426.25106812 -6.66017294
147 -426.24731445 -6.66011429
148 -426.25415039 -6.66022110
149 -426.25149536 -6.66017962
150 -426.25320435 -6.66020632
151 -426.25225830 -6.66019154
152 -426.25317383 -6.66020584
153 -426.25289917 -6.66020155
154 -426.25451660 -6.66022682
155 -426.25137329 -6.66017771
156 -426.25320435 -6.66020632
157 -426.24990845 -6.66015482
158 -426.25421143 -6.66022205
159 -426.25128174 -6.66017628
160 -426.25286865 -6.66020107
161 -426.25204468 -6.66018820
162 -426.25247192 -6.66019487
163 -426.25344849 -6.66021013
164 -426.25357056 -6.66021204
165 -426.24948120 -6.66014814
166 -426.24914551 -6.66014290
167 -426.25054932 -6.66016483
168 -426.24758911 -6.66011858
169 -426.24551392 -6.66008615
170 -426.24630737 -6.66009855
171 -426.24691772 -6.66010809
172 -426.24923706 -6.66014433
173 -426.24890137 -6.66013908
174 -426.24844360 -6.66013193
175 -426.24884033 -6.66013813
176 -426.25015259 -6.66015863
177 -426.24996948 -6.66015577
178 -426.24795532 -6.66012430
179 -426.25030518 -6.66016102
180 -426.25119019 -6.66017485
181 -426.25128174 -6.66017628
182 -426.25057983 -6.66016531
183 -426.24807739 -6.66012621
184 -426.24600220 -6.66009378
185 -426.24639893 -6.66009998
186 -426.24603271 -6.66009426
187 -426.24426270 -6.66006660
188 -426.24572754 -6.66008949
189 -426.24874878 -6.66013670
190 -426.24768066 -6.66012001
191 -426.24746704 -6.66011667
192 -426.24456787 -6.66007137
193 -426.24255371 -6.66003990
194 -426.24682617 -6.66010666
195 -426.24533081 -6.66008329
196 -426.24411011 -6.66006422
197 -426.24273682 -6.66004276
198 -426.24609375 -6.66009521
199 -426.24560547 -6.66008759
200 -426.24578857 -6.66009045
201 -426.24346924 -6.66005421
202 -426.24453735 -6.66007090
203 -426.24511719 -6.66007996
204 -426.24380493 -6.66005945
205 -426.24118042 -6.66001844
206 -426.23959351 -6.65999365
207 -426.23693848 -6.65995216
208 -426.23803711 -6.65996933
209 -426.23950195 -6.65999222
210 -426.24057007 -6.66000891
211 -426.24362183 -6.66005659
212 -426.24182129 -6.66002846
213 -426.24450684 -6.66007042
214 -426.24359131 -6.66005611
215 -426.24267578 -6.66004181
216 -426.24340820 -6.66005325
217 -426.23956299 -6.65999317
218 -426.24151611 -6.66002369
219 -426.24096680 -6.66001511
220 -426.23663330 -6.65994740
221 -426.23800659 -6.65996885
222 -426.23733521 -6.65995836
223 -426.23745728 -6.65996027
224 -426.23547363 -6.65992928
225 -426.23727417 -6.65995741
226 -426.23724365 -6.65995693
227 -426.23892212 -6.65998316
228 -426.23904419 -6.65998507
229 -426.23565674 -6.65993214
230 -426.23660278 -6.65994692
231 -426.23577881 -6.65993404
232 -426.23513794 -6.65992403
233 -426.23376465 -6.65990257
234 -426.23245239 -6.65988207
235 -426.23074341 -6.65985537
236 -426.23577881 -6.65993404
237 -426.23440552 -6.65991259
238 -426.23416138 -6.65990877
239 -426.23556519 -6.65993071
240 -426.23672485 -6.65994883
241 -426.23455811 -6.65991497
242 -426.22961426 -6.65983772
243 -426.23190308 -6.65987349
244 -426.23254395 -6.65988350
245 -426.22888184 -6.65982628
246 -426.22659302 -6.65979052
247 -426.23010254 -6.65984535
248 -426.22961426 -6.65983772
249 -426.22830200 -6.65981722
250 -426.23132324 -6.65986443
251 -426.23110962 -6.65986109
252 -426.23013306 -6.65984583
253 -426.22601318 -6.65978146
254 -426.22814941 -6.65981483
255 -426.22961426 -6.65983772
256 -426.22879028 -6.65982485
257 -426.22760010 -6.65980625
258 -426.22607422 -6.65978241
259 -426.22702026 -6.65979719
260 -426.22827148 -6.65981674
261 -426.22659302 -6.65979052
262 -426.22930908 -6.65983295
263 -426.22579956 -6.65977812
264 -426.22637939 -6.65978718
265 -426.22570801 -6.65977669
266 -426.22817993 -6.65981531
267 -426.22650146 -6.65978909
268 -426.22528076 -6.65977001
269 -426.22451782 -6.65975809
270 -426.22341919 -6.65974092
271 -426.22479248 -6.65976238
272 -426.22299194 -6.65973425
273 -426.22189331 -6.65971708
274 -426.22308350 -6.65973568
275 -426.22485352 -6.65976334
276 -426.22421265 -6.65975332
277 -426.22799683 -6.65981245
278 -426.22628784 -6.65978575
279 -426.22271729 -6.65972996
280 -426.22378540 -6.65974665
281 -426.21945190 -6.65967894
282 -426.22659302 -6.65979052
283 -426.22601318 -6.65978146
284 -426.22436523 -6.65975571
285 -426.22073364 -6.65969896
286 -426.22378540 -6.65974665
287 -426.22396851 -6.65974951
288 -426.22445679 -6.65975714
289 -426.22616577 -6.65978384
290 -426.22500610 -6.65976572
291 -426.22732544 -6.65980196
292 -426.22427368 -6.65975428
293 -426.22146606 -6.65971041
294 -426.22225952 -6.65972281
295 -426.22283936 -6.65973186
296 -426.22082520 -6.65970039
297 -426.21716309 -6.65964317
298 -426.22323608 -6.65973806
299 -426.22116089 -6.65970564
300 -426.21984863 -6.65968513
301 -426.21932983 -6.65967703
302 -426.22033691 -6.65969276
303 -426.21981812 -6.65968466
304 -426.21911621 -6.65967369
305 -426.22067261 -6.65969801
306 -426.22024536 -6.65969133
307 -426.22155762 -6.65971184
308 -426.22360229 -6.65974379
309 -426.21624756 -6.65962887
310 -426.21838379 -6.65966225
311 -426.21945190 -6.65967894
312 -426.21990967 -6.65968609
313 -426.22024536 -6.65969133
314 -426.21932983 -6.65967703
315 -426.22149658 -6.65971088
316 -426.21804810 -6.65965700
317 -426.21932983 -6.65967703
318 -426.22097778 -6.65970278
319 -426.22583008 -6.65977859
320 -426.22497559 -6.65976524
321 -426.22396851 -6.65974951
