0 -506.61691284 -6.49508863
1 -506.63067627 -6.49526508
2 -506.64068604 -6.49539341
3 -506.64846802 -6.49549318
4 -506.65518188 -6.49557925
5 -506.66036987 -6.49564577
6 -506.66525269 -6.49570837
7 -506.66992188 -6.49576823
8 -506.67364502 -6.49581596
9 -506.67837524 -6.49587661
10 -506.68240356 -6.49592825
11 -506.68591309 -6.49597324
12 -506.68960571 -6.49602059
13 -506.69302368 -6.49606441
14 -506.69552612 -6.49609649
15 -506.69839478 -6.49613327
16 -506.70077515 -6.49616378
17 -506.70379639 -6.49620252
18 -506.70648193 -6.49623695
19 -506.70834351 -6.49626081
20 -506.71035767 -6.49628664
21 -506.71276855 -6.49631755
22 -506.71496582 -6.49634572
23 -506.71749878 -6.49637819
24 -506.71862793 -6.49639267
25 -506.72113037 -6.49642475
26 -506.72317505 -6.49645096
27 -506.72515869 -6.49647639
28 -506.72726440 -6.49650339
29 -506.72863770 -6.49652100
30 -506.73043823 -6.49654408
31 -506.73217773 -6.49656638
32 -506.73336792 -6.49658164
33 -506.73532104 -6.49660668
34 -506.73718262 -6.49663055
35 -506.73876953 -6.49665089
36 -506.74041748 -6.49667202
37 -506.74206543 -6.49669315
38 -506.74307251 -6.49670606
39 -506.74505615 -6.49673149
40 -506.74682617 -6.49675418
41 -506.74774170 -6.49676592
42 -506.74935913 -6.49678666
43 -506.75070190 -6.49680387
44 -506.75213623 -6.49682226
45 -506.75360107 -6.49684104
46 -506.75509644 -6.49686021
47 -506.75616455 -6.49687390
48 -506.75738525 -6.49688955
49 -506.75775146 -6.49689425
50 -506.75875854 -6.49690716
51 -506.75994873 -6.49692242
52 -506.76116943 -6.49693807
53 -506.76284790 -6.49695959
54 -506.76312256 -6.49696311
55 -506.76425171 -6.49697759
56 -506.76553345 -6.49699402
57 -506.76678467 -6.49701006
58 -506.76739502 -6.49701788
59 -506.76803589 -6.49702610
60 -506.76907349 -6.49703940
61 -506.76965332 -6.49704684
62 -506.77032471 -6.49705544
63 -506.77151489 -6.49707070
64 -506.77236938 -6.49708166
65 -506.77310181 -6.49709105
66 -506.77413940 -6.49710435
67 -506.77459717 -6.49711022
68 -506.77526855 -6.49711883
69 -506.77566528 -6.49712391
70 -506.77569580 -6.49712431
71 -506.77682495 -6.49713878
72 -506.77792358 -6.49715287
73 -506.77838135 -6.49715874
74 -506.77905273 -6.49716734
75 -506.77975464 -6.49717634
76 -506.78009033 -6.49718065
77 -506.78076172 -6.49718925
78 -506.78094482 -6.49719160
79 -506.78152466 -6.49719903
80 -506.78292847 -6.49721703
81 -506.78329468 -6.49722173
82 -506.78356934 -6.49722525
83 -506.78408813 -6.49723190
84 -506.78506470 -6.49724442
85 -506.78573608 -6.49725303
86 -506.78625488 -6.49725968
87 -506.78671265 -6.49726555
88 -506.78704834 -6.49726985
89 -506.78796387 -6.49728159
90 -506.78857422 -6.49728941
91 -506.78955078 -6.49730193
92 -506.79083252 -6.49731837
93 -506.79113770 -6.49732228
94 -506.79144287 -6.49732619
95 -506.79141235 -6.49732580
96 -506.79232788 -6.49733754
97 -506.79235840 -6.49733793
98 -506.79394531 -6.49735827
99 -506.79394531 -6.49735827
100 -506.79452515 -6.49736571
101 -506.79565430 -6.49738018
102 -506.79632568 -6.49738879
103 -506.79678345 -6.49739466
104 -506.79739380 -6.49740248
105 -506.79809570 -6.49741148
106 -506.79895020 -6.49742244
107 -506.79910278 -6.49742439
108 -506.79956055 -6.49743026
109 -506.80020142 -6.49743848
110 -506.80093384 -6.49744787
111 -506.80133057 -6.49745296
112 -506.80145264 -6.49745452
113 -506.80191040 -6.49746039
114 -506.80224609 -6.49746469
115 -506.80331421 -6.49747839
116 -506.80371094 -6.49748347
117 -506.80401611 -6.49748739
118 -506.80480957 -6.49749756
119 -506.80477905 -6.49749717
120 -506.80603027 -6.49751321
121 -506.80642700 -6.49751829
122 -506.80700684 -6.49752573
123 -506.80740356 -6.49753081
124 -506.80761719 -6.49753355
125 -506.80776978 -6.49753551
126 -506.80874634 -6.49754803
127 -506.80880737 -6.49754881
128 -506.80883789 -6.49754920
129 -506.80938721 -6.49755625
130 -506.80957031 -6.49755859
131 -506.80972290 -6.49756055
132 -506.81082153 -6.49757464
133 -506.81085205 -6.49757503
134 -506.81155396 -6.49758403
135 -506.81140137 -6.49758207
136 -506.81222534 -6.49759263
137 -506.81216431 -6.49759185
138 -506.81283569 -6.49760046
139 -506.81378174 -6.49761259
140 -506.81311035 -6.49760398
141 -506.81362915 -6.49761063
142 -506.81399536 -6.49761533
143 -506.81448364 -6.49762159
144 -506.81466675 -6.49762393
145 -506.81454468 -6.49762237
146 -506.81558228 -6.49763567
147 -506.81506348 -6.49762902
148 -506.81616211 -6.49764310
149 -506.81649780 -6.49764741
150 -506.81646729 -6.49764702
151 -506.81738281 -6.49765875
152 -506.81811523 -6.49766814
153 -506.81811523 -6.49766814
154 -506.81756592 -6.49766110
155 -506.81781006 -6.49766423
156 -506.81857300 -6.49767401
157 -506.81887817 -6.49767793
158 -506.81921387 -6.49768223
159 -506.81906128 -6.49768027
160 -506.81872559 -6.49767597
161 -506.81967163 -6.49768810
162 -506.81958008 -6.49768692
163 -506.81988525 -6.49769084
164 -506.82003784 -6.49769279
165 -506.82006836 -6.49769318
166 -506.81994629 -6.49769162
167 -506.82019043 -6.49769475
168 -506.82110596 -6.49770649
169 -506.82150269 -6.49771157
170 -506.82104492 -6.49770570
171 -506.82211304 -6.49771940
172 -506.82205200 -6.49771862
173 -506.82205200 -6.49771862
174 -506.82208252 -6.49771901
175 -506.82235718 -6.49772253
176 -506.82260132 -6.49772566
177 -506.82257080 -6.49772527
178 -506.82394409 -6.49774287
179 -506.82363892 -6.49773896
180 -506.82379150 -6.49774092
181 -506.82473755 -6.49775305
182 -506.82476807 -6.49775344
183 -506.82449341 -6.49774992
184 -506.82437134 -6.49774835
185 -506.82537842 -6.49776126
186 -506.82571411 -6.49776557
187 -506.82629395 -6.49777300
188 -506.82580566 -6.49776674
189 -506.82626343 -6.49777261
190 -506.82608032 -6.49777026
191 -506.82623291 -6.49777222
192 -506.82666016 -6.49777769
193 -506.82757568 -6.49778943
194 -506.82748413 -6.49778826
195 -506.82800293 -6.49779491
196 -506.82781982 -6.49779256
197 -506.82803345 -6.49779530
198 -506.82809448 -6.49779608
199 -506.82785034 -6.49779295
200 -506.82769775 -6.49779100
201 -506.82824707 -6.49779804
202 -506.82870483 -6.49780391
203 -506.82876587 -6.49780469
204 -506.82843018 -6.49780039
205 -506.82897949 -6.49780743
206 -506.82910156 -6.49780899
207 -506.82928467 -6.49781134
208 -506.82977295 -6.49781760
209 -506.82995605 -6.49781995
210 -506.82946777 -6.49781369
211 -506.82952881 -6.49781447
212 -506.82958984 -6.49781525
213 -506.82974243 -6.49781721
214 -506.83020020 -6.49782308
215 -506.83056641 -6.49782777
216 -506.83053589 -6.49782738
217 -506.83065796 -6.49782895
218 -506.83010864 -6.49782191
219 -506.83026123 -6.49782386
220 -506.82986450 -6.49781878
221 -506.82974243 -6.49781721
222 -506.83032227 -6.49782464
223 -506.83071899 -6.49782973
224 -506.83117676 -6.49783560
225 -506.83059692 -6.49782817
226 -506.83145142 -6.49783912
227 -506.83142090 -6.49783873
228 -506.83154297 -6.49784029
229 -506.83203125 -6.49784655
230 -506.83230591 -6.49785008
231 -506.83267212 -6.49785477
232 -506.83279419 -6.49785634
233 -506.83221436 -6.49784890
234 -506.83236694 -6.49785086
235 -506.83242798 -6.49785164
236 -506.83261108 -6.49785399
237 -506.83306885 -6.49785986
238 -506.83261108 -6.49785399
239 -506.83255005 -6.49785321
240 -506.83276367 -6.49785594
241 -506.83248901 -6.49785242
242 -506.83288574 -6.49785751
243 -506.83328247 -6.49786260
244 -506.83291626 -6.49785790
245 -506.83316040 -6.49786103
246 -506.83334351 -6.49786338
247 -506.83291626 -6.49785790
248 -506.83285522 -6.49785712
249 -506.83383179 -6.49786964
250 -506.83386230 -6.49787003
251 -506.83416748 -6.49787394
252 -506.83401489 -6.49787199
253 -506.83462524 -6.49787981
254 -506.83386230 -6.49787003
255 -506.83477783 -6.49788177
256 -506.83480835 -6.49788216
257 -506.83477783 -6.49788177
258 -506.83502197 -6.49788490
259 -506.83572388 -6.49789390
260 -506.83554077 -6.49789155
261 -506.83584595 -6.49789546
262 -506.83587646 -6.49789585
263 -506.83593750 -6.49789663
264 -506.83566284 -6.49789311
265 -506.83599854 -6.49789742
266 -506.83575439 -6.49789429
267 -506.83654785 -6.49790446
268 -506.83627319 -6.49790094
269 -506.83627319 -6.49790094
270 -506.83673096 -6.49790681
271 -506.83642578 -6.49790289
272 -506.83697510 -6.49790994
273 -506.83709717 -6.49791150
