0 -562.85552979 -6.25395033
1 -562.84716797 -6.25385742
2 -562.84045410 -6.25378282
3 -562.83612061 -6.25373467
4 -562.82354736 -6.25359497
5 -562.79669189 -6.25329658
6 -562.77862549 -6.25309584
7 -562.75250244 -6.25280558
8 -562.74737549 -6.25274862
9 -562.74566650 -6.25272963
10 -562.72924805 -6.25254720
11 -562.73162842 -6.25257365
12 -562.70190430 -6.25224338
13 -562.70373535 -6.25226373
14 -562.67932129 -6.25199246
15 -562.67431641 -6.25193685
16 -562.67315674 -6.25192396
17 -562.65228271 -6.25169203
18 -562.64440918 -6.25160455
19 -562.63989258 -6.25155436
20 -562.62493896 -6.25138821
21 -562.61962891 -6.25132921
22 -562.60314941 -6.25114610
23 -562.60107422 -6.25112305
24 -562.59997559 -6.25111084
25 -562.56091309 -6.25067681
26 -562.55908203 -6.25065647
27 -562.52355957 -6.25026177
28 -562.49694824 -6.24996609
29 -562.48742676 -6.24986030
30 -562.46978760 -6.24966431
31 -562.46990967 -6.24966566
32 -562.45568848 -6.24950765
33 -562.42736816 -6.24919298
34 -562.43096924 -6.24923299
35 -562.39141846 -6.24879354
36 -562.39270020 -6.24880778
37 -562.38354492 -6.24870605
38 -562.39495850 -6.24883287
39 -562.36816406 -6.24853516
40 -562.37780762 -6.24864231
41 -562.36669922 -6.24851888
42 -562.35357666 -6.24837307
43 -562.33740234 -6.24819336
44 -562.33172607 -6.24813029
45 -562.30712891 -6.24785699
46 -562.29986572 -6.24777629
47 -562.29925537 -6.24776950
48 -562.28076172 -6.24756402
49 -562.27282715 -6.24747586
50 -562.24359131 -6.24715101
51 -562.27526855 -6.24750298
52 -562.23223877 -6.24702488
53 -562.22235107 -6.24691501
54 -562.22033691 -6.24689263
55 -562.19561768 -6.24661797
56 -562.18469238 -6.24649658
57 -562.14807129 -6.24608968
58 -562.12658691 -6.24585097
59 -562.12774658 -6.24586385
60 -562.14019775 -6.24600220
61 -562.16040039 -6.24622667
62 -562.11169434 -6.24568549
63 -562.12805176 -6.24586724
64 -562.10998535 -6.24566650
65 -562.10058594 -6.24556207
66 -562.08789062 -6.24542101
67 -562.09289551 -6.24547662
68 -562.07214355 -6.24524604
69 -562.04760742 -6.24497342
70 -562.01025391 -6.24455838
71 -561.97460938 -6.24416233
72 -561.93615723 -6.24373508
73 -561.91131592 -6.24345907
74 -561.88360596 -6.24315118
75 -561.84906006 -6.24276733
76 -561.82159424 -6.24246216
77 -561.79675293 -6.24218614
78 -561.78076172 -6.24200846
79 -561.75714111 -6.24174601
80 -561.72351074 -6.24137234
81 -561.69104004 -6.24101156
82 -561.68414307 -6.24093492
83 -561.68231201 -6.24091458
84 -561.67382812 -6.24082031
85 -561.68109131 -6.24090101
86 -561.66955566 -6.24077284
87 -561.69744873 -6.24108276
88 -561.68713379 -6.24096815
89 -561.69824219 -6.24109158
90 -561.67565918 -6.24084066
91 -561.67736816 -6.24085965
92 -561.61682129 -6.24018690
93 -561.57513428 -6.23972371
94 -561.51782227 -6.23908691
95 -561.53851318 -6.23931681
96 -561.58648682 -6.23984985
97 -561.59790039 -6.23997667
98 -561.54638672 -6.23940430
99 -561.50231934 -6.23891466
100 -561.48913574 -6.23876817
101 -561.45568848 -6.23839654
102 -561.51745605 -6.23908285
103 -561.47125244 -6.23856947
104 -561.47674561 -6.23863051
105 -561.48022461 -6.23866916
106 -561.46685791 -6.23852064
107 -561.40808105 -6.23786757
108 -561.46240234 -6.23847114
109 -561.47424316 -6.23860270
110 -561.47875977 -6.23865289
111 -561.48522949 -6.23872477
112 -561.49755859 -6.23886176
113 -561.49963379 -6.23888482
114 -561.46618652 -6.23851318
115 -561.52160645 -6.23912896
116 -561.53186035 -6.23924289
117 -561.53930664 -6.23932563
118 -561.51379395 -6.23904215
119 -561.53009033 -6.23922323
120 -561.53454590 -6.23927273
121 -561.52410889 -6.23915677
122 -561.48284912 -6.23869832
123 -561.45996094 -6.23844401
124 -561.43682861 -6.23818698
125 -561.46392822 -6.23848809
126 -561.43829346 -6.23820326
127 -561.40661621 -6.23785129
128 -561.41510010 -6.23794556
129 -561.35699463 -6.23729994
130 -561.34057617 -6.23711751
131 -561.33331299 -6.23703681
132 -561.33868408 -6.23709649
133 -561.33898926 -6.23709988
134 -561.29644775 -6.23662720
135 -561.32885742 -6.23698730
136 -561.28906250 -6.23654514
137 -561.28955078 -6.23655056
138 -561.27856445 -6.23642849
139 -561.28607178 -6.23651191
140 -561.29406738 -6.23660075
141 -561.29248047 -6.23658312
142 -561.30804443 -6.23675605
143 -561.28582764 -6.23650920
144 -561.23846436 -6.23598294
145 -561.26715088 -6.23630168
146 -561.21881104 -6.23576457
147 -561.22662354 -6.23585137
148 -561.23217773 -6.23591309
149 -561.27539062 -6.23639323
150 -561.25122070 -6.23612467
151 -561.22485352 -6.23583171
152 -561.27832031 -6.23642578
153 -561.27282715 -6.23636475
154 -561.24108887 -6.23601210
155 -561.23150635 -6.23590563
156 -561.23522949 -6.23594699
157 -561.21582031 -6.23573134
158 -561.18957520 -6.23543972
159 -561.18457031 -6.23538411
160 -561.19897461 -6.23554416
161 -561.22222900 -6.23580254
162 -561.16058350 -6.23511759
163 -561.14074707 -6.23489719
164 -561.09503174 -6.23438924
165 -561.04278564 -6.23380873
166 -560.99853516 -6.23331706
167 -560.97045898 -6.23300510
168 -560.91418457 -6.23237983
169 -560.96038818 -6.23289320
170 -560.98822021 -6.23320245
171 -561.00335693 -6.23337063
172 -560.97381592 -6.23304240
173 -560.97271729 -6.23303019
174 -560.94476318 -6.23271959
175 -560.91436768 -6.23238186
176 -560.89953613 -6.23221707
177 -560.92742920 -6.23252699
178 -560.90570068 -6.23228556
179 -560.89959717 -6.23221775
180 -560.87390137 -6.23193224
181 -560.84912109 -6.23165690
182 -560.80847168 -6.23120524
183 -560.85345459 -6.23170505
184 -560.77874756 -6.23087497
185 -560.74694824 -6.23052165
186 -560.70831299 -6.23009237
187 -560.68554688 -6.22983941
188 -560.68017578 -6.22977973
189 -560.68737793 -6.22985975
190 -560.70068359 -6.23000760
191 -560.72912598 -6.23032362
192 -560.69561768 -6.22995131
193 -560.71667480 -6.23018528
194 -560.72235107 -6.23024835
195 -560.70654297 -6.23007270
196 -560.67681885 -6.22974243
197 -560.63916016 -6.22932400
198 -560.62878418 -6.22920871
199 -560.57714844 -6.22863498
200 -560.57275391 -6.22858615
201 -560.56286621 -6.22847629
202 -560.53979492 -6.22821994
203 -560.50177002 -6.22779744
204 -560.50439453 -6.22782661
205 -560.48504639 -6.22761163
206 -560.47265625 -6.22747396
207 -560.46710205 -6.22741225
208 -560.41644287 -6.22684937
209 -560.36291504 -6.22625461
210 -560.40362549 -6.22670695
211 -560.35211182 -6.22613458
212 -560.27215576 -6.22524618
213 -560.26062012 -6.22511800
214 -560.24804688 -6.22497830
215 -560.30316162 -6.22559068
216 -560.26568604 -6.22517429
217 -560.24072266 -6.22489692
218 -560.24053955 -6.22489488
219 -560.20812988 -6.22453478
220 -560.17346191 -6.22414958
221 -560.21325684 -6.22459174
222 -560.13696289 -6.22374403
223 -560.09228516 -6.22324761
224 -560.15527344 -6.22394748
225 -560.12414551 -6.22360162
226 -560.07946777 -6.22310520
227 -560.05712891 -6.22285699
228 -560.04040527 -6.22267117
229 -560.05395508 -6.22282172
230 -560.04339600 -6.22270440
231 -560.02947998 -6.22254978
232 -560.02832031 -6.22253689
233 -560.04174805 -6.22268609
234 -559.97753906 -6.22197266
235 -559.87951660 -6.22088352
236 -559.93731689 -6.22152574
237 -559.90539551 -6.22117106
238 -559.87854004 -6.22087267
239 -559.84338379 -6.22048204
240 -559.80914307 -6.22010159
241 -559.80938721 -6.22010430
242 -559.71740723 -6.21908230
243 -559.67883301 -6.21865370
244 -559.66198730 -6.21846653
245 -559.65472412 -6.21838582
246 -559.61938477 -6.21799316
247 -559.61853027 -6.21798367
248 -559.54614258 -6.21717936
249 -559.57214355 -6.21746826
250 -559.52685547 -6.21696506
251 -559.50390625 -6.21671007
252 -559.45733643 -6.21619263
253 -559.47338867 -6.21637099
254 -559.43408203 -6.21593424
255 -559.40344238 -6.21559380
256 -559.39697266 -6.21552192
257 -559.36029053 -6.21511434
258 -559.32519531 -6.21472439
259 -559.35546875 -6.21506076
260 -559.35546875 -6.21506076
261 -559.41326904 -6.21570299
262 -559.41662598 -6.21574029
263 -559.40002441 -6.21555583
264 -559.41693115 -6.21574368
265 -559.44586182 -6.21606513
266 -559.44970703 -6.21610786
267 -559.44793701 -6.21608819
268 -559.43505859 -6.21594510
269 -559.42468262 -6.21582981
270 -559.46661377 -6.21629571
271 -559.53753662 -6.21708374
272 -559.53680420 -6.21707560
273 -559.48663330 -6.21651815
274 -559.39599609 -6.21551107
275 -559.31311035 -6.21459012
276 -559.28094482 -6.21423272
277 -559.36755371 -6.21519504
278 -559.29089355 -6.21434326
279 -559.30773926 -6.21453044
280 -559.34777832 -6.21497531
281 -559.38256836 -6.21536187
282 -559.40527344 -6.21561415
283 -559.36804199 -6.21520047
284 -559.29479980 -6.21438666
285 -559.31616211 -6.21462402
286 -559.30981445 -6.21455349
287 -559.33239746 -6.21480442
288 -559.30084229 -6.21445380
289 -559.27355957 -6.21415066
290 -559.19909668 -6.21332330
291 -559.26751709 -6.21408352
292 -559.26452637 -6.21405029
293 -559.29534912 -6.21439277
294 -559.34039307 -6.21489326
295 -559.29583740 -6.21439819
296 -559.22314453 -6.21359049
297 -559.26910400 -6.21410116
298 -559.27880859 -6.21420898
299 -559.28717041 -6.21430189
300 -559.29443359 -6.21438260
