0 -475.22399902 -6.25294736
1 -475.24404907 -6.25321117
2 -475.25711060 -6.25338303
3 -475.26501465 -6.25348703
4 -475.27194214 -6.25357819
5 -475.27755737 -6.25365207
6 -475.28198242 -6.25371030
7 -475.28659058 -6.25377093
8 -475.29003906 -6.25381630
9 -475.29367065 -6.25386409
10 -475.29684448 -6.25390585
11 -475.29998779 -6.25394721
12 -475.30276489 -6.25398375
13 -475.30462646 -6.25400824
14 -475.30706787 -6.25404037
15 -475.30953979 -6.25407289
16 -475.31109619 -6.25409337
17 -475.31253052 -6.25411224
18 -475.31451416 -6.25413834
19 -475.31594849 -6.25415722
20 -475.31771851 -6.25418051
21 -475.31893921 -6.25419657
22 -475.32055664 -6.25421785
23 -475.32186890 -6.25423512
24 -475.32275391 -6.25424676
25 -475.32470703 -6.25427246
26 -475.32537842 -6.25428129
27 -475.32626343 -6.25429294
28 -475.32778931 -6.25431302
