0 -723.46545410 -6.13106317
1 -723.53265381 -6.13163266
2 -723.58764648 -6.13209870
3 -723.63244629 -6.13247836
4 -723.67364502 -6.13282750
5 -723.71435547 -6.13317250
6 -723.75134277 -6.13348596
7 -723.78698730 -6.13378803
8 -723.82067871 -6.13407355
9 -723.85620117 -6.13437459
10 -723.88928223 -6.13465493
11 -723.92175293 -6.13493011
12 -723.95129395 -6.13518046
13 -723.97985840 -6.13542253
14 -724.00891113 -6.13566874
15 -724.03698730 -6.13590667
16 -724.06298828 -6.13612702
17 -724.09204102 -6.13637323
18 -724.12060547 -6.13661530
19 -724.14599609 -6.13683048
20 -724.17248535 -6.13705496
21 -724.19714355 -6.13726393
22 -724.22143555 -6.13746979
23 -724.24609375 -6.13767876
24 -724.26867676 -6.13787014
25 -724.29272461 -6.13807394
26 -724.31500244 -6.13826273
27 -724.33752441 -6.13845360
28 -724.35870361 -6.13863308
29 -724.38000488 -6.13881360
30 -724.40173340 -6.13899774
31 -724.42199707 -6.13916947
32 -724.44287109 -6.13934637
33 -724.46166992 -6.13950568
34 -724.48083496 -6.13966809
35 -724.49945068 -6.13982585
36 -724.51623535 -6.13996810
37 -724.53271484 -6.14010775
38 -724.55029297 -6.14025672
39 -724.56762695 -6.14040362
40 -724.58435059 -6.14054534
41 -724.60144043 -6.14069017
42 -724.61743164 -6.14082569
43 -724.63256836 -6.14095397
44 -724.65002441 -6.14110190
45 -724.66467285 -6.14122604
46 -724.68103027 -6.14136466
47 -724.69604492 -6.14149191
48 -724.71020508 -6.14161191
49 -724.72363281 -6.14172570
50 -724.73791504 -6.14184674
51 -724.75207520 -6.14196674
52 -724.76464844 -6.14207329
53 -724.77746582 -6.14218191
54 -724.79052734 -6.14229260
55 -724.80273438 -6.14239605
56 -724.81518555 -6.14250157
57 -724.82739258 -6.14260502
58 -724.83764648 -6.14269192
59 -724.85021973 -6.14279847
60 -724.86114502 -6.14289106
61 -724.87145996 -6.14297847
62 -724.88195801 -6.14306744
63 -724.89270020 -6.14315848
64 -724.90344238 -6.14324951
65 -724.91271973 -6.14332813
66 -724.92187500 -6.14340572
67 -724.93054199 -6.14347917
68 -724.94055176 -6.14356400
69 -724.94958496 -6.14364055
70 -724.95837402 -6.14371503
71 -724.96569824 -6.14377710
72 -724.97473145 -6.14385366
73 -724.98315430 -6.14392504
74 -724.99121094 -6.14399331
75 -724.99877930 -6.14405745
76 -725.00585938 -6.14411745
77 -725.01318359 -6.14417952
78 -725.02056885 -6.14424211
79 -725.02673340 -6.14429435
80 -725.03356934 -6.14435228
81 -725.04016113 -6.14440815
82 -725.04766846 -6.14447177
83 -725.05371094 -6.14452297
84 -725.05975342 -6.14457418
85 -725.06579590 -6.14462539
86 -725.07104492 -6.14466987
87 -725.07727051 -6.14472263
88 -725.08300781 -6.14477125
89 -725.08789062 -6.14481263
90 -725.09338379 -6.14485918
91 -725.09826660 -6.14490056
92 -725.10400391 -6.14494919
93 -725.10803223 -6.14498332
94 -725.11401367 -6.14503401
95 -725.11938477 -6.14507953
96 -725.12500000 -6.14512712
97 -725.12963867 -6.14516643
98 -725.13415527 -6.14520471
99 -725.13830566 -6.14523988
100 -725.14318848 -6.14528126
101 -725.14746094 -6.14531747
102 -725.15197754 -6.14535574
103 -725.15673828 -6.14539609
104 -725.16137695 -6.14543540
105 -725.16540527 -6.14546954
106 -725.16943359 -6.14550367
107 -725.17382812 -6.14554092
108 -725.17687988 -6.14556678
109 -725.18115234 -6.14560299
110 -725.18487549 -6.14563454
111 -725.18908691 -6.14567023
112 -725.19226074 -6.14569712
113 -725.19604492 -6.14572919
114 -725.19995117 -6.14576230
115 -725.20336914 -6.14579126
116 -725.20629883 -6.14581609
117 -725.21020508 -6.14584920
118 -725.21313477 -6.14587402
119 -725.21618652 -6.14589989
120 -725.21911621 -6.14592471
121 -725.22216797 -6.14595058
122 -725.22448730 -6.14597023
123 -725.22875977 -6.14600644
124 -725.23254395 -6.14603851
125 -725.23559570 -6.14606437
126 -725.23925781 -6.14609541
127 -725.24218750 -6.14612023
128 -725.24597168 -6.14615230
129 -725.24841309 -6.14617299
130 -725.25073242 -6.14619265
131 -725.25427246 -6.14622265
132 -725.25683594 -6.14624437
133 -725.26037598 -6.14627437
134 -725.26354980 -6.14630127
135 -725.26574707 -6.14631989
136 -725.26855469 -6.14634368
137 -725.27172852 -6.14637058
138 -725.27471924 -6.14639593
139 -725.27734375 -6.14641817
140 -725.28002930 -6.14644093
141 -725.28259277 -6.14646265
142 -725.28588867 -6.14649058
143 -725.28857422 -6.14651334
144 -725.29125977 -6.14653610
145 -725.29333496 -6.14655369
146 -725.29638672 -6.14657955
147 -725.29833984 -6.14659610
148 -725.30065918 -6.14661576
149 -725.30310059 -6.14663645
150 -725.30590820 -6.14666024
151 -725.30712891 -6.14667058
152 -725.30932617 -6.14668920
153 -725.31140137 -6.14670679
154 -725.31408691 -6.14672955
155 -725.31579590 -6.14674403
156 -725.31854248 -6.14676731
157 -725.32019043 -6.14678127
158 -725.32275391 -6.14680300
159 -725.32519531 -6.14682369
160 -725.32690430 -6.14683817
161 -725.32824707 -6.14684955
162 -725.33007812 -6.14686507
163 -725.33190918 -6.14688059
164 -725.33422852 -6.14690024
165 -725.33630371 -6.14691783
166 -725.33886719 -6.14693955
167 -725.34106445 -6.14695817
168 -725.34277344 -6.14697266
169 -725.34509277 -6.14699231
170 -725.34667969 -6.14700576
171 -725.34924316 -6.14702748
172 -725.35058594 -6.14703886
173 -725.35229492 -6.14705335
174 -725.35424805 -6.14706990
175 -725.35705566 -6.14709369
