0 -526.33349609 -5.84814996
1 -526.39050293 -5.84878337
2 -526.42626953 -5.84918077
3 -526.45251465 -5.84947238
4 -526.47540283 -5.84972670
5 -526.49377441 -5.84993083
6 -526.50952148 -5.85010579
7 -526.52423096 -5.85026923
8 -526.53692627 -5.85041029
9 -526.54882812 -5.85054253
10 -526.55895996 -5.85065511
11 -526.56774902 -5.85075277
12 -526.57629395 -5.85084771
13 -526.58325195 -5.85092502
14 -526.58990479 -5.85099894
15 -526.59576416 -5.85106405
16 -526.60119629 -5.85112440
17 -526.60546875 -5.85117188
18 -526.61090088 -5.85123223
19 -526.61499023 -5.85127767
20 -526.61920166 -5.85132446
21 -526.62298584 -5.85136651
22 -526.62695312 -5.85141059
23 -526.62988281 -5.85144314
24 -526.63275146 -5.85147502
25 -526.63494873 -5.85149943
26 -526.63781738 -5.85153130
27 -526.64062500 -5.85156250
28 -526.64276123 -5.85158624
29 -526.64501953 -5.85161133
30 -526.64721680 -5.85163574
31 -526.64929199 -5.85165880
