0 -577.78558350 -6.56574527
1 -577.76477051 -6.56550876
2 -577.72882080 -6.56510024
3 -577.63201904 -6.56400022
4 -577.60107422 -6.56364857
5 -577.53857422 -6.56293834
6 -577.49865723 -6.56248474
7 -577.44976807 -6.56192918
8 -577.39099121 -6.56126126
9 -577.29998779 -6.56022713
10 -577.28881836 -6.56010021
11 -577.26617432 -6.55984289
12 -577.22735596 -6.55940177
13 -577.18280029 -6.55889546
14 -577.08374023 -6.55776978
15 -577.01556396 -6.55699505
16 -576.92492676 -6.55596508
17 -576.86956787 -6.55533600
18 -576.86053467 -6.55523335
19 -576.76666260 -6.55416662
20 -576.69830322 -6.55338981
21 -576.59722900 -6.55224124
22 -576.57525635 -6.55199155
23 -576.52276611 -6.55139507
24 -576.60076904 -6.55228147
25 -576.59143066 -6.55217535
26 -576.57183838 -6.55195271
27 -576.56878662 -6.55191803
28 -576.56109619 -6.55183064
29 -576.48962402 -6.55101845
30 -576.48510742 -6.55096713
31 -576.31933594 -6.54908336
32 -576.27001953 -6.54852295
33 -576.21606445 -6.54790982
34 -576.09722900 -6.54655942
35 -576.07666016 -6.54632568
36 -576.16979980 -6.54738409
37 -576.09954834 -6.54658578
38 -576.00683594 -6.54553223
39 -575.98693848 -6.54530612
40 -575.85729980 -6.54383295
41 -575.90533447 -6.54437880
42 -575.87072754 -6.54398554
43 -575.89147949 -6.54422136
44 -575.78460693 -6.54300690
45 -575.86785889 -6.54395294
46 -575.68994141 -6.54193115
47 -575.71978760 -6.54227031
48 -575.75360107 -6.54265456
49 -575.59448242 -6.54084639
50 -575.64947510 -6.54147131
51 -575.44732666 -6.53917417
52 -575.44958496 -6.53919983
53 -575.45092773 -6.53921509
54 -575.40100098 -6.53864774
55 -575.33496094 -6.53789728
56 -575.18548584 -6.53619870
57 -574.97576904 -6.53381556
58 -574.91235352 -6.53309493
59 -574.81787109 -6.53202126
60 -574.71154785 -6.53081304
61 -574.44476318 -6.52778140
62 -574.36260986 -6.52684784
63 -574.08447266 -6.52368719
64 -574.02142334 -6.52297072
65 -573.84857178 -6.52100650
66 -573.81225586 -6.52059382
67 -573.88684082 -6.52144137
68 -573.93768311 -6.52201913
69 -573.98016357 -6.52250186
70 -573.80859375 -6.52055220
71 -573.67877197 -6.51907695
72 -573.50274658 -6.51707667
73 -573.40216064 -6.51593364
74 -573.38043213 -6.51568673
75 -573.31457520 -6.51493835
76 -573.37457275 -6.51562014
77 -573.28179932 -6.51456590
78 -573.29119873 -6.51467271
79 -573.15704346 -6.51314822
80 -572.95111084 -6.51080808
81 -573.02166748 -6.51160986
82 -572.90972900 -6.51033783
83 -572.79534912 -6.50903806
84 -572.78521729 -6.50892292
85 -572.80517578 -6.50914972
86 -572.82885742 -6.50941883
87 -572.93237305 -6.51059515
88 -572.73724365 -6.50837777
89 -572.83941650 -6.50953882
90 -572.68774414 -6.50781527
91 -572.44146729 -6.50501667
92 -572.53527832 -6.50608271
93 -572.60217285 -6.50684287
94 -572.51531982 -6.50585591
95 -572.65325928 -6.50742340
96 -572.79815674 -6.50906996
97 -572.84277344 -6.50957697
98 -572.65014648 -6.50738803
99 -572.78381348 -6.50890697
100 -572.57769775 -6.50656475
101 -572.25500488 -6.50289778
102 -572.13879395 -6.50157720
103 -571.98968506 -6.49988278
104 -571.87780762 -6.49861145
105 -571.62176514 -6.49570188
106 -571.54260254 -6.49480230
107 -571.50543213 -6.49437991
108 -571.47973633 -6.49408791
109 -571.34600830 -6.49256828
110 -571.26239014 -6.49161807
111 -570.84362793 -6.48685941
112 -570.55700684 -6.48360235
113 -570.43725586 -6.48224154
114 -570.52764893 -6.48326874
115 -570.31713867 -6.48087658
116 -570.10101318 -6.47842060
117 -570.02062988 -6.47750716
118 -569.51934814 -6.47181077
119 -569.74353027 -6.47435830
120 -569.46765137 -6.47122331
121 -569.16326904 -6.46776442
122 -569.14459229 -6.46755219
123 -568.73284912 -6.46287329
124 -568.29254150 -6.45786979
125 -568.27203369 -6.45763675
126 -568.10333252 -6.45571969
127 -567.99102783 -6.45444350
128 -567.66845703 -6.45077792
129 -567.54663086 -6.44939353
130 -567.31988525 -6.44681688
131 -567.26586914 -6.44620306
132 -567.43481445 -6.44812289
133 -567.52423096 -6.44913899
134 -567.77606201 -6.45200070
135 -567.74395752 -6.45163588
136 -567.71136475 -6.45126551
137 -567.56842041 -6.44964114
138 -567.52069092 -6.44909876
139 -567.41064453 -6.44784823
140 -567.40472412 -6.44778096
141 -567.44134521 -6.44819710
142 -567.13519287 -6.44471810
143 -567.10076904 -6.44432692
144 -567.03808594 -6.44361461
145 -566.83911133 -6.44135354
146 -566.56890869 -6.43828305
147 -566.25103760 -6.43467088
148 -565.97698975 -6.43155670
149 -566.15863037 -6.43362080
150 -566.36260986 -6.43593875
151 -566.20751953 -6.43417636
152 -566.33288574 -6.43560097
153 -566.21063232 -6.43421173
154 -565.62188721 -6.42752145
155 -564.89202881 -6.41922760
156 -564.87866211 -6.41907571
157 -564.70501709 -6.41710247
158 -565.05712891 -6.42110374
159 -565.02648926 -6.42075556
160 -564.54052734 -6.41523327
161 -564.46990967 -6.41443079
162 -564.40411377 -6.41368311
163 -563.95330811 -6.40856032
164 -564.44207764 -6.41411452
165 -564.91088867 -6.41944192
166 -564.80981445 -6.41829335
167 -564.38366699 -6.41345076
168 -563.54772949 -6.40395147
169 -563.28308105 -6.40094410
170 -562.86932373 -6.39624232
171 -562.67974854 -6.39408805
172 -563.12170410 -6.39911027
173 -562.65264893 -6.39378010
174 -562.15045166 -6.38807331
175 -562.05328369 -6.38696913
176 -562.05200195 -6.38695457
177 -561.84448242 -6.38459639
178 -561.40490723 -6.37960122
179 -561.12915039 -6.37646762
180 -561.13519287 -6.37653628
181 -561.14056396 -6.37659732
182 -560.75439453 -6.37220903
183 -561.23828125 -6.37770774
184 -560.94372559 -6.37436052
185 -561.15502930 -6.37676170
186 -561.04199219 -6.37547718
187 -561.40759277 -6.37963174
188 -561.47985840 -6.38045294
189 -561.58239746 -6.38161815
190 -561.13970947 -6.37658761
191 -560.34301758 -6.36753429
192 -560.48754883 -6.36917669
193 -560.52880859 -6.36964555
194 -560.38122559 -6.36796847
195 -560.48370361 -6.36913300
196 -560.03582764 -6.36404350
197 -559.86059570 -6.36205222
198 -559.77447510 -6.36107358
199 -558.80603027 -6.35006853
200 -558.68530273 -6.34869662
201 -558.93450928 -6.35152851
202 -558.39215088 -6.34536535
203 -558.24468994 -6.34368966
204 -557.41369629 -6.33424655
205 -557.06158447 -6.33024528
206 -557.26275635 -6.33253132
207 -557.46697998 -6.33485205
208 -557.48358154 -6.33504070
209 -557.44891357 -6.33464675
210 -557.68811035 -6.33736489
211 -557.19104004 -6.33171636
212 -557.14642334 -6.33120936
213 -556.62725830 -6.32530975
214 -556.48895264 -6.32373810
215 -556.54931641 -6.32442405
216 -555.99395752 -6.31811315
217 -555.72717285 -6.31508151
218 -556.10137939 -6.31933386
219 -555.38494873 -6.31119260
220 -555.88024902 -6.31682101
221 -554.86419678 -6.30527496
222 -554.92858887 -6.30600669
223 -554.96044922 -6.30636874
224 -554.29473877 -6.29880385
225 -553.76715088 -6.29280853
226 -553.82830811 -6.29350350
227 -554.04541016 -6.29597057
228 -553.51757812 -6.28997248
229 -553.99053955 -6.29534704
230 -553.84106445 -6.29364846
231 -553.85974121 -6.29386070
232 -554.00848389 -6.29555095
233 -554.13067627 -6.29693950
234 -554.91162109 -6.30581388
235 -554.54553223 -6.30165378
236 -554.21124268 -6.29785503
237 -553.56726074 -6.29053705
238 -552.44891357 -6.27782856
239 -552.89923096 -6.28294581
240 -553.26562500 -6.28710938
241 -552.84136963 -6.28228829
242 -553.53173828 -6.29013339
243 -553.00286865 -6.28412351
244 -553.09735107 -6.28519717
245 -553.44891357 -6.28919220
246 -553.69738770 -6.29201577
247 -553.59661865 -6.29087067
248 -553.66162109 -6.29160933
249 -553.65985107 -6.29158922
250 -553.17913818 -6.28612657
251 -553.00488281 -6.28414640
252 -552.63769531 -6.27997381
253 -552.24871826 -6.27555362
254 -551.47589111 -6.26677149
255 -549.91094971 -6.24898806
256 -549.57983398 -6.24522539
257 -549.37597656 -6.24290882
258 -549.26275635 -6.24162223
259 -549.01647949 -6.23882363
260 -548.47912598 -6.23271734
261 -547.51135254 -6.22171992
262 -546.72790527 -6.21281711
263 -546.92486572 -6.21505529
264 -547.32855225 -6.21964264
265 -546.84747314 -6.21417583
266 -546.74084473 -6.21296414
267 -546.04229736 -6.20502611
268 -547.21630859 -6.21836714
269 -545.94946289 -6.20397117
270 -545.81408691 -6.20243281
271 -545.49450684 -6.19880121
272 -545.09576416 -6.19427005
273 -544.85925293 -6.19158242
274 -543.66003418 -6.17795493
275 -543.27960205 -6.17363184
276 -542.68359375 -6.16685902
277 -543.07604980 -6.17131875
278 -542.92578125 -6.16961115
279 -543.64355469 -6.17776767
280 -542.78247070 -6.16798262
281 -542.84753418 -6.16872198
282 -542.75787354 -6.16770311
283 -541.29620361 -6.15109322
284 -542.53503418 -6.16517084
285 -542.10528564 -6.16028734
286 -542.43334961 -6.16401534
287 -541.92913818 -6.15828566
288 -542.41760254 -6.16383639
289 -541.21545410 -6.15017561
290 -542.23474121 -6.16175842
291 -540.93048096 -6.14693728
292 -538.99389648 -6.12493064
293 -538.51379395 -6.11947493
294 -538.26171875 -6.11661044
295 -538.29290771 -6.11696486
296 -538.58618164 -6.12029752
297 -538.07635498 -6.11450403
298 -536.38830566 -6.09532166
299 -535.17126465 -6.08149164
300 -535.47070312 -6.08489435
301 -533.54864502 -6.06305278
302 -534.17321777 -6.07015020
303 -534.65747070 -6.07565308
304 -534.17163086 -6.07013217
305 -533.20880127 -6.05919092
306 -532.83874512 -6.05498574
307 -534.31652832 -6.07177873
308 -534.31329346 -6.07174197
309 -532.06280518 -6.04616824
310 -533.64611816 -6.06416043
311 -535.21209717 -6.08195565
312 -534.35174561 -6.07217893
313 -534.04797363 -6.06872697
314 -533.13909912 -6.05839885
315 -531.34265137 -6.03798467
316 -530.64300537 -6.03003415
317 -530.82989502 -6.03215790
318 -529.26806641 -6.01440985
319 -527.68902588 -5.99646620
320 -526.60034180 -5.98409479
321 -526.32897949 -5.98101113
322 -530.10351562 -6.02390359
323 -529.99353027 -6.02265375
324 -529.30450439 -6.01482391
325 -530.85095215 -6.03239718
326 -530.70404053 -6.03072773
327 -530.71936035 -6.03090182
328 -528.49249268 -6.00559651
329 -525.67645264 -5.97359605
330 -526.86065674 -5.98705292
331 -526.77026367 -5.98602572
332 -525.45281982 -5.97105477
333 -524.90869141 -5.96487149
334 -527.93701172 -5.99928422
335 -526.70123291 -5.98524128
336 -527.19036865 -5.99079964
337 -528.57092285 -6.00648776
338 -529.94665527 -6.02212108
339 -529.87768555 -6.02133734
340 -528.55786133 -6.00633933
341 -528.99328613 -6.01128734
342 -526.55218506 -5.98354756
343 -526.30621338 -5.98075242
344 -526.85272217 -5.98696275
345 -525.73608398 -5.97427368
346 -524.65313721 -5.96196747
347 -523.36102295 -5.94728435
348 -522.91302490 -5.94219346
349 -521.58685303 -5.92712333
350 -520.94274902 -5.91980397
351 -520.21136475 -5.91149278
352 -521.37384033 -5.92470273
