0 -460.93240356 -6.87958811
1 -459.40750122 -6.85682838
2 -456.61441040 -6.81514045
3 -454.91040039 -6.78970747
4 -450.94625854 -6.73054117
5 -447.33535767 -6.67664713
6 -446.50213623 -6.66421099
7 -441.34738159 -6.58727435
8 -438.03945923 -6.53790238
9 -432.91683960 -6.46144537
10 -432.87963867 -6.46089013
11 -430.10778809 -6.41951923
12 -429.91360474 -6.41662097
13 -423.68466187 -6.32365167
14 -419.42367554 -6.26005486
15 -418.46893311 -6.24580497
16 -420.58782959 -6.27743029
17 -420.26254272 -6.27257526
18 -419.60913086 -6.26282285
19 -416.46942139 -6.21596151
20 -417.47003174 -6.23089600
21 -418.97909546 -6.25341934
22 -412.23834229 -6.15281108
23 -407.75317383 -6.08586827
24 -403.33566284 -6.01993527
25 -394.69268799 -5.89093564
26 -396.82293701 -5.92273040
27 -393.09524536 -5.86709321
28 -388.13058472 -5.79299380
29 -380.84027100 -5.68418315
