0 -600.55267334 -6.67280748
1 -600.58813477 -6.67320150
2 -600.61407471 -6.67348972
3 -600.63256836 -6.67369520
4 -600.64959717 -6.67388441
5 -600.66406250 -6.67404514
6 -600.67559814 -6.67417331
7 -600.68597412 -6.67428860
8 -600.69506836 -6.67438965
9 -600.70343018 -6.67448256
10 -600.71130371 -6.67457004
11 -600.71813965 -6.67464600
12 -600.72479248 -6.67471992
13 -600.73010254 -6.67477892
14 -600.73608398 -6.67484538
15 -600.74114990 -6.67490167
16 -600.74597168 -6.67495524
17 -600.75036621 -6.67500407
18 -600.75421143 -6.67504679
19 -600.75811768 -6.67509020
20 -600.76257324 -6.67513970
21 -600.76580811 -6.67517565
22 -600.76947021 -6.67521634
23 -600.77282715 -6.67525363
24 -600.77606201 -6.67528958
25 -600.77917480 -6.67532416
26 -600.78271484 -6.67536350
27 -600.78594971 -6.67539944
28 -600.78833008 -6.67542589
29 -600.79125977 -6.67545844
30 -600.79382324 -6.67548692
31 -600.79687500 -6.67552083
