0 -720.91241455 -6.80106051
1 -720.92761230 -6.80120389
2 -720.93609619 -6.80128393
3 -720.94122314 -6.80133229
4 -720.94604492 -6.80137778
5 -720.94970703 -6.80141233
6 -720.95263672 -6.80143997
7 -720.95617676 -6.80147337
8 -720.95886230 -6.80149870
9 -720.96130371 -6.80152173
10 -720.96356201 -6.80154304
11 -720.96618652 -6.80156780
12 -720.96850586 -6.80158968
13 -720.96984863 -6.80160235
14 -720.97131348 -6.80161616
15 -720.97351074 -6.80163689
16 -720.97570801 -6.80165762
17 -720.97674561 -6.80166741
18 -720.97851562 -6.80168411
19 -720.97882080 -6.80168699
20 -720.98016357 -6.80169966
21 -720.98107910 -6.80170829
22 -720.98266602 -6.80172326
23 -720.98333740 -6.80172960
24 -720.98443604 -6.80173996
25 -720.98498535 -6.80174514
26 -720.98590088 -6.80175378
27 -720.98706055 -6.80176472
28 -720.98822021 -6.80177566
29 -720.98870850 -6.80178027
30 -720.99023438 -6.80179466
31 -720.99102783 -6.80180215
32 -720.99139404 -6.80180560
33 -720.99243164 -6.80181539
34 -720.99353027 -6.80182576
