0 -685.33691406 -6.71898935
1 -684.17028809 -6.70755184
2 -682.75823975 -6.69370823
3 -680.86242676 -6.67512183
4 -679.56213379 -6.66237386
5 -678.70507812 -6.65397135
6 -677.06042480 -6.63784730
7 -675.17376709 -6.61935066
8 -673.53881836 -6.60332175
9 -671.64483643 -6.58475330
10 -669.18084717 -6.56059654
11 -669.29077148 -6.56167423
12 -666.40551758 -6.53338743
13 -662.93908691 -6.49940281
14 -662.43182373 -6.49442964
15 -659.96569824 -6.47025194
16 -656.41662598 -6.43545712
17 -657.14862061 -6.44263354
18 -654.94458008 -6.42102529
19 -654.06408691 -6.41239301
20 -650.38842773 -6.37635713
21 -650.01892090 -6.37273452
22 -647.41943359 -6.34724935
23 -644.77972412 -6.32136984
24 -645.59045410 -6.32931818
25 -643.27868652 -6.30665379
26 -642.94879150 -6.30341952
27 -643.74029541 -6.31117937
28 -642.75433350 -6.30151307
29 -638.40863037 -6.25890814
30 -637.95574951 -6.25446813
31 -635.68798828 -6.23223518
32 -635.85833740 -6.23390527
33 -633.69311523 -6.21267760
34 -634.35589600 -6.21917545
35 -630.34625244 -6.17986522
36 -627.47808838 -6.15174596
37 -621.89794922 -6.09703872
38 -618.51354980 -6.06385833
39 -617.54003906 -6.05431411
40 -613.25030518 -6.01225789
41 -609.60333252 -5.97650326
42 -609.93389893 -5.97974411
43 -605.36987305 -5.93499876
44 -606.68493652 -5.94789153
45 -604.09063721 -5.92245723
46 -606.84960938 -5.94950597
47 -598.48455811 -5.86749567
48 -602.15313721 -5.90346213
49 -600.80749512 -5.89026956
50 -604.90447998 -5.93043608
51 -606.93420410 -5.95033533
52 -605.15161133 -5.93285893
53 -602.14038086 -5.90333707
54 -599.61157227 -5.87854483
55 -587.43322754 -5.75914929
56 -588.58587646 -5.77044977
57 -592.02368164 -5.80415374
58 -586.56805420 -5.75066720
59 -585.44628906 -5.73966950
60 -576.50219727 -5.65198233
61 -573.46112061 -5.62216785
62 -574.44219971 -5.63178627
63 -569.20324707 -5.58042399
64 -566.79541016 -5.55681775
65 -573.74414062 -5.62494256
66 -569.60144043 -5.58432785
67 -557.34594727 -5.46417595
68 -563.33880615 -5.52292947
69 -560.30346680 -5.49317124
70 -562.32287598 -5.51296937
71 -563.75610352 -5.52702062
72 -556.76385498 -5.45846917
73 -548.01019287 -5.37264895
74 -543.32373047 -5.32670324
75 -547.56298828 -5.36826459
76 -544.06213379 -5.33394249
77 -539.55859375 -5.28979013
78 -531.26586914 -5.20848891
79 -525.92028809 -5.15608126
80 -522.85223389 -5.12600229
81 -522.50091553 -5.12255800
82 -518.79467773 -5.08622233
83 -519.86138916 -5.09668029
84 -513.30438232 -5.03239591
85 -517.49877930 -5.07351744
86 -510.04974365 -5.00048768
87 -493.67211914 -4.83992274
88 -485.14746094 -4.75634766
89 -487.96063232 -4.78392777
90 -491.79983521 -4.82156701
91 -485.02386475 -4.75513593
92 -481.44061279 -4.72000601
93 -482.96429443 -4.73494406
94 -484.05175781 -4.74560547
95 -467.81591797 -4.58643057
96 -464.42395020 -4.55317598
97 -455.71862793 -4.46782969
98 -447.34930420 -4.38577749
99 -442.77792358 -4.34096004
100 -429.37103271 -4.20951993
101 -429.00604248 -4.20594159
102 -422.18609619 -4.13907937
103 -444.67727661 -4.35958114
104 -436.39569092 -4.27838913
105 -429.72418213 -4.21298218
106 -424.02316284 -4.15708983
107 -419.74832153 -4.11517962
108 -429.98535156 -4.21554266
109 -416.91870117 -4.08743825
110 -405.87188721 -3.97913615
111 -415.38708496 -4.07242240
112 -409.01556396 -4.00995651
113 -376.67694092 -3.69291119
114 -375.07797241 -3.67723502
115 -398.52697754 -3.90712723
116 -397.19067383 -3.89402621
117 -380.41262817 -3.72953557
118 -372.96734619 -3.65654261
119 -382.15838623 -3.74665085
120 -394.03228760 -3.86306164
121 -397.50085449 -3.89706720
122 -401.32360840 -3.93454518
123 -400.42236328 -3.92570944
124 -406.01782227 -3.98056688
125 -404.14569092 -3.96221266
126 -397.68957520 -3.89891740
127 -390.84057617 -3.83177035
128 -381.08975220 -3.73617404
129 -393.97113037 -3.86246206
130 -381.99005127 -3.74500050
131 -366.56787109 -3.59380266
132 -358.33099365 -3.51304896
133 -345.94143677 -3.39158271
134 -301.85131836 -2.95932665
135 -327.91000366 -3.21480396
136 -303.46710205 -2.97516767
137 -320.08581543 -3.13809623
138 -266.99319458 -2.61758034
139 -293.18936157 -2.87440551
140 -302.38000488 -2.96450985
141 -293.86352539 -2.88101495
142 -306.67633057 -3.00663069
143 -315.49597168 -3.09309776
144 -311.82037354 -3.05706249
145 -302.92919922 -2.96989411
146 -331.49182129 -3.24991982
147 -328.22033691 -3.21784644
148 -339.38214111 -3.32727589
149 -200.60513306 -1.96671699
150 8.33322144 0.08169825
