0 -582.68505859 -6.93672689
1 -582.64465332 -6.93624587
2 -582.57666016 -6.93543643
3 -582.52703857 -6.93484570
4 -582.48413086 -6.93433489
5 -582.48559570 -6.93435233
6 -582.42718506 -6.93365696
7 -582.40979004 -6.93344988
8 -582.38671875 -6.93317522
9 -582.32067871 -6.93238903
10 -582.30114746 -6.93215652
11 -582.28387451 -6.93195089
12 -582.24151611 -6.93144662
13 -582.19189453 -6.93085589
14 -582.17193604 -6.93061829
15 -582.13500977 -6.93017869
16 -582.09820557 -6.92974054
17 -582.05572510 -6.92923482
18 -582.01593018 -6.92876107
19 -581.98736572 -6.92842102
20 -581.85992432 -6.92690386
21 -581.82220459 -6.92645482
22 -581.80560303 -6.92625718
23 -581.75476074 -6.92565191
24 -581.69006348 -6.92488171
25 -581.67846680 -6.92474365
26 -581.62994385 -6.92416600
27 -581.59130859 -6.92370605
28 -581.49511719 -6.92256092
29 -581.45935059 -6.92213513
30 -581.47131348 -6.92227754
31 -581.45715332 -6.92210897
32 -581.40155029 -6.92144703
33 -581.31500244 -6.92041670
34 -581.29254150 -6.92014930
35 -581.28112793 -6.92001343
36 -581.23559570 -6.91947138
37 -581.17877197 -6.91879490
38 -581.10113525 -6.91787066
39 -581.07550049 -6.91756548
40 -580.97515869 -6.91637094
41 -580.92346191 -6.91575550
42 -580.85253906 -6.91491118
43 -580.62786865 -6.91223653
44 -580.59527588 -6.91184852
45 -580.42510986 -6.90982274
46 -580.26953125 -6.90797061
47 -580.15618896 -6.90662130
48 -579.99401855 -6.90469070
49 -579.87066650 -6.90322222
50 -579.84460449 -6.90291196
51 -579.69580078 -6.90114049
52 -579.89025879 -6.90345546
53 -579.85089111 -6.90298680
54 -579.73156738 -6.90156628
55 -579.84503174 -6.90291704
56 -579.70812988 -6.90128726
57 -579.67395020 -6.90088036
58 -579.62939453 -6.90034993
59 -579.58764648 -6.89985293
60 -579.59191895 -6.89990380
61 -579.43603516 -6.89804804
62 -579.45007324 -6.89821516
63 -579.52758789 -6.89913795
64 -579.46008301 -6.89833432
65 -579.48876953 -6.89867583
66 -579.38500977 -6.89744059
67 -579.29840088 -6.89640953
68 -579.29931641 -6.89642043
69 -579.42913818 -6.89796593
70 -579.35272217 -6.89705622
71 -579.25799561 -6.89592852
72 -579.22375488 -6.89552089
73 -579.04333496 -6.89337304
74 -578.93725586 -6.89211019
75 -578.75231934 -6.88990856
76 -578.58691406 -6.88793945
77 -578.59399414 -6.88802374
78 -578.56683350 -6.88770040
79 -578.27600098 -6.88423811
80 -578.16320801 -6.88289533
81 -577.99682617 -6.88091460
82 -577.84155273 -6.87906610
83 -577.64337158 -6.87670680
84 -577.52148438 -6.87525577
85 -577.56219482 -6.87574041
86 -577.68475342 -6.87719945
87 -577.42199707 -6.87407139
88 -577.46166992 -6.87454369
89 -577.40881348 -6.87391445
90 -577.43487549 -6.87422471
91 -577.26910400 -6.87225124
92 -577.44689941 -6.87436785
93 -577.20782471 -6.87152172
94 -577.17437744 -6.87112354
95 -577.07861328 -6.86998349
96 -577.02697754 -6.86936878
97 -577.13867188 -6.87069847
98 -576.80114746 -6.86668033
99 -576.50836182 -6.86319478
100 -576.34857178 -6.86129252
101 -576.40057373 -6.86191159
102 -576.16546631 -6.85911269
103 -576.14624023 -6.85888381
104 -575.90167236 -6.85597229
105 -575.78704834 -6.85460772
106 -575.60583496 -6.85245042
107 -575.69116211 -6.85346622
108 -575.42559814 -6.85030474
109 -575.39697266 -6.84996396
110 -575.43371582 -6.85040138
111 -575.42602539 -6.85030983
112 -575.21820068 -6.84783572
113 -575.29412842 -6.84873962
114 -575.27862549 -6.84855507
115 -575.39141846 -6.84989784
116 -575.24176025 -6.84811619
117 -575.11279297 -6.84658087
118 -574.88098145 -6.84382121
119 -574.69177246 -6.84156872
120 -574.21588135 -6.83590335
121 -574.15600586 -6.83519055
122 -573.98950195 -6.83320836
123 -573.67895508 -6.82951137
124 -573.52996826 -6.82773772
125 -573.14447021 -6.82314845
126 -572.92346191 -6.82051740
127 -572.92431641 -6.82052758
128 -573.18463135 -6.82362656
129 -573.03570557 -6.82185364
130 -572.89422607 -6.82016936
131 -572.59320068 -6.81658572
132 -572.58831787 -6.81652759
133 -572.65478516 -6.81731887
134 -572.43194580 -6.81466602
135 -571.92614746 -6.80864461
136 -571.67559814 -6.80566188
137 -571.38110352 -6.80215599
138 -571.52172852 -6.80383010
139 -570.92065430 -6.79667446
140 -570.61718750 -6.79306176
141 -570.89117432 -6.79632350
142 -570.55877686 -6.79236639
143 -570.44689941 -6.79103452
144 -570.53765869 -6.79211498
145 -570.46411133 -6.79123942
146 -570.45812988 -6.79116821
147 -570.92669678 -6.79674639
148 -570.29888916 -6.78927249
149 -570.56842041 -6.79248120
150 -570.52557373 -6.79197112
151 -570.98773193 -6.79747300
152 -571.09851074 -6.79879179
153 -570.92071533 -6.79667518
154 -570.90924072 -6.79653858
155 -570.71105957 -6.79417928
156 -569.85833740 -6.78402783
157 -569.23004150 -6.77654811
158 -568.90905762 -6.77272688
159 -568.95556641 -6.77328055
160 -569.21325684 -6.77634830
161 -569.27117920 -6.77703785
162 -568.99890137 -6.77379644
163 -569.03912354 -6.77427528
164 -568.74658203 -6.77079264
165 -568.26757812 -6.76509022
166 -568.30523682 -6.76553853
167 -568.20684814 -6.76436724
168 -568.24291992 -6.76479667
169 -567.58532715 -6.75696818
170 -567.32611084 -6.75388227
171 -566.68768311 -6.74628194
172 -566.89233398 -6.74871826
173 -566.28021240 -6.74143110
174 -566.01757812 -6.73830450
175 -565.96234131 -6.73764692
176 -566.08874512 -6.73915173
177 -566.77947998 -6.74737476
178 -566.50115967 -6.74406142
179 -566.44866943 -6.74343654
180 -567.34716797 -6.75413295
181 -567.13714600 -6.75163269
182 -566.87426758 -6.74850319
183 -567.56555176 -6.75673276
184 -567.48620605 -6.75578817
185 -567.35955811 -6.75428045
186 -567.39410400 -6.75469171
187 -567.45092773 -6.75536819
188 -567.50274658 -6.75598508
189 -567.99902344 -6.76189314
190 -568.45031738 -6.76726568
191 -568.13714600 -6.76353745
192 -568.21136475 -6.76442101
193 -567.80926514 -6.75963411
194 -567.61328125 -6.75730097
195 -567.64123535 -6.75763375
196 -567.91143799 -6.76085045
197 -567.70843506 -6.75843375
198 -567.59375000 -6.75706845
199 -566.97076416 -6.74965195
200 -567.09991455 -6.75118946
201 -566.63140869 -6.74561201
202 -566.62481689 -6.74553353
203 -567.07202148 -6.75085740
204 -566.68438721 -6.74624270
205 -566.65045166 -6.74583871
206 -566.46264648 -6.74360293
207 -567.09649658 -6.75114877
208 -567.50170898 -6.75597273
209 -566.80108643 -6.74763198
210 -566.74353027 -6.74694679
211 -566.02636719 -6.73840913
212 -565.91418457 -6.73707363
213 -565.97167969 -6.73775809
214 -565.93127441 -6.73727708
215 -565.45202637 -6.73157174
216 -564.71539307 -6.72280230
217 -564.59777832 -6.72140212
218 -564.17834473 -6.71640887
219 -563.32598877 -6.70626177
220 -563.51666260 -6.70853170
221 -563.11126709 -6.70370556
222 -563.09790039 -6.70354643
223 -561.23254395 -6.68133981
224 -560.78979492 -6.67606899
225 -560.51361084 -6.67278108
226 -560.45941162 -6.67213585
227 -560.39544678 -6.67137437
228 -559.88006592 -6.66523888
229 -559.78546143 -6.66411264
230 -559.57147217 -6.66156514
231 -559.70843506 -6.66319566
232 -559.52185059 -6.66097441
233 -559.61193848 -6.66204689
234 -559.59088135 -6.66179621
235 -558.90380859 -6.65361677
236 -558.54113770 -6.64929926
237 -558.58728027 -6.64984857
238 -558.57550049 -6.64970834
239 -557.82482910 -6.64077178
240 -557.28784180 -6.63437907
241 -557.93762207 -6.64211455
242 -557.23052979 -6.63369678
243 -557.40283203 -6.63574800
244 -556.31817627 -6.62283543
245 -555.57830811 -6.61402748
246 -555.49987793 -6.61309378
247 -554.65393066 -6.60302298
248 -554.78204346 -6.60454814
249 -555.17932129 -6.60927763
250 -554.88354492 -6.60575649
251 -554.68322754 -6.60337176
252 -554.12243652 -6.59669567
253 -554.36199951 -6.59954761
254 -554.06817627 -6.59604972
255 -552.89703369 -6.58210754
256 -553.02416992 -6.58362107
257 -552.65710449 -6.57925124
258 -552.51995850 -6.57761855
259 -552.01965332 -6.57166254
260 -551.66760254 -6.56747146
261 -551.47680664 -6.56520008
262 -550.79309082 -6.55706061
263 -550.81176758 -6.55728295
264 -549.89978027 -6.54642596
265 -550.40289307 -6.55241539
266 -550.45129395 -6.55299159
267 -549.95928955 -6.54713440
268 -549.89569092 -6.54637727
269 -548.71704102 -6.53234573
270 -548.45324707 -6.52920532
271 -546.65856934 -6.50784011
272 -546.88201904 -6.51050023
273 -547.23199463 -6.51466660
274 -546.57733154 -6.50687299
275 -546.49462891 -6.50588844
276 -546.47247314 -6.50562468
277 -546.02313232 -6.50027538
278 -545.94390869 -6.49933225
279 -545.83001709 -6.49797639
280 -546.19836426 -6.50236148
281 -546.29528809 -6.50351533
282 -545.50512695 -6.49410865
283 -544.96600342 -6.48769052
284 -545.23583984 -6.49090286
285 -545.84057617 -6.49810210
286 -546.48864746 -6.50581723
287 -546.93298340 -6.51110695
288 -546.38671875 -6.50460379
289 -546.32873535 -6.50391352
290 -545.24407959 -6.49100095
291 -543.94384766 -6.47552200
292 -543.45050049 -6.46964882
293 -543.56945801 -6.47106498
294 -543.31719971 -6.46806190
295 -543.39862061 -6.46903120
296 -544.08184814 -6.47716486
297 -544.26361084 -6.47932870
298 -544.08691406 -6.47722517
299 -543.63818359 -6.47188314
300 -543.53765869 -6.47068641
301 -541.80865479 -6.45010303
302 -541.89263916 -6.45110285
303 -541.17980957 -6.44261678
304 -541.34729004 -6.44461060
305 -540.55853271 -6.43522063
306 -540.56872559 -6.43534197
307 -539.58911133 -6.42367990
308 -538.64538574 -6.41244507
309 -538.43731689 -6.40996806
310 -537.81384277 -6.40254575
311 -536.93988037 -6.39214143
312 -536.39093018 -6.38560631
313 -535.00415039 -6.36909703
314 -533.59027100 -6.35226513
315 -533.06085205 -6.34596252
316 -531.57714844 -6.32829939
317 -530.38800049 -6.31414286
318 -530.11956787 -6.31094724
319 -529.83447266 -6.30755325
320 -528.95654297 -6.29710170
321 -527.44732666 -6.27913484
322 -526.10198975 -6.26311893
323 -525.75213623 -6.25895400
324 -524.74481201 -6.24696205
325 -522.33569336 -6.21828206
326 -521.11932373 -6.20380147
327 -520.14855957 -6.19224476
328 -519.38647461 -6.18317232
329 -519.46551514 -6.18411328
