0 -668.22692871 -6.42525893
1 -668.26098633 -6.42558641
2 -668.28027344 -6.42577186
3 -668.29821777 -6.42594440
4 -668.31616211 -6.42611694
5 -668.33111572 -6.42626073
6 -668.34259033 -6.42637106
7 -668.35693359 -6.42650898
8 -668.37091064 -6.42664337
9 -668.38446045 -6.42677366
10 -668.39550781 -6.42687988
11 -668.40557861 -6.42697672
12 -668.41662598 -6.42708294
13 -668.42504883 -6.42716393
14 -668.43103027 -6.42722144
15 -668.43829346 -6.42729128
16 -668.44665527 -6.42737169
17 -668.45849609 -6.42748554
18 -668.46343994 -6.42753308
19 -668.47387695 -6.42763343
20 -668.47583008 -6.42765221
21 -668.48693848 -6.42775902
22 -668.49078369 -6.42779600
23 -668.49560547 -6.42784236
24 -668.50244141 -6.42790809
25 -668.50659180 -6.42794800
26 -668.51312256 -6.42801079
27 -668.51849365 -6.42806244
28 -668.52197266 -6.42809589
29 -668.52227783 -6.42809883
30 -668.52746582 -6.42814871
31 -668.52746582 -6.42814871
32 -668.53356934 -6.42820740
33 -668.53967285 -6.42826609
34 -668.54125977 -6.42828134
35 -668.53906250 -6.42826022
36 -668.54272461 -6.42829543
37 -668.54394531 -6.42830717
38 -668.54864502 -6.42835236
39 -668.54876709 -6.42835353
40 -668.55181885 -6.42838287
41 -668.55401611 -6.42840400
42 -668.55462646 -6.42840987
43 -668.56018066 -6.42846328
44 -668.55944824 -6.42845623
45 -668.56140137 -6.42847501
46 -668.56591797 -6.42851844
47 -668.56671143 -6.42852607
48 -668.56768799 -6.42853546
49 -668.57067871 -6.42856422
50 -668.57934570 -6.42864755
51 -668.58056641 -6.42865929
52 -668.58575439 -6.42870918
53 -668.58471680 -6.42869920
54 -668.58380127 -6.42869040
55 -668.58489990 -6.42870096
56 -668.58801270 -6.42873089
57 -668.59466553 -6.42879486
58 -668.59582520 -6.42880601
59 -668.60125732 -6.42885824
60 -668.60333252 -6.42887820
61 -668.60778809 -6.42892104
62 -668.60992432 -6.42894158
63 -668.60852051 -6.42892808
64 -668.60839844 -6.42892691
65 -668.60992432 -6.42894158
66 -668.60955811 -6.42893806
67 -668.61248779 -6.42896623
68 -668.61218262 -6.42896329
69 -668.61352539 -6.42897621
70 -668.61425781 -6.42898325
71 -668.61248779 -6.42896623
72 -668.61285400 -6.42896975
73 -668.61578369 -6.42899792
74 -668.61560059 -6.42899616
75 -668.61730957 -6.42901259
76 -668.61102295 -6.42895214
77 -668.61346436 -6.42897562
78 -668.61328125 -6.42897386
79 -668.61584473 -6.42899851
80 -668.61944580 -6.42903313
81 -668.62036133 -6.42904194
82 -668.62548828 -6.42909123
83 -668.62487793 -6.42908536
84 -668.62548828 -6.42909123
85 -668.62713623 -6.42910708
86 -668.63110352 -6.42914523
87 -668.63177490 -6.42915168
88 -668.63299561 -6.42916342
89 -668.63140869 -6.42914816
90 -668.63208008 -6.42915462
91 -668.63092041 -6.42914347
92 -668.63232422 -6.42915696
93 -668.63385010 -6.42917164
94 -668.63177490 -6.42915168
95 -668.63055420 -6.42913994
96 -668.63793945 -6.42921096
97 -668.63653564 -6.42919746
98 -668.64111328 -6.42924147
99 -668.63476562 -6.42918044
100 -668.64007568 -6.42923150
101 -668.63983154 -6.42922915
102 -668.64166260 -6.42924676
103 -668.63934326 -6.42922445
104 -668.64123535 -6.42924265
105 -668.64599609 -6.42928842
106 -668.64642334 -6.42929253
107 -668.64575195 -6.42928608
108 -668.64801025 -6.42930779
109 -668.64965820 -6.42932364
110 -668.65222168 -6.42934829
111 -668.65039062 -6.42933068
112 -668.65332031 -6.42935885
113 -668.64849854 -6.42931249
114 -668.64923096 -6.42931953
115 -668.65124512 -6.42933890
116 -668.65216064 -6.42934770
117 -668.65155029 -6.42934183
118 -668.65759277 -6.42939993
119 -668.65014648 -6.42932833
120 -668.65222168 -6.42934829
121 -668.65185547 -6.42934476
122 -668.65252686 -6.42935122
123 -668.65270996 -6.42935298
124 -668.65069580 -6.42933361
125 -668.65222168 -6.42934829
126 -668.65423584 -6.42936765
127 -668.65899658 -6.42941343
128 -668.65893555 -6.42941284
129 -668.65728760 -6.42939700
130 -668.65637207 -6.42938819
131 -668.65637207 -6.42938819
132 -668.65423584 -6.42936765
133 -668.65692139 -6.42939347
134 -668.66040039 -6.42942693
135 -668.65863037 -6.42940991
136 -668.65820312 -6.42940580
137 -668.65307617 -6.42935650
138 -668.65454102 -6.42937059
139 -668.65161133 -6.42934242
140 -668.65087891 -6.42933537
141 -668.65252686 -6.42935122
142 -668.65039062 -6.42933068
143 -668.64916992 -6.42931894
144 -668.65112305 -6.42933772
145 -668.64892578 -6.42931659
146 -668.64855957 -6.42931307
147 -668.65399170 -6.42936530
148 -668.65441895 -6.42936941
149 -668.65515137 -6.42937646
150 -668.65753174 -6.42939934
151 -668.65789795 -6.42940286
152 -668.65972900 -6.42942047
153 -668.66119385 -6.42943456
154 -668.66442871 -6.42946566
155 -668.66601562 -6.42948092
156 -668.66699219 -6.42949031
157 -668.66802979 -6.42950029
158 -668.66876221 -6.42950733
159 -668.67089844 -6.42952787
160 -668.66967773 -6.42951613
161 -668.67065430 -6.42952552
162 -668.66961670 -6.42951555
163 -668.67254639 -6.42954372
164 -668.67114258 -6.42953022
165 -668.67041016 -6.42952317
166 -668.67382812 -6.42955604
167 -668.67248535 -6.42954313
168 -668.67150879 -6.42953374
169 -668.67352295 -6.42955311
170 -668.67004395 -6.42951965
171 -668.67138672 -6.42953256
172 -668.67352295 -6.42955311
173 -668.67620850 -6.42957893
174 -668.67327881 -6.42955076
175 -668.67181396 -6.42953667
176 -668.67175293 -6.42953609
177 -668.67602539 -6.42957717
178 -668.67608643 -6.42957775
179 -668.67376709 -6.42955545
180 -668.67333984 -6.42955134
181 -668.67352295 -6.42955311
182 -668.67663574 -6.42958304
183 -668.67602539 -6.42957717
184 -668.67565918 -6.42957365
185 -668.67761230 -6.42959243
186 -668.67517090 -6.42956895
187 -668.67883301 -6.42960416
188 -668.67407227 -6.42955839
189 -668.67620850 -6.42957893
190 -668.68035889 -6.42961884
191 -668.67883301 -6.42960416
192 -668.67761230 -6.42959243
193 -668.67852783 -6.42960123
194 -668.67785645 -6.42959477
195 -668.67572021 -6.42957423
196 -668.67462158 -6.42956367
197 -668.67694092 -6.42958597
198 -668.67956543 -6.42961121
199 -668.68084717 -6.42962353
200 -668.68420410 -6.42965581
201 -668.67993164 -6.42961473
202 -668.68334961 -6.42964759
203 -668.68347168 -6.42964877
204 -668.68603516 -6.42967341
205 -668.68505859 -6.42966402
206 -668.68566895 -6.42966989
207 -668.68627930 -6.42967576
208 -668.68859863 -6.42969806
209 -668.68920898 -6.42970393
210 -668.69097900 -6.42972095
211 -668.69506836 -6.42976027
212 -668.69317627 -6.42974208
213 -668.69494629 -6.42975910
214 -668.69598389 -6.42976908
215 -668.69537354 -6.42976321
216 -668.69946289 -6.42980253
217 -668.70068359 -6.42981427
218 -668.69830322 -6.42979138
219 -668.69726562 -6.42978140
220 -668.69964600 -6.42980429
221 -668.70080566 -6.42981544
222 -668.69818115 -6.42979020
223 -668.70336914 -6.42984009
224 -668.70275879 -6.42983422
225 -668.70709229 -6.42987589
226 -668.70648193 -6.42987002
227 -668.70288086 -6.42983539
228 -668.69934082 -6.42980135
229 -668.70080566 -6.42981544
230 -668.70196533 -6.42982659
231 -668.69903564 -6.42979842
232 -668.70465088 -6.42985241
233 -668.70202637 -6.42982718
234 -668.70147705 -6.42982189
235 -668.70257568 -6.42983246
236 -668.70294189 -6.42983598
237 -668.70361328 -6.42984244
238 -668.70745850 -6.42987941
239 -668.70428467 -6.42984889
240 -668.70721436 -6.42987706
241 -668.70544434 -6.42986004
242 -668.70513916 -6.42985711
243 -668.70483398 -6.42985417
244 -668.70928955 -6.42989701
245 -668.70831299 -6.42988762
246 -668.70935059 -6.42989760
247 -668.70904541 -6.42989467
248 -668.71008301 -6.42990464
249 -668.71093750 -6.42991286
250 -668.70812988 -6.42988586
251 -668.71325684 -6.42993516
252 -668.71160889 -6.42991932
253 -668.71307373 -6.42993340
254 -668.71881104 -6.42998857
255 -668.71789551 -6.42997976
256 -668.72033691 -6.43000324
257 -668.71697998 -6.42997096
258 -668.71881104 -6.42998857
259 -668.71496582 -6.42995159
260 -668.71374512 -6.42993986
261 -668.71417236 -6.42994397
262 -668.71685791 -6.42996979
263 -668.72070312 -6.43000676
264 -668.72229004 -6.43002202
265 -668.72381592 -6.43003669
266 -668.72900391 -6.43008658
267 -668.73052979 -6.43010125
268 -668.73168945 -6.43011240
269 -668.73211670 -6.43011651
270 -668.73046875 -6.43010066
271 -668.73327637 -6.43012766
272 -668.73315430 -6.43012648
273 -668.73272705 -6.43012238
274 -668.73535156 -6.43014761
275 -668.73681641 -6.43016170
276 -668.73718262 -6.43016522
277 -668.73406982 -6.43013529
278 -668.73504639 -6.43014468
279 -668.73834229 -6.43017637
280 -668.74072266 -6.43019926
281 -668.73663330 -6.43015994
282 -668.73889160 -6.43018165
283 -668.74066162 -6.43019867
284 -668.74578857 -6.43024797
285 -668.74426270 -6.43023330
286 -668.74084473 -6.43020043
287 -668.74249268 -6.43021628
288 -668.74664307 -6.43025618
289 -668.74609375 -6.43025090
290 -668.75012207 -6.43028964
291 -668.75286865 -6.43031604
292 -668.75286865 -6.43031604
293 -668.75262451 -6.43031370
294 -668.75195312 -6.43030724
295 -668.75421143 -6.43032896
296 -668.75091553 -6.43029726
297 -668.75360107 -6.43032309
298 -668.75256348 -6.43031311
299 -668.75695801 -6.43035537
300 -668.75885010 -6.43037356
301 -668.75848389 -6.43037004
302 -668.75170898 -6.43030489
303 -668.75848389 -6.43037004
304 -668.75701904 -6.43035595
305 -668.75946045 -6.43037943
306 -668.75872803 -6.43037238
307 -668.75433350 -6.43033013
308 -668.76214600 -6.43040525
309 -668.76190186 -6.43040290
310 -668.75982666 -6.43038295
311 -668.75897217 -6.43037473
312 -668.76110840 -6.43039527
313 -668.76116943 -6.43039586
314 -668.76245117 -6.43040818
