0 -760.42547607 -6.67039891
1 -760.43682861 -6.67049850
2 -760.44384766 -6.67056007
3 -760.44689941 -6.67058684
4 -760.45068359 -6.67062003
5 -760.45281982 -6.67063877
6 -760.45495605 -6.67065751
7 -760.45666504 -6.67067250
8 -760.45745850 -6.67067946
9 -760.45916748 -6.67069445
10 -760.46051025 -6.67070623
11 -760.46240234 -6.67072283
12 -760.46258545 -6.67072443
13 -760.46337891 -6.67073139
14 -760.46441650 -6.67074050
15 -760.46551514 -6.67075013
16 -760.46606445 -6.67075495
17 -760.46649170 -6.67075870
18 -760.46759033 -6.67076834
19 -760.46789551 -6.67077101
20 -760.46820068 -6.67077369
21 -760.46813965 -6.67077315
22 -760.46905518 -6.67078119
23 -760.47021484 -6.67079136
24 -760.47033691 -6.67079243
25 -760.47015381 -6.67079082
26 -760.47033691 -6.67079243
27 -760.47143555 -6.67080207
28 -760.47241211 -6.67081063
29 -760.47222900 -6.67080903
30 -760.47216797 -6.67080849
31 -760.47271729 -6.67081331
32 -760.47265625 -6.67081277
33 -760.47381592 -6.67082295
34 -760.47369385 -6.67082188
35 -760.47454834 -6.67082937
36 -760.47399902 -6.67082455
37 -760.47497559 -6.67083312
38 -760.47479248 -6.67083151
39 -760.47564697 -6.67083901
40 -760.47546387 -6.67083740
41 -760.47576904 -6.67084008
42 -760.47692871 -6.67085025
43 -760.47680664 -6.67084918
44 -760.47723389 -6.67085293
45 -760.47656250 -6.67084704
46 -760.47735596 -6.67085400
47 -760.47802734 -6.67085989
48 -760.47900391 -6.67086846
49 -760.47900391 -6.67086846
50 -760.47882080 -6.67086685
51 -760.47888184 -6.67086738
52 -760.47857666 -6.67086471
53 -760.47863770 -6.67086524
54 -760.47955322 -6.67087327
55 -760.47955322 -6.67087327
56 -760.48040771 -6.67088077
57 -760.48059082 -6.67088238
58 -760.47955322 -6.67087327
59 -760.48059082 -6.67088238
60 -760.48114014 -6.67088719
61 -760.48138428 -6.67088934
62 -760.48181152 -6.67089308
63 -760.48162842 -6.67089148
64 -760.48266602 -6.67090058
65 -760.48187256 -6.67089362
66 -760.48229980 -6.67089737
67 -760.48211670 -6.67089576
68 -760.48272705 -6.67090111
69 -760.48193359 -6.67089415
70 -760.48205566 -6.67089523
71 -760.48309326 -6.67090433
72 -760.48242188 -6.67089844
73 -760.48339844 -6.67090700
74 -760.48297119 -6.67090326
75 -760.48291016 -6.67090272
76 -760.48382568 -6.67091075
77 -760.48339844 -6.67090700
78 -760.48321533 -6.67090540
79 -760.48364258 -6.67090915
80 -760.48394775 -6.67091182
81 -760.48431396 -6.67091503
82 -760.48315430 -6.67090486
83 -760.48358154 -6.67090861
84 -760.48406982 -6.67091289
85 -760.48394775 -6.67091182
86 -760.48474121 -6.67091878
87 -760.48535156 -6.67092414
88 -760.48498535 -6.67092092
89 -760.48486328 -6.67091985
90 -760.48468018 -6.67091825
91 -760.48559570 -6.67092628
92 -760.48516846 -6.67092253
93 -760.48596191 -6.67092949
94 -760.48541260 -6.67092467
95 -760.48590088 -6.67092896
96 -760.48608398 -6.67093056
97 -760.48547363 -6.67092521
98 -760.48535156 -6.67092414
99 -760.48651123 -6.67093431
100 -760.48620605 -6.67093163
101 -760.48608398 -6.67093056
102 -760.48645020 -6.67093377
103 -760.48541260 -6.67092467
104 -760.48651123 -6.67093431
105 -760.48626709 -6.67093217
106 -760.48657227 -6.67093484
107 -760.48699951 -6.67093859
108 -760.48706055 -6.67093913
109 -760.48791504 -6.67094662
