0 -635.81445312 -6.62306722
1 -635.82836914 -6.62321218
2 -635.83660889 -6.62329801
3 -635.84277344 -6.62336222
4 -635.84704590 -6.62340673
5 -635.85058594 -6.62344360
6 -635.85375977 -6.62347666
7 -635.85632324 -6.62350337
8 -635.85845947 -6.62352562
9 -635.86163330 -6.62355868
10 -635.86395264 -6.62358284
11 -635.86547852 -6.62359873
12 -635.86730957 -6.62361781
13 -635.86853027 -6.62363052
14 -635.87048340 -6.62365087
15 -635.87219238 -6.62366867
16 -635.87359619 -6.62368329
17 -635.87506104 -6.62369855
18 -635.87695312 -6.62371826
19 -635.87817383 -6.62373098
20 -635.87963867 -6.62374624
21 -635.88073730 -6.62375768
22 -635.88232422 -6.62377421
23 -635.88305664 -6.62378184
24 -635.88446045 -6.62379646
25 -635.88525391 -6.62380473
26 -635.88659668 -6.62381872
27 -635.88769531 -6.62383016
28 -635.88836670 -6.62383715
29 -635.88928223 -6.62384669
30 -635.89025879 -6.62385686
31 -635.89111328 -6.62386576
32 -635.89215088 -6.62387657
33 -635.89337158 -6.62388929
34 -635.89483643 -6.62390455
