0 -517.51837158 -6.80945226
1 -516.95434570 -6.80203086
2 -515.92224121 -6.78845054
3 -515.10089111 -6.77764330
4 -514.51269531 -6.76990389
5 -514.00170898 -6.76318038
6 -513.20452881 -6.75269117
7 -513.32098389 -6.75422347
8 -512.46948242 -6.74301951
9 -511.67269897 -6.73253551
10 -510.65225220 -6.71910858
11 -509.23614502 -6.70047559
12 -509.19454956 -6.69992828
13 -509.52609253 -6.70429069
14 -508.15505981 -6.68625079
15 -508.11380005 -6.68570790
16 -508.30773926 -6.68825973
17 -507.99011230 -6.68408043
18 -507.39556885 -6.67625748
19 -507.52233887 -6.67792551
20 -508.02066040 -6.68448237
21 -507.75564575 -6.68099534
22 -507.78143311 -6.68133465
23 -506.97525024 -6.67072698
24 -505.71829224 -6.65418806
25 -504.86389160 -6.64294594
26 -503.77725220 -6.62864806
27 -504.58255005 -6.63924408
28 -503.60162354 -6.62633715
29 -502.98919678 -6.61827890
30 -503.02355957 -6.61873105
31 -501.97894287 -6.60498609
32 -500.93713379 -6.59127808
33 -500.57254028 -6.58648079
34 -500.30462646 -6.58295561
35 -500.06085205 -6.57974805
36 -500.20303345 -6.58161886
37 -500.42352295 -6.58452004
38 -498.55618286 -6.55994977
39 -497.07510376 -6.54046189
40 -497.30709839 -6.54351445
41 -497.12115479 -6.54106783
42 -496.35632324 -6.53100425
43 -496.13723755 -6.52812155
44 -496.26229858 -6.52976709
45 -497.02197266 -6.53976280
46 -495.94232178 -6.52555687
47 -494.34759521 -6.50457362
48 -493.49850464 -6.49340138
49 -493.42260742 -6.49240273
50 -493.52362061 -6.49373185
51 -493.57296753 -6.49438115
52 -493.55703735 -6.49417154
53 -493.17272949 -6.48911486
54 -492.84268188 -6.48477213
55 -491.78302002 -6.47082921
56 -491.89346313 -6.47228241
57 -490.84210205 -6.45844871
58 -491.77587891 -6.47073525
59 -490.15042114 -6.44934765
60 -489.51736450 -6.44101795
61 -489.28079224 -6.43790516
62 -489.06539917 -6.43507104
63 -488.72015381 -6.43052834
64 -488.41653442 -6.42653335
65 -487.74340820 -6.41767642
66 -486.67630005 -6.40363553
67 -485.39529419 -6.38678019
68 -484.41244507 -6.37384796
69 -484.02438354 -6.36874189
70 -482.52359009 -6.34899461
71 -480.69125366 -6.32488492
72 -479.70159912 -6.31186315
73 -478.42950439 -6.29512506
74 -478.15625000 -6.29152961
75 -478.75140381 -6.29936058
76 -478.78872681 -6.29985167
77 -478.82803345 -6.30036886
78 -477.93041992 -6.28855816
79 -477.97708130 -6.28917212
80 -476.94692993 -6.27561750
81 -476.28656006 -6.26692842
82 -476.42584229 -6.26876108
83 -475.44152832 -6.25580958
84 -474.96475220 -6.24953621
85 -473.58642578 -6.23140034
86 -474.12991333 -6.23855149
87 -473.30007935 -6.22763262
88 -472.55285645 -6.21780074
89 -470.70156860 -6.19344169
90 -469.66491699 -6.17980154
91 -469.64053345 -6.17948070
92 -468.80749512 -6.16851967
93 -468.71292114 -6.16727528
94 -467.21163940 -6.14752157
95 -467.13504028 -6.14651369
96 -466.52313232 -6.13846227
97 -464.46817017 -6.11142329
98 -462.43585205 -6.08468226
99 -463.60635376 -6.10008360
100 -462.94943237 -6.09143990
101 -461.33303833 -6.07017156
102 -461.88244629 -6.07740061
103 -459.95822144 -6.05208186
104 -459.74942017 -6.04933448
105 -459.16238403 -6.04161032
106 -459.51458740 -6.04624457
107 -459.67010498 -6.04829086
108 -459.53021240 -6.04645016
109 -459.44662476 -6.04535033
110 -459.35592651 -6.04415693
111 -458.99954224 -6.03946766
112 -459.54809570 -6.04668547
113 -459.94305420 -6.05188229
114 -458.00039673 -6.02632101
115 -458.26235962 -6.02976789
116 -456.70318604 -6.00925245
117 -456.52011108 -6.00684357
118 -456.50720215 -6.00667371
119 -456.68450928 -6.00900670
120 -456.33520508 -6.00441059
121 -455.45861816 -5.99287655
122 -454.40560913 -5.97902117
123 -454.22671509 -5.97666730
124 -453.50207520 -5.96713257
125 -454.19046021 -5.97619027
126 -453.89773560 -5.97233863
127 -453.07910156 -5.96156713
128 -453.34115601 -5.96501521
129 -453.24673462 -5.96377282
130 -452.91802979 -5.95944776
131 -452.31475830 -5.95150998
132 -452.33624268 -5.95179267
133 -451.96853638 -5.94695443
134 -451.66076660 -5.94290482
135 -450.34469604 -5.92558811
136 -449.60052490 -5.91579638
137 -447.65097046 -5.89014435
138 -447.66012573 -5.89026481
139 -446.66143799 -5.87712418
140 -447.01547241 -5.88178253
141 -446.95202637 -5.88094772
142 -447.16156006 -5.88370474
143 -446.71121216 -5.87777911
144 -447.09582520 -5.88283981
145 -445.92230225 -5.86739871
146 -445.32937622 -5.85959706
147 -446.06268311 -5.86924583
148 -445.92398071 -5.86742080
149 -446.04315186 -5.86898884
150 -444.75146484 -5.85199296
151 -444.09252930 -5.84332275
152 -443.42825317 -5.83458228
153 -442.88262939 -5.82740302
154 -441.25140381 -5.80593952
155 -442.12710571 -5.81746192
156 -441.64584351 -5.81112952
157 -439.08480835 -5.77743169
158 -438.16308594 -5.76530376
159 -438.49481201 -5.76966858
160 -437.62777710 -5.75826022
161 -438.01364136 -5.76333739
162 -437.40850830 -5.75537511
163 -437.07931519 -5.75104362
164 -436.98904419 -5.74985584
165 -437.07992554 -5.75105165
166 -434.92596436 -5.72271006
167 -435.30105591 -5.72764547
168 -434.63299561 -5.71885521
169 -435.43731689 -5.72943838
170 -435.22576904 -5.72665486
171 -434.26907349 -5.71406676
172 -433.82824707 -5.70826641
173 -432.17120361 -5.68646321
174 -431.86010742 -5.68236983
175 -431.45361328 -5.67702123
176 -431.02670288 -5.67140399
177 -432.17132568 -5.68646481
178 -432.85806274 -5.69550083
179 -430.92785645 -5.67010337
180 -430.32418823 -5.66216037
181 -429.87133789 -5.65620181
182 -429.60565186 -5.65270595
183 -428.97171021 -5.64436461
184 -429.41293335 -5.65017018
185 -428.94873047 -5.64406224
186 -427.38677979 -5.62351026
187 -428.16839600 -5.63379468
188 -428.08764648 -5.63273219
189 -428.04809570 -5.63221179
190 -426.48315430 -5.61162045
191 -426.85424805 -5.61650326
192 -427.35391235 -5.62307779
193 -427.20449829 -5.62111182
194 -426.72491455 -5.61480151
195 -426.76861572 -5.61537652
196 -425.42486572 -5.59769560
197 -425.21737671 -5.59496548
198 -423.73416138 -5.57544949
199 -423.41818237 -5.57129187
200 -422.92510986 -5.56480408
201 -421.77511597 -5.54967258
202 -420.80819702 -5.53694996
203 -420.35888672 -5.53103798
204 -421.02606201 -5.53981661
205 -421.06204224 -5.54029003
206 -421.43472290 -5.54519372
207 -421.73675537 -5.54916783
208 -422.57565308 -5.56020596
209 -421.86315918 -5.55083104
210 -421.52160645 -5.54633693
211 -421.11639404 -5.54100518
212 -420.94464111 -5.53874528
213 -419.47521973 -5.51941079
214 -418.55767822 -5.50733787
215 -418.27297974 -5.50359184
216 -418.27890015 -5.50366974
217 -419.25277710 -5.51648391
218 -419.14157104 -5.51502067
219 -417.94259644 -5.49924469
220 -418.20318604 -5.50267350
221 -419.05645752 -5.51390076
222 -416.94064331 -5.48606110
223 -416.34625244 -5.47824016
224 -416.06442261 -5.47453188
225 -416.43743896 -5.47943999
226 -416.02307129 -5.47398778
227 -414.65484619 -5.45598482
228 -414.57440186 -5.45492634
229 -414.98797607 -5.46036811
230 -414.65798950 -5.45602618
231 -413.82177734 -5.44502339
232 -414.02307129 -5.44767199
233 -413.20733643 -5.43693864
234 -412.70343018 -5.43030829
235 -412.21130371 -5.42383294
236 -411.86599731 -5.41928944
237 -410.76934814 -5.40485984
238 -409.90286255 -5.39345872
239 -408.90405273 -5.38031648
240 -408.32666016 -5.37271921
241 -407.67370605 -5.36412771
242 -407.92471313 -5.36743044
243 -407.92562866 -5.36744248
244 -407.71270752 -5.36464089
245 -405.80413818 -5.33952813
246 -405.35620117 -5.33363423
247 -406.10421753 -5.34347655
248 -406.38034058 -5.34710974
249 -405.15460205 -5.33098161
250 -404.80935669 -5.32643890
251 -404.05712891 -5.31654117
252 -404.00711060 -5.31588303
253 -404.57083130 -5.32330041
254 -405.28927612 -5.33275363
255 -405.30364990 -5.33294276
256 -405.01589966 -5.32915657
257 -405.29501343 -5.33282912
258 -404.96655273 -5.32850727
259 -406.81945801 -5.35288761
260 -407.42669678 -5.36087759
261 -406.94528198 -5.35454318
262 -405.78952026 -5.33933579
263 -404.53356934 -5.32281012
264 -403.24697876 -5.30588130
265 -403.89794922 -5.31444670
266 -404.59399414 -5.32360519
267 -404.43316650 -5.32148903
268 -405.15554810 -5.33099405
269 -403.84439087 -5.31374199
270 -402.74383545 -5.29926099
271 -401.86239624 -5.28766311
272 -402.24322510 -5.29267401
273 -403.90447998 -5.31453263
274 -402.50540161 -5.29612371
275 -402.33218384 -5.29384452
276 -401.09457397 -5.27756018
277 -400.94631958 -5.27560947
278 -400.62908936 -5.27143539
279 -400.05276489 -5.26385217
280 -400.95291138 -5.27569620
281 -400.94216919 -5.27555486
282 -401.31903076 -5.28051356
283 -401.39340210 -5.28149213
284 -402.37976074 -5.29447054
285 -401.46261597 -5.28240284
286 -402.13122559 -5.29120034
287 -403.33096313 -5.30698636
288 -403.45455933 -5.30861262
289 -404.10205078 -5.31713225
290 -405.15432739 -5.33097799
291 -404.32995605 -5.32013100
292 -404.31344604 -5.31991376
293 -405.11193848 -5.33042024
294 -404.70776367 -5.32510215
295 -405.67160034 -5.33778422
296 -404.53622437 -5.32284506
297 -404.38803101 -5.32089514
298 -403.49398804 -5.30913142
299 -405.11322021 -5.33043711
300 -404.53143311 -5.32278201
301 -404.72528076 -5.32533264
302 -404.83139038 -5.32672882
303 -404.47320557 -5.32201586
304 -404.92404175 -5.32794792
305 -405.33053589 -5.33329652
306 -406.10949707 -5.34354601
307 -406.68435669 -5.35110996
308 -406.42193604 -5.34765705
309 -405.11004639 -5.33039535
310 -405.63839722 -5.33734733
311 -406.34503174 -5.34664515
312 -407.95864868 -5.36787696
313 -407.87969971 -5.36683815
314 -408.18542480 -5.37086085
315 -408.02276611 -5.36872061
316 -408.20550537 -5.37112507
317 -406.85607910 -5.35336946
318 -406.62011719 -5.35026470
319 -406.02093506 -5.34238072
320 -406.55252075 -5.34937527
321 -406.21560669 -5.34494219
322 -406.97946167 -5.35499292
323 -406.60485840 -5.35006393
324 -405.84466553 -5.34006139
325 -406.46212769 -5.34818589
326 -406.76239014 -5.35213671
327 -406.96737671 -5.35483390
328 -407.42312622 -5.36083061
329 -407.13195801 -5.35699945
330 -407.91653442 -5.36732282
331 -408.45050049 -5.37434869
332 -409.17437744 -5.38387339
333 -409.33044434 -5.38592690
334 -408.84158325 -5.37949452
335 -409.93368530 -5.39386428
336 -409.31845093 -5.38576909
337 -408.84423828 -5.37952945
338 -409.18786621 -5.38405087
339 -409.43682861 -5.38732669
