0 -522.29949951 -5.93522159
1 -522.35217285 -5.93582015
2 -522.39178467 -5.93627028
3 -522.41845703 -5.93657338
4 -522.44067383 -5.93682584
5 -522.45684814 -5.93700964
6 -522.46929932 -5.93715113
7 -522.48016357 -5.93727459
8 -522.48974609 -5.93738348
9 -522.49731445 -5.93746948
10 -522.50427246 -5.93754855
11 -522.51025391 -5.93761652
12 -522.51513672 -5.93767201
13 -522.52014160 -5.93772888
14 -522.52410889 -5.93777396
15 -522.52838135 -5.93782252
16 -522.53125000 -5.93785511
17 -522.53521729 -5.93790020
18 -522.53948975 -5.93794875
19 -522.54309082 -5.93798967
20 -522.54595947 -5.93802227
21 -522.54888916 -5.93805556
22 -522.55151367 -5.93808538
23 -522.55444336 -5.93811867
24 -522.55621338 -5.93813879
25 -522.55999756 -5.93818179
26 -522.56329346 -5.93821924
27 -522.56561279 -5.93824560
28 -522.56707764 -5.93826225
29 -522.57000732 -5.93829554
30 -522.57238770 -5.93832259
31 -522.57427979 -5.93834409
32 -522.57635498 -5.93836767
33 -522.57885742 -5.93839611
34 -522.58099365 -5.93842038
35 -522.58312988 -5.93844466
36 -522.58520508 -5.93846824
37 -522.58666992 -5.93848489
38 -522.58905029 -5.93851194
39 -522.59033203 -5.93852650
40 -522.59179688 -5.93854315
41 -522.59368896 -5.93856465
42 -522.59509277 -5.93858060
43 -522.59649658 -5.93859655
44 -522.59808350 -5.93861459
45 -522.59954834 -5.93863123
46 -522.60095215 -5.93864718
47 -522.60235596 -5.93866314
48 -522.60400391 -5.93868186
49 -522.60559082 -5.93869990
50 -522.60644531 -5.93870961
51 -522.60797119 -5.93872695
52 -522.60906982 -5.93873943
53 -522.61041260 -5.93875469
54 -522.61199951 -5.93877272
55 -522.61328125 -5.93878729
56 -522.61395264 -5.93879492
57 -522.61578369 -5.93881572
58 -522.61749268 -5.93883514
59 -522.61791992 -5.93884000
60 -522.61889648 -5.93885110
61 -522.62017822 -5.93886566
62 -522.62103271 -5.93887537
63 -522.62176514 -5.93888369
64 -522.62304688 -5.93889826
65 -522.62420654 -5.93891144
66 -522.62487793 -5.93891907
67 -522.62634277 -5.93893571
68 -522.62707520 -5.93894404
69 -522.62854004 -5.93896068
70 -522.62982178 -5.93897525
71 -522.63092041 -5.93898773
72 -522.63134766 -5.93899259
73 -522.63299561 -5.93901131
