0 -576.42486572 -6.86220078
1 -576.44915771 -6.86248997
2 -576.46081543 -6.86262876
3 -576.47210693 -6.86276318
4 -576.47607422 -6.86281041
5 -576.48168945 -6.86287726
6 -576.48291016 -6.86289179
7 -576.48687744 -6.86293902
8 -576.48468018 -6.86291286
9 -576.48687744 -6.86293902
10 -576.48803711 -6.86295282
11 -576.49060059 -6.86298334
12 -576.49145508 -6.86299351
13 -576.49176025 -6.86299715
14 -576.48980713 -6.86297389
15 -576.49383545 -6.86302185
16 -576.49151611 -6.86299424
17 -576.49322510 -6.86301458
18 -576.49145508 -6.86299351
19 -576.49206543 -6.86300078
20 -576.49090576 -6.86298697
21 -576.49096680 -6.86298770
22 -576.48889160 -6.86296300
23 -576.48846436 -6.86295791
24 -576.48797607 -6.86295210
25 -576.49035645 -6.86298043
26 -576.49072266 -6.86298479
27 -576.49194336 -6.86299933
28 -576.49212646 -6.86300151
29 -576.49426270 -6.86302694
30 -576.48870850 -6.86296082
31 -576.48876953 -6.86296154
32 -576.48937988 -6.86296881
33 -576.49133301 -6.86299206
34 -576.48645020 -6.86293393
35 -576.49072266 -6.86298479
36 -576.48937988 -6.86296881
37 -576.49090576 -6.86298697
38 -576.48693848 -6.86293974
39 -576.48944092 -6.86296953
40 -576.48583984 -6.86292666
41 -576.49316406 -6.86301386
42 -576.48645020 -6.86293393
43 -576.49133301 -6.86299206
44 -576.48889160 -6.86296300
45 -576.49218750 -6.86300223
46 -576.48968506 -6.86297244
47 -576.49151611 -6.86299424
48 -576.48730469 -6.86294410
49 -576.49053955 -6.86298261
50 -576.48846436 -6.86295791
51 -576.48706055 -6.86294120
52 -576.48413086 -6.86290632
53 -576.48571777 -6.86292521
54 -576.48352051 -6.86289905
55 -576.48175049 -6.86287798
56 -576.47930908 -6.86284892
57 -576.47943115 -6.86285037
58 -576.47772217 -6.86283003
59 -576.47888184 -6.86284383
60 -576.47393799 -6.86278498
61 -576.47650146 -6.86281549
62 -576.47332764 -6.86277771
63 -576.47479248 -6.86279515
64 -576.47283936 -6.86277190
65 -576.47235107 -6.86276608
66 -576.47265625 -6.86276972
67 -576.46881104 -6.86272394
68 -576.47070312 -6.86274647
69 -576.47082520 -6.86274792
70 -576.46936035 -6.86273048
71 -576.47033691 -6.86274211
72 -576.46331787 -6.86265855
73 -576.46569824 -6.86268688
74 -576.46246338 -6.86264837
75 -576.46447754 -6.86267235
76 -576.46093750 -6.86263021
77 -576.46081543 -6.86262876
78 -576.46234131 -6.86264692
79 -576.46105957 -6.86263166
80 -576.46008301 -6.86262004
81 -576.45800781 -6.86259533
82 -576.45977783 -6.86261640
83 -576.45672607 -6.86258007
84 -576.45751953 -6.86258952
85 -576.45672607 -6.86258007
86 -576.45507812 -6.86256045
87 -576.45745850 -6.86258879
88 -576.45660400 -6.86257862
89 -576.45721436 -6.86258589
90 -576.45434570 -6.86255173
91 -576.45520020 -6.86256191
92 -576.45477295 -6.86255682
93 -576.45288086 -6.86253430
94 -576.45507812 -6.86256045
95 -576.45306396 -6.86253648
96 -576.45391846 -6.86254665
97 -576.45324707 -6.86253866
98 -576.45233154 -6.86252776
99 -576.45166016 -6.86251976
100 -576.44848633 -6.86248198
101 -576.44848633 -6.86248198
102 -576.44995117 -6.86249942
103 -576.45031738 -6.86250378
104 -576.44854736 -6.86248271
105 -576.45153809 -6.86251831
106 -576.44982910 -6.86249797
107 -576.44897461 -6.86248779
108 -576.44946289 -6.86249361
109 -576.44989014 -6.86249869
110 -576.44793701 -6.86247544
111 -576.44787598 -6.86247471
112 -576.44635010 -6.86245655
113 -576.44750977 -6.86247035
114 -576.44396973 -6.86242821
115 -576.44580078 -6.86245001
116 -576.44134521 -6.86239697
117 -576.43969727 -6.86237735
118 -576.43945312 -6.86237444
119 -576.43798828 -6.86235700
120 -576.43688965 -6.86234392
121 -576.43426514 -6.86231268
122 -576.43554688 -6.86232794
123 -576.43597412 -6.86233303
124 -576.43267822 -6.86229379
125 -576.43566895 -6.86232939
126 -576.43231201 -6.86228943
127 -576.42889404 -6.86224874
128 -576.42773438 -6.86223493
129 -576.42834473 -6.86224220
130 -576.42694092 -6.86222549
131 -576.42431641 -6.86219424
132 -576.42242432 -6.86217172
133 -576.42346191 -6.86218407
134 -576.42156982 -6.86216155
135 -576.41992188 -6.86214193
136 -576.41680908 -6.86210487
137 -576.41796875 -6.86211868
138 -576.41583252 -6.86209324
139 -576.41473389 -6.86208017
140 -576.41149902 -6.86204166
141 -576.41333008 -6.86206345
142 -576.40960693 -6.86201913
143 -576.41088867 -6.86203439
144 -576.40704346 -6.86198861
145 -576.41003418 -6.86202422
146 -576.40625000 -6.86197917
147 -576.40478516 -6.86196173
148 -576.40716553 -6.86199007
149 -576.40905762 -6.86201259
150 -576.40454102 -6.86195882
151 -576.40606689 -6.86197699
152 -576.40454102 -6.86195882
153 -576.40460205 -6.86195955
154 -576.39825439 -6.86188398
155 -576.40057373 -6.86191159
156 -576.39935303 -6.86189706
157 -576.40063477 -6.86191232
158 -576.39880371 -6.86189052
159 -576.40057373 -6.86191159
160 -576.40069580 -6.86191305
161 -576.39904785 -6.86189343
162 -576.39550781 -6.86185128
163 -576.39941406 -6.86189779
164 -576.39611816 -6.86185855
165 -576.39569092 -6.86185346
166 -576.39691162 -6.86186800
167 -576.39782715 -6.86187889
168 -576.39611816 -6.86185855
169 -576.39471436 -6.86184184
170 -576.39489746 -6.86184402
171 -576.39270020 -6.86181786
172 -576.39099121 -6.86179751
173 -576.39086914 -6.86179606
174 -576.38977051 -6.86178298
175 -576.38934326 -6.86177790
176 -576.39208984 -6.86181059
177 -576.38916016 -6.86177572
178 -576.38928223 -6.86177717
179 -576.39019775 -6.86178807
180 -576.38830566 -6.86176554
181 -576.38885498 -6.86177208
182 -576.38751221 -6.86175610
183 -576.38757324 -6.86175682
184 -576.38830566 -6.86176554
185 -576.38934326 -6.86177790
186 -576.38854980 -6.86176845
187 -576.38964844 -6.86178153
188 -576.38665771 -6.86174593
189 -576.38909912 -6.86177499
190 -576.38885498 -6.86177208
191 -576.38787842 -6.86176046
192 -576.38507080 -6.86172703
193 -576.38867188 -6.86176990
194 -576.38665771 -6.86174593
195 -576.38806152 -6.86176264
196 -576.38714600 -6.86175174
197 -576.38690186 -6.86174883
198 -576.38739014 -6.86175464
199 -576.38690186 -6.86174883
200 -576.38433838 -6.86171831
201 -576.38580322 -6.86173575
202 -576.38507080 -6.86172703
203 -576.38366699 -6.86171032
204 -576.38244629 -6.86169579
205 -576.38085938 -6.86167690
206 -576.37744141 -6.86163621
207 -576.37927246 -6.86165801
208 -576.37683105 -6.86162894
209 -576.37854004 -6.86164929
210 -576.37567139 -6.86161514
211 -576.37670898 -6.86162749
212 -576.37145996 -6.86156500
213 -576.37402344 -6.86159552
214 -576.37042236 -6.86155265
215 -576.37213135 -6.86157299
216 -576.36975098 -6.86154465
217 -576.37048340 -6.86155337
218 -576.36767578 -6.86151995
219 -576.36871338 -6.86153230
220 -576.36566162 -6.86149597
221 -576.36968994 -6.86154393
222 -576.36053467 -6.86143494
223 -576.36120605 -6.86144293
224 -576.35797119 -6.86140442
225 -576.36096191 -6.86144002
226 -576.35754395 -6.86139933
227 -576.35864258 -6.86141241
228 -576.35058594 -6.86131650
229 -576.35241699 -6.86133830
230 -576.34460449 -6.86124529
231 -576.34747314 -6.86127944
232 -576.34570312 -6.86125837
233 -576.34448242 -6.86124384
234 -576.34429932 -6.86124166
235 -576.34350586 -6.86123221
236 -576.34075928 -6.86119952
237 -576.34533691 -6.86125401
238 -576.34265137 -6.86122204
239 -576.34460449 -6.86124529
240 -576.33831787 -6.86117045
241 -576.34362793 -6.86123367
242 -576.33502197 -6.86113121
243 -576.33843994 -6.86117190
244 -576.33081055 -6.86108108
245 -576.33032227 -6.86107527
246 -576.33251953 -6.86110142
247 -576.33319092 -6.86110942
248 -576.33392334 -6.86111813
249 -576.33471680 -6.86112758
250 -576.33465576 -6.86112685
251 -576.33325195 -6.86111014
252 -576.33178711 -6.86109270
253 -576.33557129 -6.86113775
254 -576.33129883 -6.86108689
255 -576.33557129 -6.86113775
256 -576.33111572 -6.86108471
257 -576.33544922 -6.86113630
258 -576.33087158 -6.86108180
259 -576.33288574 -6.86110578
260 -576.33111572 -6.86108471
261 -576.33178711 -6.86109270
262 -576.32995605 -6.86107091
263 -576.33288574 -6.86110578
264 -576.33123779 -6.86108616
265 -576.33312988 -6.86110869
266 -576.33117676 -6.86108544
267 -576.33129883 -6.86108689
268 -576.33056641 -6.86107817
269 -576.32696533 -6.86103530
270 -576.32379150 -6.86099752
271 -576.32287598 -6.86098662
272 -576.32196045 -6.86097572
273 -576.32202148 -6.86097645
274 -576.31829834 -6.86093212
275 -576.32202148 -6.86097645
276 -576.31915283 -6.86094230
277 -576.32141113 -6.86096918
278 -576.31762695 -6.86092413
279 -576.32153320 -6.86097063
280 -576.31597900 -6.86090451
281 -576.31793213 -6.86092776
282 -576.31420898 -6.86088344
283 -576.31604004 -6.86090524
284 -576.31433105 -6.86088489
285 -576.31536865 -6.86089725
286 -576.31158447 -6.86085220
287 -576.31115723 -6.86084711
288 -576.30804443 -6.86081005
289 -576.30895996 -6.86082095
290 -576.30810547 -6.86081078
291 -576.31225586 -6.86086019
292 -576.31134033 -6.86084929
293 -576.30969238 -6.86082967
294 -576.30609131 -6.86078680
295 -576.30737305 -6.86080206
296 -576.30743408 -6.86080279
297 -576.30438232 -6.86076646
298 -576.30737305 -6.86080206
299 -576.30603027 -6.86078607
300 -576.30993652 -6.86083258
301 -576.30682373 -6.86079552
302 -576.31219482 -6.86085946
303 -576.30810547 -6.86081078
304 -576.30859375 -6.86081659
305 -576.30969238 -6.86082967
306 -576.30920410 -6.86082386
307 -576.30963135 -6.86082894
308 -576.30499268 -6.86077372
309 -576.30871582 -6.86081805
310 -576.30767822 -6.86080569
311 -576.30603027 -6.86078607
312 -576.30194092 -6.86073739
313 -576.30316162 -6.86075192
314 -576.29846191 -6.86069598
315 -576.30114746 -6.86072795
316 -576.29730225 -6.86068217
317 -576.29931641 -6.86070615
318 -576.29510498 -6.86065601
319 -576.29760742 -6.86068580
320 -576.29443359 -6.86064802
321 -576.29797363 -6.86069016
322 -576.29504395 -6.86065529
323 -576.29461670 -6.86065020
324 -576.28778076 -6.86056882
325 -576.29260254 -6.86062622
326 -576.29040527 -6.86060006
327 -576.29040527 -6.86060006
328 -576.28698730 -6.86055937
329 -576.28881836 -6.86058117
330 -576.28704834 -6.86056010
331 -576.29345703 -6.86063639
332 -576.28839111 -6.86057608
333 -576.29309082 -6.86063203
334 -576.28826904 -6.86057463
335 -576.29229736 -6.86062259
336 -576.28765869 -6.86056737
337 -576.28759766 -6.86056664
338 -576.28424072 -6.86052668
339 -576.28948975 -6.86058916
340 -576.28448486 -6.86052958
341 -576.28729248 -6.86056301
342 -576.28442383 -6.86052886
343 -576.28771973 -6.86056809
344 -576.28631592 -6.86055138
345 -576.28790283 -6.86057027
346 -576.28509521 -6.86053685
347 -576.28759766 -6.86056664
348 -576.28344727 -6.86051723
349 -576.28430176 -6.86052740
350 -576.27935791 -6.86046855
351 -576.28161621 -6.86049543
352 -576.27972412 -6.86047291
353 -576.28167725 -6.86049616
354 -576.27844238 -6.86045765
355 -576.28167725 -6.86049616
356 -576.27496338 -6.86041623
357 -576.27972412 -6.86047291
358 -576.27374268 -6.86040170
359 -576.27832031 -6.86045619
360 -576.27142334 -6.86037409
361 -576.27648926 -6.86043440
362 -576.27496338 -6.86041623
363 -576.27777100 -6.86044965
364 -576.27716064 -6.86044239
365 -576.28167725 -6.86049616
366 -576.27856445 -6.86045910
367 -576.27984619 -6.86047436
368 -576.27270508 -6.86038935
369 -576.27777100 -6.86044965
370 -576.27124023 -6.86037191
371 -576.27746582 -6.86044602
372 -576.27935791 -6.86046855
373 -576.28076172 -6.86048526
374 -576.27606201 -6.86042931
375 -576.27978516 -6.86047363
376 -576.27386475 -6.86040315
377 -576.28021240 -6.86047872
378 -576.27630615 -6.86043222
379 -576.28106689 -6.86048889
380 -576.27423096 -6.86040751
381 -576.28179932 -6.86049761
382 -576.27630615 -6.86043222
383 -576.27923584 -6.86046709
384 -576.27697754 -6.86044021
385 -576.28051758 -6.86048235
386 -576.27648926 -6.86043440
387 -576.28002930 -6.86047654
388 -576.27642822 -6.86043367
389 -576.27868652 -6.86046055
390 -576.27496338 -6.86041623
391 -576.28179932 -6.86049761
392 -576.27496338 -6.86041623
393 -576.28344727 -6.86051723
394 -576.27490234 -6.86041550
395 -576.28533936 -6.86053975
396 -576.27856445 -6.86045910
397 -576.28460693 -6.86053103
398 -576.28137207 -6.86049252
399 -576.28546143 -6.86054121
400 -576.28179932 -6.86049761
401 -576.28503418 -6.86053612
402 -576.27856445 -6.86045910
403 -576.28717041 -6.86056155
404 -576.27886963 -6.86046273
405 -576.28869629 -6.86057972
406 -576.28063965 -6.86048381
407 -576.28521729 -6.86053830
408 -576.28527832 -6.86053903
409 -576.28808594 -6.86057245
410 -576.28552246 -6.86054193
411 -576.28930664 -6.86058698
412 -576.28442383 -6.86052886
413 -576.28833008 -6.86057536
414 -576.28564453 -6.86054339
415 -576.28796387 -6.86057100
416 -576.28472900 -6.86053249
417 -576.28576660 -6.86054484
418 -576.28363037 -6.86051941
419 -576.28778076 -6.86056882
420 -576.28326416 -6.86051505
421 -576.28533936 -6.86053975
422 -576.28485107 -6.86053394
423 -576.28448486 -6.86052958
424 -576.28607178 -6.86054847
425 -576.28631592 -6.86055138
426 -576.28613281 -6.86054920
427 -576.29150391 -6.86061314
428 -576.28918457 -6.86058553
429 -576.29199219 -6.86061895
430 -576.29028320 -6.86059861
431 -576.29211426 -6.86062041
432 -576.29052734 -6.86060152
433 -576.29376221 -6.86064003
434 -576.29034424 -6.86059934
435 -576.29156494 -6.86061387
436 -576.29461670 -6.86065020
437 -576.29357910 -6.86063785
438 -576.29022217 -6.86059788
439 -576.29302979 -6.86063131
440 -576.29150391 -6.86061314
441 -576.29376221 -6.86064003
442 -576.29174805 -6.86061605
443 -576.29815674 -6.86069234
444 -576.29388428 -6.86064148
445 -576.29632568 -6.86067054
446 -576.29461670 -6.86065020
447 -576.29498291 -6.86065456
448 -576.29833984 -6.86069452
449 -576.29681396 -6.86067636
450 -576.29779053 -6.86068798
