0 -493.25457764 -7.25374379
1 -493.32080078 -7.25471766
2 -493.36547852 -7.25537468
3 -493.40112305 -7.25589887
4 -493.43200684 -7.25635304
5 -493.45880127 -7.25674708
6 -493.48202515 -7.25708861
7 -493.50018311 -7.25735563
8 -493.51617432 -7.25759080
9 -493.52960205 -7.25778827
10 -493.53918457 -7.25792918
11 -493.54757690 -7.25805260
12 -493.55554199 -7.25816974
13 -493.56256104 -7.25827296
14 -493.56817627 -7.25835553
15 -493.57330322 -7.25843093
16 -493.57629395 -7.25847491
17 -493.57995605 -7.25852877
18 -493.58279419 -7.25857050
19 -493.58731079 -7.25863692
20 -493.59051514 -7.25868405
21 -493.59356689 -7.25872892
22 -493.59475708 -7.25874643
23 -493.59869385 -7.25880432
24 -493.59979248 -7.25882048
25 -493.60205078 -7.25885369
26 -493.60220337 -7.25885593
27 -493.60461426 -7.25889139
28 -493.60607910 -7.25891293
29 -493.60595703 -7.25891113
30 -493.60675049 -7.25892280
31 -493.60784912 -7.25893896
32 -493.60852051 -7.25894883
33 -493.60943604 -7.25896229
34 -493.61022949 -7.25897396
35 -493.61093140 -7.25898429
36 -493.61090088 -7.25898384
37 -493.61029053 -7.25897486
38 -493.60958862 -7.25896454
39 -493.61022949 -7.25897396
40 -493.60949707 -7.25896319
41 -493.61010742 -7.25897217
42 -493.61029053 -7.25897486
43 -493.61132812 -7.25899012
44 -493.61166382 -7.25899506
45 -493.61184692 -7.25899775
46 -493.61196899 -7.25899954
47 -493.61044312 -7.25897710
48 -493.60980225 -7.25896768
49 -493.61035156 -7.25897576
50 -493.60873413 -7.25895197
51 -493.60858154 -7.25894973
52 -493.60894775 -7.25895511
53 -493.60876465 -7.25895242
54 -493.60876465 -7.25895242
55 -493.60824585 -7.25894479
56 -493.60708618 -7.25892774
57 -493.60885620 -7.25895377
58 -493.60839844 -7.25894704
59 -493.60784912 -7.25893896
60 -493.60787964 -7.25893941
61 -493.60675049 -7.25892280
62 -493.60595703 -7.25891113
63 -493.60479736 -7.25889408
64 -493.60186768 -7.25885100
65 -493.60235596 -7.25885818
66 -493.60131836 -7.25884292
67 -493.60171509 -7.25884875
68 -493.60034180 -7.25882856
69 -493.59942627 -7.25881509
70 -493.60110474 -7.25883978
71 -493.59991455 -7.25882227
72 -493.60003662 -7.25882407
73 -493.59942627 -7.25881509
74 -493.59790039 -7.25879265
75 -493.59756470 -7.25878772
76 -493.59643555 -7.25877111
77 -493.59680176 -7.25877650
78 -493.59634399 -7.25876976
79 -493.59490967 -7.25874867
80 -493.59533691 -7.25875495
81 -493.59429932 -7.25873970
82 -493.59259033 -7.25871456
83 -493.59219360 -7.25870873
84 -493.59100342 -7.25869123
85 -493.59082031 -7.25868853
86 -493.58880615 -7.25865891
87 -493.58776855 -7.25864366
88 -493.58648682 -7.25862481
89 -493.58587646 -7.25861583
90 -493.58535767 -7.25860820
91 -493.58410645 -7.25858980
92 -493.58361816 -7.25858262
93 -493.58306885 -7.25857454
94 -493.58398438 -7.25858801
95 -493.58407593 -7.25858935
96 -493.58303833 -7.25857409
97 -493.58132935 -7.25854896
98 -493.58160400 -7.25855300
99 -493.58139038 -7.25854986
100 -493.58032227 -7.25853415
101 -493.58044434 -7.25853595
102 -493.58093262 -7.25854313
103 -493.57989502 -7.25852787
104 -493.57974243 -7.25852562
105 -493.57812500 -7.25850184
106 -493.57754517 -7.25849331
107 -493.57748413 -7.25849241
108 -493.57641602 -7.25847671
109 -493.57687378 -7.25848344
110 -493.57656860 -7.25847895
111 -493.57473755 -7.25845202
112 -493.57623291 -7.25847401
113 -493.57427979 -7.25844529
114 -493.57409668 -7.25844260
115 -493.57284546 -7.25842420
116 -493.57305908 -7.25842734
117 -493.57171631 -7.25840759
118 -493.57183838 -7.25840939
119 -493.57214355 -7.25841388
120 -493.57107544 -7.25839817
121 -493.57061768 -7.25839144
122 -493.57061768 -7.25839144
123 -493.57000732 -7.25838246
124 -493.57034302 -7.25838740
125 -493.56909180 -7.25836900
126 -493.56781006 -7.25835015
127 -493.56744385 -7.25834476
128 -493.56704712 -7.25833893
129 -493.56591797 -7.25832232
130 -493.56585693 -7.25832143
131 -493.56454468 -7.25830213
132 -493.56298828 -7.25827924
133 -493.56268311 -7.25827475
134 -493.56216431 -7.25826712
135 -493.56103516 -7.25825052
136 -493.56188965 -7.25826308
137 -493.56134033 -7.25825500
138 -493.56079102 -7.25824693
139 -493.56039429 -7.25824109
140 -493.55929565 -7.25822494
141 -493.55877686 -7.25821731
142 -493.55883789 -7.25821820
143 -493.55633545 -7.25818140
144 -493.55773926 -7.25820205
145 -493.55694580 -7.25819038
146 -493.55676270 -7.25818769
147 -493.55685425 -7.25818903
148 -493.55615234 -7.25817871
149 -493.55438232 -7.25815268
150 -493.55450439 -7.25815448
151 -493.55426025 -7.25815089
152 -493.55474854 -7.25815807
153 -493.55386353 -7.25814505
154 -493.55325317 -7.25813608
155 -493.55166626 -7.25811274
156 -493.55187988 -7.25811588
157 -493.55120850 -7.25810601
158 -493.55206299 -7.25811857
159 -493.55035400 -7.25809344
160 -493.55072021 -7.25809883
161 -493.55035400 -7.25809344
162 -493.55068970 -7.25809838
163 -493.54943848 -7.25807998
164 -493.54763794 -7.25805350
165 -493.54815674 -7.25806113
166 -493.54635620 -7.25803465
167 -493.54641724 -7.25803555
168 -493.54653931 -7.25803734
169 -493.54736328 -7.25804946
170 -493.54550171 -7.25802208
171 -493.54519653 -7.25801760
172 -493.54516602 -7.25801715
173 -493.54473877 -7.25801086
174 -493.54483032 -7.25801221
175 -493.54495239 -7.25801401
176 -493.54376221 -7.25799650
177 -493.54278564 -7.25798214
178 -493.54278564 -7.25798214
179 -493.54260254 -7.25797945
180 -493.54284668 -7.25798304
181 -493.54168701 -7.25796599
182 -493.54168701 -7.25796599
183 -493.54135132 -7.25796105
184 -493.53906250 -7.25792739
185 -493.53936768 -7.25793188
186 -493.53854370 -7.25791976
187 -493.53759766 -7.25790585
188 -493.53839111 -7.25791752
189 -493.53887939 -7.25792470
190 -493.53909302 -7.25792784
191 -493.53958130 -7.25793502
192 -493.53961182 -7.25793547
193 -493.53869629 -7.25792200
194 -493.53784180 -7.25790944
195 -493.53820801 -7.25791482
196 -493.53845215 -7.25791841
197 -493.53790283 -7.25791034
198 -493.53857422 -7.25792021
199 -493.53656006 -7.25789059
200 -493.53656006 -7.25789059
201 -493.53582764 -7.25787982
202 -493.53646851 -7.25788924
203 -493.53628540 -7.25788655
204 -493.53515625 -7.25786994
205 -493.53472900 -7.25786366
206 -493.53396606 -7.25785244
207 -493.53427124 -7.25785693
208 -493.53466797 -7.25786276
209 -493.53509521 -7.25786905
210 -493.53424072 -7.25785648
211 -493.53524780 -7.25787129
212 -493.53479004 -7.25786456
213 -493.53350830 -7.25784571
214 -493.53451538 -7.25786052
215 -493.53375244 -7.25784930
216 -493.53356934 -7.25784661
217 -493.53295898 -7.25783763
218 -493.53244019 -7.25783000
219 -493.53256226 -7.25783180
220 -493.53192139 -7.25782237
221 -493.53240967 -7.25782955
222 -493.53207397 -7.25782462
223 -493.53219604 -7.25782641
224 -493.53204346 -7.25782417
225 -493.53051758 -7.25780173
226 -493.53067017 -7.25780397
227 -493.53103638 -7.25780936
228 -493.53106689 -7.25780981
229 -493.53247070 -7.25783045
230 -493.53121948 -7.25781205
231 -493.52993774 -7.25779320
232 -493.52911377 -7.25778108
233 -493.52838135 -7.25777031
234 -493.52838135 -7.25777031
235 -493.52639771 -7.25774114
236 -493.52911377 -7.25778108
237 -493.53027344 -7.25779814
238 -493.53125000 -7.25781250
239 -493.53198242 -7.25782327
240 -493.53179932 -7.25782058
241 -493.53131104 -7.25781340
242 -493.53015137 -7.25779634
243 -493.53082275 -7.25780622
244 -493.53143311 -7.25781519
245 -493.53137207 -7.25781430
246 -493.53176880 -7.25782013
247 -493.53170776 -7.25781923
248 -493.53247070 -7.25783045
249 -493.53179932 -7.25782058
250 -493.53234863 -7.25782866
251 -493.53289795 -7.25783673
252 -493.53161621 -7.25781789
253 -493.53143311 -7.25781519
254 -493.53100586 -7.25780891
255 -493.53173828 -7.25781968
256 -493.53222656 -7.25782686
257 -493.53198242 -7.25782327
258 -493.53228760 -7.25782776
259 -493.53051758 -7.25780173
260 -493.53073120 -7.25780487
261 -493.53027344 -7.25779814
262 -493.53024292 -7.25779769
263 -493.53027344 -7.25779814
264 -493.52865601 -7.25777435
265 -493.52850342 -7.25777211
266 -493.52978516 -7.25779096
267 -493.52911377 -7.25778108
268 -493.52844238 -7.25777121
269 -493.52932739 -7.25778423
270 -493.52999878 -7.25779410
271 -493.52899170 -7.25777929
272 -493.52978516 -7.25779096
273 -493.53030396 -7.25779859
274 -493.53045654 -7.25780083
275 -493.53082275 -7.25780622
276 -493.52825928 -7.25776852
277 -493.52856445 -7.25777301
278 -493.52920532 -7.25778243
279 -493.52947998 -7.25778647
280 -493.52951050 -7.25778692
281 -493.52993774 -7.25779320
282 -493.53073120 -7.25780487
283 -493.52880859 -7.25777660
284 -493.52960205 -7.25778827
285 -493.52752686 -7.25775775
286 -493.52786255 -7.25776268
287 -493.52783203 -7.25776224
288 -493.52642822 -7.25774159
289 -493.52667236 -7.25774518
290 -493.52758789 -7.25775865
291 -493.52725220 -7.25775371
292 -493.52795410 -7.25776403
293 -493.52758789 -7.25775865
294 -493.52661133 -7.25774428
295 -493.52639771 -7.25774114
296 -493.52648926 -7.25774249
297 -493.52551270 -7.25772813
298 -493.52529907 -7.25772499
299 -493.52557373 -7.25772903
300 -493.52368164 -7.25770120
301 -493.52307129 -7.25769222
302 -493.52230835 -7.25768101
303 -493.52239990 -7.25768235
304 -493.52172852 -7.25767248
305 -493.52093506 -7.25766081
306 -493.52056885 -7.25765542
307 -493.52111816 -7.25766350
308 -493.52075195 -7.25765812
309 -493.52142334 -7.25766799
310 -493.52154541 -7.25766979
311 -493.51971436 -7.25764286
312 -493.52050781 -7.25765453
313 -493.51959229 -7.25764106
314 -493.51846313 -7.25762446
315 -493.51879883 -7.25762939
316 -493.51770020 -7.25761324
317 -493.51788330 -7.25761593
318 -493.51898193 -7.25763209
319 -493.51889038 -7.25763074
320 -493.51824951 -7.25762132
321 -493.51791382 -7.25761638
322 -493.51757812 -7.25761144
323 -493.51818848 -7.25762042
324 -493.51745605 -7.25760965
325 -493.51660156 -7.25759708
326 -493.51858521 -7.25762625
327 -493.51965332 -7.25764196
328 -493.51947021 -7.25763927
329 -493.51770020 -7.25761324
330 -493.51797485 -7.25761728
331 -493.51690674 -7.25760157
332 -493.51651001 -7.25759574
333 -493.51547241 -7.25758048
334 -493.51504517 -7.25757419
335 -493.51544189 -7.25758003
336 -493.51583862 -7.25758586
337 -493.51452637 -7.25756656
338 -493.51382446 -7.25755624
339 -493.51422119 -7.25756208
340 -493.51492310 -7.25757240
341 -493.51483154 -7.25757105
342 -493.51419067 -7.25756163
343 -493.51361084 -7.25755310
344 -493.51367188 -7.25755400
345 -493.51290894 -7.25754278
346 -493.51394653 -7.25755804
347 -493.51373291 -7.25755490
348 -493.51513672 -7.25757554
349 -493.51544189 -7.25758003
350 -493.51654053 -7.25759618
351 -493.51635742 -7.25759349
352 -493.51672363 -7.25759888
353 -493.51647949 -7.25759529
354 -493.51586914 -7.25758631
355 -493.51538086 -7.25757913
356 -493.51519775 -7.25757644
357 -493.51470947 -7.25756926
358 -493.51440430 -7.25756477
359 -493.51336670 -7.25754951
360 -493.51351929 -7.25755175
361 -493.51333618 -7.25754906
362 -493.51434326 -7.25756387
363 -493.51397705 -7.25755849
364 -493.51174927 -7.25752572
365 -493.51260376 -7.25753829
366 -493.51376343 -7.25755534
367 -493.51190186 -7.25752797
368 -493.51104736 -7.25751540
369 -493.51034546 -7.25750508
370 -493.50942993 -7.25749162
371 -493.50936890 -7.25749072
372 -493.50827026 -7.25747456
373 -493.50915527 -7.25748758
374 -493.50900269 -7.25748533
375 -493.50952148 -7.25749296
376 -493.50808716 -7.25747187
377 -493.50775146 -7.25746693
378 -493.50704956 -7.25745661
379 -493.50665283 -7.25745078
380 -493.50610352 -7.25744270
381 -493.50384521 -7.25740949
382 -493.50546265 -7.25743327
383 -493.50482178 -7.25742385
384 -493.50598145 -7.25744090
385 -493.50668335 -7.25745123
386 -493.50518799 -7.25742924
387 -493.50622559 -7.25744449
388 -493.50668335 -7.25745123
389 -493.50726318 -7.25745975
390 -493.50573730 -7.25743731
391 -493.50561523 -7.25743552
392 -493.50329590 -7.25740141
393 -493.50531006 -7.25743103
394 -493.50607300 -7.25744225
395 -493.50408936 -7.25741308
396 -493.50411987 -7.25741353
397 -493.50485229 -7.25742430
398 -493.50479126 -7.25742340
399 -493.50537109 -7.25743193
400 -493.50656128 -7.25744943
401 -493.50610352 -7.25744270
402 -493.50573730 -7.25743731
403 -493.50494385 -7.25742564
404 -493.50433350 -7.25741667
405 -493.50436401 -7.25741712
406 -493.50360107 -7.25740590
407 -493.50341797 -7.25740321
408 -493.50302124 -7.25739737
409 -493.50213623 -7.25738436
410 -493.50177002 -7.25737897
411 -493.50085449 -7.25736551
412 -493.50161743 -7.25737673
413 -493.50283813 -7.25739468
414 -493.50137329 -7.25737314
415 -493.50119019 -7.25737044
416 -493.50115967 -7.25737000
417 -493.50219727 -7.25738525
418 -493.50170898 -7.25737807
419 -493.50192261 -7.25738121
420 -493.50119019 -7.25737044
421 -493.50015259 -7.25735519
422 -493.49899292 -7.25733813
423 -493.49798584 -7.25732332
424 -493.49942017 -7.25734441
425 -493.49752808 -7.25731659
426 -493.49850464 -7.25733095
427 -493.49877930 -7.25733499
428 -493.49862671 -7.25733275
429 -493.49713135 -7.25731076
430 -493.49627686 -7.25729819
431 -493.49700928 -7.25730896
432 -493.49765015 -7.25731838
433 -493.49694824 -7.25730806
434 -493.49658203 -7.25730268
435 -493.49536133 -7.25728473
436 -493.49615479 -7.25729639
437 -493.49716187 -7.25731120
438 -493.49737549 -7.25731435
439 -493.49700928 -7.25730896
440 -493.49609375 -7.25729550
441 -493.49673462 -7.25730492
442 -493.49703979 -7.25730941
443 -493.49621582 -7.25729729
444 -493.49502563 -7.25727979
445 -493.49423218 -7.25726812
446 -493.49212646 -7.25723715
447 -493.49267578 -7.25724523
448 -493.49200439 -7.25723536
449 -493.49060059 -7.25721471
450 -493.48928833 -7.25719542
451 -493.48937988 -7.25719676
452 -493.49151611 -7.25722818
453 -493.49139404 -7.25722638
454 -493.48968506 -7.25720125
455 -493.48913574 -7.25719317
456 -493.48941040 -7.25719721
457 -493.48937988 -7.25719676
458 -493.48986816 -7.25720394
459 -493.48950195 -7.25719856
460 -493.48831177 -7.25718106
461 -493.48962402 -7.25720035
462 -493.48892212 -7.25719003
463 -493.48980713 -7.25720305
464 -493.48855591 -7.25718465
465 -493.48669434 -7.25715727
466 -493.48913574 -7.25719317
467 -493.48986816 -7.25720394
468 -493.49047852 -7.25721292
469 -493.48986816 -7.25720394
470 -493.48922729 -7.25719452
471 -493.49023438 -7.25720933
472 -493.49060059 -7.25721471
473 -493.49047852 -7.25721292
474 -493.49014282 -7.25720798
475 -493.48901367 -7.25719138
476 -493.49032593 -7.25721068
477 -493.48956299 -7.25719946
478 -493.48928833 -7.25719542
479 -493.48956299 -7.25719946
480 -493.49038696 -7.25721157
481 -493.49075317 -7.25721696
482 -493.48974609 -7.25720215
483 -493.48870850 -7.25718689
484 -493.48858643 -7.25718509
485 -493.48837280 -7.25718195
486 -493.48870850 -7.25718689
487 -493.48950195 -7.25719856
488 -493.48959351 -7.25719990
489 -493.48968506 -7.25720125
490 -493.48986816 -7.25720394
491 -493.48919678 -7.25719407
492 -493.48962402 -7.25720035
493 -493.48974609 -7.25720215
494 -493.48904419 -7.25719183
495 -493.48950195 -7.25719856
496 -493.48916626 -7.25719362
497 -493.48916626 -7.25719362
498 -493.48818970 -7.25717926
499 -493.48663330 -7.25715637
500 -493.48620605 -7.25715009
501 -493.48568726 -7.25714246
502 -493.48641968 -7.25715323
503 -493.48602295 -7.25714740
504 -493.48522949 -7.25713573
505 -493.48486328 -7.25713034
506 -493.48336792 -7.25710835
507 -493.48400879 -7.25711778
508 -493.48294067 -7.25710207
509 -493.48233032 -7.25709309
510 -493.48226929 -7.25709220
511 -493.48248291 -7.25709534
512 -493.48257446 -7.25709668
513 -493.48159790 -7.25708232
514 -493.48123169 -7.25707694
515 -493.48089600 -7.25707200
516 -493.48144531 -7.25708008
517 -493.48065186 -7.25706841
518 -493.48010254 -7.25706033
519 -493.47991943 -7.25705764
520 -493.47940063 -7.25705001
521 -493.47750854 -7.25702218
522 -493.47738647 -7.25702039
523 -493.47698975 -7.25701456
524 -493.47552490 -7.25699301
525 -493.47604370 -7.25700064
526 -493.47634888 -7.25700513
527 -493.47491455 -7.25698404
528 -493.47378540 -7.25696743
529 -493.47512817 -7.25698718
530 -493.47470093 -7.25698090
531 -493.47375488 -7.25696698
532 -493.47277832 -7.25695262
533 -493.47286987 -7.25695397
534 -493.47302246 -7.25695621
535 -493.47314453 -7.25695801
536 -493.47186279 -7.25693916
537 -493.47268677 -7.25695128
538 -493.47180176 -7.25693826
539 -493.47125244 -7.25693018
540 -493.47085571 -7.25692435
541 -493.46969604 -7.25690729
542 -493.46813965 -7.25688441
543 -493.46740723 -7.25687364
544 -493.46719360 -7.25687049
545 -493.46701050 -7.25686780
546 -493.46755981 -7.25687588
547 -493.46820068 -7.25688530
548 -493.46591187 -7.25685165
549 -493.46667480 -7.25686286
550 -493.46719360 -7.25687049
551 -493.46588135 -7.25685120
552 -493.46539307 -7.25684402
553 -493.46392822 -7.25682247
554 -493.46389771 -7.25682203
555 -493.46313477 -7.25681081
556 -493.46176147 -7.25679061
557 -493.46160889 -7.25678837
558 -493.46176147 -7.25679061
559 -493.46166992 -7.25678926
560 -493.46081543 -7.25677670
561 -493.45947266 -7.25675695
562 -493.45764160 -7.25673002
563 -493.45489502 -7.25668963
564 -493.45434570 -7.25668155
565 -493.45336914 -7.25666719
566 -493.45318604 -7.25666450
567 -493.45385742 -7.25667437
568 -493.45230103 -7.25665149
569 -493.45193481 -7.25664610
570 -493.45117188 -7.25663488
571 -493.44970703 -7.25661334
572 -493.44900513 -7.25660302
573 -493.44772339 -7.25658417
574 -493.44854736 -7.25659628
575 -493.44720459 -7.25657654
576 -493.44635010 -7.25656397
577 -493.44461060 -7.25653839
578 -493.44467163 -7.25653929
579 -493.44409180 -7.25653076
580 -493.44403076 -7.25652986
581 -493.44479370 -7.25654108
582 -493.44445801 -7.25653615
583 -493.44384766 -7.25652717
584 -493.44183350 -7.25649755
585 -493.44250488 -7.25650742
586 -493.44097900 -7.25648499
587 -493.44055176 -7.25647870
588 -493.43981934 -7.25646793
589 -493.43927002 -7.25645985
590 -493.43652344 -7.25641946
591 -493.43768311 -7.25643652
592 -493.43710327 -7.25642799
593 -493.43542480 -7.25640331
594 -493.43420410 -7.25638535
595 -493.43475342 -7.25639343
596 -493.43441772 -7.25638850
597 -493.43270874 -7.25636336
598 -493.43240356 -7.25635888
599 -493.43200684 -7.25635304
600 -493.43090820 -7.25633689
601 -493.43005371 -7.25632432
602 -493.42944336 -7.25631534
603 -493.42718506 -7.25628213
604 -493.42501831 -7.25625027
605 -493.42337036 -7.25622603
606 -493.42309570 -7.25622200
607 -493.42315674 -7.25622289
608 -493.42330933 -7.25622514
609 -493.42312622 -7.25622244
610 -493.42321777 -7.25622379
611 -493.42285156 -7.25621841
612 -493.42218018 -7.25620853
613 -493.42282104 -7.25621796
614 -493.42156982 -7.25619956
615 -493.42028809 -7.25618071
616 -493.42041016 -7.25618250
617 -493.42050171 -7.25618385
618 -493.42083740 -7.25618879
619 -493.42102051 -7.25619148
620 -493.41998291 -7.25617622
621 -493.42047119 -7.25618340
622 -493.41976929 -7.25617308
623 -493.41833496 -7.25615198
624 -493.41812134 -7.25614884
625 -493.41815186 -7.25614929
626 -493.41860962 -7.25615602
627 -493.41870117 -7.25615737
628 -493.41879272 -7.25615872
629 -493.41909790 -7.25616320
630 -493.41827393 -7.25615109
631 -493.41784668 -7.25614480
632 -493.41702271 -7.25613269
633 -493.41577148 -7.25611429
634 -493.41598511 -7.25611743
635 -493.41412354 -7.25609005
636 -493.41253662 -7.25606672
637 -493.41293335 -7.25607255
638 -493.41253662 -7.25606672
639 -493.41253662 -7.25606672
640 -493.41195679 -7.25605819
641 -493.41159058 -7.25605280
642 -493.41006470 -7.25603036
643 -493.40905762 -7.25601555
644 -493.40725708 -7.25598907
645 -493.40841675 -7.25600613
646 -493.40808105 -7.25600119
647 -493.40753174 -7.25599311
648 -493.40658569 -7.25597920
649 -493.40570068 -7.25596619
650 -493.40386963 -7.25593926
651 -493.40417480 -7.25594375
652 -493.40063477 -7.25589169
653 -493.40417480 -7.25594375
654 -493.40335083 -7.25593163
655 -493.40240479 -7.25591772
656 -493.40295410 -7.25592580
657 -493.40335083 -7.25593163
658 -493.40264893 -7.25592131
659 -493.40289307 -7.25592490
660 -493.40338135 -7.25593208
661 -493.40396118 -7.25594061
662 -493.40136719 -7.25590246
663 -493.40216064 -7.25591413
664 -493.40243530 -7.25591817
665 -493.40234375 -7.25591682
666 -493.40283203 -7.25592400
667 -493.40106201 -7.25589797
668 -493.40075684 -7.25589348
669 -493.40051270 -7.25588989
670 -493.40078735 -7.25589393
671 -493.39929199 -7.25587194
672 -493.40063477 -7.25589169
673 -493.40078735 -7.25589393
674 -493.39932251 -7.25587239
675 -493.39965820 -7.25587733
676 -493.39984131 -7.25588002
677 -493.40060425 -7.25589124
678 -493.40164185 -7.25590650
679 -493.40234375 -7.25591682
680 -493.40301514 -7.25592669
681 -493.40289307 -7.25592490
682 -493.40420532 -7.25594420
683 -493.40258789 -7.25592041
684 -493.40405273 -7.25594195
685 -493.40371704 -7.25593702
686 -493.40310669 -7.25592804
687 -493.40344238 -7.25593298
688 -493.40451050 -7.25594868
689 -493.40469360 -7.25595138
690 -493.40356445 -7.25593477
691 -493.40161133 -7.25590605
692 -493.40219116 -7.25591458
693 -493.40234375 -7.25591682
694 -493.40252686 -7.25591951
695 -493.40289307 -7.25592490
696 -493.40203857 -7.25591233
697 -493.40209961 -7.25591323
698 -493.40435791 -7.25594644
