0 -519.50476074 -6.18458049
1 -517.71765137 -6.16330537
2 -513.81164551 -6.11680530
3 -507.21499634 -6.03827377
4 -499.66067505 -5.94834137
5 -492.18518066 -5.85934739
6 -484.45220947 -5.76728821
7 -475.93722534 -5.66591935
8 -465.23242188 -5.53848121
9 -456.44900513 -5.43391673
10 -444.26708984 -5.28889393
11 -432.99169922 -5.15466309
12 -421.86907959 -5.02225095
13 -408.72048950 -4.86572011
14 -396.74343872 -4.72313618
15 -385.72985840 -4.59202212
16 -373.76898193 -4.44963074
17 -364.09371948 -4.33444904
18 -350.76736450 -4.17580196
19 -344.69204712 -4.10347675
20 -333.41403198 -3.96921467
21 -323.74044800 -3.85405295
22 -316.39117432 -3.76656160
23 -310.70770264 -3.69890122
24 -303.69903564 -3.61546471
25 -300.18402100 -3.57361930
26 -300.41625977 -3.57638404
27 -297.75213623 -3.54466829
28 -298.48538208 -3.55339741
29 -293.79452515 -3.49755387
30 -290.78558350 -3.46173314
31 -281.02026367 -3.34547933
32 -280.49969482 -3.33928208
33 -275.58486938 -3.28077225
34 -269.66983032 -3.21035512
35 -270.18878174 -3.21653312
36 -267.66540527 -3.18649292
37 -262.79946899 -3.12856511
38 -257.22647095 -3.06221989
39 -246.89089966 -2.93917738
40 -245.37329102 -2.92111061
41 -242.18536377 -2.88315909
42 -236.85858154 -2.81974502
43 -228.98492432 -2.72601100
44 -225.50036621 -2.68452817
45 -218.42544556 -2.60030292
46 -210.01266479 -2.50015077
47 -209.01914978 -2.48832321
48 -204.83227539 -2.43847947
