0 -801.67919922 -7.03227368
1 -801.68597412 -7.03233311
2 -801.69061279 -7.03237380
3 -801.69555664 -7.03241716
4 -801.69854736 -7.03244340
5 -801.70391846 -7.03249051
6 -801.70379639 -7.03248944
7 -801.70697021 -7.03251728
8 -801.70666504 -7.03251461
9 -801.70898438 -7.03253495
10 -801.70898438 -7.03253495
11 -801.71148682 -7.03255690
12 -801.71386719 -7.03257778
13 -801.71337891 -7.03257350
14 -801.71655273 -7.03260134
15 -801.71734619 -7.03260830
16 -801.71789551 -7.03261312
17 -801.71771240 -7.03261151
18 -801.72009277 -7.03263239
19 -801.72216797 -7.03265060
20 -801.72167969 -7.03264631
21 -801.72198486 -7.03264899
22 -801.72387695 -7.03266559
23 -801.72436523 -7.03266987
24 -801.72515869 -7.03267683
25 -801.72424316 -7.03266880
26 -801.72558594 -7.03268058
27 -801.72552490 -7.03268004
28 -801.72802734 -7.03270199
29 -801.72851562 -7.03270628
30 -801.72753906 -7.03269771
31 -801.72802734 -7.03270199
32 -801.72857666 -7.03270681
33 -801.73059082 -7.03272448
34 -801.72863770 -7.03270735
35 -801.73028564 -7.03272180
36 -801.72723389 -7.03269503
37 -801.73010254 -7.03272020
38 -801.72937012 -7.03271377
39 -801.72943115 -7.03271431
40 -801.72900391 -7.03271056
41 -801.73260498 -7.03274215
42 -801.73254395 -7.03274161
43 -801.73229980 -7.03273947
44 -801.73315430 -7.03274697
45 -801.73339844 -7.03274911
46 -801.73364258 -7.03275125
47 -801.73529053 -7.03276571
48 -801.73614502 -7.03277320
49 -801.73571777 -7.03276945
50 -801.73596191 -7.03277160
51 -801.73529053 -7.03276571
52 -801.73480225 -7.03276142
53 -801.73480225 -7.03276142
54 -801.73577881 -7.03276999
55 -801.73553467 -7.03276785
56 -801.73748779 -7.03278498
57 -801.73828125 -7.03279194
58 -801.73620605 -7.03277374
59 -801.73718262 -7.03278230
60 -801.73583984 -7.03277052
61 -801.73870850 -7.03279569
62 -801.73846436 -7.03279355
63 -801.73724365 -7.03278284
64 -801.73712158 -7.03278177
65 -801.73858643 -7.03279462
66 -801.73944092 -7.03280211
67 -801.73931885 -7.03280104
68 -801.73937988 -7.03280158
69 -801.73901367 -7.03279837
70 -801.73895264 -7.03279783
71 -801.73889160 -7.03279729
72 -801.73742676 -7.03278445
73 -801.73901367 -7.03279837
74 -801.73937988 -7.03280158
75 -801.73852539 -7.03279408
76 -801.74090576 -7.03281496
77 -801.73944092 -7.03280211
78 -801.73876953 -7.03279622
79 -801.74023438 -7.03280907
80 -801.73919678 -7.03279997
81 -801.74035645 -7.03281014
82 -801.74072266 -7.03281336
83 -801.73986816 -7.03280586
84 -801.73870850 -7.03279569
85 -801.73803711 -7.03278980
86 -801.73840332 -7.03279301
87 -801.73956299 -7.03280318
88 -801.73913574 -7.03279944
89 -801.73919678 -7.03279997
90 -801.73980713 -7.03280533
91 -801.74005127 -7.03280747
92 -801.74139404 -7.03281925
93 -801.74084473 -7.03281443
94 -801.73968506 -7.03280425
95 -801.74084473 -7.03281443
96 -801.74090576 -7.03281496
97 -801.74066162 -7.03281282
98 -801.74011230 -7.03280800
99 -801.74096680 -7.03281550
100 -801.73913574 -7.03279944
101 -801.73822021 -7.03279141
102 -801.74084473 -7.03281443
103 -801.73791504 -7.03278873
104 -801.73852539 -7.03279408
105 -801.73846436 -7.03279355
106 -801.73950195 -7.03280265
107 -801.74121094 -7.03281764
108 -801.74047852 -7.03281122
109 -801.74206543 -7.03282514
110 -801.74072266 -7.03281336
111 -801.74157715 -7.03282085
112 -801.74072266 -7.03281336
113 -801.74017334 -7.03280854
114 -801.74041748 -7.03281068
115 -801.73992920 -7.03280640
116 -801.74133301 -7.03281871
117 -801.74066162 -7.03281282
118 -801.73834229 -7.03279248
119 -801.73999023 -7.03280693
120 -801.74060059 -7.03281229
121 -801.73852539 -7.03279408
122 -801.73870850 -7.03279569
123 -801.73956299 -7.03280318
124 -801.73999023 -7.03280693
125 -801.73950195 -7.03280265
126 -801.74017334 -7.03280854
127 -801.73852539 -7.03279408
128 -801.73840332 -7.03279301
129 -801.73706055 -7.03278123
130 -801.73883057 -7.03279676
131 -801.74017334 -7.03280854
132 -801.74035645 -7.03281014
133 -801.74114990 -7.03281710
134 -801.74072266 -7.03281336
135 -801.73883057 -7.03279676
136 -801.73889160 -7.03279729
137 -801.73925781 -7.03280051
138 -801.73986816 -7.03280586
139 -801.73999023 -7.03280693
140 -801.74114990 -7.03281710
141 -801.74047852 -7.03281122
142 -801.73791504 -7.03278873
143 -801.73834229 -7.03279248
144 -801.73968506 -7.03280425
145 -801.73913574 -7.03279944
146 -801.73986816 -7.03280586
147 -801.73968506 -7.03280425
148 -801.73992920 -7.03280640
149 -801.73931885 -7.03280104
150 -801.74017334 -7.03280854
151 -801.74060059 -7.03281229
152 -801.74133301 -7.03281871
153 -801.74023438 -7.03280907
154 -801.73956299 -7.03280318
155 -801.73937988 -7.03280158
156 -801.73858643 -7.03279462
157 -801.73608398 -7.03277267
158 -801.73913574 -7.03279944
159 -801.73986816 -7.03280586
160 -801.73974609 -7.03280479
161 -801.73718262 -7.03278230
162 -801.73754883 -7.03278552
163 -801.73980713 -7.03280533
164 -801.73956299 -7.03280318
165 -801.73797607 -7.03278926
166 -801.73742676 -7.03278445
167 -801.73834229 -7.03279248
168 -801.73675537 -7.03277856
169 -801.73699951 -7.03278070
170 -801.73925781 -7.03280051
171 -801.73852539 -7.03279408
172 -801.73864746 -7.03279515
173 -801.73461914 -7.03275982
174 -801.73730469 -7.03278337
175 -801.73828125 -7.03279194
176 -801.73785400 -7.03278819
177 -801.73724365 -7.03278284
178 -801.73687744 -7.03277963
179 -801.73687744 -7.03277963
180 -801.73632812 -7.03277481
181 -801.73541260 -7.03276678
182 -801.73718262 -7.03278230
183 -801.73669434 -7.03277802
184 -801.73779297 -7.03278766
185 -801.73651123 -7.03277641
186 -801.73583984 -7.03277052
187 -801.73443604 -7.03275821
188 -801.73486328 -7.03276196
189 -801.73260498 -7.03274215
190 -801.73614502 -7.03277320
191 -801.73583984 -7.03277052
192 -801.73809814 -7.03279033
193 -801.73748779 -7.03278498
194 -801.73516846 -7.03276464
195 -801.73571777 -7.03276945
196 -801.73651123 -7.03277641
197 -801.73687744 -7.03277963
198 -801.73516846 -7.03276464
199 -801.73632812 -7.03277481
200 -801.73529053 -7.03276571
201 -801.73516846 -7.03276464
202 -801.73492432 -7.03276249
203 -801.73583984 -7.03277052
204 -801.73577881 -7.03276999
205 -801.73535156 -7.03276624
206 -801.73541260 -7.03276678
207 -801.73529053 -7.03276571
208 -801.73522949 -7.03276517
209 -801.73693848 -7.03278016
210 -801.73638916 -7.03277534
211 -801.73571777 -7.03276945
212 -801.73638916 -7.03277534
213 -801.73669434 -7.03277802
214 -801.73669434 -7.03277802
215 -801.73645020 -7.03277588
216 -801.73846436 -7.03279355
217 -801.73626709 -7.03277427
218 -801.73748779 -7.03278498
219 -801.73657227 -7.03277695
220 -801.73675537 -7.03277856
221 -801.73748779 -7.03278498
222 -801.73858643 -7.03279462
223 -801.73535156 -7.03276624
224 -801.73657227 -7.03277695
225 -801.73846436 -7.03279355
226 -801.73699951 -7.03278070
227 -801.73754883 -7.03278552
228 -801.73754883 -7.03278552
229 -801.73699951 -7.03278070
230 -801.73736572 -7.03278391
231 -801.73858643 -7.03279462
232 -801.73974609 -7.03280479
233 -801.73803711 -7.03278980
234 -801.73718262 -7.03278230
235 -801.73822021 -7.03279141
236 -801.73767090 -7.03278659
237 -801.73980713 -7.03280533
238 -801.73925781 -7.03280051
239 -801.73931885 -7.03280104
240 -801.73931885 -7.03280104
241 -801.73876953 -7.03279622
242 -801.73620605 -7.03277374
243 -801.73754883 -7.03278552
244 -801.73925781 -7.03280051
245 -801.73840332 -7.03279301
246 -801.73858643 -7.03279462
247 -801.73913574 -7.03279944
248 -801.73913574 -7.03279944
249 -801.73962402 -7.03280372
250 -801.74011230 -7.03280800
251 -801.74072266 -7.03281336
252 -801.74084473 -7.03281443
253 -801.74041748 -7.03281068
254 -801.73822021 -7.03279141
255 -801.73889160 -7.03279729
256 -801.73889160 -7.03279729
257 -801.73712158 -7.03278177
258 -801.73828125 -7.03279194
259 -801.73895264 -7.03279783
260 -801.73901367 -7.03279837
261 -801.73834229 -7.03279248
262 -801.73815918 -7.03279087
263 -801.73834229 -7.03279248
264 -801.73950195 -7.03280265
265 -801.74023438 -7.03280907
266 -801.73986816 -7.03280586
267 -801.73870850 -7.03279569
268 -801.74029541 -7.03280961
269 -801.73907471 -7.03279890
270 -801.73974609 -7.03280479
271 -801.73828125 -7.03279194
272 -801.73937988 -7.03280158
273 -801.74023438 -7.03280907
274 -801.73748779 -7.03278498
275 -801.74041748 -7.03281068
276 -801.73876953 -7.03279622
277 -801.73876953 -7.03279622
278 -801.73864746 -7.03279515
279 -801.73889160 -7.03279729
280 -801.73846436 -7.03279355
281 -801.73986816 -7.03280586
282 -801.74011230 -7.03280800
283 -801.74072266 -7.03281336
284 -801.73937988 -7.03280158
285 -801.73925781 -7.03280051
286 -801.73931885 -7.03280104
287 -801.73840332 -7.03279301
288 -801.73730469 -7.03278337
289 -801.74090576 -7.03281496
290 -801.73864746 -7.03279515
291 -801.73883057 -7.03279676
292 -801.73706055 -7.03278123
293 -801.73870850 -7.03279569
294 -801.73699951 -7.03278070
295 -801.73883057 -7.03279676
296 -801.73840332 -7.03279301
297 -801.73840332 -7.03279301
298 -801.73809814 -7.03279033
299 -801.73931885 -7.03280104
300 -801.73858643 -7.03279462
301 -801.73760986 -7.03278605
302 -801.73907471 -7.03279890
303 -801.73724365 -7.03278284
304 -801.73785400 -7.03278819
305 -801.73931885 -7.03280104
306 -801.73876953 -7.03279622
307 -801.73815918 -7.03279087
308 -801.73822021 -7.03279141
309 -801.73748779 -7.03278498
310 -801.73779297 -7.03278766
311 -801.73779297 -7.03278766
312 -801.73675537 -7.03277856
313 -801.73712158 -7.03278177
314 -801.73724365 -7.03278284
315 -801.73803711 -7.03278980
316 -801.73828125 -7.03279194
317 -801.73608398 -7.03277267
318 -801.73748779 -7.03278498
319 -801.73889160 -7.03279729
320 -801.73834229 -7.03279248
321 -801.73663330 -7.03277749
322 -801.73657227 -7.03277695
323 -801.73931885 -7.03280104
324 -801.73773193 -7.03278712
325 -801.73791504 -7.03278873
326 -801.73620605 -7.03277374
327 -801.73748779 -7.03278498
328 -801.73632812 -7.03277481
329 -801.73693848 -7.03278016
330 -801.73675537 -7.03277856
331 -801.73553467 -7.03276785
332 -801.73516846 -7.03276464
333 -801.73632812 -7.03277481
334 -801.73773193 -7.03278712
335 -801.73498535 -7.03276303
336 -801.73455811 -7.03275928
337 -801.73425293 -7.03275660
338 -801.73626709 -7.03277427
339 -801.73590088 -7.03277106
340 -801.73492432 -7.03276249
341 -801.73510742 -7.03276410
342 -801.73382568 -7.03275286
343 -801.73565674 -7.03276892
344 -801.73583984 -7.03277052
345 -801.73309326 -7.03274643
346 -801.73455811 -7.03275928
347 -801.73406982 -7.03275500
348 -801.73431396 -7.03275714
349 -801.73400879 -7.03275446
350 -801.73315430 -7.03274697
351 -801.73413086 -7.03275553
352 -801.73303223 -7.03274590
353 -801.73254395 -7.03274161
354 -801.73291016 -7.03274483
355 -801.73181152 -7.03273519
356 -801.73309326 -7.03274643
357 -801.73168945 -7.03273412
358 -801.73291016 -7.03274483
359 -801.73162842 -7.03273358
360 -801.73236084 -7.03274001
361 -801.73205566 -7.03273733
362 -801.73187256 -7.03273572
363 -801.73181152 -7.03273519
364 -801.73138428 -7.03273144
365 -801.73107910 -7.03272876
366 -801.73083496 -7.03272662
367 -801.73016357 -7.03272073
368 -801.73077393 -7.03272609
369 -801.72869873 -7.03270788
370 -801.72906494 -7.03271110
371 -801.73065186 -7.03272502
372 -801.72894287 -7.03271003
373 -801.72918701 -7.03271217
374 -801.72894287 -7.03271003
375 -801.72705078 -7.03269343
376 -801.72802734 -7.03270199
377 -801.72705078 -7.03269343
378 -801.72772217 -7.03269932
379 -801.72875977 -7.03270842
380 -801.72851562 -7.03270628
381 -801.72680664 -7.03269129
382 -801.72723389 -7.03269503
383 -801.72814941 -7.03270307
384 -801.72741699 -7.03269664
385 -801.72692871 -7.03269236
386 -801.72790527 -7.03270092
387 -801.72729492 -7.03269557
388 -801.72570801 -7.03268165
389 -801.72619629 -7.03268593
390 -801.72741699 -7.03269664
391 -801.72607422 -7.03268486
392 -801.72583008 -7.03268272
393 -801.72692871 -7.03269236
394 -801.72680664 -7.03269129
395 -801.72467041 -7.03267255
396 -801.72705078 -7.03269343
397 -801.72644043 -7.03268807
398 -801.72735596 -7.03269610
399 -801.72387695 -7.03266559
400 -801.72607422 -7.03268486
401 -801.72644043 -7.03268807
402 -801.72570801 -7.03268165
403 -801.72644043 -7.03268807
404 -801.72619629 -7.03268593
405 -801.72473145 -7.03267308
406 -801.72558594 -7.03268058
407 -801.72576904 -7.03268218
408 -801.72314453 -7.03265916
409 -801.72515869 -7.03267683
410 -801.72503662 -7.03267576
411 -801.72613525 -7.03268540
412 -801.72509766 -7.03267630
413 -801.72558594 -7.03268058
414 -801.72485352 -7.03267415
415 -801.72656250 -7.03268914
416 -801.72692871 -7.03269236
417 -801.72692871 -7.03269236
418 -801.72491455 -7.03267469
419 -801.72680664 -7.03269129
420 -801.72393799 -7.03266612
421 -801.72552490 -7.03268004
422 -801.72576904 -7.03268218
423 -801.72583008 -7.03268272
424 -801.72589111 -7.03268326
425 -801.72644043 -7.03268807
426 -801.72473145 -7.03267308
427 -801.72491455 -7.03267469
428 -801.72644043 -7.03268807
429 -801.72601318 -7.03268433
430 -801.72589111 -7.03268326
431 -801.72558594 -7.03268058
432 -801.72760010 -7.03269825
433 -801.72760010 -7.03269825
434 -801.72668457 -7.03269022
435 -801.72558594 -7.03268058
436 -801.72772217 -7.03269932
437 -801.72625732 -7.03268647
438 -801.72747803 -7.03269718
439 -801.72747803 -7.03269718
440 -801.72650146 -7.03268861
441 -801.72875977 -7.03270842
442 -801.72821045 -7.03270360
443 -801.72821045 -7.03270360
444 -801.72558594 -7.03268058
445 -801.72644043 -7.03268807
446 -801.72808838 -7.03270253
447 -801.72857666 -7.03270681
448 -801.72894287 -7.03271003
449 -801.72741699 -7.03269664
450 -801.72747803 -7.03269718
451 -801.72851562 -7.03270628
452 -801.72644043 -7.03268807
453 -801.72705078 -7.03269343
454 -801.72772217 -7.03269932
455 -801.72790527 -7.03270092
456 -801.72454834 -7.03267148
457 -801.72552490 -7.03268004
458 -801.72668457 -7.03269022
459 -801.72607422 -7.03268486
460 -801.72619629 -7.03268593
461 -801.72625732 -7.03268647
462 -801.72753906 -7.03269771
463 -801.72711182 -7.03269396
464 -801.72558594 -7.03268058
465 -801.72637939 -7.03268754
466 -801.72760010 -7.03269825
467 -801.72863770 -7.03270735
468 -801.72674561 -7.03269075
469 -801.72839355 -7.03270521
470 -801.72747803 -7.03269718
471 -801.72778320 -7.03269985
472 -801.72979736 -7.03271752
473 -801.72814941 -7.03270307
474 -801.72833252 -7.03270467
475 -801.72894287 -7.03271003
476 -801.72998047 -7.03271913
477 -801.72900391 -7.03271056
478 -801.72888184 -7.03270949
479 -801.72851562 -7.03270628
480 -801.73004150 -7.03271966
481 -801.72821045 -7.03270360
482 -801.72918701 -7.03271217
483 -801.72985840 -7.03271806
484 -801.72918701 -7.03271217
485 -801.72894287 -7.03271003
486 -801.72894287 -7.03271003
487 -801.72821045 -7.03270360
488 -801.73034668 -7.03272234
489 -801.72784424 -7.03270039
490 -801.72821045 -7.03270360
491 -801.72802734 -7.03270199
492 -801.72796631 -7.03270146
493 -801.72918701 -7.03271217
494 -801.72814941 -7.03270307
495 -801.72985840 -7.03271806
496 -801.72869873 -7.03270788
497 -801.72894287 -7.03271003
498 -801.72918701 -7.03271217
499 -801.72784424 -7.03270039
500 -801.72674561 -7.03269075
501 -801.72833252 -7.03270467
502 -801.72735596 -7.03269610
503 -801.72619629 -7.03268593
504 -801.72668457 -7.03269022
505 -801.72662354 -7.03268968
506 -801.72839355 -7.03270521
507 -801.72821045 -7.03270360
508 -801.72735596 -7.03269610
509 -801.72778320 -7.03269985
510 -801.72784424 -7.03270039
511 -801.72509766 -7.03267630
512 -801.72619629 -7.03268593
513 -801.72644043 -7.03268807
514 -801.72698975 -7.03269289
515 -801.72662354 -7.03268968
516 -801.72546387 -7.03267951
517 -801.72589111 -7.03268326
518 -801.72558594 -7.03268058
519 -801.72589111 -7.03268326
520 -801.72296143 -7.03265756
521 -801.72534180 -7.03267844
522 -801.72491455 -7.03267469
523 -801.72479248 -7.03267362
524 -801.72637939 -7.03268754
525 -801.72583008 -7.03268272
526 -801.72436523 -7.03266987
527 -801.72442627 -7.03267041
528 -801.72332764 -7.03266077
529 -801.72399902 -7.03266666
530 -801.72460938 -7.03267201
531 -801.72534180 -7.03267844
532 -801.72607422 -7.03268486
533 -801.72613525 -7.03268540
534 -801.72326660 -7.03266023
535 -801.72485352 -7.03267415
536 -801.72540283 -7.03267897
537 -801.72473145 -7.03267308
538 -801.72204590 -7.03264953
539 -801.72479248 -7.03267362
540 -801.72412109 -7.03266773
541 -801.72369385 -7.03266398
542 -801.72375488 -7.03266452
543 -801.72204590 -7.03264953
544 -801.72357178 -7.03266291
545 -801.72271729 -7.03265541
546 -801.72174072 -7.03264685
547 -801.72186279 -7.03264792
548 -801.72155762 -7.03264524
549 -801.72338867 -7.03266130
550 -801.72229004 -7.03265167
551 -801.72406006 -7.03266719
552 -801.72052002 -7.03263614
553 -801.72161865 -7.03264578
554 -801.72088623 -7.03263935
555 -801.72137451 -7.03264364
556 -801.72015381 -7.03263293
557 -801.72064209 -7.03263721
558 -801.72119141 -7.03264203
559 -801.72180176 -7.03264738
560 -801.72082520 -7.03263882
561 -801.72021484 -7.03263346
562 -801.71893311 -7.03262222
563 -801.71905518 -7.03262329
564 -801.71936035 -7.03262597
565 -801.71875000 -7.03262061
566 -801.71789551 -7.03261312
567 -801.71838379 -7.03261740
568 -801.71838379 -7.03261740
569 -801.71936035 -7.03262597
570 -801.71887207 -7.03262168
571 -801.71752930 -7.03260991
572 -801.71807861 -7.03261472
573 -801.71813965 -7.03261526
574 -801.71838379 -7.03261740
575 -801.71862793 -7.03261954
576 -801.71789551 -7.03261312
577 -801.71820068 -7.03261580
578 -801.71630859 -7.03259920
579 -801.71777344 -7.03261205
580 -801.71765137 -7.03261098
581 -801.71618652 -7.03259813
582 -801.71472168 -7.03258528
583 -801.71441650 -7.03258260
584 -801.71478271 -7.03258581
585 -801.71594238 -7.03259599
586 -801.71539307 -7.03259117
587 -801.71496582 -7.03258742
588 -801.71630859 -7.03259920
589 -801.71417236 -7.03258046
590 -801.71551514 -7.03259224
591 -801.71582031 -7.03259492
592 -801.71319580 -7.03257189
593 -801.71551514 -7.03259224
594 -801.71502686 -7.03258795
595 -801.71289062 -7.03256922
596 -801.71362305 -7.03257564
597 -801.71087646 -7.03255155
598 -801.71276855 -7.03256815
599 -801.71038818 -7.03254726
600 -801.71221924 -7.03256333
601 -801.71331787 -7.03257296
602 -801.71014404 -7.03254512
603 -801.70874023 -7.03253281
604 -801.71124268 -7.03255476
605 -801.71112061 -7.03255369
606 -801.70825195 -7.03252853
607 -801.70971680 -7.03254138
608 -801.71026611 -7.03254619
609 -801.70996094 -7.03254352
610 -801.70880127 -7.03253334
611 -801.70837402 -7.03252960
612 -801.70983887 -7.03254245
613 -801.70727539 -7.03251996
614 -801.70831299 -7.03252906
615 -801.70861816 -7.03253174
616 -801.70709229 -7.03251835
617 -801.70788574 -7.03252531
618 -801.70794678 -7.03252585
619 -801.70745850 -7.03252157
620 -801.70715332 -7.03251889
621 -801.70727539 -7.03251996
622 -801.70684814 -7.03251621
623 -801.70672607 -7.03251514
624 -801.70672607 -7.03251514
625 -801.70794678 -7.03252585
626 -801.70446777 -7.03249533
627 -801.70697021 -7.03251728
628 -801.70587158 -7.03250765
629 -801.70495605 -7.03249961
630 -801.70477295 -7.03249801
631 -801.70599365 -7.03250872
632 -801.70562744 -7.03250550
633 -801.70599365 -7.03250872
634 -801.70428467 -7.03249373
635 -801.70501709 -7.03250015
636 -801.70568848 -7.03250604
637 -801.70495605 -7.03249961
638 -801.70465088 -7.03249694
639 -801.70550537 -7.03250443
640 -801.70404053 -7.03249158
641 -801.70440674 -7.03249480
642 -801.70428467 -7.03249373
643 -801.70458984 -7.03249640
644 -801.70336914 -7.03248569
645 -801.70281982 -7.03248088
646 -801.69934082 -7.03245036
647 -801.70007324 -7.03245678
648 -801.70135498 -7.03246803
649 -801.70111084 -7.03246588
650 -801.70275879 -7.03248034
651 -801.70153809 -7.03246963
652 -801.70050049 -7.03246053
653 -801.70257568 -7.03247873
654 -801.70129395 -7.03246749
655 -801.70208740 -7.03247445
656 -801.69989014 -7.03245518
657 -801.70043945 -7.03246000
658 -801.70147705 -7.03246910
659 -801.69757080 -7.03243483
660 -801.69946289 -7.03245143
661 -801.69866943 -7.03244447
662 -801.69689941 -7.03242894
663 -801.69763184 -7.03243537
664 -801.69805908 -7.03243911
665 -801.69604492 -7.03242145
666 -801.69769287 -7.03243590
667 -801.69659424 -7.03242627
668 -801.69555664 -7.03241716
669 -801.69750977 -7.03243430
670 -801.69476318 -7.03241020
671 -801.69549561 -7.03241663
672 -801.69610596 -7.03242198
673 -801.69567871 -7.03241823
674 -801.69427490 -7.03240592
675 -801.69506836 -7.03241288
676 -801.69531250 -7.03241502
677 -801.69439697 -7.03240699
678 -801.69262695 -7.03239146
679 -801.69262695 -7.03239146
680 -801.69073486 -7.03237487
681 -801.69335938 -7.03239789
682 -801.68951416 -7.03236416
683 -801.69256592 -7.03239093
684 -801.68975830 -7.03236630
685 -801.68896484 -7.03235934
686 -801.68762207 -7.03234756
687 -801.68914795 -7.03236095
688 -801.68682861 -7.03234060
689 -801.68572998 -7.03233096
690 -801.68640137 -7.03233685
691 -801.68566895 -7.03233043
692 -801.68560791 -7.03232989
693 -801.68402100 -7.03231597
694 -801.68688965 -7.03234114
695 -801.68395996 -7.03231544
696 -801.68481445 -7.03232293
697 -801.68560791 -7.03232989
698 -801.68322754 -7.03230901
699 -801.68121338 -7.03229135
700 -801.68206787 -7.03229884
701 -801.68212891 -7.03229938
702 -801.68109131 -7.03229027
703 -801.68096924 -7.03228920
704 -801.67987061 -7.03227957
705 -801.67999268 -7.03228064
706 -801.67871094 -7.03226939
707 -801.67828369 -7.03226565
708 -801.67944336 -7.03227582
709 -801.67822266 -7.03226511
710 -801.67944336 -7.03227582
711 -801.67791748 -7.03226243
712 -801.67773438 -7.03226083
713 -801.67724609 -7.03225654
714 -801.67614746 -7.03224691
715 -801.67651367 -7.03225012
716 -801.67358398 -7.03222442
717 -801.67547607 -7.03224102
718 -801.67425537 -7.03223031
719 -801.67535400 -7.03223995
720 -801.67474365 -7.03223459
721 -801.67333984 -7.03222228
722 -801.67419434 -7.03222977
723 -801.67260742 -7.03221585
724 -801.67211914 -7.03221157
725 -801.67260742 -7.03221585
726 -801.67193604 -7.03220997
727 -801.67315674 -7.03222067
728 -801.67205811 -7.03221104
729 -801.67346191 -7.03222335
730 -801.67266846 -7.03221639
731 -801.67022705 -7.03219497
732 -801.67144775 -7.03220568
733 -801.67285156 -7.03221800
734 -801.67340088 -7.03222281
735 -801.67181396 -7.03220889
736 -801.67114258 -7.03220301
737 -801.67102051 -7.03220193
738 -801.67004395 -7.03219337
739 -801.67132568 -7.03220461
740 -801.67126465 -7.03220408
741 -801.67163086 -7.03220729
742 -801.67016602 -7.03219444
743 -801.66949463 -7.03218855
744 -801.67108154 -7.03220247
745 -801.67077637 -7.03219979
746 -801.66992188 -7.03219230
747 -801.67022705 -7.03219497
748 -801.66955566 -7.03218908
749 -801.67065430 -7.03219872
750 -801.66949463 -7.03218855
751 -801.66821289 -7.03217731
752 -801.67034912 -7.03219604
753 -801.66882324 -7.03218266
754 -801.66876221 -7.03218212
755 -801.66564941 -7.03215482
756 -801.66845703 -7.03217945
757 -801.66595459 -7.03215750
758 -801.66790771 -7.03217463
759 -801.66528320 -7.03215161
760 -801.66778564 -7.03217356
761 -801.66894531 -7.03218373
762 -801.66754150 -7.03217142
763 -801.66796875 -7.03217516
764 -801.66961670 -7.03218962
765 -801.66754150 -7.03217142
766 -801.66528320 -7.03215161
767 -801.66650391 -7.03216231
768 -801.66717529 -7.03216820
769 -801.66827393 -7.03217784
770 -801.66833496 -7.03217838
771 -801.66760254 -7.03217195
772 -801.66845703 -7.03217945
773 -801.66693115 -7.03216606
774 -801.66583252 -7.03215643
775 -801.66607666 -7.03215857
776 -801.66564941 -7.03215482
777 -801.66601562 -7.03215803
778 -801.66522217 -7.03215107
779 -801.66674805 -7.03216446
780 -801.66552734 -7.03215375
781 -801.66326904 -7.03213394
782 -801.66668701 -7.03216392
783 -801.66546631 -7.03215321
784 -801.66259766 -7.03212805
785 -801.66302490 -7.03213180
786 -801.66467285 -7.03214625
787 -801.66271973 -7.03212912
788 -801.66247559 -7.03212698
789 -801.66363525 -7.03213715
790 -801.66461182 -7.03214572
791 -801.66516113 -7.03215054
792 -801.66333008 -7.03213447
793 -801.66204834 -7.03212323
794 -801.66259766 -7.03212805
795 -801.66320801 -7.03213340
796 -801.66247559 -7.03212698
797 -801.66137695 -7.03211734
798 -801.66101074 -7.03211413
799 -801.66088867 -7.03211306
800 -801.65917969 -7.03209807
801 -801.66015625 -7.03210663
802 -801.65966797 -7.03210235
803 -801.66046143 -7.03210931
804 -801.65869141 -7.03209378
805 -801.66052246 -7.03210985
806 -801.66009521 -7.03210610
807 -801.65765381 -7.03208468
808 -801.65747070 -7.03208308
809 -801.65759277 -7.03208415
810 -801.65924072 -7.03209860
811 -801.65582275 -7.03206862
812 -801.65875244 -7.03209432
813 -801.65869141 -7.03209378
814 -801.65820312 -7.03208950
815 -801.65771484 -7.03208522
816 -801.65667725 -7.03207612
817 -801.65649414 -7.03207451
818 -801.65795898 -7.03208736
819 -801.65570068 -7.03206755
820 -801.65710449 -7.03207986
821 -801.65417480 -7.03205416
822 -801.65509033 -7.03206220
823 -801.65606689 -7.03207076
824 -801.65399170 -7.03205256
825 -801.65374756 -7.03205042
826 -801.65368652 -7.03204988
827 -801.65374756 -7.03205042
828 -801.65374756 -7.03205042
829 -801.65203857 -7.03203543
830 -801.65283203 -7.03204239
831 -801.65234375 -7.03203810
832 -801.65185547 -7.03203382
833 -801.65167236 -7.03203221
834 -801.65197754 -7.03203489
835 -801.65057373 -7.03202258
836 -801.64971924 -7.03201508
837 -801.64978027 -7.03201562
838 -801.64892578 -7.03200812
839 -801.64978027 -7.03201562
840 -801.64825439 -7.03200223
841 -801.64965820 -7.03201455
842 -801.64910889 -7.03200973
843 -801.64782715 -7.03199848
844 -801.64947510 -7.03201294
845 -801.64672852 -7.03198885
846 -801.64776611 -7.03199795
847 -801.64709473 -7.03199206
848 -801.64709473 -7.03199206
849 -801.64495850 -7.03197332
850 -801.64617920 -7.03198403
851 -801.64782715 -7.03199848
852 -801.64617920 -7.03198403
853 -801.64501953 -7.03197386
854 -801.64666748 -7.03198831
855 -801.64544678 -7.03197760
856 -801.64508057 -7.03197439
857 -801.64410400 -7.03196582
858 -801.64453125 -7.03196957
859 -801.64385986 -7.03196368
860 -801.64422607 -7.03196690
861 -801.64392090 -7.03196422
862 -801.64569092 -7.03197974
863 -801.64385986 -7.03196368
864 -801.64233398 -7.03195030
865 -801.64471436 -7.03197118
866 -801.64239502 -7.03195083
867 -801.64318848 -7.03195779
868 -801.64215088 -7.03194869
869 -801.64166260 -7.03194441
870 -801.64105225 -7.03193905
871 -801.64111328 -7.03193959
872 -801.64111328 -7.03193959
873 -801.63928223 -7.03192353
874 -801.64135742 -7.03194173
875 -801.64208984 -7.03194816
876 -801.64208984 -7.03194816
877 -801.64111328 -7.03193959
878 -801.64208984 -7.03194816
879 -801.64251709 -7.03195190
880 -801.64282227 -7.03195458
881 -801.64300537 -7.03195619
882 -801.64276123 -7.03195405
883 -801.64349365 -7.03196047
884 -801.64221191 -7.03194923
885 -801.64343262 -7.03195994
886 -801.64306641 -7.03195672
887 -801.64239502 -7.03195083
888 -801.64141846 -7.03194227
889 -801.63989258 -7.03192888
890 -801.64111328 -7.03193959
891 -801.64373779 -7.03196261
892 -801.64263916 -7.03195298
893 -801.64221191 -7.03194923
894 -801.64385986 -7.03196368
895 -801.64337158 -7.03195940
896 -801.64343262 -7.03195994
897 -801.64276123 -7.03195405
898 -801.64331055 -7.03195886
899 -801.64526367 -7.03197600
900 -801.64471436 -7.03197118
901 -801.64306641 -7.03195672
902 -801.64508057 -7.03197439
903 -801.64593506 -7.03198189
904 -801.64288330 -7.03195512
905 -801.64672852 -7.03198885
906 -801.64514160 -7.03197493
907 -801.64306641 -7.03195672
908 -801.64349365 -7.03196047
909 -801.64398193 -7.03196475
910 -801.64233398 -7.03195030
911 -801.64196777 -7.03194709
912 -801.64422607 -7.03196690
913 -801.64318848 -7.03195779
914 -801.64337158 -7.03195940
915 -801.64404297 -7.03196529
916 -801.64263916 -7.03195298
917 -801.64447021 -7.03196904
918 -801.64263916 -7.03195298
919 -801.64318848 -7.03195779
920 -801.64288330 -7.03195512
921 -801.64331055 -7.03195886
922 -801.64398193 -7.03196475
923 -801.64324951 -7.03195833
924 -801.64349365 -7.03196047
925 -801.64440918 -7.03196850
926 -801.64331055 -7.03195886
927 -801.64471436 -7.03197118
928 -801.64611816 -7.03198349
929 -801.64422607 -7.03196690
930 -801.64520264 -7.03197546
931 -801.64392090 -7.03196422
932 -801.64483643 -7.03197225
933 -801.64434814 -7.03196797
934 -801.64300537 -7.03195619
935 -801.64276123 -7.03195405
936 -801.64202881 -7.03194762
937 -801.64337158 -7.03195940
938 -801.64233398 -7.03195030
939 -801.64178467 -7.03194548
940 -801.64233398 -7.03195030
941 -801.64154053 -7.03194334
942 -801.64123535 -7.03194066
943 -801.64147949 -7.03194280
944 -801.64141846 -7.03194227
945 -801.64184570 -7.03194601
946 -801.64355469 -7.03196101
947 -801.64239502 -7.03195083
948 -801.64379883 -7.03196315
949 -801.64422607 -7.03196690
950 -801.64215088 -7.03194869
951 -801.64257812 -7.03195244
952 -801.64392090 -7.03196422
953 -801.64349365 -7.03196047
954 -801.64276123 -7.03195405
955 -801.64294434 -7.03195565
956 -801.63909912 -7.03192192
957 -801.64099121 -7.03193852
958 -801.64361572 -7.03196154
959 -801.64288330 -7.03195512
960 -801.64227295 -7.03194976
961 -801.64215088 -7.03194869
962 -801.64233398 -7.03195030
963 -801.64276123 -7.03195405
964 -801.64398193 -7.03196475
965 -801.64361572 -7.03196154
966 -801.64422607 -7.03196690
967 -801.64440918 -7.03196850
968 -801.64300537 -7.03195619
969 -801.64428711 -7.03196743
970 -801.64331055 -7.03195886
971 -801.64221191 -7.03194923
972 -801.64160156 -7.03194387
973 -801.64282227 -7.03195458
974 -801.64355469 -7.03196101
975 -801.64147949 -7.03194280
976 -801.64111328 -7.03193959
977 -801.63983154 -7.03192835
978 -801.64086914 -7.03193745
979 -801.64282227 -7.03195458
980 -801.64385986 -7.03196368
981 -801.64373779 -7.03196261
982 -801.64367676 -7.03196208
983 -801.64105225 -7.03193905
984 -801.64331055 -7.03195886
985 -801.64215088 -7.03194869
986 -801.64154053 -7.03194334
987 -801.64361572 -7.03196154
988 -801.64447021 -7.03196904
989 -801.64373779 -7.03196261
990 -801.64501953 -7.03197386
991 -801.64324951 -7.03195833
992 -801.64416504 -7.03196636
993 -801.64410400 -7.03196582
994 -801.64483643 -7.03197225
995 -801.64599609 -7.03198242
996 -801.64349365 -7.03196047
997 -801.64398193 -7.03196475
998 -801.64611816 -7.03198349
999 -801.64514160 -7.03197493
