0 -465.21456909 -7.04870559
1 -465.20819092 -7.04860895
2 -465.19573975 -7.04842030
3 -465.17907715 -7.04816784
4 -465.14453125 -7.04764441
5 -465.08508301 -7.04674368
6 -464.94738770 -7.04465739
7 -464.75238037 -7.04170273
8 -464.40313721 -7.03641117
9 -463.68148804 -7.02547709
10 -462.67797852 -7.01027240
11 -461.11013794 -6.98651724
12 -459.27221680 -6.95866995
13 -456.32641602 -6.91403661
14 -452.69537354 -6.85902081
15 -446.97497559 -6.77234811
16 -439.43804932 -6.65815226
17 -430.51107788 -6.52289512
18 -419.17272949 -6.35110196
19 -406.91409302 -6.16536505
20 -389.54571533 -5.90220781
21 -371.26354980 -5.62520530
22 -349.30975342 -5.29257202
23 -324.09423828 -4.91051876
24 -294.90332031 -4.46823213
25 -261.36605835 -3.96009179
26 -221.64831543 -3.35830781
27 -172.53482056 -2.61416395
28 -118.18922424 -1.79074582
29 -50.07533646 -0.75871722
30 34.53621674 0.52327601
31 144.64071655 2.19152601
32 277.61645508 4.20630993
33 418.81579590 6.34569388
34 617.83972168 9.36120790
35 905.07653809 13.71328088
36 1449.60913086 21.96377471
37 2214.44213867 33.55215362
38 3539.97631836 53.63600482
39 4642.48193359 70.34063536
40 5972.25732422 90.48874734
41 7271.80517578 110.17886630
42 8872.11816406 134.42603279
43 11446.22265625 173.42761600
44 28599.29101562 433.32259115
45 20426.95312500 309.49928977
46 56889.34765625 861.95981297
47 25611.14257812 388.04761482
48 119874.19531250 1816.27568655
49 59519.35546875 901.80841619
50 110587.50781250 1675.56830019
51 48462.49609375 734.28024384
52 275977.03125000 4181.47017045
53 105134.63281250 1592.94898201
54 953309.43750000 14444.08238636
55 136527.40625000 2068.59706439
56 348063.59375000 5273.69081439
57 172747.37500000 2617.38446970
58 284236.25000000 4306.60984848
59 338592.90625000 5130.19554924
60 9542258.00000000 144579.66666667
61 522566.00000000 7917.66666667
62 135885.06250000 2058.86458333
63 3409830.50000000 51664.09848485
64 203338.71875000 3080.88967803
65 532897.93750000 8074.21117424
66 297174.56250000 4502.64488636
67 415761.78125000 6299.42092803
68 543216.18750000 8230.54829545
69 324248.84375000 4912.86126894
70 254362.15625000 3853.97206439
71 248502.54687500 3765.19010417
72 593681.62500000 8995.17613636
73 141003.09375000 2136.41051136
74 426159.21875000 6456.95785985
75 1099605.00000000 16660.68181818
76 762431.81250000 11551.99715909
77 280283.56250000 4246.72064394
78 1899386.50000000 28778.58333333
79 419952.46875000 6362.91619318
80 859425.93750000 13021.60511364
81 514606.81250000 7797.07291667
82 1225029.37500000 18561.05113636
83 522934.96875000 7923.25710227
84 454883.21875000 6892.16998106
85 967073.25000000 14652.62500000
86 648978.37500000 9833.00568182
87 497728.09375000 7541.33475379
88 438954.50000000 6650.82575758
89 295913.71875000 4483.54119318
90 890867.56250000 13497.99337121
91 509430.15625000 7718.63873106
92 1132273.75000000 17155.66287879
93 557244.81250000 8443.10321970
94 1245936.37500000 18877.82386364
95 630235.81250000 9549.02746212
96 706951.68750000 10711.38920455
97 1009387.25000000 15293.74621212
98 1052653.75000000 15949.29924242
99 2086684.37500000 31616.42992424
100 679718.87500000 10298.77083333
101 541814.31250000 8209.30776515
102 333938.75000000 5059.67803030
103 518802.78125000 7860.64820076
104 530584.87500000 8039.16477273
105 534018.56250000 8091.19034091
106 2620315.50000000 39701.75000000
107 534752.81250000 8102.31534091
