0 -645.05084229 -6.86224300
1 -645.06207275 -6.86236248
2 -645.06860352 -6.86243195
3 -645.07275391 -6.86247611
4 -645.07592773 -6.86250987
5 -645.07873535 -6.86253974
6 -645.08160400 -6.86257026
7 -645.08447266 -6.86260077
8 -645.08703613 -6.86262804
9 -645.08905029 -6.86264947
10 -645.09143066 -6.86267479
11 -645.09313965 -6.86269297
12 -645.09539795 -6.86271700
13 -645.09667969 -6.86273063
14 -645.09906006 -6.86275596
15 -645.10076904 -6.86277414
16 -645.10211182 -6.86278842
17 -645.10382080 -6.86280660
18 -645.10510254 -6.86282024
19 -645.10650635 -6.86283517
20 -645.10742188 -6.86284491
21 -645.10882568 -6.86285985
22 -645.11047363 -6.86287738
23 -645.11187744 -6.86289231
24 -645.11303711 -6.86290465
25 -645.11401367 -6.86291504
26 -645.11596680 -6.86293582
27 -645.11712646 -6.86294815
28 -645.11822510 -6.86295984
29 -645.11853027 -6.86296309
30 -645.12023926 -6.86298127
31 -645.12145996 -6.86299425
32 -645.12255859 -6.86300594
33 -645.12359619 -6.86301698
34 -645.12451172 -6.86302672
35 -645.12518311 -6.86303386
36 -645.12646484 -6.86304750
37 -645.12817383 -6.86306568
38 -645.12890625 -6.86307347
39 -645.13043213 -6.86308970
40 -645.13122559 -6.86309814
41 -645.13183594 -6.86310464
42 -645.13262939 -6.86311308
43 -645.13330078 -6.86312022
44 -645.13409424 -6.86312866
45 -645.13513184 -6.86313970
46 -645.13616943 -6.86315074
47 -645.13708496 -6.86316048
48 -645.13800049 -6.86317022
49 -645.13922119 -6.86318320
50 -645.14050293 -6.86319684
51 -645.14117432 -6.86320398
52 -645.14147949 -6.86320723
53 -645.14184570 -6.86321112
54 -645.14263916 -6.86321957
55 -645.14379883 -6.86323190
56 -645.14398193 -6.86323385
57 -645.14477539 -6.86324229
58 -645.14569092 -6.86325203
59 -645.14569092 -6.86325203
60 -645.14648438 -6.86326047
61 -645.14715576 -6.86326761
62 -645.14752197 -6.86327151
63 -645.14801025 -6.86327670
64 -645.14868164 -6.86328385
65 -645.14929199 -6.86329034
66 -645.14947510 -6.86329229
67 -645.15106201 -6.86330917
68 -645.15118408 -6.86331047
69 -645.15148926 -6.86331372
70 -645.15228271 -6.86332216
71 -645.15319824 -6.86333190
