0 -379.38885498 -6.21948943
1 -379.41522217 -6.21992167
2 -379.43481445 -6.22024286
3 -379.44696045 -6.22044197
4 -379.45623779 -6.22059406
5 -379.46304321 -6.22070563
6 -379.46899414 -6.22080318
7 -379.47351074 -6.22087723
8 -379.47760010 -6.22094426
9 -379.48086548 -6.22099779
10 -379.48419189 -6.22105233
11 -379.48687744 -6.22109635
12 -379.48986816 -6.22114538
13 -379.49264526 -6.22119091
14 -379.49481201 -6.22122643
15 -379.49707031 -6.22126345
16 -379.49865723 -6.22128946
17 -379.50094604 -6.22132698
18 -379.50305176 -6.22136150
19 -379.50469971 -6.22138852
20 -379.50689697 -6.22142454
21 -379.50854492 -6.22145156
22 -379.50994873 -6.22147457
23 -379.51177979 -6.22150459
24 -379.51336670 -6.22153060
25 -379.51489258 -6.22155562
26 -379.51623535 -6.22157763
27 -379.51843262 -6.22161365
28 -379.51989746 -6.22163766
29 -379.52111816 -6.22165767
