0 -698.37054443 -6.71510139
1 -698.37915039 -6.71518414
2 -698.38647461 -6.71525456
3 -698.38928223 -6.71528156
4 -698.39257812 -6.71531325
5 -698.39544678 -6.71534083
6 -698.39624023 -6.71534846
7 -698.39776611 -6.71536314
8 -698.40032959 -6.71538778
9 -698.40142822 -6.71539835
10 -698.40222168 -6.71540598
11 -698.40270996 -6.71541067
12 -698.40393066 -6.71542241
13 -698.40484619 -6.71543121
14 -698.40673828 -6.71544941
15 -698.40710449 -6.71545293
16 -698.40759277 -6.71545762
17 -698.40734863 -6.71545528
18 -698.40808105 -6.71546232
19 -698.40930176 -6.71547406
20 -698.41033936 -6.71548403
21 -698.40948486 -6.71547582
22 -698.41052246 -6.71548579
23 -698.41217041 -6.71550164
24 -698.41174316 -6.71549753
25 -698.41040039 -6.71548462
26 -698.41229248 -6.71550281
27 -698.41198730 -6.71549988
28 -698.41180420 -6.71549812
29 -698.41223145 -6.71550223
30 -698.41247559 -6.71550457
31 -698.41308594 -6.71551044
32 -698.41296387 -6.71550927
33 -698.41442871 -6.71552335
34 -698.41381836 -6.71551748
35 -698.41381836 -6.71551748
36 -698.41381836 -6.71551748
37 -698.41381836 -6.71551748
38 -698.41448975 -6.71552394
39 -698.41351318 -6.71551455
40 -698.41485596 -6.71552746
41 -698.41516113 -6.71553040
42 -698.41491699 -6.71552805
43 -698.41613770 -6.71553979
44 -698.41595459 -6.71553802
45 -698.41632080 -6.71554155
46 -698.41674805 -6.71554565
47 -698.41735840 -6.71555152
48 -698.41625977 -6.71554096
49 -698.41668701 -6.71554507
50 -698.41625977 -6.71554096
51 -698.41662598 -6.71554448
52 -698.41693115 -6.71554741
53 -698.41644287 -6.71554272
54 -698.41674805 -6.71554565
55 -698.41729736 -6.71555094
56 -698.41668701 -6.71554507
57 -698.41656494 -6.71554389
58 -698.41717529 -6.71554976
59 -698.41711426 -6.71554918
60 -698.41717529 -6.71554976
61 -698.41723633 -6.71555035
62 -698.41802979 -6.71555798
63 -698.41711426 -6.71554918
64 -698.41784668 -6.71555622
65 -698.41796875 -6.71555739
66 -698.41735840 -6.71555152
67 -698.41790771 -6.71555680
68 -698.41754150 -6.71555328
69 -698.41687012 -6.71554683
70 -698.41723633 -6.71555035
71 -698.41766357 -6.71555446
72 -698.41754150 -6.71555328
73 -698.41784668 -6.71555622
74 -698.41723633 -6.71555035
75 -698.41857910 -6.71556326
76 -698.41851807 -6.71556267
77 -698.41833496 -6.71556091
78 -698.41833496 -6.71556091
79 -698.41821289 -6.71555974
80 -698.41845703 -6.71556209
81 -698.41809082 -6.71555857
82 -698.41833496 -6.71556091
83 -698.41857910 -6.71556326
84 -698.41894531 -6.71556678
85 -698.41857910 -6.71556326
86 -698.41772461 -6.71555504
87 -698.41815186 -6.71555915
88 -698.41845703 -6.71556209
89 -698.41821289 -6.71555974
90 -698.41845703 -6.71556209
91 -698.41809082 -6.71555857
92 -698.41888428 -6.71556619
93 -698.41888428 -6.71556619
94 -698.41882324 -6.71556561
95 -698.41870117 -6.71556443
96 -698.41900635 -6.71556737
97 -698.41986084 -6.71557558
98 -698.42004395 -6.71557735
99 -698.41992188 -6.71557617
100 -698.42016602 -6.71557852
101 -698.42053223 -6.71558204
102 -698.42041016 -6.71558087
103 -698.41986084 -6.71557558
104 -698.41973877 -6.71557441
105 -698.41998291 -6.71557676
106 -698.42089844 -6.71558556
107 -698.42028809 -6.71557969
108 -698.42041016 -6.71558087
109 -698.42047119 -6.71558145
110 -698.42010498 -6.71557793
111 -698.42047119 -6.71558145
112 -698.42016602 -6.71557852
113 -698.42016602 -6.71557852
114 -698.41955566 -6.71557265
115 -698.41918945 -6.71556913
116 -698.41918945 -6.71556913
117 -698.41943359 -6.71557148
118 -698.42016602 -6.71557852
119 -698.42028809 -6.71557969
120 -698.42120361 -6.71558850
121 -698.42047119 -6.71558145
122 -698.42077637 -6.71558439
123 -698.42065430 -6.71558321
124 -698.42089844 -6.71558556
125 -698.42053223 -6.71558204
126 -698.42034912 -6.71558028
127 -698.42010498 -6.71557793
128 -698.42065430 -6.71558321
129 -698.42077637 -6.71558439
130 -698.42077637 -6.71558439
131 -698.42053223 -6.71558204
132 -698.42065430 -6.71558321
133 -698.42114258 -6.71558791
134 -698.42114258 -6.71558791
135 -698.42077637 -6.71558439
136 -698.42156982 -6.71559202
137 -698.42053223 -6.71558204
138 -698.42089844 -6.71558556
139 -698.42144775 -6.71559084
140 -698.42144775 -6.71559084
141 -698.42095947 -6.71558615
142 -698.42138672 -6.71559026
143 -698.42114258 -6.71558791
144 -698.42138672 -6.71559026
145 -698.42047119 -6.71558145
146 -698.42138672 -6.71559026
147 -698.42108154 -6.71558732
148 -698.42114258 -6.71558791
149 -698.42138672 -6.71559026
150 -698.42150879 -6.71559143
151 -698.42053223 -6.71558204
152 -698.42138672 -6.71559026
153 -698.42169189 -6.71559319
154 -698.42181396 -6.71559437
155 -698.42187500 -6.71559495
156 -698.42144775 -6.71559084
157 -698.42138672 -6.71559026
158 -698.42126465 -6.71558908
159 -698.42102051 -6.71558674
160 -698.42108154 -6.71558732
161 -698.42077637 -6.71558439
162 -698.42102051 -6.71558674
163 -698.42114258 -6.71558791
164 -698.42102051 -6.71558674
165 -698.42065430 -6.71558321
166 -698.42102051 -6.71558674
167 -698.42114258 -6.71558791
168 -698.42132568 -6.71558967
169 -698.42132568 -6.71558967
170 -698.42175293 -6.71559378
171 -698.42248535 -6.71560082
172 -698.42144775 -6.71559084
173 -698.42272949 -6.71560317
174 -698.42291260 -6.71560493
175 -698.42358398 -6.71561138
176 -698.42236328 -6.71559965
177 -698.42309570 -6.71560669
178 -698.42181396 -6.71559437
179 -698.42224121 -6.71559847
180 -698.42163086 -6.71559260
181 -698.42218018 -6.71559789
182 -698.42230225 -6.71559906
183 -698.42248535 -6.71560082
184 -698.42272949 -6.71560317
185 -698.42163086 -6.71559260
186 -698.42163086 -6.71559260
187 -698.42156982 -6.71559202
188 -698.42181396 -6.71559437
189 -698.42041016 -6.71558087
190 -698.42041016 -6.71558087
191 -698.42053223 -6.71558204
192 -698.42077637 -6.71558439
193 -698.42010498 -6.71557793
194 -698.42047119 -6.71558145
195 -698.41931152 -6.71557030
196 -698.42004395 -6.71557735
197 -698.42016602 -6.71557852
198 -698.42010498 -6.71557793
199 -698.41906738 -6.71556796
200 -698.42053223 -6.71558204
201 -698.41973877 -6.71557441
202 -698.41833496 -6.71556091
203 -698.41821289 -6.71555974
204 -698.41857910 -6.71556326
205 -698.41833496 -6.71556091
206 -698.41827393 -6.71556033
207 -698.41784668 -6.71555622
208 -698.41839600 -6.71556150
209 -698.41693115 -6.71554741
210 -698.41796875 -6.71555739
211 -698.41766357 -6.71555446
212 -698.41790771 -6.71555680
213 -698.41827393 -6.71556033
214 -698.41699219 -6.71554800
215 -698.41772461 -6.71555504
216 -698.41772461 -6.71555504
217 -698.41784668 -6.71555622
218 -698.41760254 -6.71555387
219 -698.41748047 -6.71555270
220 -698.41735840 -6.71555152
221 -698.41662598 -6.71554448
222 -698.41851807 -6.71556267
223 -698.41809082 -6.71555857
224 -698.41845703 -6.71556209
225 -698.41857910 -6.71556326
226 -698.41857910 -6.71556326
227 -698.41821289 -6.71555974
228 -698.41754150 -6.71555328
229 -698.41833496 -6.71556091
230 -698.41711426 -6.71554918
231 -698.41809082 -6.71555857
232 -698.41699219 -6.71554800
233 -698.41796875 -6.71555739
234 -698.41815186 -6.71555915
235 -698.41833496 -6.71556091
236 -698.41851807 -6.71556267
237 -698.41778564 -6.71555563
238 -698.41784668 -6.71555622
239 -698.41687012 -6.71554683
240 -698.41766357 -6.71555446
241 -698.41693115 -6.71554741
242 -698.41821289 -6.71555974
243 -698.41809082 -6.71555857
244 -698.41699219 -6.71554800
245 -698.41754150 -6.71555328
246 -698.41809082 -6.71555857
247 -698.41833496 -6.71556091
248 -698.41821289 -6.71555974
249 -698.41845703 -6.71556209
250 -698.41796875 -6.71555739
251 -698.41906738 -6.71556796
252 -698.41827393 -6.71556033
253 -698.41894531 -6.71556678
254 -698.41760254 -6.71555387
255 -698.41625977 -6.71554096
256 -698.41717529 -6.71554976
257 -698.41693115 -6.71554741
258 -698.41674805 -6.71554565
259 -698.41723633 -6.71555035
260 -698.41693115 -6.71554741
261 -698.41687012 -6.71554683
262 -698.41748047 -6.71555270
263 -698.41839600 -6.71556150
264 -698.41845703 -6.71556209
265 -698.41815186 -6.71555915
266 -698.41894531 -6.71556678
267 -698.41870117 -6.71556443
268 -698.41845703 -6.71556209
269 -698.41955566 -6.71557265
270 -698.41857910 -6.71556326
271 -698.41857910 -6.71556326
272 -698.41870117 -6.71556443
273 -698.41827393 -6.71556033
274 -698.41723633 -6.71555035
275 -698.41845703 -6.71556209
276 -698.41748047 -6.71555270
277 -698.41882324 -6.71556561
278 -698.41784668 -6.71555622
279 -698.41857910 -6.71556326
280 -698.41796875 -6.71555739
281 -698.41687012 -6.71554683
282 -698.41784668 -6.71555622
283 -698.41754150 -6.71555328
284 -698.41705322 -6.71554859
285 -698.41760254 -6.71555387
286 -698.41833496 -6.71556091
287 -698.41821289 -6.71555974
288 -698.41705322 -6.71554859
289 -698.41723633 -6.71555035
290 -698.41735840 -6.71555152
291 -698.41711426 -6.71554918
292 -698.41711426 -6.71554918
293 -698.41760254 -6.71555387
294 -698.41796875 -6.71555739
295 -698.41894531 -6.71556678
296 -698.41979980 -6.71557500
297 -698.41949463 -6.71557206
298 -698.41937256 -6.71557089
299 -698.41894531 -6.71556678
300 -698.41912842 -6.71556854
301 -698.41888428 -6.71556619
302 -698.41845703 -6.71556209
303 -698.41821289 -6.71555974
304 -698.41857910 -6.71556326
305 -698.41809082 -6.71555857
306 -698.41943359 -6.71557148
307 -698.41918945 -6.71556913
308 -698.41955566 -6.71557265
309 -698.42034912 -6.71558028
310 -698.41967773 -6.71557382
311 -698.41955566 -6.71557265
312 -698.41894531 -6.71556678
313 -698.41857910 -6.71556326
314 -698.41857910 -6.71556326
315 -698.41796875 -6.71555739
316 -698.41851807 -6.71556267
317 -698.41784668 -6.71555622
318 -698.41723633 -6.71555035
319 -698.41711426 -6.71554918
320 -698.41802979 -6.71555798
321 -698.41882324 -6.71556561
322 -698.41876221 -6.71556502
323 -698.41882324 -6.71556561
324 -698.41955566 -6.71557265
325 -698.41925049 -6.71556972
326 -698.41955566 -6.71557265
327 -698.41870117 -6.71556443
328 -698.41839600 -6.71556150
329 -698.41894531 -6.71556678
330 -698.41882324 -6.71556561
331 -698.41821289 -6.71555974
332 -698.41931152 -6.71557030
333 -698.41955566 -6.71557265
334 -698.41925049 -6.71556972
335 -698.41973877 -6.71557441
336 -698.42041016 -6.71558087
337 -698.41973877 -6.71557441
338 -698.42065430 -6.71558321
339 -698.42004395 -6.71557735
340 -698.41986084 -6.71557558
341 -698.42016602 -6.71557852
342 -698.41918945 -6.71556913
343 -698.42004395 -6.71557735
344 -698.41986084 -6.71557558
345 -698.42047119 -6.71558145
346 -698.42120361 -6.71558850
347 -698.42102051 -6.71558674
348 -698.42126465 -6.71558908
349 -698.42156982 -6.71559202
350 -698.42077637 -6.71558439
351 -698.42126465 -6.71558908
352 -698.42102051 -6.71558674
353 -698.42156982 -6.71559202
354 -698.42163086 -6.71559260
355 -698.42138672 -6.71559026
356 -698.42236328 -6.71559965
357 -698.42175293 -6.71559378
358 -698.42199707 -6.71559613
359 -698.42224121 -6.71559847
360 -698.42120361 -6.71558850
361 -698.42132568 -6.71558967
362 -698.42224121 -6.71559847
363 -698.42248535 -6.71560082
364 -698.42199707 -6.71559613
365 -698.42163086 -6.71559260
366 -698.42163086 -6.71559260
367 -698.42230225 -6.71559906
368 -698.42169189 -6.71559319
369 -698.42236328 -6.71559965
370 -698.42187500 -6.71559495
371 -698.42272949 -6.71560317
372 -698.42254639 -6.71560141
373 -698.42358398 -6.71561138
374 -698.42248535 -6.71560082
375 -698.42297363 -6.71560552
376 -698.42266846 -6.71560258
377 -698.42175293 -6.71559378
378 -698.42358398 -6.71561138
379 -698.42236328 -6.71559965
380 -698.42291260 -6.71560493
381 -698.42266846 -6.71560258
382 -698.42205811 -6.71559671
383 -698.42272949 -6.71560317
384 -698.42291260 -6.71560493
385 -698.42352295 -6.71561080
386 -698.42407227 -6.71561608
387 -698.42358398 -6.71561138
388 -698.42297363 -6.71560552
389 -698.42242432 -6.71560023
390 -698.42260742 -6.71560199
391 -698.42309570 -6.71560669
392 -698.42309570 -6.71560669
393 -698.42260742 -6.71560199
394 -698.42272949 -6.71560317
395 -698.42285156 -6.71560434
396 -698.42327881 -6.71560845
397 -698.42248535 -6.71560082
398 -698.42248535 -6.71560082
399 -698.42211914 -6.71559730
400 -698.42260742 -6.71560199
401 -698.42224121 -6.71559847
402 -698.42272949 -6.71560317
403 -698.42321777 -6.71560786
404 -698.42272949 -6.71560317
405 -698.42272949 -6.71560317
406 -698.42236328 -6.71559965
407 -698.42285156 -6.71560434
408 -698.42315674 -6.71560728
409 -698.42126465 -6.71558908
410 -698.42211914 -6.71559730
411 -698.42260742 -6.71560199
412 -698.42205811 -6.71559671
413 -698.42236328 -6.71559965
414 -698.42321777 -6.71560786
415 -698.42260742 -6.71560199
416 -698.42150879 -6.71559143
417 -698.42260742 -6.71560199
418 -698.42236328 -6.71559965
419 -698.42272949 -6.71560317
420 -698.42230225 -6.71559906
421 -698.42138672 -6.71559026
422 -698.42199707 -6.71559613
423 -698.42144775 -6.71559084
424 -698.42205811 -6.71559671
425 -698.42126465 -6.71558908
426 -698.42163086 -6.71559260
427 -698.42144775 -6.71559084
428 -698.42156982 -6.71559202
429 -698.42193604 -6.71559554
430 -698.42041016 -6.71558087
431 -698.42108154 -6.71558732
432 -698.42028809 -6.71557969
433 -698.41998291 -6.71557676
434 -698.42041016 -6.71558087
435 -698.41967773 -6.71557382
436 -698.42053223 -6.71558204
437 -698.42004395 -6.71557735
438 -698.41918945 -6.71556913
439 -698.41918945 -6.71556913
440 -698.41876221 -6.71556502
441 -698.41925049 -6.71556972
442 -698.41961670 -6.71557324
443 -698.42041016 -6.71558087
444 -698.41906738 -6.71556796
445 -698.42028809 -6.71557969
446 -698.41931152 -6.71557030
447 -698.41967773 -6.71557382
448 -698.42016602 -6.71557852
449 -698.41912842 -6.71556854
450 -698.41918945 -6.71556913
451 -698.41882324 -6.71556561
452 -698.41888428 -6.71556619
453 -698.41815186 -6.71555915
454 -698.41613770 -6.71553979
455 -698.41711426 -6.71554918
456 -698.41784668 -6.71555622
457 -698.41870117 -6.71556443
458 -698.41906738 -6.71556796
459 -698.41821289 -6.71555974
460 -698.41729736 -6.71555094
461 -698.41809082 -6.71555857
462 -698.41888428 -6.71556619
463 -698.41857910 -6.71556326
464 -698.41778564 -6.71555563
465 -698.41766357 -6.71555446
466 -698.41699219 -6.71554800
467 -698.41650391 -6.71554331
468 -698.41778564 -6.71555563
469 -698.41735840 -6.71555152
470 -698.41699219 -6.71554800
471 -698.41870117 -6.71556443
472 -698.41778564 -6.71555563
473 -698.41882324 -6.71556561
474 -698.41827393 -6.71556033
475 -698.41833496 -6.71556091
476 -698.41943359 -6.71557148
477 -698.41790771 -6.71555680
478 -698.41815186 -6.71555915
479 -698.41674805 -6.71554565
480 -698.41815186 -6.71555915
481 -698.41735840 -6.71555152
482 -698.41876221 -6.71556502
483 -698.41906738 -6.71556796
484 -698.41894531 -6.71556678
485 -698.41802979 -6.71555798
486 -698.41943359 -6.71557148
487 -698.41894531 -6.71556678
488 -698.41851807 -6.71556267
489 -698.41876221 -6.71556502
490 -698.41931152 -6.71557030
491 -698.42016602 -6.71557852
492 -698.41955566 -6.71557265
493 -698.42016602 -6.71557852
494 -698.42083740 -6.71558498
495 -698.42053223 -6.71558204
496 -698.41912842 -6.71556854
497 -698.42065430 -6.71558321
498 -698.42089844 -6.71558556
499 -698.42114258 -6.71558791
500 -698.42126465 -6.71558908
501 -698.42150879 -6.71559143
502 -698.42163086 -6.71559260
503 -698.42047119 -6.71558145
504 -698.42126465 -6.71558908
505 -698.42163086 -6.71559260
506 -698.41973877 -6.71557441
507 -698.42150879 -6.71559143
508 -698.42010498 -6.71557793
509 -698.42047119 -6.71558145
510 -698.42199707 -6.71559613
511 -698.42114258 -6.71558791
512 -698.42077637 -6.71558439
513 -698.42120361 -6.71558850
514 -698.42156982 -6.71559202
515 -698.42187500 -6.71559495
516 -698.42169189 -6.71559319
517 -698.42211914 -6.71559730
518 -698.42156982 -6.71559202
519 -698.42236328 -6.71559965
520 -698.42242432 -6.71560023
521 -698.42156982 -6.71559202
522 -698.42236328 -6.71559965
523 -698.42138672 -6.71559026
524 -698.42095947 -6.71558615
525 -698.42028809 -6.71557969
526 -698.41955566 -6.71557265
527 -698.42138672 -6.71559026
528 -698.42169189 -6.71559319
529 -698.42083740 -6.71558498
530 -698.42059326 -6.71558263
531 -698.42236328 -6.71559965
532 -698.42163086 -6.71559260
533 -698.42138672 -6.71559026
534 -698.42144775 -6.71559084
535 -698.42047119 -6.71558145
536 -698.42010498 -6.71557793
537 -698.41925049 -6.71556972
538 -698.42004395 -6.71557735
539 -698.41870117 -6.71556443
540 -698.41998291 -6.71557676
541 -698.41857910 -6.71556326
542 -698.41870117 -6.71556443
543 -698.41979980 -6.71557500
544 -698.41943359 -6.71557148
545 -698.41992188 -6.71557617
546 -698.41955566 -6.71557265
547 -698.41992188 -6.71557617
548 -698.41986084 -6.71557558
549 -698.42016602 -6.71557852
550 -698.42047119 -6.71558145
551 -698.42028809 -6.71557969
552 -698.42041016 -6.71558087
553 -698.41979980 -6.71557500
554 -698.41979980 -6.71557500
555 -698.42089844 -6.71558556
556 -698.41900635 -6.71556737
557 -698.42065430 -6.71558321
558 -698.42138672 -6.71559026
559 -698.42089844 -6.71558556
560 -698.41992188 -6.71557617
561 -698.42089844 -6.71558556
562 -698.42199707 -6.71559613
563 -698.42126465 -6.71558908
564 -698.42138672 -6.71559026
565 -698.42089844 -6.71558556
566 -698.42071533 -6.71558380
567 -698.42065430 -6.71558321
568 -698.42102051 -6.71558674
569 -698.42041016 -6.71558087
570 -698.42065430 -6.71558321
571 -698.42102051 -6.71558674
572 -698.42102051 -6.71558674
573 -698.42199707 -6.71559613
574 -698.42181396 -6.71559437
575 -698.42016602 -6.71557852
576 -698.42034912 -6.71558028
577 -698.42047119 -6.71558145
578 -698.42102051 -6.71558674
579 -698.42089844 -6.71558556
580 -698.42059326 -6.71558263
581 -698.42126465 -6.71558908
582 -698.42163086 -6.71559260
583 -698.42187500 -6.71559495
584 -698.42108154 -6.71558732
585 -698.42004395 -6.71557735
586 -698.42169189 -6.71559319
587 -698.42163086 -6.71559260
588 -698.42065430 -6.71558321
589 -698.42028809 -6.71557969
590 -698.41992188 -6.71557617
591 -698.42016602 -6.71557852
592 -698.42071533 -6.71558380
593 -698.42028809 -6.71557969
594 -698.42041016 -6.71558087
595 -698.41979980 -6.71557500
596 -698.42004395 -6.71557735
597 -698.41851807 -6.71556267
598 -698.41845703 -6.71556209
599 -698.41857910 -6.71556326
600 -698.41870117 -6.71556443
601 -698.41986084 -6.71557558
602 -698.41992188 -6.71557617
603 -698.41882324 -6.71556561
604 -698.41894531 -6.71556678
605 -698.41943359 -6.71557148
606 -698.41955566 -6.71557265
607 -698.41992188 -6.71557617
608 -698.42016602 -6.71557852
609 -698.41876221 -6.71556502
610 -698.41931152 -6.71557030
611 -698.41931152 -6.71557030
612 -698.41937256 -6.71557089
613 -698.41839600 -6.71556150
614 -698.41918945 -6.71556913
615 -698.41906738 -6.71556796
616 -698.41882324 -6.71556561
617 -698.41870117 -6.71556443
618 -698.41888428 -6.71556619
619 -698.41900635 -6.71556737
620 -698.41876221 -6.71556502
621 -698.41882324 -6.71556561
622 -698.42059326 -6.71558263
623 -698.41992188 -6.71557617
624 -698.42010498 -6.71557793
625 -698.41845703 -6.71556209
626 -698.41979980 -6.71557500
627 -698.41796875 -6.71555739
628 -698.41772461 -6.71555504
629 -698.41796875 -6.71555739
630 -698.41857910 -6.71556326
631 -698.41821289 -6.71555974
632 -698.41729736 -6.71555094
633 -698.41833496 -6.71556091
634 -698.41687012 -6.71554683
635 -698.41687012 -6.71554683
636 -698.41857910 -6.71556326
637 -698.41784668 -6.71555622
638 -698.41796875 -6.71555739
639 -698.41796875 -6.71555739
640 -698.41748047 -6.71555270
641 -698.41650391 -6.71554331
642 -698.41687012 -6.71554683
643 -698.41711426 -6.71554918
644 -698.41741943 -6.71555211
645 -698.41723633 -6.71555035
646 -698.41723633 -6.71555035
647 -698.41711426 -6.71554918
