0 -611.44653320 -6.79385037
1 -611.44006348 -6.79377848
2 -611.43041992 -6.79367133
3 -611.42224121 -6.79358046
4 -611.40686035 -6.79340956
5 -611.39965820 -6.79332954
6 -611.37915039 -6.79310167
7 -611.36431885 -6.79293688
8 -611.34716797 -6.79274631
9 -611.32861328 -6.79254015
10 -611.31091309 -6.79234348
11 -611.27697754 -6.79196642
12 -611.25549316 -6.79172770
13 -611.23461914 -6.79149577
14 -611.22808838 -6.79142320
15 -611.20678711 -6.79118652
16 -611.19482422 -6.79105360
17 -611.20086670 -6.79112074
18 -611.18432617 -6.79093696
19 -611.17242432 -6.79080471
20 -611.13043213 -6.79033813
21 -611.11676025 -6.79018623
22 -611.10913086 -6.79010145
23 -611.09484863 -6.78994276
24 -611.06433105 -6.78960368
25 -611.01361084 -6.78904012
26 -611.00262451 -6.78891805
27 -610.96075439 -6.78845283
28 -610.92724609 -6.78808051
29 -610.93524170 -6.78816935
30 -610.90905762 -6.78787842
31 -610.87219238 -6.78746880
32 -610.83691406 -6.78707682
33 -610.78002930 -6.78644477
34 -610.76049805 -6.78622776
35 -610.75665283 -6.78618503
36 -610.72949219 -6.78588325
37 -610.70727539 -6.78563639
38 -610.66125488 -6.78512505
39 -610.61376953 -6.78459744
40 -610.57824707 -6.78420275
41 -610.54064941 -6.78378499
42 -610.54351807 -6.78381687
43 -610.53039551 -6.78367106
44 -610.49291992 -6.78325467
45 -610.43774414 -6.78264160
46 -610.43103027 -6.78256700
47 -610.38562012 -6.78206245
48 -610.35107422 -6.78167860
49 -610.33923340 -6.78154704
50 -610.30432129 -6.78115913
51 -610.26220703 -6.78069119
52 -610.25720215 -6.78063558
53 -610.22534180 -6.78028158
54 -610.19757080 -6.77997301
55 -610.11584473 -6.77906494
56 -610.05725098 -6.77841390
57 -610.02618408 -6.77806871
58 -609.99218750 -6.77769097
59 -609.91882324 -6.77687581
60 -609.89654541 -6.77662828
61 -609.86547852 -6.77628309
62 -609.81555176 -6.77572835
63 -609.78723145 -6.77541368
64 -609.72955322 -6.77477281
65 -609.66174316 -6.77401937
66 -609.59069824 -6.77322998
67 -609.53771973 -6.77264133
68 -609.48205566 -6.77202284
69 -609.46002197 -6.77177802
70 -609.40405273 -6.77115614
71 -609.33374023 -6.77037489
72 -609.23913574 -6.76932373
73 -609.12805176 -6.76808946
74 -609.09179688 -6.76768663
75 -609.07067871 -6.76745199
76 -608.99475098 -6.76660834
77 -608.98437500 -6.76649306
78 -608.95507812 -6.76616753
79 -608.91760254 -6.76575114
80 -608.94946289 -6.76610514
81 -608.92395020 -6.76582167
82 -608.84741211 -6.76497125
83 -608.77526855 -6.76416965
84 -608.68261719 -6.76314019
85 -608.69055176 -6.76322835
86 -608.61267090 -6.76236301
87 -608.55114746 -6.76167942
88 -608.53961182 -6.76155124
89 -608.47711182 -6.76085680
90 -608.45275879 -6.76058621
91 -608.35150146 -6.75946113
92 -608.32775879 -6.75919732
93 -608.25964355 -6.75844048
94 -608.14624023 -6.75718045
95 -608.12915039 -6.75699056
96 -607.98767090 -6.75541857
97 -607.92498779 -6.75472209
98 -607.86730957 -6.75408122
99 -607.77343750 -6.75303819
100 -607.67370605 -6.75193007
101 -607.62231445 -6.75135905
102 -607.52648926 -6.75029433
103 -607.42651367 -6.74918349
104 -607.35699463 -6.74841105
105 -607.23266602 -6.74702962
106 -607.19201660 -6.74657796
107 -607.01220703 -6.74458008
108 -606.92999268 -6.74366659
109 -606.83459473 -6.74260661
110 -606.73803711 -6.74153375
111 -606.66363525 -6.74070706
112 -606.56933594 -6.73965929
113 -606.37731934 -6.73752577
114 -606.25170898 -6.73613010
115 -606.22088623 -6.73578762
116 -606.13226318 -6.73480292
117 -606.07574463 -6.73417494
118 -605.98718262 -6.73319092
119 -605.88549805 -6.73206109
120 -605.85217285 -6.73169081
121 -605.74511719 -6.73050130
122 -605.58666992 -6.72874078
123 -605.42932129 -6.72699246
124 -605.30749512 -6.72563883
125 -605.09619141 -6.72329102
126 -605.01513672 -6.72239041
127 -604.95074463 -6.72167494
128 -604.77185059 -6.71968723
129 -604.71936035 -6.71910400
130 -604.59497070 -6.71772190
131 -604.49719238 -6.71663547
132 -604.32470703 -6.71471897
133 -604.20526123 -6.71339179
134 -604.24975586 -6.71388618
135 -604.19604492 -6.71328939
136 -604.03344727 -6.71148275
137 -603.86602783 -6.70962253
138 -603.82244873 -6.70913832
139 -603.64141846 -6.70712687
140 -603.58044434 -6.70644938
141 -603.30755615 -6.70341729
142 -603.11395264 -6.70126614
143 -602.96606445 -6.69962294
144 -602.70068359 -6.69667426
145 -602.59332275 -6.69548136
146 -602.38415527 -6.69315728
147 -602.34014893 -6.69266832
148 -602.21221924 -6.69124688
149 -602.15295410 -6.69058838
150 -602.03631592 -6.68929240
151 -601.81115723 -6.68679064
152 -601.70550537 -6.68561673
153 -601.55529785 -6.68394775
154 -601.41705322 -6.68241170
155 -601.29357910 -6.68103977
156 -601.13934326 -6.67932604
157 -601.06860352 -6.67854004
158 -600.91339111 -6.67681546
159 -600.74023438 -6.67489149
160 -600.59838867 -6.67331543
161 -600.42443848 -6.67138265
162 -600.17828369 -6.66864760
163 -599.89367676 -6.66548530
164 -599.69207764 -6.66324531
165 -599.58117676 -6.66201308
166 -599.49353027 -6.66103923
167 -599.31268311 -6.65902981
168 -599.09338379 -6.65659315
169 -599.03680420 -6.65596449
170 -598.95410156 -6.65504557
171 -598.91357422 -6.65459527
172 -598.65069580 -6.65167440
173 -598.39733887 -6.64885932
174 -598.06176758 -6.64513075
175 -597.93176270 -6.64368625
176 -597.89819336 -6.64331326
177 -597.82427979 -6.64249200
178 -597.59973145 -6.63999702
179 -597.50988770 -6.63899875
180 -597.32092285 -6.63689914
181 -597.30645752 -6.63673842
182 -597.13403320 -6.63482259
183 -596.83483887 -6.63149821
184 -596.65594482 -6.62951050
185 -596.31347656 -6.62570530
186 -595.87451172 -6.62082791
187 -595.82055664 -6.62022841
188 -595.61791992 -6.61797689
189 -595.41601562 -6.61573351
190 -595.07446289 -6.61193848
191 -594.74371338 -6.60826348
192 -594.37097168 -6.60412191
193 -594.24389648 -6.60270996
194 -594.05419922 -6.60060221
195 -593.63903809 -6.59598931
196 -593.42272949 -6.59358588
197 -593.23937988 -6.59154867
198 -592.90155029 -6.58779500
199 -592.49871826 -6.58331909
200 -592.38610840 -6.58206787
201 -591.99926758 -6.57776964
202 -591.63299561 -6.57369995
203 -591.47119141 -6.57190213
204 -591.06787109 -6.56742079
205 -590.84704590 -6.56496718
206 -590.47436523 -6.56082628
207 -590.34600830 -6.55940009
208 -590.12316895 -6.55692410
209 -589.91418457 -6.55460205
210 -589.64758301 -6.55163981
211 -589.57025146 -6.55078057
212 -589.14819336 -6.54609104
213 -589.05273438 -6.54503038
214 -588.72412109 -6.54137912
215 -588.32495117 -6.53694390
216 -588.05676270 -6.53396403
217 -587.70263672 -6.53002930
218 -587.09613037 -6.52329034
219 -586.97222900 -6.52191366
220 -586.63983154 -6.51822035
221 -586.48596191 -6.51651069
222 -586.45568848 -6.51617432
223 -586.06201172 -6.51180013
224 -585.87988281 -6.50977648
225 -585.39892578 -6.50443251
226 -584.95001221 -6.49944458
227 -584.27404785 -6.49193387
228 -584.07568359 -6.48972982
229 -584.10510254 -6.49005669
230 -583.84277344 -6.48714193
231 -583.31201172 -6.48124457
232 -583.12402344 -6.47915582
233 -582.91430664 -6.47682563
234 -582.36590576 -6.47073229
235 -582.00903320 -6.46676704
236 -581.50189209 -6.46113213
237 -581.26068115 -6.45845201
238 -580.63677979 -6.45151978
239 -580.21545410 -6.44683838
240 -579.71313477 -6.44125705
241 -579.13171387 -6.43479682
242 -578.84802246 -6.43164469
243 -578.36877441 -6.42631972
244 -577.97424316 -6.42193604
245 -577.72277832 -6.41914198
246 -577.61401367 -6.41793349
247 -577.00207520 -6.41113417
248 -576.64978027 -6.40721978
249 -576.31781006 -6.40353122
250 -575.91491699 -6.39905463
251 -575.64813232 -6.39609036
252 -575.10412598 -6.39004584
253 -574.70062256 -6.38556247
254 -574.34863281 -6.38165148
255 -574.11199951 -6.37902222
256 -573.75732422 -6.37508138
257 -573.31005859 -6.37011176
258 -572.99267578 -6.36658529
259 -572.55145264 -6.36168281
260 -572.08874512 -6.35654161
261 -572.01013184 -6.35566813
262 -572.12896729 -6.35698853
263 -571.59960938 -6.35110677
264 -571.26489258 -6.34738770
265 -571.02783203 -6.34475369
266 -570.46130371 -6.33845893
267 -570.03918457 -6.33376872
268 -569.47790527 -6.32753228
269 -568.96276855 -6.32180854
270 -568.67053223 -6.31856147
271 -568.56616211 -6.31740180
272 -568.22180176 -6.31357558
273 -567.44995117 -6.30499946
274 -567.07525635 -6.30083618
275 -566.59735107 -6.29552612
276 -566.02258301 -6.28913981
277 -565.58374023 -6.28426378
278 -565.67352295 -6.28526137
279 -565.41088867 -6.28234321
280 -565.30627441 -6.28118083
281 -564.83746338 -6.27597182
282 -564.53375244 -6.27259725
283 -564.32519531 -6.27027995
284 -564.01245117 -6.26680501
285 -563.86071777 -6.26511909
286 -563.46105957 -6.26067844
287 -563.13073730 -6.25700819
288 -562.63659668 -6.25151774
289 -562.03527832 -6.24483643
290 -562.03100586 -6.24478895
291 -561.49151611 -6.23879462
292 -561.07958984 -6.23421766
293 -560.61676025 -6.22907511
294 -560.18225098 -6.22424723
295 -559.50695801 -6.21674398
296 -558.72058105 -6.20800646
297 -558.21649170 -6.20240546
298 -557.84808350 -6.19831204
299 -557.51751709 -6.19463908
300 -557.09558105 -6.18995090
301 -556.53271484 -6.18369683
302 -556.19689941 -6.17996555
303 -555.77954102 -6.17532823
304 -554.99316406 -6.16659071
305 -554.63269043 -6.16258545
306 -554.17388916 -6.15748766
