0 -562.03002930 -7.39513196
1 -562.03753662 -7.39523075
2 -562.04296875 -7.39530222
3 -562.04498291 -7.39532872
4 -562.04675293 -7.39535201
5 -562.04754639 -7.39536245
6 -562.04913330 -7.39538333
7 -562.05029297 -7.39539859
8 -562.05200195 -7.39542108
9 -562.05218506 -7.39542349
10 -562.05249023 -7.39542750
11 -562.05181885 -7.39541867
12 -562.05236816 -7.39542590
13 -562.05291748 -7.39543312
14 -562.05120850 -7.39541064
15 -562.05358887 -7.39544196
16 -562.05267334 -7.39542991
17 -562.05383301 -7.39544517
18 -562.05261230 -7.39542911
19 -562.05377197 -7.39544437
20 -562.05383301 -7.39544517
21 -562.05389404 -7.39544597
22 -562.05456543 -7.39545481
23 -562.05419922 -7.39544999
24 -562.05358887 -7.39544196
25 -562.05426025 -7.39545079
26 -562.05450439 -7.39545401
27 -562.05249023 -7.39542750
28 -562.05310059 -7.39543553
29 -562.05401611 -7.39544758
30 -562.05249023 -7.39542750
31 -562.05413818 -7.39544919
32 -562.05297852 -7.39543393
33 -562.05395508 -7.39544678
34 -562.05334473 -7.39543875
35 -562.05377197 -7.39544437
36 -562.05297852 -7.39543393
37 -562.05480957 -7.39545802
38 -562.05261230 -7.39542911
39 -562.05297852 -7.39543393
40 -562.05340576 -7.39543955
41 -562.05310059 -7.39543553
42 -562.05517578 -7.39546284
43 -562.05407715 -7.39544838
44 -562.05456543 -7.39545481
45 -562.05432129 -7.39545160
46 -562.05407715 -7.39544838
47 -562.05224609 -7.39542429
48 -562.05285645 -7.39543232
49 -562.05395508 -7.39544678
50 -562.05371094 -7.39544356
51 -562.05407715 -7.39544838
52 -562.05419922 -7.39544999
53 -562.05456543 -7.39545481
54 -562.05529785 -7.39546445
55 -562.05450439 -7.39545401
56 -562.05450439 -7.39545401
57 -562.05499268 -7.39546043
58 -562.05474854 -7.39545722
59 -562.05444336 -7.39545320
60 -562.05548096 -7.39546685
61 -562.05450439 -7.39545401
62 -562.05511475 -7.39546204
63 -562.05554199 -7.39546766
64 -562.05401611 -7.39544758
65 -562.05523682 -7.39546364
66 -562.05596924 -7.39547328
67 -562.05517578 -7.39546284
68 -562.05560303 -7.39546846
69 -562.05462646 -7.39545561
70 -562.05535889 -7.39546525
71 -562.05566406 -7.39546926
72 -562.05480957 -7.39545802
73 -562.05462646 -7.39545561
74 -562.05419922 -7.39544999
75 -562.05395508 -7.39544678
76 -562.05450439 -7.39545401
77 -562.05450439 -7.39545401
78 -562.05511475 -7.39546204
79 -562.05499268 -7.39546043
80 -562.05590820 -7.39547248
81 -562.05615234 -7.39547569
82 -562.05554199 -7.39546766
83 -562.05596924 -7.39547328
84 -562.05627441 -7.39547729
85 -562.05725098 -7.39549014
86 -562.05731201 -7.39549095
87 -562.05700684 -7.39548693
88 -562.05651855 -7.39548051
89 -562.05700684 -7.39548693
90 -562.05706787 -7.39548774
91 -562.05590820 -7.39547248
92 -562.05737305 -7.39549175
93 -562.05761719 -7.39549496
94 -562.05712891 -7.39548854
95 -562.05725098 -7.39549014
96 -562.05676270 -7.39548372
97 -562.05633545 -7.39547810
98 -562.05718994 -7.39548934
99 -562.05560303 -7.39546846
100 -562.05633545 -7.39547810
101 -562.05639648 -7.39547890
102 -562.05773926 -7.39549657
103 -562.05755615 -7.39549416
104 -562.05786133 -7.39549818
105 -562.05657959 -7.39548131
106 -562.05767822 -7.39549577
107 -562.05725098 -7.39549014
108 -562.05712891 -7.39548854
109 -562.05694580 -7.39548613
110 -562.05761719 -7.39549496
111 -562.05572510 -7.39547007
112 -562.05664062 -7.39548211
113 -562.05651855 -7.39548051
114 -562.05786133 -7.39549818
115 -562.05718994 -7.39548934
116 -562.05786133 -7.39549818
117 -562.05718994 -7.39548934
118 -562.05584717 -7.39547167
119 -562.05706787 -7.39548774
120 -562.05725098 -7.39549014
121 -562.05517578 -7.39546284
122 -562.05621338 -7.39547649
123 -562.05639648 -7.39547890
124 -562.05700684 -7.39548693
125 -562.05780029 -7.39549737
126 -562.05718994 -7.39548934
127 -562.05682373 -7.39548452
128 -562.05627441 -7.39547729
129 -562.05670166 -7.39548292
130 -562.05615234 -7.39547569
131 -562.05688477 -7.39548533
132 -562.05639648 -7.39547890
133 -562.05633545 -7.39547810
134 -562.05657959 -7.39548131
135 -562.05682373 -7.39548452
136 -562.05615234 -7.39547569
137 -562.05694580 -7.39548613
138 -562.05645752 -7.39547970
139 -562.05712891 -7.39548854
140 -562.05639648 -7.39547890
141 -562.05743408 -7.39549255
142 -562.05773926 -7.39549657
143 -562.05572510 -7.39547007
144 -562.05798340 -7.39549978
145 -562.05725098 -7.39549014
146 -562.05718994 -7.39548934
147 -562.05731201 -7.39549095
148 -562.05694580 -7.39548613
149 -562.05676270 -7.39548372
150 -562.05688477 -7.39548533
151 -562.05578613 -7.39547087
152 -562.05700684 -7.39548693
153 -562.05603027 -7.39547408
154 -562.05603027 -7.39547408
155 -562.05645752 -7.39547970
156 -562.05590820 -7.39547248
157 -562.05688477 -7.39548533
158 -562.05694580 -7.39548613
159 -562.05737305 -7.39549175
160 -562.05590820 -7.39547248
161 -562.05560303 -7.39546846
162 -562.05670166 -7.39548292
163 -562.05480957 -7.39545802
164 -562.05541992 -7.39546605
165 -562.05566406 -7.39546926
166 -562.05535889 -7.39546525
167 -562.05596924 -7.39547328
168 -562.05517578 -7.39546284
169 -562.05548096 -7.39546685
170 -562.05511475 -7.39546204
171 -562.05493164 -7.39545963
172 -562.05487061 -7.39545882
173 -562.05499268 -7.39546043
174 -562.05468750 -7.39545641
175 -562.05462646 -7.39545561
176 -562.05487061 -7.39545882
177 -562.05499268 -7.39546043
178 -562.05517578 -7.39546284
179 -562.05426025 -7.39545079
180 -562.05505371 -7.39546123
181 -562.05578613 -7.39547087
182 -562.05548096 -7.39546685
183 -562.05505371 -7.39546123
184 -562.05426025 -7.39545079
185 -562.05566406 -7.39546926
186 -562.05621338 -7.39547649
187 -562.05487061 -7.39545882
188 -562.05688477 -7.39548533
189 -562.05627441 -7.39547729
190 -562.05664062 -7.39548211
191 -562.05554199 -7.39546766
192 -562.05603027 -7.39547408
193 -562.05688477 -7.39548533
194 -562.05688477 -7.39548533
195 -562.05651855 -7.39548051
196 -562.05664062 -7.39548211
197 -562.05664062 -7.39548211
198 -562.05670166 -7.39548292
199 -562.05651855 -7.39548051
200 -562.05615234 -7.39547569
201 -562.05456543 -7.39545481
202 -562.05621338 -7.39547649
203 -562.05651855 -7.39548051
204 -562.05615234 -7.39547569
205 -562.05633545 -7.39547810
206 -562.05493164 -7.39545963
207 -562.05554199 -7.39546766
208 -562.05560303 -7.39546846
209 -562.05566406 -7.39546926
210 -562.05474854 -7.39545722
211 -562.05572510 -7.39547007
212 -562.05596924 -7.39547328
213 -562.05499268 -7.39546043
214 -562.05590820 -7.39547248
215 -562.05560303 -7.39546846
216 -562.05505371 -7.39546123
217 -562.05584717 -7.39547167
218 -562.05480957 -7.39545802
219 -562.05468750 -7.39545641
220 -562.05371094 -7.39544356
221 -562.05468750 -7.39545641
222 -562.05450439 -7.39545401
223 -562.05511475 -7.39546204
224 -562.05432129 -7.39545160
225 -562.05438232 -7.39545240
226 -562.05480957 -7.39545802
227 -562.05401611 -7.39544758
228 -562.05371094 -7.39544356
229 -562.05499268 -7.39546043
230 -562.05560303 -7.39546846
231 -562.05560303 -7.39546846
232 -562.05358887 -7.39544196
233 -562.05505371 -7.39546123
234 -562.05322266 -7.39543714
235 -562.05334473 -7.39543875
236 -562.05493164 -7.39545963
237 -562.05468750 -7.39545641
238 -562.05468750 -7.39545641
239 -562.05493164 -7.39545963
240 -562.05401611 -7.39544758
241 -562.05444336 -7.39545320
242 -562.05371094 -7.39544356
243 -562.05389404 -7.39544597
244 -562.05340576 -7.39543955
245 -562.05383301 -7.39544517
246 -562.05352783 -7.39544116
247 -562.05322266 -7.39543714
248 -562.05267334 -7.39542991
249 -562.05334473 -7.39543875
250 -562.05334473 -7.39543875
251 -562.05297852 -7.39543393
252 -562.05419922 -7.39544999
253 -562.05358887 -7.39544196
254 -562.05462646 -7.39545561
255 -562.05358887 -7.39544196
256 -562.05419922 -7.39544999
257 -562.05419922 -7.39544999
258 -562.05371094 -7.39544356
259 -562.05438232 -7.39545240
260 -562.05432129 -7.39545160
261 -562.05279541 -7.39543152
262 -562.05310059 -7.39543553
263 -562.05377197 -7.39544437
264 -562.05371094 -7.39544356
265 -562.05358887 -7.39544196
266 -562.05334473 -7.39543875
267 -562.05303955 -7.39543473
268 -562.05444336 -7.39545320
269 -562.05358887 -7.39544196
270 -562.05474854 -7.39545722
271 -562.05346680 -7.39544035
272 -562.05334473 -7.39543875
273 -562.05389404 -7.39544597
274 -562.05364990 -7.39544276
275 -562.05358887 -7.39544196
276 -562.05401611 -7.39544758
277 -562.05413818 -7.39544919
278 -562.05389404 -7.39544597
279 -562.05462646 -7.39545561
280 -562.05395508 -7.39544678
281 -562.05407715 -7.39544838
282 -562.05462646 -7.39545561
283 -562.05303955 -7.39543473
284 -562.05444336 -7.39545320
285 -562.05371094 -7.39544356
286 -562.05487061 -7.39545882
287 -562.05499268 -7.39546043
288 -562.05444336 -7.39545320
289 -562.05468750 -7.39545641
290 -562.05548096 -7.39546685
291 -562.05535889 -7.39546525
292 -562.05474854 -7.39545722
293 -562.05590820 -7.39547248
294 -562.05444336 -7.39545320
295 -562.05438232 -7.39545240
296 -562.05419922 -7.39544999
297 -562.05505371 -7.39546123
298 -562.05505371 -7.39546123
299 -562.05499268 -7.39546043
300 -562.05505371 -7.39546123
301 -562.05578613 -7.39547087
302 -562.05535889 -7.39546525
303 -562.05554199 -7.39546766
304 -562.05444336 -7.39545320
305 -562.05505371 -7.39546123
306 -562.05480957 -7.39545802
307 -562.05334473 -7.39543875
308 -562.05334473 -7.39543875
309 -562.05407715 -7.39544838
310 -562.05438232 -7.39545240
311 -562.05468750 -7.39545641
312 -562.05499268 -7.39546043
313 -562.05456543 -7.39545481
314 -562.05511475 -7.39546204
315 -562.05560303 -7.39546846
316 -562.05529785 -7.39546445
317 -562.05517578 -7.39546284
318 -562.05645752 -7.39547970
319 -562.05651855 -7.39548051
320 -562.05627441 -7.39547729
321 -562.05603027 -7.39547408
322 -562.05554199 -7.39546766
323 -562.05578613 -7.39547087
324 -562.05590820 -7.39547248
325 -562.05615234 -7.39547569
326 -562.05682373 -7.39548452
327 -562.05700684 -7.39548693
328 -562.05566406 -7.39546926
329 -562.05725098 -7.39549014
330 -562.05676270 -7.39548372
331 -562.05712891 -7.39548854
332 -562.05651855 -7.39548051
333 -562.05749512 -7.39549336
334 -562.05731201 -7.39549095
335 -562.05706787 -7.39548774
336 -562.05651855 -7.39548051
337 -562.05737305 -7.39549175
338 -562.05645752 -7.39547970
339 -562.05712891 -7.39548854
340 -562.05688477 -7.39548533
341 -562.05743408 -7.39549255
342 -562.05657959 -7.39548131
343 -562.05767822 -7.39549577
344 -562.05798340 -7.39549978
345 -562.05718994 -7.39548934
346 -562.05706787 -7.39548774
347 -562.05682373 -7.39548452
348 -562.05725098 -7.39549014
349 -562.05725098 -7.39549014
350 -562.05725098 -7.39549014
351 -562.05767822 -7.39549577
352 -562.05682373 -7.39548452
353 -562.05700684 -7.39548693
354 -562.05657959 -7.39548131
355 -562.05627441 -7.39547729
356 -562.05541992 -7.39546605
357 -562.05688477 -7.39548533
358 -562.05584717 -7.39547167
359 -562.05682373 -7.39548452
360 -562.05700684 -7.39548693
361 -562.05627441 -7.39547729
362 -562.05688477 -7.39548533
363 -562.05676270 -7.39548372
364 -562.05627441 -7.39547729
365 -562.05651855 -7.39548051
366 -562.05773926 -7.39549657
367 -562.05725098 -7.39549014
368 -562.05706787 -7.39548774
369 -562.05786133 -7.39549818
370 -562.05737305 -7.39549175
371 -562.05743408 -7.39549255
372 -562.05773926 -7.39549657
373 -562.05706787 -7.39548774
374 -562.05841064 -7.39550540
375 -562.05859375 -7.39550781
376 -562.05725098 -7.39549014
377 -562.05786133 -7.39549818
378 -562.05865479 -7.39550862
379 -562.05804443 -7.39550058
380 -562.05883789 -7.39551102
381 -562.05786133 -7.39549818
382 -562.05822754 -7.39550299
383 -562.05798340 -7.39549978
384 -562.05792236 -7.39549898
385 -562.05822754 -7.39550299
386 -562.05767822 -7.39549577
387 -562.05792236 -7.39549898
388 -562.05792236 -7.39549898
389 -562.05718994 -7.39548934
390 -562.05822754 -7.39550299
391 -562.05706787 -7.39548774
392 -562.05657959 -7.39548131
393 -562.05676270 -7.39548372
394 -562.05639648 -7.39547890
395 -562.05712891 -7.39548854
396 -562.05664062 -7.39548211
397 -562.05725098 -7.39549014
398 -562.05682373 -7.39548452
399 -562.05688477 -7.39548533
400 -562.05700684 -7.39548693
401 -562.05743408 -7.39549255
402 -562.05773926 -7.39549657
403 -562.05737305 -7.39549175
404 -562.05755615 -7.39549416
405 -562.05627441 -7.39547729
406 -562.05682373 -7.39548452
407 -562.05706787 -7.39548774
408 -562.05725098 -7.39549014
409 -562.05712891 -7.39548854
410 -562.05737305 -7.39549175
411 -562.05786133 -7.39549818
412 -562.05743408 -7.39549255
413 -562.05761719 -7.39549496
414 -562.05767822 -7.39549577
415 -562.05651855 -7.39548051
416 -562.05590820 -7.39547248
417 -562.05725098 -7.39549014
418 -562.05755615 -7.39549416
419 -562.05670166 -7.39548292
420 -562.05773926 -7.39549657
421 -562.05773926 -7.39549657
422 -562.05847168 -7.39550621
423 -562.05694580 -7.39548613
424 -562.05773926 -7.39549657
425 -562.05694580 -7.39548613
426 -562.05780029 -7.39549737
427 -562.05743408 -7.39549255
428 -562.05731201 -7.39549095
429 -562.05743408 -7.39549255
430 -562.05792236 -7.39549898
431 -562.05834961 -7.39550460
432 -562.05725098 -7.39549014
433 -562.05822754 -7.39550299
434 -562.05853271 -7.39550701
435 -562.05737305 -7.39549175
436 -562.05822754 -7.39550299
437 -562.05828857 -7.39550380
438 -562.05743408 -7.39549255
439 -562.05761719 -7.39549496
440 -562.05718994 -7.39548934
441 -562.05688477 -7.39548533
442 -562.05792236 -7.39549898
443 -562.05810547 -7.39550139
444 -562.05737305 -7.39549175
445 -562.05761719 -7.39549496
446 -562.05688477 -7.39548533
447 -562.05670166 -7.39548292
448 -562.05645752 -7.39547970
449 -562.05596924 -7.39547328
450 -562.05688477 -7.39548533
451 -562.05627441 -7.39547729
452 -562.05578613 -7.39547087
453 -562.05639648 -7.39547890
454 -562.05548096 -7.39546685
455 -562.05548096 -7.39546685
456 -562.05541992 -7.39546605
457 -562.05621338 -7.39547649
458 -562.05572510 -7.39547007
459 -562.05645752 -7.39547970
460 -562.05590820 -7.39547248
461 -562.05670166 -7.39548292
462 -562.05541992 -7.39546605
463 -562.05566406 -7.39546926
464 -562.05603027 -7.39547408
465 -562.05633545 -7.39547810
466 -562.05596924 -7.39547328
467 -562.05761719 -7.39549496
468 -562.05615234 -7.39547569
469 -562.05548096 -7.39546685
470 -562.05621338 -7.39547649
471 -562.05572510 -7.39547007
472 -562.05645752 -7.39547970
473 -562.05590820 -7.39547248
474 -562.05694580 -7.39548613
475 -562.05688477 -7.39548533
476 -562.05603027 -7.39547408
477 -562.05627441 -7.39547729
478 -562.05590820 -7.39547248
479 -562.05627441 -7.39547729
480 -562.05578613 -7.39547087
481 -562.05584717 -7.39547167
482 -562.05670166 -7.39548292
483 -562.05694580 -7.39548613
484 -562.05621338 -7.39547649
485 -562.05627441 -7.39547729
486 -562.05639648 -7.39547890
487 -562.05578613 -7.39547087
488 -562.05596924 -7.39547328
489 -562.05590820 -7.39547248
490 -562.05688477 -7.39548533
491 -562.05609131 -7.39547489
492 -562.05706787 -7.39548774
493 -562.05718994 -7.39548934
494 -562.05578613 -7.39547087
495 -562.05682373 -7.39548452
496 -562.05603027 -7.39547408
497 -562.05566406 -7.39546926
498 -562.05682373 -7.39548452
499 -562.05755615 -7.39549416
500 -562.05737305 -7.39549175
501 -562.05694580 -7.39548613
502 -562.05749512 -7.39549336
503 -562.05639648 -7.39547890
504 -562.05639648 -7.39547890
505 -562.05786133 -7.39549818
506 -562.05718994 -7.39548934
507 -562.05688477 -7.39548533
508 -562.05737305 -7.39549175
509 -562.05737305 -7.39549175
510 -562.05590820 -7.39547248
511 -562.05651855 -7.39548051
512 -562.05700684 -7.39548693
513 -562.05639648 -7.39547890
514 -562.05645752 -7.39547970
515 -562.05566406 -7.39546926
516 -562.05645752 -7.39547970
517 -562.05554199 -7.39546766
518 -562.05438232 -7.39545240
519 -562.05541992 -7.39546605
520 -562.05554199 -7.39546766
521 -562.05444336 -7.39545320
522 -562.05456543 -7.39545481
523 -562.05426025 -7.39545079
524 -562.05462646 -7.39545561
525 -562.05468750 -7.39545641
526 -562.05560303 -7.39546846
527 -562.05529785 -7.39546445
528 -562.05554199 -7.39546766
529 -562.05584717 -7.39547167
530 -562.05517578 -7.39546284
531 -562.05584717 -7.39547167
532 -562.05615234 -7.39547569
533 -562.05603027 -7.39547408
534 -562.05633545 -7.39547810
535 -562.05566406 -7.39546926
536 -562.05609131 -7.39547489
537 -562.05517578 -7.39546284
538 -562.05511475 -7.39546204
539 -562.05493164 -7.39545963
540 -562.05493164 -7.39545963
541 -562.05444336 -7.39545320
542 -562.05590820 -7.39547248
543 -562.05554199 -7.39546766
544 -562.05493164 -7.39545963
545 -562.05444336 -7.39545320
546 -562.05499268 -7.39546043
547 -562.05395508 -7.39544678
548 -562.05383301 -7.39544517
549 -562.05480957 -7.39545802
550 -562.05493164 -7.39545963
551 -562.05456543 -7.39545481
552 -562.05413818 -7.39544919
553 -562.05395508 -7.39544678
554 -562.05340576 -7.39543955
555 -562.05364990 -7.39544276
556 -562.05383301 -7.39544517
557 -562.05426025 -7.39545079
558 -562.05346680 -7.39544035
559 -562.05334473 -7.39543875
560 -562.05212402 -7.39542268
561 -562.05230713 -7.39542509
562 -562.05242920 -7.39542670
563 -562.05255127 -7.39542831
564 -562.05194092 -7.39542028
565 -562.05249023 -7.39542750
566 -562.05200195 -7.39542108
567 -562.05163574 -7.39541626
568 -562.05047607 -7.39540100
569 -562.05133057 -7.39541224
570 -562.05072021 -7.39540421
571 -562.05145264 -7.39541385
572 -562.05126953 -7.39541144
573 -562.05102539 -7.39540823
574 -562.05133057 -7.39541224
575 -562.05096436 -7.39540743
576 -562.05041504 -7.39540020
577 -562.05175781 -7.39541787
578 -562.05090332 -7.39540662
579 -562.05023193 -7.39539779
580 -562.05029297 -7.39539859
581 -562.05029297 -7.39539859
582 -562.05065918 -7.39540341
583 -562.04998779 -7.39539458
584 -562.05017090 -7.39539699
585 -562.05114746 -7.39540984
586 -562.05096436 -7.39540743
587 -562.05059814 -7.39540261
588 -562.05126953 -7.39541144
589 -562.04998779 -7.39539458
590 -562.05017090 -7.39539699
591 -562.05108643 -7.39540903
592 -562.05078125 -7.39540502
593 -562.05059814 -7.39540261
594 -562.05126953 -7.39541144
595 -562.05096436 -7.39540743
596 -562.05114746 -7.39540984
597 -562.05096436 -7.39540743
598 -562.05090332 -7.39540662
599 -562.04986572 -7.39539297
600 -562.05139160 -7.39541305
601 -562.05139160 -7.39541305
602 -562.05133057 -7.39541224
603 -562.05139160 -7.39541305
604 -562.05163574 -7.39541626
605 -562.05212402 -7.39542268
606 -562.05145264 -7.39541385
607 -562.05084229 -7.39540582
608 -562.05114746 -7.39540984
609 -562.05072021 -7.39540421
610 -562.05096436 -7.39540743
611 -562.05169678 -7.39541706
612 -562.05072021 -7.39540421
613 -562.05114746 -7.39540984
614 -562.05133057 -7.39541224
615 -562.05187988 -7.39541947
616 -562.05078125 -7.39540502
617 -562.05139160 -7.39541305
618 -562.05090332 -7.39540662
619 -562.05169678 -7.39541706
620 -562.05157471 -7.39541546
621 -562.05090332 -7.39540662
622 -562.05114746 -7.39540984
623 -562.05041504 -7.39540020
624 -562.05023193 -7.39539779
625 -562.04992676 -7.39539377
626 -562.05114746 -7.39540984
627 -562.04974365 -7.39539136
628 -562.05041504 -7.39540020
629 -562.05017090 -7.39539699
630 -562.04895020 -7.39538092
631 -562.04919434 -7.39538414
632 -562.04956055 -7.39538895
633 -562.04882812 -7.39537932
634 -562.04974365 -7.39539136
635 -562.04919434 -7.39538414
636 -562.04943848 -7.39538735
637 -562.04937744 -7.39538655
638 -562.04913330 -7.39538333
639 -562.04937744 -7.39538655
640 -562.04858398 -7.39537611
641 -562.04748535 -7.39536165
642 -562.04925537 -7.39538494
643 -562.04901123 -7.39538173
644 -562.04809570 -7.39536968
645 -562.04809570 -7.39536968
646 -562.04882812 -7.39537932
647 -562.04754639 -7.39536245
648 -562.04925537 -7.39538494
649 -562.04852295 -7.39537530
650 -562.04840088 -7.39537370
651 -562.04907227 -7.39538253
652 -562.04895020 -7.39538092
653 -562.04907227 -7.39538253
654 -562.04956055 -7.39538895
655 -562.04888916 -7.39538012
656 -562.04772949 -7.39536486
657 -562.04907227 -7.39538253
658 -562.04730225 -7.39535924
659 -562.04882812 -7.39537932
660 -562.04943848 -7.39538735
661 -562.04943848 -7.39538735
662 -562.05053711 -7.39540180
663 -562.04949951 -7.39538815
664 -562.04968262 -7.39539056
665 -562.05041504 -7.39540020
666 -562.04968262 -7.39539056
667 -562.04919434 -7.39538414
668 -562.04980469 -7.39539217
669 -562.04907227 -7.39538253
670 -562.05023193 -7.39539779
671 -562.04925537 -7.39538494
672 -562.04840088 -7.39537370
673 -562.04833984 -7.39537289
674 -562.04937744 -7.39538655
675 -562.04711914 -7.39535683
676 -562.04980469 -7.39539217
677 -562.04907227 -7.39538253
678 -562.04937744 -7.39538655
679 -562.04864502 -7.39537691
680 -562.04895020 -7.39538092
681 -562.04864502 -7.39537691
682 -562.04882812 -7.39537932
683 -562.04821777 -7.39537129
684 -562.04919434 -7.39538414
685 -562.04858398 -7.39537611
686 -562.04742432 -7.39536085
687 -562.04833984 -7.39537289
688 -562.04821777 -7.39537129
689 -562.04742432 -7.39536085
690 -562.04827881 -7.39537209
691 -562.04742432 -7.39536085
692 -562.04675293 -7.39535201
693 -562.04663086 -7.39535041
694 -562.04754639 -7.39536245
695 -562.04766846 -7.39536406
696 -562.04772949 -7.39536486
697 -562.04724121 -7.39535844
698 -562.04833984 -7.39537289
699 -562.04815674 -7.39537048
700 -562.04711914 -7.39535683
701 -562.04772949 -7.39536486
702 -562.04693604 -7.39535442
703 -562.04760742 -7.39536326
704 -562.04724121 -7.39535844
705 -562.04742432 -7.39536085
706 -562.04736328 -7.39536004
707 -562.04754639 -7.39536245
708 -562.04663086 -7.39535041
709 -562.04772949 -7.39536486
710 -562.04638672 -7.39534719
711 -562.04675293 -7.39535201
712 -562.04718018 -7.39535763
713 -562.04772949 -7.39536486
714 -562.04748535 -7.39536165
715 -562.04571533 -7.39533836
716 -562.04589844 -7.39534077
717 -562.04663086 -7.39535041
718 -562.04626465 -7.39534559
719 -562.04663086 -7.39535041
720 -562.04669189 -7.39535121
721 -562.04614258 -7.39534398
722 -562.04541016 -7.39533434
723 -562.04547119 -7.39533515
724 -562.04486084 -7.39532712
725 -562.04553223 -7.39533595
726 -562.04504395 -7.39532953
727 -562.04583740 -7.39533997
728 -562.04504395 -7.39532953
729 -562.04571533 -7.39533836
730 -562.04486084 -7.39532712
731 -562.04443359 -7.39532149
732 -562.04504395 -7.39532953
733 -562.04534912 -7.39533354
734 -562.04412842 -7.39531748
735 -562.04583740 -7.39533997
736 -562.04602051 -7.39534238
737 -562.04541016 -7.39533434
738 -562.04583740 -7.39533997
739 -562.04516602 -7.39533113
740 -562.04577637 -7.39533916
741 -562.04534912 -7.39533354
742 -562.04364014 -7.39531105
743 -562.04504395 -7.39532953
744 -562.04418945 -7.39531828
745 -562.04333496 -7.39530704
746 -562.04425049 -7.39531909
747 -562.04272461 -7.39529901
748 -562.04449463 -7.39532230
749 -562.04394531 -7.39531507
750 -562.04455566 -7.39532310
751 -562.04437256 -7.39532069
752 -562.04357910 -7.39531025
753 -562.04370117 -7.39531186
754 -562.04449463 -7.39532230
755 -562.04321289 -7.39530543
756 -562.04388428 -7.39531427
757 -562.04229736 -7.39529339
758 -562.04394531 -7.39531507
759 -562.04345703 -7.39530865
760 -562.04309082 -7.39530383
761 -562.04357910 -7.39531025
762 -562.04296875 -7.39530222
763 -562.04309082 -7.39530383
764 -562.04223633 -7.39529258
765 -562.04089355 -7.39527492
766 -562.04241943 -7.39529499
767 -562.04364014 -7.39531105
768 -562.04211426 -7.39529098
769 -562.04211426 -7.39529098
770 -562.04290771 -7.39530142
771 -562.04101562 -7.39527652
772 -562.04248047 -7.39529580
773 -562.04309082 -7.39530383
774 -562.04339600 -7.39530784
775 -562.04229736 -7.39529339
776 -562.04296875 -7.39530222
777 -562.04309082 -7.39530383
778 -562.04229736 -7.39529339
779 -562.04254150 -7.39529660
780 -562.04296875 -7.39530222
781 -562.04180908 -7.39528696
782 -562.04321289 -7.39530543
783 -562.04315186 -7.39530463
784 -562.04345703 -7.39530865
785 -562.04339600 -7.39530784
786 -562.04296875 -7.39530222
787 -562.04333496 -7.39530704
788 -562.04364014 -7.39531105
789 -562.04437256 -7.39532069
790 -562.04370117 -7.39531186
791 -562.04510498 -7.39533033
792 -562.04388428 -7.39531427
793 -562.04321289 -7.39530543
794 -562.04498291 -7.39532872
795 -562.04461670 -7.39532390
796 -562.04467773 -7.39532471
797 -562.04388428 -7.39531427
798 -562.04455566 -7.39532310
799 -562.04412842 -7.39531748
800 -562.04516602 -7.39533113
801 -562.04553223 -7.39533595
802 -562.04461670 -7.39532390
803 -562.04461670 -7.39532390
804 -562.04455566 -7.39532310
805 -562.04443359 -7.39532149
806 -562.04461670 -7.39532390
807 -562.04479980 -7.39532631
808 -562.04412842 -7.39531748
809 -562.04443359 -7.39532149
810 -562.04425049 -7.39531909
811 -562.04418945 -7.39531828
812 -562.04388428 -7.39531427
813 -562.04406738 -7.39531668
814 -562.04357910 -7.39531025
815 -562.04388428 -7.39531427
816 -562.04443359 -7.39532149
817 -562.04455566 -7.39532310
818 -562.04425049 -7.39531909
819 -562.04376221 -7.39531266
820 -562.04357910 -7.39531025
821 -562.04357910 -7.39531025
822 -562.04296875 -7.39530222
823 -562.04382324 -7.39531346
824 -562.04382324 -7.39531346
825 -562.04394531 -7.39531507
826 -562.04522705 -7.39533193
827 -562.04327393 -7.39530624
828 -562.04400635 -7.39531587
829 -562.04412842 -7.39531748
830 -562.04425049 -7.39531909
831 -562.04412842 -7.39531748
832 -562.04425049 -7.39531909
833 -562.04418945 -7.39531828
834 -562.04504395 -7.39532953
835 -562.04412842 -7.39531748
836 -562.04492188 -7.39532792
837 -562.04431152 -7.39531989
838 -562.04522705 -7.39533193
839 -562.04370117 -7.39531186
840 -562.04504395 -7.39532953
841 -562.04437256 -7.39532069
842 -562.04541016 -7.39533434
843 -562.04473877 -7.39532551
844 -562.04479980 -7.39532631
845 -562.04522705 -7.39533193
846 -562.04479980 -7.39532631
847 -562.04467773 -7.39532471
848 -562.04345703 -7.39530865
849 -562.04486084 -7.39532712
850 -562.04492188 -7.39532792
851 -562.04479980 -7.39532631
852 -562.04516602 -7.39533113
853 -562.04504395 -7.39532953
854 -562.04467773 -7.39532471
855 -562.04504395 -7.39532953
856 -562.04522705 -7.39533193
857 -562.04473877 -7.39532551
858 -562.04528809 -7.39533274
859 -562.04498291 -7.39532872
860 -562.04388428 -7.39531427
861 -562.04406738 -7.39531668
862 -562.04425049 -7.39531909
863 -562.04400635 -7.39531587
864 -562.04443359 -7.39532149
865 -562.04339600 -7.39530784
866 -562.04351807 -7.39530945
867 -562.04357910 -7.39531025
868 -562.04321289 -7.39530543
869 -562.04315186 -7.39530463
870 -562.04351807 -7.39530945
871 -562.04309082 -7.39530383
872 -562.04211426 -7.39529098
873 -562.04235840 -7.39529419
874 -562.04351807 -7.39530945
875 -562.04364014 -7.39531105
876 -562.04357910 -7.39531025
877 -562.04431152 -7.39531989
878 -562.04443359 -7.39532149
879 -562.04357910 -7.39531025
880 -562.04406738 -7.39531668
881 -562.04492188 -7.39532792
882 -562.04370117 -7.39531186
883 -562.04296875 -7.39530222
884 -562.04461670 -7.39532390
885 -562.04370117 -7.39531186
886 -562.04364014 -7.39531105
887 -562.04406738 -7.39531668
888 -562.04406738 -7.39531668
889 -562.04382324 -7.39531346
890 -562.04406738 -7.39531668
891 -562.04449463 -7.39532230
892 -562.04321289 -7.39530543
893 -562.04223633 -7.39529258
894 -562.04345703 -7.39530865
895 -562.04345703 -7.39530865
896 -562.04431152 -7.39531989
897 -562.04443359 -7.39532149
898 -562.04400635 -7.39531587
899 -562.04370117 -7.39531186
900 -562.04382324 -7.39531346
901 -562.04394531 -7.39531507
902 -562.04449463 -7.39532230
903 -562.04406738 -7.39531668
904 -562.04388428 -7.39531427
905 -562.04412842 -7.39531748
906 -562.04504395 -7.39532953
907 -562.04400635 -7.39531587
908 -562.04467773 -7.39532471
909 -562.04370117 -7.39531186
910 -562.04376221 -7.39531266
911 -562.04406738 -7.39531668
912 -562.04406738 -7.39531668
913 -562.04309082 -7.39530383
914 -562.04376221 -7.39531266
915 -562.04364014 -7.39531105
916 -562.04309082 -7.39530383
917 -562.04321289 -7.39530543
918 -562.04309082 -7.39530383
919 -562.04302979 -7.39530302
920 -562.04315186 -7.39530463
921 -562.04284668 -7.39530061
922 -562.04321289 -7.39530543
923 -562.04278564 -7.39529981
924 -562.04357910 -7.39531025
925 -562.04357910 -7.39531025
926 -562.04370117 -7.39531186
927 -562.04223633 -7.39529258
928 -562.04370117 -7.39531186
929 -562.04345703 -7.39530865
930 -562.04388428 -7.39531427
931 -562.04357910 -7.39531025
932 -562.04321289 -7.39530543
933 -562.04382324 -7.39531346
934 -562.04290771 -7.39530142
935 -562.04290771 -7.39530142
936 -562.04351807 -7.39530945
937 -562.04290771 -7.39530142
938 -562.04144287 -7.39528214
939 -562.04180908 -7.39528696
940 -562.04248047 -7.39529580
941 -562.04248047 -7.39529580
942 -562.04266357 -7.39529820
943 -562.04290771 -7.39530142
944 -562.04309082 -7.39530383
945 -562.04412842 -7.39531748
946 -562.04327393 -7.39530624
947 -562.04333496 -7.39530704
948 -562.04321289 -7.39530543
949 -562.04309082 -7.39530383
950 -562.04388428 -7.39531427
951 -562.04309082 -7.39530383
952 -562.04321289 -7.39530543
953 -562.04248047 -7.39529580
954 -562.04400635 -7.39531587
955 -562.04406738 -7.39531668
956 -562.04425049 -7.39531909
957 -562.04290771 -7.39530142
958 -562.04412842 -7.39531748
959 -562.04370117 -7.39531186
960 -562.04284668 -7.39530061
961 -562.04290771 -7.39530142
962 -562.04321289 -7.39530543
963 -562.04376221 -7.39531266
964 -562.04333496 -7.39530704
965 -562.04357910 -7.39531025
966 -562.04235840 -7.39529419
967 -562.04351807 -7.39530945
968 -562.04272461 -7.39529901
969 -562.04309082 -7.39530383
970 -562.04260254 -7.39529740
971 -562.04284668 -7.39530061
972 -562.04199219 -7.39528937
973 -562.04187012 -7.39528776
974 -562.04248047 -7.39529580
975 -562.04211426 -7.39529098
976 -562.04162598 -7.39528455
977 -562.04162598 -7.39528455
978 -562.04211426 -7.39529098
979 -562.04156494 -7.39528375
980 -562.04235840 -7.39529419
981 -562.04180908 -7.39528696
982 -562.04211426 -7.39529098
983 -562.04284668 -7.39530061
984 -562.04193115 -7.39528857
985 -562.04260254 -7.39529740
986 -562.04071045 -7.39527251
987 -562.04199219 -7.39528937
988 -562.04150391 -7.39528295
989 -562.04205322 -7.39529017
990 -562.04101562 -7.39527652
991 -562.04095459 -7.39527572
992 -562.04125977 -7.39527973
993 -562.04174805 -7.39528616
994 -562.04034424 -7.39526769
995 -562.04095459 -7.39527572
996 -562.04138184 -7.39528134
997 -562.04205322 -7.39529017
998 -562.04205322 -7.39529017
999 -562.04058838 -7.39527090
