0 -612.72875977 -6.66009521
1 -612.73852539 -6.66020136
2 -612.74200439 -6.66023918
3 -612.74719238 -6.66029557
4 -612.75415039 -6.66037120
5 -612.76031494 -6.66043821
6 -612.76721191 -6.66051317
7 -612.77636719 -6.66061269
8 -612.77575684 -6.66060605
9 -612.77569580 -6.66060539
10 -612.77789307 -6.66062927
11 -612.78649902 -6.66072282
12 -612.78210449 -6.66067505
13 -612.78149414 -6.66066841
14 -612.78393555 -6.66069495
15 -612.78906250 -6.66075068
16 -612.79339600 -6.66079778
17 -612.79638672 -6.66083029
18 -612.79650879 -6.66083162
19 -612.79547119 -6.66082034
20 -612.79779053 -6.66084555
21 -612.79742432 -6.66084157
22 -612.79974365 -6.66086678
23 -612.80657959 -6.66094108
24 -612.80969238 -6.66097492
25 -612.80487061 -6.66092251
26 -612.80963135 -6.66097425
27 -612.80273438 -6.66089929
28 -612.80426025 -6.66091587
29 -612.80810547 -6.66095767
30 -612.80841064 -6.66096099
31 -612.81652832 -6.66104922
32 -612.81048584 -6.66098354
33 -612.81512451 -6.66103396
34 -612.81933594 -6.66107974
35 -612.82214355 -6.66111026
36 -612.81933594 -6.66107974
37 -612.82177734 -6.66110628
38 -612.82196045 -6.66110827
39 -612.82080078 -6.66109566
40 -612.81542969 -6.66103728
41 -612.81768799 -6.66106183
42 -612.82086182 -6.66109632
43 -612.81896973 -6.66107576
44 -612.82214355 -6.66111026
45 -612.82611084 -6.66115338
46 -612.83319092 -6.66123034
47 -612.83380127 -6.66123697
48 -612.82617188 -6.66115404
49 -612.82421875 -6.66113281
50 -612.82440186 -6.66113480
51 -612.82293701 -6.66111888
52 -612.82135010 -6.66110163
53 -612.83203125 -6.66121773
54 -612.82800293 -6.66117394
55 -612.83044434 -6.66120048
56 -612.82757568 -6.66116930
57 -612.82690430 -6.66116200
58 -612.82647705 -6.66115736
59 -612.82971191 -6.66119252
60 -612.82818604 -6.66117594
61 -612.82348633 -6.66112485
62 -612.82098389 -6.66109765
63 -612.82067871 -6.66109433
64 -612.82928467 -6.66118788
65 -612.82373047 -6.66112751
66 -612.82379150 -6.66112817
67 -612.82427979 -6.66113348
68 -612.82092285 -6.66109699
69 -612.82946777 -6.66118987
70 -612.82476807 -6.66113878
71 -612.82659912 -6.66115869
72 -612.82739258 -6.66116731
73 -612.82244873 -6.66111357
74 -612.81750488 -6.66105984
75 -612.82708740 -6.66116399
76 -612.82147217 -6.66110296
77 -612.81842041 -6.66106979
78 -612.82006836 -6.66108770
79 -612.82629395 -6.66115537
80 -612.81719971 -6.66105652
81 -612.82183838 -6.66110694
82 -612.82769775 -6.66117063
83 -612.82360840 -6.66112618
84 -612.82342529 -6.66112419
85 -612.82061768 -6.66109367
86 -612.82257080 -6.66111490
87 -612.82641602 -6.66115670
88 -612.82080078 -6.66109566
89 -612.82391357 -6.66112950
90 -612.82824707 -6.66117660
91 -612.82305908 -6.66112021
92 -612.82012939 -6.66108836
93 -612.82885742 -6.66118323
94 -612.83148193 -6.66121176
95 -612.83032227 -6.66119916
96 -612.83056641 -6.66120181
97 -612.83233643 -6.66122105
98 -612.83294678 -6.66122768
99 -612.82458496 -6.66113679
100 -612.82720947 -6.66116532
101 -612.83312988 -6.66122967
102 -612.83087158 -6.66120513
103 -612.82855225 -6.66117992
104 -612.82476807 -6.66113878
105 -612.82543945 -6.66114608
106 -612.83245850 -6.66122237
107 -612.82678223 -6.66116068
108 -612.82373047 -6.66112751
109 -612.82226562 -6.66111158
110 -612.82342529 -6.66112419
111 -612.82666016 -6.66115935
112 -612.83099365 -6.66120645
113 -612.82446289 -6.66113547
114 -612.81939697 -6.66108040
115 -612.81878662 -6.66107377
116 -612.82281494 -6.66111755
117 -612.81878662 -6.66107377
118 -612.81457520 -6.66102799
119 -612.81787109 -6.66106382
120 -612.81250000 -6.66100543
121 -612.81585693 -6.66104192
122 -612.81115723 -6.66099084
123 -612.82061768 -6.66109367
124 -612.82366943 -6.66112684
125 -612.82830811 -6.66117726
126 -612.82482910 -6.66113945
127 -612.82141113 -6.66110229
128 -612.81903076 -6.66107642
129 -612.81506348 -6.66103330
130 -612.81945801 -6.66108107
131 -612.81958008 -6.66108239
132 -612.81884766 -6.66107443
133 -612.82397461 -6.66113016
134 -612.82446289 -6.66113547
135 -612.82165527 -6.66110495
136 -612.81927490 -6.66107908
137 -612.82116699 -6.66109964
138 -612.81909180 -6.66107708
139 -612.82153320 -6.66110362
140 -612.81903076 -6.66107642
141 -612.81774902 -6.66106249
142 -612.82397461 -6.66113016
143 -612.82019043 -6.66108903
144 -612.82055664 -6.66109301
145 -612.82324219 -6.66112220
146 -612.82324219 -6.66112220
147 -612.81774902 -6.66106249
148 -612.82171631 -6.66110561
149 -612.82012939 -6.66108836
150 -612.82049561 -6.66109234
151 -612.82342529 -6.66112419
152 -612.82037354 -6.66109102
153 -612.82226562 -6.66111158
154 -612.82257080 -6.66111490
155 -612.82586670 -6.66115072
156 -612.82177734 -6.66110628
157 -612.81896973 -6.66107576
158 -612.81805420 -6.66106581
159 -612.81634521 -6.66104723
160 -612.82391357 -6.66112950
161 -612.81988525 -6.66108571
162 -612.81732178 -6.66105785
163 -612.82214355 -6.66111026
164 -612.82519531 -6.66114343
165 -612.82513428 -6.66114276
166 -612.81927490 -6.66107908
167 -612.82580566 -6.66115006
168 -612.82617188 -6.66115404
169 -612.83026123 -6.66119849
170 -612.82812500 -6.66117527
171 -612.83050537 -6.66120115
172 -612.82116699 -6.66109964
173 -612.82745361 -6.66116797
174 -612.82562256 -6.66114807
175 -612.82281494 -6.66111755
176 -612.81793213 -6.66106448
177 -612.83258057 -6.66122370
178 -612.83306885 -6.66122901
179 -612.82592773 -6.66115139
180 -612.82983398 -6.66119385
181 -612.82159424 -6.66110429
182 -612.83398438 -6.66123896
183 -612.82403564 -6.66113082
184 -612.82489014 -6.66114011
185 -612.82690430 -6.66116200
186 -612.82452393 -6.66113613
187 -612.82159424 -6.66110429
188 -612.81896973 -6.66107576
189 -612.82263184 -6.66111556
190 -612.82641602 -6.66115670
191 -612.82696533 -6.66116267
192 -612.82464600 -6.66113746
193 -612.82238770 -6.66111291
194 -612.81561279 -6.66103927
195 -612.81622314 -6.66104590
196 -612.81530762 -6.66103595
197 -612.81512451 -6.66103396
198 -612.82019043 -6.66108903
199 -612.81347656 -6.66101605
200 -612.81518555 -6.66103463
201 -612.82354736 -6.66112551
202 -612.82489014 -6.66114011
203 -612.82519531 -6.66114343
204 -612.82763672 -6.66116996
205 -612.82208252 -6.66110959
206 -612.81640625 -6.66104789
207 -612.81567383 -6.66103993
208 -612.82153320 -6.66110362
209 -612.81811523 -6.66106647
210 -612.82324219 -6.66112220
211 -612.81915283 -6.66107775
212 -612.81500244 -6.66103264
213 -612.81207275 -6.66100079
214 -612.81286621 -6.66100942
215 -612.80505371 -6.66092450
216 -612.80627441 -6.66093777
217 -612.80920410 -6.66096961
218 -612.80786133 -6.66095501
219 -612.81280518 -6.66100875
220 -612.81060791 -6.66098487
221 -612.81109619 -6.66099018
222 -612.80664062 -6.66094175
223 -612.80810547 -6.66095767
224 -612.80944824 -6.66097226
225 -612.81665039 -6.66105055
226 -612.81866455 -6.66107244
227 -612.81152344 -6.66099482
228 -612.81372070 -6.66101870
229 -612.81457520 -6.66102799
230 -612.81951904 -6.66108173
231 -612.82012939 -6.66108836
232 -612.81597900 -6.66104325
233 -612.81542969 -6.66103728
234 -612.81744385 -6.66105917
235 -612.81628418 -6.66104657
236 -612.81567383 -6.66103993
237 -612.81182861 -6.66099814
238 -612.81188965 -6.66099880
239 -612.81042480 -6.66098288
240 -612.80639648 -6.66093909
241 -612.81372070 -6.66101870
242 -612.81365967 -6.66101804
243 -612.81829834 -6.66106846
244 -612.81646729 -6.66104856
245 -612.81933594 -6.66107974
246 -612.82275391 -6.66111689
247 -612.81774902 -6.66106249
248 -612.81646729 -6.66104856
249 -612.81689453 -6.66105320
250 -612.81420898 -6.66102401
251 -612.80810547 -6.66095767
252 -612.81884766 -6.66107443
253 -612.81994629 -6.66108637
254 -612.81719971 -6.66105652
255 -612.82189941 -6.66110760
256 -612.82446289 -6.66113547
257 -612.81707764 -6.66105519
258 -612.81640625 -6.66104789
259 -612.82159424 -6.66110429
260 -612.82403564 -6.66113082
261 -612.81744385 -6.66105917
262 -612.82275391 -6.66111689
263 -612.81951904 -6.66108173
264 -612.82226562 -6.66111158
265 -612.82446289 -6.66113547
266 -612.82849121 -6.66117925
267 -612.82275391 -6.66111689
268 -612.81555176 -6.66103861
269 -612.82171631 -6.66110561
270 -612.82727051 -6.66116598
271 -612.82147217 -6.66110296
272 -612.82312012 -6.66112087
273 -612.82415771 -6.66113215
274 -612.81671143 -6.66105121
275 -612.81628418 -6.66104657
276 -612.82202148 -6.66110893
277 -612.81811523 -6.66106647
278 -612.81878662 -6.66107377
279 -612.80706787 -6.66094639
280 -612.80712891 -6.66094705
281 -612.81164551 -6.66099615
282 -612.81744385 -6.66105917
283 -612.81225586 -6.66100278
284 -612.81976318 -6.66108438
285 -612.80889893 -6.66096629
286 -612.81695557 -6.66105386
287 -612.81933594 -6.66107974
288 -612.82006836 -6.66108770
289 -612.81774902 -6.66106249
290 -612.81774902 -6.66106249
291 -612.81341553 -6.66101539
292 -612.81829834 -6.66106846
293 -612.82037354 -6.66109102
294 -612.81097412 -6.66098885
295 -612.80651855 -6.66094042
296 -612.81121826 -6.66099150
297 -612.81390381 -6.66102069
298 -612.81616211 -6.66104524
299 -612.81622314 -6.66104590
300 -612.81707764 -6.66105519
301 -612.81878662 -6.66107377
302 -612.81335449 -6.66101472
303 -612.81530762 -6.66103595
304 -612.81500244 -6.66103264
305 -612.81341553 -6.66101539
306 -612.81274414 -6.66100809
307 -612.80926514 -6.66097027
308 -612.80761719 -6.66095236
309 -612.81127930 -6.66099217
310 -612.80603027 -6.66093511
311 -612.80395508 -6.66091256
312 -612.80346680 -6.66090725
313 -612.80841064 -6.66096099
314 -612.80664062 -6.66094175
315 -612.81365967 -6.66101804
316 -612.81488037 -6.66103131
317 -612.81561279 -6.66103927
318 -612.81939697 -6.66108040
319 -612.82415771 -6.66113215
320 -612.81719971 -6.66105652
321 -612.81616211 -6.66104524
322 -612.81738281 -6.66105851
323 -612.81018066 -6.66098022
324 -612.80651855 -6.66094042
325 -612.81182861 -6.66099814
326 -612.80822754 -6.66095899
327 -612.80841064 -6.66096099
328 -612.81427002 -6.66102467
329 -612.80688477 -6.66094440
330 -612.81030273 -6.66098155
331 -612.81237793 -6.66100411
332 -612.81140137 -6.66099349
333 -612.81152344 -6.66099482
334 -612.81475830 -6.66102998
335 -612.82067871 -6.66109433
336 -612.81964111 -6.66108306
337 -612.81243896 -6.66100477
338 -612.80761719 -6.66095236
339 -612.81274414 -6.66100809
340 -612.81188965 -6.66099880
341 -612.81494141 -6.66103197
342 -612.81640625 -6.66104789
343 -612.81176758 -6.66099747
344 -612.81433105 -6.66102534
345 -612.81762695 -6.66106116
