0 -706.85040283 -6.86262527
1 -706.89453125 -6.86305370
2 -706.92272949 -6.86332747
3 -706.93927002 -6.86348806
4 -706.95050049 -6.86359709
5 -706.95764160 -6.86366642
6 -706.96325684 -6.86372094
7 -706.96734619 -6.86376064
8 -706.97021484 -6.86378849
9 -706.97265625 -6.86381220
10 -706.97644043 -6.86384894
11 -706.97863770 -6.86387027
12 -706.98095703 -6.86389279
13 -706.98278809 -6.86391056
14 -706.98474121 -6.86392953
15 -706.98571777 -6.86393901
16 -706.98834229 -6.86396449
17 -706.98956299 -6.86397634
18 -706.98937988 -6.86397456
19 -706.99035645 -6.86398404
20 -706.99041748 -6.86398464
21 -706.99194336 -6.86399945
22 -706.99401855 -6.86401960
23 -706.99377441 -6.86401723
24 -706.99438477 -6.86402315
25 -706.99523926 -6.86403145
26 -706.99542236 -6.86403323
27 -706.99682617 -6.86404686
28 -706.99670410 -6.86404567
29 -706.99768066 -6.86405515
30 -706.99829102 -6.86406108
31 -706.99755859 -6.86405397
32 -706.99731445 -6.86405160
33 -706.99926758 -6.86407056
34 -706.99804688 -6.86405871
35 -706.99780273 -6.86405634
36 -706.99792480 -6.86405752
37 -706.99951172 -6.86407293
38 -706.99890137 -6.86406700
39 -706.99975586 -6.86407530
40 -706.99938965 -6.86407174
41 -707.00042725 -6.86408182
42 -707.00048828 -6.86408241
43 -707.00085449 -6.86408597
44 -707.00183105 -6.86409545
45 -707.00122070 -6.86408952
46 -707.00146484 -6.86409189
47 -707.00280762 -6.86410493
48 -707.00170898 -6.86409426
49 -707.00317383 -6.86410848
50 -707.00219727 -6.86409900
51 -707.00354004 -6.86411204
52 -707.00280762 -6.86410493
53 -707.00323486 -6.86410908
54 -707.00305176 -6.86410730
55 -707.00134277 -6.86409071
56 -707.00231934 -6.86410019
57 -707.00158691 -6.86409308
58 -707.00244141 -6.86410137
59 -707.00201416 -6.86409722
60 -707.00244141 -6.86410137
61 -707.00177002 -6.86409485
62 -707.00262451 -6.86410315
63 -707.00097656 -6.86408715
64 -707.00170898 -6.86409426
65 -707.00256348 -6.86410256
66 -707.00317383 -6.86410848
67 -707.00274658 -6.86410434
68 -707.00305176 -6.86410730
69 -707.00408936 -6.86411737
70 -707.00366211 -6.86411322
71 -707.00299072 -6.86410671
72 -707.00341797 -6.86411085
73 -707.00207520 -6.86409782
74 -707.00292969 -6.86410611
75 -707.00335693 -6.86411026
76 -707.00219727 -6.86409900
77 -707.00366211 -6.86411322
78 -707.00421143 -6.86411856
79 -707.00384521 -6.86411500
80 -707.00317383 -6.86410848
81 -707.00402832 -6.86411678
82 -707.00341797 -6.86411085
83 -707.00317383 -6.86410848
84 -707.00390625 -6.86411559
85 -707.00378418 -6.86411441
86 -707.00341797 -6.86411085
87 -707.00360107 -6.86411263
88 -707.00366211 -6.86411322
89 -707.00354004 -6.86411204
90 -707.00445557 -6.86412093
91 -707.00445557 -6.86412093
92 -707.00402832 -6.86411678
93 -707.00451660 -6.86412152
94 -707.00408936 -6.86411737
95 -707.00457764 -6.86412211
96 -707.00427246 -6.86411915
97 -707.00524902 -6.86412863
98 -707.00537109 -6.86412982
99 -707.00439453 -6.86412034
100 -707.00378418 -6.86411441
101 -707.00427246 -6.86411915
102 -707.00390625 -6.86411559
103 -707.00280762 -6.86410493
104 -707.00415039 -6.86411796
105 -707.00463867 -6.86412271
106 -707.00366211 -6.86411322
107 -707.00390625 -6.86411559
108 -707.00341797 -6.86411085
109 -707.00354004 -6.86411204
110 -707.00445557 -6.86412093
111 -707.00366211 -6.86411322
112 -707.00427246 -6.86411915
113 -707.00463867 -6.86412271
114 -707.00360107 -6.86411263
115 -707.00354004 -6.86411204
116 -707.00463867 -6.86412271
117 -707.00451660 -6.86412152
118 -707.00451660 -6.86412152
119 -707.00390625 -6.86411559
120 -707.00415039 -6.86411796
121 -707.00317383 -6.86410848
122 -707.00329590 -6.86410967
123 -707.00238037 -6.86410078
124 -707.00280762 -6.86410493
125 -707.00366211 -6.86411322
126 -707.00262451 -6.86410315
127 -707.00354004 -6.86411204
128 -707.00329590 -6.86410967
129 -707.00268555 -6.86410374
130 -707.00244141 -6.86410137
131 -707.00244141 -6.86410137
132 -707.00097656 -6.86408715
133 -707.00073242 -6.86408478
134 -707.00158691 -6.86409308
135 -707.00213623 -6.86409841
136 -707.00195312 -6.86409663
137 -707.00244141 -6.86410137
138 -707.00219727 -6.86409900
139 -707.00189209 -6.86409604
140 -707.00268555 -6.86410374
141 -707.00219727 -6.86409900
142 -707.00250244 -6.86410197
143 -707.00231934 -6.86410019
144 -707.00231934 -6.86410019
145 -707.00207520 -6.86409782
146 -707.00170898 -6.86409426
147 -707.00225830 -6.86409960
148 -707.00158691 -6.86409308
149 -707.00280762 -6.86410493
150 -707.00201416 -6.86409722
151 -707.00195312 -6.86409663
152 -707.00341797 -6.86411085
153 -707.00231934 -6.86410019
154 -707.00299072 -6.86410671
155 -707.00164795 -6.86409367
156 -707.00244141 -6.86410137
157 -707.00256348 -6.86410256
158 -707.00280762 -6.86410493
159 -707.00311279 -6.86410789
160 -707.00317383 -6.86410848
161 -707.00305176 -6.86410730
162 -707.00341797 -6.86411085
163 -707.00390625 -6.86411559
164 -707.00366211 -6.86411322
165 -707.00378418 -6.86411441
166 -707.00378418 -6.86411441
167 -707.00354004 -6.86411204
168 -707.00317383 -6.86410848
169 -707.00305176 -6.86410730
170 -707.00384521 -6.86411500
171 -707.00384521 -6.86411500
172 -707.00439453 -6.86412034
173 -707.00366211 -6.86411322
174 -707.00341797 -6.86411085
175 -707.00384521 -6.86411500
176 -707.00317383 -6.86410848
177 -707.00366211 -6.86411322
178 -707.00457764 -6.86412211
179 -707.00506592 -6.86412685
180 -707.00500488 -6.86412626
181 -707.00463867 -6.86412271
182 -707.00549316 -6.86413100
183 -707.00476074 -6.86412389
184 -707.00427246 -6.86411915
185 -707.00500488 -6.86412626
186 -707.00524902 -6.86412863
187 -707.00396729 -6.86411619
188 -707.00537109 -6.86412982
189 -707.00415039 -6.86411796
190 -707.00524902 -6.86412863
191 -707.00610352 -6.86413693
