0 -615.78558350 -7.16029748
1 -615.75158691 -7.15990217
2 -615.70159912 -7.15932092
3 -615.63812256 -7.15858282
4 -615.60302734 -7.15817474
5 -615.56384277 -7.15771910
6 -615.56872559 -7.15777588
7 -615.50659180 -7.15705339
8 -615.44940186 -7.15638839
9 -615.39233398 -7.15572481
10 -615.38641357 -7.15565597
11 -615.33654785 -7.15507614
12 -615.26422119 -7.15423513
13 -615.20629883 -7.15356161
14 -615.19805908 -7.15346580
15 -615.18237305 -7.15328341
16 -615.09350586 -7.15225007
17 -615.05639648 -7.15181856
18 -614.96801758 -7.15079090
19 -614.94116211 -7.15047863
20 -614.80908203 -7.14894281
21 -614.83923340 -7.14929341
22 -614.84002686 -7.14930264
23 -614.78747559 -7.14869158
24 -614.70288086 -7.14770792
25 -614.65100098 -7.14710466
26 -614.61224365 -7.14665400
27 -614.58081055 -7.14628849
28 -614.47534180 -7.14506211
29 -614.45812988 -7.14486198
30 -614.43231201 -7.14456177
31 -614.40832520 -7.14428285
32 -614.31451416 -7.14319203
33 -614.26574707 -7.14262497
34 -614.24920654 -7.14243263
35 -614.19219971 -7.14176976
36 -614.11633301 -7.14088759
37 -614.24987793 -7.14244044
38 -614.30517578 -7.14308344
39 -614.20434570 -7.14191100
40 -614.18139648 -7.14164415
41 -614.10021973 -7.14070023
42 -614.04473877 -7.14005510
43 -613.92376709 -7.13864845
44 -613.81201172 -7.13734897
45 -613.64068604 -7.13535681
46 -613.59863281 -7.13486782
47 -613.49261475 -7.13363506
48 -613.40332031 -7.13259675
49 -613.22613525 -7.13053646
50 -613.11163330 -7.12920504
51 -613.09722900 -7.12903755
52 -613.13146973 -7.12943569
53 -612.98980713 -7.12778845
54 -612.98535156 -7.12773665
55 -612.83984375 -7.12604469
56 -612.82434082 -7.12586443
57 -612.68383789 -7.12423067
58 -612.61730957 -7.12345709
59 -612.39984131 -7.12092839
60 -612.22717285 -7.11892061
61 -612.26971436 -7.11941528
62 -612.36791992 -7.12055721
63 -612.18115234 -7.11838549
64 -612.24688721 -7.11914985
65 -612.06213379 -7.11700156
66 -612.01507568 -7.11645437
67 -611.93127441 -7.11547994
68 -611.81530762 -7.11413148
69 -611.79803467 -7.11393064
70 -611.82983398 -7.11430040
71 -611.77288818 -7.11363823
72 -611.74017334 -7.11325783
73 -611.67645264 -7.11251689
74 -611.60974121 -7.11174118
75 -611.82128906 -7.11420104
76 -611.68432617 -7.11260844
77 -611.47491455 -7.11017343
78 -611.32354736 -7.10841334
79 -611.32409668 -7.10841973
80 -611.45391846 -7.10992928
81 -611.41931152 -7.10952688
82 -611.49615479 -7.11042040
83 -611.38525391 -7.10913086
84 -611.24914551 -7.10754820
85 -611.20709229 -7.10705921
86 -610.92718506 -7.10380448
87 -610.92108154 -7.10373351
88 -610.67059326 -7.10082085
89 -610.68176270 -7.10095073
90 -610.42358398 -7.09794865
91 -610.22894287 -7.09568538
92 -610.20062256 -7.09535608
93 -610.07531738 -7.09389904
94 -610.09326172 -7.09410769
95 -609.96105957 -7.09257046
96 -610.11676025 -7.09438093
97 -609.90478516 -7.09191611
98 -609.70892334 -7.08963864
99 -609.67077637 -7.08919507
100 -609.44396973 -7.08655779
101 -609.52819824 -7.08753719
102 -609.26293945 -7.08445278
103 -609.08764648 -7.08241449
104 -609.02062988 -7.08163523
105 -608.75457764 -7.07854160
106 -608.44104004 -7.07489581
107 -608.47576904 -7.07529964
108 -608.39221191 -7.07432805
109 -608.25756836 -7.07276242
110 -607.93890381 -7.06905702
111 -607.89379883 -7.06853254
112 -607.34600830 -7.06216289
113 -606.89447021 -7.05691244
114 -606.87866211 -7.05672863
115 -607.00634766 -7.05821334
116 -607.07989502 -7.05906855
117 -606.62701416 -7.05380249
118 -606.51696777 -7.05252288
119 -606.39733887 -7.05113185
120 -606.35351562 -7.05062227
121 -606.26074219 -7.04954351
122 -606.07257080 -7.04735547
123 -605.69335938 -7.04294604
124 -605.97753906 -7.04625045
125 -605.25469971 -7.03784535
126 -604.56604004 -7.02983767
127 -603.89794922 -7.02206918
128 -603.61462402 -7.01877470
129 -603.46105957 -7.01698906
130 -603.47052002 -7.01709907
131 -603.18878174 -7.01382304
132 -602.87573242 -7.01018294
133 -602.71093750 -7.00826672
134 -603.20861816 -7.01405370
135 -602.84655762 -7.00984369
136 -602.91912842 -7.01068754
137 -603.02783203 -7.01195154
138 -603.10723877 -7.01287487
139 -602.63958740 -7.00743706
140 -602.63092041 -7.00733628
141 -602.44384766 -7.00516102
142 -603.00524902 -7.01168894
143 -602.52697754 -7.00612765
144 -602.33685303 -7.00391690
145 -602.30072021 -7.00349675
146 -602.50518799 -7.00587428
147 -602.74041748 -7.00860951
148 -602.51684570 -7.00600983
149 -602.58825684 -7.00684020
150 -602.87207031 -7.01014035
151 -602.82995605 -7.00965065
152 -602.68249512 -7.00793599
153 -602.67340088 -7.00783024
154 -602.38629150 -7.00449176
155 -602.18865967 -7.00219372
156 -602.02404785 -7.00027963
157 -601.74243164 -6.99700502
158 -601.75146484 -6.99711006
159 -601.52899170 -6.99452316
160 -601.50158691 -6.99420450
161 -600.92919922 -6.98754883
162 -600.51306152 -6.98271002
163 -601.17553711 -6.99041322
164 -600.81842041 -6.98626070
165 -600.74401855 -6.98539556
166 -601.20220947 -6.99072337
167 -601.97174072 -6.99967140
168 -601.64477539 -6.99586948
169 -601.75683594 -6.99717251
170 -601.89111328 -6.99873388
171 -602.04675293 -7.00054364
172 -601.38208008 -6.99281488
173 -601.13348389 -6.98992423
174 -600.79406738 -6.98597753
175 -600.28009033 -6.98000105
176 -599.28460693 -6.96842566
177 -598.53186035 -6.95967279
178 -597.66607666 -6.94960554
179 -597.52362061 -6.94794908
180 -597.43768311 -6.94694980
181 -597.62078857 -6.94907894
182 -597.72247314 -6.95026132
183 -598.00134277 -6.95350399
184 -599.03613281 -6.96553643
185 -599.25115967 -6.96803674
186 -599.07000732 -6.96593032
187 -598.57659912 -6.96019301
188 -597.97570801 -6.95320591
189 -597.23498535 -6.94459285
190 -597.14855957 -6.94358790
191 -596.15179443 -6.93199761
192 -596.96405029 -6.94144245
193 -596.44396973 -6.93539500
194 -596.22619629 -6.93286275
195 -596.29962158 -6.93371653
196 -596.13183594 -6.93176553
197 -596.34204102 -6.93420978
198 -596.55096436 -6.93663912
199 -596.57897949 -6.93696488
200 -595.83270264 -6.92828724
201 -596.37927246 -6.93464270
202 -597.20300293 -6.94422096
203 -597.47937012 -6.94743454
204 -597.47485352 -6.94738202
205 -597.48577881 -6.94750906
206 -596.48504639 -6.93587263
207 -596.70666504 -6.93844959
208 -595.40380859 -6.92330010
209 -596.03674316 -6.93065980
210 -595.82110596 -6.92815239
211 -595.85858154 -6.92858816
212 -595.39056396 -6.92314609
213 -595.63378906 -6.92597429
214 -595.03692627 -6.91903403
215 -594.16741943 -6.90892348
216 -593.49993896 -6.90116208
217 -593.58062744 -6.90210032
218 -594.41345215 -6.91178433
219 -594.52899170 -6.91312781
220 -593.73754883 -6.90392499
221 -594.72827148 -6.91544502
222 -594.62719727 -6.91426974
223 -594.56408691 -6.91353589
224 -593.92187500 -6.90606831
225 -594.26422119 -6.91004908
226 -594.21166992 -6.90943802
227 -594.22399902 -6.90958138
228 -593.74072266 -6.90396189
229 -593.32592773 -6.89913869
230 -593.22003174 -6.89790735
231 -592.59906006 -6.89068674
232 -591.69274902 -6.88014824
233 -591.10046387 -6.87326121
234 -590.28399658 -6.86376740
235 -591.00701904 -6.87217464
236 -591.59210205 -6.87897793
237 -591.59466553 -6.87900774
238 -591.12756348 -6.87357632
239 -591.07250977 -6.87293616
240 -590.88287354 -6.87073109
241 -590.06628418 -6.86123586
242 -590.48437500 -6.86609738
243 -590.15039062 -6.86221384
244 -590.03912354 -6.86092004
245 -590.01989746 -6.86069648
246 -589.50622559 -6.85472355
247 -588.61126709 -6.84431706
248 -588.54779053 -6.84357896
249 -587.56152344 -6.83211074
250 -587.70202637 -6.83374449
251 -587.18273926 -6.82770627
252 -586.82916260 -6.82359491
253 -586.01220703 -6.81409543
254 -584.75030518 -6.79942215
255 -585.33343506 -6.80620273
256 -585.20355225 -6.80469247
257 -585.13415527 -6.80388553
258 -584.83868408 -6.80044981
259 -584.03790283 -6.79113841
260 -584.46014404 -6.79604819
261 -583.44403076 -6.78423292
262 -583.69250488 -6.78712215
263 -582.90820312 -6.77800236
264 -583.07543945 -6.77994697
265 -583.38665771 -6.78356579
266 -583.13171387 -6.78060132
267 -582.37207031 -6.77176826
268 -582.56750488 -6.77404075
269 -583.00488281 -6.77912654
270 -583.35205078 -6.78316338
271 -583.77648926 -6.78809871
272 -583.86120605 -6.78908379
273 -581.77398682 -6.76481380
274 -580.79339600 -6.75341158
275 -581.19757080 -6.75811129
276 -580.54998779 -6.75058125
277 -581.18103027 -6.75791896
278 -580.72253418 -6.75258761
279 -580.96508789 -6.75540800
280 -581.09960938 -6.75697220
281 -580.91143799 -6.75478416
282 -580.94622803 -6.75518870
283 -579.75329590 -6.74131739
284 -579.57751465 -6.73927343
285 -579.63000488 -6.73988378
286 -578.75524902 -6.72971220
287 -579.39508057 -6.73715210
288 -579.80603027 -6.74193058
289 -579.94183350 -6.74350969
290 -579.13507080 -6.73412873
291 -579.04321289 -6.73306062
292 -578.97424316 -6.73225864
293 -578.95495605 -6.73203437
294 -578.53833008 -6.72718988
295 -577.86145020 -6.71931919
296 -577.83508301 -6.71901259
297 -577.45874023 -6.71463651
298 -576.99804688 -6.70927961
299 -577.65319824 -6.71689765
300 -576.76916504 -6.70661820
301 -577.40820312 -6.71404887
302 -577.31823730 -6.71300276
303 -577.91906738 -6.71998916
304 -578.44036865 -6.72605080
305 -577.25720215 -6.71229305
306 -576.21484375 -6.70017260
307 -576.72351074 -6.70608733
308 -577.39050293 -6.71384306
309 -577.87597656 -6.71948810
310 -578.35168457 -6.72501959
311 -577.78015137 -6.71837385
312 -576.93920898 -6.70859545
313 -577.24121094 -6.71210710
314 -576.59472656 -6.70458984
315 -575.62744141 -6.69334234
316 -575.15112305 -6.68780376
317 -574.87597656 -6.68460438
318 -574.39453125 -6.67900618
319 -572.48889160 -6.65684758
320 -571.09228516 -6.64060797
321 -570.98553467 -6.63936668
322 -569.29687500 -6.61973110
323 -570.13134766 -6.62943428
324 -569.07714844 -6.61717614
325 -568.49743652 -6.61043531
326 -567.41070557 -6.59779890
327 -568.42712402 -6.60961772
328 -567.56164551 -6.59955402
329 -566.14898682 -6.58312775
330 -567.89965820 -6.60348440
331 -567.73864746 -6.60161218
332 -568.09973145 -6.60581083
333 -566.98553467 -6.59285505
334 -565.90435791 -6.58028323
335 -564.65856934 -6.56579732
336 -563.68591309 -6.55448736
337 -563.04003906 -6.54697720
338 -562.64379883 -6.54236975
339 -562.28527832 -6.53820091
340 -561.29943848 -6.52673766
341 -559.04663086 -6.50054222
342 -560.03851318 -6.51207573
343 -559.59057617 -6.50686716
344 -560.02923584 -6.51196786
345 -561.66986084 -6.53104489
346 -560.46026611 -6.51697984
347 -562.04638672 -6.53542310
348 -564.37658691 -6.56251845
349 -562.79370117 -6.54411280
350 -562.48638916 -6.54053941
351 -561.34429932 -6.52725929
352 -560.35546875 -6.51576126
353 -561.44219971 -6.52839767
354 -561.31921387 -6.52696760
355 -561.95166016 -6.53432163
356 -561.61004639 -6.53034938
357 -561.75915527 -6.53208320
358 -560.73016357 -6.52011818
359 -557.97058105 -6.48803001
360 -556.43829346 -6.47021271
