0 -520.14221191 -5.20142212
1 -520.13073730 -5.20130737
2 -520.12237549 -5.20122375
3 -520.11791992 -5.20117920
4 -520.10272217 -5.20102722
5 -520.09753418 -5.20097534
6 -520.09484863 -5.20094849
7 -520.08544922 -5.20085449
8 -520.06872559 -5.20068726
9 -520.05438232 -5.20054382
10 -520.02380371 -5.20023804
11 -520.01849365 -5.20018494
12 -520.02941895 -5.20029419
13 -520.02557373 -5.20025574
14 -520.01513672 -5.20015137
15 -520.00622559 -5.20006226
16 -520.00073242 -5.20000732
17 -519.98687744 -5.19986877
18 -519.96112061 -5.19961121
19 -519.95306396 -5.19953064
20 -519.92694092 -5.19926941
21 -519.92077637 -5.19920776
22 -519.88513184 -5.19885132
23 -519.86108398 -5.19861084
24 -519.83666992 -5.19836670
25 -519.83801270 -5.19838013
26 -519.82238770 -5.19822388
27 -519.80615234 -5.19806152
28 -519.81665039 -5.19816650
29 -519.81854248 -5.19818542
30 -519.79357910 -5.19793579
31 -519.75305176 -5.19753052
32 -519.72253418 -5.19722534
33 -519.69311523 -5.19693115
34 -519.72106934 -5.19721069
35 -519.72802734 -5.19728027
36 -519.70965576 -5.19709656
37 -519.68408203 -5.19684082
38 -519.67260742 -5.19672607
39 -519.66656494 -5.19666565
40 -519.68078613 -5.19680786
41 -519.66369629 -5.19663696
42 -519.60937500 -5.19609375
43 -519.55255127 -5.19552551
44 -519.53259277 -5.19532593
45 -519.50524902 -5.19505249
46 -519.49224854 -5.19492249
47 -519.46069336 -5.19460693
48 -519.45220947 -5.19452209
49 -519.43170166 -5.19431702
50 -519.42877197 -5.19428772
51 -519.41857910 -5.19418579
52 -519.44604492 -5.19446045
53 -519.42626953 -5.19426270
54 -519.43481445 -5.19434814
55 -519.41296387 -5.19412964
56 -519.39160156 -5.19391602
57 -519.38232422 -5.19382324
58 -519.38885498 -5.19388855
59 -519.35174561 -5.19351746
60 -519.33959961 -5.19339600
61 -519.30047607 -5.19300476
62 -519.30432129 -5.19304321
63 -519.30242920 -5.19302429
64 -519.31713867 -5.19317139
65 -519.29895020 -5.19298950
66 -519.25946045 -5.19259460
67 -519.28442383 -5.19284424
68 -519.22497559 -5.19224976
69 -519.21130371 -5.19211304
70 -519.17431641 -5.19174316
71 -519.12408447 -5.19124084
72 -519.11743164 -5.19117432
73 -519.06903076 -5.19069031
74 -519.07049561 -5.19070496
75 -519.08337402 -5.19083374
76 -519.03875732 -5.19038757
77 -519.09362793 -5.19093628
78 -519.02618408 -5.19026184
79 -519.01086426 -5.19010864
80 -519.01037598 -5.19010376
81 -518.99871826 -5.18998718
82 -518.98168945 -5.18981689
83 -518.93450928 -5.18934509
84 -518.90155029 -5.18901550
85 -518.89361572 -5.18893616
86 -518.88079834 -5.18880798
87 -518.83880615 -5.18838806
88 -518.84045410 -5.18840454
89 -518.82904053 -5.18829041
90 -518.81335449 -5.18813354
91 -518.78222656 -5.18782227
92 -518.75109863 -5.18751099
93 -518.72674561 -5.18726746
94 -518.64306641 -5.18643066
95 -518.63031006 -5.18630310
96 -518.62133789 -5.18621338
97 -518.67089844 -5.18670898
98 -518.60760498 -5.18607605
99 -518.59045410 -5.18590454
100 -518.59838867 -5.18598389
101 -518.59356689 -5.18593567
102 -518.53924561 -5.18539246
103 -518.59979248 -5.18599792
104 -518.52728271 -5.18527283
105 -518.50854492 -5.18508545
106 -518.44329834 -5.18443298
107 -518.40014648 -5.18400146
108 -518.36767578 -5.18367676
109 -518.36315918 -5.18363159
110 -518.40820312 -5.18408203
111 -518.34106445 -5.18341064
112 -518.27789307 -5.18277893
113 -518.19598389 -5.18195984
114 -518.17419434 -5.18174194
115 -518.17456055 -5.18174561
116 -518.20043945 -5.18200439
117 -518.12713623 -5.18127136
118 -518.16552734 -5.18165527
119 -518.12200928 -5.18122009
120 -518.08154297 -5.18081543
121 -518.00439453 -5.18004395
122 -517.93115234 -5.17931152
123 -517.90209961 -5.17902100
124 -517.86083984 -5.17860840
125 -517.83398438 -5.17833984
126 -517.89392090 -5.17893921
127 -517.90307617 -5.17903076
128 -517.86743164 -5.17867432
129 -517.81158447 -5.17811584
130 -517.84460449 -5.17844604
131 -517.84228516 -5.17842285
132 -517.80078125 -5.17800781
133 -517.76989746 -5.17769897
134 -517.81311035 -5.17813110
135 -517.83190918 -5.17831909
136 -517.78607178 -5.17786072
137 -517.74645996 -5.17746460
138 -517.72882080 -5.17728821
139 -517.75878906 -5.17758789
140 -517.64111328 -5.17641113
141 -517.57257080 -5.17572571
142 -517.49487305 -5.17494873
143 -517.48876953 -5.17488770
144 -517.46777344 -5.17467773
145 -517.49511719 -5.17495117
146 -517.46936035 -5.17469360
147 -517.41906738 -5.17419067
148 -517.34710693 -5.17347107
149 -517.36291504 -5.17362915
150 -517.33612061 -5.17336121
151 -517.41668701 -5.17416687
152 -517.41723633 -5.17417236
153 -517.27325439 -5.17273254
154 -517.13397217 -5.17133972
155 -517.06665039 -5.17066650
156 -517.06616211 -5.17066162
157 -517.06866455 -5.17068665
158 -517.05621338 -5.17056213
159 -517.00915527 -5.17009155
160 -516.93835449 -5.16938354
161 -516.88708496 -5.16887085
162 -516.84991455 -5.16849915
163 -516.86395264 -5.16863953
164 -516.94720459 -5.16947205
165 -516.89636230 -5.16896362
166 -516.91107178 -5.16911072
167 -516.82238770 -5.16822388
168 -516.80590820 -5.16805908
169 -516.77093506 -5.16770935
170 -516.72149658 -5.16721497
171 -516.70373535 -5.16703735
172 -516.63671875 -5.16636719
173 -516.62622070 -5.16626221
174 -516.59960938 -5.16599609
175 -516.62731934 -5.16627319
176 -516.75244141 -5.16752441
177 -516.73309326 -5.16733093
178 -516.68005371 -5.16680054
179 -516.58874512 -5.16588745
180 -516.59423828 -5.16594238
181 -516.72937012 -5.16729370
182 -516.59991455 -5.16599915
183 -516.52380371 -5.16523804
184 -516.47888184 -5.16478882
185 -516.45410156 -5.16454102
186 -516.33593750 -5.16335937
187 -516.21942139 -5.16219421
188 -516.12329102 -5.16123291
189 -516.05554199 -5.16055542
190 -515.93115234 -5.15931152
191 -515.89123535 -5.15891235
192 -515.82666016 -5.15826660
193 -515.85162354 -5.15851624
194 -515.80725098 -5.15807251
195 -515.79003906 -5.15790039
196 -515.83111572 -5.15831116
197 -515.83801270 -5.15838013
198 -515.82336426 -5.15823364
199 -515.69519043 -5.15695190
200 -515.72131348 -5.15721313
201 -515.77093506 -5.15770935
202 -515.72009277 -5.15720093
203 -515.75762939 -5.15757629
204 -515.67639160 -5.15676392
205 -515.49041748 -5.15490417
206 -515.43853760 -5.15438538
207 -515.32092285 -5.15320923
208 -515.30786133 -5.15307861
209 -515.31658936 -5.15316589
210 -515.22473145 -5.15224731
211 -515.09082031 -5.15090820
212 -514.96020508 -5.14960205
213 -514.98431396 -5.14984314
214 -515.01049805 -5.15010498
215 -514.93756104 -5.14937561
216 -514.83789062 -5.14837891
217 -514.71771240 -5.14717712
218 -514.60778809 -5.14607788
219 -514.73425293 -5.14734253
220 -514.65539551 -5.14655396
221 -514.71911621 -5.14719116
222 -514.72015381 -5.14720154
223 -514.50146484 -5.14501465
224 -514.35375977 -5.14353760
225 -514.64013672 -5.14640137
226 -514.56890869 -5.14568909
227 -514.48736572 -5.14487366
228 -514.27838135 -5.14278381
229 -514.28765869 -5.14287659
230 -514.23315430 -5.14233154
231 -514.26788330 -5.14267883
232 -514.20690918 -5.14206909
233 -514.05731201 -5.14057312
234 -513.92980957 -5.13929810
235 -513.70593262 -5.13705933
236 -513.66381836 -5.13663818
237 -513.53137207 -5.13531372
238 -513.42120361 -5.13421204
239 -513.34460449 -5.13344604
240 -513.36968994 -5.13369690
241 -513.21759033 -5.13217590
242 -513.39703369 -5.13397034
243 -513.28698730 -5.13286987
244 -513.02600098 -5.13026001
245 -513.03686523 -5.13036865
246 -512.86828613 -5.12868286
247 -513.06774902 -5.13067749
248 -513.10272217 -5.13102722
249 -512.90789795 -5.12907898
250 -512.82299805 -5.12822998
251 -512.70843506 -5.12708435
252 -512.60400391 -5.12604004
253 -512.50939941 -5.12509399
254 -512.42211914 -5.12422119
255 -512.54638672 -5.12546387
256 -512.36859131 -5.12368591
257 -512.55426025 -5.12554260
258 -512.54718018 -5.12547180
259 -512.42803955 -5.12428040
260 -512.35241699 -5.12352417
261 -512.25805664 -5.12258057
262 -512.31927490 -5.12319275
263 -512.24200439 -5.12242004
264 -512.18872070 -5.12188721
265 -512.06909180 -5.12069092
266 -512.12542725 -5.12125427
267 -512.03747559 -5.12037476
268 -512.05279541 -5.12052795
269 -511.73889160 -5.11738892
270 -511.73233032 -5.11732330
271 -511.58377075 -5.11583771
272 -511.56820679 -5.11568207
273 -511.34368896 -5.11343689
274 -511.34585571 -5.11345856
275 -511.22399902 -5.11223999
276 -511.26901245 -5.11269012
277 -511.17755127 -5.11177551
278 -511.07342529 -5.11073425
279 -510.95440674 -5.10954407
280 -511.06420898 -5.11064209
281 -510.92687988 -5.10926880
282 -511.10803223 -5.11108032
283 -510.99951172 -5.10999512
284 -511.13015747 -5.11130157
285 -511.27667236 -5.11276672
286 -511.17413330 -5.11174133
287 -511.01916504 -5.11019165
288 -510.90377808 -5.10903778
289 -510.86352539 -5.10863525
290 -510.67312622 -5.10673126
291 -510.54431152 -5.10544312
292 -510.58569336 -5.10585693
293 -510.52947998 -5.10529480
294 -510.61407471 -5.10614075
295 -510.38000488 -5.10380005
296 -510.29406738 -5.10294067
297 -510.29711914 -5.10297119
298 -510.32550049 -5.10325500
299 -510.38592529 -5.10385925
300 -510.25457764 -5.10254578
301 -510.08343506 -5.10083435
302 -510.19445801 -5.10194458
303 -509.94287109 -5.09942871
