0 -469.58676147 -6.70838231
1 -469.56826782 -6.70811811
2 -469.54754639 -6.70782209
3 -469.53292847 -6.70761326
4 -469.51480103 -6.70735430
5 -469.50393677 -6.70719910
6 -469.47442627 -6.70677752
7 -469.44110107 -6.70630144
8 -469.41537476 -6.70593393
9 -469.38528442 -6.70550406
10 -469.35781860 -6.70511169
11 -469.26577759 -6.70379682
12 -469.23483276 -6.70335475
13 -469.18362427 -6.70262320
14 -469.16726685 -6.70238953
15 -469.16162109 -6.70230887
16 -469.09994507 -6.70142779
17 -469.09533691 -6.70136196
18 -469.10928345 -6.70156119
19 -469.14007568 -6.70200108
20 -469.09857178 -6.70140817
21 -469.05584717 -6.70079782
22 -468.97930908 -6.69970442
23 -468.94143677 -6.69916338
24 -468.97543335 -6.69964905
25 -468.95355225 -6.69933646
26 -468.89895630 -6.69855652
27 -468.78103638 -6.69687195
28 -468.69064331 -6.69558062
29 -468.54541016 -6.69350586
30 -468.51113892 -6.69301627
31 -468.52249146 -6.69317845
32 -468.58551025 -6.69407872
33 -468.53900146 -6.69341431
34 -468.49569702 -6.69279567
35 -468.49951172 -6.69285017
36 -468.44400024 -6.69205715
37 -468.42361450 -6.69176592
38 -468.41082764 -6.69158325
39 -468.43960571 -6.69199437
40 -468.39828491 -6.69140407
41 -468.38168335 -6.69116690
42 -468.30999756 -6.69014282
43 -468.32467651 -6.69035252
44 -468.17190552 -6.68817008
45 -468.13650513 -6.68766436
46 -468.18380737 -6.68834011
47 -468.09432983 -6.68706185
48 -468.17715454 -6.68824506
49 -468.16207886 -6.68802970
50 -468.20712280 -6.68867318
51 -468.18576050 -6.68836801
52 -468.09118652 -6.68701695
53 -468.10650635 -6.68723580
54 -468.04998779 -6.68642840
55 -467.93035889 -6.68471941
56 -467.94232178 -6.68489031
57 -467.86221313 -6.68374590
58 -467.82882690 -6.68326896
59 -467.76248169 -6.68232117
60 -467.72283936 -6.68175485
61 -467.62197876 -6.68031398
62 -467.53549194 -6.67907846
63 -467.57354736 -6.67962211
64 -467.46701050 -6.67810015
65 -467.37374878 -6.67676784
66 -467.25662231 -6.67509460
67 -467.23504639 -6.67478638
68 -467.20492554 -6.67435608
69 -467.19836426 -6.67426235
70 -467.03167725 -6.67188110
71 -466.98574829 -6.67122498
72 -466.93264771 -6.67046640
73 -466.85623169 -6.66937474
74 -466.62091064 -6.66601301
75 -466.45639038 -6.66366272
76 -466.62472534 -6.66606750
77 -466.62780762 -6.66611154
78 -466.77008057 -6.66814401
79 -466.51293945 -6.66447056
80 -466.42916870 -6.66327384
81 -466.38211060 -6.66260158
82 -466.28067017 -6.66115243
83 -466.29605103 -6.66137216
84 -466.14410400 -6.65920149
85 -466.19528198 -6.65993260
86 -466.23229980 -6.66046143
87 -466.05004883 -6.65785784
88 -466.01232910 -6.65731899
89 -466.01296997 -6.65732814
90 -465.98574829 -6.65693926
91 -465.85217285 -6.65503104
92 -465.89727783 -6.65567540
93 -465.70382690 -6.65291181
94 -465.63592529 -6.65194179
95 -465.65942383 -6.65227748
96 -465.61666870 -6.65166670
97 -465.59646606 -6.65137809
98 -465.40441895 -6.64863456
99 -465.15744019 -6.64510629
100 -465.14617920 -6.64494542
101 -464.88540649 -6.64122009
102 -464.75405884 -6.63934370
103 -464.65490723 -6.63792725
104 -464.88070679 -6.64115295
105 -464.73587036 -6.63908386
106 -464.69009399 -6.63842991
107 -464.56481934 -6.63664028
108 -464.43939209 -6.63484846
109 -464.15902710 -6.63084324
110 -464.16320801 -6.63090297
111 -464.06546021 -6.62950657
112 -463.80508423 -6.62578692
113 -463.69235229 -6.62417646
114 -463.78802490 -6.62554321
115 -463.70455933 -6.62435085
116 -463.63592529 -6.62337036
117 -463.62359619 -6.62319423
118 -463.48297119 -6.62118530
119 -463.52050781 -6.62172154
120 -463.51351929 -6.62162170
121 -463.15191650 -6.61645595
122 -463.15368652 -6.61648124
123 -463.06503296 -6.61521476
124 -463.06021118 -6.61514587
125 -462.91220093 -6.61303144
126 -462.92340088 -6.61319144
127 -462.98233032 -6.61403329
128 -463.09854126 -6.61569345
129 -463.27792358 -6.61825605
130 -463.16986084 -6.61671230
131 -463.05764771 -6.61510925
132 -463.03732300 -6.61481890
133 -462.90155029 -6.61287929
134 -462.96240234 -6.61374860
135 -463.12463379 -6.61606620
136 -462.99707031 -6.61424386
137 -463.29342651 -6.61847752
138 -463.08679199 -6.61552560
139 -462.78598022 -6.61122829
140 -462.79513550 -6.61135908
141 -462.56973267 -6.60813904
142 -462.56195068 -6.60802787
143 -462.47192383 -6.60674177
144 -462.47479248 -6.60678275
145 -462.42901611 -6.60612880
146 -462.24136353 -6.60344805
147 -462.01522827 -6.60021755
148 -462.06448364 -6.60092119
149 -462.19921875 -6.60284598
150 -461.84188843 -6.59774126
151 -461.69113159 -6.59558759
152 -461.54760742 -6.59353725
153 -461.44299316 -6.59204276
154 -461.57369995 -6.59391000
155 -461.42700195 -6.59181431
156 -461.42309570 -6.59175851
157 -461.38598633 -6.59122838
158 -461.32058716 -6.59029410
159 -461.53427124 -6.59334673
160 -461.55920410 -6.59370292
161 -461.39801025 -6.59140015
162 -461.34048462 -6.59057835
163 -461.21362305 -6.58876604
164 -461.17080688 -6.58815438
165 -461.47686768 -6.59252668
166 -461.34237671 -6.59060538
167 -461.22909546 -6.58898708
168 -461.05218506 -6.58645979
169 -460.77304077 -6.58247201
170 -460.67321777 -6.58104597
171 -460.14431763 -6.57349025
172 -459.94775391 -6.57068220
173 -460.01321411 -6.57161734
174 -459.99349976 -6.57133571
175 -460.53634644 -6.57909066
176 -460.47976685 -6.57828238
177 -460.52645874 -6.57894941
178 -460.41574097 -6.57736773
179 -460.45495605 -6.57792794
180 -460.19915771 -6.57427368
181 -460.16629028 -6.57380415
182 -460.05215454 -6.57217364
183 -460.09729004 -6.57281843
184 -460.04306030 -6.57204372
185 -460.04949951 -6.57213571
186 -460.07861328 -6.57255162
187 -459.82260132 -6.56889430
188 -459.50405884 -6.56434370
189 -459.20080566 -6.56001151
190 -459.32327271 -6.56176104
191 -458.97451782 -6.55677883
192 -458.91430664 -6.55591867
193 -458.91287231 -6.55589818
194 -458.40579224 -6.54865417
195 -458.18411255 -6.54548732
196 -457.86657715 -6.54095110
197 -457.88287354 -6.54118391
198 -457.44998169 -6.53499974
199 -457.54400635 -6.53634295
200 -457.69558716 -6.53850839
201 -457.60870361 -6.53726719
202 -457.35653687 -6.53366481
203 -456.98138428 -6.52830549
204 -456.73196411 -6.52474234
205 -456.72174072 -6.52459630
206 -456.94616699 -6.52780239
207 -456.86126709 -6.52658953
208 -456.60382080 -6.52291173
209 -457.11874390 -6.53026777
210 -456.89013672 -6.52700195
211 -456.84387207 -6.52634103
212 -457.12963867 -6.53042341
213 -457.17181396 -6.53102591
214 -457.26107788 -6.53230111
215 -457.10165405 -6.53002363
216 -456.74871826 -6.52498169
217 -456.91110229 -6.52730146
218 -456.79370117 -6.52562430
219 -456.88180542 -6.52688293
220 -457.48138428 -6.53544835
221 -457.95077515 -6.54215393
222 -458.17004395 -6.54528634
223 -457.88049316 -6.54114990
224 -458.07913208 -6.54398760
225 -457.86569214 -6.54093846
226 -457.38250732 -6.53403582
227 -457.48236084 -6.53546230
228 -457.08975220 -6.52985360
229 -456.52740479 -6.52182007
230 -456.55001831 -6.52214312
231 -456.65161133 -6.52359445
232 -456.33123779 -6.51901768
233 -456.28726196 -6.51838946
234 -456.27346802 -6.51819240
235 -455.86325073 -6.51233215
236 -455.92935181 -6.51327645
237 -455.74969482 -6.51070993
238 -455.14166260 -6.50202375
239 -455.45422363 -6.50648891
240 -455.55685425 -6.50795506
241 -455.77957153 -6.51113674
242 -455.37814331 -6.50540205
243 -455.35089111 -6.50501273
244 -455.20742798 -6.50296326
245 -455.23519897 -6.50335999
246 -455.15829468 -6.50226135
247 -455.42657471 -6.50609392
248 -455.46078491 -6.50658264
249 -454.96606445 -6.49951521
250 -454.88070679 -6.49829581
251 -454.61975098 -6.49456787
252 -454.10968018 -6.48728115
253 -453.79095459 -6.48272792
254 -453.70373535 -6.48148193
255 -453.77355957 -6.48247942
256 -454.01473999 -6.48592486
257 -453.91040039 -6.48443429
258 -453.45440674 -6.47792010
259 -453.42785645 -6.47754081
260 -453.44888306 -6.47784119
261 -453.01455688 -6.47163653
262 -452.78869629 -6.46840995
263 -452.84289551 -6.46918422
264 -452.40521240 -6.46293161
265 -451.57440186 -6.45106288
266 -451.91046143 -6.45586373
267 -451.90838623 -6.45583409
268 -451.29336548 -6.44704808
269 -450.31439209 -6.43306274
270 -450.12155151 -6.43030788
271 -450.41796875 -6.43454241
272 -450.67422485 -6.43820321
273 -450.62258911 -6.43746556
274 -451.11276245 -6.44446804
275 -450.98367310 -6.44262390
276 -450.42468262 -6.43463832
277 -451.26776123 -6.44668230
278 -451.50976562 -6.45013951
279 -451.44338989 -6.44919128
280 -451.50292969 -6.45004185
281 -451.11672974 -6.44452471
282 -451.11541748 -6.44450596
283 -450.78875732 -6.43983939
284 -450.75460815 -6.43935155
285 -450.68124390 -6.43830348
286 -450.63418579 -6.43763123
287 -449.62548828 -6.42322126
288 -449.49920654 -6.42141724
289 -449.31570435 -6.41879578
290 -448.03530884 -6.40050441
291 -447.07525635 -6.38678938
292 -446.83581543 -6.38336879
293 -447.02087402 -6.38601249
294 -446.68032837 -6.38114755
295 -446.74072266 -6.38201032
296 -445.89941406 -6.36999163
297 -445.57711792 -6.36538740
298 -446.19305420 -6.37418649
299 -446.39511108 -6.37707302
300 -446.61300659 -6.38018581
301 -445.81030273 -6.36871861
302 -444.93939209 -6.35627703
303 -444.69470215 -6.35278146
304 -444.85781860 -6.35511169
305 -444.36364746 -6.34805211
306 -444.84832764 -6.35497611
307 -444.46032715 -6.34943324
308 -444.31149292 -6.34730704
309 -444.32260132 -6.34746573
310 -444.17999268 -6.34542847
311 -444.34570312 -6.34779576
312 -443.93908691 -6.34198696
313 -442.91622925 -6.32737470
314 -443.03005981 -6.32900085
315 -443.11770630 -6.33025295
316 -443.08877563 -6.32983965
317 -442.60345459 -6.32290649
318 -441.49975586 -6.30713937
319 -441.98364258 -6.31405204
320 -440.96655273 -6.29952218
321 -440.81430054 -6.29734715
322 -440.45938110 -6.29227687
323 -439.87939453 -6.28399135
324 -440.36520386 -6.29093148
325 -439.42028809 -6.27743269
326 -439.59313965 -6.27990199
327 -440.16339111 -6.28804844
328 -438.87655640 -6.26966509
329 -439.35321045 -6.27647443
330 -439.58895874 -6.27984227
331 -439.36325073 -6.27661787
332 -439.15872192 -6.27369603
333 -438.84072876 -6.26915327
334 -439.23211670 -6.27474452
335 -439.28088379 -6.27544120
336 -438.65881348 -6.26655448
337 -438.52139282 -6.26459133
338 -439.35275269 -6.27646790
339 -438.59622192 -6.26566031
340 -439.54656982 -6.27923671
341 -439.89739990 -6.28424857
342 -440.54415894 -6.29348798
343 -439.77453613 -6.28249337
344 -439.66107178 -6.28087245
345 -439.38772583 -6.27696751
346 -439.11056519 -6.27300807
347 -439.23031616 -6.27471880
348 -438.46371460 -6.26376735
349 -438.38537598 -6.26264823
350 -437.88693237 -6.25552761
351 -437.74993896 -6.25357056
352 -438.70300293 -6.26718576
353 -439.16485596 -6.27378366
354 -439.53024292 -6.27900347
355 -439.87121582 -6.28387451
356 -439.20187378 -6.27431248
357 -438.98727417 -6.27124677
358 -437.82748413 -6.25467834
359 -437.03015137 -6.24328788
360 -437.22030640 -6.24600438
361 -437.07171631 -6.24388166
362 -437.52581787 -6.25036883
363 -438.10507202 -6.25864389
364 -438.00671387 -6.25723877
365 -437.62335205 -6.25176217
366 -437.36764526 -6.24810922
367 -437.71710205 -6.25310146
368 -437.38122559 -6.24830322
369 -437.47232056 -6.24960458
370 -437.09609985 -6.24423000
371 -437.96887207 -6.25669817
372 -437.56097412 -6.25087106
373 -437.43151855 -6.24902169
374 -436.33676147 -6.23338231
375 -435.72137451 -6.22459106
376 -435.60760498 -6.22296579
377 -435.65438843 -6.22363412
378 -434.27496338 -6.20392805
379 -433.93551636 -6.19907881
380 -434.28204346 -6.20402919
381 -433.14016724 -6.18771667
382 -432.43063354 -6.17758048
383 -432.39028931 -6.17700413
384 -431.61941528 -6.16599165
385 -431.29672241 -6.16138175
386 -431.19601440 -6.15994306
387 -431.86511230 -6.16950160
388 -431.15924072 -6.15941772
389 -430.41525269 -6.14878932
390 -431.14749146 -6.15924988
391 -430.59866333 -6.15140948
392 -430.86068726 -6.15515268
393 -431.23364258 -6.16048061
394 -432.14877319 -6.17355390
395 -432.52127075 -6.17887530
396 -431.05255127 -6.15789359
397 -430.99105835 -6.15701512
398 -430.38827515 -6.14840393
399 -430.31942749 -6.14742039
400 -429.76449585 -6.13949280
401 -429.68539429 -6.13836278
402 -429.19088745 -6.13129839
403 -429.14074707 -6.13058210
404 -429.04364014 -6.12919486
405 -428.06542969 -6.11522042
406 -427.57455444 -6.10820792
407 -426.96240234 -6.09946289
408 -427.20547485 -6.10293536
409 -427.62078857 -6.10886841
410 -427.59439087 -6.10849130
411 -427.44177246 -6.10631104
412 -427.76101685 -6.11087167
413 -427.08673096 -6.10123901
414 -426.81808472 -6.09740121
415 -426.07867432 -6.08683820
