0 -843.66027832 -7.03050232
1 -843.61547852 -7.03012899
2 -843.58715820 -7.02989299
3 -843.56298828 -7.02969157
4 -843.52441406 -7.02937012
5 -843.47802734 -7.02898356
6 -843.45184326 -7.02876536
7 -843.41900635 -7.02849172
8 -843.40209961 -7.02835083
9 -843.36694336 -7.02805786
10 -843.30688477 -7.02755737
11 -843.24145508 -7.02701213
12 -843.17712402 -7.02647603
13 -843.14929199 -7.02624410
14 -843.03637695 -7.02530314
15 -843.00976562 -7.02508138
16 -842.93176270 -7.02443136
17 -842.88098145 -7.02400818
18 -842.81823730 -7.02348531
19 -842.75610352 -7.02296753
20 -842.67401123 -7.02228343
21 -842.60302734 -7.02169189
22 -842.58935547 -7.02157796
23 -842.61187744 -7.02176565
24 -842.57519531 -7.02145996
25 -842.53027344 -7.02108561
26 -842.49255371 -7.02077128
27 -842.48937988 -7.02074483
28 -842.44079590 -7.02033997
29 -842.34503174 -7.01954193
30 -842.23675537 -7.01863963
31 -842.16894531 -7.01807454
32 -842.09265137 -7.01743876
33 -842.02575684 -7.01688131
34 -841.94580078 -7.01621501
35 -841.87817383 -7.01565145
36 -841.87707520 -7.01564229
37 -841.78887939 -7.01490733
38 -841.79687500 -7.01497396
39 -841.79174805 -7.01493123
40 -841.72778320 -7.01439819
41 -841.76647949 -7.01472066
42 -841.68334961 -7.01402791
43 -841.60729980 -7.01339417
44 -841.50091553 -7.01250763
45 -841.44500732 -7.01204173
46 -841.25787354 -7.01048228
47 -841.29223633 -7.01076864
48 -841.23474121 -7.01028951
49 -841.18078613 -7.00983988
50 -841.03088379 -7.00859070
51 -840.87963867 -7.00733032
52 -840.79620361 -7.00663503
53 -840.77893066 -7.00649109
54 -840.83056641 -7.00692139
55 -840.92041016 -7.00767008
56 -840.85864258 -7.00715535
57 -840.82080078 -7.00684001
58 -840.77136230 -7.00642802
59 -840.74414062 -7.00620117
60 -840.69689941 -7.00580750
61 -840.64831543 -7.00540263
62 -840.68536377 -7.00571136
63 -840.61383057 -7.00511525
64 -840.54577637 -7.00454814
65 -840.38073730 -7.00317281
66 -840.26904297 -7.00224202
67 -840.26525879 -7.00221049
68 -840.28259277 -7.00235494
69 -840.11035156 -7.00091960
70 -840.00415039 -7.00003459
71 -839.95910645 -6.99965922
72 -839.88134766 -6.99901123
73 -839.81616211 -6.99846802
74 -839.74108887 -6.99784241
75 -839.68188477 -6.99734904
76 -839.62353516 -6.99686279
77 -839.63238525 -6.99693654
78 -839.70703125 -6.99755859
79 -839.55621338 -6.99630178
80 -839.65405273 -6.99711711
81 -839.30126953 -6.99417725
82 -839.13574219 -6.99279785
83 -838.99304199 -6.99160868
84 -838.96191406 -6.99134928
85 -838.69976807 -6.98916473
86 -838.46984863 -6.98724874
87 -838.45654297 -6.98713786
88 -838.21801758 -6.98515015
89 -838.20983887 -6.98508199
90 -838.23559570 -6.98529663
91 -838.20202637 -6.98501689
92 -838.24291992 -6.98535767
93 -838.18420410 -6.98486837
94 -838.27276611 -6.98560638
95 -838.25585938 -6.98546549
96 -837.96215820 -6.98301799
97 -837.82641602 -6.98188680
98 -837.77734375 -6.98147786
99 -837.44750977 -6.97872925
100 -837.22772217 -6.97689768
101 -837.15338135 -6.97627818
102 -837.10137939 -6.97584483
103 -836.97857666 -6.97482147
104 -836.94824219 -6.97456868
105 -836.76940918 -6.97307841
106 -836.52563477 -6.97104696
107 -836.74829102 -6.97290243
108 -836.50195312 -6.97084961
109 -836.60870361 -6.97173920
110 -836.61328125 -6.97177734
111 -836.56805420 -6.97140045
112 -836.37158203 -6.96976318
113 -836.02917480 -6.96690979
114 -835.66149902 -6.96384583
115 -835.62243652 -6.96352030
116 -835.45898438 -6.96215820
117 -835.01080322 -6.95842336
118 -835.23535156 -6.96029460
119 -835.14819336 -6.95956828
120 -835.01232910 -6.95843608
121 -834.96923828 -6.95807699
122 -835.16845703 -6.95973714
123 -835.02783203 -6.95856527
124 -834.64678955 -6.95538991
125 -834.45794678 -6.95381622
126 -833.90039062 -6.94916992
127 -833.99212646 -6.94993439
128 -834.51306152 -6.95427551
129 -834.40246582 -6.95335388
130 -834.26440430 -6.95220337
131 -834.02722168 -6.95022685
132 -833.96936035 -6.94974467
133 -833.94494629 -6.94954122
134 -833.80517578 -6.94837646
135 -833.66406250 -6.94720052
136 -833.46679688 -6.94555664
137 -833.31848145 -6.94432068
138 -833.18249512 -6.94318746
139 -833.29357910 -6.94411316
140 -833.32446289 -6.94437052
141 -833.05346680 -6.94211222
142 -832.91754150 -6.94097951
143 -832.84973145 -6.94041443
144 -832.81970215 -6.94016418
145 -832.59838867 -6.93831991
146 -832.55249023 -6.93793742
147 -832.60925293 -6.93841044
148 -832.29467773 -6.93578898
149 -832.12548828 -6.93437907
150 -832.18566895 -6.93488057
151 -832.17260742 -6.93477173
152 -831.98083496 -6.93317362
153 -831.63464355 -6.93028870
154 -831.77673340 -6.93147278
155 -831.47265625 -6.92893880
156 -831.17205811 -6.92643382
157 -830.82531738 -6.92354431
158 -830.42950439 -6.92024587
159 -830.13439941 -6.91778666
160 -829.65283203 -6.91377360
161 -829.45935059 -6.91216125
162 -828.91760254 -6.90764669
163 -828.38977051 -6.90324809
164 -828.11206055 -6.90093384
165 -827.71875000 -6.89765625
166 -827.33239746 -6.89443665
167 -827.32995605 -6.89441630
168 -827.04650879 -6.89205424
169 -827.26586914 -6.89388224
170 -827.03417969 -6.89195150
171 -827.30310059 -6.89419250
172 -826.90020752 -6.89083506
173 -826.89538574 -6.89079488
174 -827.04284668 -6.89202372
175 -826.90222168 -6.89085185
176 -826.94812012 -6.89123433
177 -826.68896484 -6.88907471
178 -825.95104980 -6.88292542
179 -825.56274414 -6.87968953
180 -825.17919922 -6.87649333
181 -825.02001953 -6.87516683
182 -824.97613525 -6.87480113
183 -824.78393555 -6.87319946
184 -824.78735352 -6.87322795
185 -824.54833984 -6.87123617
186 -824.74597168 -6.87288310
187 -824.65222168 -6.87210185
188 -824.98425293 -6.87486877
189 -824.91918945 -6.87432658
190 -824.65380859 -6.87211507
191 -824.98461914 -6.87487183
192 -824.81872559 -6.87348938
193 -824.39526367 -6.86996053
194 -824.54138184 -6.87117818
195 -824.59118652 -6.87159322
196 -824.33148193 -6.86942902
197 -824.52709961 -6.87105916
198 -824.57385254 -6.87144877
199 -823.87268066 -6.86560567
200 -823.51879883 -6.86265666
201 -823.17846680 -6.85982056
202 -822.97509766 -6.85812581
203 -823.48181152 -6.86234843
204 -823.09149170 -6.85909576
205 -822.48107910 -6.85400899
206 -822.51379395 -6.85428162
207 -822.40185547 -6.85334880
208 -822.04187012 -6.85034892
209 -822.23205566 -6.85193380
210 -822.02697754 -6.85022481
211 -821.76806641 -6.84806722
212 -821.35009766 -6.84458415
213 -821.57922363 -6.84649353
214 -821.60650635 -6.84672089
215 -822.15930176 -6.85132751
216 -821.92272949 -6.84935608
217 -821.55578613 -6.84629822
218 -821.20068359 -6.84333903
219 -821.97900391 -6.84982503
220 -822.23278809 -6.85193990
221 -822.27624512 -6.85230204
222 -821.71252441 -6.84760437
223 -821.33917236 -6.84449310
224 -821.03283691 -6.84194031
225 -821.01403809 -6.84178365
226 -820.89147949 -6.84076233
227 -820.42089844 -6.83684082
228 -820.41918945 -6.83682658
229 -820.03326416 -6.83361053
230 -820.40820312 -6.83673503
231 -819.91467285 -6.83262227
232 -819.62915039 -6.83024292
233 -819.63012695 -6.83025106
234 -818.75122070 -6.82292684
235 -818.66271973 -6.82218933
236 -818.37329102 -6.81977743
237 -818.06213379 -6.81718445
238 -817.68945312 -6.81407878
239 -817.90942383 -6.81591187
240 -817.86535645 -6.81554464
241 -817.54541016 -6.81287842
242 -817.79016113 -6.81491801
243 -817.86181641 -6.81551514
244 -817.67932129 -6.81399434
245 -818.13745117 -6.81781209
246 -817.95379639 -6.81628164
247 -817.22436523 -6.81020304
248 -817.18273926 -6.80985616
249 -816.70129395 -6.80584412
250 -816.37500000 -6.80312500
251 -816.45520020 -6.80379333
252 -815.70239258 -6.79751994
253 -815.41986084 -6.79516551
254 -815.01831055 -6.79181925
255 -815.07861328 -6.79232178
256 -815.35363770 -6.79461365
257 -814.75878906 -6.78965658
258 -814.81372070 -6.79011434
259 -815.27832031 -6.79398600
260 -815.00195312 -6.79168294
261 -814.63452148 -6.78862101
262 -814.76049805 -6.78967082
263 -815.12329102 -6.79269409
264 -814.81262207 -6.79010518
265 -815.10510254 -6.79254252
266 -814.37487793 -6.78645732
267 -814.20544434 -6.78504537
268 -813.34515381 -6.77787628
269 -812.57495117 -6.77145793
270 -812.05639648 -6.76713664
271 -811.54791260 -6.76289927
272 -811.31958008 -6.76099650
273 -810.83361816 -6.75694682
274 -810.65673828 -6.75547282
275 -811.39929199 -6.76166077
276 -811.37902832 -6.76149190
277 -810.57373047 -6.75478109
278 -810.09643555 -6.75080363
279 -810.31835938 -6.75265299
280 -810.19958496 -6.75166321
281 -809.58715820 -6.74655965
282 -809.18786621 -6.74323222
283 -809.87695312 -6.74897461
284 -809.47070312 -6.74558919
285 -809.01470947 -6.74178925
286 -809.17791748 -6.74314931
287 -808.96844482 -6.74140371
288 -808.29345703 -6.73577881
289 -807.28991699 -6.72741597
290 -807.93359375 -6.73277995
291 -807.27685547 -6.72730713
292 -807.49145508 -6.72909546
293 -806.90698242 -6.72422485
294 -805.78424072 -6.71486867
295 -805.21539307 -6.71012828
296 -804.57092285 -6.70475769
297 -804.59594727 -6.70496623
298 -803.73687744 -6.69780731
299 -803.52899170 -6.69607493
300 -803.86853027 -6.69890442
301 -803.33776855 -6.69448140
302 -802.67816162 -6.68898468
303 -802.20330811 -6.68502757
304 -801.37847900 -6.67815399
305 -800.88378906 -6.67403158
306 -801.08886719 -6.67574056
307 -801.64257812 -6.68035482
308 -801.71044922 -6.68092041
309 -801.63952637 -6.68032939
310 -801.53387451 -6.67944895
311 -800.30688477 -6.66922404
312 -799.78320312 -6.66486003
313 -799.30261230 -6.66085510
314 -799.30834961 -6.66090291
315 -799.02062988 -6.65850525
316 -799.36846924 -6.66140391
317 -798.40039062 -6.65333659
318 -798.13836670 -6.65115306
319 -797.46093750 -6.64550781
320 -796.83135986 -6.64026133
321 -794.94348145 -6.62452901
322 -794.35961914 -6.61966349
323 -793.81140137 -6.61509501
324 -794.03588867 -6.61696574
325 -793.44335938 -6.61202799
326 -793.03210449 -6.60860087
327 -792.62292480 -6.60519104
328 -792.34619141 -6.60288493
329 -789.84301758 -6.58202515
330 -789.30603027 -6.57755025
331 -790.19055176 -6.58492126
332 -788.62390137 -6.57186584
333 -787.60119629 -6.56334330
334 -786.80615234 -6.55671794
335 -786.86230469 -6.55718587
336 -786.42724609 -6.55356038
337 -785.56225586 -6.54635213
338 -785.81298828 -6.54844157
339 -784.68469238 -6.53903910
340 -785.11358643 -6.54261322
341 -786.03649902 -6.55030416
342 -785.78234863 -6.54818624
343 -785.37609863 -6.54480082
344 -784.31213379 -6.53593445
345 -784.35253906 -6.53627116
346 -784.25500488 -6.53545837
347 -783.81835938 -6.53181966
348 -784.69421387 -6.53911845
349 -784.08789062 -6.53406576
350 -783.51733398 -6.52931112
351 -782.46759033 -6.52056325
352 -783.04968262 -6.52541402
353 -783.58776855 -6.52989807
354 -783.73266602 -6.53110555
355 -783.24682617 -6.52705688
356 -782.21545410 -6.51846212
357 -780.10559082 -6.50087992
358 -778.28149414 -6.48567912
359 -777.78430176 -6.48153585
360 -776.14770508 -6.46789754
361 -774.78784180 -6.45656535
362 -775.75415039 -6.46461792
363 -777.49206543 -6.47910055
364 -776.30224609 -6.46918538
365 -778.51739502 -6.48764496
366 -778.36096191 -6.48634135
367 -777.65942383 -6.48049520
368 -776.04260254 -6.46702169
369 -775.59472656 -6.46328939
370 -775.36547852 -6.46137899
371 -773.32580566 -6.44438171
372 -773.88513184 -6.44904277
373 -774.05371094 -6.45044759
374 -773.04461670 -6.44203847
375 -771.87371826 -6.43228099
376 -771.60205078 -6.43001709
377 -772.58947754 -6.43824565
378 -772.08837891 -6.43406982
379 -772.57275391 -6.43810628
380 -771.63659668 -6.43030497
381 -770.82141113 -6.42351176
382 -770.81048584 -6.42342072
383 -770.64843750 -6.42207031
384 -771.67102051 -6.43059184
385 -770.85815430 -6.42381795
386 -769.67041016 -6.41392008
387 -769.57861328 -6.41315511
388 -770.18365479 -6.41819712
389 -770.74291992 -6.42285767
390 -771.37902832 -6.42815857
391 -770.94152832 -6.42451274
392 -770.08190918 -6.41734924
393 -770.49359131 -6.42077993
394 -770.57934570 -6.42149455
395 -768.19494629 -6.40162455
396 -769.39056396 -6.41158803
397 -771.29992676 -6.42749939
398 -770.13574219 -6.41779785
399 -771.08782959 -6.42573191
400 -770.50915527 -6.42090963
401 -770.88012695 -6.42400106
402 -769.89270020 -6.41577250
403 -769.25103760 -6.41042531
404 -770.24951172 -6.41874593
405 -770.78125000 -6.42317708
406 -770.71105957 -6.42259216
407 -771.97668457 -6.43313904
408 -771.46264648 -6.42885539
409 -769.72094727 -6.41434123
410 -771.17498779 -6.42645823
411 -768.70812988 -6.40590108
412 -767.21569824 -6.39346415
413 -765.76416016 -6.38136800
414 -765.95104980 -6.38292542
415 -766.18017578 -6.38483480
416 -766.33288574 -6.38610738
417 -767.27246094 -6.39393717
418 -767.79675293 -6.39830627
419 -767.23046875 -6.39358724
420 -766.14916992 -6.38457642
421 -765.51837158 -6.37931976
422 -764.20532227 -6.36837769
423 -763.34472656 -6.36120605
424 -762.02819824 -6.35023499
425 -762.90295410 -6.35752462
426 -763.26989746 -6.36058248
427 -763.28344727 -6.36069539
428 -763.40722656 -6.36172689
429 -764.72137451 -6.37267812
430 -763.92266846 -6.36602224
431 -764.36657715 -6.36972148
432 -764.02758789 -6.36689657
433 -765.32165527 -6.37768046
434 -766.34960938 -6.38624674
435 -765.94116211 -6.38284302
436 -764.45874023 -6.37048950
437 -763.93402100 -6.36611684
438 -764.55920410 -6.37132670
439 -764.01135254 -6.36676127
440 -764.81457520 -6.37345479
441 -763.93750000 -6.36614583
442 -764.69519043 -6.37245992
443 -764.40039062 -6.37000326
444 -763.60925293 -6.36341044
445 -761.21105957 -6.34342550
446 -758.87457275 -6.32395477
447 -758.50744629 -6.32089539
448 -757.49438477 -6.31245321
449 -754.23522949 -6.28529358
450 -754.05395508 -6.28378296
451 -753.44311523 -6.27869263
452 -753.59570312 -6.27996419
453 -752.58734131 -6.27156118
454 -753.38629150 -6.27821910
455 -755.31237793 -6.29426982
456 -754.13208008 -6.28443400
457 -753.36767578 -6.27806396
458 -752.46533203 -6.27054443
459 -752.66906738 -6.27224223
460 -752.08056641 -6.26733805
461 -752.68786621 -6.27239889
462 -751.52185059 -6.26268209
463 -751.21136475 -6.26009471
464 -749.52697754 -6.24605815
465 -749.28625488 -6.24405212
466 -749.74499512 -6.24787496
467 -749.08935547 -6.24241130
468 -749.60510254 -6.24670919
469 -746.74169922 -6.22284749
470 -746.43304443 -6.22027537
471 -745.20989990 -6.21008250
472 -745.18371582 -6.20986430
473 -746.70422363 -6.22253520
474 -747.53100586 -6.22942505
475 -746.20300293 -6.21835836
476 -743.73034668 -6.19775289
477 -743.82537842 -6.19854482
478 -741.78320312 -6.18152669
479 -739.96331787 -6.16636098
480 -742.25927734 -6.18549398
481 -743.08081055 -6.19234009
482 -745.24938965 -6.21041158
483 -742.73828125 -6.18948568
484 -741.64855957 -6.18040466
485 -742.24340820 -6.18536174
486 -744.37329102 -6.20311076
487 -745.52917480 -6.21274312
488 -745.91137695 -6.21592814
489 -745.48925781 -6.21241048
490 -744.43957520 -6.20366313
491 -743.70068359 -6.19750570
492 -741.65710449 -6.18047587
493 -741.03930664 -6.17532756
494 -741.43395996 -6.17861633
495 -740.34246826 -6.16952057
496 -737.64501953 -6.14704183
497 -738.53155518 -6.15442963
498 -738.87695312 -6.15730794
499 -738.73168945 -6.15609741
500 -738.95104980 -6.15792542
501 -739.78143311 -6.16484528
502 -738.72705078 -6.15605876
503 -737.64862061 -6.14707184
504 -735.80505371 -6.13170878
505 -732.23352051 -6.10194600
506 -733.62744141 -6.11356201
507 -732.51452637 -6.10428772
508 -731.88964844 -6.09908040
509 -731.35424805 -6.09461873
510 -729.21325684 -6.07677714
511 -728.05566406 -6.06713053
512 -727.67846680 -6.06398722
513 -727.85827637 -6.06548564
514 -726.02697754 -6.05022481
515 -724.59411621 -6.03828430
516 -722.30651855 -6.01922099
517 -722.55487061 -6.02129059
518 -722.52502441 -6.02104187
519 -724.89416504 -6.04078471
520 -725.03918457 -6.04199320
521 -723.28430176 -6.02736918
522 -724.06420898 -6.03386841
523 -720.39050293 -6.00325419
524 -718.69232178 -5.98910268
525 -718.11364746 -5.98428040
