0 -833.22766113 -6.94356384
1 -827.68823242 -6.89740194
2 -823.77673340 -6.86480611
3 -818.67956543 -6.82232971
4 -814.59674072 -6.78830617
5 -809.77575684 -6.74813131
6 -804.68237305 -6.70568644
7 -802.56237793 -6.68801982
8 -797.63171387 -6.64693095
9 -795.22106934 -6.62684224
10 -787.81384277 -6.56511536
11 -785.66455078 -6.54720459
12 -780.06494141 -6.50054118
13 -771.34802246 -6.42790019
14 -759.91912842 -6.33265940
15 -755.50421143 -6.29586843
16 -754.40270996 -6.28668925
17 -747.16033936 -6.22633616
18 -746.51086426 -6.22092387
19 -744.76000977 -6.20633341
20 -743.30017090 -6.19416809
21 -740.43017578 -6.17025146
22 -734.12005615 -6.11766713
23 -725.54888916 -6.04624074
24 -722.88677979 -6.02405650
25 -714.94476318 -5.95787303
26 -707.93151855 -5.89942932
27 -704.60174561 -5.87168121
28 -692.13385010 -5.76778208
