0 -651.46185303 -6.51461853
1 -651.54364014 -6.51543640
2 -651.62744141 -6.51627441
3 -651.70141602 -6.51701416
4 -651.77459717 -6.51774597
5 -651.84295654 -6.51842957
6 -651.90222168 -6.51902222
7 -651.96264648 -6.51962646
8 -652.01922607 -6.52019226
9 -652.06793213 -6.52067932
10 -652.11254883 -6.52112549
11 -652.15533447 -6.52155334
12 -652.19659424 -6.52196594
13 -652.24682617 -6.52246826
14 -652.28125000 -6.52281250
15 -652.31298828 -6.52312988
16 -652.34570312 -6.52345703
17 -652.37359619 -6.52373596
18 -652.39892578 -6.52398926
19 -652.42065430 -6.52420654
20 -652.44067383 -6.52440674
21 -652.46533203 -6.52465332
22 -652.48693848 -6.52486938
23 -652.50592041 -6.52505920
24 -652.52319336 -6.52523193
25 -652.53894043 -6.52538940
26 -652.55352783 -6.52553528
27 -652.56799316 -6.52567993
28 -652.58135986 -6.52581360
29 -652.59692383 -6.52596924
30 -652.61022949 -6.52610229
31 -652.62365723 -6.52623657
32 -652.63586426 -6.52635864
33 -652.64746094 -6.52647461
34 -652.66003418 -6.52660034
35 -652.67065430 -6.52670654
36 -652.67987061 -6.52679871
37 -652.69036865 -6.52690369
38 -652.70019531 -6.52700195
39 -652.70751953 -6.52707520
40 -652.71411133 -6.52714111
41 -652.72174072 -6.52721741
42 -652.72857666 -6.52728577
43 -652.73413086 -6.52734131
44 -652.74200439 -6.52742004
45 -652.74908447 -6.52749084
46 -652.75732422 -6.52757324
47 -652.76416016 -6.52764160
48 -652.77807617 -6.52778076
49 -652.78179932 -6.52781799
50 -652.79138184 -6.52791382
51 -652.80480957 -6.52804810
52 -652.81292725 -6.52812927
53 -652.81469727 -6.52814697
54 -652.82629395 -6.52826294
55 -652.83673096 -6.52836731
56 -652.84429932 -6.52844299
57 -652.84918213 -6.52849182
58 -652.85937500 -6.52859375
59 -652.86907959 -6.52869080
60 -652.87554932 -6.52875549
61 -652.88641357 -6.52886414
62 -652.89678955 -6.52896790
63 -652.90490723 -6.52904907
64 -652.91265869 -6.52912659
65 -652.91998291 -6.52919983
66 -652.92773438 -6.52927734
67 -652.93542480 -6.52935425
68 -652.94165039 -6.52941650
69 -652.94897461 -6.52948975
70 -652.95513916 -6.52955139
71 -652.96044922 -6.52960449
72 -652.96527100 -6.52965271
73 -652.97021484 -6.52970215
74 -652.97528076 -6.52975281
75 -652.98022461 -6.52980225
76 -652.98535156 -6.52985352
77 -652.98974609 -6.52989746
78 -652.99414062 -6.52994141
79 -652.99835205 -6.52998352
80 -653.00244141 -6.53002441
81 -653.00634766 -6.53006348
82 -653.00964355 -6.53009644
83 -653.01306152 -6.53013062
84 -653.01660156 -6.53016602
85 -653.01989746 -6.53019897
86 -653.02374268 -6.53023743
87 -653.02722168 -6.53027222
88 -653.03021240 -6.53030212
89 -653.03314209 -6.53033142
90 -653.03594971 -6.53035950
91 -653.03979492 -6.53039795
92 -653.04187012 -6.53041870
93 -653.04504395 -6.53045044
94 -653.04766846 -6.53047668
95 -653.04980469 -6.53049805
96 -653.05273438 -6.53052734
97 -653.05535889 -6.53055359
98 -653.05834961 -6.53058350
99 -653.06011963 -6.53060120
100 -653.06188965 -6.53061890
101 -653.06384277 -6.53063843
102 -653.06665039 -6.53066650
103 -653.06860352 -6.53068604
104 -653.07183838 -6.53071838
105 -653.07348633 -6.53073486
106 -653.07495117 -6.53074951
107 -653.07757568 -6.53077576
108 -653.07983398 -6.53079834
109 -653.08142090 -6.53081421
110 -653.08239746 -6.53082397
111 -653.08514404 -6.53085144
112 -653.08703613 -6.53087036
113 -653.08905029 -6.53089050
114 -653.09057617 -6.53090576
115 -653.09191895 -6.53091919
116 -653.09411621 -6.53094116
117 -653.09576416 -6.53095764
118 -653.09790039 -6.53097900
119 -653.09991455 -6.53099915
120 -653.10211182 -6.53102112
121 -653.10430908 -6.53104309
122 -653.10552979 -6.53105530
123 -653.10681152 -6.53106812
124 -653.10870361 -6.53108704
125 -653.11022949 -6.53110229
126 -653.11218262 -6.53112183
127 -653.11340332 -6.53113403
128 -653.11517334 -6.53115173
129 -653.11584473 -6.53115845
130 -653.11767578 -6.53117676
131 -653.11981201 -6.53119812
132 -653.12170410 -6.53121704
133 -653.12286377 -6.53122864
134 -653.12414551 -6.53124146
135 -653.12554932 -6.53125549
136 -653.12664795 -6.53126648
137 -653.12841797 -6.53128418
138 -653.12915039 -6.53129150
139 -653.13110352 -6.53131104
140 -653.13153076 -6.53131531
141 -653.13330078 -6.53133301
142 -653.13366699 -6.53133667
143 -653.13531494 -6.53135315
144 -653.13714600 -6.53137146
145 -653.13800049 -6.53138000
146 -653.13867188 -6.53138672
147 -653.13977051 -6.53139771
148 -653.14001465 -6.53140015
149 -653.14135742 -6.53141357
150 -653.14282227 -6.53142822
151 -653.14385986 -6.53143860
152 -653.14465332 -6.53144653
153 -653.14624023 -6.53146240
154 -653.14733887 -6.53147339
155 -653.14794922 -6.53147949
156 -653.14874268 -6.53148743
157 -653.14929199 -6.53149292
158 -653.15039062 -6.53150391
159 -653.15087891 -6.53150879
160 -653.15173340 -6.53151733
161 -653.15289307 -6.53152893
162 -653.15356445 -6.53153564
163 -653.15478516 -6.53154785
164 -653.15606689 -6.53156067
165 -653.15692139 -6.53156921
166 -653.15771484 -6.53157715
167 -653.15863037 -6.53158630
168 -653.15936279 -6.53159363
169 -653.16070557 -6.53160706
170 -653.16149902 -6.53161499
171 -653.16247559 -6.53162476
172 -653.16284180 -6.53162842
173 -653.16357422 -6.53163574
174 -653.16455078 -6.53164551
175 -653.16528320 -6.53165283
176 -653.16613770 -6.53166138
177 -653.16693115 -6.53166931
178 -653.16784668 -6.53167847
179 -653.16815186 -6.53168152
180 -653.16955566 -6.53169556
181 -653.17010498 -6.53170105
182 -653.17095947 -6.53170959
183 -653.17218018 -6.53172180
184 -653.17272949 -6.53172729
185 -653.17419434 -6.53174194
