0 -404.60845947 -6.32200718
1 -402.89147949 -6.29517937
2 -400.38513184 -6.25601768
3 -398.76885986 -6.23076344
4 -397.07040405 -6.20422506
5 -396.08273315 -6.18879271
6 -392.91567993 -6.13930750
7 -391.15774536 -6.11183977
8 -388.93588257 -6.07712317
9 -386.94326782 -6.04598856
10 -383.73025513 -5.99578524
11 -379.62057495 -5.93157148
12 -376.01296997 -5.87520266
13 -374.09246826 -5.84519482
14 -372.26266479 -5.81660414
15 -368.93530273 -5.76461411
16 -372.02819824 -5.81294060
17 -367.97723389 -5.74964428
18 -360.85150146 -5.63830471
19 -357.11972046 -5.57999563
20 -355.17141724 -5.54955339
21 -352.53970337 -5.50843287
22 -348.38369751 -5.44349527
23 -346.12152100 -5.40814877
24 -350.74868774 -5.48044825
25 -350.92877197 -5.48326206
26 -343.13330078 -5.36145782
27 -340.75512695 -5.32429886
28 -344.98074341 -5.39032412
29 -340.21347046 -5.31583548
30 -328.47647095 -5.13244486
