0 -661.87023926 -6.68555797
1 -661.94915771 -6.68635513
2 -662.02276611 -6.68709865
3 -662.08966064 -6.68777435
4 -662.14709473 -6.68835449
5 -662.20117188 -6.68890073
6 -662.24902344 -6.68938408
7 -662.29058838 -6.68980392
8 -662.32678223 -6.69016952
9 -662.35778809 -6.69048271
10 -662.38610840 -6.69076877
11 -662.40991211 -6.69100921
12 -662.43176270 -6.69122993
13 -662.44958496 -6.69140995
14 -662.46624756 -6.69157826
15 -662.48168945 -6.69173424
16 -662.49499512 -6.69186864
17 -662.50885010 -6.69200859
18 -662.52111816 -6.69213251
19 -662.53015137 -6.69222375
20 -662.53906250 -6.69231376
21 -662.54809570 -6.69240501
22 -662.55590820 -6.69248392
23 -662.56335449 -6.69255914
24 -662.57000732 -6.69262634
25 -662.57580566 -6.69268491
26 -662.58142090 -6.69274163
27 -662.58703613 -6.69279834
28 -662.59246826 -6.69285321
29 -662.59692383 -6.69289822
30 -662.60131836 -6.69294261
31 -662.60571289 -6.69298700
32 -662.60986328 -6.69302892
33 -662.61401367 -6.69307085
34 -662.61853027 -6.69311647
35 -662.62219238 -6.69315346
36 -662.62512207 -6.69318305
37 -662.62811279 -6.69321326
38 -662.63067627 -6.69323915
39 -662.63391113 -6.69327183
40 -662.63671875 -6.69330019
41 -662.63940430 -6.69332732
42 -662.64245605 -6.69335814
43 -662.64440918 -6.69337787
44 -662.64709473 -6.69340500
45 -662.64965820 -6.69343089
46 -662.65228271 -6.69345740
47 -662.65417480 -6.69347651
48 -662.65704346 -6.69350549
49 -662.65917969 -6.69352707
50 -662.66217041 -6.69355728
51 -662.66369629 -6.69357269
52 -662.66668701 -6.69360290
53 -662.66833496 -6.69361955
54 -662.67004395 -6.69363681
55 -662.67175293 -6.69365407
56 -662.67358398 -6.69367257
57 -662.67614746 -6.69369846
58 -662.67736816 -6.69371079
59 -662.67919922 -6.69372929
60 -662.68041992 -6.69374162
61 -662.68286133 -6.69376628
62 -662.68524170 -6.69379032
63 -662.68658447 -6.69380388
64 -662.68865967 -6.69382485
65 -662.69006348 -6.69383903
66 -662.69213867 -6.69385999
67 -662.69335938 -6.69387232
68 -662.69494629 -6.69388835
69 -662.69720459 -6.69391116
70 -662.69909668 -6.69393027
71 -662.70013428 -6.69394075
72 -662.70220947 -6.69396171
73 -662.70446777 -6.69398452
74 -662.70623779 -6.69400240
75 -662.70697021 -6.69400980
76 -662.70971680 -6.69403754
77 -662.71044922 -6.69404494
78 -662.71179199 -6.69405850
79 -662.71331787 -6.69407392
80 -662.71459961 -6.69408686
81 -662.71533203 -6.69409426
82 -662.71679688 -6.69410906
83 -662.71832275 -6.69412447
84 -662.72003174 -6.69414173
85 -662.72204590 -6.69416208
86 -662.72265625 -6.69416824
87 -662.72430420 -6.69418489
88 -662.72570801 -6.69419907
89 -662.72692871 -6.69421140
90 -662.72790527 -6.69422127
91 -662.72949219 -6.69423729
92 -662.73126221 -6.69425517
