0 -676.42138672 -6.63158222
1 -676.42785645 -6.63164565
2 -676.43261719 -6.63169233
3 -676.43566895 -6.63172224
4 -676.43865967 -6.63175157
5 -676.44128418 -6.63177730
6 -676.44311523 -6.63179525
7 -676.44531250 -6.63181679
8 -676.44671631 -6.63183055
9 -676.44787598 -6.63184192
10 -676.44915771 -6.63185449
11 -676.45068359 -6.63186945
12 -676.45196533 -6.63188201
13 -676.45233154 -6.63188560
14 -676.45361328 -6.63189817
15 -676.45471191 -6.63190894
16 -676.45562744 -6.63191792
17 -676.45642090 -6.63192570
18 -676.45709229 -6.63193228
19 -676.45800781 -6.63194125
20 -676.45910645 -6.63195202
21 -676.45959473 -6.63195681
22 -676.46008301 -6.63196160
23 -676.46069336 -6.63196758
24 -676.46136475 -6.63197416
25 -676.46209717 -6.63198134
26 -676.46191406 -6.63197955
27 -676.46301270 -6.63199032
28 -676.46417236 -6.63200169
29 -676.46441650 -6.63200408
30 -676.46502686 -6.63201007
31 -676.46569824 -6.63201665
32 -676.46557617 -6.63201545
33 -676.46661377 -6.63202563
34 -676.46685791 -6.63202802
35 -676.46728516 -6.63203221
36 -676.46728516 -6.63203221
37 -676.46820068 -6.63204118
38 -676.46826172 -6.63204178
39 -676.46862793 -6.63204537
40 -676.46917725 -6.63205076
41 -676.46905518 -6.63204956
42 -676.46997070 -6.63205854
43 -676.47045898 -6.63206332
44 -676.47106934 -6.63206931
45 -676.47106934 -6.63206931
46 -676.47143555 -6.63207290
47 -676.47131348 -6.63207170
48 -676.47186279 -6.63207709
49 -676.47204590 -6.63207888
50 -676.47296143 -6.63208786
