0 -438.59130859 -6.54613893
1 -437.49237061 -6.52973687
2 -435.23519897 -6.49604775
3 -431.78573608 -6.44456323
4 -428.29675293 -6.39248885
5 -425.20135498 -6.34628888
6 -420.90539551 -6.28217008
7 -417.19552612 -6.22679890
8 -411.25765991 -6.13817403
9 -404.81390381 -6.04199856
10 -398.53698730 -5.94831324
11 -392.75888062 -5.86207285
12 -388.67553711 -5.80112742
13 -381.81372070 -5.69871225
14 -374.13983154 -5.58417659
15 -369.12561035 -5.50933747
16 -364.59933472 -5.44178112
17 -358.78939819 -5.35506564
18 -354.65347290 -5.29333542
19 -348.57934570 -5.20267680
20 -345.26986694 -5.15328160
21 -340.11770630 -5.07638368
22 -336.89855957 -5.02833671
23 -329.54623413 -4.91860051
24 -326.09213257 -4.86704675
25 -322.48638916 -4.81322969
26 -319.78778076 -4.77295195
27 -315.54586792 -4.70963982
28 -310.48095703 -4.63404413
29 -301.74615479 -4.50367395
30 -297.40487671 -4.43887876
31 -290.23208618 -4.33182218
32 -284.93237305 -4.25272199
33 -277.31121826 -4.13897341
34 -275.92950439 -4.11835081
35 -272.03552246 -4.06023168
36 -272.90438843 -4.07319983
37 -273.59753418 -4.08354529
38 -268.41986084 -4.00626658
39 -260.82348633 -3.89288786
40 -263.43249512 -3.93182829
41 -259.57794189 -3.87429764
42 -257.90219116 -3.84928644
43 -254.70709229 -3.80159839
44 -258.40466309 -3.85678602
45 -260.76306152 -3.89198599
46 -260.67120361 -3.89061498
47 -258.83071899 -3.86314506
48 -262.30874634 -3.91505592
49 -255.77355957 -3.81751581
50 -254.86135864 -3.80390088
51 -252.36654663 -3.76666488
52 -255.43930054 -3.81252687
53 -255.86953735 -3.81894832
54 -257.73736572 -3.84682635
55 -260.34985352 -3.88581871
56 -260.12142944 -3.88240939
57 -260.10070801 -3.88210012
58 -258.58044434 -3.85940962
59 -256.71792603 -3.83161084
60 -259.68444824 -3.87588729
61 -259.06604004 -3.86665731
62 -261.11392212 -3.89722272
63 -262.80322266 -3.92243616
64 -261.89617920 -3.90889820
65 -260.42672729 -3.88696608
66 -260.58233643 -3.88928860
67 -256.77056885 -3.83239655
68 -257.14739990 -3.83802089
69 -257.30169678 -3.84032383
70 -257.42755127 -3.84220226
71 -257.00051880 -3.83582864
72 -260.42453003 -3.88693328
73 -260.30429077 -3.88513867
74 -260.33856201 -3.88565018
75 -259.34353638 -3.87079905
76 -257.46264648 -3.84272607
77 -258.77420044 -3.86230150
78 -263.27423096 -3.92946613
79 -264.45056152 -3.94702331
80 -265.14215088 -3.95734554
81 -263.71368408 -3.93602514
82 -265.17703247 -3.95786616
83 -265.63082886 -3.96463924
84 -264.15756226 -3.94265018
85 -264.95980835 -3.95462401
86 -265.79727173 -3.96712346
87 -263.91567993 -3.93904000
88 -264.46658325 -3.94726244
89 -263.06915283 -3.92640527
90 -262.32794189 -3.91534242
91 -262.07522583 -3.91157053
92 -262.88119507 -3.92359993
93 -260.28646851 -3.88487266
94 -261.73989868 -3.90656565
95 -261.11416626 -3.89722636
96 -261.45773315 -3.90235423
97 -258.38146973 -3.85643985
98 -255.63278198 -3.81541466
99 -255.41531372 -3.81216886
100 -255.15953064 -3.80835120
101 -255.22247314 -3.80929064
102 -254.00115967 -3.79106208
103 -252.63250732 -3.77063444
104 -253.49618530 -3.78352515
105 -250.01463318 -3.73156169
106 -246.69094849 -3.68195446
107 -244.32992554 -3.64671531
108 -247.34570312 -3.69172691
109 -246.44830322 -3.67833288
110 -246.42300415 -3.67795529
111 -246.94085693 -3.68568443
112 -246.60336304 -3.68064721
113 -245.37765503 -3.66235306
114 -245.47760010 -3.66384478
115 -248.24122620 -3.70509293
116 -247.48489380 -3.69380439
117 -249.36553955 -3.72187372
118 -252.23992920 -3.76477506
119 -252.81687927 -3.77338626
120 -251.36865234 -3.75177093
121 -250.19427490 -3.73424291
122 -249.19030762 -3.71925832
123 -245.00228882 -3.65675058
124 -248.40420532 -3.70752545
125 -250.51687622 -3.73905785
126 -250.57545471 -3.73993216
127 -252.79734802 -3.77309475
128 -255.14483643 -3.80813189
129 -281.25262451 -4.19780037
130 -320.76364136 -4.78751704
131 -357.56564331 -5.33680065
132 -365.56875610 -5.45625009
133 -397.76052856 -5.93672431
134 -271.29632568 -4.04919889
135 -203.90855408 -3.04341125
136 -394.84844971 -5.89326044
137 -362.51895142 -5.41073062
138 -408.57992554 -6.09820784
139 -425.37939453 -6.34894619
140 -366.43212891 -5.46913625
141 -391.19525146 -5.83873510
142 -362.05990601 -5.40387919
143 -359.26541138 -5.36217032
144 -349.71862793 -5.21968101
145 -395.97030640 -5.91000457
146 -401.97509766 -5.99962832
147 -317.79055786 -4.74314265
148 -284.86669922 -4.25174178
149 -378.58999634 -5.65059696
150 -369.83169556 -5.51987605
151 -336.61401367 -5.02408976
152 -406.75820923 -6.07101805
153 -397.92553711 -5.93918712
154 -425.26437378 -6.34722946
155 -405.67974854 -6.05492162
156 -370.55700684 -5.53070159
157 -364.46600342 -5.43979110
158 -108.76263428 -1.62332290
159 -316.91424561 -4.73006337
160 -355.81362915 -5.31065118
161 -310.77255249 -4.63839631
162 -321.04074097 -4.79165285
163 -352.46621704 -5.26068981
164 -351.19183350 -5.24166916
165 -347.46801758 -5.18608981
166 -343.55319214 -5.12765958
167 -231.16793823 -3.45026773
168 -187.20152283 -2.79405258
169 -252.52947998 -3.76909672
170 -309.16308594 -4.61437442
171 -303.52020264 -4.53015228
172 -329.99987793 -4.92537131
173 -365.20251465 -5.45078380
174 -259.61846924 -3.87490253
175 -280.56121826 -4.18748087
176 -338.57739258 -5.05339392
177 -308.90618896 -4.61054013
178 -330.32971191 -4.93029421
179 -284.90814209 -4.25236033
180 -173.72802734 -2.59295563
181 -191.11589050 -2.85247598
182 -283.35070801 -4.22911504
183 -307.58294678 -4.59079025
184 -341.62524414 -5.09888424
185 -310.65136719 -4.63658757
186 -359.62701416 -5.36756738
187 -363.84915161 -5.43058435
188 -383.38412476 -5.72215112
189 -393.94464111 -5.87977076
190 -354.97216797 -5.29809206
191 -340.23144531 -5.07808127
192 -321.53387451 -4.79901305
193 -316.31069946 -4.72105522
194 -299.95880127 -4.47699703
195 -304.63967896 -4.54686088
196 -294.62457275 -4.39738168
197 -341.71081543 -5.10016142
198 -253.74060059 -3.78717314
199 -279.51910400 -4.17192693
200 -371.66857910 -5.54729223
201 -374.06173706 -5.58301100
202 -339.04421997 -5.06036149
203 -336.14407349 -5.01707572
204 -350.63348389 -5.23333558
205 -451.36642456 -6.73681231
206 -442.26425171 -6.60095898
207 -405.17883301 -6.04744527
208 -356.52539062 -5.32127449
209 -438.55645752 -6.54561877
210 -494.69470215 -7.38350302
211 -518.02581787 -7.73172862
212 -599.51080322 -8.94792244
213 -602.07391357 -8.98617781
214 -631.18920898 -9.42073446
215 -627.45617676 -9.36501756
216 -13.30949402 -0.19864916
217 -603.74700928 -9.01114939
218 -18.63445282 -0.27812616
219 -579.35113525 -8.64703187
220 -591.33886719 -8.82595324
221 -306.01617432 -4.56740559
222 -531.06683350 -7.92637065
223 -428.32351685 -6.39288831
224 -482.53240967 -7.20197626
225 -625.76721191 -9.33980913
226 -913.27667236 -13.63099511
227 -686.19458008 -10.24171015
228 -825.72845459 -12.32430529
229 -764.23663330 -11.40651691
230 -806.08166504 -12.03106963
231 -841.06964111 -12.55327823
232 -841.00158691 -12.55226249
233 -695.19195557 -10.37599934
234 -814.68054199 -12.15941107
235 -756.46429443 -11.29051186
236 -772.74737549 -11.53354292
237 339.01907349 5.05998617
238 2003.14538574 29.89769232
239 4267.70556641 63.69709801
240 2956.39599609 44.12531337
