0 -511.00042725 -6.08333842
1 -511.01739502 -6.08354042
2 -511.02987671 -6.08368901
3 -511.03890991 -6.08379655
4 -511.04687500 -6.08389137
5 -511.05422974 -6.08397893
6 -511.06097412 -6.08405922
7 -511.06790161 -6.08414169
8 -511.07440186 -6.08421907
9 -511.08074951 -6.08429464
10 -511.08688354 -6.08436766
11 -511.09310913 -6.08444178
12 -511.09930420 -6.08451553
13 -511.10504150 -6.08458383
14 -511.11087036 -6.08465322
15 -511.11694336 -6.08472552
16 -511.12261963 -6.08479309
17 -511.12841797 -6.08486212
18 -511.13360596 -6.08492388
19 -511.13934326 -6.08499218
20 -511.14505005 -6.08506012
21 -511.15032959 -6.08512297
22 -511.15563965 -6.08518619
23 -511.16040039 -6.08524286
