0 -537.82983398 -5.60239410
1 -537.88159180 -5.60293325
2 -537.91583252 -5.60328992
3 -537.93652344 -5.60350545
4 -537.94921875 -5.60363770
5 -537.95880127 -5.60373751
6 -537.96765137 -5.60382970
7 -537.97277832 -5.60388311
8 -537.97705078 -5.60392761
9 -537.98132324 -5.60397212
10 -537.98669434 -5.60402807
11 -537.99005127 -5.60406303
12 -537.99279785 -5.60409164
13 -537.99682617 -5.60413361
14 -537.99902344 -5.60415649
15 -538.00085449 -5.60417557
16 -538.00335693 -5.60420163
17 -538.00573730 -5.60422643
18 -538.00646973 -5.60423406
19 -538.00866699 -5.60425695
20 -538.01135254 -5.60428492
21 -538.01367188 -5.60430908
22 -538.01507568 -5.60432371
23 -538.01684570 -5.60434214
24 -538.01837158 -5.60435804
25 -538.01971436 -5.60437202
26 -538.02087402 -5.60438410
27 -538.02191162 -5.60439491
28 -538.02380371 -5.60441462
29 -538.02490234 -5.60442607
30 -538.02581787 -5.60443560
31 -538.02764893 -5.60445468
32 -538.02789307 -5.60445722
33 -538.02954102 -5.60447439
34 -538.02996826 -5.60447884
35 -538.03228760 -5.60450300
36 -538.03198242 -5.60449982
37 -538.03436279 -5.60452461
38 -538.03533936 -5.60453478
39 -538.03594971 -5.60454114
40 -538.03710938 -5.60455322
41 -538.03906250 -5.60457357
42 -538.04022217 -5.60458565
43 -538.04034424 -5.60458692
44 -538.04077148 -5.60459137
45 -538.04193115 -5.60460345
46 -538.04217529 -5.60460599
47 -538.04339600 -5.60461871
48 -538.04431152 -5.60462825
49 -538.04632568 -5.60464923
50 -538.04571533 -5.60464287
51 -538.04724121 -5.60465876
52 -538.04772949 -5.60466385
53 -538.04803467 -5.60466703
54 -538.04895020 -5.60467656
55 -538.04974365 -5.60468483
56 -538.04907227 -5.60467784
57 -538.05023193 -5.60468992
58 -538.05139160 -5.60470200
59 -538.05139160 -5.60470200
60 -538.05175781 -5.60470581
61 -538.05285645 -5.60471725
62 -538.05322266 -5.60472107
63 -538.05419922 -5.60473124
64 -538.05383301 -5.60472743
65 -538.05462646 -5.60473569
66 -538.05462646 -5.60473569
67 -538.05560303 -5.60474586
68 -538.05615234 -5.60475159
69 -538.05633545 -5.60475349
70 -538.05621338 -5.60475222
71 -538.05743408 -5.60476494
72 -538.05688477 -5.60475922
73 -538.05737305 -5.60476430
74 -538.05755615 -5.60476621
75 -538.05731201 -5.60476367
76 -538.05682373 -5.60475858
77 -538.05664062 -5.60475667
78 -538.05712891 -5.60476176
79 -538.05560303 -5.60474586
80 -538.05700684 -5.60476049
81 -538.05645752 -5.60475477
82 -538.05664062 -5.60475667
83 -538.05639648 -5.60475413
84 -538.05639648 -5.60475413
85 -538.05651855 -5.60475540
86 -538.05773926 -5.60476812
87 -538.05694580 -5.60475985
88 -538.05670166 -5.60475731
89 -538.05657959 -5.60475604
90 -538.05718994 -5.60476240
91 -538.05755615 -5.60476621
92 -538.05688477 -5.60475922
93 -538.05731201 -5.60476367
94 -538.05718994 -5.60476240
95 -538.05712891 -5.60476176
96 -538.05700684 -5.60476049
97 -538.05737305 -5.60476430
98 -538.05706787 -5.60476112
99 -538.05664062 -5.60475667
100 -538.05664062 -5.60475667
101 -538.05627441 -5.60475286
102 -538.05627441 -5.60475286
103 -538.05590820 -5.60474904
104 -538.05627441 -5.60475286
105 -538.05578613 -5.60474777
106 -538.05590820 -5.60474904
107 -538.05462646 -5.60473569
108 -538.05554199 -5.60474523
109 -538.05432129 -5.60473251
110 -538.05444336 -5.60473378
111 -538.05456543 -5.60473506
112 -538.05590820 -5.60474904
113 -538.05627441 -5.60475286
114 -538.05609131 -5.60475095
115 -538.05743408 -5.60476494
116 -538.05700684 -5.60476049
117 -538.05651855 -5.60475540
118 -538.05688477 -5.60475922
119 -538.05718994 -5.60476240
120 -538.05615234 -5.60475159
121 -538.05725098 -5.60476303
122 -538.05688477 -5.60475922
123 -538.05767822 -5.60476748
124 -538.05847168 -5.60477575
125 -538.05963135 -5.60478783
126 -538.05999756 -5.60479164
127 -538.05950928 -5.60478655
128 -538.06091309 -5.60480118
129 -538.06060791 -5.60479800
130 -538.06072998 -5.60479927
131 -538.06164551 -5.60480881
132 -538.06170654 -5.60480944
133 -538.06176758 -5.60481008
134 -538.06201172 -5.60481262
135 -538.06292725 -5.60482216
136 -538.06274414 -5.60482025
137 -538.06329346 -5.60482597
138 -538.06427002 -5.60483615
139 -538.06445312 -5.60483805
140 -538.06506348 -5.60484441
141 -538.06500244 -5.60484378
142 -538.06475830 -5.60484123
143 -538.06671143 -5.60486158
144 -538.06713867 -5.60486603
145 -538.06732178 -5.60486794
146 -538.06744385 -5.60486921
147 -538.06707764 -5.60486539
148 -538.06781006 -5.60487302
149 -538.06762695 -5.60487111
150 -538.06787109 -5.60487366
151 -538.06842041 -5.60487938
152 -538.06781006 -5.60487302
153 -538.06890869 -5.60488447
154 -538.06939697 -5.60488955
155 -538.06970215 -5.60489273
156 -538.07055664 -5.60490163
157 -538.07055664 -5.60490163
158 -538.07055664 -5.60490163
159 -538.07116699 -5.60490799
160 -538.07104492 -5.60490672
161 -538.07122803 -5.60490863
162 -538.07238770 -5.60492071
163 -538.07269287 -5.60492388
164 -538.07397461 -5.60493724
165 -538.07446289 -5.60494232
166 -538.07409668 -5.60493851
167 -538.07501221 -5.60494804
168 -538.07446289 -5.60494232
169 -538.07476807 -5.60494550
170 -538.07391357 -5.60493660
171 -538.07391357 -5.60493660
172 -538.07434082 -5.60494105
173 -538.07495117 -5.60494741
174 -538.07556152 -5.60495377
175 -538.07550049 -5.60495313
176 -538.07562256 -5.60495440
177 -538.07476807 -5.60494550
178 -538.07507324 -5.60494868
179 -538.07623291 -5.60496076
180 -538.07641602 -5.60496267
181 -538.07611084 -5.60495949
182 -538.07641602 -5.60496267
183 -538.07666016 -5.60496521
184 -538.07629395 -5.60496140
185 -538.07666016 -5.60496521
186 -538.07623291 -5.60496076
187 -538.07696533 -5.60496839
188 -538.07672119 -5.60496585
189 -538.07702637 -5.60496902
190 -538.07684326 -5.60496712
191 -538.07598877 -5.60495822
192 -538.07531738 -5.60495122
193 -538.07556152 -5.60495377
194 -538.07531738 -5.60495122
195 -538.07580566 -5.60495631
196 -538.07543945 -5.60495249
197 -538.07513428 -5.60494932
198 -538.07489014 -5.60494677
199 -538.07495117 -5.60494741
200 -538.07507324 -5.60494868
201 -538.07611084 -5.60495949
202 -538.07574463 -5.60495567
203 -538.07550049 -5.60495313
204 -538.07495117 -5.60494741
205 -538.07440186 -5.60494169
206 -538.07489014 -5.60494677
207 -538.07537842 -5.60495186
208 -538.07458496 -5.60494359
209 -538.07458496 -5.60494359
210 -538.07513428 -5.60494932
211 -538.07470703 -5.60494486
212 -538.07519531 -5.60494995
213 -538.07495117 -5.60494741
214 -538.07397461 -5.60493724
215 -538.07470703 -5.60494486
216 -538.07476807 -5.60494550
217 -538.07452393 -5.60494296
218 -538.07495117 -5.60494741
219 -538.07495117 -5.60494741
220 -538.07556152 -5.60495377
221 -538.07476807 -5.60494550
222 -538.07604980 -5.60495885
223 -538.07574463 -5.60495567
224 -538.07482910 -5.60494614
225 -538.07537842 -5.60495186
226 -538.07427979 -5.60494041
227 -538.07489014 -5.60494677
228 -538.07470703 -5.60494486
229 -538.07385254 -5.60493596
230 -538.07470703 -5.60494486
231 -538.07434082 -5.60494105
232 -538.07482910 -5.60494614
233 -538.07470703 -5.60494486
234 -538.07543945 -5.60495249
235 -538.07586670 -5.60495694
236 -538.07611084 -5.60495949
237 -538.07702637 -5.60496902
238 -538.07659912 -5.60496457
239 -538.07641602 -5.60496267
240 -538.07714844 -5.60497030
241 -538.07745361 -5.60497348
242 -538.07800293 -5.60497920
243 -538.07794189 -5.60497856
244 -538.07849121 -5.60498428
245 -538.07818604 -5.60498110
246 -538.07739258 -5.60497284
247 -538.07757568 -5.60497475
248 -538.07775879 -5.60497665
249 -538.07739258 -5.60497284
250 -538.07714844 -5.60497030
251 -538.07788086 -5.60497793
252 -538.07806396 -5.60497983
253 -538.07751465 -5.60497411
254 -538.07794189 -5.60497856
255 -538.07836914 -5.60498301
256 -538.07910156 -5.60499064
257 -538.07855225 -5.60498492
258 -538.07788086 -5.60497793
259 -538.07843018 -5.60498365
260 -538.07861328 -5.60498556
261 -538.07806396 -5.60497983
262 -538.07781982 -5.60497729
263 -538.07904053 -5.60499001
264 -538.07861328 -5.60498556
265 -538.07867432 -5.60498619
266 -538.07873535 -5.60498683
267 -538.07861328 -5.60498556
268 -538.07861328 -5.60498556
269 -538.07885742 -5.60498810
270 -538.07739258 -5.60497284
271 -538.07806396 -5.60497983
272 -538.07727051 -5.60497157
273 -538.07769775 -5.60497602
274 -538.07745361 -5.60497348
275 -538.07653809 -5.60496394
276 -538.07714844 -5.60497030
277 -538.07690430 -5.60496775
278 -538.07592773 -5.60495758
279 -538.07586670 -5.60495694
280 -538.07495117 -5.60494741
281 -538.07409668 -5.60493851
282 -538.07427979 -5.60494041
283 -538.07421875 -5.60493978
284 -538.07409668 -5.60493851
285 -538.07312012 -5.60492833
286 -538.07324219 -5.60492961
287 -538.07232666 -5.60492007
288 -538.07312012 -5.60492833
289 -538.07196045 -5.60491625
290 -538.07012939 -5.60489718
291 -538.07116699 -5.60490799
292 -538.07165527 -5.60491308
293 -538.07116699 -5.60490799
294 -538.07159424 -5.60491244
295 -538.07165527 -5.60491308
296 -538.07189941 -5.60491562
297 -538.07183838 -5.60491498
298 -538.07122803 -5.60490863
299 -538.07244873 -5.60492134
300 -538.07141113 -5.60491053
301 -538.07159424 -5.60491244
302 -538.07189941 -5.60491562
303 -538.07220459 -5.60491880
304 -538.07275391 -5.60492452
305 -538.07208252 -5.60491753
306 -538.07226562 -5.60491943
307 -538.07287598 -5.60492579
308 -538.07299805 -5.60492706
309 -538.07415771 -5.60493914
310 -538.07403564 -5.60493787
311 -538.07421875 -5.60493978
312 -538.07385254 -5.60493596
313 -538.07366943 -5.60493406
314 -538.07403564 -5.60493787
315 -538.07354736 -5.60493279
316 -538.07470703 -5.60494486
317 -538.07556152 -5.60495377
318 -538.07501221 -5.60494804
319 -538.07684326 -5.60496712
320 -538.07702637 -5.60496902
321 -538.07745361 -5.60497348
322 -538.07739258 -5.60497284
323 -538.07812500 -5.60498047
324 -538.07775879 -5.60497665
325 -538.07800293 -5.60497920
326 -538.07934570 -5.60499318
327 -538.07965088 -5.60499636
328 -538.08020020 -5.60500209
329 -538.08081055 -5.60500844
330 -538.08081055 -5.60500844
331 -538.08209229 -5.60502179
332 -538.08239746 -5.60502497
333 -538.08245850 -5.60502561
334 -538.08276367 -5.60502879
335 -538.08306885 -5.60503197
336 -538.08337402 -5.60503515
337 -538.08392334 -5.60504087
338 -538.08410645 -5.60504278
339 -538.08349609 -5.60503642
340 -538.08459473 -5.60504786
341 -538.08465576 -5.60504850
342 -538.08502197 -5.60505231
343 -538.08416748 -5.60504341
344 -538.08410645 -5.60504278
345 -538.08441162 -5.60504595
346 -538.08355713 -5.60503705
347 -538.08380127 -5.60503960
348 -538.08325195 -5.60503387
349 -538.08355713 -5.60503705
350 -538.08258057 -5.60502688
351 -538.08270264 -5.60502815
352 -538.08282471 -5.60502942
353 -538.08221436 -5.60502307
354 -538.08282471 -5.60502942
355 -538.08203125 -5.60502116
356 -538.08276367 -5.60502879
357 -538.08233643 -5.60502434
358 -538.08197021 -5.60502052
359 -538.08123779 -5.60501289
360 -538.08111572 -5.60501162
361 -538.07928467 -5.60499255
362 -538.07965088 -5.60499636
363 -538.07916260 -5.60499128
364 -538.08032227 -5.60500336
365 -538.07873535 -5.60498683
366 -538.07934570 -5.60499318
367 -538.07946777 -5.60499446
368 -538.07812500 -5.60498047
369 -538.07690430 -5.60496775
370 -538.07849121 -5.60498428
371 -538.07849121 -5.60498428
372 -538.07720947 -5.60497093
373 -538.07751465 -5.60497411
374 -538.07733154 -5.60497220
375 -538.07696533 -5.60496839
376 -538.07696533 -5.60496839
377 -538.07647705 -5.60496330
378 -538.07659912 -5.60496457
379 -538.07678223 -5.60496648
380 -538.07678223 -5.60496648
381 -538.07513428 -5.60494932
382 -538.07604980 -5.60495885
383 -538.07519531 -5.60494995
384 -538.07464600 -5.60494423
385 -538.07446289 -5.60494232
386 -538.07348633 -5.60493215
387 -538.07476807 -5.60494550
388 -538.07440186 -5.60494169
389 -538.07507324 -5.60494868
390 -538.07501221 -5.60494804
391 -538.07427979 -5.60494041
392 -538.07568359 -5.60495504
393 -538.07409668 -5.60493851
394 -538.07452393 -5.60494296
395 -538.07495117 -5.60494741
396 -538.07421875 -5.60493978
397 -538.07489014 -5.60494677
398 -538.07489014 -5.60494677
399 -538.07543945 -5.60495249
400 -538.07476807 -5.60494550
401 -538.07550049 -5.60495313
402 -538.07525635 -5.60495059
403 -538.07525635 -5.60495059
404 -538.07580566 -5.60495631
405 -538.07598877 -5.60495822
406 -538.07611084 -5.60495949
407 -538.07629395 -5.60496140
408 -538.07580566 -5.60495631
409 -538.07598877 -5.60495822
410 -538.07513428 -5.60494932
411 -538.07629395 -5.60496140
412 -538.07666016 -5.60496521
413 -538.07641602 -5.60496267
414 -538.07757568 -5.60497475
415 -538.07824707 -5.60498174
416 -538.07800293 -5.60497920
417 -538.07800293 -5.60497920
418 -538.07873535 -5.60498683
419 -538.07867432 -5.60498619
420 -538.07958984 -5.60499573
421 -538.07965088 -5.60499636
422 -538.07934570 -5.60499318
423 -538.08044434 -5.60500463
424 -538.08087158 -5.60500908
425 -538.08123779 -5.60501289
426 -538.08190918 -5.60501989
427 -538.08184814 -5.60501925
428 -538.08117676 -5.60501226
429 -538.08233643 -5.60502434
430 -538.08154297 -5.60501607
431 -538.08148193 -5.60501544
432 -538.08056641 -5.60500590
433 -538.08178711 -5.60501862
434 -538.08166504 -5.60501734
435 -538.08105469 -5.60501099
436 -538.08056641 -5.60500590
437 -538.08007812 -5.60500081
438 -538.08038330 -5.60500399
439 -538.08087158 -5.60500908
440 -538.08117676 -5.60501226
441 -538.08056641 -5.60500590
442 -538.07995605 -5.60499954
443 -538.08056641 -5.60500590
444 -538.08032227 -5.60500336
445 -538.07989502 -5.60499891
446 -538.08001709 -5.60500018
447 -538.08111572 -5.60501162
448 -538.08044434 -5.60500463
449 -538.08081055 -5.60500844
450 -538.07983398 -5.60499827
451 -538.08007812 -5.60500081
452 -538.07873535 -5.60498683
453 -538.07867432 -5.60498619
454 -538.07843018 -5.60498365
455 -538.07836914 -5.60498301
456 -538.07867432 -5.60498619
457 -538.07800293 -5.60497920
458 -538.07800293 -5.60497920
459 -538.07885742 -5.60498810
460 -538.07867432 -5.60498619
461 -538.07910156 -5.60499064
462 -538.07800293 -5.60497920
463 -538.07818604 -5.60498110
464 -538.07788086 -5.60497793
465 -538.07720947 -5.60497093
466 -538.07745361 -5.60497348
467 -538.07800293 -5.60497920
468 -538.07849121 -5.60498428
469 -538.07885742 -5.60498810
470 -538.07916260 -5.60499128
471 -538.07891846 -5.60498873
472 -538.07885742 -5.60498810
473 -538.07830811 -5.60498238
474 -538.07812500 -5.60498047
475 -538.07891846 -5.60498873
476 -538.07904053 -5.60499001
477 -538.07861328 -5.60498556
478 -538.07824707 -5.60498174
479 -538.07904053 -5.60499001
480 -538.07934570 -5.60499318
481 -538.07904053 -5.60499001
482 -538.07928467 -5.60499255
483 -538.07952881 -5.60499509
484 -538.07971191 -5.60499700
485 -538.08007812 -5.60500081
486 -538.07971191 -5.60499700
487 -538.08026123 -5.60500272
488 -538.08044434 -5.60500463
489 -538.07989502 -5.60499891
490 -538.08007812 -5.60500081
491 -538.08062744 -5.60500654
492 -538.08093262 -5.60500971
493 -538.08209229 -5.60502179
494 -538.08203125 -5.60502116
495 -538.08245850 -5.60502561
496 -538.08239746 -5.60502497
497 -538.08258057 -5.60502688
498 -538.08154297 -5.60501607
499 -538.08099365 -5.60501035
500 -538.08142090 -5.60501480
501 -538.08160400 -5.60501671
502 -538.08129883 -5.60501353
503 -538.08117676 -5.60501226
504 -538.08129883 -5.60501353
505 -538.08166504 -5.60501734
506 -538.08184814 -5.60501925
507 -538.08172607 -5.60501798
508 -538.08093262 -5.60500971
509 -538.08166504 -5.60501734
510 -538.08239746 -5.60502497
511 -538.08154297 -5.60501607
512 -538.08154297 -5.60501607
513 -538.08160400 -5.60501671
514 -538.08062744 -5.60500654
515 -538.08062744 -5.60500654
516 -538.08062744 -5.60500654
517 -538.08081055 -5.60500844
518 -538.08074951 -5.60500781
519 -538.08166504 -5.60501734
520 -538.08148193 -5.60501544
521 -538.08160400 -5.60501671
522 -538.08056641 -5.60500590
523 -538.08044434 -5.60500463
524 -538.07885742 -5.60498810
525 -538.07971191 -5.60499700
526 -538.07946777 -5.60499446
527 -538.07910156 -5.60499064
528 -538.07885742 -5.60498810
529 -538.07830811 -5.60498238
530 -538.07781982 -5.60497729
531 -538.07757568 -5.60497475
532 -538.07788086 -5.60497793
533 -538.07720947 -5.60497093
534 -538.07592773 -5.60495758
535 -538.07678223 -5.60496648
536 -538.07556152 -5.60495377
537 -538.07519531 -5.60494995
538 -538.07434082 -5.60494105
539 -538.07452393 -5.60494296
540 -538.07385254 -5.60493596
541 -538.07293701 -5.60492643
542 -538.07244873 -5.60492134
543 -538.07226562 -5.60491943
544 -538.07299805 -5.60492706
545 -538.07214355 -5.60491816
546 -538.07293701 -5.60492643
547 -538.07293701 -5.60492643
548 -538.07312012 -5.60492833
549 -538.07324219 -5.60492961
550 -538.07257080 -5.60492261
551 -538.07348633 -5.60493215
552 -538.07275391 -5.60492452
553 -538.07116699 -5.60490799
554 -538.07177734 -5.60491435
555 -538.07110596 -5.60490735
556 -538.07092285 -5.60490545
557 -538.07067871 -5.60490290
558 -538.06866455 -5.60488192
559 -538.06945801 -5.60489019
560 -538.06835938 -5.60487874
561 -538.06787109 -5.60487366
562 -538.06689453 -5.60486348
563 -538.06610107 -5.60485522
564 -538.06518555 -5.60484568
565 -538.06561279 -5.60485013
566 -538.06420898 -5.60483551
567 -538.06451416 -5.60483869
568 -538.06353760 -5.60482852
569 -538.06286621 -5.60482152
570 -538.06158447 -5.60480817
571 -538.06146240 -5.60480690
572 -538.06134033 -5.60480563
573 -538.06054688 -5.60479736
574 -538.05865479 -5.60477765
575 -538.05834961 -5.60477448
576 -538.05749512 -5.60476557
577 -538.05603027 -5.60475032
578 -538.05560303 -5.60474586
579 -538.05566406 -5.60474650
580 -538.05395508 -5.60472870
581 -538.05450439 -5.60473442
582 -538.05371094 -5.60472616
583 -538.05200195 -5.60470835
584 -538.05017090 -5.60468928
585 -538.05010986 -5.60468864
586 -538.04937744 -5.60468102
587 -538.04779053 -5.60466448
588 -538.04711914 -5.60465749
589 -538.04663086 -5.60465240
590 -538.04644775 -5.60465050
591 -538.04534912 -5.60463905
592 -538.04357910 -5.60462062
593 -538.04296875 -5.60461426
