0 -512.94128418 -6.93163898
1 -512.94537354 -6.93169424
2 -512.94903564 -6.93174372
3 -512.95086670 -6.93176847
4 -512.95410156 -6.93181218
5 -512.95678711 -6.93184847
6 -512.95910645 -6.93187982
7 -512.95965576 -6.93188724
8 -512.96160889 -6.93191363
9 -512.96289062 -6.93193095
10 -512.96392822 -6.93194498
11 -512.96569824 -6.93196890
12 -512.96740723 -6.93199199
13 -512.96887207 -6.93201178
14 -512.96984863 -6.93202498
15 -512.97113037 -6.93204230
16 -512.97271729 -6.93206375
17 -512.97314453 -6.93206952
18 -512.97424316 -6.93208437
19 -512.97558594 -6.93210251
20 -512.97644043 -6.93211406
21 -512.97705078 -6.93212231
22 -512.97802734 -6.93213550
23 -512.97845459 -6.93214128
24 -512.98022461 -6.93216520
25 -512.98010254 -6.93216355
26 -512.98156738 -6.93218334
27 -512.98211670 -6.93219077
28 -512.98181152 -6.93218664
29 -512.98284912 -6.93220066
30 -512.98370361 -6.93221221
31 -512.98327637 -6.93220644
32 -512.98474121 -6.93222623
33 -512.98492432 -6.93222871
34 -512.98571777 -6.93223943
35 -512.98498535 -6.93222953
36 -512.98645020 -6.93224933
37 -512.98657227 -6.93225098
38 -512.98669434 -6.93225263
39 -512.98724365 -6.93226005
40 -512.98724365 -6.93226005
41 -512.98767090 -6.93226582
42 -512.98840332 -6.93227572
43 -512.98840332 -6.93227572
44 -512.98828125 -6.93227407
45 -512.98937988 -6.93228892
46 -512.98944092 -6.93228974
47 -512.98962402 -6.93229222
48 -512.99072266 -6.93230706
49 -512.99096680 -6.93231036
50 -512.99078369 -6.93230789
51 -512.99066162 -6.93230624
52 -512.99047852 -6.93230376
53 -512.99243164 -6.93233016
54 -512.99255371 -6.93233181
55 -512.99279785 -6.93233511
56 -512.99218750 -6.93232686
57 -512.99194336 -6.93232356
58 -512.99267578 -6.93233346
59 -512.99279785 -6.93233511
60 -512.99267578 -6.93233346
61 -512.99346924 -6.93234418
62 -512.99267578 -6.93233346
63 -512.99346924 -6.93234418
64 -512.99438477 -6.93235655
65 -512.99438477 -6.93235655
66 -512.99401855 -6.93235160
67 -512.99511719 -6.93236645
68 -512.99572754 -6.93237470
69 -512.99548340 -6.93237140
70 -512.99597168 -6.93237800
71 -512.99652100 -6.93238542
72 -512.99670410 -6.93238789
73 -512.99707031 -6.93239284
74 -512.99639893 -6.93238377
75 -512.99792480 -6.93240439
76 -512.99774170 -6.93240191
77 -512.99786377 -6.93240356
78 -512.99896240 -6.93241841
79 -512.99914551 -6.93242089
80 -512.99963379 -6.93242748
81 -512.99987793 -6.93243078
82 -512.99938965 -6.93242418
83 -513.00061035 -6.93244068
84 -512.99987793 -6.93243078
85 -512.99987793 -6.93243078
86 -513.00048828 -6.93243903
87 -513.00036621 -6.93243738
88 -513.00170898 -6.93245553
89 -513.00048828 -6.93243903
90 -513.00054932 -6.93243986
91 -513.00036621 -6.93243738
92 -513.00091553 -6.93244480
93 -513.00036621 -6.93243738
94 -513.00006104 -6.93243326
95 -513.00048828 -6.93243903
96 -513.00091553 -6.93244480
97 -513.00170898 -6.93245553
98 -513.00122070 -6.93244893
99 -513.00146484 -6.93245223
100 -513.00128174 -6.93244975
101 -513.00122070 -6.93244893
102 -513.00152588 -6.93245305
103 -513.00128174 -6.93244975
104 -513.00122070 -6.93244893
105 -513.00103760 -6.93244645
106 -513.00250244 -6.93246625
107 -513.00225830 -6.93246295
108 -513.00256348 -6.93246707
109 -513.00231934 -6.93246377
110 -513.00158691 -6.93245388
111 -513.00207520 -6.93246048
112 -513.00170898 -6.93245553
113 -513.00109863 -6.93244728
114 -513.00170898 -6.93245553
115 -513.00280762 -6.93247037
116 -513.00262451 -6.93246790
117 -513.00268555 -6.93246872
118 -513.00201416 -6.93245965
119 -513.00109863 -6.93244728
120 -513.00109863 -6.93244728
121 -513.00164795 -6.93245470
122 -513.00189209 -6.93245800
123 -513.00231934 -6.93246377
124 -513.00225830 -6.93246295
125 -513.00195312 -6.93245883
126 -513.00097656 -6.93244563
127 -513.00115967 -6.93244810
128 -513.00134277 -6.93245058
129 -513.00097656 -6.93244563
130 -513.00085449 -6.93244398
131 -513.00030518 -6.93243656
132 -513.00036621 -6.93243738
133 -513.00128174 -6.93244975
134 -513.00189209 -6.93245800
135 -513.00103760 -6.93244645
136 -513.00195312 -6.93245883
137 -513.00244141 -6.93246542
138 -513.00146484 -6.93245223
139 -513.00274658 -6.93246955
140 -513.00244141 -6.93246542
141 -513.00262451 -6.93246790
142 -513.00183105 -6.93245718
143 -513.00152588 -6.93245305
144 -513.00146484 -6.93245223
145 -513.00170898 -6.93245553
146 -513.00140381 -6.93245140
147 -513.00146484 -6.93245223
148 -513.00134277 -6.93245058
149 -513.00170898 -6.93245553
150 -513.00146484 -6.93245223
151 -513.00146484 -6.93245223
152 -513.00158691 -6.93245388
153 -513.00158691 -6.93245388
154 -513.00170898 -6.93245553
155 -513.00152588 -6.93245305
156 -513.00158691 -6.93245388
157 -513.00207520 -6.93246048
158 -513.00213623 -6.93246130
159 -513.00231934 -6.93246377
160 -513.00170898 -6.93245553
161 -513.00219727 -6.93246213
162 -513.00238037 -6.93246460
163 -513.00231934 -6.93246377
164 -513.00244141 -6.93246542
165 -513.00280762 -6.93247037
166 -513.00183105 -6.93245718
167 -513.00213623 -6.93246130
168 -513.00268555 -6.93246872
169 -513.00305176 -6.93247367
170 -513.00280762 -6.93247037
171 -513.00256348 -6.93246707
172 -513.00286865 -6.93247120
173 -513.00292969 -6.93247202
174 -513.00305176 -6.93247367
175 -513.00323486 -6.93247615
176 -513.00354004 -6.93248027
177 -513.00366211 -6.93248192
178 -513.00433350 -6.93249099
179 -513.00433350 -6.93249099
180 -513.00537109 -6.93250501
181 -513.00604248 -6.93251409
182 -513.00512695 -6.93250172
183 -513.00573730 -6.93250996
184 -513.00549316 -6.93250666
185 -513.00549316 -6.93250666
186 -513.00476074 -6.93249677
187 -513.00555420 -6.93250749
188 -513.00622559 -6.93251656
189 -513.00555420 -6.93250749
190 -513.00628662 -6.93251739
191 -513.00573730 -6.93250996
192 -513.00628662 -6.93251739
193 -513.00634766 -6.93251821
194 -513.00622559 -6.93251656
195 -513.00524902 -6.93250337
196 -513.00665283 -6.93252234
197 -513.00604248 -6.93251409
198 -513.00555420 -6.93250749
199 -513.00506592 -6.93250089
200 -513.00561523 -6.93250831
201 -513.00531006 -6.93250419
202 -513.00622559 -6.93251656
203 -513.00549316 -6.93250666
204 -513.00537109 -6.93250501
205 -513.00506592 -6.93250089
206 -513.00567627 -6.93250914
207 -513.00579834 -6.93251079
208 -513.00616455 -6.93251574
209 -513.00561523 -6.93250831
210 -513.00524902 -6.93250337
211 -513.00482178 -6.93249759
212 -513.00537109 -6.93250501
213 -513.00500488 -6.93250007
214 -513.00469971 -6.93249594
215 -513.00469971 -6.93249594
216 -513.00463867 -6.93249512
217 -513.00427246 -6.93249017
218 -513.00463867 -6.93249512
219 -513.00457764 -6.93249429
220 -513.00518799 -6.93250254
221 -513.00378418 -6.93248357
222 -513.00451660 -6.93249347
223 -513.00427246 -6.93249017
224 -513.00451660 -6.93249347
225 -513.00408936 -6.93248769
226 -513.00384521 -6.93248439
227 -513.00451660 -6.93249347
228 -513.00457764 -6.93249429
229 -513.00439453 -6.93249182
230 -513.00457764 -6.93249429
231 -513.00476074 -6.93249677
232 -513.00488281 -6.93249842
233 -513.00512695 -6.93250172
234 -513.00463867 -6.93249512
235 -513.00354004 -6.93248027
236 -513.00421143 -6.93248934
237 -513.00390625 -6.93248522
238 -513.00457764 -6.93249429
239 -513.00469971 -6.93249594
240 -513.00451660 -6.93249347
241 -513.00354004 -6.93248027
242 -513.00323486 -6.93247615
243 -513.00292969 -6.93247202
244 -513.00311279 -6.93247450
245 -513.00402832 -6.93248687
246 -513.00360107 -6.93248110
247 -513.00378418 -6.93248357
248 -513.00384521 -6.93248439
249 -513.00317383 -6.93247532
250 -513.00323486 -6.93247615
251 -513.00256348 -6.93246707
252 -513.00354004 -6.93248027
253 -513.00341797 -6.93247862
254 -513.00366211 -6.93248192
255 -513.00305176 -6.93247367
256 -513.00292969 -6.93247202
257 -513.00219727 -6.93246213
258 -513.00115967 -6.93244810
259 -513.00244141 -6.93246542
260 -513.00219727 -6.93246213
261 -513.00219727 -6.93246213
262 -513.00170898 -6.93245553
263 -513.00238037 -6.93246460
264 -513.00274658 -6.93246955
265 -513.00256348 -6.93246707
266 -513.00366211 -6.93248192
267 -513.00280762 -6.93247037
268 -513.00354004 -6.93248027
269 -513.00292969 -6.93247202
270 -513.00189209 -6.93245800
271 -513.00238037 -6.93246460
272 -513.00170898 -6.93245553
273 -513.00079346 -6.93244315
274 -513.00091553 -6.93244480
275 -513.00103760 -6.93244645
276 -513.00134277 -6.93245058
277 -513.00073242 -6.93244233
278 -512.99993896 -6.93243161
279 -513.00006104 -6.93243326
280 -513.00073242 -6.93244233
281 -513.00042725 -6.93243821
282 -512.99926758 -6.93242253
283 -512.99987793 -6.93243078
284 -512.99945068 -6.93242501
285 -513.00000000 -6.93243243
286 -513.00036621 -6.93243738
287 -513.00042725 -6.93243821
288 -513.00085449 -6.93244398
289 -513.00085449 -6.93244398
290 -513.00177002 -6.93245635
291 -513.00085449 -6.93244398
292 -513.00134277 -6.93245058
293 -513.00091553 -6.93244480
294 -513.00085449 -6.93244398
295 -513.00128174 -6.93244975
296 -513.00048828 -6.93243903
297 -513.00000000 -6.93243243
298 -513.00006104 -6.93243326
299 -512.99993896 -6.93243161
300 -512.99963379 -6.93242748
301 -512.99938965 -6.93242418
302 -512.99877930 -6.93241594
303 -512.99945068 -6.93242501
304 -512.99914551 -6.93242089
305 -513.00036621 -6.93243738
306 -512.99993896 -6.93243161
307 -513.00054932 -6.93243986
308 -513.00000000 -6.93243243
309 -512.99969482 -6.93242831
310 -512.99975586 -6.93242913
311 -512.99896240 -6.93241841
312 -512.99890137 -6.93241759
313 -512.99847412 -6.93241181
314 -512.99847412 -6.93241181
315 -512.99755859 -6.93239944
316 -512.99920654 -6.93242171
317 -512.99951172 -6.93242583
318 -512.99774170 -6.93240191
319 -512.99816895 -6.93240769
320 -512.99761963 -6.93240027
321 -512.99841309 -6.93241099
322 -512.99792480 -6.93240439
323 -512.99908447 -6.93242006
324 -512.99926758 -6.93242253
325 -512.99810791 -6.93240686
326 -512.99890137 -6.93241759
327 -512.99798584 -6.93240521
328 -512.99731445 -6.93239614
329 -512.99725342 -6.93239532
330 -512.99713135 -6.93239367
331 -512.99725342 -6.93239532
332 -512.99780273 -6.93240274
333 -512.99707031 -6.93239284
334 -512.99725342 -6.93239532
335 -512.99719238 -6.93239449
336 -512.99694824 -6.93239119
337 -512.99621582 -6.93238129
338 -512.99572754 -6.93237470
339 -512.99511719 -6.93236645
340 -512.99536133 -6.93236975
341 -512.99572754 -6.93237470
342 -512.99584961 -6.93237635
343 -512.99615479 -6.93238047
344 -512.99621582 -6.93238129
345 -512.99688721 -6.93239037
346 -512.99658203 -6.93238624
347 -512.99725342 -6.93239532
348 -512.99749756 -6.93239862
349 -512.99780273 -6.93240274
350 -512.99774170 -6.93240191
351 -512.99700928 -6.93239202
352 -512.99609375 -6.93237965
353 -512.99609375 -6.93237965
354 -512.99505615 -6.93236562
355 -512.99560547 -6.93237305
356 -512.99481201 -6.93236232
357 -512.99462891 -6.93235985
358 -512.99407959 -6.93235243
359 -512.99328613 -6.93234170
360 -512.99395752 -6.93235078
361 -512.99426270 -6.93235490
362 -512.99597168 -6.93237800
363 -512.99627686 -6.93238212
364 -512.99572754 -6.93237470
365 -512.99658203 -6.93238624
366 -512.99597168 -6.93237800
367 -512.99560547 -6.93237305
368 -512.99536133 -6.93236975
369 -512.99389648 -6.93234995
370 -512.99493408 -6.93236397
371 -512.99511719 -6.93236645
372 -512.99475098 -6.93236150
373 -512.99536133 -6.93236975
374 -512.99420166 -6.93235408
375 -512.99377441 -6.93234830
376 -512.99475098 -6.93236150
377 -512.99401855 -6.93235160
378 -512.99377441 -6.93234830
379 -512.99420166 -6.93235408
380 -512.99475098 -6.93236150
381 -512.99542236 -6.93237057
382 -512.99493408 -6.93236397
383 -512.99499512 -6.93236480
384 -512.99481201 -6.93236232
385 -512.99536133 -6.93236975
386 -512.99597168 -6.93237800
387 -512.99530029 -6.93236892
388 -512.99542236 -6.93237057
389 -512.99548340 -6.93237140
390 -512.99542236 -6.93237057
391 -512.99548340 -6.93237140
392 -512.99554443 -6.93237222
393 -512.99566650 -6.93237387
394 -512.99572754 -6.93237470
395 -512.99560547 -6.93237305
396 -512.99536133 -6.93236975
397 -512.99572754 -6.93237470
398 -512.99621582 -6.93238129
399 -512.99694824 -6.93239119
400 -512.99682617 -6.93238954
401 -512.99694824 -6.93239119
402 -512.99731445 -6.93239614
403 -512.99658203 -6.93238624
404 -512.99768066 -6.93240109
405 -512.99713135 -6.93239367
406 -512.99664307 -6.93238707
407 -512.99719238 -6.93239449
408 -512.99664307 -6.93238707
409 -512.99633789 -6.93238294
410 -512.99609375 -6.93237965
411 -512.99609375 -6.93237965
412 -512.99633789 -6.93238294
413 -512.99694824 -6.93239119
414 -512.99664307 -6.93238707
415 -512.99731445 -6.93239614
416 -512.99737549 -6.93239697
417 -512.99755859 -6.93239944
418 -512.99761963 -6.93240027
419 -512.99713135 -6.93239367
420 -512.99774170 -6.93240191
421 -512.99847412 -6.93241181
422 -512.99871826 -6.93241511
423 -512.99938965 -6.93242418
424 -512.99896240 -6.93241841
425 -512.99914551 -6.93242089
426 -512.99951172 -6.93242583
427 -512.99945068 -6.93242501
428 -513.00048828 -6.93243903
429 -513.00067139 -6.93244151
430 -513.00042725 -6.93243821
431 -513.00079346 -6.93244315
432 -512.99951172 -6.93242583
433 -512.99896240 -6.93241841
434 -512.99914551 -6.93242089
435 -512.99932861 -6.93242336
436 -512.99841309 -6.93241099
437 -512.99841309 -6.93241099
438 -512.99847412 -6.93241181
439 -512.99829102 -6.93240934
440 -512.99804688 -6.93240604
441 -512.99822998 -6.93240851
442 -512.99908447 -6.93242006
443 -512.99847412 -6.93241181
444 -512.99908447 -6.93242006
445 -512.99902344 -6.93241924
446 -512.99902344 -6.93241924
447 -512.99926758 -6.93242253
448 -512.99902344 -6.93241924
449 -512.99865723 -6.93241429
450 -512.99896240 -6.93241841
451 -512.99902344 -6.93241924
452 -512.99816895 -6.93240769
453 -512.99792480 -6.93240439
454 -512.99822998 -6.93240851
455 -512.99865723 -6.93241429
456 -512.99798584 -6.93240521
457 -512.99780273 -6.93240274
458 -512.99749756 -6.93239862
459 -512.99755859 -6.93239944
460 -512.99725342 -6.93239532
461 -512.99780273 -6.93240274
462 -512.99786377 -6.93240356
463 -512.99786377 -6.93240356
464 -512.99786377 -6.93240356
465 -512.99694824 -6.93239119
466 -512.99700928 -6.93239202
467 -512.99761963 -6.93240027
468 -512.99768066 -6.93240109
469 -512.99694824 -6.93239119
470 -512.99792480 -6.93240439
471 -512.99792480 -6.93240439
472 -512.99816895 -6.93240769
473 -512.99780273 -6.93240274
474 -512.99768066 -6.93240109
475 -512.99737549 -6.93239697
476 -512.99707031 -6.93239284
477 -512.99719238 -6.93239449
478 -512.99737549 -6.93239697
479 -512.99719238 -6.93239449
480 -512.99694824 -6.93239119
481 -512.99609375 -6.93237965
482 -512.99639893 -6.93238377
483 -512.99560547 -6.93237305
484 -512.99572754 -6.93237470
485 -512.99609375 -6.93237965
486 -512.99645996 -6.93238459
487 -512.99499512 -6.93236480
488 -512.99597168 -6.93237800
489 -512.99603271 -6.93237882
490 -512.99523926 -6.93236810
491 -512.99566650 -6.93237387
492 -512.99584961 -6.93237635
493 -512.99603271 -6.93237882
494 -512.99658203 -6.93238624
495 -512.99621582 -6.93238129
496 -512.99615479 -6.93238047
497 -512.99566650 -6.93237387
498 -512.99542236 -6.93237057
499 -512.99542236 -6.93237057
500 -512.99597168 -6.93237800
501 -512.99566650 -6.93237387
502 -512.99523926 -6.93236810
503 -512.99597168 -6.93237800
504 -512.99548340 -6.93237140
505 -512.99420166 -6.93235408
506 -512.99444580 -6.93235738
507 -512.99566650 -6.93237387
508 -512.99548340 -6.93237140
509 -512.99481201 -6.93236232
510 -512.99505615 -6.93236562
511 -512.99542236 -6.93237057
512 -512.99511719 -6.93236645
513 -512.99462891 -6.93235985
514 -512.99475098 -6.93236150
515 -512.99359131 -6.93234583
516 -512.99499512 -6.93236480
517 -512.99450684 -6.93235820
518 -512.99468994 -6.93236067
519 -512.99523926 -6.93236810
520 -512.99530029 -6.93236892
521 -512.99560547 -6.93237305
522 -512.99468994 -6.93236067
523 -512.99401855 -6.93235160
524 -512.99365234 -6.93234665
525 -512.99359131 -6.93234583
526 -512.99328613 -6.93234170
527 -512.99316406 -6.93234005
528 -512.99383545 -6.93234913
529 -512.99377441 -6.93234830
530 -512.99304199 -6.93233841
531 -512.99340820 -6.93234335
532 -512.99304199 -6.93233841
533 -512.99291992 -6.93233676
534 -512.99328613 -6.93234170
535 -512.99322510 -6.93234088
536 -512.99346924 -6.93234418
537 -512.99340820 -6.93234335
538 -512.99407959 -6.93235243
539 -512.99365234 -6.93234665
540 -512.99414062 -6.93235325
541 -512.99365234 -6.93234665
542 -512.99420166 -6.93235408
543 -512.99438477 -6.93235655
544 -512.99438477 -6.93235655
545 -512.99389648 -6.93234995
546 -512.99346924 -6.93234418
547 -512.99316406 -6.93234005
548 -512.99255371 -6.93233181
549 -512.99243164 -6.93233016
550 -512.99243164 -6.93233016
551 -512.99243164 -6.93233016
552 -512.99310303 -6.93233923
553 -512.99316406 -6.93234005
554 -512.99285889 -6.93233593
555 -512.99353027 -6.93234500
556 -512.99267578 -6.93233346
557 -512.99291992 -6.93233676
558 -512.99353027 -6.93234500
559 -512.99291992 -6.93233676
560 -512.99218750 -6.93232686
561 -512.99206543 -6.93232521
562 -512.99176025 -6.93232108
563 -512.99169922 -6.93232026
564 -512.99194336 -6.93232356
565 -512.99127197 -6.93231449
566 -512.99121094 -6.93231366
567 -512.99133301 -6.93231531
568 -512.99133301 -6.93231531
569 -512.99108887 -6.93231201
570 -512.99139404 -6.93231614
571 -512.99194336 -6.93232356
572 -512.99072266 -6.93230706
573 -512.99133301 -6.93231531
574 -512.99060059 -6.93230541
575 -512.99084473 -6.93230871
576 -512.99096680 -6.93231036
577 -512.99145508 -6.93231696
578 -512.99096680 -6.93231036
579 -512.99102783 -6.93231119
580 -512.99047852 -6.93230376
581 -512.99011230 -6.93229881
582 -512.98937988 -6.93228892
583 -512.98883057 -6.93228149
584 -512.98925781 -6.93228727
585 -512.98913574 -6.93228562
586 -512.98937988 -6.93228892
587 -512.98937988 -6.93228892
588 -512.98779297 -6.93226747
589 -512.98834229 -6.93227490
590 -512.98858643 -6.93227819
591 -512.98931885 -6.93228809
592 -512.98876953 -6.93228067
593 -512.98919678 -6.93228644
594 -512.98730469 -6.93226087
595 -512.98767090 -6.93226582
596 -512.98724365 -6.93226005
597 -512.98681641 -6.93225428
598 -512.98736572 -6.93226170
599 -512.98767090 -6.93226582
600 -512.98730469 -6.93226087
601 -512.98742676 -6.93226252
602 -512.98706055 -6.93225757
603 -512.98669434 -6.93225263
604 -512.98645020 -6.93224933
605 -512.98571777 -6.93223943
606 -512.98596191 -6.93224273
607 -512.98608398 -6.93224438
608 -512.98706055 -6.93225757
609 -512.98657227 -6.93225098
610 -512.98675537 -6.93225345
611 -512.98742676 -6.93226252
612 -512.98681641 -6.93225428
613 -512.98767090 -6.93226582
614 -512.98742676 -6.93226252
615 -512.98632812 -6.93224768
616 -512.98626709 -6.93224685
617 -512.98687744 -6.93225510
618 -512.98706055 -6.93225757
619 -512.98718262 -6.93225922
620 -512.98699951 -6.93225675
621 -512.98724365 -6.93226005
622 -512.98669434 -6.93225263
623 -512.98797607 -6.93226995
624 -512.98754883 -6.93226417
625 -512.98803711 -6.93227077
626 -512.98773193 -6.93226665
627 -512.98828125 -6.93227407
628 -512.98773193 -6.93226665
629 -512.98718262 -6.93225922
630 -512.98742676 -6.93226252
631 -512.98840332 -6.93227572
632 -512.98889160 -6.93228232
633 -512.98919678 -6.93228644
634 -512.98962402 -6.93229222
635 -512.98974609 -6.93229387
636 -512.99029541 -6.93230129
637 -512.99066162 -6.93230624
638 -512.99053955 -6.93230459
639 -512.98962402 -6.93229222
640 -512.98944092 -6.93228974
641 -512.98950195 -6.93229057
642 -512.99029541 -6.93230129
643 -512.99084473 -6.93230871
644 -512.99072266 -6.93230706
645 -512.99084473 -6.93230871
646 -512.99005127 -6.93229799
647 -512.99029541 -6.93230129
648 -512.99047852 -6.93230376
649 -512.99096680 -6.93231036
650 -512.99096680 -6.93231036
651 -512.99084473 -6.93230871
652 -512.99084473 -6.93230871
653 -512.99060059 -6.93230541
654 -512.99072266 -6.93230706
655 -512.99157715 -6.93231861
656 -512.99206543 -6.93232521
657 -512.99114990 -6.93231284
658 -512.99249268 -6.93233098
659 -512.99194336 -6.93232356
660 -512.99267578 -6.93233346
661 -512.99279785 -6.93233511
662 -512.99285889 -6.93233593
663 -512.99365234 -6.93234665
664 -512.99304199 -6.93233841
665 -512.99346924 -6.93234418
666 -512.99426270 -6.93235490
667 -512.99389648 -6.93234995
668 -512.99407959 -6.93235243
669 -512.99389648 -6.93234995
670 -512.99304199 -6.93233841
671 -512.99401855 -6.93235160
672 -512.99389648 -6.93234995
673 -512.99359131 -6.93234583
674 -512.99432373 -6.93235573
675 -512.99438477 -6.93235655
676 -512.99450684 -6.93235820
677 -512.99389648 -6.93234995
678 -512.99450684 -6.93235820
679 -512.99426270 -6.93235490
680 -512.99365234 -6.93234665
681 -512.99316406 -6.93234005
682 -512.99475098 -6.93236150
683 -512.99505615 -6.93236562
684 -512.99487305 -6.93236315
685 -512.99383545 -6.93234913
686 -512.99420166 -6.93235408
687 -512.99481201 -6.93236232
688 -512.99450684 -6.93235820
689 -512.99475098 -6.93236150
690 -512.99475098 -6.93236150
691 -512.99414062 -6.93235325
692 -512.99414062 -6.93235325
693 -512.99401855 -6.93235160
694 -512.99432373 -6.93235573
695 -512.99462891 -6.93235985
696 -512.99572754 -6.93237470
697 -512.99511719 -6.93236645
698 -512.99548340 -6.93237140
699 -512.99682617 -6.93238954
700 -512.99658203 -6.93238624
701 -512.99658203 -6.93238624
702 -512.99652100 -6.93238542
703 -512.99627686 -6.93238212
704 -512.99584961 -6.93237635
705 -512.99560547 -6.93237305
706 -512.99591064 -6.93237717
707 -512.99523926 -6.93236810
708 -512.99621582 -6.93238129
709 -512.99597168 -6.93237800
710 -512.99584961 -6.93237635
711 -512.99615479 -6.93238047
712 -512.99658203 -6.93238624
713 -512.99645996 -6.93238459
714 -512.99658203 -6.93238624
715 -512.99548340 -6.93237140
716 -512.99536133 -6.93236975
717 -512.99487305 -6.93236315
718 -512.99505615 -6.93236562
719 -512.99462891 -6.93235985
720 -512.99353027 -6.93234500
721 -512.99407959 -6.93235243
722 -512.99365234 -6.93234665
723 -512.99291992 -6.93233676
724 -512.99230957 -6.93232851
725 -512.99285889 -6.93233593
726 -512.99273682 -6.93233428
727 -512.99279785 -6.93233511
728 -512.99243164 -6.93233016
729 -512.99218750 -6.93232686
730 -512.99102783 -6.93231119
731 -512.99182129 -6.93232191
732 -512.99108887 -6.93231201
733 -512.99194336 -6.93232356
734 -512.99163818 -6.93231943
735 -512.99176025 -6.93232108
736 -512.99218750 -6.93232686
737 -512.99188232 -6.93232273
738 -512.99285889 -6.93233593
739 -512.99273682 -6.93233428
740 -512.99291992 -6.93233676
741 -512.99182129 -6.93232191
742 -512.99157715 -6.93231861
743 -512.99182129 -6.93232191
744 -512.99261475 -6.93233263
745 -512.99267578 -6.93233346
746 -512.99273682 -6.93233428
747 -512.99316406 -6.93234005
748 -512.99389648 -6.93234995
749 -512.99273682 -6.93233428
750 -512.99316406 -6.93234005
751 -512.99304199 -6.93233841
752 -512.99365234 -6.93234665
753 -512.99414062 -6.93235325
754 -512.99353027 -6.93234500
755 -512.99365234 -6.93234665
756 -512.99230957 -6.93232851
757 -512.99365234 -6.93234665
758 -512.99310303 -6.93233923
759 -512.99255371 -6.93233181
760 -512.99414062 -6.93235325
761 -512.99371338 -6.93234748
762 -512.99462891 -6.93235985
763 -512.99401855 -6.93235160
764 -512.99365234 -6.93234665
765 -512.99340820 -6.93234335
766 -512.99371338 -6.93234748
767 -512.99365234 -6.93234665
768 -512.99462891 -6.93235985
