0 -617.59942627 -6.71303724
1 -617.58538818 -6.71288465
2 -617.57031250 -6.71272079
3 -617.55023193 -6.71250252
4 -617.53820801 -6.71237183
5 -617.52740479 -6.71225440
6 -617.51312256 -6.71209916
7 -617.50280762 -6.71198704
8 -617.47778320 -6.71171503
9 -617.47662354 -6.71170243
10 -617.46063232 -6.71152861
11 -617.44989014 -6.71141185
12 -617.45190430 -6.71143374
13 -617.43811035 -6.71128381
14 -617.42065430 -6.71109407
15 -617.42114258 -6.71109938
16 -617.42193604 -6.71110800
17 -617.41705322 -6.71105493
18 -617.41351318 -6.71101645
19 -617.40466309 -6.71092025
20 -617.40759277 -6.71095210
21 -617.39141846 -6.71077629
22 -617.37792969 -6.71062967
23 -617.39440918 -6.71080880
24 -617.36517334 -6.71049101
25 -617.36230469 -6.71045983
26 -617.36834717 -6.71052551
27 -617.38323975 -6.71068739
28 -617.38287354 -6.71068341
29 -617.38061523 -6.71065886
30 -617.38189697 -6.71067279
31 -617.35589600 -6.71039017
32 -617.36218262 -6.71045851
33 -617.35009766 -6.71032715
34 -617.34466553 -6.71026810
35 -617.34216309 -6.71024090
36 -617.33319092 -6.71014338
37 -617.32525635 -6.71005713
38 -617.29217529 -6.70969756
39 -617.28186035 -6.70958544
40 -617.26379395 -6.70938906
41 -617.26483154 -6.70940034
42 -617.26293945 -6.70937978
43 -617.23590088 -6.70908588
44 -617.21630859 -6.70887292
45 -617.19897461 -6.70868451
46 -617.17755127 -6.70845164
47 -617.17614746 -6.70843639
48 -617.18786621 -6.70856376
49 -617.16796875 -6.70834749
50 -617.16406250 -6.70830503
51 -617.17431641 -6.70841648
52 -617.17846680 -6.70846160
53 -617.16992188 -6.70836872
54 -617.18096924 -6.70848880
55 -617.18566895 -6.70853988
56 -617.17291260 -6.70840122
57 -617.16485596 -6.70831365
58 -617.17291260 -6.70840122
59 -617.14276123 -6.70807349
60 -617.12158203 -6.70784328
61 -617.10614014 -6.70767544
62 -617.08380127 -6.70743262
63 -617.07720947 -6.70736097
64 -617.04980469 -6.70706309
65 -617.04351807 -6.70699476
66 -617.04895020 -6.70705381
67 -617.06091309 -6.70718384
68 -617.03698730 -6.70692378
69 -617.01434326 -6.70667764
70 -617.03161621 -6.70686539
71 -617.02288818 -6.70677052
72 -616.99487305 -6.70646601
73 -616.99835205 -6.70650383
74 -617.01885986 -6.70672674
75 -617.01226807 -6.70665509
76 -616.97009277 -6.70619666
77 -616.95977783 -6.70608454
78 -616.96282959 -6.70611771
79 -616.95526123 -6.70603545
80 -616.98223877 -6.70632868
81 -616.94787598 -6.70595517
82 -616.95855713 -6.70607127
83 -616.93591309 -6.70582514
84 -616.90838623 -6.70552594
85 -616.90155029 -6.70545163
86 -616.88122559 -6.70523071
87 -616.85675049 -6.70496468
88 -616.82342529 -6.70460245
89 -616.83807373 -6.70476167
90 -616.83789062 -6.70475968
91 -616.82128906 -6.70457923
92 -616.83972168 -6.70477958
93 -616.82366943 -6.70460510
94 -616.80603027 -6.70441337
95 -616.79083252 -6.70424818
96 -616.77325439 -6.70405711
97 -616.76336670 -6.70394964
98 -616.76007080 -6.70391381
99 -616.77154541 -6.70403854
100 -616.76904297 -6.70401134
101 -616.74707031 -6.70377250
102 -616.76092529 -6.70392310
103 -616.73834229 -6.70367763
104 -616.69091797 -6.70316215
105 -616.68255615 -6.70307126
106 -616.69409180 -6.70319665
107 -616.70245361 -6.70328754
108 -616.71862793 -6.70346335
109 -616.68029785 -6.70304672
110 -616.66101074 -6.70283707
111 -616.61322021 -6.70231761
112 -616.65722656 -6.70279594
113 -616.58203125 -6.70197860
114 -616.52624512 -6.70137223
115 -616.49456787 -6.70102791
116 -616.53552246 -6.70147307
117 -616.52996826 -6.70141270
118 -616.50274658 -6.70111681
119 -616.49407959 -6.70102260
120 -616.48120117 -6.70088262
121 -616.52740479 -6.70138483
122 -616.52319336 -6.70133906
123 -616.52819824 -6.70139346
124 -616.55895996 -6.70172783
125 -616.62048340 -6.70239656
126 -616.61486816 -6.70233552
127 -616.61016846 -6.70228444
128 -616.61053467 -6.70228842
129 -616.62207031 -6.70241381
130 -616.63208008 -6.70252261
131 -616.61785889 -6.70236803
132 -616.61437988 -6.70233022
133 -616.62713623 -6.70246887
134 -616.66229248 -6.70285101
135 -616.62524414 -6.70244831
136 -616.57812500 -6.70193614
137 -616.57061768 -6.70185454
138 -616.52514648 -6.70136029
139 -616.51928711 -6.70129660
140 -616.50128174 -6.70110089
141 -616.51190186 -6.70121632
142 -616.51831055 -6.70128598
143 -616.48834229 -6.70096024
144 -616.46875000 -6.70074728
145 -616.44049072 -6.70044012
146 -616.41021729 -6.70011106
147 -616.43347168 -6.70036382
148 -616.43115234 -6.70033861
149 -616.41558838 -6.70016944
150 -616.37963867 -6.69977868
151 -616.37243652 -6.69970040
152 -616.40045166 -6.70000491
153 -616.39318848 -6.69992596
154 -616.37780762 -6.69975878
155 -616.35400391 -6.69950004
156 -616.34259033 -6.69937598
157 -616.31994629 -6.69912985
158 -616.32928467 -6.69923136
159 -616.29687500 -6.69887908
160 -616.32110596 -6.69914246
161 -616.28924561 -6.69879615
162 -616.24768066 -6.69834436
163 -616.27923584 -6.69868735
164 -616.27783203 -6.69867209
165 -616.24798584 -6.69834767
166 -616.31561279 -6.69908275
167 -616.28735352 -6.69877558
168 -616.26940918 -6.69858053
169 -616.23522949 -6.69820902
170 -616.23474121 -6.69820371
171 -616.23083496 -6.69816125
172 -616.23956299 -6.69825612
173 -616.27581787 -6.69865019
174 -616.24047852 -6.69826607
175 -616.25628662 -6.69843790
176 -616.23254395 -6.69817983
177 -616.20690918 -6.69790119
178 -616.20788574 -6.69791180
179 -616.25592041 -6.69843392
180 -616.23651123 -6.69822295
181 -616.26831055 -6.69856859
182 -616.22967529 -6.69814864
183 -616.20959473 -6.69793038
184 -616.26257324 -6.69850623
185 -616.25061035 -6.69837620
186 -616.31915283 -6.69912123
187 -616.32263184 -6.69915904
188 -616.27844238 -6.69867872
189 -616.23638916 -6.69822162
190 -616.26873779 -6.69857324
191 -616.20416260 -6.69787133
192 -616.18316650 -6.69764311
193 -616.16394043 -6.69743414
194 -616.15350342 -6.69732069
195 -616.18682861 -6.69768292
196 -616.18817139 -6.69769752
197 -616.14410400 -6.69721852
198 -616.10461426 -6.69678929
199 -616.11230469 -6.69687288
200 -616.14886475 -6.69727027
201 -616.12390137 -6.69699893
202 -616.11944580 -6.69695050
203 -616.11749268 -6.69692927
204 -616.13073730 -6.69707323
205 -616.17352295 -6.69753829
206 -616.13342285 -6.69710242
207 -616.09271240 -6.69665992
208 -616.06506348 -6.69635939
209 -616.03894043 -6.69607544
210 -616.08935547 -6.69662343
211 -616.15179443 -6.69730211
212 -616.17803955 -6.69758739
213 -616.16009521 -6.69739234
214 -616.15173340 -6.69730145
215 -616.15557861 -6.69734325
216 -616.09185791 -6.69665063
217 -616.07788086 -6.69649870
218 -616.06762695 -6.69638725
219 -616.03662109 -6.69605023
220 -615.96002197 -6.69521763
221 -615.92742920 -6.69486336
222 -615.90649414 -6.69463581
223 -615.83624268 -6.69387220
224 -615.84381104 -6.69395447
225 -615.81060791 -6.69359356
226 -615.74414062 -6.69287109
227 -615.71936035 -6.69260174
228 -615.71582031 -6.69256326
229 -615.69763184 -6.69236556
230 -615.67938232 -6.69216720
231 -615.67803955 -6.69215260
232 -615.74017334 -6.69282797
233 -615.76568604 -6.69310528
234 -615.75054932 -6.69294075
235 -615.75097656 -6.69294540
236 -615.74139404 -6.69284124
237 -615.71728516 -6.69257919
238 -615.67358398 -6.69210417
239 -615.69024658 -6.69228529
240 -615.73681641 -6.69279148
241 -615.73236084 -6.69274305
242 -615.69293213 -6.69231448
243 -615.69195557 -6.69230386
244 -615.65545654 -6.69190714
245 -615.56774902 -6.69095379
246 -615.60229492 -6.69132929
247 -615.56964111 -6.69097436
248 -615.60906982 -6.69140293
249 -615.57208252 -6.69100090
250 -615.54913330 -6.69075145
251 -615.53393555 -6.69058626
252 -615.61297607 -6.69144539
253 -615.56433105 -6.69091664
254 -615.55798340 -6.69084765
255 -615.64141846 -6.69175455
256 -615.65551758 -6.69190780
257 -615.68035889 -6.69217781
258 -615.74005127 -6.69282664
259 -615.72814941 -6.69269728
260 -615.70471191 -6.69244252
261 -615.69494629 -6.69233637
262 -615.72387695 -6.69265084
263 -615.66717529 -6.69203451
264 -615.70947266 -6.69249427
265 -615.71887207 -6.69259644
266 -615.67083740 -6.69207432
267 -615.69744873 -6.69236357
268 -615.69274902 -6.69231249
269 -615.72406006 -6.69265283
270 -615.70062256 -6.69239807
271 -615.72692871 -6.69268401
272 -615.71704102 -6.69257653
273 -615.68048096 -6.69217914
274 -615.69854736 -6.69237551
275 -615.65423584 -6.69189387
276 -615.68701172 -6.69225013
277 -615.69348145 -6.69232045
278 -615.72412109 -6.69265349
279 -615.70159912 -6.69240869
280 -615.65228271 -6.69187264
281 -615.63952637 -6.69173398
282 -615.66534424 -6.69201461
283 -615.64752197 -6.69182089
284 -615.66052246 -6.69196220
285 -615.63171387 -6.69164906
286 -615.61822510 -6.69150245
287 -615.61846924 -6.69150510
288 -615.58880615 -6.69118268
289 -615.55505371 -6.69081580
290 -615.51232910 -6.69035140
291 -615.55822754 -6.69085030
292 -615.50189209 -6.69023796
293 -615.42987061 -6.68945512
294 -615.32263184 -6.68828948
295 -615.32696533 -6.68833658
296 -615.37866211 -6.68889850
297 -615.39831543 -6.68911212
298 -615.38287354 -6.68894428
299 -615.32482910 -6.68831336
300 -615.34136963 -6.68849315
301 -615.39831543 -6.68911212
302 -615.36578369 -6.68875852
303 -615.29193115 -6.68795577
304 -615.30261230 -6.68807187
305 -615.26538086 -6.68766718
306 -615.24743652 -6.68747214
307 -615.29394531 -6.68797767
308 -615.28625488 -6.68789407
309 -615.30352783 -6.68808182
310 -615.30859375 -6.68813689
311 -615.33282471 -6.68840027
312 -615.28967285 -6.68793123
313 -615.26452637 -6.68765790
314 -615.27966309 -6.68782242
315 -615.28021240 -6.68782840
