0 -720.17041016 -6.92471548
1 -720.17895508 -6.92479764
2 -720.18615723 -6.92486690
3 -720.19146729 -6.92491795
4 -720.19604492 -6.92496197
5 -720.19885254 -6.92498897
6 -720.20239258 -6.92502301
7 -720.20355225 -6.92503416
8 -720.20593262 -6.92505704
9 -720.20886230 -6.92508521
10 -720.20989990 -6.92509519
11 -720.21179199 -6.92511338
12 -720.21356201 -6.92513040
13 -720.21569824 -6.92515094
14 -720.21569824 -6.92515094
15 -720.21697998 -6.92516327
16 -720.21826172 -6.92517559
17 -720.21881104 -6.92518088
18 -720.21978760 -6.92519027
19 -720.22113037 -6.92520318
20 -720.22131348 -6.92520494
21 -720.22302246 -6.92522137
22 -720.22436523 -6.92523428
