0 -773.62512207 -6.96959569
1 -773.63720703 -6.96970457
2 -773.64416504 -6.96976725
3 -773.64758301 -6.96979805
4 -773.65032959 -6.96982279
5 -773.65362549 -6.96985248
6 -773.65594482 -6.96987338
7 -773.65795898 -6.96989152
8 -773.65893555 -6.96990032
9 -773.66040039 -6.96991352
10 -773.66186523 -6.96992671
11 -773.66308594 -6.96993771
12 -773.66400146 -6.96994596
13 -773.66516113 -6.96995641
14 -773.66632080 -6.96996685
15 -773.66699219 -6.96997290
16 -773.66754150 -6.96997785
17 -773.66748047 -6.96997730
18 -773.66894531 -6.96999050
19 -773.66949463 -6.96999545
20 -773.67047119 -6.97000424
21 -773.67187500 -6.97001689
