0 -520.24475098 -6.66980450
1 -520.21478271 -6.66942029
2 -520.18505859 -6.66903921
3 -520.15374756 -6.66863779
4 -520.11334229 -6.66811977
5 -520.05718994 -6.66739987
6 -519.99987793 -6.66666510
7 -519.96936035 -6.66627385
8 -519.93725586 -6.66586225
9 -519.89001465 -6.66525660
10 -519.86096191 -6.66488413
11 -519.84942627 -6.66473623
12 -519.77612305 -6.66379645
13 -519.74023438 -6.66333634
14 -519.73114014 -6.66321975
15 -519.67181396 -6.66245915
16 -519.64050293 -6.66205773
17 -519.57904053 -6.66126975
18 -519.60681152 -6.66162579
19 -519.57019043 -6.66115629
20 -519.52954102 -6.66063514
21 -519.46563721 -6.65981586
22 -519.45874023 -6.65972744
23 -519.45190430 -6.65963980
24 -519.35272217 -6.65836823
25 -519.30908203 -6.65780874
26 -519.27062988 -6.65731577
27 -519.15747070 -6.65586501
28 -519.15966797 -6.65589318
29 -519.17706299 -6.65611619
30 -519.12078857 -6.65539473
31 -519.08697510 -6.65496122
32 -519.14648438 -6.65572416
33 -519.13208008 -6.65553949
34 -519.07397461 -6.65479455
35 -519.03039551 -6.65423584
36 -519.01434326 -6.65403004
37 -519.08294678 -6.65490957
38 -518.98834229 -6.65369670
39 -518.95703125 -6.65329527
40 -518.96795654 -6.65343534
41 -518.91156006 -6.65271231
42 -518.91107178 -6.65270605
43 -518.82623291 -6.65161837
44 -518.78546143 -6.65109566
45 -518.74127197 -6.65052913
46 -518.68835449 -6.64985070
47 -518.60260010 -6.64875128
48 -518.62426758 -6.64902907
49 -518.57525635 -6.64840072
50 -518.51391602 -6.64761431
51 -518.51562500 -6.64763622
52 -518.46380615 -6.64697187
53 -518.49414062 -6.64736078
54 -518.53289795 -6.64785767
55 -518.46319580 -6.64696405
56 -518.42712402 -6.64650159
57 -518.29559326 -6.64481530
58 -518.29382324 -6.64479261
59 -518.20928955 -6.64370884
60 -518.20538330 -6.64365876
61 -518.04925537 -6.64165712
62 -518.04528809 -6.64160626
63 -517.94641113 -6.64033860
64 -517.91198730 -6.63989727
65 -517.86676025 -6.63931744
66 -517.90966797 -6.63986754
67 -517.84722900 -6.63906704
68 -517.67462158 -6.63685412
69 -517.58117676 -6.63565611
70 -517.28430176 -6.63185002
71 -517.14434814 -6.63005575
72 -517.03930664 -6.62870906
73 -516.76177979 -6.62515102
74 -516.71789551 -6.62458840
75 -516.59191895 -6.62297332
76 -516.52062988 -6.62205936
77 -516.43554688 -6.62096855
78 -516.33361816 -6.61966177
79 -516.18841553 -6.61780020
80 -515.91564941 -6.61430320
81 -515.71374512 -6.61171468
82 -515.80834961 -6.61292756
83 -515.78601074 -6.61264116
84 -515.70629883 -6.61161922
85 -515.83258057 -6.61323821
86 -515.89190674 -6.61399880
87 -515.77990723 -6.61256291
88 -515.66455078 -6.61108398
89 -515.87286377 -6.61375466
90 -515.66101074 -6.61103860
91 -515.50231934 -6.60900409
92 -515.73486328 -6.61198543
93 -515.92633057 -6.61444014
94 -515.78704834 -6.61265447
95 -515.53417969 -6.60941256
96 -515.62310791 -6.61055267
97 -515.73193359 -6.61194787
98 -515.61688232 -6.61047285
99 -515.55334473 -6.60965827
100 -515.39257812 -6.60759716
101 -515.36132812 -6.60719651
102 -515.09179688 -6.60374099
103 -515.03234863 -6.60297883
104 -514.97991943 -6.60230666
105 -514.81164551 -6.60014930
106 -514.48773193 -6.59599656
107 -514.45062256 -6.59552080
108 -514.40161133 -6.59489245
109 -514.44244385 -6.59541595
110 -514.46606445 -6.59571878
111 -514.26983643 -6.59320303
112 -514.05517578 -6.59045097
113 -513.60083008 -6.58462603
114 -513.34216309 -6.58130978
115 -513.22015381 -6.57974556
116 -513.13342285 -6.57863363
117 -513.06909180 -6.57780887
118 -513.07177734 -6.57784330
119 -513.35363770 -6.58145689
120 -513.19720459 -6.57945134
121 -513.00347900 -6.57696768
122 -512.97460938 -6.57659756
123 -512.76672363 -6.57393235
124 -512.72174072 -6.57335565
125 -512.47918701 -6.57024599
126 -512.22650146 -6.56700643
127 -512.24755859 -6.56727639
128 -512.19134521 -6.56655571
129 -512.10437012 -6.56544064
130 -511.94589233 -6.56340888
131 -512.04833984 -6.56472231
132 -511.92434692 -6.56313265
133 -511.84472656 -6.56211188
134 -511.52175903 -6.55797127
135 -511.17980957 -6.55358730
136 -511.13198853 -6.55297421
137 -511.23587036 -6.55430603
138 -511.10385132 -6.55261348
139 -510.52590942 -6.54520397
140 -510.39382935 -6.54351063
141 -510.00372314 -6.53850927
142 -509.93124390 -6.53758005
143 -510.32785034 -6.54266475
144 -510.38351440 -6.54337839
145 -510.21029663 -6.54115765
146 -510.62228394 -6.54643954
147 -510.49987793 -6.54487023
148 -510.24880981 -6.54165141
149 -509.92984009 -6.53756205
150 -510.38110352 -6.54334748
151 -510.10546875 -6.53981370
152 -510.32690430 -6.54265262
153 -510.20025635 -6.54102893
154 -510.23995972 -6.54153795
155 -510.00415039 -6.53851475
156 -509.89920044 -6.53716924
157 -510.22192383 -6.54130672
158 -510.30917358 -6.54242530
159 -510.06369019 -6.53927808
160 -509.98071289 -6.53821427
161 -509.43704224 -6.53124413
162 -508.94659424 -6.52495634
163 -508.79693604 -6.52303764
164 -508.36627197 -6.51751631
165 -508.40051270 -6.51795529
166 -508.38558960 -6.51776397
167 -507.83108521 -6.51065494
168 -507.80285645 -6.51029303
169 -507.43429565 -6.50556789
170 -507.93017578 -6.51192533
171 -508.05325317 -6.51350325
172 -507.64739990 -6.50830000
173 -507.45178223 -6.50579208
174 -507.55599976 -6.50712820
175 -506.81097412 -6.49757659
176 -506.64984131 -6.49551079
177 -506.40563965 -6.49238000
178 -506.63049316 -6.49526273
179 -506.19046021 -6.48962128
180 -506.53631592 -6.49405533
181 -506.63635254 -6.49533785
182 -506.03866577 -6.48767520
183 -505.60549927 -6.48212179
184 -505.46429443 -6.48031147
185 -505.13336182 -6.47606874
186 -504.93554688 -6.47353265
187 -504.71105957 -6.47065461
188 -504.73706055 -6.47098796
189 -504.44183350 -6.46720299
190 -504.28121948 -6.46514384
191 -503.98114014 -6.46129667
192 -503.64898682 -6.45703829
193 -503.88458252 -6.46005875
194 -503.33465576 -6.45300841
195 -503.18457031 -6.45108423
196 -503.38876343 -6.45370210
197 -503.43350220 -6.45427567
198 -502.56597900 -6.44315358
199 -502.00238037 -6.43592795
200 -502.09393311 -6.43710171
201 -501.29696655 -6.42688419
202 -501.28472900 -6.42672729
203 -500.46539307 -6.41622299
204 -501.00823975 -6.42318256
205 -501.05575562 -6.42379174
206 -501.18798828 -6.42548703
207 -500.64904785 -6.41857754
208 -500.41894531 -6.41562750
209 -500.03689575 -6.41072943
210 -499.39398193 -6.40248695
211 -498.80212402 -6.39489903
212 -498.15771484 -6.38663737
213 -498.13461304 -6.38634119
214 -497.52658081 -6.37854591
215 -496.78305054 -6.36901347
216 -495.83157349 -6.35681504
217 -496.01379395 -6.35915120
218 -495.42572021 -6.35161180
219 -495.98184204 -6.35874156
220 -496.20040894 -6.36154370
221 -496.12094116 -6.36052489
222 -495.61871338 -6.35408607
223 -496.32061768 -6.36308484
224 -496.53308105 -6.36580873
225 -496.35934448 -6.36358134
226 -495.45220947 -6.35195140
227 -495.29348755 -6.34991651
228 -494.55923462 -6.34050301
229 -493.08380127 -6.32158720
230 -492.23330688 -6.31068342
231 -492.30831909 -6.31164512
232 -492.39471436 -6.31275275
233 -491.59460449 -6.30249493
234 -491.37255859 -6.29964819
235 -490.96307373 -6.29439838
236 -489.86288452 -6.28029339
237 -489.47048950 -6.27526269
238 -488.12484741 -6.25801086
239 -488.10372925 -6.25774012
240 -487.09030151 -6.24474746
241 -486.95300293 -6.24298722
242 -487.52307129 -6.25029579
243 -487.17001343 -6.24576940
244 -484.87023926 -6.21628512
245 -485.06115723 -6.21873278
246 -486.23922729 -6.23383625
247 -486.61242676 -6.23862086
248 -487.18188477 -6.24592160
249 -485.71160889 -6.22707191
250 -486.42767334 -6.23625222
251 -486.44616699 -6.23648932
252 -486.39620972 -6.23584884
253 -484.69488525 -6.21403699
254 -484.21142578 -6.20783879
255 -483.73251343 -6.20169889
256 -484.60665894 -6.21290588
257 -484.92959595 -6.21704610
258 -485.58114624 -6.22539931
259 -486.35089111 -6.23526783
260 -486.23965454 -6.23384172
261 -485.95004272 -6.23012875
262 -486.14379883 -6.23261281
263 -485.01864624 -6.21818777
264 -484.54818726 -6.21215625
265 -484.07299805 -6.20606408
266 -484.98822021 -6.21779770
267 -484.22854614 -6.20805828
268 -483.86798096 -6.20343565
269 -483.76196289 -6.20207645
270 -482.83081055 -6.19013860
271 -482.97845459 -6.19203147
272 -482.70642090 -6.18854386
273 -481.26971436 -6.17012454
274 -482.57757568 -6.18689200
275 -482.22866821 -6.18241882
276 -481.83761597 -6.17740533
277 -482.07943726 -6.18050561
278 -482.64578247 -6.18776644
279 -483.08142090 -6.19335155
280 -482.55230713 -6.18656804
281 -482.17752075 -6.18176309
282 -481.01342773 -6.16683882
283 -480.54034424 -6.16077364
284 -481.02551270 -6.16699375
285 -480.28253174 -6.15746836
286 -480.36660767 -6.15854625
287 -478.37631226 -6.13302964
288 -478.97875977 -6.14075333
289 -477.96792603 -6.12779392
290 -478.65115356 -6.13655325
291 -477.36187744 -6.12002407
292 -476.08660889 -6.10367447
293 -475.00268555 -6.08977802
294 -473.54498291 -6.07108952
295 -473.45111084 -6.06988604
296 -475.28820801 -6.09343856
297 -473.43536377 -6.06968415
298 -473.15698242 -6.06611516
299 -474.74993896 -6.08653768
300 -475.25085449 -6.09295967
301 -475.04241943 -6.09028743
302 -474.57266235 -6.08426490
303 -474.71636963 -6.08610730
304 -475.40869141 -6.09498322
305 -474.92395020 -6.08876859
306 -474.33599854 -6.08123075
307 -475.47161865 -6.09578998
308 -476.20104980 -6.10514166
309 -475.52798462 -6.09651262
310 -474.67132568 -6.08552982
311 -475.40533447 -6.09494019
312 -476.17352295 -6.10478876
313 -475.14392090 -6.09158873
314 -473.69732666 -6.07304265
315 -472.30911255 -6.05524503
316 -473.50103760 -6.07052612
317 -471.38610840 -6.04341165
318 -472.41894531 -6.05665315
319 -471.37322998 -6.04324654
320 -470.56607056 -6.03289834
321 -470.97265625 -6.03811098
322 -469.79736328 -6.02304312
323 -469.92663574 -6.02470046
324 -469.20550537 -6.01545520
325 -468.49371338 -6.00632966
326 -469.83178711 -6.02348445
327 -469.35491943 -6.01737076
328 -468.10882568 -6.00139520
329 -467.32482910 -5.99134396
330 -466.08068848 -5.97539344
331 -465.90295410 -5.97311480
332 -466.04302979 -5.97491064
333 -465.17416382 -5.96377133
334 -465.58157349 -5.96899453
335 -465.78131104 -5.97155527
336 -465.97537231 -5.97404323
337 -465.93713379 -5.97355300
338 -465.16979980 -5.96371538
339 -467.01876831 -5.98742011
