0 -610.40588379 -6.10405884
1 -610.40362549 -6.10403625
2 -610.40625000 -6.10406250
3 -610.41076660 -6.10410767
4 -610.41827393 -6.10418274
5 -610.41625977 -6.10416260
6 -610.42181396 -6.10421814
7 -610.41632080 -6.10416321
8 -610.42230225 -6.10422302
9 -610.41552734 -6.10415527
10 -610.41455078 -6.10414551
11 -610.41998291 -6.10419983
12 -610.42260742 -6.10422607
13 -610.42321777 -6.10423218
14 -610.42742920 -6.10427429
15 -610.41784668 -6.10417847
16 -610.41595459 -6.10415955
17 -610.41882324 -6.10418823
18 -610.41540527 -6.10415405
19 -610.41949463 -6.10419495
20 -610.41320801 -6.10413208
21 -610.41589355 -6.10415894
22 -610.42401123 -6.10424011
23 -610.42059326 -6.10420593
24 -610.42346191 -6.10423462
25 -610.41992188 -6.10419922
26 -610.41424561 -6.10414246
27 -610.41113281 -6.10411133
28 -610.41284180 -6.10412842
29 -610.41857910 -6.10418579
30 -610.42016602 -6.10420166
31 -610.41656494 -6.10416565
32 -610.41967773 -6.10419678
33 -610.42395020 -6.10423950
34 -610.41625977 -6.10416260
35 -610.41558838 -6.10415588
36 -610.41131592 -6.10411316
37 -610.40887451 -6.10408875
38 -610.40502930 -6.10405029
39 -610.40502930 -6.10405029
40 -610.40783691 -6.10407837
41 -610.40307617 -6.10403076
42 -610.40155029 -6.10401550
43 -610.40655518 -6.10406555
44 -610.41137695 -6.10411377
45 -610.41400146 -6.10414001
46 -610.41107178 -6.10411072
47 -610.41131592 -6.10411316
48 -610.41241455 -6.10412415
49 -610.41497803 -6.10414978
50 -610.40332031 -6.10403320
51 -610.41027832 -6.10410278
52 -610.41210938 -6.10412109
53 -610.40625000 -6.10406250
54 -610.40887451 -6.10408875
55 -610.40435791 -6.10404358
56 -610.40722656 -6.10407227
57 -610.40161133 -6.10401611
58 -610.39691162 -6.10396912
59 -610.40014648 -6.10400146
60 -610.39904785 -6.10399048
61 -610.39562988 -6.10395630
62 -610.39416504 -6.10394165
63 -610.39514160 -6.10395142
64 -610.39080811 -6.10390808
65 -610.39221191 -6.10392212
66 -610.39068604 -6.10390686
67 -610.38891602 -6.10388916
68 -610.38891602 -6.10388916
69 -610.38958740 -6.10389587
70 -610.38275146 -6.10382751
71 -610.37432861 -6.10374329
72 -610.37872314 -6.10378723
73 -610.37487793 -6.10374878
74 -610.37390137 -6.10373901
75 -610.37756348 -6.10377563
76 -610.37805176 -6.10378052
77 -610.37066650 -6.10370667
78 -610.36981201 -6.10369812
79 -610.36645508 -6.10366455
80 -610.36193848 -6.10361938
81 -610.35839844 -6.10358398
82 -610.35375977 -6.10353760
83 -610.35223389 -6.10352234
84 -610.34399414 -6.10343994
85 -610.34204102 -6.10342041
86 -610.33862305 -6.10338623
87 -610.34204102 -6.10342041
88 -610.33874512 -6.10338745
89 -610.33020020 -6.10330200
90 -610.34069824 -6.10340698
91 -610.33898926 -6.10338989
92 -610.33074951 -6.10330750
93 -610.32910156 -6.10329102
94 -610.32318115 -6.10323181
95 -610.32244873 -6.10322449
96 -610.32812500 -6.10328125
97 -610.32849121 -6.10328491
98 -610.32818604 -6.10328186
99 -610.33685303 -6.10336853
100 -610.33770752 -6.10337708
101 -610.33081055 -6.10330811
102 -610.33227539 -6.10332275
103 -610.32470703 -6.10324707
104 -610.33343506 -6.10333435
105 -610.33013916 -6.10330139
106 -610.32684326 -6.10326843
107 -610.32885742 -6.10328857
108 -610.32867432 -6.10328674
109 -610.32409668 -6.10324097
110 -610.31988525 -6.10319885
111 -610.31756592 -6.10317566
112 -610.32086182 -6.10320862
113 -610.31835938 -6.10318359
114 -610.31457520 -6.10314575
115 -610.30780029 -6.10307800
116 -610.30395508 -6.10303955
117 -610.30468750 -6.10304688
118 -610.30834961 -6.10308350
119 -610.31396484 -6.10313965
120 -610.30987549 -6.10309875
121 -610.30920410 -6.10309204
122 -610.31463623 -6.10314636
123 -610.31201172 -6.10312012
124 -610.31683350 -6.10316833
125 -610.31188965 -6.10311890
126 -610.31072998 -6.10310730
127 -610.31384277 -6.10313843
128 -610.32220459 -6.10322205
129 -610.31860352 -6.10318604
130 -610.32031250 -6.10320313
131 -610.31671143 -6.10316711
132 -610.31774902 -6.10317749
133 -610.31420898 -6.10314209
134 -610.30645752 -6.10306458
135 -610.31103516 -6.10311035
136 -610.30419922 -6.10304199
137 -610.31152344 -6.10311523
138 -610.31463623 -6.10314636
139 -610.31091309 -6.10310913
140 -610.31744385 -6.10317444
141 -610.32153320 -6.10321533
142 -610.31628418 -6.10316284
143 -610.31866455 -6.10318665
144 -610.31524658 -6.10315247
145 -610.32189941 -6.10321899
146 -610.31884766 -6.10318848
147 -610.31610107 -6.10316101
148 -610.31835938 -6.10318359
149 -610.31939697 -6.10319397
150 -610.31774902 -6.10317749
151 -610.31439209 -6.10314392
152 -610.31976318 -6.10319763
153 -610.31726074 -6.10317261
154 -610.31542969 -6.10315430
155 -610.31201172 -6.10312012
156 -610.30181885 -6.10301819
157 -610.29711914 -6.10297119
158 -610.29968262 -6.10299683
159 -610.29937744 -6.10299377
160 -610.29229736 -6.10292297
161 -610.29687500 -6.10296875
162 -610.29895020 -6.10298950
163 -610.30059814 -6.10300598
164 -610.29498291 -6.10294983
165 -610.29669189 -6.10296692
166 -610.29101562 -6.10291016
167 -610.28900146 -6.10289001
168 -610.29010010 -6.10290100
169 -610.29229736 -6.10292297
170 -610.29168701 -6.10291687
171 -610.29211426 -6.10292114
172 -610.28424072 -6.10284241
173 -610.28308105 -6.10283081
174 -610.27783203 -6.10277832
175 -610.27728271 -6.10277283
176 -610.27398682 -6.10273987
177 -610.27624512 -6.10276245
178 -610.27600098 -6.10276001
179 -610.27331543 -6.10273315
180 -610.26580811 -6.10265808
181 -610.26708984 -6.10267090
182 -610.26904297 -6.10269043
183 -610.26654053 -6.10266541
184 -610.26416016 -6.10264160
185 -610.25762939 -6.10257629
186 -610.25494385 -6.10254944
187 -610.25592041 -6.10255920
188 -610.25634766 -6.10256348
189 -610.25463867 -6.10254639
190 -610.25183105 -6.10251831
191 -610.24859619 -6.10248596
192 -610.24108887 -6.10241089
193 -610.24523926 -6.10245239
194 -610.24798584 -6.10247986
195 -610.24713135 -6.10247131
196 -610.24450684 -6.10244507
197 -610.23999023 -6.10239990
198 -610.24279785 -6.10242798
199 -610.24157715 -6.10241577
200 -610.23443604 -6.10234436
201 -610.22961426 -6.10229614
202 -610.23681641 -6.10236816
203 -610.23553467 -6.10235535
204 -610.23638916 -6.10236389
205 -610.23895264 -6.10238953
206 -610.23748779 -6.10237488
207 -610.22900391 -6.10229004
208 -610.21893311 -6.10218933
209 -610.22106934 -6.10221069
210 -610.22735596 -6.10227356
211 -610.23254395 -6.10232544
212 -610.23089600 -6.10230896
213 -610.23522949 -6.10235229
214 -610.23419189 -6.10234192
215 -610.23370361 -6.10233704
216 -610.23468018 -6.10234680
217 -610.23474121 -6.10234741
218 -610.22955322 -6.10229553
219 -610.23413086 -6.10234131
220 -610.23321533 -6.10233215
221 -610.22607422 -6.10226074
222 -610.22625732 -6.10226257
223 -610.22631836 -6.10226318
224 -610.22869873 -6.10228699
225 -610.22613525 -6.10226135
226 -610.21990967 -6.10219910
227 -610.22387695 -6.10223877
228 -610.22845459 -6.10228455
229 -610.22271729 -6.10222717
230 -610.21984863 -6.10219849
231 -610.22161865 -6.10221619
232 -610.22143555 -6.10221436
233 -610.22460938 -6.10224609
234 -610.22290039 -6.10222900
235 -610.21734619 -6.10217346
236 -610.22705078 -6.10227051
237 -610.22283936 -6.10222839
238 -610.21905518 -6.10219055
239 -610.21447754 -6.10214478
240 -610.21557617 -6.10215576
241 -610.21215820 -6.10212158
242 -610.21740723 -6.10217407
243 -610.21282959 -6.10212830
244 -610.21386719 -6.10213867
245 -610.20800781 -6.10208008
246 -610.20910645 -6.10209106
247 -610.21063232 -6.10210632
248 -610.20452881 -6.10204529
249 -610.20092773 -6.10200928
250 -610.19866943 -6.10198669
251 -610.20104980 -6.10201050
252 -610.19750977 -6.10197510
253 -610.19696045 -6.10196960
254 -610.19787598 -6.10197876
255 -610.19329834 -6.10193298
256 -610.18597412 -6.10185974
257 -610.18164062 -6.10181641
258 -610.17687988 -6.10176880
259 -610.18322754 -6.10183228
260 -610.17816162 -6.10178162
261 -610.18243408 -6.10182434
262 -610.18731689 -6.10187317
263 -610.18414307 -6.10184143
264 -610.18548584 -6.10185486
265 -610.17858887 -6.10178589
266 -610.17547607 -6.10175476
267 -610.16900635 -6.10169006
268 -610.16485596 -6.10164856
269 -610.16467285 -6.10164673
270 -610.15905762 -6.10159058
271 -610.15777588 -6.10157776
272 -610.15759277 -6.10157593
273 -610.16406250 -6.10164062
274 -610.15930176 -6.10159302
275 -610.16320801 -6.10163208
276 -610.15875244 -6.10158752
277 -610.15863037 -6.10158630
278 -610.16247559 -6.10162476
279 -610.16259766 -6.10162598
280 -610.15740967 -6.10157410
281 -610.16064453 -6.10160645
282 -610.15478516 -6.10154785
283 -610.14825439 -6.10148254
284 -610.14825439 -6.10148254
285 -610.15484619 -6.10154846
286 -610.15405273 -6.10154053
287 -610.16198730 -6.10161987
288 -610.16546631 -6.10165466
289 -610.16918945 -6.10169189
290 -610.15826416 -6.10158264
291 -610.15747070 -6.10157471
292 -610.16088867 -6.10160889
293 -610.15808105 -6.10158081
294 -610.15509033 -6.10155090
295 -610.15649414 -6.10156494
296 -610.15753174 -6.10157532
297 -610.15734863 -6.10157349
298 -610.15789795 -6.10157898
299 -610.15563965 -6.10155640
300 -610.15686035 -6.10156860
301 -610.15136719 -6.10151367
302 -610.15734863 -6.10157349
303 -610.15545654 -6.10155457
304 -610.15533447 -6.10155334
305 -610.15747070 -6.10157471
306 -610.15338135 -6.10153381
307 -610.15032959 -6.10150330
308 -610.15734863 -6.10157349
309 -610.15429688 -6.10154297
310 -610.15118408 -6.10151184
311 -610.15496826 -6.10154968
312 -610.15240479 -6.10152405
313 -610.15490723 -6.10154907
314 -610.15277100 -6.10152771
315 -610.15765381 -6.10157654
316 -610.15203857 -6.10152039
317 -610.15209961 -6.10152100
318 -610.14672852 -6.10146729
319 -610.13928223 -6.10139282
320 -610.14569092 -6.10145691
321 -610.15081787 -6.10150818
322 -610.14624023 -6.10146240
323 -610.14245605 -6.10142456
324 -610.14270020 -6.10142700
325 -610.13977051 -6.10139771
326 -610.13165283 -6.10131653
327 -610.13336182 -6.10133362
328 -610.13708496 -6.10137085
329 -610.13330078 -6.10133301
330 -610.12988281 -6.10129883
331 -610.12615967 -6.10126160
332 -610.12878418 -6.10128784
333 -610.12463379 -6.10124634
334 -610.12463379 -6.10124634
335 -610.12414551 -6.10124146
336 -610.12445068 -6.10124451
337 -610.12011719 -6.10120117
338 -610.12310791 -6.10123108
339 -610.11694336 -6.10116943
340 -610.12158203 -6.10121582
341 -610.11944580 -6.10119446
342 -610.10937500 -6.10109375
343 -610.10681152 -6.10106812
344 -610.10852051 -6.10108521
345 -610.11102295 -6.10111023
346 -610.11004639 -6.10110046
347 -610.11157227 -6.10111572
348 -610.11431885 -6.10114319
349 -610.11352539 -6.10113525
350 -610.11010742 -6.10110107
351 -610.11022949 -6.10110229
352 -610.10498047 -6.10104980
353 -610.10461426 -6.10104614
354 -610.11541748 -6.10115417
355 -610.10888672 -6.10108887
356 -610.09857178 -6.10098572
357 -610.10235596 -6.10102356
358 -610.10321045 -6.10103210
359 -610.10137939 -6.10101379
360 -610.10113525 -6.10101135
361 -610.10168457 -6.10101685
362 -610.09924316 -6.10099243
363 -610.09521484 -6.10095215
364 -610.09478760 -6.10094788
365 -610.09814453 -6.10098145
366 -610.09497070 -6.10094971
367 -610.09271240 -6.10092712
368 -610.08435059 -6.10084351
369 -610.08526611 -6.10085266
370 -610.07556152 -6.10075562
371 -610.08129883 -6.10081299
372 -610.08520508 -6.10085205
373 -610.07257080 -6.10072571
374 -610.07110596 -6.10071106
375 -610.06628418 -6.10066284
376 -610.06146240 -6.10061462
377 -610.06713867 -6.10067139
378 -610.07019043 -6.10070190
