0 -604.86334229 -6.87344707
1 -603.16949463 -6.85419880
2 -602.13018799 -6.84238850
3 -600.26550293 -6.82119890
4 -599.41662598 -6.81155257
5 -598.24786377 -6.79827118
6 -597.78460693 -6.79300690
7 -597.06878662 -6.78487258
8 -595.87463379 -6.77130266
9 -594.80029297 -6.75909424
10 -593.88031006 -6.74863989
11 -591.42901611 -6.72078427
12 -589.92083740 -6.70364588
13 -589.68298340 -6.70094299
14 -585.04388428 -6.64822596
15 -586.48730469 -6.66462846
16 -586.89691162 -6.66928309
17 -584.58020020 -6.64295682
18 -581.26385498 -6.60527108
19 -580.45239258 -6.59604992
20 -576.87298584 -6.55537484
21 -576.76306152 -6.55412570
22 -573.74212646 -6.51979689
23 -570.49542236 -6.48290253
24 -568.99749756 -6.46588065
25 -566.39550781 -6.43631259
26 -561.82739258 -6.38440219
27 -560.49029541 -6.36920790
28 -560.12420654 -6.36504780
29 -559.20269775 -6.35457611
30 -560.43280029 -6.36855455
31 -556.88018799 -6.32818395
32 -553.81787109 -6.29338490
33 -555.20263672 -6.30912087
34 -554.22192383 -6.29797641
35 -551.43341064 -6.26628876
36 -550.63812256 -6.25725139
37 -549.11822510 -6.23997983
38 -552.08331299 -6.27367401
39 -552.27996826 -6.27590873
40 -553.60614014 -6.29097887
41 -550.21112061 -6.25239910
42 -550.89581299 -6.26017969
43 -549.83453369 -6.24811970
44 -545.99487305 -6.20448719
45 -544.47827148 -6.18725309
46 -544.67071533 -6.18943995
47 -545.50708008 -6.19894409
48 -547.12994385 -6.21738573
49 -547.56085205 -6.22228241
50 -539.57867432 -6.13157584
51 -535.85302734 -6.08923895
52 -535.92987061 -6.09011217
53 -535.27532959 -6.08267420
54 -535.98486328 -6.09073708
55 -534.97216797 -6.07922918
56 -534.65350342 -6.07560799
57 -534.25805664 -6.07111428
58 -529.30017090 -6.01477467
59 -528.11682129 -6.00132751
60 -526.80804443 -5.98645505
61 -528.46240234 -6.00525457
62 -522.35449219 -5.93584650
63 -515.68371582 -5.86004223
64 -507.63662720 -5.76859804
65 -509.36791992 -5.78827182
66 -514.33233643 -5.84468564
67 -510.08636475 -5.79643596
68 -503.90130615 -5.72615121
69 -496.17013550 -5.63829699
70 -491.09133911 -5.58058340
71 -492.32998657 -5.59465894
72 -498.98730469 -5.67031028
73 -494.31710815 -5.61723987
74 -495.56008911 -5.63136465
75 -495.94351196 -5.63572173
76 -496.53811646 -5.64247860
77 -486.71209717 -5.53081929
78 -486.45880127 -5.52794092
79 -475.44805908 -5.40281885
80 -483.34353638 -5.49254019
81 -487.42694092 -5.53894251
82 -490.55593872 -5.57449930
83 -487.93743896 -5.54474362
84 -481.41629028 -5.47063966
85 -481.05599976 -5.46654545
86 -482.31414795 -5.48084259
87 -483.79614258 -5.49768344
88 -483.60345459 -5.49549380
89 -481.88873291 -5.47600833
90 -479.17584229 -5.44518003
91 -485.91882324 -5.52180481
92 -479.15069580 -5.44489427
93 -476.36517334 -5.41324061
94 -485.98156738 -5.52251781
95 -485.40740967 -5.51599329
96 -484.19616699 -5.50222917
97 -476.52932739 -5.41510599
98 -474.15582275 -5.38813435
99 -470.16485596 -5.34278245
100 -472.34109497 -5.36751244
101 -468.23388672 -5.32083962
102 -464.43371582 -5.27765586
103 -468.55609131 -5.32450104
104 -469.11624146 -5.33086638
105 -470.08853149 -5.34191513
106 -455.19110107 -5.17262615
107 -447.79846191 -5.08861889
108 -447.47622681 -5.08495712
109 -450.12438965 -5.11504988
110 -448.11163330 -5.09217765
111 -452.74169922 -5.14479204
112 -455.09088135 -5.17148729
113 -457.45590210 -5.19836252
114 -447.69573975 -5.08745159
115 -439.43255615 -4.99355177
116 -443.31341553 -5.03765245
117 -437.25421143 -4.96879786
118 -442.50311279 -5.02844446
119 -441.97091675 -5.02239678
120 -439.53793335 -4.99474924
121 -433.92956543 -4.93101779
122 -428.78024292 -4.87250276
123 -433.61428833 -4.92743509
124 -427.43389893 -4.85720340
125 -428.79019165 -4.87261581
126 -430.90832520 -4.89668551
127 -427.32470703 -4.85596258
128 -418.29016113 -4.75329729
129 -415.94598389 -4.72665891
130 -408.93704224 -4.64701184
131 -401.43426514 -4.56175301
132 -392.10882568 -4.45578211
133 -384.70181274 -4.37161151
134 -362.18704224 -4.11576184
135 -366.90603638 -4.16938678
136 -378.95465088 -4.30630285
137 -382.95062256 -4.35171162
138 -371.82043457 -4.22523221
139 -379.88702393 -4.31689800
140 -371.52087402 -4.22182811
141 -376.54663086 -4.27893899
142 -374.50036621 -4.25568598
143 -371.18457031 -4.21800648
144 -374.77648926 -4.25882374
145 -373.92559814 -4.24915452
146 -378.45605469 -4.30063699
147 -369.36764526 -4.19735961
148 -352.21359253 -4.00242719
149 -362.07757568 -4.11451791
150 -361.43127441 -4.10717357
151 -357.07952881 -4.05772192
152 -342.83834839 -3.89589032
153 -336.92590332 -3.82870345
154 -340.93231201 -3.87423082
155 -372.05154419 -4.22785846
156 -364.68951416 -4.14419902
157 -354.75946045 -4.03135751
158 -349.31048584 -3.96943734
159 -351.59072876 -3.99534919
160 -339.65731812 -3.85974225
161 -317.57788086 -3.60883956
162 -294.57531738 -3.34744679
163 -302.41107178 -3.43648945
164 -293.51910400 -3.33544436
165 -300.68026733 -3.41682122
166 -264.23477173 -3.00266786
167 -206.43359375 -2.34583629
168 -236.88546753 -2.69188031
169 -224.68893433 -2.55328334
170 -274.08770752 -3.11463304
171 -320.51104736 -3.64217099
172 -319.73486328 -3.63335072
173 -282.59158325 -3.21126799
174 -266.18762207 -3.02485934
175 -272.16229248 -3.09275332
176 -272.30114746 -3.09433122
177 -282.51831055 -3.21043535
178 -279.08654785 -3.17143804
179 -280.25570679 -3.18472394
180 -244.26069641 -2.77568973
181 -220.25782776 -2.50292986
182 107.09529877 1.21699203
183 92.81972504 1.05476960
184 288.60644531 3.27961870
185 -79.97212982 -0.90877420
186 106.25855255 1.20748355
187 -145.88897705 -1.65782928
188 -173.04626465 -1.96643483
189 -184.89082336 -2.10103208
190 -186.17037964 -2.11557250
191 -208.11959839 -2.36499544
192 -179.70629883 -2.04211703
193 -196.82571411 -2.23665584
194 -241.47029114 -2.74398058
195 -273.64208984 -3.10956920
196 -251.06420898 -2.85300237
197 -256.83099365 -2.91853402
198 -260.32101440 -2.95819335
199 -257.64364624 -2.92776871
200 -249.88885498 -2.83964608
201 -228.92547607 -2.60142586
202 -236.55526733 -2.68812804
203 -224.69387817 -2.55333952
204 -216.59152222 -2.46126730
205 -209.36880493 -2.37919097
206 -206.45068359 -2.34603050
207 -217.21139526 -2.46831131
208 -196.42134094 -2.23206069
209 -226.15097046 -2.56989739
210 -236.42738342 -2.68667481
211 -252.03163147 -2.86399581
212 -277.69241333 -3.15559561
213 -256.42364502 -2.91390506
214 -228.80841064 -2.60009558
215 -236.72628784 -2.69007145
216 -213.54457092 -2.42664285
217 -224.82748413 -2.55485777
218 -220.89788818 -2.51020327
219 -227.21499634 -2.58198859
220 -258.34863281 -2.93577992
221 -272.66921997 -3.09851386
222 -296.78707886 -3.37258044
223 -300.91992188 -3.41954457
224 -306.45861816 -3.48248430
225 -291.76080322 -3.31546367
226 -278.39593506 -3.16359017
227 -270.08221436 -3.06911607
228 -277.65689087 -3.15519194
229 -270.93695068 -3.07882899
230 -237.37698364 -2.69746572
231 -260.29223633 -2.95786632
232 -276.95248413 -3.14718732
233 -256.48477173 -2.91459968
