0 -751.96582031 -7.09401717
1 -752.01489258 -7.09448012
2 -752.04962158 -7.09480775
3 -752.07647705 -7.09506110
4 -752.09802246 -7.09526436
5 -752.11572266 -7.09543135
6 -752.13006592 -7.09556666
7 -752.14111328 -7.09567088
8 -752.15100098 -7.09576416
9 -752.15893555 -7.09583901
10 -752.16735840 -7.09591848
11 -752.17486572 -7.09598930
12 -752.18078613 -7.09604515
13 -752.18719482 -7.09610561
14 -752.19299316 -7.09616031
15 -752.19726562 -7.09620062
16 -752.20129395 -7.09623862
17 -752.20544434 -7.09627778
18 -752.20941162 -7.09631520
19 -752.21234131 -7.09634284
20 -752.21606445 -7.09637797
21 -752.21905518 -7.09640618
22 -752.22216797 -7.09643555
23 -752.22467041 -7.09645915
24 -752.22717285 -7.09648276
25 -752.22998047 -7.09650925
26 -752.23315430 -7.09653919
27 -752.23461914 -7.09655301
28 -752.23657227 -7.09657144
29 -752.23913574 -7.09659562
30 -752.24084473 -7.09661174
31 -752.24285889 -7.09663074
32 -752.24499512 -7.09665090
33 -752.24749756 -7.09667451
34 -752.24920654 -7.09669063
35 -752.25128174 -7.09671021
36 -752.25305176 -7.09672690
37 -752.25500488 -7.09674533
38 -752.25646973 -7.09675915
39 -752.25830078 -7.09677642
40 -752.25939941 -7.09678679
41 -752.26141357 -7.09680579
42 -752.26336670 -7.09682421
43 -752.26513672 -7.09684091
44 -752.26684570 -7.09685703
45 -752.26892090 -7.09687661
46 -752.26983643 -7.09688525
47 -752.27014160 -7.09688813
48 -752.27246094 -7.09691001
49 -752.27343750 -7.09691922
50 -752.27526855 -7.09693650
51 -752.27685547 -7.09695147
52 -752.27819824 -7.09696413
53 -752.27929688 -7.09697450
54 -752.27990723 -7.09698026
55 -752.28167725 -7.09699696
56 -752.28295898 -7.09700905
57 -752.28466797 -7.09702517
58 -752.28552246 -7.09703323
59 -752.28710938 -7.09704820
60 -752.28833008 -7.09705972
61 -752.28918457 -7.09706778
62 -752.29022217 -7.09707757
63 -752.29235840 -7.09709772
64 -752.29345703 -7.09710809
65 -752.29455566 -7.09711845
66 -752.29571533 -7.09712939
67 -752.29608154 -7.09713284
68 -752.29687500 -7.09714033
69 -752.29852295 -7.09715588
70 -752.29956055 -7.09716567
71 -752.30010986 -7.09717085
72 -752.30139160 -7.09718294
73 -752.30279541 -7.09719618
74 -752.30340576 -7.09720194
75 -752.30401611 -7.09720770
76 -752.30505371 -7.09721749
77 -752.30670166 -7.09723303
78 -752.30712891 -7.09723707
79 -752.30816650 -7.09724685
80 -752.30920410 -7.09725664
81 -752.30957031 -7.09726010
82 -752.31036377 -7.09726758
83 -752.31042480 -7.09726816
84 -752.31164551 -7.09727967
85 -752.31262207 -7.09728889
86 -752.31396484 -7.09730156
87 -752.31488037 -7.09731019
88 -752.31579590 -7.09731883
89 -752.31658936 -7.09732631
90 -752.31671143 -7.09732747
91 -752.31719971 -7.09733207
92 -752.31787109 -7.09733841
93 -752.31921387 -7.09735107
94 -752.31951904 -7.09735395
95 -752.32031250 -7.09736144
96 -752.32116699 -7.09736950
97 -752.32153320 -7.09737295
98 -752.32238770 -7.09738102
99 -752.32287598 -7.09738562
100 -752.32299805 -7.09738677
101 -752.32434082 -7.09739944
102 -752.32543945 -7.09740981
103 -752.32604980 -7.09741556
104 -752.32702637 -7.09742478
105 -752.32702637 -7.09742478
106 -752.32806396 -7.09743457
107 -752.32891846 -7.09744263
108 -752.32922363 -7.09744551
109 -752.32958984 -7.09744896
110 -752.33117676 -7.09746393
