0 -578.12194824 -6.28393422
1 -578.17041016 -6.28446098
2 -578.21154785 -6.28490813
3 -578.24316406 -6.28525178
4 -578.27050781 -6.28554900
5 -578.29357910 -6.28579977
6 -578.31250000 -6.28600543
7 -578.33050537 -6.28620115
8 -578.34527588 -6.28636169
9 -578.35858154 -6.28650632
10 -578.36938477 -6.28662375
11 -578.37884521 -6.28672658
12 -578.38793945 -6.28682543
13 -578.39520264 -6.28690438
14 -578.40161133 -6.28697404
15 -578.40673828 -6.28702976
16 -578.41156006 -6.28708217
17 -578.41613770 -6.28713193
18 -578.41992188 -6.28717306
19 -578.42291260 -6.28720557
20 -578.42584229 -6.28723742
21 -578.42828369 -6.28726395
22 -578.43127441 -6.28729646
23 -578.43353271 -6.28732101
24 -578.43597412 -6.28734754
