0 -432.20129395 -6.54850445
1 -432.22164917 -6.54881287
2 -432.23913574 -6.54907781
3 -432.25042725 -6.54924890
4 -432.25991821 -6.54939270
5 -432.26724243 -6.54950367
6 -432.27343750 -6.54959754
7 -432.27905273 -6.54968262
8 -432.28448486 -6.54976492
9 -432.28869629 -6.54982873
10 -432.29327393 -6.54989809
11 -432.29693604 -6.54995358
12 -432.30056763 -6.55000860
13 -432.30307007 -6.55004652
14 -432.30596924 -6.55009044
15 -432.30880737 -6.55013345
16 -432.31146240 -6.55017367
17 -432.31436157 -6.55021760
18 -432.31677246 -6.55025413
19 -432.31909180 -6.55028927
20 -432.32119751 -6.55032117
21 -432.32382202 -6.55036094
22 -432.32562256 -6.55038822
23 -432.32723999 -6.55041273
24 -432.32858276 -6.55043307
25 -432.32998657 -6.55045434
26 -432.33148193 -6.55047700
27 -432.33361816 -6.55050937
28 -432.33514404 -6.55053249
29 -432.33660889 -6.55055468
30 -432.33782959 -6.55057318
31 -432.33911133 -6.55059260
32 -432.34017944 -6.55060878
33 -432.34140015 -6.55062727
34 -432.34240723 -6.55064253
35 -432.34304810 -6.55065224
36 -432.34423828 -6.55067028
37 -432.34469604 -6.55067721
38 -432.34613037 -6.55069895
39 -432.34713745 -6.55071420
40 -432.34768677 -6.55072253
41 -432.34887695 -6.55074056
42 -432.34973145 -6.55075351
43 -432.35061646 -6.55076692
