0 -663.48034668 -5.82000304
1 -663.50317383 -5.82020328
2 -663.51885986 -5.82034088
3 -663.52984619 -5.82043725
4 -663.54016113 -5.82052773
5 -663.54956055 -5.82061018
6 -663.55761719 -5.82068085
7 -663.56469727 -5.82074296
8 -663.57000732 -5.82078954
9 -663.57550049 -5.82083772
10 -663.58093262 -5.82088537
11 -663.58508301 -5.82092178
12 -663.58941650 -5.82095979
13 -663.59381104 -5.82099834
14 -663.59716797 -5.82102779
15 -663.60076904 -5.82105938
16 -663.60351562 -5.82108347
17 -663.60650635 -5.82110970
18 -663.60943604 -5.82113540
19 -663.61224365 -5.82116003
20 -663.61492920 -5.82118359
