0 -785.67077637 -6.77302393
1 -785.73944092 -6.77361587
2 -785.79272461 -6.77407521
3 -785.83612061 -6.77444932
4 -785.87402344 -6.77477606
5 -785.90893555 -6.77507703
6 -785.93798828 -6.77532749
7 -785.96301270 -6.77554321
8 -785.98626709 -6.77574368
9 -786.00671387 -6.77591995
10 -786.02520752 -6.77607938
11 -786.04205322 -6.77622460
12 -786.05718994 -6.77635509
13 -786.07080078 -6.77647242
14 -786.08349609 -6.77658186
15 -786.09472656 -6.77667868
16 -786.10668945 -6.77678181
17 -786.11791992 -6.77687862
18 -786.12731934 -6.77695965
19 -786.13616943 -6.77703594
20 -786.14385986 -6.77710224
21 -786.15197754 -6.77717222
22 -786.15850830 -6.77722852
23 -786.16479492 -6.77728271
24 -786.17028809 -6.77733007
25 -786.17590332 -6.77737848
26 -786.18109131 -6.77742320
27 -786.18627930 -6.77746792
28 -786.19140625 -6.77751212
29 -786.19592285 -6.77755106
30 -786.19982910 -6.77758473
31 -786.20446777 -6.77762472
32 -786.20776367 -6.77765314
33 -786.21166992 -6.77768681
34 -786.21496582 -6.77771522
35 -786.21856689 -6.77774627
