0 -608.83642578 -6.91859575
1 -608.87866211 -6.91907571
2 -608.91186523 -6.91945301
3 -608.93975830 -6.91976998
4 -608.95910645 -6.91998985
5 -608.97338867 -6.92015214
6 -608.98339844 -6.92026589
7 -608.99285889 -6.92037340
8 -608.99987793 -6.92045316
9 -609.00646973 -6.92052807
10 -609.01147461 -6.92058494
11 -609.01654053 -6.92064251
12 -609.02014160 -6.92068343
13 -609.02423096 -6.92072990
14 -609.02703857 -6.92076180
15 -609.02984619 -6.92079371
16 -609.03259277 -6.92082492
17 -609.03466797 -6.92084850
18 -609.03674316 -6.92087208
19 -609.03845215 -6.92089150
20 -609.04028320 -6.92091231
21 -609.04077148 -6.92091786
22 -609.04223633 -6.92093450
23 -609.04455566 -6.92096086
24 -609.04528809 -6.92096918
25 -609.04650879 -6.92098305
26 -609.04772949 -6.92099693
