0 -362.70874023 -5.66732407
1 -362.74603271 -5.66790676
2 -362.78247070 -5.66847610
3 -362.81655884 -5.66900873
4 -362.84747314 -5.66949177
5 -362.87539673 -5.66992807
6 -362.89846802 -5.67028856
7 -362.91876221 -5.67060566
8 -362.93612671 -5.67087698
9 -362.95129395 -5.67111397
10 -362.96405029 -5.67131329
11 -362.97586060 -5.67149782
12 -362.98522949 -5.67164421
13 -362.99276733 -5.67176199
14 -362.99969482 -5.67187023
15 -363.00588989 -5.67196703
16 -363.01144409 -5.67205381
17 -363.01617432 -5.67212772
18 -363.02084351 -5.67220068
19 -363.02526855 -5.67226982
20 -363.02984619 -5.67234135
21 -363.03372192 -5.67240191
22 -363.03796387 -5.67246819
23 -363.04168701 -5.67252636
24 -363.04562378 -5.67258787
25 -363.04937744 -5.67264652
26 -363.05337524 -5.67270899
27 -363.05636597 -5.67275572
28 -363.05981445 -5.67280960
29 -363.06311035 -5.67286110
30 -363.06646729 -5.67291355
31 -363.07031250 -5.67297363
32 -363.07345581 -5.67302275
33 -363.07653809 -5.67307091
34 -363.08023071 -5.67312860
35 -363.08340454 -5.67317820
36 -363.08703613 -5.67323494
37 -363.08990479 -5.67327976
38 -363.09289551 -5.67332649
39 -363.09585571 -5.67337275
40 -363.09884644 -5.67341948
41 -363.10162354 -5.67346287
42 -363.10488892 -5.67351389
43 -363.10769653 -5.67355776
44 -363.11068726 -5.67360449
45 -363.11346436 -5.67364788
46 -363.11630249 -5.67369223
47 -363.11904907 -5.67373514
48 -363.12197876 -5.67378092
49 -363.12469482 -5.67382336
50 -363.12722778 -5.67386293
51 -363.12960815 -5.67390013
52 -363.13217163 -5.67394018
53 -363.13446045 -5.67397594
54 -363.13699341 -5.67401552
55 -363.13937378 -5.67405272
