0 -605.54077148 -6.44192310
1 -605.55218506 -6.44204452
2 -605.55767822 -6.44210296
3 -605.56054688 -6.44213348
4 -605.57012939 -6.44223542
5 -605.57397461 -6.44227633
6 -605.57647705 -6.44230295
7 -605.58142090 -6.44235554
8 -605.58496094 -6.44239320
9 -605.58941650 -6.44244060
10 -605.59649658 -6.44251592
11 -605.60028076 -6.44255618
12 -605.60595703 -6.44261656
13 -605.61090088 -6.44266916
14 -605.61566162 -6.44271980
15 -605.61547852 -6.44271786
16 -605.62347412 -6.44280292
17 -605.62390137 -6.44280746
18 -605.63153076 -6.44288863
19 -605.62921143 -6.44286395
20 -605.63134766 -6.44288668
21 -605.62817383 -6.44285291
22 -605.63275146 -6.44290161
23 -605.63836670 -6.44296135
24 -605.64288330 -6.44300940
25 -605.64556885 -6.44303797
26 -605.64416504 -6.44302303
27 -605.64788818 -6.44306264
28 -605.64764404 -6.44306004
29 -605.65026855 -6.44308796
30 -605.65228271 -6.44310939
31 -605.65838623 -6.44317432
32 -605.65563965 -6.44314510
33 -605.65698242 -6.44315939
34 -605.65863037 -6.44317692
35 -605.66534424 -6.44324834
36 -605.66271973 -6.44322042
37 -605.66406250 -6.44323471
38 -605.66741943 -6.44327042
39 -605.66540527 -6.44324899
40 -605.66229248 -6.44321588
41 -605.66784668 -6.44327496
42 -605.67504883 -6.44335158
43 -605.67254639 -6.44332496
44 -605.67102051 -6.44330873
45 -605.67236328 -6.44332301
46 -605.67303467 -6.44333016
47 -605.67657471 -6.44336782
48 -605.67480469 -6.44334899
49 -605.68304443 -6.44343664
50 -605.68231201 -6.44342885
51 -605.68743896 -6.44348339
52 -605.69189453 -6.44353079
53 -605.69439697 -6.44355741
54 -605.69500732 -6.44356391
55 -605.69573975 -6.44357170
56 -605.69647217 -6.44357949
57 -605.69812012 -6.44359702
58 -605.70306396 -6.44364962
59 -605.70025635 -6.44361975
60 -605.69738770 -6.44358923
61 -605.69433594 -6.44355677
62 -605.70556641 -6.44367624
63 -605.70355225 -6.44365481
64 -605.70324707 -6.44365156
65 -605.69616699 -6.44357624
66 -605.70056152 -6.44362299
67 -605.70361328 -6.44365546
68 -605.70684814 -6.44368987
69 -605.71270752 -6.44375221
70 -605.71179199 -6.44374247
71 -605.70837402 -6.44370611
72 -605.70758057 -6.44369767
73 -605.71087646 -6.44373273
74 -605.70898438 -6.44371260
75 -605.71539307 -6.44378078
76 -605.71905518 -6.44381974
77 -605.71929932 -6.44382233
78 -605.71820068 -6.44381065
79 -605.71942139 -6.44382363
80 -605.71923828 -6.44382168
81 -605.71624756 -6.44378987
82 -605.72344971 -6.44386649
83 -605.72033691 -6.44383337
84 -605.72619629 -6.44389571
85 -605.72326660 -6.44386454
86 -605.72717285 -6.44390609
87 -605.72991943 -6.44393531
88 -605.73309326 -6.44396908
89 -605.73278809 -6.44396583
90 -605.73364258 -6.44397492
91 -605.73529053 -6.44399245
92 -605.73504639 -6.44398986
93 -605.73358154 -6.44397427
94 -605.73303223 -6.44396843
95 -605.72821045 -6.44391713
96 -605.72943115 -6.44393012
97 -605.73510742 -6.44399050
98 -605.73498535 -6.44398921
99 -605.73803711 -6.44402167
100 -605.73492432 -6.44398856
101 -605.73614502 -6.44400154
102 -605.74047852 -6.44404764
103 -605.73907471 -6.44403271
104 -605.74066162 -6.44404959
105 -605.73815918 -6.44402297
106 -605.73944092 -6.44403661
107 -605.74139404 -6.44405738
108 -605.74627686 -6.44410933
109 -605.74176025 -6.44406128
110 -605.74932861 -6.44414179
111 -605.74877930 -6.44413595
112 -605.74627686 -6.44410933
113 -605.75103760 -6.44415997
114 -605.74603271 -6.44410673
115 -605.75024414 -6.44415153
116 -605.74761963 -6.44412361
117 -605.74426270 -6.44408790
118 -605.74652100 -6.44411193
119 -605.74499512 -6.44409569
120 -605.74682617 -6.44411517
121 -605.74822998 -6.44413011
122 -605.74749756 -6.44412231
123 -605.74804688 -6.44412816
124 -605.74633789 -6.44410998
125 -605.74627686 -6.44410933
126 -605.75262451 -6.44417686
127 -605.75048828 -6.44415413
128 -605.75134277 -6.44416322
129 -605.75006104 -6.44414959
130 -605.75195312 -6.44416971
131 -605.75726318 -6.44422620
132 -605.75347900 -6.44418595
133 -605.75067139 -6.44415608
134 -605.75549316 -6.44420737
135 -605.75964355 -6.44425153
136 -605.75537109 -6.44420608
137 -605.75323486 -6.44418335
138 -605.75695801 -6.44422296
139 -605.75683594 -6.44422166
140 -605.75115967 -6.44416127
141 -605.75628662 -6.44421582
142 -605.75201416 -6.44417036
143 -605.75762939 -6.44423010
144 -605.76184082 -6.44427490
145 -605.75939941 -6.44424893
146 -605.76013184 -6.44425672
147 -605.75695801 -6.44422296
148 -605.75854492 -6.44423984
149 -605.75714111 -6.44422491
150 -605.75970459 -6.44425218
151 -605.75921631 -6.44424698
152 -605.75579834 -6.44421062
153 -605.75726318 -6.44422620
154 -605.75878906 -6.44424244
155 -605.75830078 -6.44423724
156 -605.75634766 -6.44421646
157 -605.76531982 -6.44431191
158 -605.76263428 -6.44428334
159 -605.76440430 -6.44430217
160 -605.75756836 -6.44422945
161 -605.76336670 -6.44429114
162 -605.76715088 -6.44433139
163 -605.76611328 -6.44432035
164 -605.76489258 -6.44430737
165 -605.76690674 -6.44432880
166 -605.76788330 -6.44433918
167 -605.76812744 -6.44434178
168 -605.76977539 -6.44435931
169 -605.76947021 -6.44435607
170 -605.76983643 -6.44435996
171 -605.77014160 -6.44436321
172 -605.77185059 -6.44438139
173 -605.76635742 -6.44432295
174 -605.76702881 -6.44433009
175 -605.76562500 -6.44431516
176 -605.76617432 -6.44432100
177 -605.76849365 -6.44434568
178 -605.76989746 -6.44436061
179 -605.76794434 -6.44433983
180 -605.76995850 -6.44436126
181 -605.76721191 -6.44433204
182 -605.76898193 -6.44435087
183 -605.76879883 -6.44434892
184 -605.76409912 -6.44429893
185 -605.76635742 -6.44432295
186 -605.76757812 -6.44433594
187 -605.76843262 -6.44434503
188 -605.77215576 -6.44438464
189 -605.77478027 -6.44441256
190 -605.77606201 -6.44442619
191 -605.77362061 -6.44440022
192 -605.77557373 -6.44442100
193 -605.76928711 -6.44435412
194 -605.77172852 -6.44438009
195 -605.77294922 -6.44439308
196 -605.77337646 -6.44439762
197 -605.77764893 -6.44444307
198 -605.78155518 -6.44448463
199 -605.77850342 -6.44445216
200 -605.77777100 -6.44444437
201 -605.77441406 -6.44440866
202 -605.77777100 -6.44444437
203 -605.77478027 -6.44441256
204 -605.77386475 -6.44440282
205 -605.77056885 -6.44436775
206 -605.76959229 -6.44435736
207 -605.77142334 -6.44437684
208 -605.76507568 -6.44430932
209 -605.77331543 -6.44439697
210 -605.77551270 -6.44442035
211 -605.77520752 -6.44441710
212 -605.77142334 -6.44437684
213 -605.76965332 -6.44435801
214 -605.77178955 -6.44438074
215 -605.76947021 -6.44435607
216 -605.77020264 -6.44436386
217 -605.76947021 -6.44435607
218 -605.77270508 -6.44439048
219 -605.76934814 -6.44435477
220 -605.77441406 -6.44440866
221 -605.77459717 -6.44441061
222 -605.77099609 -6.44437230
223 -605.77349854 -6.44439892
224 -605.77508545 -6.44441580
225 -605.77264404 -6.44438983
226 -605.77178955 -6.44438074
227 -605.77386475 -6.44440282
228 -605.77160645 -6.44437879
229 -605.77026367 -6.44436451
230 -605.77203369 -6.44438334
231 -605.77746582 -6.44444113
232 -605.77606201 -6.44442619
233 -605.77532959 -6.44441840
234 -605.77081299 -6.44437035
235 -605.77105713 -6.44437295
236 -605.77087402 -6.44437100
237 -605.77423096 -6.44440671
238 -605.77355957 -6.44439957
239 -605.77362061 -6.44440022
240 -605.77642822 -6.44443009
241 -605.78137207 -6.44448268
242 -605.77398682 -6.44440412
243 -605.77264404 -6.44438983
244 -605.77374268 -6.44440152
245 -605.77185059 -6.44438139
246 -605.77172852 -6.44438009
247 -605.77569580 -6.44442230
248 -605.77728271 -6.44443918
249 -605.77484131 -6.44441321
250 -605.77795410 -6.44444632
251 -605.77655029 -6.44443139
252 -605.77709961 -6.44443723
253 -605.77368164 -6.44440087
254 -605.77685547 -6.44443463
255 -605.77154541 -6.44437814
256 -605.77557373 -6.44442100
257 -605.77703857 -6.44443658
258 -605.77563477 -6.44442165
259 -605.77502441 -6.44441515
260 -605.77874756 -6.44445476
261 -605.78057861 -6.44447424
262 -605.77911377 -6.44445866
263 -605.78259277 -6.44449567
264 -605.77679443 -6.44443398
265 -605.78021240 -6.44447034
266 -605.78363037 -6.44450671
267 -605.78662109 -6.44453852
268 -605.79205322 -6.44459631
269 -605.78881836 -6.44456190
270 -605.78796387 -6.44455281
271 -605.79101562 -6.44458527
272 -605.78991699 -6.44457359
273 -605.78887939 -6.44456255
274 -605.79132080 -6.44458852
275 -605.78948975 -6.44456904
276 -605.79248047 -6.44460086
277 -605.79119873 -6.44458722
278 -605.78625488 -6.44453463
279 -605.78930664 -6.44456709
280 -605.79187012 -6.44459436
281 -605.78729248 -6.44454566
282 -605.78814697 -6.44455476
283 -605.78381348 -6.44450865
284 -605.77947998 -6.44446255
285 -605.78216553 -6.44449112
286 -605.78845215 -6.44455800
287 -605.78625488 -6.44453463
288 -605.78729248 -6.44454566
289 -605.79058838 -6.44458073
290 -605.79107666 -6.44458592
291 -605.78973389 -6.44457164
292 -605.78601074 -6.44453203
293 -605.78710938 -6.44454372
294 -605.79064941 -6.44458138
295 -605.79010010 -6.44457553
296 -605.79132080 -6.44458852
297 -605.78985596 -6.44457294
298 -605.79107666 -6.44458592
299 -605.78771973 -6.44455021
300 -605.79022217 -6.44457683
301 -605.78881836 -6.44456190
302 -605.79168701 -6.44459242
303 -605.78765869 -6.44454956
304 -605.78948975 -6.44456904
305 -605.79241943 -6.44460021
306 -605.78411865 -6.44451190
307 -605.78668213 -6.44453917
308 -605.78326416 -6.44450281
309 -605.78369141 -6.44450736
310 -605.78369141 -6.44450736
311 -605.78430176 -6.44451385
312 -605.78186035 -6.44448788
313 -605.78497314 -6.44452099
314 -605.78991699 -6.44457359
315 -605.79010010 -6.44457553
316 -605.78778076 -6.44455086
317 -605.78417969 -6.44451255
318 -605.78021240 -6.44447034
319 -605.78344727 -6.44450476
320 -605.78399658 -6.44451060
321 -605.78338623 -6.44450411
322 -605.78570557 -6.44452878
323 -605.78369141 -6.44450736
324 -605.78643799 -6.44453657
325 -605.78863525 -6.44455995
326 -605.78295898 -6.44449956
327 -605.78063965 -6.44447489
328 -605.78228760 -6.44449242
329 -605.78253174 -6.44449502
330 -605.77740479 -6.44444048
331 -605.77740479 -6.44444048
332 -605.77526855 -6.44441775
333 -605.78210449 -6.44449047
334 -605.78143311 -6.44448333
335 -605.78338623 -6.44450411
336 -605.78417969 -6.44451255
337 -605.78717041 -6.44454437
338 -605.78448486 -6.44451580
339 -605.78613281 -6.44453333
340 -605.79101562 -6.44458527
341 -605.78820801 -6.44455540
