0 -741.01898193 -6.99074511
1 -741.02996826 -6.99084876
2 -741.03991699 -6.99094261
3 -741.04663086 -6.99100595
4 -741.05181885 -6.99105489
5 -741.05633545 -6.99109750
6 -741.06060791 -6.99113781
7 -741.06250000 -6.99115566
8 -741.06347656 -6.99116487
9 -741.06695557 -6.99119769
10 -741.06878662 -6.99121497
11 -741.07092285 -6.99123512
12 -741.07244873 -6.99124952
13 -741.07318115 -6.99125643
14 -741.07446289 -6.99126852
15 -741.07531738 -6.99127658
16 -741.07556152 -6.99127888
17 -741.07653809 -6.99128810
18 -741.07751465 -6.99129731
19 -741.07958984 -6.99131689
20 -741.07995605 -6.99132034
21 -741.07940674 -6.99131516
22 -741.08056641 -6.99132610
23 -741.08148193 -6.99133474
24 -741.08221436 -6.99134164
25 -741.08251953 -6.99134452
26 -741.08319092 -6.99135086
27 -741.08422852 -6.99136065
28 -741.08477783 -6.99136583
29 -741.08569336 -6.99137447
30 -741.08642578 -6.99138138
31 -741.08654785 -6.99138253
32 -741.08673096 -6.99138425
33 -741.08715820 -6.99138828
34 -741.08886719 -6.99140441
35 -741.08953857 -6.99141074
36 -741.09045410 -6.99141938
37 -741.09002686 -6.99141535
38 -741.08972168 -6.99141247
39 -741.09082031 -6.99142283
40 -741.09112549 -6.99142571
41 -741.09173584 -6.99143147
42 -741.09228516 -6.99143665
43 -741.09204102 -6.99143435
44 -741.09106445 -6.99142514
45 -741.09130859 -6.99142744
46 -741.09179688 -6.99143205
47 -741.09063721 -6.99142111
48 -741.08990479 -6.99141420
49 -741.09002686 -6.99141535
50 -741.09057617 -6.99142053
51 -741.09082031 -6.99142283
52 -741.09136963 -6.99142802
53 -741.09118652 -6.99142629
54 -741.09191895 -6.99143320
55 -741.09185791 -6.99143262
56 -741.09356689 -6.99144874
57 -741.09265137 -6.99144011
58 -741.09155273 -6.99142974
59 -741.09252930 -6.99143896
60 -741.09289551 -6.99144241
61 -741.09326172 -6.99144587
62 -741.09265137 -6.99144011
63 -741.09301758 -6.99144356
64 -741.09320068 -6.99144529
65 -741.09277344 -6.99144126
66 -741.09307861 -6.99144414
67 -741.09191895 -6.99143320
68 -741.09448242 -6.99145738
69 -741.09283447 -6.99144183
70 -741.09265137 -6.99144011
71 -741.09265137 -6.99144011
72 -741.09271240 -6.99144068
73 -741.09277344 -6.99144126
74 -741.09277344 -6.99144126
75 -741.09326172 -6.99144587
76 -741.09387207 -6.99145162
77 -741.09381104 -6.99145105
78 -741.09387207 -6.99145162
79 -741.09338379 -6.99144702
80 -741.09320068 -6.99144529
81 -741.09234619 -6.99143723
82 -741.09289551 -6.99144241
83 -741.09100342 -6.99142456
84 -741.09252930 -6.99143896
85 -741.09204102 -6.99143435
86 -741.09057617 -6.99142053
87 -741.09155273 -6.99142974
88 -741.09051514 -6.99141995
89 -741.08935547 -6.99140901
90 -741.09106445 -6.99142514
91 -741.08996582 -6.99141477
92 -741.08911133 -6.99140671
93 -741.09094238 -6.99142398
94 -741.09033203 -6.99141823
95 -741.08856201 -6.99140153
96 -741.08941650 -6.99140959
97 -741.08856201 -6.99140153
98 -741.08813477 -6.99139750
99 -741.08880615 -6.99140383
100 -741.08966064 -6.99141189
101 -741.08892822 -6.99140498
102 -741.08905029 -6.99140613
103 -741.09161377 -6.99143032
104 -741.08935547 -6.99140901
105 -741.09002686 -6.99141535
106 -741.08850098 -6.99140095
107 -741.08953857 -6.99141074
108 -741.08947754 -6.99141017
109 -741.08905029 -6.99140613
110 -741.08923340 -6.99140786
111 -741.09033203 -6.99141823
112 -741.09161377 -6.99143032
113 -741.09008789 -6.99141592
114 -741.09020996 -6.99141708
115 -741.09124756 -6.99142686
116 -741.09033203 -6.99141823
117 -741.09051514 -6.99141995
118 -741.09252930 -6.99143896
119 -741.09130859 -6.99142744
120 -741.09161377 -6.99143032
121 -741.09143066 -6.99142859
122 -741.09106445 -6.99142514
123 -741.09191895 -6.99143320
124 -741.09136963 -6.99142802
125 -741.09100342 -6.99142456
126 -741.09204102 -6.99143435
127 -741.09167480 -6.99143089
128 -741.09271240 -6.99144068
129 -741.09216309 -6.99143550
130 -741.09228516 -6.99143665
131 -741.09271240 -6.99144068
132 -741.09460449 -6.99145853
133 -741.09216309 -6.99143550
134 -741.09228516 -6.99143665
135 -741.09191895 -6.99143320
136 -741.09124756 -6.99142686
137 -741.09289551 -6.99144241
138 -741.09307861 -6.99144414
139 -741.09326172 -6.99144587
140 -741.09295654 -6.99144299
141 -741.09179688 -6.99143205
142 -741.09191895 -6.99143320
143 -741.09167480 -6.99143089
144 -741.09161377 -6.99143032
145 -741.09191895 -6.99143320
146 -741.09088135 -6.99142341
147 -741.09118652 -6.99142629
148 -741.09252930 -6.99143896
149 -741.09136963 -6.99142802
150 -741.09191895 -6.99143320
151 -741.09191895 -6.99143320
152 -741.09082031 -6.99142283
153 -741.09094238 -6.99142398
154 -741.09155273 -6.99142974
155 -741.09179688 -6.99143205
156 -741.09082031 -6.99142283
157 -741.09222412 -6.99143608
158 -741.09204102 -6.99143435
159 -741.09246826 -6.99143838
160 -741.09301758 -6.99144356
161 -741.09289551 -6.99144241
162 -741.09313965 -6.99144471
163 -741.09240723 -6.99143780
164 -741.09155273 -6.99142974
165 -741.09143066 -6.99142859
166 -741.09167480 -6.99143089
167 -741.09161377 -6.99143032
168 -741.09094238 -6.99142398
169 -741.09020996 -6.99141708
170 -741.09045410 -6.99141938
171 -741.08972168 -6.99141247
172 -741.09045410 -6.99141938
173 -741.08941650 -6.99140959
174 -741.08984375 -6.99141362
175 -741.08984375 -6.99141362
176 -741.08966064 -6.99141189
177 -741.08880615 -6.99140383
178 -741.08935547 -6.99140901
179 -741.08898926 -6.99140556
180 -741.08728027 -6.99138944
181 -741.08807373 -6.99139692
182 -741.08789062 -6.99139519
183 -741.08691406 -6.99138598
184 -741.08575439 -6.99137504
185 -741.08551025 -6.99137274
186 -741.08532715 -6.99137101
187 -741.08459473 -6.99136410
188 -741.08441162 -6.99136237
189 -741.08337402 -6.99135259
190 -741.08404541 -6.99135892
191 -741.08410645 -6.99135949
192 -741.08435059 -6.99136180
193 -741.08471680 -6.99136525
194 -741.08471680 -6.99136525
195 -741.08312988 -6.99135028
196 -741.08312988 -6.99135028
197 -741.08197021 -6.99133934
198 -741.08178711 -6.99133761
199 -741.08160400 -6.99133589
200 -741.08209229 -6.99134049
201 -741.08129883 -6.99133301
202 -741.08117676 -6.99133186
203 -741.08074951 -6.99132783
204 -741.08056641 -6.99132610
205 -741.07971191 -6.99131804
206 -741.08129883 -6.99133301
207 -741.08093262 -6.99132955
208 -741.08099365 -6.99133013
209 -741.08172607 -6.99133704
210 -741.08135986 -6.99133358
211 -741.08056641 -6.99132610
212 -741.08142090 -6.99133416
213 -741.07995605 -6.99132034
214 -741.07958984 -6.99131689
215 -741.08105469 -6.99133070
216 -741.08074951 -6.99132783
217 -741.08081055 -6.99132840
218 -741.08093262 -6.99132955
219 -741.08160400 -6.99133589
220 -741.08093262 -6.99132955
221 -741.08160400 -6.99133589
222 -741.08129883 -6.99133301
223 -741.08142090 -6.99133416
224 -741.08099365 -6.99133013
225 -741.08123779 -6.99133243
226 -741.08142090 -6.99133416
227 -741.08068848 -6.99132725
228 -741.08233643 -6.99134280
229 -741.08203125 -6.99133992
230 -741.08215332 -6.99134107
231 -741.08300781 -6.99134913
232 -741.08270264 -6.99134625
233 -741.08251953 -6.99134452
234 -741.08227539 -6.99134222
235 -741.08184814 -6.99133819
236 -741.08160400 -6.99133589
237 -741.08184814 -6.99133819
238 -741.08105469 -6.99133070
239 -741.08172607 -6.99133704
240 -741.08148193 -6.99133474
241 -741.08093262 -6.99132955
242 -741.08044434 -6.99132495
243 -741.08123779 -6.99133243
244 -741.08074951 -6.99132783
245 -741.07958984 -6.99131689
246 -741.08044434 -6.99132495
247 -741.08044434 -6.99132495
248 -741.08068848 -6.99132725
249 -741.08001709 -6.99132092
250 -741.07946777 -6.99131573
251 -741.07934570 -6.99131458
252 -741.07989502 -6.99131976
253 -741.07806396 -6.99130249
254 -741.07885742 -6.99130998
255 -741.07910156 -6.99131228
256 -741.07879639 -6.99130940
257 -741.07897949 -6.99131113
258 -741.07806396 -6.99130249
259 -741.07940674 -6.99131516
260 -741.07916260 -6.99131285
261 -741.07788086 -6.99130076
262 -741.07946777 -6.99131573
263 -741.07983398 -6.99131919
264 -741.07879639 -6.99130940
265 -741.07910156 -6.99131228
266 -741.07849121 -6.99130652
267 -741.07781982 -6.99130019
268 -741.07824707 -6.99130422
269 -741.07647705 -6.99128752
270 -741.07861328 -6.99130767
271 -741.07983398 -6.99131919
272 -741.07873535 -6.99130882
273 -741.07928467 -6.99131401
274 -741.07885742 -6.99130998
275 -741.07843018 -6.99130595
276 -741.07824707 -6.99130422
277 -741.07727051 -6.99129500
278 -741.07861328 -6.99130767
279 -741.07861328 -6.99130767
280 -741.07812500 -6.99130307
281 -741.07696533 -6.99129213
282 -741.07812500 -6.99130307
283 -741.07812500 -6.99130307
284 -741.07611084 -6.99128406
285 -741.07653809 -6.99128810
286 -741.07617188 -6.99128464
287 -741.07586670 -6.99128176
288 -741.07336426 -6.99125815
289 -741.07379150 -6.99126218
290 -741.07446289 -6.99126852
291 -741.07269287 -6.99125182
292 -741.07415771 -6.99126564
293 -741.07269287 -6.99125182
294 -741.07305908 -6.99125527
295 -741.07250977 -6.99125009
296 -741.07232666 -6.99124836
297 -741.07226562 -6.99124779
298 -741.07250977 -6.99125009
299 -741.07159424 -6.99124146
300 -741.07037354 -6.99122994
301 -741.07110596 -6.99123685
302 -741.07025146 -6.99122879
303 -741.06915283 -6.99121842
304 -741.07000732 -6.99122648
305 -741.06976318 -6.99122418
306 -741.06872559 -6.99121439
307 -741.06915283 -6.99121842
308 -741.06964111 -6.99122303
309 -741.06994629 -6.99122591
310 -741.07012939 -6.99122764
311 -741.06884766 -6.99121554
312 -741.06951904 -6.99122188
313 -741.06829834 -6.99121036
314 -741.07012939 -6.99122764
315 -741.06915283 -6.99121842
316 -741.06927490 -6.99121957
317 -741.06927490 -6.99121957
318 -741.06860352 -6.99121324
319 -741.06799316 -6.99120748
320 -741.06811523 -6.99120863
321 -741.06890869 -6.99121612
322 -741.06817627 -6.99120921
323 -741.06890869 -6.99121612
324 -741.06854248 -6.99121266
325 -741.06811523 -6.99120863
326 -741.06872559 -6.99121439
327 -741.06860352 -6.99121324
328 -741.06695557 -6.99119769
329 -741.06701660 -6.99119827
330 -741.06658936 -6.99119424
331 -741.06677246 -6.99119597
332 -741.06756592 -6.99120345
333 -741.06695557 -6.99119769
334 -741.06701660 -6.99119827
335 -741.06555176 -6.99118445
336 -741.06732178 -6.99120115
337 -741.06695557 -6.99119769
338 -741.06573486 -6.99118618
339 -741.06451416 -6.99117466
340 -741.06481934 -6.99117754
341 -741.06585693 -6.99118733
342 -741.06494141 -6.99117869
343 -741.06457520 -6.99117524
344 -741.06390381 -6.99116890
345 -741.06384277 -6.99116833
346 -741.06445312 -6.99117409
347 -741.06335449 -6.99116372
348 -741.06256104 -6.99115624
349 -741.06140137 -6.99114530
350 -741.06195068 -6.99115048
351 -741.06158447 -6.99114702
352 -741.06109619 -6.99114242
353 -741.06030273 -6.99113493
354 -741.06054688 -6.99113723
355 -741.06146240 -6.99114587
356 -741.06091309 -6.99114069
357 -741.06170654 -6.99114817
358 -741.06036377 -6.99113551
359 -741.06054688 -6.99113723
360 -741.05914307 -6.99112399
361 -741.05859375 -6.99111881
362 -741.05871582 -6.99111996
363 -741.06018066 -6.99113378
364 -741.05816650 -6.99111478
365 -741.05792236 -6.99111248
366 -741.05627441 -6.99109693
367 -741.05676270 -6.99110153
368 -741.05731201 -6.99110672
369 -741.05780029 -6.99111132
370 -741.05737305 -6.99110729
371 -741.05871582 -6.99111996
372 -741.05688477 -6.99110269
373 -741.05670166 -6.99110096
374 -741.05535889 -6.99108829
375 -741.05651855 -6.99109923
376 -741.05554199 -6.99109002
377 -741.05578613 -6.99109232
378 -741.05615234 -6.99109578
379 -741.05548096 -6.99108944
380 -741.05560303 -6.99109059
381 -741.05438232 -6.99107908
382 -741.05310059 -6.99106699
383 -741.05377197 -6.99107332
384 -741.05407715 -6.99107620
385 -741.05218506 -6.99105835
386 -741.05297852 -6.99106584
387 -741.05303955 -6.99106641
388 -741.05200195 -6.99105662
389 -741.05133057 -6.99105029
390 -741.05010986 -6.99103877
391 -741.05078125 -6.99104511
392 -741.04888916 -6.99102726
393 -741.04992676 -6.99103704
394 -741.04821777 -6.99102092
395 -741.04833984 -6.99102207
396 -741.04840088 -6.99102265
397 -741.04864502 -6.99102495
398 -741.04766846 -6.99101574
399 -741.04895020 -6.99102783
400 -741.04870605 -6.99102553
401 -741.04803467 -6.99101919
402 -741.04846191 -6.99102323
403 -741.04711914 -6.99101056
404 -741.04681396 -6.99100768
405 -741.04516602 -6.99099213
406 -741.04553223 -6.99099559
407 -741.04534912 -6.99099386
408 -741.04541016 -6.99099444
409 -741.04681396 -6.99100768
410 -741.04614258 -6.99100135
411 -741.04687500 -6.99100825
412 -741.04486084 -6.99098925
413 -741.04510498 -6.99099156
414 -741.04565430 -6.99099674
415 -741.04492188 -6.99098983
416 -741.04437256 -6.99098465
417 -741.04449463 -6.99098580
418 -741.04455566 -6.99098637
419 -741.04388428 -6.99098004
420 -741.04364014 -6.99097774
421 -741.04376221 -6.99097889
422 -741.04248047 -6.99096680
423 -741.04339600 -6.99097543
424 -741.04241943 -6.99096622
425 -741.04180908 -6.99096046
426 -741.04199219 -6.99096219
427 -741.04339600 -6.99097543
428 -741.04290771 -6.99097083
429 -741.04199219 -6.99096219
430 -741.04187012 -6.99096104
431 -741.04199219 -6.99096219
432 -741.04095459 -6.99095240
433 -741.04217529 -6.99096392
434 -741.04052734 -6.99094837
435 -741.04077148 -6.99095067
436 -741.04174805 -6.99095989
437 -741.03967285 -6.99094031
438 -741.04095459 -6.99095240
439 -741.04040527 -6.99094722
440 -741.04034424 -6.99094664
441 -741.04101562 -6.99095298
442 -741.04150391 -6.99095758
443 -741.04162598 -6.99095874
444 -741.04138184 -6.99095643
445 -741.04101562 -6.99095298
446 -741.04125977 -6.99095528
447 -741.04119873 -6.99095471
448 -741.04003906 -6.99094376
449 -741.04034424 -6.99094664
450 -741.04101562 -6.99095298
451 -741.04016113 -6.99094492
452 -741.04034424 -6.99094664
453 -741.03845215 -6.99092879
454 -741.03979492 -6.99094146
455 -741.03967285 -6.99094031
456 -741.03900146 -6.99093398
457 -741.03875732 -6.99093167
458 -741.03967285 -6.99094031
459 -741.03900146 -6.99093398
460 -741.03796387 -6.99092419
461 -741.03875732 -6.99093167
462 -741.03881836 -6.99093225
463 -741.03930664 -6.99093686
464 -741.03778076 -6.99092246
465 -741.03942871 -6.99093801
466 -741.03918457 -6.99093570
467 -741.03753662 -6.99092016
468 -741.03833008 -6.99092764
469 -741.03936768 -6.99093743
470 -741.03851318 -6.99092937
471 -741.03887939 -6.99093282
472 -741.03802490 -6.99092476
473 -741.03881836 -6.99093225
474 -741.03894043 -6.99093340
475 -741.03710938 -6.99091613
476 -741.03784180 -6.99092304
477 -741.03607178 -6.99090634
478 -741.03527832 -6.99089885
479 -741.03649902 -6.99091037
480 -741.03668213 -6.99091210
481 -741.03497314 -6.99089597
482 -741.03540039 -6.99090000
483 -741.03521729 -6.99089828
484 -741.03405762 -6.99088734
485 -741.03466797 -6.99089309
486 -741.03356934 -6.99088273
487 -741.03338623 -6.99088100
488 -741.03363037 -6.99088331
489 -741.03314209 -6.99087870
490 -741.03356934 -6.99088273
491 -741.03454590 -6.99089194
492 -741.03515625 -6.99089770
493 -741.03411865 -6.99088791
494 -741.03259277 -6.99087352
495 -741.03265381 -6.99087409
496 -741.03259277 -6.99087352
497 -741.03222656 -6.99087006
498 -741.03222656 -6.99087006
499 -741.03149414 -6.99086315
500 -741.03186035 -6.99086661
501 -741.03070068 -6.99085567
502 -741.02966309 -6.99084588
503 -741.03167725 -6.99086488
504 -741.03070068 -6.99085567
505 -741.03137207 -6.99086200
506 -741.03076172 -6.99085624
507 -741.03039551 -6.99085279
508 -741.03021240 -6.99085106
509 -741.02893066 -6.99083897
510 -741.02941895 -6.99084357
511 -741.02905273 -6.99084012
512 -741.02764893 -6.99082688
513 -741.02807617 -6.99083091
514 -741.02636719 -6.99081478
515 -741.02612305 -6.99081248
516 -741.02648926 -6.99081594
517 -741.02569580 -6.99080845
518 -741.02490234 -6.99080097
519 -741.02612305 -6.99081248
520 -741.02587891 -6.99081018
521 -741.02557373 -6.99080730
522 -741.02673340 -6.99081824
523 -741.02606201 -6.99081191
524 -741.02551270 -6.99080672
525 -741.02557373 -6.99080730
526 -741.02502441 -6.99080212
527 -741.02410889 -6.99079348
528 -741.02508545 -6.99080269
529 -741.02398682 -6.99079233
530 -741.02478027 -6.99079981
531 -741.02374268 -6.99079003
532 -741.02520752 -6.99080384
533 -741.02459717 -6.99079809
534 -741.02539062 -6.99080557
535 -741.02569580 -6.99080845
536 -741.02630615 -6.99081421
537 -741.02575684 -6.99080903
538 -741.02539062 -6.99080557
539 -741.02496338 -6.99080154
540 -741.02453613 -6.99079751
541 -741.02581787 -6.99080960
542 -741.02673340 -6.99081824
543 -741.02545166 -6.99080615
544 -741.02624512 -6.99081363
545 -741.02539062 -6.99080557
546 -741.02795410 -6.99082976
547 -741.02630615 -6.99081421
548 -741.02575684 -6.99080903
549 -741.02532959 -6.99080500
550 -741.02496338 -6.99080154
551 -741.02557373 -6.99080730
552 -741.02526855 -6.99080442
553 -741.02618408 -6.99081306
554 -741.02636719 -6.99081478
555 -741.02734375 -6.99082400
556 -741.02630615 -6.99081421
557 -741.02770996 -6.99082745
558 -741.02917480 -6.99084127
559 -741.02819824 -6.99083206
560 -741.02734375 -6.99082400
561 -741.02691650 -6.99081997
562 -741.02624512 -6.99081363
