0 -568.23962402 -6.31377360
1 -568.29333496 -6.31437039
2 -568.32989502 -6.31477661
3 -568.35791016 -6.31508789
4 -568.37890625 -6.31532118
5 -568.39685059 -6.31552056
6 -568.40777588 -6.31564195
7 -568.41625977 -6.31573622
8 -568.42333984 -6.31581489
9 -568.43041992 -6.31589355
10 -568.43511963 -6.31594577
11 -568.43975830 -6.31599731
12 -568.44464111 -6.31605157
13 -568.44879150 -6.31609768
14 -568.45373535 -6.31615262
15 -568.45684814 -6.31618720
16 -568.45989990 -6.31622111
17 -568.46362305 -6.31626248
18 -568.46710205 -6.31630113
19 -568.47003174 -6.31633369
20 -568.47320557 -6.31636895
21 -568.47595215 -6.31639947
22 -568.47851562 -6.31642795
23 -568.48071289 -6.31645237
24 -568.48425293 -6.31649170
25 -568.48712158 -6.31652357
26 -568.48950195 -6.31655002
27 -568.49249268 -6.31658325
28 -568.49450684 -6.31660563
29 -568.49798584 -6.31664429
30 -568.49987793 -6.31666531
31 -568.50195312 -6.31668837
32 -568.50402832 -6.31671143
33 -568.50659180 -6.31673991
34 -568.50939941 -6.31677110
35 -568.51068115 -6.31678535
36 -568.51373291 -6.31681925
37 -568.51647949 -6.31684977
38 -568.51892090 -6.31687690
39 -568.51916504 -6.31687961
40 -568.52185059 -6.31690945
41 -568.52343750 -6.31692708
42 -568.52441406 -6.31693793
43 -568.52795410 -6.31697727
44 -568.53027344 -6.31700304
45 -568.53002930 -6.31700033
46 -568.53277588 -6.31703084
47 -568.53472900 -6.31705254
48 -568.53710938 -6.31707899
49 -568.53918457 -6.31710205
