0 -545.40020752 -7.57500288
1 -545.40270996 -7.57503764
2 -545.40307617 -7.57504272
3 -545.40411377 -7.57505714
4 -545.40502930 -7.57506985
5 -545.40588379 -7.57508172
6 -545.40588379 -7.57508172
7 -545.40484619 -7.57506731
8 -545.40661621 -7.57509189
9 -545.40698242 -7.57509698
10 -545.40698242 -7.57509698
11 -545.40686035 -7.57509528
12 -545.40686035 -7.57509528
13 -545.40747070 -7.57510376
14 -545.40679932 -7.57509443
15 -545.40759277 -7.57510546
16 -545.40863037 -7.57511987
17 -545.40869141 -7.57512071
18 -545.40686035 -7.57509528
19 -545.40771484 -7.57510715
20 -545.40844727 -7.57511732
21 -545.40905762 -7.57512580
22 -545.40795898 -7.57511054
23 -545.40802002 -7.57511139
24 -545.40808105 -7.57511224
25 -545.40893555 -7.57512410
26 -545.40814209 -7.57511308
27 -545.40893555 -7.57512410
28 -545.40960693 -7.57513343
29 -545.40966797 -7.57513428
30 -545.40917969 -7.57512750
31 -545.40954590 -7.57513258
32 -545.40979004 -7.57513597
33 -545.40930176 -7.57512919
34 -545.40869141 -7.57512071
35 -545.41003418 -7.57513936
36 -545.40985107 -7.57513682
37 -545.40930176 -7.57512919
38 -545.40856934 -7.57511902
39 -545.40917969 -7.57512750
40 -545.40917969 -7.57512750
41 -545.40881348 -7.57512241
42 -545.40789795 -7.57510969
43 -545.40850830 -7.57511817
44 -545.40960693 -7.57513343
45 -545.40875244 -7.57512156
46 -545.40808105 -7.57511224
47 -545.40893555 -7.57512410
48 -545.40875244 -7.57512156
49 -545.40954590 -7.57513258
50 -545.40917969 -7.57512750
51 -545.40917969 -7.57512750
52 -545.40844727 -7.57511732
53 -545.40869141 -7.57512071
54 -545.40844727 -7.57511732
55 -545.40844727 -7.57511732
56 -545.40960693 -7.57513343
57 -545.40917969 -7.57512750
58 -545.40917969 -7.57512750
59 -545.40917969 -7.57512750
60 -545.40979004 -7.57513597
61 -545.40948486 -7.57513173
62 -545.40948486 -7.57513173
63 -545.40893555 -7.57512410
64 -545.40936279 -7.57513004
65 -545.40844727 -7.57511732
66 -545.40844727 -7.57511732
67 -545.40942383 -7.57513089
68 -545.40887451 -7.57512326
69 -545.41027832 -7.57514275
70 -545.41015625 -7.57514106
71 -545.41027832 -7.57514275
72 -545.41009521 -7.57514021
73 -545.40960693 -7.57513343
74 -545.40979004 -7.57513597
75 -545.40942383 -7.57513089
76 -545.40893555 -7.57512410
77 -545.40905762 -7.57512580
78 -545.40917969 -7.57512750
79 -545.40917969 -7.57512750
80 -545.40875244 -7.57512156
81 -545.40856934 -7.57511902
82 -545.40820312 -7.57511393
83 -545.40856934 -7.57511902
84 -545.40771484 -7.57510715
85 -545.40820312 -7.57511393
86 -545.40856934 -7.57511902
87 -545.40881348 -7.57512241
88 -545.40844727 -7.57511732
89 -545.40838623 -7.57511648
90 -545.40924072 -7.57512834
91 -545.40856934 -7.57511902
92 -545.40936279 -7.57513004
93 -545.40893555 -7.57512410
94 -545.40893555 -7.57512410
95 -545.40893555 -7.57512410
96 -545.40917969 -7.57512750
97 -545.40844727 -7.57511732
98 -545.40881348 -7.57512241
99 -545.40881348 -7.57512241
100 -545.40850830 -7.57511817
101 -545.40869141 -7.57512071
102 -545.40844727 -7.57511732
103 -545.40893555 -7.57512410
104 -545.40875244 -7.57512156
105 -545.40905762 -7.57512580
106 -545.40869141 -7.57512071
107 -545.40869141 -7.57512071
108 -545.40905762 -7.57512580
109 -545.40930176 -7.57512919
110 -545.40826416 -7.57511478
111 -545.40893555 -7.57512410
112 -545.40856934 -7.57511902
113 -545.40930176 -7.57512919
114 -545.40734863 -7.57510206
115 -545.40844727 -7.57511732
116 -545.40881348 -7.57512241
117 -545.40905762 -7.57512580
118 -545.40808105 -7.57511224
119 -545.40856934 -7.57511902
120 -545.40869141 -7.57512071
121 -545.40850830 -7.57511817
122 -545.40856934 -7.57511902
123 -545.40856934 -7.57511902
124 -545.40887451 -7.57512326
125 -545.40808105 -7.57511224
126 -545.40814209 -7.57511308
127 -545.40844727 -7.57511732
128 -545.40832520 -7.57511563
129 -545.40856934 -7.57511902
130 -545.40771484 -7.57510715
131 -545.40771484 -7.57510715
132 -545.40850830 -7.57511817
133 -545.40777588 -7.57510800
134 -545.40759277 -7.57510546
135 -545.40795898 -7.57511054
136 -545.40734863 -7.57510206
137 -545.40606689 -7.57508426
138 -545.40612793 -7.57508511
139 -545.40655518 -7.57509104
140 -545.40582275 -7.57508087
141 -545.40521240 -7.57507239
142 -545.40539551 -7.57507494
143 -545.40484619 -7.57506731
144 -545.40472412 -7.57506561
145 -545.40545654 -7.57507579
146 -545.40594482 -7.57508257
147 -545.40643311 -7.57508935
148 -545.40606689 -7.57508426
149 -545.40563965 -7.57507833
150 -545.40539551 -7.57507494
151 -545.40539551 -7.57507494
152 -545.40563965 -7.57507833
153 -545.40545654 -7.57507579
154 -545.40563965 -7.57507833
155 -545.40655518 -7.57509104
156 -545.40679932 -7.57509443
157 -545.40539551 -7.57507494
158 -545.40661621 -7.57509189
159 -545.40649414 -7.57509020
160 -545.40606689 -7.57508426
161 -545.40576172 -7.57508002
162 -545.40527344 -7.57507324
163 -545.40649414 -7.57509020
164 -545.40515137 -7.57507155
165 -545.40539551 -7.57507494
166 -545.40527344 -7.57507324
167 -545.40466309 -7.57506477
168 -545.40478516 -7.57506646
169 -545.40563965 -7.57507833
170 -545.40527344 -7.57507324
171 -545.40466309 -7.57506477
172 -545.40545654 -7.57507579
173 -545.40625000 -7.57508681
174 -545.40570068 -7.57507918
175 -545.40612793 -7.57508511
176 -545.40551758 -7.57507663
177 -545.40625000 -7.57508681
178 -545.40563965 -7.57507833
179 -545.40576172 -7.57508002
180 -545.40661621 -7.57509189
181 -545.40612793 -7.57508511
182 -545.40563965 -7.57507833
183 -545.40557861 -7.57507748
184 -545.40460205 -7.57506392
185 -545.40502930 -7.57506985
186 -545.40441895 -7.57506137
187 -545.40466309 -7.57506477
188 -545.40380859 -7.57505290
189 -545.40362549 -7.57505035
190 -545.40356445 -7.57504951
191 -545.40374756 -7.57505205
192 -545.40380859 -7.57505290
193 -545.40417480 -7.57505798
194 -545.40380859 -7.57505290
195 -545.40429688 -7.57505968
196 -545.40374756 -7.57505205
197 -545.40374756 -7.57505205
198 -545.40338135 -7.57504696
199 -545.40362549 -7.57505035
200 -545.40332031 -7.57504612
201 -545.40386963 -7.57505374
202 -545.40350342 -7.57504866
203 -545.40325928 -7.57504527
204 -545.40338135 -7.57504696
205 -545.40380859 -7.57505290
206 -545.40380859 -7.57505290
207 -545.40454102 -7.57506307
208 -545.40344238 -7.57504781
209 -545.40307617 -7.57504272
210 -545.40405273 -7.57505629
211 -545.40405273 -7.57505629
212 -545.40332031 -7.57504612
213 -545.40246582 -7.57503425
214 -545.40258789 -7.57503594
215 -545.40344238 -7.57504781
216 -545.40350342 -7.57504866
217 -545.40338135 -7.57504696
218 -545.40319824 -7.57504442
219 -545.40325928 -7.57504527
220 -545.40295410 -7.57504103
221 -545.40307617 -7.57504272
222 -545.40368652 -7.57505120
223 -545.40435791 -7.57506053
224 -545.40423584 -7.57505883
225 -545.40515137 -7.57507155
226 -545.40466309 -7.57506477
227 -545.40417480 -7.57505798
228 -545.40496826 -7.57506900
229 -545.40509033 -7.57507070
230 -545.40399170 -7.57505544
231 -545.40576172 -7.57508002
232 -545.40466309 -7.57506477
233 -545.40576172 -7.57508002
234 -545.40600586 -7.57508341
235 -545.40484619 -7.57506731
236 -545.40551758 -7.57507663
237 -545.40563965 -7.57507833
238 -545.40557861 -7.57507748
239 -545.40563965 -7.57507833
240 -545.40606689 -7.57508426
241 -545.40649414 -7.57509020
242 -545.40612793 -7.57508511
243 -545.40649414 -7.57509020
244 -545.40576172 -7.57508002
245 -545.40661621 -7.57509189
246 -545.40563965 -7.57507833
247 -545.40637207 -7.57508850
248 -545.40606689 -7.57508426
249 -545.40527344 -7.57507324
250 -545.40545654 -7.57507579
251 -545.40490723 -7.57506816
252 -545.40551758 -7.57507663
253 -545.40563965 -7.57507833
254 -545.40478516 -7.57506646
255 -545.40460205 -7.57506392
256 -545.40435791 -7.57506053
257 -545.40380859 -7.57505290
258 -545.40380859 -7.57505290
259 -545.40368652 -7.57505120
260 -545.40399170 -7.57505544
261 -545.40429688 -7.57505968
262 -545.40393066 -7.57505459
263 -545.40429688 -7.57505968
264 -545.40350342 -7.57504866
265 -545.40332031 -7.57504612
266 -545.40417480 -7.57505798
267 -545.40435791 -7.57506053
268 -545.40466309 -7.57506477
269 -545.40411377 -7.57505714
270 -545.40283203 -7.57503933
271 -545.40344238 -7.57504781
272 -545.40307617 -7.57504272
273 -545.40277100 -7.57503849
274 -545.40332031 -7.57504612
275 -545.40374756 -7.57505205
276 -545.40332031 -7.57504612
277 -545.40380859 -7.57505290
278 -545.40270996 -7.57503764
279 -545.40393066 -7.57505459
280 -545.40356445 -7.57504951
281 -545.40472412 -7.57506561
282 -545.40521240 -7.57507239
283 -545.40502930 -7.57506985
284 -545.40441895 -7.57506137
285 -545.40429688 -7.57505968
286 -545.40429688 -7.57505968
287 -545.40435791 -7.57506053
288 -545.40374756 -7.57505205
289 -545.40441895 -7.57506137
290 -545.40490723 -7.57506816
291 -545.40521240 -7.57507239
292 -545.40570068 -7.57507918
293 -545.40576172 -7.57508002
294 -545.40551758 -7.57507663
295 -545.40551758 -7.57507663
296 -545.40502930 -7.57506985
297 -545.40527344 -7.57507324
298 -545.40576172 -7.57508002
299 -545.40612793 -7.57508511
300 -545.40576172 -7.57508002
301 -545.40588379 -7.57508172
302 -545.40521240 -7.57507239
303 -545.40454102 -7.57506307
304 -545.40429688 -7.57505968
305 -545.40478516 -7.57506646
306 -545.40539551 -7.57507494
307 -545.40551758 -7.57507663
308 -545.40600586 -7.57508341
309 -545.40539551 -7.57507494
310 -545.40539551 -7.57507494
311 -545.40527344 -7.57507324
312 -545.40502930 -7.57506985
313 -545.40551758 -7.57507663
314 -545.40576172 -7.57508002
315 -545.40588379 -7.57508172
316 -545.40551758 -7.57507663
317 -545.40539551 -7.57507494
318 -545.40478516 -7.57506646
319 -545.40484619 -7.57506731
320 -545.40484619 -7.57506731
321 -545.40496826 -7.57506900
322 -545.40478516 -7.57506646
323 -545.40527344 -7.57507324
324 -545.40625000 -7.57508681
325 -545.40563965 -7.57507833
326 -545.40576172 -7.57508002
327 -545.40570068 -7.57507918
328 -545.40600586 -7.57508341
329 -545.40655518 -7.57509104
330 -545.40625000 -7.57508681
331 -545.40637207 -7.57508850
332 -545.40527344 -7.57507324
333 -545.40533447 -7.57507409
334 -545.40490723 -7.57506816
335 -545.40527344 -7.57507324
336 -545.40533447 -7.57507409
337 -545.40545654 -7.57507579
338 -545.40417480 -7.57505798
339 -545.40515137 -7.57507155
340 -545.40588379 -7.57508172
341 -545.40563965 -7.57507833
342 -545.40557861 -7.57507748
343 -545.40551758 -7.57507663
344 -545.40515137 -7.57507155
345 -545.40454102 -7.57506307
346 -545.40527344 -7.57507324
347 -545.40496826 -7.57506900
348 -545.40399170 -7.57505544
349 -545.40417480 -7.57505798
350 -545.40393066 -7.57505459
351 -545.40344238 -7.57504781
352 -545.40380859 -7.57505290
353 -545.40338135 -7.57504696
354 -545.40307617 -7.57504272
355 -545.40362549 -7.57505035
356 -545.40325928 -7.57504527
357 -545.40356445 -7.57504951
358 -545.40368652 -7.57505120
359 -545.40380859 -7.57505290
360 -545.40307617 -7.57504272
361 -545.40246582 -7.57503425
362 -545.40197754 -7.57502747
363 -545.40209961 -7.57502916
364 -545.40216064 -7.57503001
365 -545.40228271 -7.57503170
366 -545.40216064 -7.57503001
367 -545.40148926 -7.57502068
368 -545.40063477 -7.57500882
369 -545.40148926 -7.57502068
370 -545.40124512 -7.57501729
371 -545.40118408 -7.57501645
372 -545.40045166 -7.57500627
373 -545.39996338 -7.57499949
374 -545.40069580 -7.57500966
375 -545.40093994 -7.57501305
376 -545.40155029 -7.57502153
377 -545.40051270 -7.57500712
378 -545.40026855 -7.57500373
379 -545.40063477 -7.57500882
380 -545.40051270 -7.57500712
381 -545.40002441 -7.57500034
382 -545.40087891 -7.57501221
383 -545.40063477 -7.57500882
384 -545.39984131 -7.57499780
385 -545.40014648 -7.57500203
386 -545.40002441 -7.57500034
387 -545.40032959 -7.57500458
388 -545.40020752 -7.57500288
389 -545.40014648 -7.57500203
390 -545.39941406 -7.57499186
391 -545.40002441 -7.57500034
392 -545.39953613 -7.57499356
393 -545.39941406 -7.57499186
394 -545.39916992 -7.57498847
395 -545.39855957 -7.57497999
396 -545.39636230 -7.57494948
397 -545.39770508 -7.57496813
398 -545.39819336 -7.57497491
399 -545.40014648 -7.57500203
400 -545.39947510 -7.57499271
401 -545.39868164 -7.57498169
402 -545.39746094 -7.57496474
403 -545.39819336 -7.57497491
404 -545.39776611 -7.57496897
405 -545.39868164 -7.57498169
406 -545.39886475 -7.57498423
407 -545.39880371 -7.57498338
408 -545.39874268 -7.57498254
409 -545.39782715 -7.57496982
410 -545.39794922 -7.57497152
411 -545.39801025 -7.57497236
412 -545.39715576 -7.57496050
413 -545.39721680 -7.57496134
414 -545.39697266 -7.57495795
415 -545.39770508 -7.57496813
416 -545.39666748 -7.57495372
417 -545.39837646 -7.57497745
418 -545.39819336 -7.57497491
419 -545.39758301 -7.57496643
420 -545.39624023 -7.57494778
421 -545.39703369 -7.57495880
422 -545.39666748 -7.57495372
423 -545.39685059 -7.57495626
424 -545.39739990 -7.57496389
425 -545.39733887 -7.57496304
426 -545.39788818 -7.57497067
427 -545.39819336 -7.57497491
428 -545.39709473 -7.57495965
429 -545.39819336 -7.57497491
430 -545.39794922 -7.57497152
431 -545.39709473 -7.57495965
432 -545.39819336 -7.57497491
433 -545.39843750 -7.57497830
434 -545.39807129 -7.57497321
435 -545.39697266 -7.57495795
436 -545.39776611 -7.57496897
437 -545.39837646 -7.57497745
438 -545.39929199 -7.57499017
439 -545.39880371 -7.57498338
440 -545.39886475 -7.57498423
441 -545.39892578 -7.57498508
442 -545.39965820 -7.57499525
443 -545.39819336 -7.57497491
444 -545.39904785 -7.57498678
445 -545.39801025 -7.57497236
446 -545.39746094 -7.57496474
447 -545.39849854 -7.57497915
448 -545.39904785 -7.57498678
449 -545.39837646 -7.57497745
450 -545.39868164 -7.57498169
451 -545.39770508 -7.57496813
452 -545.39819336 -7.57497491
453 -545.39959717 -7.57499441
454 -545.39929199 -7.57499017
455 -545.40039062 -7.57500543
456 -545.39996338 -7.57499949
457 -545.40014648 -7.57500203
458 -545.39996338 -7.57499949
459 -545.40051270 -7.57500712
460 -545.39959717 -7.57499441
461 -545.40008545 -7.57500119
462 -545.40087891 -7.57501221
463 -545.40167236 -7.57502323
464 -545.40118408 -7.57501645
465 -545.40106201 -7.57501475
466 -545.40026855 -7.57500373
467 -545.40063477 -7.57500882
468 -545.40063477 -7.57500882
469 -545.40100098 -7.57501390
470 -545.40014648 -7.57500203
471 -545.40100098 -7.57501390
472 -545.40112305 -7.57501560
473 -545.40051270 -7.57500712
474 -545.40051270 -7.57500712
475 -545.39978027 -7.57499695
476 -545.40069580 -7.57500966
477 -545.40112305 -7.57501560
478 -545.40087891 -7.57501221
479 -545.40167236 -7.57502323
480 -545.40087891 -7.57501221
481 -545.40100098 -7.57501390
482 -545.40014648 -7.57500203
483 -545.40075684 -7.57501051
484 -545.40063477 -7.57500882
485 -545.40051270 -7.57500712
486 -545.40014648 -7.57500203
487 -545.40100098 -7.57501390
488 -545.40032959 -7.57500458
489 -545.40039062 -7.57500543
490 -545.40008545 -7.57500119
491 -545.40045166 -7.57500627
492 -545.40020752 -7.57500288
493 -545.40057373 -7.57500797
494 -545.40075684 -7.57501051
495 -545.39990234 -7.57499864
496 -545.39929199 -7.57499017
497 -545.40014648 -7.57500203
498 -545.39978027 -7.57499695
499 -545.39941406 -7.57499186
500 -545.40051270 -7.57500712
501 -545.39916992 -7.57498847
502 -545.39996338 -7.57499949
503 -545.40032959 -7.57500458
504 -545.39996338 -7.57499949
505 -545.40020752 -7.57500288
506 -545.40014648 -7.57500203
507 -545.39996338 -7.57499949
508 -545.39929199 -7.57499017
509 -545.39941406 -7.57499186
510 -545.39965820 -7.57499525
511 -545.39935303 -7.57499101
512 -545.39978027 -7.57499695
513 -545.39990234 -7.57499864
514 -545.39978027 -7.57499695
515 -545.39855957 -7.57497999
516 -545.39996338 -7.57499949
517 -545.39843750 -7.57497830
518 -545.39984131 -7.57499780
519 -545.39929199 -7.57499017
520 -545.39868164 -7.57498169
521 -545.39990234 -7.57499864
522 -545.39843750 -7.57497830
523 -545.39843750 -7.57497830
524 -545.39849854 -7.57497915
525 -545.39801025 -7.57497236
526 -545.39825439 -7.57497576
527 -545.39825439 -7.57497576
528 -545.39801025 -7.57497236
529 -545.39886475 -7.57498423
530 -545.39709473 -7.57495965
531 -545.39843750 -7.57497830
532 -545.39794922 -7.57497152
533 -545.39849854 -7.57497915
534 -545.39733887 -7.57496304
535 -545.39752197 -7.57496558
536 -545.39849854 -7.57497915
537 -545.39813232 -7.57497406
538 -545.39752197 -7.57496558
539 -545.39794922 -7.57497152
540 -545.39709473 -7.57495965
541 -545.39752197 -7.57496558
542 -545.39819336 -7.57497491
543 -545.39794922 -7.57497152
544 -545.39758301 -7.57496643
545 -545.39666748 -7.57495372
546 -545.39794922 -7.57497152
547 -545.39880371 -7.57498338
548 -545.39910889 -7.57498762
549 -545.39892578 -7.57498508
550 -545.39923096 -7.57498932
551 -545.39929199 -7.57499017
552 -545.39874268 -7.57498254
553 -545.39904785 -7.57498678
554 -545.39813232 -7.57497406
555 -545.39855957 -7.57497999
556 -545.39868164 -7.57498169
557 -545.39941406 -7.57499186
558 -545.39935303 -7.57499101
559 -545.39868164 -7.57498169
560 -545.39807129 -7.57497321
561 -545.39953613 -7.57499356
562 -545.39807129 -7.57497321
563 -545.39819336 -7.57497491
564 -545.39874268 -7.57498254
565 -545.39880371 -7.57498338
566 -545.39868164 -7.57498169
567 -545.39849854 -7.57497915
568 -545.39770508 -7.57496813
569 -545.39868164 -7.57498169
570 -545.39807129 -7.57497321
571 -545.39971924 -7.57499610
572 -545.39984131 -7.57499780
573 -545.39959717 -7.57499441
574 -545.39959717 -7.57499441
575 -545.39880371 -7.57498338
576 -545.39923096 -7.57498932
577 -545.39862061 -7.57498084
578 -545.39935303 -7.57499101
579 -545.39868164 -7.57498169
580 -545.39916992 -7.57498847
581 -545.39916992 -7.57498847
582 -545.39953613 -7.57499356
583 -545.39868164 -7.57498169
584 -545.39916992 -7.57498847
585 -545.39898682 -7.57498593
586 -545.39923096 -7.57498932
587 -545.39904785 -7.57498678
588 -545.39910889 -7.57498762
589 -545.39831543 -7.57497660
590 -545.39880371 -7.57498338
591 -545.39886475 -7.57498423
592 -545.39868164 -7.57498169
593 -545.39855957 -7.57497999
594 -545.39807129 -7.57497321
595 -545.39837646 -7.57497745
596 -545.39831543 -7.57497660
597 -545.39855957 -7.57497999
598 -545.39849854 -7.57497915
599 -545.39916992 -7.57498847
600 -545.39831543 -7.57497660
601 -545.39794922 -7.57497152
602 -545.39782715 -7.57496982
603 -545.39721680 -7.57496134
604 -545.39776611 -7.57496897
605 -545.39733887 -7.57496304
606 -545.39807129 -7.57497321
607 -545.39739990 -7.57496389
608 -545.39733887 -7.57496304
609 -545.39758301 -7.57496643
610 -545.39733887 -7.57496304
611 -545.39819336 -7.57497491
612 -545.39678955 -7.57495541
613 -545.39746094 -7.57496474
614 -545.39703369 -7.57495880
615 -545.39758301 -7.57496643
616 -545.39746094 -7.57496474
617 -545.39672852 -7.57495456
618 -545.39660645 -7.57495287
619 -545.39691162 -7.57495711
620 -545.39611816 -7.57494609
621 -545.39660645 -7.57495287
622 -545.39660645 -7.57495287
623 -545.39697266 -7.57495795
