0 -721.53271484 -6.93781457
1 -721.54962158 -6.93797713
2 -721.56140137 -6.93809040
3 -721.57067871 -6.93817960
4 -721.57720947 -6.93824240
5 -721.58404541 -6.93830813
6 -721.59057617 -6.93837092
7 -721.59674072 -6.93843020
8 -721.60174561 -6.93847832
9 -721.60742188 -6.93853290
10 -721.61120605 -6.93856929
11 -721.61608887 -6.93861624
12 -721.61895752 -6.93864382
13 -721.62298584 -6.93868256
14 -721.62829590 -6.93873361
15 -721.63208008 -6.93877000
16 -721.63574219 -6.93880521
17 -721.63800049 -6.93882693
18 -721.64062500 -6.93885216
19 -721.64373779 -6.93888209
20 -721.64782715 -6.93892141
21 -721.65020752 -6.93894430
22 -721.65374756 -6.93897834
23 -721.65667725 -6.93900651
24 -721.65856934 -6.93902471
25 -721.66027832 -6.93904114
26 -721.66333008 -6.93907048
27 -721.66619873 -6.93909806
28 -721.66845703 -6.93911978
29 -721.67102051 -6.93914443
30 -721.67242432 -6.93915793
31 -721.67449951 -6.93917788
32 -721.67736816 -6.93920546
33 -721.67907715 -6.93922190
34 -721.68115234 -6.93924185
35 -721.68157959 -6.93924596
36 -721.68438721 -6.93927295
37 -721.68536377 -6.93928234
38 -721.68798828 -6.93930758
39 -721.68908691 -6.93931814
40 -721.69079590 -6.93933458
41 -721.69299316 -6.93935570
42 -721.69470215 -6.93937214
43 -721.69482422 -6.93937331
44 -721.69592285 -6.93938387
45 -721.69885254 -6.93941204
46 -721.69921875 -6.93941556
47 -721.70184326 -6.93944080
48 -721.70263672 -6.93944843
49 -721.70397949 -6.93946134
50 -721.70532227 -6.93947425
51 -721.70538330 -6.93947484
52 -721.70697021 -6.93949010
53 -721.70825195 -6.93950242
54 -721.70971680 -6.93951651
55 -721.71051025 -6.93952414
56 -721.71124268 -6.93953118
57 -721.71209717 -6.93953940
58 -721.71337891 -6.93955172
59 -721.71374512 -6.93955524
60 -721.71514893 -6.93956874
61 -721.71612549 -6.93957813
62 -721.71740723 -6.93959045
63 -721.71813965 -6.93959750
64 -721.71868896 -6.93960278
65 -721.71948242 -6.93961041
66 -721.72021484 -6.93961745
67 -721.72125244 -6.93962743
68 -721.72271729 -6.93964151
69 -721.72369385 -6.93965090
70 -721.72546387 -6.93966792
71 -721.72528076 -6.93966616
72 -721.72753906 -6.93968788
73 -721.72766113 -6.93968905
74 -721.72924805 -6.93970431
75 -721.73040771 -6.93971546
76 -721.73120117 -6.93972309
77 -721.73211670 -6.93973189
78 -721.73217773 -6.93973248
79 -721.73358154 -6.93974598
80 -721.73455811 -6.93975537
81 -721.73632812 -6.93977239
82 -721.73767090 -6.93978530
83 -721.73760986 -6.93978471
84 -721.73791504 -6.93978764
85 -721.73895264 -6.93979762
86 -721.73913574 -6.93979938
87 -721.74047852 -6.93981229
88 -721.74078369 -6.93981523
89 -721.74194336 -6.93982638
90 -721.74145508 -6.93982168
91 -721.74291992 -6.93983577
92 -721.74365234 -6.93984281
93 -721.74511719 -6.93985690
94 -721.74536133 -6.93985924
95 -721.74664307 -6.93987157
96 -721.74670410 -6.93987215
97 -721.74804688 -6.93988507
98 -721.74841309 -6.93988859
99 -721.74884033 -6.93989270
100 -721.74945068 -6.93989856
101 -721.75079346 -6.93991148
102 -721.75122070 -6.93991558
103 -721.75250244 -6.93992791
104 -721.75292969 -6.93993202
105 -721.75354004 -6.93993788
106 -721.75488281 -6.93995080
107 -721.75482178 -6.93995021
108 -721.75695801 -6.93997075
109 -721.75787354 -6.93997955
110 -721.75805664 -6.93998131
111 -721.75921631 -6.93999246
112 -721.75946045 -6.93999481
113 -721.76007080 -6.94000068
114 -721.76196289 -6.94001887
115 -721.76165771 -6.94001594
116 -721.76232910 -6.94002240
117 -721.76379395 -6.94003648
118 -721.76391602 -6.94003765
119 -721.76452637 -6.94004352
120 -721.76501465 -6.94004822
121 -721.76690674 -6.94006641
122 -721.76696777 -6.94006700
123 -721.76788330 -6.94007580
124 -721.76873779 -6.94008402
125 -721.76965332 -6.94009282
126 -721.76904297 -6.94008695
127 -721.77093506 -6.94010514
128 -721.77160645 -6.94011160
129 -721.77093506 -6.94010514
130 -721.77343750 -6.94012921
131 -721.77337646 -6.94012862
132 -721.77380371 -6.94013273
133 -721.77532959 -6.94014740
134 -721.77600098 -6.94015386
135 -721.77539062 -6.94014799
136 -721.77587891 -6.94015268
137 -721.77600098 -6.94015386
138 -721.77624512 -6.94015620
139 -721.77770996 -6.94017029
140 -721.77801514 -6.94017322
141 -721.77795410 -6.94017264
142 -721.77893066 -6.94018203
143 -721.77966309 -6.94018907
144 -721.77929688 -6.94018555
145 -721.78057861 -6.94019787
146 -721.78100586 -6.94020198
147 -721.78179932 -6.94020961
148 -721.78173828 -6.94020902
149 -721.78186035 -6.94021020
150 -721.78137207 -6.94020550
151 -721.78240967 -6.94021548
152 -721.78137207 -6.94020550
153 -721.78240967 -6.94021548
154 -721.78137207 -6.94020550
155 -721.78387451 -6.94022956
156 -721.78405762 -6.94023132
157 -721.78485107 -6.94023895
158 -721.78576660 -6.94024776
159 -721.78649902 -6.94025480
160 -721.78729248 -6.94026243
161 -721.78717041 -6.94026125
162 -721.78771973 -6.94026654
163 -721.78765869 -6.94026595
164 -721.78656006 -6.94025539
165 -721.78833008 -6.94027240
166 -721.78894043 -6.94027827
167 -721.78802490 -6.94026947
168 -721.78918457 -6.94028062
169 -721.79003906 -6.94028884
170 -721.78967285 -6.94028532
171 -721.78985596 -6.94028708
172 -721.79138184 -6.94030175
173 -721.79162598 -6.94030410
174 -721.79199219 -6.94030762
175 -721.79144287 -6.94030234
176 -721.79266357 -6.94031407
177 -721.79345703 -6.94032170
178 -721.79296875 -6.94031701
179 -721.79345703 -6.94032170
180 -721.79364014 -6.94032346
181 -721.79357910 -6.94032288
182 -721.79394531 -6.94032640
183 -721.79406738 -6.94032757
184 -721.79437256 -6.94033051
185 -721.79467773 -6.94033344
186 -721.79461670 -6.94033285
187 -721.79559326 -6.94034224
188 -721.79486084 -6.94033520
189 -721.79522705 -6.94033872
190 -721.79687500 -6.94035457
191 -721.79663086 -6.94035222
192 -721.79693604 -6.94035515
193 -721.79797363 -6.94036513
194 -721.79724121 -6.94035809
195 -721.79821777 -6.94036748
196 -721.79907227 -6.94037569
197 -721.79913330 -6.94037628
198 -721.79949951 -6.94037980
199 -721.79956055 -6.94038039
200 -721.80084229 -6.94039271
201 -721.80078125 -6.94039213
202 -721.80194092 -6.94040328
203 -721.80181885 -6.94040210
204 -721.80224609 -6.94040621
205 -721.80175781 -6.94040152
206 -721.80224609 -6.94040621
207 -721.80426025 -6.94042558
208 -721.80395508 -6.94042264
209 -721.80493164 -6.94043204
210 -721.80499268 -6.94043262
211 -721.80572510 -6.94043966
212 -721.80584717 -6.94044084
213 -721.80621338 -6.94044436
214 -721.80688477 -6.94045082
215 -721.80786133 -6.94046021
216 -721.80761719 -6.94045786
217 -721.80718994 -6.94045375
218 -721.80798340 -6.94046138
219 -721.80810547 -6.94046255
220 -721.81030273 -6.94048368
221 -721.81103516 -6.94049072
222 -721.81103516 -6.94049072
223 -721.81060791 -6.94048661
224 -721.81103516 -6.94049072
225 -721.81231689 -6.94050305
226 -721.81396484 -6.94051889
227 -721.81390381 -6.94051831
228 -721.81439209 -6.94052300
229 -721.81384277 -6.94051772
230 -721.81445312 -6.94052359
231 -721.81475830 -6.94052652
232 -721.81475830 -6.94052652
233 -721.81658936 -6.94054413
234 -721.81726074 -6.94055058
235 -721.81677246 -6.94054589
236 -721.81799316 -6.94055763
237 -721.81854248 -6.94056291
238 -721.81872559 -6.94056467
239 -721.81811523 -6.94055880
240 -721.82006836 -6.94057758
241 -721.82073975 -6.94058404
242 -721.82128906 -6.94058932
243 -721.82189941 -6.94059519
244 -721.82263184 -6.94060223
245 -721.82244873 -6.94060047
246 -721.82165527 -6.94059284
247 -721.82330322 -6.94060868
248 -721.82299805 -6.94060575
249 -721.82202148 -6.94059636
250 -721.82348633 -6.94061045
251 -721.82385254 -6.94061397
252 -721.82360840 -6.94061162
253 -721.82336426 -6.94060927
254 -721.82434082 -6.94061866
255 -721.82446289 -6.94061984
256 -721.82464600 -6.94062160
257 -721.82452393 -6.94062042
258 -721.82470703 -6.94062218
259 -721.82440186 -6.94061925
260 -721.82574463 -6.94063216
261 -721.82464600 -6.94062160
262 -721.82556152 -6.94063040
263 -721.82659912 -6.94064038
264 -721.82611084 -6.94063568
265 -721.82604980 -6.94063509
266 -721.82678223 -6.94064214
267 -721.82647705 -6.94063920
268 -721.82666016 -6.94064096
269 -721.82702637 -6.94064448
270 -721.82800293 -6.94065387
271 -721.82775879 -6.94065153
272 -721.82806396 -6.94065446
273 -721.82739258 -6.94064801
274 -721.82897949 -6.94066326
275 -721.82818604 -6.94065563
276 -721.82897949 -6.94066326
277 -721.82934570 -6.94066679
278 -721.82922363 -6.94066561
279 -721.83050537 -6.94067794
280 -721.83123779 -6.94068498
281 -721.83099365 -6.94068263
282 -721.83178711 -6.94069026
283 -721.83264160 -6.94069848
284 -721.83245850 -6.94069672
285 -721.83245850 -6.94069672
286 -721.83142090 -6.94068674
287 -721.83306885 -6.94070259
288 -721.83386230 -6.94071021
289 -721.83349609 -6.94070669
290 -721.83325195 -6.94070435
291 -721.83374023 -6.94070904
292 -721.83453369 -6.94071667
293 -721.83538818 -6.94072489
294 -721.83508301 -6.94072195
295 -721.83471680 -6.94071843
296 -721.83502197 -6.94072137
297 -721.83618164 -6.94073252
298 -721.83660889 -6.94073662
299 -721.83697510 -6.94074015
300 -721.83691406 -6.94073956
301 -721.83795166 -6.94074954
302 -721.83911133 -6.94076069
303 -721.83990479 -6.94076832
304 -721.83917236 -6.94076127
305 -721.83959961 -6.94076538
306 -721.83923340 -6.94076186
307 -721.83911133 -6.94076069
308 -721.84051514 -6.94077418
309 -721.84069824 -6.94077594
310 -721.84106445 -6.94077947
311 -721.84020996 -6.94077125
312 -721.84063721 -6.94077536
313 -721.83990479 -6.94076832
314 -721.84082031 -6.94077712
315 -721.84106445 -6.94077947
316 -721.84204102 -6.94078886
317 -721.84143066 -6.94078299
318 -721.84191895 -6.94078768
319 -721.84191895 -6.94078768
320 -721.84295654 -6.94079766
321 -721.84344482 -6.94080235
322 -721.84338379 -6.94080177
323 -721.84332275 -6.94080118
324 -721.84356689 -6.94080353
325 -721.84368896 -6.94080470
326 -721.84558105 -6.94082289
327 -721.84497070 -6.94081703
328 -721.84490967 -6.94081644
329 -721.84558105 -6.94082289
330 -721.84704590 -6.94083698
331 -721.84661865 -6.94083287
332 -721.84710693 -6.94083757
333 -721.84680176 -6.94083463
334 -721.84667969 -6.94083346
335 -721.84753418 -6.94084167
336 -721.84808350 -6.94084696
337 -721.84771729 -6.94084344
338 -721.84838867 -6.94084989
339 -721.84881592 -6.94085400
340 -721.84887695 -6.94085459
341 -721.84960938 -6.94086163
342 -721.84991455 -6.94086456
343 -721.84979248 -6.94086339
344 -721.84954834 -6.94086104
345 -721.84985352 -6.94086398
346 -721.85009766 -6.94086632
347 -721.84997559 -6.94086515
348 -721.84954834 -6.94086104
349 -721.85021973 -6.94086750
350 -721.84899902 -6.94085576
351 -721.84985352 -6.94086398
352 -721.85095215 -6.94087454
353 -721.85052490 -6.94087043
354 -721.85095215 -6.94087454
355 -721.85089111 -6.94087395
356 -721.85137939 -6.94087865
357 -721.85229492 -6.94088745
358 -721.85119629 -6.94087689
359 -721.85083008 -6.94087337
360 -721.85131836 -6.94087806
361 -721.85223389 -6.94088686
362 -721.85180664 -6.94088276
363 -721.85241699 -6.94088862
364 -721.85131836 -6.94087806
365 -721.85192871 -6.94088393
366 -721.85180664 -6.94088276
367 -721.85229492 -6.94088745
368 -721.85229492 -6.94088745
369 -721.85284424 -6.94089273
370 -721.85247803 -6.94088921
371 -721.85229492 -6.94088745
372 -721.85272217 -6.94089156
373 -721.85266113 -6.94089097
374 -721.85192871 -6.94088393
375 -721.85302734 -6.94089449
376 -721.85247803 -6.94088921
377 -721.85308838 -6.94089508
378 -721.85327148 -6.94089684
379 -721.85290527 -6.94089332
380 -721.85241699 -6.94088862
381 -721.85382080 -6.94090212
382 -721.85351562 -6.94089919
383 -721.85351562 -6.94089919
384 -721.85290527 -6.94089332
385 -721.85351562 -6.94089919
386 -721.85302734 -6.94089449
387 -721.85333252 -6.94089743
388 -721.85266113 -6.94089097
389 -721.85351562 -6.94089919
390 -721.85351562 -6.94089919
391 -721.85424805 -6.94090623
392 -721.85394287 -6.94090330
393 -721.85363770 -6.94090036
394 -721.85345459 -6.94089860
395 -721.85369873 -6.94090095
396 -721.85375977 -6.94090154
397 -721.85498047 -6.94091327
398 -721.85461426 -6.94090975
399 -721.85357666 -6.94089978
400 -721.85260010 -6.94089039
401 -721.85321045 -6.94089625
402 -721.85327148 -6.94089684
403 -721.85382080 -6.94090212
404 -721.85375977 -6.94090154
405 -721.85412598 -6.94090506
406 -721.85449219 -6.94090858
407 -721.85418701 -6.94090564
408 -721.85424805 -6.94090623
409 -721.85510254 -6.94091445
410 -721.85559082 -6.94091914
411 -721.85559082 -6.94091914
412 -721.85534668 -6.94091679
413 -721.85479736 -6.94091151
414 -721.85595703 -6.94092266
415 -721.85607910 -6.94092384
416 -721.85620117 -6.94092501
417 -721.85528564 -6.94091621
418 -721.85540771 -6.94091738
419 -721.85522461 -6.94091562
420 -721.85687256 -6.94093147
421 -721.85577393 -6.94092090
422 -721.85546875 -6.94091797
423 -721.85607910 -6.94092384
424 -721.85595703 -6.94092266
425 -721.85766602 -6.94093910
426 -721.85729980 -6.94093558
427 -721.85717773 -6.94093440
428 -721.85656738 -6.94092853
429 -721.85699463 -6.94093264
430 -721.85681152 -6.94093088
431 -721.85754395 -6.94093792
432 -721.85766602 -6.94093910
433 -721.85852051 -6.94094731
434 -721.85815430 -6.94094379
435 -721.85821533 -6.94094438
436 -721.85803223 -6.94094262
437 -721.85766602 -6.94093910
438 -721.85791016 -6.94094144
439 -721.85742188 -6.94093675
440 -721.85754395 -6.94093792
441 -721.85797119 -6.94094203
442 -721.85754395 -6.94093792
443 -721.85723877 -6.94093499
444 -721.85809326 -6.94094320
445 -721.85815430 -6.94094379
446 -721.85803223 -6.94094262
447 -721.85900879 -6.94095201
448 -721.85876465 -6.94094966
449 -721.85791016 -6.94094144
450 -721.85766602 -6.94093910
451 -721.85803223 -6.94094262
452 -721.85809326 -6.94094320
453 -721.85888672 -6.94095083
454 -721.85900879 -6.94095201
455 -721.85925293 -6.94095436
456 -721.85968018 -6.94095846
457 -721.86035156 -6.94096492
458 -721.86077881 -6.94096903
459 -721.86016846 -6.94096316
460 -721.86035156 -6.94096492
461 -721.85986328 -6.94096022
462 -721.85974121 -6.94095905
463 -721.85931396 -6.94095494
464 -721.86016846 -6.94096316
465 -721.85998535 -6.94096140
466 -721.86022949 -6.94096375
467 -721.85931396 -6.94095494
468 -721.85937500 -6.94095553
469 -721.85998535 -6.94096140
470 -721.86004639 -6.94096198
471 -721.86071777 -6.94096844
472 -721.86102295 -6.94097137
473 -721.86047363 -6.94096609
474 -721.86096191 -6.94097079
475 -721.86053467 -6.94096668
476 -721.86114502 -6.94097255
477 -721.86114502 -6.94097255
478 -721.86193848 -6.94098018
479 -721.86083984 -6.94096961
480 -721.86102295 -6.94097137
481 -721.86047363 -6.94096609
482 -721.85998535 -6.94096140
483 -721.86059570 -6.94096727
484 -721.86071777 -6.94096844
485 -721.86059570 -6.94096727
486 -721.86132812 -6.94097431
487 -721.86083984 -6.94096961
488 -721.86096191 -6.94097079
489 -721.86138916 -6.94097490
490 -721.86096191 -6.94097079
491 -721.86169434 -6.94097783
492 -721.86187744 -6.94097959
493 -721.86126709 -6.94097372
494 -721.86193848 -6.94098018
495 -721.86120605 -6.94097314
496 -721.86279297 -6.94098839
497 -721.86273193 -6.94098781
498 -721.86206055 -6.94098135
499 -721.86126709 -6.94097372
500 -721.86193848 -6.94098018
501 -721.86254883 -6.94098605
502 -721.86273193 -6.94098781
503 -721.86187744 -6.94097959
504 -721.86273193 -6.94098781
505 -721.86236572 -6.94098429
506 -721.86218262 -6.94098253
507 -721.86273193 -6.94098781
508 -721.86291504 -6.94098957
509 -721.86322021 -6.94099250
510 -721.86242676 -6.94098487
511 -721.86419678 -6.94100189
512 -721.86468506 -6.94100659
513 -721.86462402 -6.94100600
514 -721.86340332 -6.94099426
515 -721.86480713 -6.94100776
516 -721.86462402 -6.94100600
517 -721.86376953 -6.94099778
518 -721.86480713 -6.94100776
519 -721.86486816 -6.94100835
520 -721.86529541 -6.94101246
521 -721.86505127 -6.94101011
522 -721.86547852 -6.94101422
523 -721.86584473 -6.94101774
524 -721.86529541 -6.94101246
525 -721.86712646 -6.94103006
526 -721.86712646 -6.94103006
527 -721.86682129 -6.94102713
528 -721.86663818 -6.94102537
529 -721.86669922 -6.94102595
530 -721.86645508 -6.94102361
531 -721.86737061 -6.94103241
532 -721.86779785 -6.94103652
533 -721.86822510 -6.94104063
534 -721.86773682 -6.94103593
535 -721.86785889 -6.94103710
536 -721.86938477 -6.94105178
537 -721.86883545 -6.94104649
538 -721.86877441 -6.94104591
539 -721.86883545 -6.94104649
540 -721.86840820 -6.94104239
541 -721.86846924 -6.94104297
542 -721.86877441 -6.94104591
543 -721.86987305 -6.94105647
544 -721.86889648 -6.94104708
545 -721.86987305 -6.94105647
546 -721.86975098 -6.94105530
547 -721.86968994 -6.94105471
548 -721.87036133 -6.94106117
549 -721.87176514 -6.94107466
550 -721.87054443 -6.94106293
551 -721.87152100 -6.94107232
552 -721.87243652 -6.94108112
553 -721.87127686 -6.94106997
554 -721.87145996 -6.94107173
555 -721.87145996 -6.94107173
556 -721.87261963 -6.94108288
557 -721.87255859 -6.94108229
558 -721.87408447 -6.94109697
559 -721.87469482 -6.94110283
560 -721.87414551 -6.94109755
561 -721.87457275 -6.94110166
562 -721.87426758 -6.94109873
563 -721.87420654 -6.94109814
564 -721.87408447 -6.94109697
565 -721.87451172 -6.94110107
566 -721.87475586 -6.94110342
567 -721.87457275 -6.94110166
568 -721.87377930 -6.94109403
569 -721.87500000 -6.94110577
570 -721.87573242 -6.94111281
571 -721.87493896 -6.94110518
572 -721.87597656 -6.94111516
573 -721.87554932 -6.94111105
574 -721.87603760 -6.94111575
575 -721.87634277 -6.94111868
576 -721.87799072 -6.94113453
577 -721.87762451 -6.94113100
578 -721.87829590 -6.94113746
579 -721.87780762 -6.94113277
580 -721.87835693 -6.94113805
581 -721.87701416 -6.94112514
582 -721.87768555 -6.94113159
583 -721.87799072 -6.94113453
584 -721.87823486 -6.94113687
585 -721.87731934 -6.94112807
586 -721.87902832 -6.94114450
587 -721.87854004 -6.94113981
588 -721.87786865 -6.94113335
589 -721.87847900 -6.94113922
590 -721.87890625 -6.94114333
591 -721.87878418 -6.94114216
592 -721.87890625 -6.94114333
593 -721.87841797 -6.94113863
594 -721.87939453 -6.94114802
595 -721.87945557 -6.94114861
596 -721.87927246 -6.94114685
597 -721.87945557 -6.94114861
598 -721.88024902 -6.94115624
599 -721.87945557 -6.94114861
600 -721.87927246 -6.94114685
601 -721.87927246 -6.94114685
602 -721.87988281 -6.94115272
603 -721.88031006 -6.94115683
604 -721.88073730 -6.94116094
605 -721.88000488 -6.94115389
606 -721.87976074 -6.94115155
607 -721.87915039 -6.94114568
608 -721.88055420 -6.94115917
609 -721.87969971 -6.94115096
610 -721.88000488 -6.94115389
611 -721.87945557 -6.94114861
612 -721.87890625 -6.94114333
613 -721.88037109 -6.94115741
614 -721.87951660 -6.94114920
615 -721.87988281 -6.94115272
616 -721.87915039 -6.94114568
617 -721.88006592 -6.94115448
618 -721.87988281 -6.94115272
619 -721.87921143 -6.94114626
620 -721.88018799 -6.94115565
621 -721.88061523 -6.94115976
622 -721.88024902 -6.94115624
623 -721.87969971 -6.94115096
624 -721.88043213 -6.94115800
625 -721.88122559 -6.94116563
626 -721.88146973 -6.94116798
627 -721.88165283 -6.94116974
628 -721.88018799 -6.94115565
629 -721.88024902 -6.94115624
630 -721.88049316 -6.94115859
631 -721.88049316 -6.94115859
632 -721.88012695 -6.94115507
633 -721.88024902 -6.94115624
634 -721.88037109 -6.94115741
635 -721.88031006 -6.94115683
636 -721.87994385 -6.94115331
637 -721.88092041 -6.94116270
638 -721.88024902 -6.94115624
639 -721.88043213 -6.94115800
640 -721.88049316 -6.94115859
641 -721.88049316 -6.94115859
642 -721.87969971 -6.94115096
643 -721.88018799 -6.94115565
644 -721.88024902 -6.94115624
645 -721.88153076 -6.94116857
646 -721.88244629 -6.94117737
647 -721.88165283 -6.94116974
648 -721.88201904 -6.94117326
649 -721.88159180 -6.94116915
650 -721.88159180 -6.94116915
651 -721.88232422 -6.94117619
652 -721.88153076 -6.94116857
653 -721.88183594 -6.94117150
654 -721.88159180 -6.94116915
655 -721.88183594 -6.94117150
656 -721.88055420 -6.94115917
657 -721.88159180 -6.94116915
658 -721.88269043 -6.94117972
659 -721.88232422 -6.94117619
660 -721.88262939 -6.94117913
661 -721.88281250 -6.94118089
