0 -733.49438477 -6.54905701
1 -733.55487061 -6.54959706
2 -733.59698486 -6.54997308
3 -733.63256836 -6.55029079
4 -733.66241455 -6.55055727
5 -733.69055176 -6.55080850
6 -733.71777344 -6.55105155
7 -733.74353027 -6.55128152
8 -733.76501465 -6.55147335
9 -733.78692627 -6.55166898
10 -733.80902100 -6.55186626
11 -733.82891846 -6.55204391
12 -733.84802246 -6.55221449
13 -733.86621094 -6.55237688
14 -733.88067627 -6.55250604
15 -733.89788818 -6.55265972
16 -733.91241455 -6.55278942
17 -733.92657471 -6.55291585
18 -733.93939209 -6.55303029
19 -733.95288086 -6.55315072
20 -733.96343994 -6.55324500
21 -733.97631836 -6.55335999
22 -733.98553467 -6.55344227
23 -733.99676514 -6.55354255
24 -734.00561523 -6.55362156
25 -734.01574707 -6.55371203
26 -734.02416992 -6.55378723
27 -734.03137207 -6.55385154
28 -734.03869629 -6.55391693
29 -734.04675293 -6.55398887
30 -734.05279541 -6.55404282
31 -734.05871582 -6.55409568
32 -734.06469727 -6.55414908
33 -734.07055664 -6.55420140
34 -734.07537842 -6.55424445
35 -734.07977295 -6.55428369
36 -734.08367920 -6.55431856
37 -734.08782959 -6.55435562
38 -734.09155273 -6.55438886
39 -734.09393311 -6.55441012
40 -734.09716797 -6.55443900
41 -734.10058594 -6.55446952
42 -734.10363770 -6.55449677
