0 -476.45001221 -6.61736128
1 -473.35745239 -6.57440906
2 -469.91857910 -6.52664693
3 -465.85565186 -6.47021739
4 -465.04077148 -6.45889960
5 -461.69012451 -6.41236284
6 -460.27496338 -6.39270782
7 -456.31927490 -6.33776771
8 -452.96185303 -6.29113685
9 -447.23709106 -6.21162626
10 -446.70062256 -6.20417531
11 -447.21218872 -6.21128040
12 -445.04598999 -6.18119431
13 -440.12741089 -6.11288071
14 -442.43725586 -6.14496189
15 -439.28634644 -6.10119926
16 -436.00723267 -6.05565601
17 -431.34411621 -5.99089050
18 -423.78503418 -5.88590325
19 -413.11624146 -5.73772558
