0 -584.37988281 -6.49310981
1 -584.31115723 -6.49234619
2 -584.27832031 -6.49198134
3 -584.26501465 -6.49183350
4 -584.16137695 -6.49068197
5 -584.10583496 -6.49006483
6 -584.08142090 -6.48979357
7 -584.05963135 -6.48955146
8 -583.95849609 -6.48842773
9 -583.94628906 -6.48829210
10 -583.96484375 -6.48849826
11 -583.94445801 -6.48827176
12 -583.88104248 -6.48756714
13 -583.87951660 -6.48755018
14 -583.84729004 -6.48719211
15 -583.81945801 -6.48688287
16 -583.79992676 -6.48666585
17 -583.73278809 -6.48591987
18 -583.73321533 -6.48592461
19 -583.69366455 -6.48548516
20 -583.67700195 -6.48530002
21 -583.63134766 -6.48479275
22 -583.68939209 -6.48543769
23 -583.61035156 -6.48455946
24 -583.59820557 -6.48442451
25 -583.51770020 -6.48353000
26 -583.53167725 -6.48368530
27 -583.43115234 -6.48256836
28 -583.33648682 -6.48151652
29 -583.31506348 -6.48127848
30 -583.25555420 -6.48061727
31 -583.20697021 -6.48007745
32 -583.18194580 -6.47979940
33 -583.14331055 -6.47937012
34 -583.05316162 -6.47836846
35 -582.95080566 -6.47723117
36 -582.93835449 -6.47709283
37 -582.89770508 -6.47664117
38 -582.81274414 -6.47569716
39 -582.76440430 -6.47516005
40 -582.76354980 -6.47515055
41 -582.74420166 -6.47493557
42 -582.71063232 -6.47456258
43 -582.65307617 -6.47392307
44 -582.64233398 -6.47380371
45 -582.67810059 -6.47420112
46 -582.66955566 -6.47410617
47 -582.66674805 -6.47407498
48 -582.74121094 -6.47490234
49 -582.71258545 -6.47458428
50 -582.87329102 -6.47636990
51 -582.87109375 -6.47634549
52 -582.83746338 -6.47597182
53 -582.81750488 -6.47575005
54 -582.75280762 -6.47503120
55 -582.67010498 -6.47411228
56 -582.60156250 -6.47335069
57 -582.50292969 -6.47225477
58 -582.43041992 -6.47144911
59 -582.26611328 -6.46962348
60 -582.21929932 -6.46910333
61 -582.21545410 -6.46906060
62 -582.02465820 -6.46694065
63 -581.99792480 -6.46664361
64 -581.81896973 -6.46465522
65 -581.61364746 -6.46237386
66 -581.51940918 -6.46132677
67 -581.48229980 -6.46091444
68 -581.36328125 -6.45959201
69 -581.36767578 -6.45964084
70 -581.22436523 -6.45804850
71 -581.31506348 -6.45905626
72 -581.25878906 -6.45843099
73 -581.20788574 -6.45786540
74 -581.19281006 -6.45769789
75 -581.24157715 -6.45823975
76 -581.10485840 -6.45672065
77 -581.12011719 -6.45689019
78 -581.18725586 -6.45763618
79 -580.92114258 -6.45467936
80 -580.78906250 -6.45321181
81 -580.75280762 -6.45280897
82 -580.58312988 -6.45092367
83 -580.51562500 -6.45017361
84 -580.59741211 -6.45108236
85 -580.36846924 -6.44853855
86 -580.30474854 -6.44783054
87 -580.24377441 -6.44715305
88 -580.28533936 -6.44761488
89 -580.05407715 -6.44504530
90 -580.00201416 -6.44446682
91 -579.85748291 -6.44286092
92 -579.97375488 -6.44415283
93 -579.96545410 -6.44406060
94 -579.95837402 -6.44398193
95 -579.81274414 -6.44236382
96 -579.78173828 -6.44201931
97 -579.62701416 -6.44030016
98 -579.59704590 -6.43996718
99 -579.45422363 -6.43838026
100 -579.57965088 -6.43977390
101 -579.58178711 -6.43979763
102 -579.41198730 -6.43791097
103 -579.20648193 -6.43562758
104 -578.91528320 -6.43239204
105 -578.71313477 -6.43014594
106 -578.79174805 -6.43101942
107 -578.69213867 -6.42991265
108 -578.48022461 -6.42755805
109 -578.40380859 -6.42670898
110 -578.31140137 -6.42568224
111 -578.50183105 -6.42779812
112 -578.16772461 -6.42408583
113 -577.92968750 -6.42144097
114 -577.76245117 -6.41958279
115 -577.43951416 -6.41599460
116 -577.16931152 -6.41299235
117 -577.20251465 -6.41336127
118 -577.25677490 -6.41396417
119 -577.49462891 -6.41660699
120 -577.22637939 -6.41362644
121 -577.04852295 -6.41165025
122 -577.14807129 -6.41275635
123 -577.08312988 -6.41203478
124 -576.93841553 -6.41042684
125 -576.94403076 -6.41048923
126 -576.92968750 -6.41032986
127 -576.58227539 -6.40646973
128 -576.58447266 -6.40649414
129 -576.41906738 -6.40465630
130 -576.09741211 -6.40108236
131 -575.93328857 -6.39925876
132 -575.49859619 -6.39442885
133 -575.44317627 -6.39381307
134 -575.66076660 -6.39623074
135 -575.53112793 -6.39479031
136 -575.36883545 -6.39298706
137 -575.40057373 -6.39333971
138 -575.37023926 -6.39300266
139 -575.04785156 -6.38942057
140 -574.81823730 -6.38686930
141 -574.75366211 -6.38615180
142 -574.70782471 -6.38564250
143 -574.85595703 -6.38728841
144 -574.71075439 -6.38567505
145 -574.69458008 -6.38549533
146 -574.54333496 -6.38381483
147 -574.45397949 -6.38282199
148 -574.41906738 -6.38243408
149 -574.21759033 -6.38019545
150 -574.12890625 -6.37921007
151 -573.60363770 -6.37337375
152 -573.37371826 -6.37081909
153 -573.65832520 -6.37398139
154 -573.59118652 -6.37323541
155 -573.84606934 -6.37606744
156 -573.81567383 -6.37572971
157 -573.68218994 -6.37424655
158 -573.84039307 -6.37600437
159 -573.79370117 -6.37548557
160 -573.62841797 -6.37364909
161 -573.48828125 -6.37209201
162 -573.41076660 -6.37123074
163 -573.10192871 -6.36779921
164 -573.54345703 -6.37270508
165 -573.48352051 -6.37203912
166 -573.68103027 -6.37423367
167 -573.61633301 -6.37351481
168 -573.57202148 -6.37302246
169 -573.67041016 -6.37411567
170 -573.35235596 -6.37058173
171 -572.97595215 -6.36639947
172 -573.26696777 -6.36963298
173 -573.30554199 -6.37006158
174 -573.31921387 -6.37021349
175 -573.22259521 -6.36913995
176 -573.14892578 -6.36832140
177 -572.76623535 -6.36406928
178 -572.74829102 -6.36386990
179 -572.61059570 -6.36233995
180 -572.18823242 -6.35764703
181 -572.15576172 -6.35728624
182 -572.34082031 -6.35934245
183 -572.44873047 -6.36054145
184 -572.43170166 -6.36035224
185 -572.70593262 -6.36339925
186 -572.68530273 -6.36317003
187 -572.93615723 -6.36595730
188 -572.61962891 -6.36244032
189 -572.27526855 -6.35861410
190 -572.62438965 -6.36249322
191 -572.38037109 -6.35978190
192 -572.52923584 -6.36143595
193 -572.23388672 -6.35815430
194 -572.31579590 -6.35906440
195 -571.86120605 -6.35401340
196 -571.97033691 -6.35522597
197 -571.68603516 -6.35206706
198 -571.98059082 -6.35533990
199 -571.90301514 -6.35447795
200 -572.04937744 -6.35610419
201 -571.78692627 -6.35318807
202 -571.65661621 -6.35174018
203 -571.68286133 -6.35203179
204 -571.11608887 -6.34573432
205 -571.09570312 -6.34550781
206 -570.77404785 -6.34193387
207 -571.11395264 -6.34571058
208 -570.64807129 -6.34053413
209 -570.47924805 -6.33865831
210 -570.71252441 -6.34125027
211 -570.80187988 -6.34224311
212 -570.70434570 -6.34115940
213 -570.16308594 -6.33514540
214 -569.81933594 -6.33132595
215 -569.65405273 -6.32948947
216 -569.44189453 -6.32713216
217 -569.10473633 -6.32338596
218 -568.85498047 -6.32061089
219 -568.29833984 -6.31442600
220 -567.77258301 -6.30858426
221 -567.88519287 -6.30983548
222 -568.17706299 -6.31307848
223 -568.01470947 -6.31127455
224 -567.71789551 -6.30797662
225 -567.35168457 -6.30390761
226 -566.91357422 -6.29903971
227 -566.98498535 -6.29983317
228 -567.02923584 -6.30032484
229 -566.64233398 -6.29602593
230 -566.51000977 -6.29455566
231 -566.22814941 -6.29142388
232 -565.80780029 -6.28675334
233 -565.22448730 -6.28027208
234 -565.30322266 -6.28114692
235 -565.61248779 -6.28458320
236 -564.96783447 -6.27742038
237 -564.85217285 -6.27613525
238 -565.19311523 -6.27992350
239 -565.05725098 -6.27841390
240 -564.85205078 -6.27613390
241 -564.64233398 -6.27380371
242 -564.56884766 -6.27298720
243 -564.99804688 -6.27775608
244 -564.64306641 -6.27381185
245 -564.72662354 -6.27474026
246 -564.75476074 -6.27505290
247 -564.60858154 -6.27342868
248 -564.32391357 -6.27026571
249 -563.99511719 -6.26661241
250 -564.18420410 -6.26871338
251 -564.11834717 -6.26798164
252 -564.24475098 -6.26938612
253 -564.18774414 -6.26875271
254 -563.02471924 -6.25583021
255 -563.27520752 -6.25861342
256 -563.11291504 -6.25681017
257 -563.16845703 -6.25742730
258 -562.41955566 -6.24910617
259 -562.18078613 -6.24645318
260 -562.13977051 -6.24599745
261 -561.65869141 -6.24065213
262 -561.78454590 -6.24205051
263 -561.90319824 -6.24336887
264 -561.78784180 -6.24208713
265 -561.59375000 -6.23993056
266 -561.25115967 -6.23612400
267 -560.44525146 -6.22716946
268 -560.88793945 -6.23208822
269 -561.66162109 -6.24068468
270 -561.41333008 -6.23792589
271 -561.26513672 -6.23627930
272 -560.94171143 -6.23268568
273 -560.48937988 -6.22765978
274 -560.65270996 -6.22947456
275 -560.87243652 -6.23191596
276 -560.77325439 -6.23081394
277 -560.61010742 -6.22900119
278 -560.78900146 -6.23098891
279 -559.96228027 -6.22180311
280 -560.00891113 -6.22232123
281 -559.92993164 -6.22144368
282 -559.68298340 -6.21869982
283 -558.83294678 -6.20925496
284 -558.38519287 -6.20427992
285 -558.13653564 -6.20151706
286 -558.36016846 -6.20400187
287 -558.48120117 -6.20534668
288 -558.35583496 -6.20395372
289 -557.70989990 -6.19677667
290 -556.51110840 -6.18345676
291 -556.75268555 -6.18614095
292 -556.51513672 -6.18350152
293 -556.24670410 -6.18051893
294 -556.81286621 -6.18680962
295 -556.18951416 -6.17988349
296 -555.98645020 -6.17762722
297 -555.90270996 -6.17669678
298 -555.66223145 -6.17402479
299 -554.98400879 -6.16648899
300 -555.25732422 -6.16952582
301 -555.57751465 -6.17308350
302 -555.95050049 -6.17722778
303 -556.04138184 -6.17823758
304 -556.07897949 -6.17865533
305 -555.84240723 -6.17602675
306 -554.97998047 -6.16644423
307 -554.56665039 -6.16185167
308 -554.27978516 -6.15866428
309 -553.39636230 -6.14884847
310 -552.84082031 -6.14267578
311 -552.45458984 -6.13838433
312 -551.79833984 -6.13109266
313 -551.41918945 -6.12687988
314 -550.79290771 -6.11992120
315 -551.21948242 -6.12466092
316 -550.64807129 -6.11831190
317 -550.37664795 -6.11529609
318 -550.70037842 -6.11889309
319 -549.95989990 -6.11066555
320 -550.10998535 -6.11233317
321 -549.79479980 -6.10883111
322 -548.97277832 -6.09969754
323 -549.13464355 -6.10149604
324 -549.64324951 -6.10714722
325 -549.29711914 -6.10330132
326 -548.88037109 -6.09867079
327 -548.49645996 -6.09440511
328 -547.51885986 -6.08354289
329 -546.63842773 -6.07376031
330 -547.46179199 -6.08290880
331 -547.45935059 -6.08288167
332 -547.52587891 -6.08362088
333 -548.21313477 -6.09125705
334 -548.06372070 -6.08959690
335 -548.25915527 -6.09176839
336 -548.55682373 -6.09507582
337 -548.75927734 -6.09732530
338 -547.92993164 -6.08811035
339 -547.40246582 -6.08224962
340 -547.45361328 -6.08281793
341 -547.90417480 -6.08782416
342 -547.70715332 -6.08563504
343 -547.21630859 -6.08018121
344 -546.54235840 -6.07269287
345 -547.30175781 -6.08113064
346 -546.27880859 -6.06976454
347 -546.18231201 -6.06869236
348 -545.97680664 -6.06640896
349 -545.32128906 -6.05912543
350 -544.96655273 -6.05518392
351 -544.45434570 -6.04949273
352 -543.22747803 -6.03586087
353 -543.20196533 -6.03557739
354 -542.66766357 -6.02964071
355 -542.25048828 -6.02500543
356 -541.68115234 -6.01867947
357 -540.85058594 -6.00945095
358 -540.54364014 -6.00604045
359 -540.71813965 -6.00797933
360 -540.16052246 -6.00178358
361 -539.78454590 -5.99760607
362 -538.81463623 -5.98682929
363 -538.64318848 -5.98492432
364 -538.74157715 -5.98601752
365 -538.56481934 -5.98405355
366 -538.52935791 -5.98365953
367 -536.88995361 -5.96544393
368 -538.26165771 -5.98068509
369 -538.03625488 -5.97818061
370 -538.49981689 -5.98333130
371 -539.51208496 -5.99457872
372 -539.96392822 -5.99959920
373 -539.14025879 -5.99044732
374 -538.31170654 -5.98124118
375 -538.71777344 -5.98575304
376 -538.50561523 -5.98339572
377 -536.73626709 -5.96373630
378 -535.51965332 -5.95021837
379 -535.12988281 -5.94588759
380 -534.32495117 -5.93694390
381 -533.88110352 -5.93201226
382 -531.89190674 -5.90991007
383 -530.45837402 -5.89398193
384 -530.64135742 -5.89601508
385 -530.59472656 -5.89549696
386 -531.43640137 -5.90484890
387 -531.36962891 -5.90410699
388 -530.54162598 -5.89490696
389 -531.61437988 -5.90682644
390 -530.96655273 -5.89962836
391 -530.24523926 -5.89161377
392 -530.11291504 -5.89014350
393 -529.51586914 -5.88350966
394 -529.23510742 -5.88039008
395 -528.01440430 -5.86682671
396 -528.61517334 -5.87350193
397 -527.55664062 -5.86174045
398 -527.68212891 -5.86313477
399 -528.94018555 -5.87711317
400 -529.49633789 -5.88329264
401 -529.62597656 -5.88473307
402 -529.89111328 -5.88767904
403 -528.69921875 -5.87443576
404 -528.81103516 -5.87567817
405 -527.95092773 -5.86612142
406 -525.97106934 -5.84412299
407 -525.98400879 -5.84426676
408 -525.28546143 -5.83650513
409 -524.75250244 -5.83058336
410 -524.82873535 -5.83143039
411 -523.83032227 -5.82033691
412 -523.17120361 -5.81301337
413 -521.38604736 -5.79317830
414 -520.21282959 -5.78014255
415 -519.97521973 -5.77750244
416 -519.26904297 -5.76965603
417 -518.15612793 -5.75729031
418 -517.56689453 -5.75074327
419 -517.70239258 -5.75224881
420 -517.89855957 -5.75442844
421 -517.09277344 -5.74547526
422 -516.66534424 -5.74072605
423 -513.84399414 -5.70937771
424 -515.58703613 -5.72874485
425 -514.55731201 -5.71730347
426 -512.55908203 -5.69510091
427 -510.89749146 -5.67663879
428 -510.28860474 -5.66987339
429 -510.65112305 -5.67390137
430 -510.33441162 -5.67038235
431 -510.04312134 -5.66714579
432 -512.48498535 -5.69427762
433 -512.66748047 -5.69630534
434 -511.91088867 -5.68789876
435 -507.84765625 -5.64275174
436 -508.43637085 -5.64929301
437 -507.71520996 -5.64128011
438 -510.25088501 -5.66945428
439 -512.86267090 -5.69847412
440 -513.95849609 -5.71064996
441 -513.79431152 -5.70882568
442 -513.21350098 -5.70237223
443 -512.67193604 -5.69635484
444 -513.55664062 -5.70618490
445 -513.50018311 -5.70555759
446 -514.13568115 -5.71261868
447 -512.51226807 -5.69458076
448 -511.06518555 -5.67850206
449 -511.21371460 -5.68015238
450 -511.27474976 -5.68083055
451 -510.05136108 -5.66723735
452 -509.87945557 -5.66532728
453 -513.17437744 -5.70193753
454 -513.16473389 -5.70183038
455 -513.95812988 -5.71064589
456 -512.85162354 -5.69835137
457 -509.18234253 -5.65758158
458 -507.36346436 -5.63737183
459 -507.67633057 -5.64084812
460 -503.88226318 -5.59869181
461 -504.62744141 -5.60697157
462 -505.60903931 -5.61787821
463 -505.50097656 -5.61667752
464 -505.42541504 -5.61583794
465 -505.32290649 -5.61469896
466 -505.15893555 -5.61287706
467 -504.56982422 -5.60633138
468 -505.00402832 -5.61115587
469 -505.47698975 -5.61641100
470 -504.19635010 -5.60218167
471 -503.43594360 -5.59373271
472 -502.59814453 -5.58442383
473 -500.93283081 -5.56592034
474 -499.82046509 -5.55356072
475 -498.98745728 -5.54430508
476 -498.46585083 -5.53850945
477 -498.20526123 -5.53561401
478 -500.01000977 -5.55566678
479 -497.18426514 -5.52426961
480 -497.78781128 -5.53097568
481 -500.00588989 -5.55562100
482 -500.49984741 -5.56110942
483 -497.97830200 -5.53309224
484 -499.67480469 -5.55194227
485 -497.42391968 -5.52693244
486 -497.17712402 -5.52419027
487 -496.66366577 -5.51848518
488 -497.34124756 -5.52601386
489 -495.48953247 -5.50543925
490 -492.29086304 -5.46989848
491 -492.60018921 -5.47333544
492 -493.25817871 -5.48064643
493 -492.91720581 -5.47685784
494 -492.02023315 -5.46689148
495 -491.45315552 -5.46059062
496 -492.26644897 -5.46962721
497 -493.10534668 -5.47894830
498 -493.55477905 -5.48394199
499 -497.35440063 -5.52616001
500 -498.26882935 -5.53632033
501 -498.84210205 -5.54269002
502 -497.09539795 -5.52328220
503 -499.59597778 -5.55106642
504 -499.81448364 -5.55349426
505 -499.82901001 -5.55365567
506 -499.78466797 -5.55316298
507 -499.02551270 -5.54472792
508 -499.82315063 -5.55359056
509 -501.97967529 -5.57755195
510 -499.53536987 -5.55039300
511 -499.33389282 -5.54815436
512 -496.35617065 -5.51506856
513 -497.88732910 -5.53208143
514 -498.13085938 -5.53478733
515 -497.39358521 -5.52659539
516 -495.91674805 -5.51018609
517 -495.98077393 -5.51089749
518 -496.17749023 -5.51308322
519 -493.87280273 -5.48747559
520 -494.67568970 -5.49639655
