0 -505.23992920 -7.01722124
1 -505.25390625 -7.01741536
2 -505.26693726 -7.01759635
3 -505.27441406 -7.01770020
4 -505.28173828 -7.01780192
5 -505.29144287 -7.01793671
6 -505.29705811 -7.01801470
7 -505.30340576 -7.01810286
8 -505.30783081 -7.01816432
9 -505.31433105 -7.01825460
10 -505.32180786 -7.01835844
11 -505.32492065 -7.01840168
12 -505.32650757 -7.01842372
13 -505.32928467 -7.01846229
14 -505.33612061 -7.01855723
15 -505.33843994 -7.01858944
16 -505.33999634 -7.01861106
17 -505.34228516 -7.01864285
18 -505.34506226 -7.01868142
19 -505.34747314 -7.01871490
20 -505.35165405 -7.01877297
21 -505.35412598 -7.01880731
22 -505.35906982 -7.01887597
23 -505.36074829 -7.01889928
24 -505.36175537 -7.01891327
25 -505.36288452 -7.01892895
26 -505.36550903 -7.01896540
27 -505.36892700 -7.01901288
28 -505.37170410 -7.01905145
29 -505.37304688 -7.01907010
30 -505.37347412 -7.01907603
31 -505.37380981 -7.01908069
32 -505.37661743 -7.01911969
33 -505.37612915 -7.01911290
34 -505.37756348 -7.01913283
35 -505.37979126 -7.01916377
36 -505.38394165 -7.01922141
37 -505.38537598 -7.01924133
38 -505.38674927 -7.01926041
39 -505.38705444 -7.01926465
40 -505.38952637 -7.01929898
41 -505.38778687 -7.01927482
42 -505.38848877 -7.01928457
43 -505.38650513 -7.01925702
44 -505.38507080 -7.01923709
45 -505.38787842 -7.01927609
46 -505.38809204 -7.01927906
47 -505.39111328 -7.01932102
48 -505.39117432 -7.01932187
49 -505.38720703 -7.01926676
50 -505.39025879 -7.01930915
51 -505.39007568 -7.01930661
52 -505.39086914 -7.01931763
53 -505.39303589 -7.01934772
54 -505.39108276 -7.01932059
55 -505.39370728 -7.01935705
56 -505.39331055 -7.01935154
57 -505.39303589 -7.01934772
58 -505.39157104 -7.01932738
59 -505.39385986 -7.01935916
60 -505.39291382 -7.01934603
61 -505.39477539 -7.01937188
62 -505.39303589 -7.01934772
63 -505.39312744 -7.01934899
64 -505.39309692 -7.01934857
65 -505.39474487 -7.01937146
66 -505.39477539 -7.01937188
67 -505.39282227 -7.01934475
68 -505.39242554 -7.01933924
69 -505.39379883 -7.01935832
70 -505.39529419 -7.01937909
71 -505.39379883 -7.01935832
72 -505.39520264 -7.01937781
73 -505.39501953 -7.01937527
74 -505.39770508 -7.01941257
75 -505.39477539 -7.01937188
76 -505.39819336 -7.01941935
77 -505.39572144 -7.01938502
78 -505.39849854 -7.01942359
79 -505.39627075 -7.01939265
80 -505.39376831 -7.01935789
81 -505.39782715 -7.01941427
82 -505.39700317 -7.01940282
83 -505.39764404 -7.01941172
84 -505.39910889 -7.01943207
85 -505.39968872 -7.01944012
86 -505.40060425 -7.01945284
87 -505.39907837 -7.01943164
88 -505.39807129 -7.01941766
89 -505.40063477 -7.01945326
90 -505.40313721 -7.01948802
91 -505.40087891 -7.01945665
92 -505.40109253 -7.01945962
93 -505.40182495 -7.01946979
94 -505.40048218 -7.01945114
95 -505.40115356 -7.01946047
96 -505.40118408 -7.01946089
97 -505.40139771 -7.01946386
98 -505.39956665 -7.01943843
99 -505.40072632 -7.01945453
100 -505.39749146 -7.01940960
101 -505.40002441 -7.01944478
102 -505.40032959 -7.01944902
103 -505.39959717 -7.01943885
104 -505.40066528 -7.01945368
105 -505.40109253 -7.01945962
106 -505.40234375 -7.01947700
107 -505.40402222 -7.01950031
108 -505.40277100 -7.01948293
109 -505.40533447 -7.01951853
110 -505.40414429 -7.01950200
111 -505.40286255 -7.01948420
112 -505.40274048 -7.01948251
113 -505.40234375 -7.01947700
114 -505.40179443 -7.01946937
115 -505.39865112 -7.01942571
116 -505.40344238 -7.01949226
117 -505.40203857 -7.01947276
118 -505.40283203 -7.01948378
119 -505.40444946 -7.01950624
120 -505.40307617 -7.01948717
121 -505.40185547 -7.01947021
122 -505.40457153 -7.01950794
123 -505.40310669 -7.01948759
124 -505.40200806 -7.01947233
125 -505.40304565 -7.01948675
126 -505.40405273 -7.01950073
127 -505.40390015 -7.01949861
128 -505.40307617 -7.01948717
129 -505.40121460 -7.01946131
130 -505.40496826 -7.01951345
131 -505.40286255 -7.01948420
132 -505.40716553 -7.01954397
133 -505.40475464 -7.01951048
134 -505.40493774 -7.01951302
135 -505.40811157 -7.01955711
136 -505.40917969 -7.01957194
137 -505.40902710 -7.01956982
138 -505.40838623 -7.01956092
139 -505.41189575 -7.01960966
140 -505.41284180 -7.01962280
141 -505.41308594 -7.01962619
142 -505.41244507 -7.01961729
143 -505.41275024 -7.01962153
144 -505.41064453 -7.01959229
145 -505.41198730 -7.01961093
146 -505.41165161 -7.01960627
147 -505.41207886 -7.01961221
148 -505.41192627 -7.01961009
149 -505.41189575 -7.01960966
150 -505.41027832 -7.01958720
151 -505.41250610 -7.01961814
152 -505.41433716 -7.01964357
153 -505.41488647 -7.01965120
154 -505.41485596 -7.01965078
155 -505.41708374 -7.01968172
156 -505.41662598 -7.01967536
157 -505.41601562 -7.01966688
158 -505.41485596 -7.01965078
159 -505.41564941 -7.01966180
160 -505.41647339 -7.01967324
161 -505.41561890 -7.01966137
162 -505.41394043 -7.01963806
163 -505.41577148 -7.01966349
164 -505.41638184 -7.01967197
165 -505.41848755 -7.01970122
166 -505.41873169 -7.01970461
167 -505.41998291 -7.01972198
168 -505.42172241 -7.01974614
169 -505.42083740 -7.01973385
170 -505.42169189 -7.01974572
171 -505.42123413 -7.01973936
172 -505.42153931 -7.01974360
173 -505.42190552 -7.01974869
174 -505.42156982 -7.01974403
175 -505.42349243 -7.01977073
176 -505.42358398 -7.01977200
177 -505.42306519 -7.01976479
178 -505.42391968 -7.01977666
179 -505.42459106 -7.01978599
180 -505.42297363 -7.01976352
181 -505.42437744 -7.01978302
182 -505.42379761 -7.01977497
183 -505.42135620 -7.01974106
184 -505.42285156 -7.01976183
185 -505.42089844 -7.01973470
186 -505.41928101 -7.01971224
187 -505.42172241 -7.01974614
188 -505.42205811 -7.01975081
189 -505.42361450 -7.01977242
190 -505.42364502 -7.01977285
191 -505.42462158 -7.01978641
192 -505.42385864 -7.01977581
193 -505.42544556 -7.01979785
194 -505.42507935 -7.01979277
195 -505.42468262 -7.01978726
196 -505.42312622 -7.01976564
197 -505.42584229 -7.01980337
198 -505.42825317 -7.01983685
199 -505.42639160 -7.01981099
200 -505.42608643 -7.01980676
201 -505.42657471 -7.01981354
202 -505.42724609 -7.01982286
203 -505.42553711 -7.01979913
204 -505.42413330 -7.01977963
205 -505.42373657 -7.01977412
206 -505.42971802 -7.01985719
207 -505.42807007 -7.01983431
208 -505.42645264 -7.01981184
209 -505.42843628 -7.01983939
210 -505.42764282 -7.01982837
211 -505.42886353 -7.01984533
212 -505.42721558 -7.01982244
213 -505.42916870 -7.01984957
214 -505.42831421 -7.01983770
215 -505.42773438 -7.01982964
216 -505.42785645 -7.01983134
217 -505.42703247 -7.01981990
218 -505.43075562 -7.01987161
219 -505.43215942 -7.01989110
220 -505.42941284 -7.01985296
221 -505.43087769 -7.01987330
222 -505.43096924 -7.01987457
223 -505.43231201 -7.01989322
224 -505.43319702 -7.01990551
225 -505.43127441 -7.01987881
226 -505.43307495 -7.01990382
227 -505.43252563 -7.01989619
228 -505.43334961 -7.01990763
229 -505.43429565 -7.01992077
230 -505.43341064 -7.01990848
231 -505.43591309 -7.01994324
232 -505.43386841 -7.01991484
233 -505.43655396 -7.01995214
234 -505.43753052 -7.01996570
235 -505.43685913 -7.01995638
236 -505.43759155 -7.01996655
237 -505.43475342 -7.01992713
238 -505.43670654 -7.01995426
239 -505.43472290 -7.01992671
240 -505.43511963 -7.01993222
241 -505.43777466 -7.01996909
242 -505.43804932 -7.01997291
243 -505.43978882 -7.01999707
244 -505.43746948 -7.01996485
245 -505.43847656 -7.01997884
246 -505.43798828 -7.01997206
247 -505.43725586 -7.01996189
248 -505.43600464 -7.01994451
249 -505.43792725 -7.01997121
250 -505.43792725 -7.01997121
251 -505.43872070 -7.01998223
252 -505.43917847 -7.01998859
253 -505.43762207 -7.01996697
254 -505.43878174 -7.01998308
255 -505.44046021 -7.02000639
256 -505.44168091 -7.02002335
257 -505.44030762 -7.02000427
258 -505.43951416 -7.01999325
259 -505.44271851 -7.02003776
260 -505.44412231 -7.02005725
261 -505.44155884 -7.02002165
262 -505.44235229 -7.02003267
263 -505.44445801 -7.02006192
264 -505.44396973 -7.02005514
265 -505.44448853 -7.02006234
266 -505.44128418 -7.02001784
267 -505.44265747 -7.02003691
268 -505.44406128 -7.02005641
269 -505.44323730 -7.02004496
270 -505.44274902 -7.02003818
271 -505.44265747 -7.02003691
272 -505.44281006 -7.02003903
273 -505.44299316 -7.02004157
274 -505.44613647 -7.02008523
275 -505.44326782 -7.02004539
276 -505.44467163 -7.02006488
277 -505.44378662 -7.02005259
278 -505.44433594 -7.02006022
279 -505.44216919 -7.02003013
280 -505.44369507 -7.02005132
281 -505.44342041 -7.02004751
282 -505.44491577 -7.02006827
283 -505.44281006 -7.02003903
284 -505.44531250 -7.02007378
285 -505.44515991 -7.02007167
286 -505.44323730 -7.02004496
287 -505.44543457 -7.02007548
288 -505.44439697 -7.02006107
289 -505.44473267 -7.02006573
290 -505.44506836 -7.02007039
291 -505.44326782 -7.02004539
292 -505.44189453 -7.02002631
293 -505.44555664 -7.02007718
294 -505.44485474 -7.02006743
295 -505.44583130 -7.02008099
296 -505.44430542 -7.02005980
297 -505.44647217 -7.02008989
298 -505.44540405 -7.02007506
299 -505.44601440 -7.02008353
300 -505.44531250 -7.02007378
301 -505.44638062 -7.02008862
302 -505.44726562 -7.02010091
303 -505.44909668 -7.02012634
304 -505.44714355 -7.02009922
305 -505.44378662 -7.02005259
306 -505.44787598 -7.02010939
307 -505.44799805 -7.02011108
308 -505.44653320 -7.02009074
309 -505.44616699 -7.02008565
310 -505.44818115 -7.02011363
311 -505.44589233 -7.02008184
312 -505.44863892 -7.02011998
313 -505.44879150 -7.02012210
314 -505.44815063 -7.02011320
315 -505.44558716 -7.02007760
