0 -568.67413330 -6.61248992
1 -568.69879150 -6.61277665
2 -568.71472168 -6.61296188
3 -568.72741699 -6.61310950
4 -568.73773193 -6.61322944
5 -568.74737549 -6.61334158
6 -568.75543213 -6.61343526
7 -568.76129150 -6.61350339
8 -568.76806641 -6.61358217
9 -568.77416992 -6.61365314
10 -568.78009033 -6.61372198
11 -568.78594971 -6.61379011
12 -568.79144287 -6.61385399
13 -568.79595947 -6.61390651
14 -568.80120850 -6.61396754
15 -568.80584717 -6.61402148
16 -568.81066895 -6.61407755
17 -568.81561279 -6.61413503
18 -568.82025146 -6.61418897
19 -568.82489014 -6.61424291
20 -568.83001709 -6.61430252
21 -568.83489990 -6.61435930
22 -568.83966064 -6.61441466
23 -568.84368896 -6.61446150
24 -568.84893799 -6.61452253
25 -568.85363770 -6.61457718
26 -568.85839844 -6.61463254
27 -568.86352539 -6.61469216
28 -568.86859131 -6.61475106
29 -568.87402344 -6.61481423
30 -568.87884521 -6.61487029
31 -568.88439941 -6.61493488
32 -568.88952637 -6.61499449
33 -568.89508057 -6.61505908
34 -568.90093994 -6.61512721
35 -568.90673828 -6.61519463
36 -568.91271973 -6.61526418
37 -568.91882324 -6.61533515
38 -568.92419434 -6.61539761
39 -568.93041992 -6.61547000
40 -568.93615723 -6.61553671
41 -568.94165039 -6.61560059
42 -568.94805908 -6.61567511
43 -568.95391846 -6.61574324
44 -568.96032715 -6.61581776
45 -568.96612549 -6.61588518
46 -568.97351074 -6.61597106
47 -568.97900391 -6.61603493
48 -568.98559570 -6.61611158
49 -568.99188232 -6.61618468
50 -568.99755859 -6.61625068
51 -569.00329590 -6.61631739
52 -569.00885010 -6.61638198
53 -569.01409912 -6.61644301
54 -569.01965332 -6.61650760
55 -569.02557373 -6.61657644
56 -569.03167725 -6.61664741
57 -569.03753662 -6.61671554
58 -569.04418945 -6.61679290
59 -569.04956055 -6.61685536
60 -569.05517578 -6.61692065
61 -569.06060791 -6.61698381
62 -569.06597900 -6.61704627
63 -569.07116699 -6.61710659
64 -569.07647705 -6.61716834
65 -569.08148193 -6.61722653
66 -569.08636475 -6.61728331
67 -569.09075928 -6.61733441
68 -569.09527588 -6.61738693
69 -569.10034180 -6.61744583
70 -569.10449219 -6.61749410
71 -569.10900879 -6.61754661
72 -569.11328125 -6.61759629
73 -569.11663818 -6.61763533
74 -569.12066650 -6.61768217
75 -569.12341309 -6.61771411
76 -569.12762451 -6.61776308
77 -569.13098145 -6.61780211
78 -569.13439941 -6.61784185
79 -569.13763428 -6.61787947
80 -569.14093018 -6.61791779
81 -569.14379883 -6.61795115
82 -569.14715576 -6.61799018
83 -569.15020752 -6.61802567
84 -569.15350342 -6.61806399
85 -569.15594482 -6.61809238
86 -569.15789795 -6.61811509
87 -569.16094971 -6.61815058
88 -569.16363525 -6.61818181
89 -569.16595459 -6.61820877
90 -569.16851807 -6.61823858
91 -569.17120361 -6.61826981
