0 -586.35504150 -6.66312547
1 -586.39184570 -6.66354370
2 -586.41424561 -6.66379825
3 -586.42938232 -6.66397025
4 -586.43872070 -6.66407637
5 -586.44866943 -6.66418943
6 -586.45458984 -6.66425670
7 -586.46038818 -6.66432259
8 -586.46594238 -6.66438571
9 -586.47064209 -6.66443911
10 -586.47357178 -6.66447241
11 -586.47711182 -6.66451263
12 -586.47991943 -6.66454454
13 -586.48242188 -6.66457298
14 -586.48498535 -6.66460211
15 -586.48815918 -6.66463817
16 -586.49041748 -6.66466384
17 -586.49267578 -6.66468950
18 -586.49438477 -6.66470892
19 -586.49664307 -6.66473458
20 -586.49731445 -6.66474221
21 -586.49926758 -6.66476440
22 -586.50109863 -6.66478521
23 -586.50347900 -6.66481226
24 -586.50488281 -6.66482821
25 -586.50634766 -6.66484486
26 -586.50732422 -6.66485596
27 -586.50921631 -6.66487746
28 -586.51080322 -6.66489549
29 -586.51226807 -6.66491214
30 -586.51379395 -6.66492948
31 -586.51513672 -6.66494474
32 -586.51635742 -6.66495861
33 -586.51715088 -6.66496762
34 -586.51879883 -6.66498635
35 -586.51873779 -6.66498566
36 -586.51940918 -6.66499329
37 -586.52056885 -6.66500646
38 -586.52136230 -6.66501548
39 -586.52294922 -6.66503351
40 -586.52465820 -6.66505293
