0 -796.99951172 -6.64166260
1 -797.15313721 -6.64294281
2 -797.26751709 -6.64389598
3 -797.35308838 -6.64460907
4 -797.40991211 -6.64508260
5 -797.44622803 -6.64538523
6 -797.46893311 -6.64557444
7 -797.48907471 -6.64574229
8 -797.50146484 -6.64584554
9 -797.51556396 -6.64596303
10 -797.52307129 -6.64602559
11 -797.53527832 -6.64612732
12 -797.54089355 -6.64617411
13 -797.54980469 -6.64624837
14 -797.55444336 -6.64628703
15 -797.56292725 -6.64635773
16 -797.56750488 -6.64639587
17 -797.57299805 -6.64644165
18 -797.57678223 -6.64647319
19 -797.57684326 -6.64647369
20 -797.58312988 -6.64652608
21 -797.58392334 -6.64653269
22 -797.58569336 -6.64654744
23 -797.58654785 -6.64655457
24 -797.58996582 -6.64658305
25 -797.59057617 -6.64658813
26 -797.59191895 -6.64659932
27 -797.59149170 -6.64659576
28 -797.59246826 -6.64660390
29 -797.59283447 -6.64660695
30 -797.58990479 -6.64658254
31 -797.59295654 -6.64660797
32 -797.59069824 -6.64658915
33 -797.59448242 -6.64662069
34 -797.59356689 -6.64661306
35 -797.59631348 -6.64663595
36 -797.59405518 -6.64661713
37 -797.59436035 -6.64661967
38 -797.59851074 -6.64665426
39 -797.59613037 -6.64663442
40 -797.59484863 -6.64662374
41 -797.59527588 -6.64662730
42 -797.59558105 -6.64662984
43 -797.59332275 -6.64661102
44 -797.59136963 -6.64659475
45 -797.59375000 -6.64661458
46 -797.59283447 -6.64660695
47 -797.58923340 -6.64657694
48 -797.59014893 -6.64658457
49 -797.59008789 -6.64658407
50 -797.59045410 -6.64658712
51 -797.58972168 -6.64658101
52 -797.59045410 -6.64658712
53 -797.58605957 -6.64655050
54 -797.58789062 -6.64656576
55 -797.58740234 -6.64656169
56 -797.58917236 -6.64657644
57 -797.58721924 -6.64656016
58 -797.58776855 -6.64656474
59 -797.58776855 -6.64656474
60 -797.58538818 -6.64654490
61 -797.58740234 -6.64656169
62 -797.58898926 -6.64657491
63 -797.59185791 -6.64659882
64 -797.58929443 -6.64657745
65 -797.59155273 -6.64659627
66 -797.58874512 -6.64657288
67 -797.59259033 -6.64660492
68 -797.58923340 -6.64657694
69 -797.58618164 -6.64655151
70 -797.58740234 -6.64656169
71 -797.58929443 -6.64657745
72 -797.58892822 -6.64657440
73 -797.59100342 -6.64659170
74 -797.59045410 -6.64658712
75 -797.59027100 -6.64658559
76 -797.59295654 -6.64660797
77 -797.59320068 -6.64661001
78 -797.58868408 -6.64657237
79 -797.59075928 -6.64658966
80 -797.58898926 -6.64657491
81 -797.59075928 -6.64658966
82 -797.59033203 -6.64658610
83 -797.59295654 -6.64660797
84 -797.59289551 -6.64660746
85 -797.59460449 -6.64662170
86 -797.59271240 -6.64660594
87 -797.59344482 -6.64661204
88 -797.59155273 -6.64659627
89 -797.59570312 -6.64663086
90 -797.59173584 -6.64659780
91 -797.59289551 -6.64660746
92 -797.59014893 -6.64658457
93 -797.59271240 -6.64660594
94 -797.59326172 -6.64661051
95 -797.59417725 -6.64661814
96 -797.59539795 -6.64662832
97 -797.59527588 -6.64662730
98 -797.59265137 -6.64660543
99 -797.59411621 -6.64661764
100 -797.59051514 -6.64658763
101 -797.59399414 -6.64661662
102 -797.59405518 -6.64661713
103 -797.59326172 -6.64661051
104 -797.59051514 -6.64658763
105 -797.59271240 -6.64660594
106 -797.58923340 -6.64657694
107 -797.59185791 -6.64659882
108 -797.59112549 -6.64659271
109 -797.59179688 -6.64659831
110 -797.59057617 -6.64658813
111 -797.59075928 -6.64658966
112 -797.58837891 -6.64656982
113 -797.59039307 -6.64658661
114 -797.58850098 -6.64657084
115 -797.59118652 -6.64659322
116 -797.58685303 -6.64655711
117 -797.58856201 -6.64657135
118 -797.58685303 -6.64655711
119 -797.58984375 -6.64658203
120 -797.58581543 -6.64654846
121 -797.58721924 -6.64656016
122 -797.58740234 -6.64656169
123 -797.58197021 -6.64651642
124 -797.57977295 -6.64649811
125 -797.58044434 -6.64650370
126 -797.57751465 -6.64647929
127 -797.58154297 -6.64651286
128 -797.57873535 -6.64648946
129 -797.58215332 -6.64651794
130 -797.57885742 -6.64649048
131 -797.57818604 -6.64648488
132 -797.58148193 -6.64651235
133 -797.57727051 -6.64647725
134 -797.57891846 -6.64649099
135 -797.57470703 -6.64645589
136 -797.57971191 -6.64649760
137 -797.57501221 -6.64645844
138 -797.57727051 -6.64647725
139 -797.57373047 -6.64644775
140 -797.57501221 -6.64645844
141 -797.57391357 -6.64644928
142 -797.57806396 -6.64648387
143 -797.57354736 -6.64644623
144 -797.57788086 -6.64648234
145 -797.57543945 -6.64646200
146 -797.57629395 -6.64646912
147 -797.57629395 -6.64646912
148 -797.57415771 -6.64645131
149 -797.57330322 -6.64644419
150 -797.57165527 -6.64643046
151 -797.57141113 -6.64642843
152 -797.57086182 -6.64642385
153 -797.57147217 -6.64642893
154 -797.57000732 -6.64641673
155 -797.56927490 -6.64641062
156 -797.57427979 -6.64645233
157 -797.56500244 -6.64637502
158 -797.57171631 -6.64643097
159 -797.56555176 -6.64637960
160 -797.56848145 -6.64640401
161 -797.56408691 -6.64636739
162 -797.56579590 -6.64638163
163 -797.56243896 -6.64635366
164 -797.56103516 -6.64634196
165 -797.56518555 -6.64637655
166 -797.56268311 -6.64635569
167 -797.56109619 -6.64634247
168 -797.56274414 -6.64635620
169 -797.56201172 -6.64635010
170 -797.56066895 -6.64633891
171 -797.56115723 -6.64634298
172 -797.55883789 -6.64632365
173 -797.56115723 -6.64634298
174 -797.55743408 -6.64631195
175 -797.55883789 -6.64632365
176 -797.55883789 -6.64632365
177 -797.55725098 -6.64631042
178 -797.55798340 -6.64631653
179 -797.55511475 -6.64629262
180 -797.55657959 -6.64630483
181 -797.55029297 -6.64625244
182 -797.55572510 -6.64629771
183 -797.55480957 -6.64629008
184 -797.55529785 -6.64629415
185 -797.55279541 -6.64627330
186 -797.55511475 -6.64629262
187 -797.55096436 -6.64625804
188 -797.55322266 -6.64627686
189 -797.54992676 -6.64624939
190 -797.55261230 -6.64627177
191 -797.55041504 -6.64625346
192 -797.55322266 -6.64627686
193 -797.54956055 -6.64624634
194 -797.55493164 -6.64629110
195 -797.55187988 -6.64626567
196 -797.55212402 -6.64626770
197 -797.55114746 -6.64625956
198 -797.55108643 -6.64625905
199 -797.54840088 -6.64623667
200 -797.55090332 -6.64625753
201 -797.54736328 -6.64622803
202 -797.54949951 -6.64624583
203 -797.54663086 -6.64622192
204 -797.54919434 -6.64624329
205 -797.54443359 -6.64620361
206 -797.54803467 -6.64623362
207 -797.54431152 -6.64620260
208 -797.54565430 -6.64621379
209 -797.54296875 -6.64619141
210 -797.54541016 -6.64621175
211 -797.54589844 -6.64621582
212 -797.54467773 -6.64620565
213 -797.54254150 -6.64618785
214 -797.54168701 -6.64618073
215 -797.54205322 -6.64618378
216 -797.54479980 -6.64620667
217 -797.54107666 -6.64617564
218 -797.54248047 -6.64618734
219 -797.53894043 -6.64615784
220 -797.54003906 -6.64616699
221 -797.53808594 -6.64615072
222 -797.53875732 -6.64615631
223 -797.53906250 -6.64615885
224 -797.53723145 -6.64614360
225 -797.53759766 -6.64614665
226 -797.53613281 -6.64613444
227 -797.53759766 -6.64614665
228 -797.53735352 -6.64614461
229 -797.53863525 -6.64615529
230 -797.53497314 -6.64612478
231 -797.53649902 -6.64613749
232 -797.53723145 -6.64614360
233 -797.53338623 -6.64611155
234 -797.53314209 -6.64610952
235 -797.53222656 -6.64610189
236 -797.53417969 -6.64611816
237 -797.53228760 -6.64610240
238 -797.53094482 -6.64609121
239 -797.53289795 -6.64610748
240 -797.53051758 -6.64608765
241 -797.52850342 -6.64607086
242 -797.52600098 -6.64605001
243 -797.53112793 -6.64609273
244 -797.52905273 -6.64607544
245 -797.52990723 -6.64608256
246 -797.53039551 -6.64608663
247 -797.52777100 -6.64606476
248 -797.52441406 -6.64603678
249 -797.52539062 -6.64604492
250 -797.52178955 -6.64601491
251 -797.52416992 -6.64603475
252 -797.52575684 -6.64604797
253 -797.52435303 -6.64603628
254 -797.52288818 -6.64602407
255 -797.52392578 -6.64603271
256 -797.52270508 -6.64602254
257 -797.52246094 -6.64602051
258 -797.51971436 -6.64599762
259 -797.51983643 -6.64599864
260 -797.51867676 -6.64598897
261 -797.51879883 -6.64598999
262 -797.51843262 -6.64598694
263 -797.51684570 -6.64597371
264 -797.51977539 -6.64599813
265 -797.51989746 -6.64599915
266 -797.51953125 -6.64599609
267 -797.52038574 -6.64600321
268 -797.52136230 -6.64601135
269 -797.52221680 -6.64601847
270 -797.52410889 -6.64603424
271 -797.51928711 -6.64599406
272 -797.52136230 -6.64601135
273 -797.52099609 -6.64600830
274 -797.52008057 -6.64600067
275 -797.51922607 -6.64599355
276 -797.51770020 -6.64598083
277 -797.52105713 -6.64600881
278 -797.52056885 -6.64600474
279 -797.51885986 -6.64599050
280 -797.51684570 -6.64597371
281 -797.51678467 -6.64597321
282 -797.51312256 -6.64594269
283 -797.51568604 -6.64596405
284 -797.51428223 -6.64595235
285 -797.51568604 -6.64596405
286 -797.51367188 -6.64594727
287 -797.51470947 -6.64595591
288 -797.51147461 -6.64592896
289 -797.51525879 -6.64596049
290 -797.51092529 -6.64592438
291 -797.51458740 -6.64595490
292 -797.51123047 -6.64592692
293 -797.51586914 -6.64596558
294 -797.51513672 -6.64595947
295 -797.51293945 -6.64594116
296 -797.51354980 -6.64594625
297 -797.51568604 -6.64596405
298 -797.51428223 -6.64595235
299 -797.51477051 -6.64595642
300 -797.51232910 -6.64593608
301 -797.51214600 -6.64593455
302 -797.50994873 -6.64591624
303 -797.50958252 -6.64591319
304 -797.51000977 -6.64591675
305 -797.51092529 -6.64592438
306 -797.51153564 -6.64592946
307 -797.51110840 -6.64592590
308 -797.51354980 -6.64594625
309 -797.51098633 -6.64592489
310 -797.50946045 -6.64591217
311 -797.51202393 -6.64593353
312 -797.50769043 -6.64589742
313 -797.50793457 -6.64589945
314 -797.50939941 -6.64591166
315 -797.50823975 -6.64590200
316 -797.50744629 -6.64589539
317 -797.50787354 -6.64589895
318 -797.50073242 -6.64583944
319 -797.50585938 -6.64588216
320 -797.50695801 -6.64589132
321 -797.50683594 -6.64589030
322 -797.50439453 -6.64586995
323 -797.50701904 -6.64589183
324 -797.50708008 -6.64589233
325 -797.50891113 -6.64590759
326 -797.51000977 -6.64591675
327 -797.51055908 -6.64592133
328 -797.50988770 -6.64591573
329 -797.51068115 -6.64592234
330 -797.51306152 -6.64594218
331 -797.50970459 -6.64591420
332 -797.51184082 -6.64593201
333 -797.50781250 -6.64589844
334 -797.51116943 -6.64592641
335 -797.50598145 -6.64588318
336 -797.50805664 -6.64590047
337 -797.50677490 -6.64588979
338 -797.50665283 -6.64588877
339 -797.50451660 -6.64587097
340 -797.50695801 -6.64589132
341 -797.50280762 -6.64585673
342 -797.50476074 -6.64587301
343 -797.50207520 -6.64585063
344 -797.50402832 -6.64586690
345 -797.50366211 -6.64586385
346 -797.50256348 -6.64585470
347 -797.50390625 -6.64586589
348 -797.50280762 -6.64585673
349 -797.50433350 -6.64586945
350 -797.50152588 -6.64584605
351 -797.50012207 -6.64583435
352 -797.50030518 -6.64583588
353 -797.49993896 -6.64583282
354 -797.50079346 -6.64583995
355 -797.50335693 -6.64586131
356 -797.49853516 -6.64582113
357 -797.49969482 -6.64583079
358 -797.49938965 -6.64582825
359 -797.50079346 -6.64583995
360 -797.49890137 -6.64582418
361 -797.49865723 -6.64582214
362 -797.49981689 -6.64583181
363 -797.50122070 -6.64584351
364 -797.50097656 -6.64584147
365 -797.49993896 -6.64583282
366 -797.49731445 -6.64581095
367 -797.49908447 -6.64582570
368 -797.50000000 -6.64583333
369 -797.49633789 -6.64580282
370 -797.49536133 -6.64579468
371 -797.49652100 -6.64580434
372 -797.49475098 -6.64578959
373 -797.49200439 -6.64576670
374 -797.49389648 -6.64578247
375 -797.49255371 -6.64577128
376 -797.49291992 -6.64577433
377 -797.48925781 -6.64574382
378 -797.48645020 -6.64572042
379 -797.48577881 -6.64571482
380 -797.48779297 -6.64573161
381 -797.48797607 -6.64573313
382 -797.48950195 -6.64574585
383 -797.48632812 -6.64571940
384 -797.48693848 -6.64572449
385 -797.48327637 -6.64569397
386 -797.48559570 -6.64571330
387 -797.48577881 -6.64571482
388 -797.48461914 -6.64570516
389 -797.48498535 -6.64570821
390 -797.48339844 -6.64569499
391 -797.48419189 -6.64570160
392 -797.48046875 -6.64567057
393 -797.48248291 -6.64568736
394 -797.48199463 -6.64568329
395 -797.47955322 -6.64566294
396 -797.47851562 -6.64565430
397 -797.48101807 -6.64567515
398 -797.47991943 -6.64566600
399 -797.48248291 -6.64568736
400 -797.47900391 -6.64565837
401 -797.48150635 -6.64567922
402 -797.47882080 -6.64565684
403 -797.48016357 -6.64566803
404 -797.48022461 -6.64566854
405 -797.47778320 -6.64564819
406 -797.47454834 -6.64562124
407 -797.47833252 -6.64565277
408 -797.47521973 -6.64562683
409 -797.47735596 -6.64564463
410 -797.47601318 -6.64563344
411 -797.47613525 -6.64563446
412 -797.47338867 -6.64561157
413 -797.47302246 -6.64560852
414 -797.47521973 -6.64562683
415 -797.47479248 -6.64562327
416 -797.47692871 -6.64564107
417 -797.47454834 -6.64562124
418 -797.47680664 -6.64564006
419 -797.47296143 -6.64560801
420 -797.47503662 -6.64562531
421 -797.47338867 -6.64561157
422 -797.47418213 -6.64561818
423 -797.47003174 -6.64558360
424 -797.47131348 -6.64559428
425 -797.47076416 -6.64558970
426 -797.47174072 -6.64559784
427 -797.47021484 -6.64558512
428 -797.47241211 -6.64560343
429 -797.47222900 -6.64560191
430 -797.46997070 -6.64558309
431 -797.46826172 -6.64556885
432 -797.46899414 -6.64557495
433 -797.46740723 -6.64556173
434 -797.46685791 -6.64555715
435 -797.46789551 -6.64556580
436 -797.46801758 -6.64556681
437 -797.46301270 -6.64552511
438 -797.46533203 -6.64554443
439 -797.46710205 -6.64555918
440 -797.46667480 -6.64555562
441 -797.46594238 -6.64554952
442 -797.46423340 -6.64553528
443 -797.46099854 -6.64550832
444 -797.46386719 -6.64553223
445 -797.46032715 -6.64550273
446 -797.45989990 -6.64549917
447 -797.45800781 -6.64548340
448 -797.45788574 -6.64548238
449 -797.45825195 -6.64548543
450 -797.45556641 -6.64546305
451 -797.45770264 -6.64548086
452 -797.45507812 -6.64545898
453 -797.45654297 -6.64547119
454 -797.45471191 -6.64545593
455 -797.45629883 -6.64546916
456 -797.45153809 -6.64542948
457 -797.44982910 -6.64541524
458 -797.45050049 -6.64542084
459 -797.44915771 -6.64540965
460 -797.44567871 -6.64538066
461 -797.44860840 -6.64540507
462 -797.44671631 -6.64538930
463 -797.44744873 -6.64539541
464 -797.44665527 -6.64538879
465 -797.44549561 -6.64537913
466 -797.44049072 -6.64533742
467 -797.44488525 -6.64537404
468 -797.44128418 -6.64534403
469 -797.44372559 -6.64536438
470 -797.43981934 -6.64533183
471 -797.44213867 -6.64535116
472 -797.43859863 -6.64532166
473 -797.43695068 -6.64530792
474 -797.43786621 -6.64531555
475 -797.43634033 -6.64530284
476 -797.43420410 -6.64528503
477 -797.43554688 -6.64529622
478 -797.43182373 -6.64526520
