0 -777.61322021 -6.48011017
1 -777.67510986 -6.48062592
2 -777.71826172 -6.48098551
3 -777.75421143 -6.48128510
4 -777.78417969 -6.48153483
5 -777.80895996 -6.48174133
6 -777.83319092 -6.48194326
7 -777.85339355 -6.48211161
8 -777.87255859 -6.48227132
9 -777.89068604 -6.48242238
10 -777.90808105 -6.48256734
11 -777.92224121 -6.48268534
12 -777.93798828 -6.48281657
13 -777.95227051 -6.48293559
14 -777.96545410 -6.48304545
15 -777.97814941 -6.48315125
16 -777.98986816 -6.48324890
17 -778.00262451 -6.48335520
18 -778.01257324 -6.48343811
19 -778.02258301 -6.48352153
20 -778.03234863 -6.48360291
21 -778.03985596 -6.48366547
22 -778.04876709 -6.48373973
23 -778.05590820 -6.48379924
24 -778.06372070 -6.48386434
25 -778.07147217 -6.48392893
26 -778.07897949 -6.48399150
27 -778.08599854 -6.48404999
28 -778.09375000 -6.48411458
29 -778.10058594 -6.48417155
30 -778.10778809 -6.48423157
31 -778.11401367 -6.48428345
32 -778.12036133 -6.48433634
33 -778.12750244 -6.48439585
34 -778.13220215 -6.48443502
35 -778.13952637 -6.48449605
36 -778.14660645 -6.48455505
37 -778.15112305 -6.48459269
38 -778.15527344 -6.48462728
39 -778.16149902 -6.48467916
40 -778.16638184 -6.48471985
41 -778.17199707 -6.48476664
42 -778.17773438 -6.48481445
43 -778.18212891 -6.48485107
44 -778.18737793 -6.48489482
45 -778.19226074 -6.48493551
46 -778.19567871 -6.48496399
47 -778.20190430 -6.48501587
48 -778.20520020 -6.48504333
49 -778.20947266 -6.48507894
50 -778.21362305 -6.48511353
51 -778.21826172 -6.48515218
52 -778.22167969 -6.48518066
53 -778.22406006 -6.48520050
54 -778.22949219 -6.48524577
55 -778.23254395 -6.48527120
56 -778.23449707 -6.48528748
57 -778.23944092 -6.48532867
58 -778.24243164 -6.48535360
59 -778.24658203 -6.48538818
60 -778.24963379 -6.48541361
61 -778.25244141 -6.48543701
62 -778.25622559 -6.48546855
63 -778.25964355 -6.48549703
64 -778.26293945 -6.48552450
65 -778.26666260 -6.48555552
66 -778.26928711 -6.48557739
67 -778.27294922 -6.48560791
68 -778.27539062 -6.48562826
69 -778.27911377 -6.48565928
70 -778.28283691 -6.48569031
71 -778.28625488 -6.48571879
72 -778.28845215 -6.48573710
73 -778.29180908 -6.48576508
74 -778.29479980 -6.48579000
75 -778.29858398 -6.48582153
76 -778.30090332 -6.48584086
77 -778.30303955 -6.48585866
78 -778.30566406 -6.48588053
79 -778.30871582 -6.48590597
80 -778.31127930 -6.48592733
81 -778.31365967 -6.48594716
82 -778.31628418 -6.48596903
83 -778.31848145 -6.48598735
84 -778.32196045 -6.48601634
85 -778.32427979 -6.48603566
86 -778.32635498 -6.48605296
87 -778.32958984 -6.48607992
88 -778.33160400 -6.48609670
89 -778.33459473 -6.48612162
90 -778.33715820 -6.48614299
91 -778.33923340 -6.48616028
92 -778.34057617 -6.48617147
93 -778.34344482 -6.48619537
94 -778.34576416 -6.48621470
95 -778.34729004 -6.48622742
96 -778.34930420 -6.48624420
97 -778.35180664 -6.48626506
98 -778.35351562 -6.48627930
99 -778.35571289 -6.48629761
100 -778.35784912 -6.48631541
101 -778.36047363 -6.48633728
102 -778.36218262 -6.48635152
103 -778.36383057 -6.48636525
104 -778.36511230 -6.48637594
105 -778.36669922 -6.48638916
106 -778.36798096 -6.48639984
107 -778.36993408 -6.48641612
108 -778.37182617 -6.48643188
109 -778.37384033 -6.48644867
110 -778.37561035 -6.48646342
111 -778.37744141 -6.48647868
112 -778.37915039 -6.48649292
113 -778.38134766 -6.48651123
114 -778.38256836 -6.48652140
115 -778.38452148 -6.48653768
116 -778.38653564 -6.48655446
