0 -509.51501465 -6.88533804
1 -508.81207275 -6.87583882
2 -507.62820435 -6.85984060
3 -506.72210693 -6.84759604
4 -505.56829834 -6.83200403
5 -504.03356934 -6.81126445
6 -502.11816406 -6.78538060
7 -499.57714844 -6.75104255
8 -496.38214111 -6.70786677
9 -493.98809814 -6.67551484
10 -491.45135498 -6.64123453
11 -488.41357422 -6.60018344
12 -485.77844238 -6.56457355
13 -483.30587769 -6.53116051
14 -479.73583984 -6.48291675
15 -477.13336182 -6.44774813
16 -472.81988525 -6.38945791
17 -469.54409790 -6.34519051
18 -466.79791260 -6.30807990
19 -465.05816650 -6.28456982
20 -461.78405762 -6.24032510
21 -460.69458008 -6.22560243
22 -457.60137939 -6.18380242
23 -457.40924072 -6.18120596
24 -454.33868408 -6.13971195
25 -451.12808228 -6.09632544
26 -448.83914185 -6.06539381
27 -445.66732788 -6.02253146
28 -440.29663086 -5.94995447
29 -434.47171021 -5.87123933
30 -426.06848145 -5.75768218
31 -426.88275146 -5.76868583
32 -422.18084717 -5.70514658
33 -417.57095337 -5.64285072
34 -410.70675659 -5.55009131
35 -401.38882446 -5.42417330
36 -400.18597412 -5.40791857
37 -395.55523682 -5.34534104
38 -391.97067261 -5.29690098
39 -388.84262085 -5.25463001
40 -385.68377686 -5.21194293
41 -382.70492554 -5.17168818
42 -378.82760620 -5.11929198
43 -374.29376221 -5.05802381
44 -367.53839111 -4.96673502
45 -365.19964600 -4.93513035
46 -359.95599365 -4.86427018
47 -366.81274414 -4.95692897
48 -355.16580200 -4.79953786
49 -346.30795288 -4.67983720
50 -340.98507690 -4.60790644
51 -331.16845703 -4.47524942
52 -328.74932861 -4.44255849
53 -328.80355835 -4.44329133
