0 -441.01187134 -6.48546870
1 -440.98037720 -6.48500555
2 -440.99005127 -6.48514781
3 -440.94851685 -6.48453701
4 -440.91302490 -6.48401507
5 -440.89025879 -6.48368028
6 -440.86883545 -6.48336523
7 -440.82330322 -6.48269564
8 -440.79296875 -6.48224954
9 -440.77862549 -6.48203861
10 -440.74142456 -6.48149154
11 -440.71102905 -6.48104454
12 -440.71026611 -6.48103333
13 -440.69464111 -6.48080355
14 -440.68234253 -6.48062268
15 -440.68188477 -6.48061595
16 -440.65802002 -6.48026500
17 -440.61618042 -6.47964971
18 -440.56732178 -6.47893120
19 -440.54196167 -6.47855826
20 -440.50460815 -6.47800894
21 -440.42697144 -6.47686723
22 -440.39041138 -6.47632958
23 -440.32336426 -6.47534359
24 -440.28814697 -6.47482569
25 -440.26889038 -6.47454251
26 -440.29782104 -6.47496796
27 -440.30822754 -6.47512099
28 -440.27456665 -6.47462598
29 -440.21322632 -6.47372392
30 -440.12951660 -6.47249289
31 -440.15188599 -6.47282185
32 -440.12127686 -6.47237172
33 -440.03805542 -6.47114787
34 -440.04080200 -6.47118826
35 -440.07769775 -6.47173085
36 -440.03137207 -6.47104959
37 -439.89770508 -6.46908390
38 -439.87173462 -6.46870198
39 -439.83511353 -6.46816343
40 -439.79504395 -6.46757418
41 -439.76284790 -6.46710070
42 -439.66571045 -6.46567221
43 -439.75292969 -6.46695485
44 -439.69885254 -6.46615960
45 -439.61776733 -6.46496717
46 -439.62661743 -6.46509732
47 -439.62039185 -6.46500576
48 -439.64083862 -6.46530645
49 -439.57015991 -6.46426706
50 -439.39834595 -6.46174038
51 -439.33370972 -6.46078985
52 -439.29428101 -6.46021001
53 -439.24380493 -6.45946772
54 -439.31393433 -6.46049903
55 -439.23181152 -6.45929135
56 -439.20550537 -6.45890449
57 -439.18365479 -6.45858316
58 -439.15979004 -6.45823221
59 -439.09060669 -6.45721480
60 -439.04321289 -6.45651784
61 -438.97299194 -6.45548518
62 -438.90856934 -6.45453778
63 -438.89346313 -6.45431563
64 -438.86590576 -6.45391038
65 -438.81130981 -6.45310750
66 -438.71359253 -6.45167048
67 -438.69049072 -6.45133075
68 -438.63385010 -6.45049780
69 -438.42108154 -6.44736885
70 -438.47644043 -6.44818295
71 -438.34222412 -6.44620918
72 -438.25140381 -6.44487359
73 -438.22875977 -6.44454058
74 -438.09933472 -6.44263728
75 -437.90322876 -6.43975336
76 -437.90911865 -6.43983998
77 -437.84072876 -6.43883425
78 -437.56964111 -6.43484766
79 -437.50109863 -6.43383969
80 -437.49270630 -6.43371627
81 -437.27954102 -6.43058149
82 -437.28753662 -6.43069907
83 -437.16320801 -6.42887071
84 -437.26409912 -6.43035440
85 -437.28247070 -6.43062457
86 -437.02761841 -6.42687674
87 -437.18115234 -6.42913459
88 -437.23748779 -6.42996306
89 -437.05618286 -6.42729681
90 -437.09072876 -6.42780483
91 -437.05364990 -6.42725956
92 -436.73068237 -6.42251003
93 -436.76516724 -6.42301717
94 -436.64746094 -6.42128619
95 -436.33694458 -6.41671977
96 -436.33319092 -6.41666457
97 -436.35009766 -6.41691320
98 -436.41864014 -6.41792118
99 -436.59472656 -6.42051068
100 -436.57342529 -6.42019743
101 -436.38793945 -6.41746970
102 -436.29705811 -6.41613321
103 -436.39956665 -6.41764069
104 -436.24658203 -6.41539091
105 -436.39648438 -6.41759536
106 -436.25140381 -6.41546182
107 -436.38839722 -6.41747643
108 -436.31121826 -6.41634145
109 -436.34829712 -6.41688672
110 -436.18438721 -6.41447628
111 -436.35968018 -6.41705412
112 -436.11862183 -6.41350914
113 -435.97427368 -6.41138638
114 -435.77896118 -6.40851414
115 -435.52258301 -6.40474387
116 -435.40997314 -6.40308784
117 -435.62527466 -6.40625404
118 -435.54818726 -6.40512040
119 -435.87670898 -6.40995160
120 -436.00537109 -6.41184369
121 -435.97787476 -6.41143933
122 -435.93734741 -6.41084334
123 -435.82168579 -6.40914244
124 -435.90991211 -6.41043988
125 -435.72714233 -6.40775209
126 -435.49435425 -6.40432874
127 -435.42767334 -6.40334814
128 -435.25259399 -6.40077344
129 -435.15911865 -6.39939880
130 -435.23751831 -6.40055174
131 -435.17691040 -6.39966045
132 -435.06112671 -6.39795775
133 -435.04971313 -6.39778990
134 -434.96243286 -6.39650637
135 -434.81918335 -6.39439976
136 -434.67379761 -6.39226173
137 -434.58117676 -6.39089966
138 -434.31613159 -6.38700194
139 -434.41296387 -6.38842594
140 -434.44467163 -6.38889223
141 -434.36502075 -6.38772089
142 -434.33123779 -6.38722409
143 -434.33328247 -6.38725415
144 -434.23739624 -6.38584406
145 -433.80749512 -6.37952199
146 -433.92593384 -6.38126373
147 -433.89447021 -6.38080103
148 -434.03637695 -6.38288790
149 -433.65646362 -6.37730094
150 -433.61566162 -6.37670091
151 -433.49676514 -6.37495243
152 -433.47543335 -6.37463873
153 -433.28530884 -6.37184278
154 -433.48153687 -6.37472848
155 -433.41336060 -6.37372589
156 -433.37652588 -6.37318420
157 -433.32138062 -6.37237324
158 -433.42553711 -6.37390496
159 -433.37130737 -6.37310746
160 -432.98526001 -6.36743029
161 -432.89282227 -6.36607092
162 -432.97537231 -6.36728489
163 -433.13989258 -6.36970430
164 -433.39605713 -6.37347143
165 -433.15853882 -6.36997851
166 -433.08770752 -6.36893688
167 -433.19635010 -6.37053456
168 -433.25186157 -6.37135091
169 -433.15222168 -6.36988561
170 -433.20471191 -6.37065753
171 -433.21826172 -6.37085679
172 -433.13452148 -6.36962532
173 -432.85186768 -6.36546864
174 -432.79190063 -6.36458677
175 -432.63919067 -6.36234104
176 -432.69064331 -6.36309770
177 -432.57751465 -6.36143404
178 -432.23101807 -6.35633850
179 -432.08703613 -6.35422112
180 -431.99957275 -6.35293489
181 -432.01321411 -6.35313550
182 -432.19570923 -6.35581925
183 -432.16012573 -6.35529597
184 -431.93707275 -6.35201578
185 -431.90524292 -6.35154769
186 -431.70462036 -6.34859736
187 -431.45401001 -6.34491191
188 -430.92984009 -6.33720353
189 -430.66833496 -6.33335787
190 -430.57052612 -6.33191950
191 -429.90719604 -6.32216465
192 -429.89892578 -6.32204303
193 -429.83181763 -6.32105614
194 -429.52664185 -6.31656826
195 -429.39410400 -6.31461918
196 -429.36596680 -6.31420539
197 -429.07275391 -6.30989344
198 -428.97097778 -6.30839673
199 -429.08093262 -6.31001371
200 -428.88766479 -6.30717154
201 -428.60394287 -6.30299916
202 -428.52505493 -6.30183904
203 -428.23382568 -6.29755626
204 -428.00750732 -6.29422805
205 -428.11752319 -6.29584593
206 -427.90856934 -6.29277308
207 -427.68258667 -6.28944980
208 -427.55819702 -6.28762054
209 -427.19113159 -6.28222252
210 -427.19583130 -6.28229164
211 -427.08065796 -6.28059791
212 -426.96865845 -6.27895086
213 -426.86029053 -6.27735721
214 -426.80307007 -6.27651574
215 -427.03393555 -6.27991082
216 -426.81564331 -6.27670064
217 -426.49865723 -6.27203908
218 -426.40890503 -6.27071919
219 -426.15762329 -6.26702387
220 -426.20880127 -6.26777649
221 -426.57217407 -6.27312021
222 -426.26104736 -6.26854481
223 -426.04711914 -6.26539881
224 -425.94915771 -6.26395820
225 -426.10809326 -6.26629549
226 -425.86120605 -6.26266479
227 -425.20275879 -6.25298175
228 -425.15402222 -6.25226503
229 -424.91058350 -6.24868505
230 -424.29916382 -6.23969359
231 -424.32550049 -6.24008089
232 -424.20910645 -6.23836921
233 -423.67538452 -6.23052036
234 -424.18844604 -6.23806538
235 -424.05316162 -6.23607591
236 -424.10412598 -6.23682538
237 -423.81552124 -6.23258119
238 -423.73901367 -6.23145608
239 -424.21478271 -6.23845269
240 -424.01773071 -6.23555486
241 -424.08908081 -6.23660413
242 -423.98315430 -6.23504639
243 -424.16403198 -6.23770635
244 -423.29504395 -6.22492712
245 -423.27517700 -6.22463496
246 -423.24240112 -6.22415296
247 -422.88107300 -6.21883931
248 -423.36932373 -6.22601947
249 -423.45474243 -6.22727562
250 -423.18218994 -6.22326750
251 -423.59780884 -6.22937954
252 -423.32556152 -6.22537590
253 -423.53207397 -6.22841285
254 -423.35382080 -6.22579148
255 -422.86950684 -6.21866922
256 -422.94158936 -6.21972926
257 -423.20495605 -6.22360229
258 -422.98019409 -6.22029697
259 -423.11987305 -6.22235107
260 -422.86859131 -6.21865575
261 -422.69583130 -6.21611517
262 -422.89782715 -6.21908569
263 -422.60955811 -6.21484644
264 -422.48620605 -6.21303244
265 -422.58749390 -6.21452197
266 -422.39883423 -6.21174756
267 -422.28155518 -6.21002287
268 -422.65957642 -6.21558201
269 -422.08752441 -6.20716948
270 -421.66400146 -6.20094120
271 -421.37103271 -6.19663283
272 -421.55917358 -6.19939961
273 -422.08206177 -6.20708914
274 -421.65664673 -6.20083304
275 -421.83959961 -6.20352352
276 -421.71041870 -6.20162380
277 -421.43313599 -6.19754612
278 -421.38845825 -6.19688909
279 -421.16918945 -6.19366455
280 -420.30749512 -6.18099258
281 -420.02581787 -6.17685026
282 -419.75296021 -6.17283765
283 -420.41433716 -6.18256378
284 -420.90963745 -6.18984761
285 -420.28976440 -6.18073183
286 -420.64477539 -6.18595258
287 -420.65649414 -6.18612491
288 -420.61856079 -6.18556707
289 -420.51556396 -6.18405241
290 -420.71896362 -6.18704358
291 -420.55609131 -6.18464840
292 -419.90081787 -6.17501203
293 -419.57174683 -6.17017275
294 -420.02117920 -6.17678205
295 -420.51181030 -6.18399721
296 -420.12954712 -6.17837569
297 -420.38027954 -6.18206293
298 -420.12780762 -6.17835011
299 -419.50723267 -6.16922401
300 -418.94918823 -6.16101747
301 -418.88247681 -6.16003642
302 -419.61956787 -6.17087600
303 -420.32177734 -6.18120261
304 -420.77258301 -6.18783210
305 -421.02459717 -6.19153819
306 -421.40621948 -6.19715029
307 -420.74945068 -6.18749192
308 -420.56445312 -6.18477137
309 -420.57580566 -6.18493832
310 -419.92398071 -6.17535266
311 -419.60678101 -6.17068796
312 -419.32159424 -6.16649403
313 -420.36685181 -6.18186547
314 -420.93869019 -6.19027486
315 -420.32360840 -6.18122954
316 -420.10638428 -6.17803506
317 -419.48858643 -6.16894980
318 -419.08660889 -6.16303837
319 -418.59225464 -6.15576845
320 -417.98596191 -6.14685238
321 -417.83801270 -6.14467666
322 -417.93209839 -6.14606027
323 -417.02038574 -6.13265273
324 -416.72991943 -6.12838117
325 -416.42813110 -6.12394310
326 -416.21633911 -6.12082852
327 -415.96350098 -6.11711031
328 -416.49148560 -6.12487479
329 -416.76757812 -6.12893497
330 -415.49505615 -6.11022141
331 -414.78451538 -6.09977229
332 -414.12911987 -6.09013412
333 -413.89947510 -6.08675699
334 -413.30157471 -6.07796433
335 -413.04083252 -6.07412989
336 -412.70877075 -6.06924663
337 -412.03640747 -6.05935893
338 -411.55209351 -6.05223667
339 -411.57754517 -6.05261096
340 -411.10192871 -6.04561660
341 -411.30477905 -6.04859969
342 -410.55929565 -6.03763670
343 -411.03677368 -6.04465844
344 -411.91400146 -6.05755885
345 -411.93896484 -6.05792595
346 -411.94802856 -6.05805924
347 -411.26931763 -6.04807820
348 -410.53793335 -6.03732255
349 -410.68066406 -6.03942153
350 -410.71908569 -6.03998655
351 -410.58236694 -6.03797598
352 -410.21716309 -6.03260534
353 -410.66107178 -6.03913341
354 -410.16671753 -6.03186349
355 -411.32525635 -6.04890083
356 -411.37487793 -6.04963056
357 -411.28396606 -6.04829362
358 -411.27185059 -6.04811545
359 -411.57867432 -6.05262756
360 -411.45147705 -6.05075702
361 -412.14193726 -6.06091084
362 -411.78976440 -6.05573183
363 -411.45770264 -6.05084857
364 -411.40167236 -6.05002459
365 -410.45852661 -6.03615480
366 -409.03271484 -6.01518698
367 -409.13308716 -6.01666305
368 -410.25952148 -6.03322826
369 -411.77554321 -6.05552269
370 -411.50546265 -6.05155092
371 -411.00546265 -6.04419798
372 -411.26293945 -6.04798440
373 -411.00585938 -6.04420381
374 -411.39251709 -6.04988996
375 -410.69726562 -6.03966567
376 -410.07553101 -6.03052251
377 -409.58938599 -6.02337332
378 -409.46560669 -6.02155304
379 -408.57260132 -6.00842061
380 -408.62048340 -6.00912476
381 -410.05517578 -6.03022317
382 -409.66534424 -6.02449036
383 -410.20410156 -6.03241326
384 -410.29452515 -6.03374302
385 -409.92694092 -6.02833737
386 -409.64587402 -6.02420403
387 -408.74526978 -6.01095985
388 -407.68472290 -5.99536357
389 -407.52404785 -5.99300070
390 -408.52050781 -6.00765453
391 -408.74066162 -6.01089208
392 -410.17065430 -6.03192139
393 -410.07763672 -6.03055348
394 -410.41149902 -6.03546322
395 -410.53582764 -6.03729158
396 -410.79876709 -6.04115834
397 -410.01864624 -6.02968597
398 -409.30661011 -6.01921485
399 -409.29824829 -6.01909189
400 -408.24765015 -6.00364191
401 -406.47232056 -5.97753413
402 -406.54092407 -5.97854300
403 -405.73922729 -5.96675334
404 -406.61575317 -5.97964343
405 -406.41534424 -5.97669624
406 -406.53292847 -5.97842542
407 -405.50997925 -5.96338205
408 -405.58557129 -5.96449370
409 -403.95452881 -5.94050778
410 -405.08337402 -5.95710844
411 -405.40231323 -5.96179872
