0 -529.09228516 -6.01241233
1 -527.30358887 -5.99208624
2 -524.16857910 -5.95646113
3 -521.14916992 -5.92214966
4 -518.55651855 -5.89268771
5 -514.62939453 -5.84806130
6 -511.51776123 -5.81270183
7 -509.39978027 -5.78863387
8 -505.45245361 -5.74377788
9 -501.94934082 -5.70396978
10 -497.68609619 -5.65552382
11 -493.48480225 -5.60778184
12 -490.87207031 -5.57809171
13 -487.79119873 -5.54308180
14 -484.87799072 -5.50997717
15 -480.28094482 -5.45773801
16 -477.38146973 -5.42478943
17 -473.26977539 -5.37806563
18 -470.87341309 -5.35083424
19 -468.42584229 -5.32302094
20 -465.62237549 -5.29116336
21 -461.69097900 -5.24648840
22 -459.85247803 -5.22559634
23 -457.24346924 -5.19594851
24 -454.45861816 -5.16430248
25 -450.77386475 -5.12243028
26 -447.93457031 -5.09016557
27 -445.28631592 -5.06007177
28 -443.00231934 -5.03411727
29 -441.44580078 -5.01642955
30 -439.69104004 -4.99648909
31 -437.49371338 -4.97151947
32 -435.67950439 -4.95090346
33 -434.43841553 -4.93680018
34 -431.78088379 -4.90660095
35 -430.28723145 -4.88962763
36 -429.46667480 -4.88030312
37 -428.02575684 -4.86392905
38 -425.62322998 -4.83662761
39 -423.80389404 -4.81595334
40 -421.58636475 -4.79075414
41 -421.22784424 -4.78668005
42 -420.07891846 -4.77362407
43 -418.60797119 -4.75690876
44 -417.88677979 -4.74871341
45 -417.39044189 -4.74307320
46 -417.23144531 -4.74126642
47 -415.25872803 -4.71884918
48 -414.16186523 -4.70638483
49 -412.85852051 -4.69157410
50 -412.09533691 -4.68290156
51 -411.06542969 -4.67119806
52 -408.99011230 -4.64761491
53 -407.71026611 -4.63307121
54 -406.32379150 -4.61731581
55 -406.20343018 -4.61594807
56 -404.97656250 -4.60200639
57 -404.39282227 -4.59537298
58 -402.93640137 -4.57882274
59 -401.39056396 -4.56125641
60 -401.22271729 -4.55934906
61 -400.38574219 -4.54983798
62 -399.12664795 -4.53553009
63 -398.29180908 -4.52604329
64 -396.36434937 -4.50414033
65 -395.46112061 -4.49387637
66 -395.13684082 -4.49019137
67 -394.28222656 -4.48047985
68 -392.80120850 -4.46365010
69 -390.07946777 -4.43272122
70 -389.23187256 -4.42308946
71 -388.15594482 -4.41086301
72 -387.94702148 -4.40848888
73 -387.20626831 -4.40007123
74 -384.97448730 -4.37471008
75 -383.92623901 -4.36279817
76 -382.54418945 -4.34709306
77 -380.37692261 -4.32246503
78 -379.00665283 -4.30689378
79 -378.64862061 -4.30282523
80 -377.35079956 -4.28807727
81 -374.64398193 -4.25731798
82 -372.53045654 -4.23330064
83 -371.04354858 -4.21640396
84 -370.37518311 -4.20880890
85 -367.93258667 -4.18105212
86 -368.28820801 -4.18509327
87 -368.87536621 -4.19176553
88 -370.65679932 -4.21200908
89 -370.54779053 -4.21077035
90 -371.21405029 -4.21834148
91 -369.21093750 -4.19557884
92 -368.13500977 -4.18335238
93 -365.43194580 -4.15263575
94 -364.60009766 -4.14318293
95 -365.39730835 -4.15224214
96 -365.24591064 -4.15052171
97 -366.54638672 -4.16529985
98 -367.10974121 -4.17170160
99 -368.29757690 -4.18519974
100 -368.90548706 -4.19210781
101 -370.54138184 -4.21069752
102 -368.63742065 -4.18906160
103 -370.12527466 -4.20596903
104 -372.10992432 -4.22852187
105 -371.07861328 -4.21680242
106 -369.39465332 -4.19766652
107 -368.70791626 -4.18986268
