0 -825.79858398 -6.88165487
1 -825.83874512 -6.88198954
2 -825.86975098 -6.88224792
3 -825.89404297 -6.88245036
4 -825.91088867 -6.88259074
5 -825.92980957 -6.88274841
6 -825.94677734 -6.88288981
7 -825.96093750 -6.88300781
8 -825.97595215 -6.88313293
9 -825.99011230 -6.88325094
10 -826.00183105 -6.88334859
11 -826.01330566 -6.88344421
12 -826.02478027 -6.88353984
13 -826.03222656 -6.88360189
14 -826.04174805 -6.88368123
15 -826.05139160 -6.88376160
16 -826.06005859 -6.88383382
17 -826.06896973 -6.88390808
18 -826.07763672 -6.88398031
19 -826.08715820 -6.88405965
20 -826.09497070 -6.88412476
21 -826.10290527 -6.88419088
22 -826.10937500 -6.88424479
23 -826.11621094 -6.88430176
24 -826.12280273 -6.88435669
25 -826.12951660 -6.88441264
26 -826.13610840 -6.88446757
27 -826.14221191 -6.88451843
28 -826.14831543 -6.88456930
29 -826.15502930 -6.88462524
30 -826.16040039 -6.88467000
31 -826.16491699 -6.88470764
32 -826.17065430 -6.88475545
33 -826.17590332 -6.88479919
34 -826.18066406 -6.88483887
35 -826.18493652 -6.88487447
36 -826.18896484 -6.88490804
37 -826.19360352 -6.88494670
38 -826.19848633 -6.88498739
39 -826.20239258 -6.88501994
40 -826.20520020 -6.88504333
41 -826.20947266 -6.88507894
42 -826.21313477 -6.88510946
43 -826.21704102 -6.88514201
44 -826.21936035 -6.88516134
45 -826.22277832 -6.88518982
46 -826.22656250 -6.88522135
47 -826.22912598 -6.88524272
48 -826.23120117 -6.88526001
49 -826.23339844 -6.88527832
50 -826.23620605 -6.88530172
51 -826.23815918 -6.88531799
52 -826.24121094 -6.88534342
53 -826.24414062 -6.88536784
54 -826.24633789 -6.88538615
55 -826.24951172 -6.88541260
56 -826.25158691 -6.88542989
57 -826.25366211 -6.88544718
58 -826.25549316 -6.88546244
