0 -436.03393555 -6.60657478
1 -436.03475952 -6.60658727
2 -436.04055786 -6.60667512
3 -436.04067993 -6.60667697
4 -436.04180908 -6.60669408
5 -436.04269409 -6.60670749
6 -436.04272461 -6.60670795
7 -436.04098511 -6.60668159
8 -436.04565430 -6.60675234
9 -436.04418945 -6.60673014
10 -436.04360962 -6.60672136
11 -436.04681396 -6.60676991
12 -436.04446411 -6.60673430
13 -436.04498291 -6.60674217
14 -436.04733276 -6.60677777
15 -436.04803467 -6.60678840
16 -436.04461670 -6.60673662
17 -436.04504395 -6.60674309
18 -436.04333496 -6.60671720
19 -436.04537964 -6.60674818
20 -436.04693604 -6.60677176
21 -436.04400635 -6.60672737
22 -436.04104614 -6.60668252
23 -436.04412842 -6.60672922
24 -436.04483032 -6.60673985
25 -436.04598999 -6.60675742
26 -436.04528809 -6.60674679
27 -436.05062866 -6.60682771
28 -436.04675293 -6.60676898
29 -436.04595947 -6.60675696
30 -436.05099487 -6.60683326
31 -436.04968262 -6.60681337
32 -436.04769897 -6.60678332
33 -436.04940796 -6.60680921
34 -436.05023193 -6.60682170
35 -436.04370117 -6.60672275
36 -436.04623413 -6.60676112
37 -436.04968262 -6.60681337
38 -436.04653931 -6.60676575
39 -436.04553223 -6.60675049
40 -436.04318237 -6.60671488
41 -436.04455566 -6.60673569
42 -436.03967285 -6.60666171
43 -436.04025269 -6.60667050
44 -436.03930664 -6.60665616
45 -436.04129028 -6.60668622
46 -436.03964233 -6.60666125
47 -436.03948975 -6.60665894
48 -436.03698730 -6.60662102
49 -436.03948975 -6.60665894
50 -436.03967285 -6.60666171
51 -436.03994751 -6.60666587
52 -436.03970337 -6.60666217
53 -436.03808594 -6.60663767
54 -436.03622437 -6.60660946
55 -436.03384399 -6.60657339
56 -436.03079224 -6.60652716
57 -436.02590942 -6.60645317
58 -436.02169800 -6.60638936
59 -436.02539062 -6.60644531
60 -436.02722168 -6.60647306
61 -436.02120972 -6.60638197
62 -436.02517700 -6.60644208
63 -436.02462769 -6.60643375
64 -436.02090454 -6.60637734
65 -436.02349854 -6.60641664
66 -436.02154541 -6.60638705
67 -436.01910400 -6.60635006
68 -436.01876831 -6.60634497
69 -436.01684570 -6.60631584
70 -436.01690674 -6.60631677
71 -436.01354980 -6.60626591
72 -436.01361084 -6.60626683
73 -436.01174927 -6.60623863
74 -436.01071167 -6.60622290
75 -436.01126099 -6.60623123
76 -436.01498413 -6.60628764
77 -436.01217651 -6.60624510
78 -436.01074219 -6.60622337
79 -436.00631714 -6.60615632
80 -436.00378418 -6.60611794
81 -436.00299072 -6.60610592
82 -436.00109863 -6.60607725
83 -436.00289917 -6.60610453
84 -436.00131226 -6.60608049
85 -436.00259399 -6.60609991
86 -436.00015259 -6.60606292
87 -435.99975586 -6.60605691
88 -435.99789429 -6.60602870
89 -435.99697876 -6.60601483
90 -435.99575806 -6.60599633
91 -435.99249268 -6.60594686
92 -435.98745728 -6.60587056
93 -435.98925781 -6.60589785
94 -435.98477173 -6.60582987
95 -435.98199463 -6.60578780
96 -435.97659302 -6.60570595
97 -435.97796631 -6.60572676
98 -435.97634888 -6.60570226
99 -435.97360229 -6.60566064
100 -435.97631836 -6.60570179
101 -435.97280884 -6.60564862
102 -435.97640991 -6.60570318
103 -435.96826172 -6.60557972
104 -435.96463013 -6.60552470
105 -435.96163940 -6.60547938
106 -435.96621704 -6.60554874
107 -435.96127319 -6.60547384
108 -435.96051025 -6.60546228
109 -435.95486450 -6.60537673
110 -435.95504761 -6.60537951
111 -435.95013428 -6.60530506
112 -435.95068359 -6.60531339
113 -435.94961548 -6.60529720
114 -435.94738770 -6.60526345
115 -435.94165039 -6.60517652
116 -435.94250488 -6.60518947
117 -435.94268799 -6.60519224
118 -435.94238281 -6.60518762
119 -435.93896484 -6.60513583
120 -435.93353271 -6.60505353
121 -435.93051147 -6.60500775
122 -435.93154907 -6.60502347
123 -435.92721558 -6.60495781
124 -435.93154907 -6.60502347
125 -435.92657471 -6.60494810
126 -435.92657471 -6.60494810
127 -435.92434692 -6.60491435
128 -435.92102051 -6.60486395
129 -435.91622925 -6.60479135
130 -435.91494751 -6.60477193
131 -435.91156006 -6.60472061
132 -435.91531372 -6.60477748
133 -435.91177368 -6.60472384
134 -435.90844727 -6.60467344
135 -435.90676880 -6.60464801
136 -435.90731812 -6.60465634
137 -435.90487671 -6.60461934
138 -435.90444946 -6.60461287
139 -435.90811157 -6.60466836
140 -435.90408325 -6.60460732
141 -435.90594482 -6.60463553
142 -435.90859985 -6.60467576
143 -435.90478516 -6.60461796
144 -435.90335083 -6.60459622
145 -435.90194702 -6.60457495
146 -435.90383911 -6.60460362
147 -435.90451050 -6.60461380
148 -435.90054321 -6.60455369
149 -435.89926147 -6.60453426
150 -435.89590454 -6.60448340
151 -435.89447021 -6.60446167
152 -435.89614868 -6.60448710
153 -435.89541626 -6.60447600
154 -435.89572144 -6.60448063
155 -435.89407349 -6.60445566
156 -435.89324951 -6.60444317
157 -435.89404297 -6.60445520
158 -435.89315796 -6.60444179
159 -435.89508057 -6.60447092
160 -435.89544678 -6.60447647
161 -435.89312744 -6.60444132
162 -435.89282227 -6.60443670
163 -435.89080811 -6.60440618
164 -435.89123535 -6.60441266
165 -435.89273071 -6.60443531
166 -435.89120483 -6.60441219
167 -435.89007568 -6.60439509
168 -435.88412476 -6.60430492
169 -435.88381958 -6.60430030
170 -435.87942505 -6.60423371
171 -435.87945557 -6.60423418
172 -435.87759399 -6.60420597
173 -435.88183594 -6.60427024
174 -435.88415527 -6.60430538
175 -435.88253784 -6.60428088
176 -435.88644409 -6.60434006
177 -435.88558960 -6.60432712
178 -435.87963867 -6.60423695
179 -435.88137817 -6.60426331
180 -435.87887573 -6.60422539
181 -435.87811279 -6.60421383
182 -435.88504028 -6.60431879
183 -435.88488770 -6.60431648
184 -435.88546753 -6.60432527
185 -435.88696289 -6.60434792
186 -435.88659668 -6.60434237
187 -435.88662720 -6.60434284
188 -435.88647461 -6.60434052
189 -435.88568115 -6.60432850
190 -435.88894653 -6.60437798
191 -435.88519287 -6.60432110
192 -435.88269043 -6.60428319
193 -435.88018799 -6.60424527
194 -435.87771606 -6.60420782
195 -435.87677002 -6.60419349
196 -435.87692261 -6.60419580
197 -435.87442017 -6.60415788
198 -435.87805176 -6.60421291
199 -435.87771606 -6.60420782
200 -435.87203979 -6.60412182
201 -435.87463379 -6.60416112
202 -435.87170410 -6.60411673
203 -435.87164307 -6.60411580
204 -435.86791992 -6.60405939
205 -435.86993408 -6.60408991
206 -435.86898804 -6.60407558
207 -435.87112427 -6.60410794
208 -435.86788940 -6.60405893
209 -435.86737061 -6.60405107
210 -435.86361694 -6.60399420
211 -435.86071777 -6.60395027
212 -435.85720825 -6.60389709
213 -435.85955811 -6.60393270
214 -435.85943604 -6.60393085
215 -435.85260010 -6.60382727
216 -435.85595703 -6.60387814
217 -435.85470581 -6.60385918
218 -435.86022949 -6.60394287
219 -435.86114502 -6.60395674
220 -435.85968018 -6.60393455
221 -435.85656738 -6.60388738
222 -435.85794067 -6.60390819
223 -435.85784912 -6.60390680
224 -435.85549927 -6.60387120
225 -435.85836792 -6.60391467
226 -435.85467529 -6.60385872
227 -435.85614014 -6.60388091
228 -435.85348511 -6.60384068
229 -435.85357666 -6.60384207
230 -435.85879517 -6.60392114
231 -435.85986328 -6.60393732
232 -435.85971069 -6.60393501
233 -435.86016846 -6.60394195
234 -435.85693359 -6.60389293
235 -435.85598755 -6.60387860
236 -435.85275269 -6.60382959
237 -435.84765625 -6.60375237
238 -435.85037231 -6.60379352
239 -435.84906006 -6.60377364
240 -435.85232544 -6.60382311
241 -435.85174561 -6.60381433
242 -435.84722900 -6.60374589
243 -435.84713745 -6.60374451
244 -435.84594727 -6.60372647
245 -435.84237671 -6.60367237
246 -435.84219360 -6.60366960
247 -435.84063721 -6.60364602
248 -435.83471680 -6.60355632
249 -435.83346558 -6.60353736
250 -435.83453369 -6.60355354
251 -435.83599854 -6.60357574
252 -435.83203125 -6.60351562
253 -435.82931519 -6.60347447
254 -435.82745361 -6.60344627
255 -435.82669067 -6.60343471
256 -435.82369995 -6.60338939
257 -435.82418823 -6.60339679
258 -435.82101440 -6.60334870
259 -435.82647705 -6.60343147
260 -435.82476807 -6.60340558
261 -435.82653809 -6.60343240
262 -435.82806396 -6.60345551
263 -435.82589722 -6.60342269
264 -435.82394409 -6.60339309
265 -435.82330322 -6.60338338
266 -435.82073975 -6.60334454
267 -435.82168579 -6.60335888
268 -435.82482910 -6.60340650
269 -435.82464600 -6.60340373
270 -435.82293701 -6.60337783
271 -435.82275391 -6.60337506
272 -435.82540894 -6.60341529
273 -435.82577515 -6.60342084
274 -435.82122803 -6.60335194
275 -435.81933594 -6.60332327
276 -435.81533813 -6.60326270
277 -435.81149292 -6.60320444
278 -435.81765747 -6.60329784
279 -435.81112671 -6.60319889
280 -435.81475830 -6.60325391
281 -435.81188965 -6.60321045
282 -435.81436157 -6.60324790
283 -435.81729126 -6.60329229
284 -435.81976318 -6.60332975
285 -435.82177734 -6.60336026
286 -435.82128906 -6.60335286
287 -435.82568359 -6.60341945
288 -435.83230591 -6.60351979
289 -435.83557129 -6.60356926
290 -435.83206177 -6.60351609
291 -435.83782959 -6.60360348
292 -435.83398438 -6.60354522
293 -435.83599854 -6.60357574
294 -435.83541870 -6.60356695
295 -435.83020020 -6.60348788
296 -435.83419800 -6.60354845
297 -435.83575439 -6.60357204
298 -435.83706665 -6.60359192
299 -435.84100342 -6.60365157
300 -435.83703613 -6.60359146
301 -435.84323120 -6.60368532
302 -435.84115601 -6.60365388
303 -435.84109497 -6.60365295
304 -435.84332275 -6.60368671
305 -435.83618164 -6.60357851
306 -435.84075928 -6.60364787
307 -435.84344482 -6.60368856
308 -435.84677124 -6.60373896
309 -435.84988403 -6.60378612
310 -435.84689331 -6.60374081
311 -435.84701538 -6.60374266
312 -435.84616089 -6.60372971
313 -435.84857178 -6.60376624
314 -435.85147095 -6.60381017
315 -435.84982300 -6.60378520
316 -435.85601807 -6.60387906
317 -435.85925293 -6.60392807
318 -435.86032104 -6.60394426
319 -435.86386108 -6.60399790
320 -435.86419678 -6.60400298
321 -435.86407471 -6.60400113
322 -435.85943604 -6.60393085
323 -435.86212158 -6.60397154
324 -435.86383057 -6.60399743
325 -435.86413574 -6.60400206
326 -435.86535645 -6.60402055
327 -435.86578369 -6.60402703
328 -435.86560059 -6.60402425
329 -435.87335205 -6.60414170
