0 -612.60577393 -7.29292588
1 -611.50262451 -7.27979315
2 -610.58398438 -7.26885696
3 -608.90594482 -7.24888030
4 -607.22052002 -7.22881571
5 -606.18701172 -7.21651204
6 -604.35815430 -7.19473993
7 -603.30432129 -7.18219430
8 -602.54339600 -7.17313567
9 -602.47790527 -7.17235602
10 -602.66387939 -7.17456999
11 -601.34936523 -7.15892101
12 -601.22509766 -7.15744164
13 -598.48242188 -7.12479074
14 -597.37353516 -7.11158970
15 -596.76812744 -7.10438247
16 -595.32934570 -7.08725412
17 -596.38378906 -7.09980701
18 -595.73608398 -7.09209624
19 -596.14965820 -7.09701974
20 -594.57763672 -7.07830520
21 -594.55718994 -7.07806179
22 -593.31689453 -7.06329636
23 -591.62078857 -7.04310463
24 -590.30541992 -7.02744548
25 -590.38433838 -7.02838498
26 -588.32019043 -7.00381179
27 -587.96386719 -6.99956985
28 -588.93994141 -7.01118978
29 -590.20782471 -7.02628363
30 -589.72106934 -7.02048892
31 -588.73315430 -7.00872803
32 -588.65112305 -7.00775146
33 -589.48791504 -7.01771327
34 -589.57678223 -7.01877122
35 -589.56921387 -7.01868112
36 -590.58599854 -7.03078570
37 -589.57159424 -7.01870946
38 -587.17236328 -6.99014718
39 -587.12170410 -6.98954410
40 -586.17651367 -6.97829183
41 -585.61395264 -6.97159467
42 -585.21044922 -6.96679106
43 -584.60675049 -6.95960417
44 -584.08435059 -6.95338513
45 -582.98492432 -6.94029672
46 -581.33142090 -6.92061215
47 -581.15234375 -6.91848028
48 -580.09741211 -6.90592157
49 -578.45910645 -6.88641793
50 -578.84020996 -6.89095488
51 -579.70971680 -6.90130615
52 -578.33917236 -6.88499015
53 -578.96954346 -6.89249456
54 -578.17785645 -6.88306972
55 -578.07977295 -6.88190206
56 -578.51837158 -6.88712347
57 -576.55474854 -6.86374701
58 -574.87939453 -6.84380232
59 -571.84063721 -6.80762663
60 -572.24145508 -6.81239827
61 -570.79418945 -6.79516892
62 -569.89001465 -6.78440494
63 -568.68652344 -6.77007766
64 -569.52380371 -6.78004528
65 -568.77856445 -6.77117339
66 -567.27166748 -6.75323414
67 -564.12878418 -6.71581886
68 -562.59741211 -6.69758824
69 -562.17822266 -6.69259789
70 -565.14776611 -6.72794960
71 -565.17431641 -6.72826567
72 -563.81774902 -6.71211606
73 -564.51068115 -6.72036525
74 -564.39526367 -6.71899123
75 -566.47808838 -6.74378677
76 -566.05725098 -6.73877680
77 -566.70202637 -6.74645269
78 -566.18914795 -6.74034700
79 -565.71270752 -6.73467509
80 -564.69799805 -6.72259521
81 -563.79113770 -6.71179926
82 -561.64440918 -6.68624297
83 -561.05645752 -6.67924354
84 -560.05023193 -6.66726467
85 -561.03851318 -6.67902992
86 -560.78942871 -6.67606463
87 -559.83300781 -6.66467866
88 -559.35986328 -6.65904599
89 -558.66613770 -6.65078735
90 -556.69311523 -6.62729899
91 -554.42590332 -6.60030837
92 -554.51330566 -6.60134888
93 -554.94128418 -6.60644386
94 -556.33349609 -6.62301781
95 -553.00097656 -6.58334496
96 -552.09301758 -6.57253592
97 -551.36621094 -6.56388346
98 -551.66198730 -6.56740461
99 -552.59747314 -6.57854135
100 -548.65380859 -6.53159296
101 -547.80017090 -6.52143061
102 -549.35736084 -6.53996858
103 -549.57128906 -6.54251535
104 -549.46777344 -6.54128302
105 -549.17785645 -6.53783162
106 -546.92633057 -6.51102774
107 -547.82641602 -6.52174305
108 -545.89355469 -6.49873279
109 -543.00274658 -6.46431841
110 -545.34729004 -6.49222964
111 -545.98364258 -6.49980527
112 -549.00817871 -6.53581165
113 -546.30773926 -6.50366356
114 -545.33636475 -6.49209958
115 -545.77117920 -6.49727594
116 -547.28436279 -6.51529003
117 -547.36901855 -6.51629784
118 -546.48333740 -6.50575402
119 -545.93914795 -6.49927557
120 -544.52331543 -6.48242042
121 -542.16760254 -6.45437622
122 -542.04058838 -6.45286415
123 -542.38055420 -6.45691136
124 -539.83758545 -6.42663792
125 -540.13195801 -6.43014236
126 -540.06951904 -6.42939904
127 -538.34387207 -6.40885562
128 -535.46295166 -6.37455895
129 -538.11285400 -6.40610540
130 -536.95269775 -6.39229402
131 -538.86596680 -6.41507103
132 -536.87530518 -6.39137268
133 -536.16699219 -6.38294038
134 -534.95318604 -6.36849031
135 -534.49816895 -6.36307344
136 -532.59960938 -6.34047154
137 -532.52197266 -6.33954729
138 -532.80773926 -6.34294928
139 -532.96984863 -6.34487915
140 -531.93469238 -6.33255586
141 -530.70898438 -6.31796410
142 -532.71960449 -6.34190005
143 -529.95306396 -6.30896505
144 -525.88653564 -6.26055400
145 -525.55737305 -6.25663539
146 -523.44824219 -6.23152669
147 -522.41381836 -6.21921212
148 -523.00244141 -6.22621954
149 -522.01538086 -6.21446882
150 -521.96228027 -6.21383667
151 -523.13635254 -6.22781372
152 -522.94274902 -6.22550892
153 -520.87634277 -6.20090884
154 -518.62585449 -6.17411732
155 -519.67279053 -6.18658084
156 -519.62792969 -6.18604678
157 -521.03576660 -6.20280675
158 -520.69256592 -6.19872102
159 -521.23052979 -6.20512535
160 -521.56262207 -6.20907883
161 -523.79010010 -6.23559643
162 -523.34887695 -6.23034377
163 -523.22088623 -6.22882007
164 -520.91326904 -6.20134844
165 -521.72528076 -6.21101525
166 -521.16540527 -6.20435006
167 -519.13201904 -6.18014308
168 -519.91876221 -6.18950907
169 -518.19213867 -6.16895403
170 -516.55603027 -6.14947655
171 -515.68957520 -6.13916161
172 -515.78515625 -6.14029948
173 -517.57086182 -6.16155788
174 -516.69488525 -6.15112959
175 -517.21527100 -6.15732465
176 -517.08355713 -6.15575663
177 -517.29803467 -6.15830994
178 -517.55657959 -6.16138785
179 -518.14300537 -6.16836911
180 -518.34246826 -6.17074367
181 -515.30603027 -6.13459560
182 -515.20202637 -6.13335746
183 -514.29888916 -6.12260582
184 -514.67315674 -6.12706139
185 -514.65570068 -6.12685358
186 -515.20599365 -6.13340469
187 -516.44042969 -6.14810035
188 -516.19311523 -6.14515613
189 -514.38269043 -6.12360346
190 -514.74255371 -6.12788754
191 -514.61663818 -6.12638855
192 -513.34210205 -6.11121550
193 -512.54528809 -6.10172962
194 -512.15869141 -6.09712728
195 -512.09539795 -6.09637379
196 -510.69647217 -6.07971991
197 -508.23986816 -6.05047462
198 -506.14178467 -6.02549744
199 -506.65087891 -6.03155808
200 -504.71630859 -6.00852748
201 -505.42724609 -6.01699102
202 -503.89068604 -5.99869864
203 -501.30276489 -5.96789006
204 -503.71435547 -5.99659947
205 -504.75860596 -6.00903102
206 -503.84228516 -5.99812244
207 -504.65142822 -6.00775510
208 -507.06945801 -6.03654117
209 -506.83752441 -6.03378005
210 -505.65472412 -6.01969910
211 -505.27883911 -6.01522428
212 -506.36959839 -6.02820950
213 -504.39944458 -6.00475529
214 -504.82739258 -6.00984991
215 -502.96374512 -5.98766363
216 -503.21228027 -5.99062238
217 -503.34729004 -5.99222964
218 -502.13088989 -5.97774869
219 -500.89300537 -5.96301197
220 -501.89151001 -5.97489893
221 -502.56701660 -5.98294067
222 -503.66903687 -5.99605996
223 -501.41763306 -5.96925754
224 -501.65551758 -5.97208949
225 -500.70739746 -5.96080235
226 -500.72030640 -5.96095603
227 -501.30532837 -5.96792058
228 -500.68145752 -5.96049354
229 -501.85388184 -5.97445097
230 -501.76788330 -5.97342718
231 -501.96920776 -5.97582390
232 -499.99047852 -5.95226760
233 -499.34832764 -5.94462295
234 -498.54522705 -5.93506223
235 -497.04901123 -5.91725013
236 -495.82098389 -5.90263076
237 -496.26501465 -5.90791684
238 -498.06915283 -5.92939468
239 -498.57580566 -5.93542626
240 -499.13690186 -5.94210597
241 -498.61871338 -5.93593706
242 -496.68405151 -5.91290538
243 -497.49414062 -5.92254929
244 -498.16687012 -5.93055798
245 -498.11047363 -5.92988659
246 -498.22473145 -5.93124680
247 -497.22500610 -5.91934531
248 -497.60791016 -5.92390369
249 -497.78576660 -5.92602103
250 -496.42089844 -5.90977260
251 -495.80142212 -5.90239788
252 -494.76788330 -5.89009385
253 -494.17120361 -5.88299052
254 -494.38269043 -5.88550822
255 -493.72683716 -5.87770044
256 -493.82604980 -5.87888155
257 -495.19400024 -5.89516667
258 -494.80645752 -5.89055307
259 -494.75585938 -5.88995071
260 -494.79690552 -5.89043935
261 -494.27633667 -5.88424210
262 -494.13690186 -5.88258216
263 -493.87847900 -5.87950570
264 -493.75982666 -5.87809317
265 -492.39172363 -5.86180623
266 -493.45904541 -5.87451245
267 -492.80541992 -5.86673119
268 -492.42791748 -5.86223711
269 -493.40225220 -5.87383634
270 -492.40191650 -5.86192758
271 -493.04425049 -5.86957441
272 -493.93060303 -5.88012623
273 -495.34243774 -5.89693378
274 -495.04739380 -5.89342135
275 -492.82159424 -5.86692374
276 -492.92944336 -5.86820766
277 -494.82650757 -5.89079176
278 -494.50408936 -5.88695344
279 -493.63385010 -5.87659345
280 -496.12854004 -5.90629214
281 -495.58953857 -5.89987546
282 -497.38964844 -5.92130534
283 -497.07073975 -5.91750881
284 -497.90625000 -5.92745536
285 -497.08578491 -5.91768792
286 -495.72381592 -5.90147400
287 -496.48831177 -5.91057514
288 -495.94940186 -5.90415955
289 -493.59509277 -5.87613206
290 -493.91979980 -5.87999762
291 -492.58142090 -5.86406453
292 -490.98480225 -5.84505717
293 -491.60525513 -5.85244351
294 -491.94750977 -5.85651797
295 -491.21948242 -5.84785098
296 -491.70825195 -5.85366967
297 -491.15802002 -5.84711929
298 -490.12371826 -5.83480617
299 -488.47793579 -5.81521352
300 -488.61999512 -5.81690470
301 -489.29010010 -5.82488214
302 -489.02111816 -5.82167998
303 -489.02581787 -5.82173593
304 -489.06152344 -5.82216099
305 -489.07055664 -5.82226853
306 -489.96368408 -5.83290100
307 -490.77532959 -5.84256345
308 -489.35964966 -5.82571011
309 -489.28213501 -5.82478732
310 -489.72259521 -5.83003090
311 -489.00659180 -5.82150705
