0 -586.89978027 -6.37934544
1 -586.94543457 -6.37984168
2 -586.97113037 -6.38012098
3 -586.98822021 -6.38030674
4 -587.00042725 -6.38043943
5 -587.01171875 -6.38056216
6 -587.02020264 -6.38065438
7 -587.02563477 -6.38071342
8 -587.03405762 -6.38080497
9 -587.03967285 -6.38086601
10 -587.04620361 -6.38093700
11 -587.05139160 -6.38099339
12 -587.05499268 -6.38103253
13 -587.05847168 -6.38107034
14 -587.06304932 -6.38112010
15 -587.06646729 -6.38115725
16 -587.06884766 -6.38118313
17 -587.07257080 -6.38122360
18 -587.07507324 -6.38125080
19 -587.07861328 -6.38128927
20 -587.08068848 -6.38131183
21 -587.08374023 -6.38134500
22 -587.08520508 -6.38136092
23 -587.08782959 -6.38138945
24 -587.08978271 -6.38141068
25 -587.09216309 -6.38143656
26 -587.09466553 -6.38146376
27 -587.09631348 -6.38148167
28 -587.09729004 -6.38149228
29 -587.09997559 -6.38152147
30 -587.10095215 -6.38153209
31 -587.10211182 -6.38154469
32 -587.10412598 -6.38156659
33 -587.10516357 -6.38157786
34 -587.10717773 -6.38159976
35 -587.10821533 -6.38161104
36 -587.10888672 -6.38161833
37 -587.11016846 -6.38163227
38 -587.11163330 -6.38164819
39 -587.11206055 -6.38165283
40 -587.11334229 -6.38166676
41 -587.11492920 -6.38168401
42 -587.11596680 -6.38169529
43 -587.11712646 -6.38170790
44 -587.11694336 -6.38170591
45 -587.11828613 -6.38172050
46 -587.11846924 -6.38172249
47 -587.11871338 -6.38172515
48 -587.11956787 -6.38173443
49 -587.11962891 -6.38173510
50 -587.11999512 -6.38173908
51 -587.12072754 -6.38174704
52 -587.12194824 -6.38176031
53 -587.12261963 -6.38176760
54 -587.12280273 -6.38176959
55 -587.12396240 -6.38178220
56 -587.12518311 -6.38179547
57 -587.12707520 -6.38181603
58 -587.12750244 -6.38182068
59 -587.12731934 -6.38181869
60 -587.12896729 -6.38183660
61 -587.12963867 -6.38184390
62 -587.12988281 -6.38184655
63 -587.13024902 -6.38185053
64 -587.13061523 -6.38185451
65 -587.13037109 -6.38185186
66 -587.13092041 -6.38185783
67 -587.13269043 -6.38187707
68 -587.13275146 -6.38187773
69 -587.13275146 -6.38187773
70 -587.13391113 -6.38189034
71 -587.13415527 -6.38189299
72 -587.13519287 -6.38190427
73 -587.13519287 -6.38190427
74 -587.13665771 -6.38192019
75 -587.13671875 -6.38192086
76 -587.13610840 -6.38191422
77 -587.13610840 -6.38191422
78 -587.13580322 -6.38191090
79 -587.13421631 -6.38189366
80 -587.13446045 -6.38189631
81 -587.13354492 -6.38188636
82 -587.13458252 -6.38189764
83 -587.13427734 -6.38189432
84 -587.13385010 -6.38188967
85 -587.13458252 -6.38189764
86 -587.13409424 -6.38189233
87 -587.13470459 -6.38189896
88 -587.13409424 -6.38189233
89 -587.13555908 -6.38190825
90 -587.13531494 -6.38190560
91 -587.13562012 -6.38190891
92 -587.13555908 -6.38190825
93 -587.13494873 -6.38190162
94 -587.13598633 -6.38191289
95 -587.13391113 -6.38189034
96 -587.13580322 -6.38191090
97 -587.13641357 -6.38191754
98 -587.13732910 -6.38192749
99 -587.13629150 -6.38191621
100 -587.13812256 -6.38193611
101 -587.13848877 -6.38194010
102 -587.13891602 -6.38194474
103 -587.13977051 -6.38195403
104 -587.14007568 -6.38195734
105 -587.14123535 -6.38196995
106 -587.14141846 -6.38197194
107 -587.14147949 -6.38197260
108 -587.14129639 -6.38197061
109 -587.14190674 -6.38197725
110 -587.14215088 -6.38197990
111 -587.14074707 -6.38196464
112 -587.14263916 -6.38198521
113 -587.14318848 -6.38199118
114 -587.14477539 -6.38200843
115 -587.14379883 -6.38199781
116 -587.14410400 -6.38200113
117 -587.14532471 -6.38201440
118 -587.14660645 -6.38202833
119 -587.14801025 -6.38204359
120 -587.14727783 -6.38203563
121 -587.14654541 -6.38202767
122 -587.14685059 -6.38203098
123 -587.14648438 -6.38202700
124 -587.14788818 -6.38204226
125 -587.14819336 -6.38204558
126 -587.14807129 -6.38204425
127 -587.14605713 -6.38202236
128 -587.14746094 -6.38203762
129 -587.14727783 -6.38203563
130 -587.14605713 -6.38202236
131 -587.14758301 -6.38203895
132 -587.14776611 -6.38204094
133 -587.14807129 -6.38204425
134 -587.14801025 -6.38204359
135 -587.14855957 -6.38204956
136 -587.14880371 -6.38205221
137 -587.14984131 -6.38206349
138 -587.14880371 -6.38205221
139 -587.14868164 -6.38205089
140 -587.15045166 -6.38207013
141 -587.14935303 -6.38205819
142 -587.14953613 -6.38206018
143 -587.14965820 -6.38206150
144 -587.15008545 -6.38206615
145 -587.14984131 -6.38206349
146 -587.15063477 -6.38207212
147 -587.14959717 -6.38206084
148 -587.14965820 -6.38206150
149 -587.15093994 -6.38207543
150 -587.15069580 -6.38207278
151 -587.15032959 -6.38206880
152 -587.15136719 -6.38208008
153 -587.15234375 -6.38209069
154 -587.15191650 -6.38208605
155 -587.15136719 -6.38208008
156 -587.14965820 -6.38206150
157 -587.15148926 -6.38208140
158 -587.15185547 -6.38208539
159 -587.15161133 -6.38208273
160 -587.15069580 -6.38207278
161 -587.15045166 -6.38207013
162 -587.14916992 -6.38205619
163 -587.15069580 -6.38207278
164 -587.15026855 -6.38206814
165 -587.14996338 -6.38206482
166 -587.15045166 -6.38207013
167 -587.14953613 -6.38206018
168 -587.14862061 -6.38205022
169 -587.14746094 -6.38203762
170 -587.14807129 -6.38204425
171 -587.14715576 -6.38203430
172 -587.14404297 -6.38200047
173 -587.14599609 -6.38202170
174 -587.14416504 -6.38200179
175 -587.14538574 -6.38201506
176 -587.14495850 -6.38201042
177 -587.14440918 -6.38200445
178 -587.14312744 -6.38199052
179 -587.14337158 -6.38199317
180 -587.14379883 -6.38199781
181 -587.14196777 -6.38197791
182 -587.14263916 -6.38198521
183 -587.14202881 -6.38197857
184 -587.14221191 -6.38198056
185 -587.14141846 -6.38197194
186 -587.14178467 -6.38197592
187 -587.14160156 -6.38197393
188 -587.14111328 -6.38196862
189 -587.14245605 -6.38198322
190 -587.14196777 -6.38197791
191 -587.14227295 -6.38198123
192 -587.14190674 -6.38197725
193 -587.14300537 -6.38198919
194 -587.14257812 -6.38198454
195 -587.14221191 -6.38198056
196 -587.14135742 -6.38197128
197 -587.14312744 -6.38199052
198 -587.14215088 -6.38197990
199 -587.14172363 -6.38197526
200 -587.14208984 -6.38197924
201 -587.14190674 -6.38197725
202 -587.14300537 -6.38198919
203 -587.14404297 -6.38200047
204 -587.14392090 -6.38199914
205 -587.14355469 -6.38199516
206 -587.14477539 -6.38200843
207 -587.14324951 -6.38199184
208 -587.14343262 -6.38199383
209 -587.14331055 -6.38199251
210 -587.14306641 -6.38198985
211 -587.14270020 -6.38198587
212 -587.14404297 -6.38200047
213 -587.14422607 -6.38200246
214 -587.14465332 -6.38200710
215 -587.14422607 -6.38200246
216 -587.14373779 -6.38199715
217 -587.14300537 -6.38198919
218 -587.14398193 -6.38199980
219 -587.14367676 -6.38199649
220 -587.14410400 -6.38200113
221 -587.14331055 -6.38199251
222 -587.14526367 -6.38201374
223 -587.14459229 -6.38200644
224 -587.14428711 -6.38200312
225 -587.14471436 -6.38200776
226 -587.14642334 -6.38202634
227 -587.14715576 -6.38203430
228 -587.14605713 -6.38202236
229 -587.14562988 -6.38201772
230 -587.14544678 -6.38201573
231 -587.14678955 -6.38203032
232 -587.14611816 -6.38202302
233 -587.14794922 -6.38204293
234 -587.14788818 -6.38204226
235 -587.14794922 -6.38204293
236 -587.14904785 -6.38205487
237 -587.14721680 -6.38203497
238 -587.14874268 -6.38205155
239 -587.14862061 -6.38205022
240 -587.14801025 -6.38204359
241 -587.15002441 -6.38206548
242 -587.14984131 -6.38206349
243 -587.14849854 -6.38204890
244 -587.14904785 -6.38205487
245 -587.14874268 -6.38205155
246 -587.14959717 -6.38206084
247 -587.14984131 -6.38206349
248 -587.14862061 -6.38205022
249 -587.14764404 -6.38203961
250 -587.15008545 -6.38206615
251 -587.14978027 -6.38206283
252 -587.15002441 -6.38206548
253 -587.14990234 -6.38206416
254 -587.15014648 -6.38206681
255 -587.15014648 -6.38206681
256 -587.15075684 -6.38207344
257 -587.15155029 -6.38208207
258 -587.15252686 -6.38209268
259 -587.15246582 -6.38209202
260 -587.15216064 -6.38208870
261 -587.15148926 -6.38208140
262 -587.15045166 -6.38207013
263 -587.14984131 -6.38206349
264 -587.14996338 -6.38206482
265 -587.14959717 -6.38206084
266 -587.14923096 -6.38205686
267 -587.14984131 -6.38206349
268 -587.14971924 -6.38206217
269 -587.14904785 -6.38205487
270 -587.15087891 -6.38207477
271 -587.15264893 -6.38209401
272 -587.15167236 -6.38208340
273 -587.15124512 -6.38207875
274 -587.15136719 -6.38208008
275 -587.15124512 -6.38207875
276 -587.15081787 -6.38207411
277 -587.14959717 -6.38206084
278 -587.14935303 -6.38205819
279 -587.14855957 -6.38204956
280 -587.14971924 -6.38206217
281 -587.15008545 -6.38206615
282 -587.14959717 -6.38206084
283 -587.14837646 -6.38204757
284 -587.14868164 -6.38205089
285 -587.14904785 -6.38205487
286 -587.14929199 -6.38205752
287 -587.14978027 -6.38206283
288 -587.15002441 -6.38206548
289 -587.14898682 -6.38205420
290 -587.14959717 -6.38206084
291 -587.14892578 -6.38205354
292 -587.14910889 -6.38205553
293 -587.15039062 -6.38206946
294 -587.14935303 -6.38205819
295 -587.15069580 -6.38207278
296 -587.15118408 -6.38207809
297 -587.15026855 -6.38206814
298 -587.15039062 -6.38206946
299 -587.14923096 -6.38205686
300 -587.14996338 -6.38206482
301 -587.14935303 -6.38205819
302 -587.15136719 -6.38208008
303 -587.15026855 -6.38206814
304 -587.14947510 -6.38205951
305 -587.14990234 -6.38206416
306 -587.14892578 -6.38205354
307 -587.14935303 -6.38205819
308 -587.14855957 -6.38204956
309 -587.14941406 -6.38205885
310 -587.14837646 -6.38204757
311 -587.14874268 -6.38205155
312 -587.14923096 -6.38205686
313 -587.14874268 -6.38205155
314 -587.14923096 -6.38205686
315 -587.14874268 -6.38205155
316 -587.14904785 -6.38205487
317 -587.14819336 -6.38204558
318 -587.14886475 -6.38205288
319 -587.14862061 -6.38205022
320 -587.14843750 -6.38204823
321 -587.14904785 -6.38205487
322 -587.14868164 -6.38205089
323 -587.14752197 -6.38203828
324 -587.14654541 -6.38202767
325 -587.14617920 -6.38202369
326 -587.14514160 -6.38201241
327 -587.14483643 -6.38200909
328 -587.14312744 -6.38199052
329 -587.14410400 -6.38200113
330 -587.14416504 -6.38200179
331 -587.14337158 -6.38199317
332 -587.14422607 -6.38200246
333 -587.14306641 -6.38198985
334 -587.14251709 -6.38198388
335 -587.14233398 -6.38198189
336 -587.14227295 -6.38198123
337 -587.14147949 -6.38197260
338 -587.14221191 -6.38198056
339 -587.14318848 -6.38199118
340 -587.14404297 -6.38200047
341 -587.14434814 -6.38200378
342 -587.14404297 -6.38200047
343 -587.14508057 -6.38201175
344 -587.14465332 -6.38200710
345 -587.14465332 -6.38200710
346 -587.14312744 -6.38199052
347 -587.14331055 -6.38199251
348 -587.14404297 -6.38200047
349 -587.14331055 -6.38199251
350 -587.14312744 -6.38199052
351 -587.14337158 -6.38199317
352 -587.14257812 -6.38198454
353 -587.14300537 -6.38198919
354 -587.14294434 -6.38198853
355 -587.14257812 -6.38198454
356 -587.14196777 -6.38197791
357 -587.14318848 -6.38199118
358 -587.14312744 -6.38199052
359 -587.14306641 -6.38198985
360 -587.14105225 -6.38196796
361 -587.14141846 -6.38197194
362 -587.14117432 -6.38196929
363 -587.14208984 -6.38197924
364 -587.14306641 -6.38198985
365 -587.14367676 -6.38199649
366 -587.14385986 -6.38199848
367 -587.14245605 -6.38198322
368 -587.14410400 -6.38200113
369 -587.14398193 -6.38199980
370 -587.14489746 -6.38200976
371 -587.14581299 -6.38201971
372 -587.14447021 -6.38200511
373 -587.14398193 -6.38199980
374 -587.14349365 -6.38199450
375 -587.14324951 -6.38199184
376 -587.14312744 -6.38199052
377 -587.14276123 -6.38198654
378 -587.14276123 -6.38198654
379 -587.14312744 -6.38199052
380 -587.14294434 -6.38198853
381 -587.14154053 -6.38197327
382 -587.14215088 -6.38197990
383 -587.14190674 -6.38197725
384 -587.14227295 -6.38198123
385 -587.14410400 -6.38200113
386 -587.14373779 -6.38199715
387 -587.14361572 -6.38199582
388 -587.14373779 -6.38199715
389 -587.14544678 -6.38201573
390 -587.14526367 -6.38201374
391 -587.14550781 -6.38201639
392 -587.14526367 -6.38201374
393 -587.14404297 -6.38200047
394 -587.14575195 -6.38201904
395 -587.14642334 -6.38202634
396 -587.14581299 -6.38201971
397 -587.14392090 -6.38199914
398 -587.14471436 -6.38200776
399 -587.14361572 -6.38199582
400 -587.14392090 -6.38199914
401 -587.14489746 -6.38200976
402 -587.14440918 -6.38200445
403 -587.14587402 -6.38202037
404 -587.14630127 -6.38202501
405 -587.14471436 -6.38200776
406 -587.14373779 -6.38199715
407 -587.14422607 -6.38200246
408 -587.14416504 -6.38200179
409 -587.14428711 -6.38200312
410 -587.14379883 -6.38199781
411 -587.14282227 -6.38198720
412 -587.14465332 -6.38200710
413 -587.14373779 -6.38199715
414 -587.14617920 -6.38202369
415 -587.14624023 -6.38202435
416 -587.14611816 -6.38202302
417 -587.14605713 -6.38202236
418 -587.14477539 -6.38200843
419 -587.14379883 -6.38199781
420 -587.14361572 -6.38199582
421 -587.14489746 -6.38200976
422 -587.14434814 -6.38200378
423 -587.14440918 -6.38200445
424 -587.14526367 -6.38201374
425 -587.14453125 -6.38200577
426 -587.14282227 -6.38198720
427 -587.14343262 -6.38199383
428 -587.14282227 -6.38198720
429 -587.14221191 -6.38198056
430 -587.14184570 -6.38197658
431 -587.14178467 -6.38197592
432 -587.14196777 -6.38197791
433 -587.14184570 -6.38197658
434 -587.14239502 -6.38198255
435 -587.14324951 -6.38199184
436 -587.14221191 -6.38198056
437 -587.14178467 -6.38197592
438 -587.14013672 -6.38195801
439 -587.14178467 -6.38197592
440 -587.14147949 -6.38197260
441 -587.14178467 -6.38197592
442 -587.14080811 -6.38196531
443 -587.14147949 -6.38197260
444 -587.14147949 -6.38197260
445 -587.14105225 -6.38196796
446 -587.14044189 -6.38196132
447 -587.14086914 -6.38196597
448 -587.14074707 -6.38196464
449 -587.13964844 -6.38195270
450 -587.13885498 -6.38194408
451 -587.13946533 -6.38195071
452 -587.13885498 -6.38194408
453 -587.13897705 -6.38194540
454 -587.14044189 -6.38196132
455 -587.14031982 -6.38196000
456 -587.13977051 -6.38195403
457 -587.13946533 -6.38195071
458 -587.13903809 -6.38194607
459 -587.14038086 -6.38196066
460 -587.14031982 -6.38196000
461 -587.14062500 -6.38196332
462 -587.14147949 -6.38197260
463 -587.14105225 -6.38196796
464 -587.14105225 -6.38196796
465 -587.14190674 -6.38197725
466 -587.14221191 -6.38198056
467 -587.14324951 -6.38199184
468 -587.14337158 -6.38199317
469 -587.14367676 -6.38199649
470 -587.14489746 -6.38200976
471 -587.14550781 -6.38201639
472 -587.14630127 -6.38202501
473 -587.14648438 -6.38202700
474 -587.14697266 -6.38203231
475 -587.14782715 -6.38204160
476 -587.14880371 -6.38205221
477 -587.14904785 -6.38205487
478 -587.14971924 -6.38206217
479 -587.14984131 -6.38206349
480 -587.15069580 -6.38207278
481 -587.15191650 -6.38208605
482 -587.15124512 -6.38207875
483 -587.15301514 -6.38209799
484 -587.15142822 -6.38208074
485 -587.15228271 -6.38209003
486 -587.15197754 -6.38208671
487 -587.15319824 -6.38209998
488 -587.15222168 -6.38208937
489 -587.15411377 -6.38210993
490 -587.15527344 -6.38212254
491 -587.15515137 -6.38212121
492 -587.15521240 -6.38212187
493 -587.15570068 -6.38212718
494 -587.15594482 -6.38212984
495 -587.15594482 -6.38212984
496 -587.15692139 -6.38214045
497 -587.15643311 -6.38213514
498 -587.15612793 -6.38213183
499 -587.15533447 -6.38212320
500 -587.15460205 -6.38211524
501 -587.15441895 -6.38211325
502 -587.15484619 -6.38211789
503 -587.15417480 -6.38211060
504 -587.15521240 -6.38212187
505 -587.15521240 -6.38212187
506 -587.15441895 -6.38211325
507 -587.15460205 -6.38211524
508 -587.15411377 -6.38210993
509 -587.15509033 -6.38212055
510 -587.15460205 -6.38211524
511 -587.15521240 -6.38212187
512 -587.15557861 -6.38212585
513 -587.15570068 -6.38212718
514 -587.15509033 -6.38212055
515 -587.15667725 -6.38213780
516 -587.15698242 -6.38214111
517 -587.15814209 -6.38215372
518 -587.15789795 -6.38215106
519 -587.15582275 -6.38212851
520 -587.15588379 -6.38212917
521 -587.15661621 -6.38213713
522 -587.15551758 -6.38212519
523 -587.15631104 -6.38213382
524 -587.15734863 -6.38214509
525 -587.15649414 -6.38213581
526 -587.15728760 -6.38214443
527 -587.15588379 -6.38212917
528 -587.15643311 -6.38213514
529 -587.15655518 -6.38213647
530 -587.15563965 -6.38212652
531 -587.15423584 -6.38211126
532 -587.15417480 -6.38211060
533 -587.15332031 -6.38210131
534 -587.15539551 -6.38212386
535 -587.15527344 -6.38212254
536 -587.15533447 -6.38212320
537 -587.15563965 -6.38212652
538 -587.15667725 -6.38213780
539 -587.15692139 -6.38214045
540 -587.15686035 -6.38213979
541 -587.15643311 -6.38213514
542 -587.15625000 -6.38213315
543 -587.15496826 -6.38211922
544 -587.15551758 -6.38212519
545 -587.15460205 -6.38211524
546 -587.15496826 -6.38211922
547 -587.15557861 -6.38212585
548 -587.15509033 -6.38212055
549 -587.15490723 -6.38211856
550 -587.15472412 -6.38211657
551 -587.15545654 -6.38212453
552 -587.15667725 -6.38213780
553 -587.15661621 -6.38213713
554 -587.15539551 -6.38212386
555 -587.15539551 -6.38212386
556 -587.15643311 -6.38213514
557 -587.15692139 -6.38214045
558 -587.15777588 -6.38214974
559 -587.15698242 -6.38214111
560 -587.15686035 -6.38213979
561 -587.15692139 -6.38214045
562 -587.15612793 -6.38213183
563 -587.15753174 -6.38214708
564 -587.15747070 -6.38214642
565 -587.15808105 -6.38215305
566 -587.15747070 -6.38214642
567 -587.15899658 -6.38216301
568 -587.15686035 -6.38213979
569 -587.15777588 -6.38214974
570 -587.15716553 -6.38214310
571 -587.15686035 -6.38213979
572 -587.15600586 -6.38213050
