0 -570.87652588 -6.48723325
1 -570.90509033 -6.48755784
2 -570.92767334 -6.48781447
3 -570.94421387 -6.48800243
4 -570.95654297 -6.48814253
5 -570.96685791 -6.48825975
6 -570.97601318 -6.48836379
7 -570.98480225 -6.48846366
8 -570.99267578 -6.48855313
9 -570.99981689 -6.48863428
10 -571.00628662 -6.48870780
11 -571.01263428 -6.48877993
12 -571.01849365 -6.48884652
13 -571.02423096 -6.48891172
14 -571.02923584 -6.48896859
15 -571.03497314 -6.48903379
16 -571.04003906 -6.48909135
17 -571.04431152 -6.48913990
18 -571.04870605 -6.48918984
19 -571.05310059 -6.48923978
20 -571.05682373 -6.48928209
21 -571.06018066 -6.48932023
22 -571.06365967 -6.48935977
23 -571.06726074 -6.48940069
24 -571.06976318 -6.48942913
25 -571.07287598 -6.48946450
26 -571.07501221 -6.48948878
27 -571.07757568 -6.48951791
28 -571.07965088 -6.48954149
29 -571.08197021 -6.48956784
30 -571.08422852 -6.48959351
