0 -644.78631592 -6.44786316
1 -644.81945801 -6.44819458
2 -644.84570312 -6.44845703
3 -644.86462402 -6.44864624
4 -644.87988281 -6.44879883
5 -644.89331055 -6.44893311
6 -644.90441895 -6.44904419
7 -644.91357422 -6.44913574
8 -644.92083740 -6.44920837
9 -644.92749023 -6.44927490
10 -644.93359375 -6.44933594
11 -644.93798828 -6.44937988
12 -644.94140625 -6.44941406
13 -644.94519043 -6.44945190
14 -644.94897461 -6.44948975
15 -644.95159912 -6.44951599
16 -644.95416260 -6.44954163
17 -644.95593262 -6.44955933
18 -644.95843506 -6.44958435
19 -644.96118164 -6.44961182
20 -644.96319580 -6.44963196
21 -644.96459961 -6.44964600
22 -644.96606445 -6.44966064
23 -644.96783447 -6.44967834
24 -644.96948242 -6.44969482
25 -644.96997070 -6.44969971
26 -644.97088623 -6.44970886
27 -644.97210693 -6.44972107
28 -644.97320557 -6.44973206
29 -644.97393799 -6.44973938
30 -644.97442627 -6.44974426
31 -644.97595215 -6.44975952
32 -644.97686768 -6.44976868
33 -644.97753906 -6.44977539
34 -644.97802734 -6.44978027
35 -644.97912598 -6.44979126
36 -644.98010254 -6.44980103
37 -644.98120117 -6.44981201
38 -644.98205566 -6.44982056
39 -644.98266602 -6.44982666
40 -644.98400879 -6.44984009
41 -644.98400879 -6.44984009
42 -644.98413086 -6.44984131
43 -644.98400879 -6.44984009
44 -644.98590088 -6.44985901
45 -644.98663330 -6.44986633
46 -644.98760986 -6.44987610
47 -644.98767090 -6.44987671
48 -644.98815918 -6.44988159
49 -644.98889160 -6.44988892
50 -644.98999023 -6.44989990
51 -644.99011230 -6.44990112
52 -644.99047852 -6.44990479
53 -644.99096680 -6.44990967
54 -644.99121094 -6.44991211
55 -644.99157715 -6.44991577
56 -644.99194336 -6.44991943
57 -644.99218750 -6.44992188
58 -644.99200439 -6.44992004
59 -644.99212646 -6.44992126
60 -644.99304199 -6.44993042
61 -644.99340820 -6.44993408
62 -644.99340820 -6.44993408
63 -644.99426270 -6.44994263
64 -644.99414062 -6.44994141
65 -644.99462891 -6.44994629
66 -644.99444580 -6.44994446
67 -644.99487305 -6.44994873
68 -644.99517822 -6.44995178
69 -644.99536133 -6.44995361
70 -644.99578857 -6.44995789
