0 -488.42327881 -5.81456284
1 -486.41485596 -5.79065305
2 -485.31182861 -5.77752177
3 -483.66577148 -5.75792585
4 -481.76806641 -5.73533412
5 -479.63095093 -5.70989227
6 -477.46044922 -5.68405297
7 -474.93637085 -5.65400441
8 -472.70077515 -5.62739018
9 -469.71582031 -5.59185500
10 -465.83795166 -5.54568990
11 -462.78179932 -5.50930713
12 -458.65029907 -5.46012261
13 -454.21539307 -5.40732611
14 -448.94393921 -5.34457070
15 -444.92633057 -5.29674203
16 -439.44427490 -5.23147946
17 -433.72515869 -5.16339475
18 -426.80349731 -5.08099402
19 -419.28842163 -4.99152883
20 -411.70153809 -4.90120879
21 -403.54150391 -4.80406552
22 -396.17932129 -4.71642049
23 -393.29241943 -4.68205261
24 -387.54666138 -4.61365073
25 -380.80001831 -4.53333355
26 -375.63299561 -4.47182138
27 -367.90744019 -4.37985048
28 -362.99838257 -4.32140932
29 -357.38369751 -4.25456783
30 -355.54348755 -4.23266057
31 -349.66845703 -4.16271973
32 -343.99804688 -4.09521484
33 -340.72338867 -4.05623082
34 -335.88104248 -3.99858384
35 -334.27319336 -3.97944278
36 -331.24621582 -3.94340733
37 -330.10345459 -3.92980303
38 -329.07983398 -3.91761707
39 -326.69439697 -3.88921901
40 -323.77005005 -3.85440536
41 -318.73458862 -3.79445939
42 -315.93582153 -3.76114073
43 -315.58508301 -3.75696527
44 -315.34158325 -3.75406647
45 -313.22311401 -3.72884660
46 -310.61572266 -3.69780622
47 -307.01696777 -3.65496390
48 -306.68014526 -3.65095411
49 -303.84161377 -3.61716207
50 -300.82327271 -3.58122944
51 -297.25643921 -3.53876713
52 -295.98229980 -3.52359881
53 -291.53381348 -3.47064064
54 -289.70416260 -3.44885908
55 -287.35864258 -3.42093622
56 -283.69143677 -3.37727901
57 -279.07119751 -3.32227616
58 -274.27990723 -3.26523699
59 -270.10192871 -3.21549915
60 -268.05718994 -3.19115702
61 -265.86511230 -3.16506086
62 -262.61450195 -3.12636312
63 -256.23519897 -3.05041904
64 -253.42398071 -3.01695215
65 -252.46948242 -3.00558908
66 -252.18206787 -3.00216747
67 -251.26080322 -2.99120004
68 -249.49868774 -2.97022247
69 -246.29220581 -2.93205007
70 -245.96530151 -2.92815835
71 -243.54611206 -2.89935848
72 -241.86576843 -2.87935439
73 -241.06365967 -2.86980547
