0 -446.99291992 -6.67153612
1 -447.02777100 -6.67205628
2 -447.05310059 -6.67243434
3 -447.07177734 -6.67271309
4 -447.08413696 -6.67289757
5 -447.09497070 -6.67305926
6 -447.10308838 -6.67318042
7 -447.11102295 -6.67329885
8 -447.11688232 -6.67338630
9 -447.12426758 -6.67349653
10 -447.12927246 -6.67357123
11 -447.13500977 -6.67365686
12 -447.14025879 -6.67373521
13 -447.14556885 -6.67381446
14 -447.15060425 -6.67388962
15 -447.15563965 -6.67396477
16 -447.15982056 -6.67402717
17 -447.16400146 -6.67408957
18 -447.16723633 -6.67413786
19 -447.17169189 -6.67420436
20 -447.17617798 -6.67427131
21 -447.18078613 -6.67434009
22 -447.18432617 -6.67439293
23 -447.18817139 -6.67445032
24 -447.19097900 -6.67449222
25 -447.19506836 -6.67455326
26 -447.19824219 -6.67460063
27 -447.20220947 -6.67465984
28 -447.20455933 -6.67469492
29 -447.20745850 -6.67473819
30 -447.20989990 -6.67477463
31 -447.21246338 -6.67481289
32 -447.21606445 -6.67486663
33 -447.21868896 -6.67490581
34 -447.22094727 -6.67493951
35 -447.22351074 -6.67497777
36 -447.22610474 -6.67501649
37 -447.22888184 -6.67505794
38 -447.23132324 -6.67509438
39 -447.23406982 -6.67513537
40 -447.23571777 -6.67515997
41 -447.23834229 -6.67519914
42 -447.24108887 -6.67524013
43 -447.24261475 -6.67526291
44 -447.24462891 -6.67529297
45 -447.24664307 -6.67532303
46 -447.24786377 -6.67534125
47 -447.24926758 -6.67536220
48 -447.25152588 -6.67539591
49 -447.25262451 -6.67541231
50 -447.25421143 -6.67543599
51 -447.25555420 -6.67545603
52 -447.25735474 -6.67548291
53 -447.25927734 -6.67551160
54 -447.26135254 -6.67554258
55 -447.26220703 -6.67555533
56 -447.26361084 -6.67557628
57 -447.26477051 -6.67559359
58 -447.26672363 -6.67562274
59 -447.26837158 -6.67564734
60 -447.26922607 -6.67566009
61 -447.27069092 -6.67568195
62 -447.27175903 -6.67569790
63 -447.27258301 -6.67571019
64 -447.27349854 -6.67572386
65 -447.27496338 -6.67574572
66 -447.27606201 -6.67576212
67 -447.27667236 -6.67577123
68 -447.27777100 -6.67578763
69 -447.27941895 -6.67581222
70 -447.27984619 -6.67581860
71 -447.28125000 -6.67583955
72 -447.28244019 -6.67585732
73 -447.28424072 -6.67588419
74 -447.28576660 -6.67590696
75 -447.28686523 -6.67592336
76 -447.28771973 -6.67593612
77 -447.28814697 -6.67594249
78 -447.28942871 -6.67596162
79 -447.29058838 -6.67597893
80 -447.29138184 -6.67599077
81 -447.29278564 -6.67601173
82 -447.29309082 -6.67601628
83 -447.29486084 -6.67604270
84 -447.29525757 -6.67604862
85 -447.29675293 -6.67607094
86 -447.29827881 -6.67609371
87 -447.29901123 -6.67610465
88 -447.29971313 -6.67611512
89 -447.30114746 -6.67613653
90 -447.30249023 -6.67615657
91 -447.30328369 -6.67616841
92 -447.30334473 -6.67616932
93 -447.30468750 -6.67618937
94 -447.30474854 -6.67619028
95 -447.30596924 -6.67620850
96 -447.30682373 -6.67622125
97 -447.30767822 -6.67623400
98 -447.30847168 -6.67624585
99 -447.30999756 -6.67626862
100 -447.31088257 -6.67628183
101 -447.31115723 -6.67628593
102 -447.31207275 -6.67629959
103 -447.31262207 -6.67630779
104 -447.31381226 -6.67632556
105 -447.31457520 -6.67633694
106 -447.31573486 -6.67635425
107 -447.31671143 -6.67636883
108 -447.31765747 -6.67638295
109 -447.31829834 -6.67639251
110 -447.31878662 -6.67639980
111 -447.31951904 -6.67641073
112 -447.32058716 -6.67642667
113 -447.32043457 -6.67642440
114 -447.32147217 -6.67643988
115 -447.32189941 -6.67644626
116 -447.32150269 -6.67644034
117 -447.32263184 -6.67645719
118 -447.32318115 -6.67646539
119 -447.32366943 -6.67647268
120 -447.32443237 -6.67648407
121 -447.32501221 -6.67649272
122 -447.32537842 -6.67649819
123 -447.32586670 -6.67650547
124 -447.32620239 -6.67651048
125 -447.32684326 -6.67652005
126 -447.32751465 -6.67653007
127 -447.32800293 -6.67653736
128 -447.32839966 -6.67654328
129 -447.32928467 -6.67655649
130 -447.32965088 -6.67656195
131 -447.33038330 -6.67657289
132 -447.33135986 -6.67658746
133 -447.33209229 -6.67659839
134 -447.33270264 -6.67660750
135 -447.33374023 -6.67662299
136 -447.33389282 -6.67662527
137 -447.33508301 -6.67664303
138 -447.33587646 -6.67665487
139 -447.33648682 -6.67666398
140 -447.33709717 -6.67667309
141 -447.33734131 -6.67667674
142 -447.33703613 -6.67667218
143 -447.33843994 -6.67669313
144 -447.33920288 -6.67670452
145 -447.34033203 -6.67672137
146 -447.34075928 -6.67672775
147 -447.34118652 -6.67673413
148 -447.34231567 -6.67675098
149 -447.34271240 -6.67675690
150 -447.34362793 -6.67677057
151 -447.34399414 -6.67677603
152 -447.34487915 -6.67678924
153 -447.34539795 -6.67679698
154 -447.34686279 -6.67681885
155 -447.34729004 -6.67682522
156 -447.34777832 -6.67683251
157 -447.34838867 -6.67684162
158 -447.34936523 -6.67685620
159 -447.34942627 -6.67685711
160 -447.35095215 -6.67687988
161 -447.35028076 -6.67686986
162 -447.35137939 -6.67688626
163 -447.35150146 -6.67688808
164 -447.35305786 -6.67691131
165 -447.35400391 -6.67692543
166 -447.35308838 -6.67691177
167 -447.35412598 -6.67692725
168 -447.35421753 -6.67692862
169 -447.35516357 -6.67694274
170 -447.35546875 -6.67694729
171 -447.35595703 -6.67695458
172 -447.35644531 -6.67696187
173 -447.35754395 -6.67697827
174 -447.35736084 -6.67697553
175 -447.35699463 -6.67697007
176 -447.35791016 -6.67698373
177 -447.35815430 -6.67698738
178 -447.35949707 -6.67700742
179 -447.36065674 -6.67702473
180 -447.36041260 -6.67702108
181 -447.36126709 -6.67703384
182 -447.36138916 -6.67703566
183 -447.36108398 -6.67703110
184 -447.36248779 -6.67705206
185 -447.36218262 -6.67704750
186 -447.36337280 -6.67706527
187 -447.36431885 -6.67707939
188 -447.36447144 -6.67708166
189 -447.36474609 -6.67708576
190 -447.36547852 -6.67709669
191 -447.36663818 -6.67711400
192 -447.36663818 -6.67711400
193 -447.36737061 -6.67712493
194 -447.36737061 -6.67712493
195 -447.36779785 -6.67713131
196 -447.36795044 -6.67713359
197 -447.36810303 -6.67713587
198 -447.36965942 -6.67715910
199 -447.37048340 -6.67717139
200 -447.37091064 -6.67717777
201 -447.37115479 -6.67718141
202 -447.37121582 -6.67718233
203 -447.37194824 -6.67719326
204 -447.37237549 -6.67719963
205 -447.37322998 -6.67721239
206 -447.37362671 -6.67721831
207 -447.37487793 -6.67723698
208 -447.37536621 -6.67724427
209 -447.37493896 -6.67723789
210 -447.37509155 -6.67724017
211 -447.37536621 -6.67724427
212 -447.37493896 -6.67723789
213 -447.37683105 -6.67726614
214 -447.37710571 -6.67727023
215 -447.37738037 -6.67727433
216 -447.37799072 -6.67728344
217 -447.37872314 -6.67729438
218 -447.37890625 -6.67729711
219 -447.37933350 -6.67730349
220 -447.38018799 -6.67731624
221 -447.38116455 -6.67733081
222 -447.38134766 -6.67733355
223 -447.38177490 -6.67733992
224 -447.38208008 -6.67734448
225 -447.38293457 -6.67735723
226 -447.38262939 -6.67735268
227 -447.38317871 -6.67736088
228 -447.38397217 -6.67737272
229 -447.38415527 -6.67737545
230 -447.38494873 -6.67738729
231 -447.38549805 -6.67739549
232 -447.38586426 -6.67740096
233 -447.38647461 -6.67741007
234 -447.38714600 -6.67742009
235 -447.38714600 -6.67742009
236 -447.38848877 -6.67744013
237 -447.38897705 -6.67744742
238 -447.38912964 -6.67744970
239 -447.38922119 -6.67745106
240 -447.39019775 -6.67746564
241 -447.39007568 -6.67746382
242 -447.38992310 -6.67746154
243 -447.39019775 -6.67746564
244 -447.39050293 -6.67747019
245 -447.39123535 -6.67748112
246 -447.39208984 -6.67749388
247 -447.39239502 -6.67749843
248 -447.39270020 -6.67750299
249 -447.39276123 -6.67750390
250 -447.39248657 -6.67749980
251 -447.39324951 -6.67751119
252 -447.39337158 -6.67751301
253 -447.39440918 -6.67752850
254 -447.39425659 -6.67752622
255 -447.39471436 -6.67753305
256 -447.39514160 -6.67753943
257 -447.39562988 -6.67754671
258 -447.39562988 -6.67754671
259 -447.39617920 -6.67755491
260 -447.39630127 -6.67755674
261 -447.39746094 -6.67757404
262 -447.39721680 -6.67757040
263 -447.39739990 -6.67757313
264 -447.39843750 -6.67758862
265 -447.39813232 -6.67758406
266 -447.39840698 -6.67758816
267 -447.39898682 -6.67759682
268 -447.39916992 -6.67759955
269 -447.39947510 -6.67760411
270 -447.39999390 -6.67761185
271 -447.40026855 -6.67761595
272 -447.40014648 -6.67761413
273 -447.40063477 -6.67762141
274 -447.40121460 -6.67763007
275 -447.40252686 -6.67764965
276 -447.40185547 -6.67763963
277 -447.40301514 -6.67765694
278 -447.40402222 -6.67767197
279 -447.40496826 -6.67768609
280 -447.40515137 -6.67768883
281 -447.40551758 -6.67769429
282 -447.40606689 -6.67770249
283 -447.40588379 -6.67769976
284 -447.40692139 -6.67771524
285 -447.40753174 -6.67772435
286 -447.40765381 -6.67772618
287 -447.40832520 -6.67773620
288 -447.40863037 -6.67774075
289 -447.40881348 -6.67774348
290 -447.40893555 -6.67774531
291 -447.41003418 -6.67776170
292 -447.41030884 -6.67776580
293 -447.41058350 -6.67776990
294 -447.41107178 -6.67777719
295 -447.41076660 -6.67777264
296 -447.41180420 -6.67778812
297 -447.41235352 -6.67779632
298 -447.41308594 -6.67780725
299 -447.41290283 -6.67780452
300 -447.41357422 -6.67781454
301 -447.41394043 -6.67782001
302 -447.41464233 -6.67783048
303 -447.41534424 -6.67784096
304 -447.41613770 -6.67785280
305 -447.41729736 -6.67787011
306 -447.41802979 -6.67788104
307 -447.41864014 -6.67789015
308 -447.41833496 -6.67788560
309 -447.41790771 -6.67787922
310 -447.41897583 -6.67789516
311 -447.41906738 -6.67789653
312 -447.41961670 -6.67790473
313 -447.41949463 -6.67790290
314 -447.41943359 -6.67790199
315 -447.42077637 -6.67792204
316 -447.42089844 -6.67792386
317 -447.42181396 -6.67793752
318 -447.42211914 -6.67794208
319 -447.42236328 -6.67794572
320 -447.42315674 -6.67795756
321 -447.42370605 -6.67796576
322 -447.42327881 -6.67795939
323 -447.42413330 -6.67797214
324 -447.42468262 -6.67798034
325 -447.42492676 -6.67798398
326 -447.42520142 -6.67798808
327 -447.42590332 -6.67799856
328 -447.42639160 -6.67800584
329 -447.42730713 -6.67801951
330 -447.42779541 -6.67802680
331 -447.42840576 -6.67803591
332 -447.42883301 -6.67804228
333 -447.42883301 -6.67804228
334 -447.42901611 -6.67804502
335 -447.43035889 -6.67806506
336 -447.43017578 -6.67806233
337 -447.43157959 -6.67808328
338 -447.43176270 -6.67808601
339 -447.43212891 -6.67809148
340 -447.43243408 -6.67809603
341 -447.43316650 -6.67810696
342 -447.43322754 -6.67810787
343 -447.43365479 -6.67811425
344 -447.43395996 -6.67811881
345 -447.43438721 -6.67812518
346 -447.43530273 -6.67813885
347 -447.43560791 -6.67814340
348 -447.43615723 -6.67815160
349 -447.43609619 -6.67815069
350 -447.43710327 -6.67816572
351 -447.43670654 -6.67815980
352 -447.43695068 -6.67816344
353 -447.43786621 -6.67817711
354 -447.43823242 -6.67818257
355 -447.43884277 -6.67819168
356 -447.43945312 -6.67820079
357 -447.44012451 -6.67821081
358 -447.44024658 -6.67821264
359 -447.44042969 -6.67821537
360 -447.44128418 -6.67822812
361 -447.44152832 -6.67823177
362 -447.44146729 -6.67823086
363 -447.44158936 -6.67823268
364 -447.44256592 -6.67824725
365 -447.44366455 -6.67826365
366 -447.44317627 -6.67825636
367 -447.44390869 -6.67826729
368 -447.44433594 -6.67827367
369 -447.44476318 -6.67828005
370 -447.44546509 -6.67829052
371 -447.44580078 -6.67829553
372 -447.44543457 -6.67829007
373 -447.44580078 -6.67829553
374 -447.44659424 -6.67830738
375 -447.44689941 -6.67831193
376 -447.44781494 -6.67832560
377 -447.44787598 -6.67832651
378 -447.44802856 -6.67832878
379 -447.44854736 -6.67833653
380 -447.44940186 -6.67834928
381 -447.44958496 -6.67835201
382 -447.45037842 -6.67836386
383 -447.45092773 -6.67837206
384 -447.45135498 -6.67837843
385 -447.45117188 -6.67837570
386 -447.45169067 -6.67838344
387 -447.45147705 -6.67838025
388 -447.45153809 -6.67838117
389 -447.45153809 -6.67838117
390 -447.45245361 -6.67839483
391 -447.45245361 -6.67839483
392 -447.45239258 -6.67839392
393 -447.45300293 -6.67840303
394 -447.45361328 -6.67841214
395 -447.45373535 -6.67841396
396 -447.45404053 -6.67841852
397 -447.45428467 -6.67842216
398 -447.45474243 -6.67842899
399 -447.45498657 -6.67843264
400 -447.45477295 -6.67842945
401 -447.45629883 -6.67845222
402 -447.45614624 -6.67844994
403 -447.45758057 -6.67847135
404 -447.45800781 -6.67847773
405 -447.45867920 -6.67848775
406 -447.45816040 -6.67848001
407 -447.45935059 -6.67849777
408 -447.45971680 -6.67850324
409 -447.46020508 -6.67851052
410 -447.46032715 -6.67851235
411 -447.46051025 -6.67851508
412 -447.46118164 -6.67852510
413 -447.46173096 -6.67853330
414 -447.46182251 -6.67853466
415 -447.46331787 -6.67855698
416 -447.46337891 -6.67855789
417 -447.46350098 -6.67855972
418 -447.46292114 -6.67855106
419 -447.46447754 -6.67857429
420 -447.46459961 -6.67857611
421 -447.46557617 -6.67859069
422 -447.46545410 -6.67858887
423 -447.46636963 -6.67860253
424 -447.46630859 -6.67860162
425 -447.46618652 -6.67859980
426 -447.46707153 -6.67861301
427 -447.46691895 -6.67861073
428 -447.46746826 -6.67861893
429 -447.46801758 -6.67862713
430 -447.46902466 -6.67864216
431 -447.46972656 -6.67865264
432 -447.47045898 -6.67866357
433 -447.47082520 -6.67866903
434 -447.47021484 -6.67865992
435 -447.47137451 -6.67867723
436 -447.47149658 -6.67867905
437 -447.47247314 -6.67869363
438 -447.47177124 -6.67868315
439 -447.47253418 -6.67869454
440 -447.47259521 -6.67869545
441 -447.47363281 -6.67871094
442 -447.47409058 -6.67871777
443 -447.47479248 -6.67872825
444 -447.47418213 -6.67871914
445 -447.47540283 -6.67873736
446 -447.47555542 -6.67873963
447 -447.47631836 -6.67875102
448 -447.47723389 -6.67876468
449 -447.47735596 -6.67876651
450 -447.47735596 -6.67876651
451 -447.47772217 -6.67877197
452 -447.47888184 -6.67878928
453 -447.47875977 -6.67878746
454 -447.47924805 -6.67879475
455 -447.48010254 -6.67880750
456 -447.48046875 -6.67881297
457 -447.48107910 -6.67882208
458 -447.48214722 -6.67883802
459 -447.48233032 -6.67884075
460 -447.48242188 -6.67884212
461 -447.48388672 -6.67886398
462 -447.48388672 -6.67886398
463 -447.48449707 -6.67887309
464 -447.48535156 -6.67888584
465 -447.48638916 -6.67890133
466 -447.48672485 -6.67890634
467 -447.48736572 -6.67891591
468 -447.48785400 -6.67892319
469 -447.48858643 -6.67893413
470 -447.48941040 -6.67894642
471 -447.49017334 -6.67895781
472 -447.49035645 -6.67896054
473 -447.49090576 -6.67896874
474 -447.49209595 -6.67898651
475 -447.49157715 -6.67897876
476 -447.49224854 -6.67898878
477 -447.49218750 -6.67898787
478 -447.49267578 -6.67899516
479 -447.49334717 -6.67900518
480 -447.49371338 -6.67901065
481 -447.49395752 -6.67901429
482 -447.49530029 -6.67903433
483 -447.49572754 -6.67904071
484 -447.49652100 -6.67905255
485 -447.49688721 -6.67905802
486 -447.49722290 -6.67906303
487 -447.49749756 -6.67906713
488 -447.49798584 -6.67907442
489 -447.49877930 -6.67908626
490 -447.49877930 -6.67908626
491 -447.49923706 -6.67909309
492 -447.50000000 -6.67910448
493 -447.50097656 -6.67911905
494 -447.50137329 -6.67912497
495 -447.50158691 -6.67912816
496 -447.50238037 -6.67914001
497 -447.50244141 -6.67914092
498 -447.50247192 -6.67914137
499 -447.50311279 -6.67915094
500 -447.50378418 -6.67916096
501 -447.50402832 -6.67916460
502 -447.50347900 -6.67915640
503 -447.50427246 -6.67916825
504 -447.50402832 -6.67916460
505 -447.50463867 -6.67917371
506 -447.50491333 -6.67917781
507 -447.50616455 -6.67919649
508 -447.50671387 -6.67920468
509 -447.50738525 -6.67921471
510 -447.50833130 -6.67922883
511 -447.50939941 -6.67924477
512 -447.50982666 -6.67925114
513 -447.51037598 -6.67925934
514 -447.51034546 -6.67925889
515 -447.51171875 -6.67927938
516 -447.51202393 -6.67928394
517 -447.51269531 -6.67929396
518 -447.51205444 -6.67928439
519 -447.51336670 -6.67930398
520 -447.51373291 -6.67930945
521 -447.51397705 -6.67931309
522 -447.51342773 -6.67930489
523 -447.51416016 -6.67931582
524 -447.51489258 -6.67932675
525 -447.51531982 -6.67933313
526 -447.51522827 -6.67933177
527 -447.51678467 -6.67935500
528 -447.51678467 -6.67935500
529 -447.51727295 -6.67936228
530 -447.51718140 -6.67936092
531 -447.51770020 -6.67936866
532 -447.51849365 -6.67938050
533 -447.51922607 -6.67939143
534 -447.51882935 -6.67938551
535 -447.51965332 -6.67939781
536 -447.51947021 -6.67939508
537 -447.52014160 -6.67940510
538 -447.52044678 -6.67940965
539 -447.52105713 -6.67941876
540 -447.52099609 -6.67941785
541 -447.52172852 -6.67942878
542 -447.52157593 -6.67942651
543 -447.52154541 -6.67942605
544 -447.52221680 -6.67943607
545 -447.52227783 -6.67943698
546 -447.52294922 -6.67944700
547 -447.52429199 -6.67946704
548 -447.52484131 -6.67947524
549 -447.52514648 -6.67947980
550 -447.52450562 -6.67947023
551 -447.52539062 -6.67948344
552 -447.52569580 -6.67948800
553 -447.52642822 -6.67949893
554 -447.52633667 -6.67949756
555 -447.52734375 -6.67951259
556 -447.52819824 -6.67952535
557 -447.52862549 -6.67953172
558 -447.52883911 -6.67953491
559 -447.52911377 -6.67953901
560 -447.52990723 -6.67955085
561 -447.52966309 -6.67954721
562 -447.53088379 -6.67956543
563 -447.53118896 -6.67956998
564 -447.53186035 -6.67958001
565 -447.53094482 -6.67956634
566 -447.53244019 -6.67958866
567 -447.53283691 -6.67959458
568 -447.53393555 -6.67961098
569 -447.53326416 -6.67960096
570 -447.53387451 -6.67961007
571 -447.53430176 -6.67961644
572 -447.53436279 -6.67961736
573 -447.53454590 -6.67962009
574 -447.53567505 -6.67963694
575 -447.53613281 -6.67964377
576 -447.53680420 -6.67965379
577 -447.53710938 -6.67965835
578 -447.53784180 -6.67966928
579 -447.53851318 -6.67967930
580 -447.53924561 -6.67969023
581 -447.53979492 -6.67969843
582 -447.54013062 -6.67970344
583 -447.53948975 -6.67969388
584 -447.53985596 -6.67969934
585 -447.54168701 -6.67972667
586 -447.54144287 -6.67972303
587 -447.54229736 -6.67973578
588 -447.54260254 -6.67974034
589 -447.54223633 -6.67973487
590 -447.54367065 -6.67975628
591 -447.54394531 -6.67976038
592 -447.54443359 -6.67976767
593 -447.54522705 -6.67977951
594 -447.54550171 -6.67978361
595 -447.54614258 -6.67979317
596 -447.54705811 -6.67980684
597 -447.54754639 -6.67981413
598 -447.54714966 -6.67980820
599 -447.54840088 -6.67982688
600 -447.54937744 -6.67984145
601 -447.54968262 -6.67984601
602 -447.55087280 -6.67986377
603 -447.55126953 -6.67986969
604 -447.55139160 -6.67987152
605 -447.55194092 -6.67987972
606 -447.55191040 -6.67987926
607 -447.55236816 -6.67988609
608 -447.55273438 -6.67989156
609 -447.55340576 -6.67990158
610 -447.55340576 -6.67990158
611 -447.55352783 -6.67990340
612 -447.55419922 -6.67991342
613 -447.55462646 -6.67991980
614 -447.55490112 -6.67992390
615 -447.55523682 -6.67992891
616 -447.55639648 -6.67994622
617 -447.55664062 -6.67994986
618 -447.55773926 -6.67996626
619 -447.55877686 -6.67998174
620 -447.55883789 -6.67998266
621 -447.55957031 -6.67999359
622 -447.56027222 -6.68000406
623 -447.56060791 -6.68000907
624 -447.56158447 -6.68002365
625 -447.56152344 -6.68002274
626 -447.56234741 -6.68003504
627 -447.56317139 -6.68004733
628 -447.56317139 -6.68004733
629 -447.56237793 -6.68003549
630 -447.56356812 -6.68005326
631 -447.56341553 -6.68005098
632 -447.56414795 -6.68006191
633 -447.56488037 -6.68007284
634 -447.56506348 -6.68007557
635 -447.56530762 -6.68007922
636 -447.56646729 -6.68009653
637 -447.56622314 -6.68009288
638 -447.56634521 -6.68009470
639 -447.56732178 -6.68010928
640 -447.56732178 -6.68010928
641 -447.56848145 -6.68012659
642 -447.56903076 -6.68013479
643 -447.56988525 -6.68014754
644 -447.57049561 -6.68015665
645 -447.57055664 -6.68015756
646 -447.57070923 -6.68015984
647 -447.57055664 -6.68015756
648 -447.57171631 -6.68017487
649 -447.57208252 -6.68018034
650 -447.57247925 -6.68018626
651 -447.57232666 -6.68018398
652 -447.57269287 -6.68018945
653 -447.57312012 -6.68019582
654 -447.57412720 -6.68021085
655 -447.57458496 -6.68021769
656 -447.57507324 -6.68022497
657 -447.57525635 -6.68022771
658 -447.57623291 -6.68024228
659 -447.57690430 -6.68025230
660 -447.57781982 -6.68026597
661 -447.57891846 -6.68028237
662 -447.57885742 -6.68028145
663 -447.57989502 -6.68029694
664 -447.58026123 -6.68030241
665 -447.58068848 -6.68030878
666 -447.58148193 -6.68032063
667 -447.58178711 -6.68032518
668 -447.58160400 -6.68032245
669 -447.58239746 -6.68033429
670 -447.58288574 -6.68034158
671 -447.58337402 -6.68034887
672 -447.58410645 -6.68035980
673 -447.58398438 -6.68035798
674 -447.58529663 -6.68037756
675 -447.58624268 -6.68039168
676 -447.58709717 -6.68040444
677 -447.58782959 -6.68041537
678 -447.58709717 -6.68040444
679 -447.58734131 -6.68040808
680 -447.58734131 -6.68040808
681 -447.58758545 -6.68041172
682 -447.58779907 -6.68041491
683 -447.58825684 -6.68042174
684 -447.58825684 -6.68042174
685 -447.58886719 -6.68043085
686 -447.58908081 -6.68043404
687 -447.59014893 -6.68044998
688 -447.59063721 -6.68045727
689 -447.59027100 -6.68045181
690 -447.59115601 -6.68046502
691 -447.59173584 -6.68047367
692 -447.59185791 -6.68047549
693 -447.59240723 -6.68048369
694 -447.59194946 -6.68047686
695 -447.59277344 -6.68048916
696 -447.59252930 -6.68048551
697 -447.59320068 -6.68049553
698 -447.59332275 -6.68049735
699 -447.59368896 -6.68050282
700 -447.59429932 -6.68051193
701 -447.59320068 -6.68049553
702 -447.59497070 -6.68052195
703 -447.59545898 -6.68052924
704 -447.59570312 -6.68053288
705 -447.59552002 -6.68053015
706 -447.59600830 -6.68053744
707 -447.59667969 -6.68054746
708 -447.59661865 -6.68054655
709 -447.59735107 -6.68055748
710 -447.59793091 -6.68056613
711 -447.59777832 -6.68056386
712 -447.59790039 -6.68056568
713 -447.59899902 -6.68058207
714 -447.59912109 -6.68058390
715 -447.59942627 -6.68058845
716 -447.60040283 -6.68060303
717 -447.60046387 -6.68060394
718 -447.59954834 -6.68059027
719 -447.60040283 -6.68060303
720 -447.60009766 -6.68059847
721 -447.59967041 -6.68059210
722 -447.60015869 -6.68059938
723 -447.60101318 -6.68061214
724 -447.60119629 -6.68061487
725 -447.60186768 -6.68062489
726 -447.60186768 -6.68062489
727 -447.60284424 -6.68063947
728 -447.60296631 -6.68064129
729 -447.60351562 -6.68064949
730 -447.60424805 -6.68066042
731 -447.60467529 -6.68066680
732 -447.60498047 -6.68067135
733 -447.60577393 -6.68068319
734 -447.60684204 -6.68069913
735 -447.60620117 -6.68068957
736 -447.60620117 -6.68068957
737 -447.60693359 -6.68070050
738 -447.60632324 -6.68069139
739 -447.60638428 -6.68069230
740 -447.60748291 -6.68070870
741 -447.60784912 -6.68071417
742 -447.60769653 -6.68071189
743 -447.60791016 -6.68071508
744 -447.60919189 -6.68073421
745 -447.60925293 -6.68073512
746 -447.60922241 -6.68073466
747 -447.61010742 -6.68074787
748 -447.61047363 -6.68075334
749 -447.61065674 -6.68075607
750 -447.61035156 -6.68075152
751 -447.61102295 -6.68076154
752 -447.61090088 -6.68075971
753 -447.61077881 -6.68075789
754 -447.61141968 -6.68076746
755 -447.61175537 -6.68077247
756 -447.61193848 -6.68077520
757 -447.61218262 -6.68077885
758 -447.61233521 -6.68078112
759 -447.61279297 -6.68078795
760 -447.61340332 -6.68079706
761 -447.61328125 -6.68079524
762 -447.61401367 -6.68080617
763 -447.61511230 -6.68082257
764 -447.61462402 -6.68081528
765 -447.61462402 -6.68081528
766 -447.61495972 -6.68082029
767 -447.61492920 -6.68081984
768 -447.61499023 -6.68082075
769 -447.61535645 -6.68082622
770 -447.61627197 -6.68083988
771 -447.61645508 -6.68084261
772 -447.61755371 -6.68085901
773 -447.61737061 -6.68085628
774 -447.61773682 -6.68086174
775 -447.61871338 -6.68087632
776 -447.61883545 -6.68087814
777 -447.61956787 -6.68088907
778 -447.62002563 -6.68089590
779 -447.62030029 -6.68090000
780 -447.62060547 -6.68090456
781 -447.62115479 -6.68091276
782 -447.62039185 -6.68090137
783 -447.62054443 -6.68090365
784 -447.62084961 -6.68090820
785 -447.62097168 -6.68091003
786 -447.62039185 -6.68090137
