0 -363.07867432 -6.05131124
1 -363.07202148 -6.05120036
2 -363.06829834 -6.05113831
3 -363.06988525 -6.05116475
4 -363.06622314 -6.05110372
5 -363.05609131 -6.05093486
6 -363.04638672 -6.05077311
7 -363.04541016 -6.05075684
8 -363.04656982 -6.05077616
9 -363.02801514 -6.05046692
10 -363.01794434 -6.05029907
11 -363.01263428 -6.05021057
12 -363.01086426 -6.05018107
13 -362.99676514 -6.04994609
14 -362.98956299 -6.04982605
15 -362.97924805 -6.04965413
16 -362.96673584 -6.04944560
17 -362.96466064 -6.04941101
18 -362.95153809 -6.04919230
19 -362.92993164 -6.04883219
20 -362.91796875 -6.04863281
21 -362.91021729 -6.04850362
22 -362.90161133 -6.04836019
23 -362.89788818 -6.04829814
24 -362.88928223 -6.04815470
25 -362.88885498 -6.04814758
26 -362.88012695 -6.04800212
27 -362.84539795 -6.04742330
28 -362.83923340 -6.04732056
29 -362.82720947 -6.04712016
30 -362.81829834 -6.04697164
31 -362.80969238 -6.04682821
32 -362.80462646 -6.04674377
33 -362.78985596 -6.04649760
34 -362.78765869 -6.04646098
35 -362.77636719 -6.04627279
36 -362.76220703 -6.04603678
37 -362.75006104 -6.04583435
38 -362.74237061 -6.04570618
39 -362.72296143 -6.04538269
40 -362.71691895 -6.04528198
41 -362.71173096 -6.04519552
42 -362.66363525 -6.04439392
43 -362.65710449 -6.04428507
44 -362.63177490 -6.04386292
45 -362.60119629 -6.04335327
46 -362.58367920 -6.04306132
47 -362.55877686 -6.04264628
48 -362.53741455 -6.04229024
49 -362.53906250 -6.04231771
50 -362.43737793 -6.04062297
51 -362.41247559 -6.04020793
52 -362.40374756 -6.04006246
53 -362.32885742 -6.03881429
54 -362.32916260 -6.03881938
55 -362.29467773 -6.03824463
56 -362.26953125 -6.03782552
57 -362.26812744 -6.03780212
58 -362.24877930 -6.03747965
59 -362.21441650 -6.03690694
60 -362.20104980 -6.03668416
61 -362.16296387 -6.03604940
62 -362.14294434 -6.03571574
63 -362.11999512 -6.03533325
64 -362.10906982 -6.03515116
65 -362.09680176 -6.03494670
66 -362.09197998 -6.03486633
67 -362.09417725 -6.03490295
68 -362.08355713 -6.03472595
69 -362.06909180 -6.03448486
70 -362.06317139 -6.03438619
71 -362.03094482 -6.03384908
72 -362.02435303 -6.03373922
73 -362.00585938 -6.03343099
74 -361.98718262 -6.03311971
75 -361.98242188 -6.03304036
76 -361.96221924 -6.03270365
77 -361.95697021 -6.03261617
78 -361.92553711 -6.03209229
79 -361.91912842 -6.03198547
80 -361.89764404 -6.03162740
81 -361.89880371 -6.03164673
82 -361.86810303 -6.03113505
83 -361.83203125 -6.03053385
84 -361.81250000 -6.03020833
85 -361.79321289 -6.02988688
86 -361.78918457 -6.02981974
87 -361.75939941 -6.02932332
88 -361.75341797 -6.02922363
89 -361.71740723 -6.02862345
90 -361.69274902 -6.02821248
91 -361.68945312 -6.02815755
92 -361.68713379 -6.02811890
93 -361.68109131 -6.02801819
94 -361.66748047 -6.02779134
95 -361.63989258 -6.02733154
96 -361.58807373 -6.02646790
97 -361.57635498 -6.02627258
98 -361.56896973 -6.02614950
99 -361.52874756 -6.02547913
100 -361.48852539 -6.02480876
101 -361.46179199 -6.02436320
102 -361.42401123 -6.02373352
103 -361.40344238 -6.02339071
104 -361.34344482 -6.02239075
105 -361.34155273 -6.02235921
106 -361.35516357 -6.02258606
107 -361.35339355 -6.02255656
108 -361.33349609 -6.02222493
109 -361.32672119 -6.02211202
110 -361.31658936 -6.02194316
111 -361.26940918 -6.02115682
112 -361.25103760 -6.02085063
113 -361.22106934 -6.02035116
114 -361.20703125 -6.02011719
115 -361.18145752 -6.01969096
116 -361.16815186 -6.01946920
117 -361.13128662 -6.01885478
118 -361.06677246 -6.01777954
119 -361.05242920 -6.01754049
120 -361.05780029 -6.01763000
121 -361.06231689 -6.01770528
122 -361.03753662 -6.01729228
123 -361.01007080 -6.01683451
124 -360.99084473 -6.01651408
125 -360.98065186 -6.01634420
126 -360.90625000 -6.01510417
127 -360.88189697 -6.01469828
128 -360.86944580 -6.01449076
129 -360.84796143 -6.01413269
130 -360.83709717 -6.01395162
131 -360.83209229 -6.01386820
132 -360.78424072 -6.01307068
133 -360.78558350 -6.01309306
134 -360.76330566 -6.01272176
135 -360.73193359 -6.01219889
136 -360.73626709 -6.01227112
137 -360.70745850 -6.01179097
138 -360.70037842 -6.01167297
139 -360.67523193 -6.01125387
140 -360.66802979 -6.01113383
141 -360.61285400 -6.01021423
142 -360.58880615 -6.00981344
143 -360.56115723 -6.00935262
144 -360.53253174 -6.00887553
145 -360.49298096 -6.00821635
146 -360.38916016 -6.00648600
147 -360.38592529 -6.00643209
148 -360.37646484 -6.00627441
149 -360.36059570 -6.00600993
150 -360.33502197 -6.00558370
151 -360.29553223 -6.00492554
152 -360.26794434 -6.00446574
153 -360.24523926 -6.00408732
154 -360.21936035 -6.00365601
155 -360.20001221 -6.00333354
156 -360.20495605 -6.00341593
157 -360.17468262 -6.00291138
158 -360.17193604 -6.00286560
159 -360.18218994 -6.00303650
160 -360.13629150 -6.00227153
161 -360.14233398 -6.00237223
162 -360.10833740 -6.00180562
163 -360.09161377 -6.00152690
164 -360.03759766 -6.00062663
165 -360.01757812 -6.00029297
166 -359.99713135 -5.99995219
167 -359.95904541 -5.99931742
168 -359.96008301 -5.99933472
169 -359.94323730 -5.99905396
170 -359.93023682 -5.99883728
171 -359.87902832 -5.99798381
172 -359.85894775 -5.99764913
173 -359.85021973 -5.99750366
174 -359.84472656 -5.99741211
175 -359.83551025 -5.99725850
176 -359.78393555 -5.99639893
177 -359.78295898 -5.99638265
178 -359.75482178 -5.99591370
179 -359.74298096 -5.99571635
180 -359.71856689 -5.99530945
181 -359.69042969 -5.99484049
182 -359.67584229 -5.99459737
183 -359.65386963 -5.99423116
184 -359.61773682 -5.99362895
185 -359.61584473 -5.99359741
186 -359.60821533 -5.99347026
187 -359.58843994 -5.99314067
188 -359.58306885 -5.99305115
189 -359.58123779 -5.99302063
190 -359.55767822 -5.99262797
191 -359.53009033 -5.99216817
192 -359.50573730 -5.99176229
193 -359.49548340 -5.99159139
194 -359.48852539 -5.99147542
195 -359.43438721 -5.99057312
196 -359.39501953 -5.98991699
197 -359.38134766 -5.98968913
198 -359.36431885 -5.98940531
199 -359.33532715 -5.98892212
200 -359.34173584 -5.98902893
201 -359.31188965 -5.98853149
202 -359.31103516 -5.98851725
203 -359.25579834 -5.98759664
204 -359.25317383 -5.98755290
205 -359.23413086 -5.98723551
206 -359.22851562 -5.98714193
207 -359.19537354 -5.98658956
208 -359.16088867 -5.98601481
209 -359.15032959 -5.98583883
210 -359.12384033 -5.98539734
211 -359.12561035 -5.98542684
212 -359.03765869 -5.98396098
213 -359.04650879 -5.98410848
214 -359.01550293 -5.98359172
215 -358.99737549 -5.98328959
216 -358.98852539 -5.98314209
217 -358.96820068 -5.98280334
218 -358.95947266 -5.98265788
219 -358.96588135 -5.98276469
220 -358.92608643 -5.98210144
221 -358.89428711 -5.98157145
222 -358.84783936 -5.98079732
223 -358.82653809 -5.98044230
224 -358.80261230 -5.98004354
225 -358.78674316 -5.97977905
226 -358.79602051 -5.97993368
227 -358.77508545 -5.97958476
228 -358.78930664 -5.97982178
229 -358.75769043 -5.97929484
230 -358.74298096 -5.97904968
231 -358.72656250 -5.97877604
232 -358.68792725 -5.97813212
233 -358.67669678 -5.97794495
234 -358.66021729 -5.97767029
235 -358.63916016 -5.97731934
236 -358.64605713 -5.97743429
237 -358.64105225 -5.97735087
238 -358.61547852 -5.97692464
239 -358.57739258 -5.97628988
240 -358.57421875 -5.97623698
241 -358.53924561 -5.97565409
242 -358.50488281 -5.97508138
243 -358.49578857 -5.97492981
244 -358.48492432 -5.97474874
245 -358.43261719 -5.97387695
246 -358.40637207 -5.97343953
247 -358.38879395 -5.97314657
248 -358.37316895 -5.97288615
249 -358.36608887 -5.97276815
250 -358.35296631 -5.97254944
251 -358.29718018 -5.97161967
252 -358.20385742 -5.97006429
253 -358.21136475 -5.97018941
254 -358.20819092 -5.97013652
255 -358.18188477 -5.96969808
256 -358.16064453 -5.96934408
257 -358.12188721 -5.96869812
258 -358.13171387 -5.96886190
259 -358.11932373 -5.96865540
260 -358.10162354 -5.96836039
261 -358.07458496 -5.96790975
262 -358.05621338 -5.96760356
263 -358.05322266 -5.96755371
264 -358.03106689 -5.96718445
265 -358.03747559 -5.96729126
266 -358.02319336 -5.96705322
267 -358.02612305 -5.96710205
268 -357.94055176 -5.96567586
269 -357.94140625 -5.96569010
270 -357.91552734 -5.96525879
271 -357.87908936 -5.96465149
272 -357.87408447 -5.96456807
273 -357.87139893 -5.96452332
274 -357.85449219 -5.96424154
275 -357.86993408 -5.96449890
276 -357.86035156 -5.96433919
277 -357.84197998 -5.96403300
278 -357.83038330 -5.96383972
279 -357.74993896 -5.96249898
280 -357.73535156 -5.96225586
281 -357.70751953 -5.96179199
282 -357.68750000 -5.96145833
283 -357.69293213 -5.96154887
284 -357.68408203 -5.96140137
285 -357.66003418 -5.96100057
286 -357.65893555 -5.96098226
287 -357.63165283 -5.96052755
288 -357.61749268 -5.96029154
289 -357.60784912 -5.96013082
290 -357.60095215 -5.96001587
291 -357.59002686 -5.95983378
292 -357.56018066 -5.95933634
293 -357.55249023 -5.95920817
294 -357.52209473 -5.95870158
295 -357.49114990 -5.95818583
296 -357.46130371 -5.95768840
297 -357.44165039 -5.95736084
298 -357.42419434 -5.95706991
299 -357.40875244 -5.95681254
300 -357.37890625 -5.95631510
301 -357.32189941 -5.95536499
302 -357.29638672 -5.95493978
303 -357.26507568 -5.95441793
304 -357.23876953 -5.95397949
305 -357.22113037 -5.95368551
306 -357.20672607 -5.95344543
307 -357.18463135 -5.95307719
308 -357.16839600 -5.95280660
309 -357.15472412 -5.95257874
310 -357.13183594 -5.95219727
311 -357.14038086 -5.95233968
312 -357.12908936 -5.95215149
313 -357.11096191 -5.95184937
314 -357.08093262 -5.95134888
315 -357.03985596 -5.95066427
316 -357.03491211 -5.95058187
317 -357.03131104 -5.95052185
318 -357.01080322 -5.95018005
319 -356.97784424 -5.94963074
320 -356.94934082 -5.94915568
321 -356.93786621 -5.94896444
322 -356.92962646 -5.94882711
323 -356.89923096 -5.94832052
324 -356.84692383 -5.94744873
