0 -536.09338379 -6.38206409
1 -535.33404541 -6.37302435
2 -534.45605469 -6.36257208
3 -533.01153564 -6.34537542
4 -531.96765137 -6.33294823
5 -530.80273438 -6.31908017
6 -530.09094238 -6.31060646
7 -529.09448242 -6.29874384
8 -527.36560059 -6.27816191
9 -526.49047852 -6.26774379
10 -525.82165527 -6.25978161
11 -524.36083984 -6.24239095
12 -523.67687988 -6.23424857
13 -523.50878906 -6.23224749
14 -523.69879150 -6.23450942
15 -523.69396973 -6.23445202
16 -523.42547607 -6.23125567
17 -522.76171875 -6.22335379
18 -522.81396484 -6.22397577
19 -522.49401855 -6.22016689
20 -520.02673340 -6.19079445
21 -519.83862305 -6.18855504
22 -520.23712158 -6.19329907
23 -518.67578125 -6.17471168
24 -517.08636475 -6.15579006
25 -513.60449219 -6.11433919
26 -511.48181152 -6.08906918
27 -509.59530640 -6.06661079
28 -507.91207886 -6.04657237
29 -505.40493774 -6.01672545
30 -503.13961792 -5.98975736
31 -503.31649780 -5.99186307
32 -502.10629272 -5.97745587
33 -499.86456299 -5.95076861
34 -501.42959595 -5.96939995
35 -500.93148804 -5.96347010
36 -497.96960449 -5.92820958
37 -500.56793213 -5.95914205
38 -499.94454956 -5.95172083
39 -500.20498657 -5.95482127
40 -497.98571777 -5.92840140
41 -498.71917725 -5.93713306
42 -496.89743042 -5.91544560
43 -497.87429810 -5.92707498
44 -496.14169312 -5.90644873
45 -492.44122314 -5.86239551
46 -491.37292480 -5.84967768
47 -489.48483276 -5.82720039
48 -485.73468018 -5.78255572
49 -480.36367798 -5.71861521
50 -479.54867554 -5.70891280
51 -483.76339722 -5.75908806
52 -482.30975342 -5.74178278
53 -480.60565186 -5.72149586
54 -478.15594482 -5.69233268
55 -476.17532349 -5.66875385
56 -473.75561523 -5.63994780
57 -470.83856201 -5.60522098
58 -469.64398193 -5.59099978
59 -472.34423828 -5.62314569
60 -473.60644531 -5.63817197
61 -473.02920532 -5.63130006
62 -473.21743774 -5.63354093
63 -469.84994507 -5.59345173
64 -468.10308838 -5.57265581
65 -464.82818604 -5.53366888
66 -464.01574707 -5.52399699
67 -464.33398438 -5.52778553
68 -463.24551392 -5.51482755
69 -465.90447998 -5.54648190
70 -466.70620728 -5.55602628
71 -466.86264038 -5.55788858
72 -470.68835449 -5.60343279
73 -469.60302734 -5.59051223
74 -469.67700195 -5.59139288
75 -468.53878784 -5.57784271
76 -470.63641357 -5.60281445
77 -471.40756226 -5.61199479
78 -471.92471313 -5.61815135
79 -469.42031860 -5.58833713
80 -467.68478394 -5.56767600
81 -466.14654541 -5.54936364
82 -464.39385986 -5.52849833
83 -465.05160522 -5.53632863
84 -464.64459229 -5.53148324
85 -463.31497192 -5.51565443
86 -464.01376343 -5.52397337
87 -460.20773315 -5.47866349
88 -457.29589844 -5.44399879
89 -461.64382935 -5.49575987
90 -459.44082642 -5.46953365
91 -461.44821167 -5.49343109
92 -459.04101562 -5.46477400
93 -457.10729980 -5.44175357
94 -458.32565308 -5.45625777
95 -456.77905273 -5.43784587
96 -453.21356201 -5.39539955
97 -453.75485229 -5.40184348
98 -453.90280151 -5.40360478
99 -452.78976440 -5.39035434
100 -451.20880127 -5.37153335
101 -447.37457275 -5.32588777
102 -446.70465088 -5.31791251
103 -445.21014404 -5.30012076
104 -443.15884399 -5.27570052
105 -441.87429810 -5.26040831
106 -441.82073975 -5.25977071
107 -438.23049927 -5.21702975
108 -433.48171997 -5.16049667
109 -427.93505859 -5.09446498
110 -426.59457397 -5.07850683
111 -427.57192993 -5.09014202
112 -420.58993530 -5.00702304
113 -418.44561768 -4.98149545
114 -413.84091187 -4.92667752
115 -412.59225464 -4.91181256
116 -408.42428589 -4.86219388
117 -407.96270752 -4.85669890
118 -407.41720581 -4.85020483
119 -406.10812378 -4.83462052
120 -404.46328735 -4.81503914
121 -400.16342163 -4.76385026
122 -403.26327515 -4.80075328
123 -400.84500122 -4.77196430
124 -397.02581787 -4.72649783
125 -398.51034546 -4.74417078
126 -398.19631958 -4.74043238
127 -396.20223999 -4.71669333
128 -386.09042358 -4.59631457
129 -382.06906128 -4.54844121
130 -379.98828125 -4.52367001
131 -377.08511353 -4.48910849
132 -375.00543213 -4.46435038
133 -370.21420288 -4.40731194
134 -357.95596313 -4.26138051
135 -361.02136230 -4.29787336
136 -352.67092896 -4.19846344
137 -354.74890137 -4.22320121
138 -351.70571899 -4.18697285
139 -354.37573242 -4.21875872
140 -356.78259277 -4.24741182
141 -366.07623291 -4.35805039
142 -365.04241943 -4.34574309
143 -370.88745117 -4.41532680
144 -368.29956055 -4.38451858
145 -364.33035278 -4.33726610
146 -367.59854126 -4.37617311
147 -361.15045166 -4.29941014
148 -354.46810913 -4.21985844
149 -355.25015259 -4.22916848
150 -363.71118164 -4.32989502
151 -357.33300781 -4.25396438
152 -356.36474609 -4.24243745
153 -353.90093994 -4.21310643
154 -342.01629639 -4.07162258
155 -352.56658936 -4.19722130
156 -341.86285400 -4.06979588
157 -346.56512451 -4.12577529
158 -332.07409668 -3.95326306
159 -347.82312012 -4.14075143
160 -347.60998535 -4.13821411
161 -336.31896973 -4.00379726
162 -315.40625000 -3.75483631
163 -305.91729736 -3.64187259
164 -319.71533203 -3.80613491
165 -305.39187622 -3.63561757
166 -304.87005615 -3.62940543
167 -287.94702148 -3.42794073
168 -269.98950195 -3.21416074
