0 -542.15899658 -6.61169508
1 -542.10705566 -6.61106165
2 -542.08758545 -6.61082421
3 -542.06164551 -6.61050787
4 -542.03778076 -6.61021684
5 -541.97290039 -6.60942561
6 -541.92303467 -6.60881750
7 -541.87493896 -6.60823096
8 -541.84234619 -6.60783349
9 -541.80957031 -6.60743378
10 -541.74096680 -6.60659716
11 -541.71514893 -6.60628230
12 -541.67565918 -6.60580072
13 -541.57177734 -6.60453387
14 -541.56445312 -6.60444455
15 -541.50939941 -6.60377316
16 -541.49530029 -6.60360122
17 -541.49786377 -6.60363248
18 -541.40527344 -6.60250333
19 -541.43066406 -6.60281298
20 -541.42285156 -6.60271770
21 -541.40405273 -6.60248845
22 -541.31042480 -6.60134664
23 -541.20886230 -6.60010808
24 -541.14141846 -6.59928559
25 -541.03955078 -6.59804330
26 -541.04174805 -6.59807010
27 -540.98254395 -6.59734810
28 -540.91613770 -6.59653826
29 -540.72125244 -6.59416162
30 -540.74279785 -6.59442436
31 -540.73400879 -6.59431718
32 -540.73394775 -6.59431644
33 -540.68591309 -6.59373065
34 -540.71215820 -6.59405071
35 -540.74237061 -6.59441915
36 -540.76879883 -6.59474145
37 -540.69128418 -6.59379615
38 -540.64880371 -6.59327809
39 -540.57043457 -6.59232237
40 -540.56604004 -6.59226878
41 -540.51562500 -6.59165396
42 -540.39813232 -6.59022113
43 -540.35705566 -6.58972019
44 -540.35833740 -6.58973582
45 -540.22625732 -6.58812509
46 -540.18634033 -6.58763830
47 -540.11560059 -6.58677562
48 -540.01434326 -6.58554077
49 -540.15466309 -6.58725199
50 -540.21661377 -6.58800748
51 -540.21722412 -6.58801493
52 -540.23980713 -6.58829033
53 -540.21740723 -6.58801716
54 -540.32403564 -6.58931751
55 -540.30908203 -6.58913515
56 -540.19305420 -6.58772017
57 -540.14019775 -6.58707558
58 -540.17742920 -6.58752962
59 -540.19165039 -6.58770305
60 -540.18743896 -6.58765169
61 -540.03417969 -6.58578268
62 -539.91687012 -6.58435207
63 -539.83532715 -6.58335765
64 -539.78430176 -6.58273539
65 -539.67510986 -6.58140378
66 -539.49731445 -6.57923554
67 -539.48266602 -6.57905690
68 -539.34796143 -6.57741416
69 -539.32910156 -6.57718417
70 -539.06463623 -6.57395898
71 -538.80175781 -6.57075314
72 -538.74908447 -6.57011079
73 -538.79840088 -6.57071221
74 -538.62799072 -6.56863403
75 -538.54125977 -6.56757634
76 -538.47161865 -6.56672706
77 -538.37567139 -6.56555697
78 -538.24230957 -6.56393060
79 -538.25323486 -6.56406384
80 -538.06567383 -6.56177651
81 -537.99603271 -6.56092723
82 -537.83056641 -6.55890935
83 -537.68231201 -6.55710137
84 -537.73205566 -6.55770800
85 -537.66278076 -6.55686318
86 -537.77691650 -6.55825508
87 -537.69494629 -6.55725544
88 -537.62969971 -6.55645975
89 -537.64605713 -6.55665923
90 -537.53936768 -6.55535814
91 -537.34814453 -6.55302615
92 -537.28210449 -6.55222079
93 -537.09851074 -6.54998184
94 -537.09753418 -6.54996993
95 -537.04193115 -6.54929184
96 -536.84051514 -6.54683555
97 -536.70129395 -6.54513773
98 -536.63183594 -6.54429068
99 -536.63037109 -6.54427282
100 -536.42449951 -6.54176219
101 -536.23376465 -6.53943615
102 -536.18029785 -6.53878412
103 -536.04620361 -6.53714882
104 -535.75756836 -6.53362888
105 -535.78240967 -6.53393183
106 -535.66632080 -6.53251611
107 -535.71807861 -6.53314730
108 -535.77172852 -6.53380157
109 -535.66870117 -6.53254514
110 -535.67047119 -6.53256672
111 -535.81469727 -6.53432558
112 -535.79718018 -6.53411195
113 -535.60382080 -6.53175391
114 -535.59973145 -6.53170404
115 -535.47723389 -6.53021017
116 -535.30786133 -6.52814465
117 -535.15386963 -6.52626670
118 -534.98901367 -6.52425626
119 -534.65570068 -6.52019147
120 -534.32177734 -6.51611924
121 -534.26171875 -6.51538681
122 -534.28192139 -6.51563319
123 -534.11663818 -6.51361754
124 -534.17694092 -6.51435294
125 -534.16595459 -6.51421896
126 -534.01977539 -6.51243629
127 -533.92871094 -6.51132574
128 -533.66278076 -6.50808269
129 -533.57781982 -6.50704658
130 -533.49908447 -6.50608640
131 -533.37054443 -6.50451883
132 -533.19244385 -6.50234688
133 -533.36743164 -6.50448087
134 -533.12677002 -6.50154598
135 -533.29003906 -6.50353706
136 -533.26147461 -6.50318871
137 -532.89904785 -6.49876888
138 -532.71643066 -6.49654184
139 -532.49822998 -6.49388085
140 -532.22979736 -6.49060728
141 -532.00775146 -6.48789941
142 -532.37109375 -6.49233041
143 -532.46301270 -6.49345137
144 -532.32116699 -6.49172155
145 -532.24566650 -6.49080081
146 -532.39892578 -6.49266983
147 -532.09655762 -6.48898241
148 -532.08520508 -6.48884396
149 -531.75714111 -6.48484318
150 -531.83984375 -6.48585175
151 -531.59143066 -6.48282233
152 -531.81353760 -6.48553095
153 -531.45544434 -6.48116396
154 -531.10296631 -6.47686544
155 -531.14398193 -6.47736563
156 -531.01049805 -6.47573778
157 -531.17736816 -6.47777278
158 -531.27825928 -6.47900316
159 -530.89086914 -6.47427889
160 -530.48144531 -6.46928592
161 -530.57324219 -6.47040539
162 -530.10150146 -6.46465246
163 -530.07891846 -6.46437705
164 -529.64538574 -6.45909007
165 -529.56811523 -6.45814775
166 -529.69049072 -6.45964013
167 -529.28967285 -6.45475211
168 -528.93084717 -6.45037618
169 -529.34173584 -6.45538702
170 -529.47442627 -6.45700520
171 -529.36157227 -6.45562893
172 -528.93585205 -6.45043722
173 -528.68890381 -6.44742566
174 -528.34497070 -6.44323135
175 -528.57855225 -6.44607991
176 -528.20068359 -6.44147175
177 -528.43218994 -6.44429500
178 -528.06835938 -6.43985804
179 -527.63153076 -6.43453086
180 -527.36456299 -6.43127516
181 -527.47973633 -6.43267971
182 -527.47924805 -6.43267376
183 -526.73559570 -6.42360483
184 -526.34399414 -6.41882920
185 -526.26013184 -6.41780649
186 -526.43176270 -6.41989955
187 -526.74548340 -6.42372541
188 -526.50860596 -6.42083666
189 -526.62683105 -6.42227843
190 -526.03509521 -6.41506214
191 -526.40148926 -6.41953036
192 -526.82012939 -6.42463572
193 -526.86315918 -6.42516048
194 -526.91375732 -6.42577753
195 -526.48962402 -6.42060517
196 -525.99304199 -6.41454929
197 -525.67700195 -6.41069515
198 -525.46850586 -6.40815251
199 -525.65930176 -6.41047929
200 -525.50256348 -6.40856785
201 -525.88250732 -6.41320131
202 -526.17529297 -6.41677187
203 -526.16815186 -6.41668478
204 -525.70709229 -6.41106210
205 -525.76513672 -6.41176996
206 -525.56787109 -6.40936428
207 -525.40270996 -6.40735012
208 -524.89477539 -6.40115580
209 -524.41314697 -6.39528228
210 -524.03991699 -6.39073070
211 -524.42321777 -6.39540509
212 -524.38598633 -6.39495105
213 -524.32812500 -6.39424543
214 -524.15435791 -6.39212632
215 -524.01403809 -6.39041510
216 -524.60961914 -6.39767828
217 -524.12554932 -6.39177499
218 -523.88629150 -6.38885721
219 -524.22924805 -6.39303961
220 -523.97265625 -6.38991044
221 -523.90362549 -6.38906860
222 -523.43847656 -6.38339606
223 -523.35644531 -6.38239567
224 -523.42260742 -6.38320253
225 -522.82757568 -6.37594604
226 -522.95001221 -6.37743917
227 -523.22314453 -6.38077006
228 -523.32043457 -6.38195652
229 -523.13415527 -6.37968482
230 -523.16711426 -6.38008676
231 -523.11035156 -6.37939453
232 -523.01831055 -6.37827208
233 -523.21691895 -6.38069413
234 -522.99414062 -6.37797732
235 -522.85729980 -6.37630853
236 -522.82287598 -6.37588873
237 -522.47290039 -6.37162074
238 -522.65850830 -6.37388425
239 -522.80828857 -6.37571084
240 -522.82708740 -6.37594009
241 -522.31134033 -6.36965049
242 -522.62432861 -6.37346742
243 -522.52935791 -6.37230924
244 -521.74993896 -6.36280413
245 -521.99633789 -6.36580900
246 -522.21850586 -6.36851836
247 -522.64758301 -6.37375101
248 -522.34088135 -6.37001075
249 -522.15179443 -6.36770481
250 -520.95202637 -6.35307349
251 -520.51043701 -6.34768826
252 -520.61639404 -6.34898042
253 -520.48699951 -6.34740243
254 -520.53686523 -6.34801055
255 -519.91516113 -6.34042879
256 -519.93151855 -6.34062828
257 -520.00659180 -6.34154380
258 -519.71795654 -6.33802386
259 -519.39770508 -6.33411835
260 -519.31726074 -6.33313733
261 -518.92016602 -6.32829471
262 -518.36608887 -6.32153767
263 -518.60778809 -6.32448522
264 -518.00769043 -6.31716696
265 -517.63977051 -6.31268013
266 -517.52868652 -6.31132545
267 -516.88671875 -6.30349657
268 -516.31494141 -6.29652368
269 -516.66778564 -6.30082665
270 -517.24450684 -6.30785984
271 -517.03314209 -6.30528222
272 -515.82434082 -6.29054074
273 -515.14172363 -6.28221614
274 -514.36816406 -6.27278249
275 -514.28967285 -6.27182528
276 -512.94238281 -6.25539491
277 -512.90979004 -6.25499744
278 -512.43341064 -6.24918793
279 -513.17150879 -6.25818913
280 -512.15344238 -6.24577369
281 -512.55895996 -6.25071902
282 -511.78808594 -6.24131812
283 -512.28399658 -6.24736581
284 -512.77929688 -6.25340606
285 -512.07067871 -6.24476437
286 -511.75564575 -6.24092251
287 -511.98275757 -6.24369217
288 -511.98321533 -6.24369775
289 -512.10980225 -6.24524149
290 -511.52124023 -6.23806391
291 -511.03955078 -6.23218964
292 -511.74255371 -6.24076285
293 -512.75732422 -6.25313810
294 -513.54779053 -6.26277793
295 -513.43475342 -6.26139943
296 -513.67401123 -6.26431721
297 -513.67413330 -6.26431870
298 -513.61480713 -6.26359521
299 -513.70562744 -6.26470277
300 -513.37847900 -6.26071316
301 -513.83215332 -6.26624577
302 -513.84313965 -6.26637975
303 -513.64916992 -6.26401427
304 -513.62445068 -6.26371281
305 -513.41027832 -6.26110096
306 -513.42901611 -6.26132946
307 -512.95599365 -6.25556090
308 -513.49462891 -6.26212962
309 -513.83984375 -6.26633956
310 -513.88140869 -6.26684645
311 -514.32592773 -6.27226741
312 -514.01739502 -6.26850482
313 -512.72576904 -6.25275328
314 -512.08892822 -6.24498693
315 -511.74041748 -6.24073680
316 -511.75570679 -6.24092325
317 -511.08035278 -6.23268723
318 -511.56881714 -6.23864411
319 -511.41265869 -6.23673974
320 -512.03613281 -6.24434308
321 -511.20559692 -6.23421460
322 -511.17285156 -6.23381526
323 -511.31030273 -6.23549150
324 -511.09744263 -6.23289564
325 -510.09802246 -6.22070759
326 -510.15246582 -6.22137153
327 -510.64984131 -6.22743709
328 -510.30548096 -6.22323757
329 -510.75067139 -6.22866672
330 -511.40789795 -6.23668168
331 -511.11737061 -6.23313867
332 -510.69760132 -6.22801953
333 -511.09692383 -6.23288931
334 -509.96612549 -6.21909909
335 -510.56732178 -6.22643075
336 -510.58032227 -6.22658930
337 -510.23004150 -6.22231758
338 -509.62115479 -6.21489213
339 -508.98754883 -6.20716523
340 -509.81341553 -6.21723677
341 -509.93234253 -6.21868710
342 -509.48965454 -6.21328847
343 -508.86502075 -6.20567098
344 -508.06262207 -6.19588564
345 -508.17321777 -6.19723436
346 -507.91766357 -6.19411785
347 -507.41845703 -6.18802996
348 -508.62628174 -6.20275953
349 -508.35800171 -6.19948783
350 -508.33865356 -6.19925187
351 -508.92178345 -6.20636321
352 -508.46246338 -6.20076175
353 -507.98760986 -6.19497085
354 -507.89788818 -6.19387669
355 -508.35754395 -6.19948224
356 -506.79772949 -6.18046012
357 -506.15606689 -6.17263496
358 -505.45407104 -6.16407404
359 -504.97839355 -6.15827309
360 -503.79492188 -6.14384051
361 -503.65496826 -6.14213376
362 -503.42504883 -6.13932986
363 -502.82360840 -6.13199522
364 -502.38055420 -6.12659212
365 -502.37142944 -6.12648085
366 -502.11865234 -6.12339820
367 -501.21130371 -6.11233297
368 -499.87939453 -6.09609018
369 -499.72680664 -6.09422935
370 -499.60156250 -6.09270198
371 -497.91333008 -6.07211378
372 -497.73049927 -6.06988414
373 -497.18591309 -6.06324284
374 -497.04458618 -6.06151934
375 -496.88647461 -6.05959115
376 -497.65008545 -6.06890348
377 -496.93072510 -6.06013079
378 -496.04864502 -6.04937372
379 -496.45703125 -6.05435404
380 -496.56954956 -6.05572621
381 -495.42721558 -6.04179531
382 -495.06701660 -6.03740264
383 -494.25988770 -6.02755961
384 -494.29193115 -6.02795038
385 -494.10784912 -6.02570548
386 -493.90161133 -6.02319038
387 -492.46423340 -6.00566138
388 -492.05966187 -6.00072758
389 -491.62286377 -5.99540078
390 -491.05523682 -5.98847850
391 -490.53796387 -5.98217029
392 -491.08361816 -5.98882461
393 -489.08673096 -5.96447233
394 -488.43267822 -5.95649608
395 -488.28076172 -5.95464344
396 -488.86599731 -5.96178046
397 -487.76635742 -5.94837021
398 -489.26187134 -5.96660819
399 -488.71853638 -5.95998215
400 -488.28186035 -5.95465683
401 -486.11462402 -5.92822712
402 -486.54321289 -5.93345382
403 -485.60900879 -5.92206108
404 -487.07046509 -5.93988372
405 -487.15423584 -5.94090532
406 -487.64221191 -5.94685624
407 -487.06396484 -5.93980445
408 -487.32476807 -5.94298498
409 -485.58380127 -5.92175367
410 -486.30798340 -5.93058516
411 -485.55426025 -5.92139342
412 -484.54428101 -5.90907660
413 -484.47052002 -5.90817707
414 -485.31188965 -5.91843768
415 -483.85980225 -5.90072930
416 -482.68536377 -5.88640688
417 -482.10894775 -5.87937741
418 -480.87005615 -5.86426898
419 -479.39544678 -5.84628594
420 -480.27047729 -5.85695704
421 -481.18371582 -5.86809410
422 -481.22799683 -5.86863411
423 -481.95028687 -5.87744252
424 -482.41659546 -5.88312921
425 -484.48913574 -5.90840409
426 -483.10424805 -5.89151522
427 -483.78961182 -5.89987331
428 -482.95343018 -5.88967598
429 -482.05169678 -5.87867923
430 -481.77102661 -5.87525642
431 -483.31573486 -5.89409433
432 -483.80892944 -5.90010890
433 -483.43579102 -5.89555843
434 -482.57495117 -5.88506038
435 -483.41760254 -5.89533662
436 -483.28738403 -5.89374859
437 -482.43493652 -5.88335288
438 -482.23748779 -5.88094497
439 -481.25772095 -5.86899660
440 -481.48620605 -5.87178300
441 -479.94659424 -5.85300725
442 -479.07617188 -5.84239234
443 -479.48236084 -5.84734586
444 -478.55093384 -5.83598700
445 -476.56964111 -5.81182489
446 -477.69683838 -5.82557120
447 -475.81512451 -5.80262347
448 -475.75482178 -5.80188807
449 -476.38372803 -5.80955766
450 -475.47265625 -5.79844703
451 -474.25567627 -5.78360581
452 -473.85766602 -5.77875202
453 -475.05798340 -5.79339004
454 -475.56561279 -5.79958064
455 -476.51593018 -5.81116988
456 -476.40740967 -5.80984646
457 -473.91564941 -5.77945914
458 -472.28564453 -5.75958103
459 -470.13397217 -5.73334112
460 -470.97171021 -5.74355744
461 -471.75509644 -5.75311093
462 -473.41387939 -5.77333999
463 -473.15243530 -5.77015165
464 -471.80438232 -5.75371198
