0 -526.37518311 -7.31076643
1 -526.38293457 -7.31087409
2 -526.38598633 -7.31091648
3 -526.38708496 -7.31093174
4 -526.38842773 -7.31095039
5 -526.38916016 -7.31096056
6 -526.38940430 -7.31096395
7 -526.38928223 -7.31096225
8 -526.39013672 -7.31097412
9 -526.39025879 -7.31097582
10 -526.39086914 -7.31098429
11 -526.38928223 -7.31096225
12 -526.38989258 -7.31097073
13 -526.39050293 -7.31097921
14 -526.39025879 -7.31097582
15 -526.39086914 -7.31098429
16 -526.39038086 -7.31097751
17 -526.39025879 -7.31097582
18 -526.38989258 -7.31097073
19 -526.39062500 -7.31098090
20 -526.38909912 -7.31095971
21 -526.39001465 -7.31097243
22 -526.38964844 -7.31096734
23 -526.39013672 -7.31097412
24 -526.39013672 -7.31097412
25 -526.39050293 -7.31097921
26 -526.39050293 -7.31097921
27 -526.39019775 -7.31097497
28 -526.39093018 -7.31098514
29 -526.39001465 -7.31097243
30 -526.39099121 -7.31098599
31 -526.38970947 -7.31096819
32 -526.39013672 -7.31097412
33 -526.38903809 -7.31095886
34 -526.38952637 -7.31096564
35 -526.39001465 -7.31097243
36 -526.39038086 -7.31097751
37 -526.39025879 -7.31097582
38 -526.39062500 -7.31098090
39 -526.38897705 -7.31095801
40 -526.38903809 -7.31095886
41 -526.39038086 -7.31097751
42 -526.38940430 -7.31096395
43 -526.38977051 -7.31096903
44 -526.38964844 -7.31096734
45 -526.39001465 -7.31097243
46 -526.38848877 -7.31095123
47 -526.38928223 -7.31096225
48 -526.38903809 -7.31095886
49 -526.38903809 -7.31095886
50 -526.38781738 -7.31094191
51 -526.38867188 -7.31095378
52 -526.38775635 -7.31094106
53 -526.38854980 -7.31095208
54 -526.38781738 -7.31094191
55 -526.38830566 -7.31094869
56 -526.38848877 -7.31095123
57 -526.38757324 -7.31093852
58 -526.38812256 -7.31094615
59 -526.38702393 -7.31093089
60 -526.38793945 -7.31094360
61 -526.38806152 -7.31094530
62 -526.38757324 -7.31093852
63 -526.38684082 -7.31092834
64 -526.38757324 -7.31093852
65 -526.38830566 -7.31094869
66 -526.38708496 -7.31093174
67 -526.38702393 -7.31093089
68 -526.38684082 -7.31092834
69 -526.38629150 -7.31092072
70 -526.38659668 -7.31092495
71 -526.38726807 -7.31093428
72 -526.38696289 -7.31093004
73 -526.38543701 -7.31090885
74 -526.38610840 -7.31091817
75 -526.38592529 -7.31091563
76 -526.38598633 -7.31091648
77 -526.38574219 -7.31091309
78 -526.38525391 -7.31090630
79 -526.38598633 -7.31091648
80 -526.38653564 -7.31092411
81 -526.38671875 -7.31092665
82 -526.38574219 -7.31091309
83 -526.38549805 -7.31090970
84 -526.38555908 -7.31091054
85 -526.38586426 -7.31091478
86 -526.38488770 -7.31090122
87 -526.38488770 -7.31090122
88 -526.38476562 -7.31089952
89 -526.38549805 -7.31090970
90 -526.38562012 -7.31091139
91 -526.38513184 -7.31090461
92 -526.38464355 -7.31089783
93 -526.38488770 -7.31090122
94 -526.38385010 -7.31088681
95 -526.38391113 -7.31088765
96 -526.38366699 -7.31088426
97 -526.38446045 -7.31089528
98 -526.38464355 -7.31089783
99 -526.38439941 -7.31089444
100 -526.38427734 -7.31089274
101 -526.38330078 -7.31087918
102 -526.38446045 -7.31089528
103 -526.38403320 -7.31088935
104 -526.38269043 -7.31087070
105 -526.38330078 -7.31087918
106 -526.38305664 -7.31087579
107 -526.38305664 -7.31087579
108 -526.38208008 -7.31086222
109 -526.38269043 -7.31087070
110 -526.38208008 -7.31086222
111 -526.38183594 -7.31085883
112 -526.38171387 -7.31085714
113 -526.38122559 -7.31085036
114 -526.38226318 -7.31086477
115 -526.38269043 -7.31087070
116 -526.38317871 -7.31087748
117 -526.38305664 -7.31087579
118 -526.38244629 -7.31086731
119 -526.38293457 -7.31087409
120 -526.38238525 -7.31086646
121 -526.38146973 -7.31085375
122 -526.38250732 -7.31086816
123 -526.38183594 -7.31085883
124 -526.38153076 -7.31085459
125 -526.38098145 -7.31084696
126 -526.38024902 -7.31083679
127 -526.38037109 -7.31083849
128 -526.38024902 -7.31083679
129 -526.38092041 -7.31084612
130 -526.38079834 -7.31084442
131 -526.37927246 -7.31082323
132 -526.38073730 -7.31084357
133 -526.38073730 -7.31084357
134 -526.38104248 -7.31084781
135 -526.38073730 -7.31084357
136 -526.38043213 -7.31083934
137 -526.38061523 -7.31084188
138 -526.38000488 -7.31083340
139 -526.37963867 -7.31082831
140 -526.37951660 -7.31082662
141 -526.38055420 -7.31084103
142 -526.38140869 -7.31085290
143 -526.38049316 -7.31084018
144 -526.38012695 -7.31083510
145 -526.38098145 -7.31084696
146 -526.38012695 -7.31083510
147 -526.38000488 -7.31083340
148 -526.37988281 -7.31083171
149 -526.38024902 -7.31083679
150 -526.38055420 -7.31084103
151 -526.37994385 -7.31083255
152 -526.38073730 -7.31084357
153 -526.37969971 -7.31082916
154 -526.37976074 -7.31083001
155 -526.37908936 -7.31082069
156 -526.38085938 -7.31084527
157 -526.37915039 -7.31082153
158 -526.37963867 -7.31082831
159 -526.37951660 -7.31082662
160 -526.37976074 -7.31083001
161 -526.38043213 -7.31083934
162 -526.37963867 -7.31082831
163 -526.38049316 -7.31084018
164 -526.38012695 -7.31083510
165 -526.37982178 -7.31083086
166 -526.37976074 -7.31083001
167 -526.37988281 -7.31083171
168 -526.37976074 -7.31083001
169 -526.38122559 -7.31085036
170 -526.38049316 -7.31084018
171 -526.38043213 -7.31083934
172 -526.37994385 -7.31083255
173 -526.37878418 -7.31081645
174 -526.38000488 -7.31083340
175 -526.37976074 -7.31083001
176 -526.38012695 -7.31083510
177 -526.38037109 -7.31083849
178 -526.38012695 -7.31083510
179 -526.37988281 -7.31083171
180 -526.38006592 -7.31083425
181 -526.37915039 -7.31082153
182 -526.37860107 -7.31081390
183 -526.37988281 -7.31083171
184 -526.38012695 -7.31083510
185 -526.38146973 -7.31085375
186 -526.38085938 -7.31084527
187 -526.38183594 -7.31085883
188 -526.38073730 -7.31084357
189 -526.38159180 -7.31085544
190 -526.38171387 -7.31085714
191 -526.38122559 -7.31085036
192 -526.38122559 -7.31085036
193 -526.38220215 -7.31086392
194 -526.38146973 -7.31085375
195 -526.38098145 -7.31084696
196 -526.38171387 -7.31085714
197 -526.38098145 -7.31084696
198 -526.38104248 -7.31084781
199 -526.38098145 -7.31084696
200 -526.38134766 -7.31085205
201 -526.38146973 -7.31085375
202 -526.38220215 -7.31086392
203 -526.38208008 -7.31086222
204 -526.38159180 -7.31085544
205 -526.38171387 -7.31085714
206 -526.38159180 -7.31085544
207 -526.38092041 -7.31084612
208 -526.38079834 -7.31084442
209 -526.38134766 -7.31085205
210 -526.38110352 -7.31084866
211 -526.38195801 -7.31086053
212 -526.38085938 -7.31084527
213 -526.38226318 -7.31086477
214 -526.38177490 -7.31085798
215 -526.38037109 -7.31083849
216 -526.38085938 -7.31084527
217 -526.38140869 -7.31085290
218 -526.38128662 -7.31085120
219 -526.38128662 -7.31085120
220 -526.38085938 -7.31084527
221 -526.38061523 -7.31084188
222 -526.38165283 -7.31085629
223 -526.37982178 -7.31083086
224 -526.38000488 -7.31083340
225 -526.38012695 -7.31083510
226 -526.37988281 -7.31083171
227 -526.37957764 -7.31082747
228 -526.37976074 -7.31083001
229 -526.37933350 -7.31082408
230 -526.38043213 -7.31083934
231 -526.38012695 -7.31083510
232 -526.37951660 -7.31082662
233 -526.37908936 -7.31082069
234 -526.37951660 -7.31082662
235 -526.38012695 -7.31083510
236 -526.37982178 -7.31083086
237 -526.37902832 -7.31081984
238 -526.37927246 -7.31082323
239 -526.37976074 -7.31083001
240 -526.37988281 -7.31083171
241 -526.37915039 -7.31082153
242 -526.38116455 -7.31084951
243 -526.37945557 -7.31082577
244 -526.38000488 -7.31083340
245 -526.38006592 -7.31083425
246 -526.37976074 -7.31083001
247 -526.37890625 -7.31081814
248 -526.37854004 -7.31081306
249 -526.37896729 -7.31081899
250 -526.37884521 -7.31081729
251 -526.37951660 -7.31082662
252 -526.37866211 -7.31081475
253 -526.37780762 -7.31080288
254 -526.37860107 -7.31081390
255 -526.37890625 -7.31081814
256 -526.37823486 -7.31080882
257 -526.37866211 -7.31081475
258 -526.37829590 -7.31080967
259 -526.37731934 -7.31079610
260 -526.37786865 -7.31080373
261 -526.37719727 -7.31079441
262 -526.37719727 -7.31079441
263 -526.37689209 -7.31079017
264 -526.37646484 -7.31078423
265 -526.37670898 -7.31078762
266 -526.37634277 -7.31078254
267 -526.37670898 -7.31078762
268 -526.37585449 -7.31077576
269 -526.37585449 -7.31077576
270 -526.37506104 -7.31076474
271 -526.37536621 -7.31076898
272 -526.37548828 -7.31077067
273 -526.37487793 -7.31076219
274 -526.37402344 -7.31075033
275 -526.37371826 -7.31074609
276 -526.37304688 -7.31073676
277 -526.37402344 -7.31075033
278 -526.37255859 -7.31072998
279 -526.37359619 -7.31074439
280 -526.37377930 -7.31074693
281 -526.37243652 -7.31072829
282 -526.37225342 -7.31072574
283 -526.37292480 -7.31073507
284 -526.37329102 -7.31074015
285 -526.37286377 -7.31073422
286 -526.37341309 -7.31074185
287 -526.37243652 -7.31072829
288 -526.37231445 -7.31072659
289 -526.37200928 -7.31072235
290 -526.37158203 -7.31071642
291 -526.37133789 -7.31071303
292 -526.37182617 -7.31071981
293 -526.37145996 -7.31071472
294 -526.37255859 -7.31072998
295 -526.37194824 -7.31072150
296 -526.37170410 -7.31071811
297 -526.37261963 -7.31073083
298 -526.37011719 -7.31069607
299 -526.37225342 -7.31072574
300 -526.37188721 -7.31072066
301 -526.37145996 -7.31071472
302 -526.37139893 -7.31071387
303 -526.37243652 -7.31072829
304 -526.37194824 -7.31072150
305 -526.37145996 -7.31071472
306 -526.37133789 -7.31071303
307 -526.37170410 -7.31071811
308 -526.37023926 -7.31069777
309 -526.37023926 -7.31069777
310 -526.37011719 -7.31069607
311 -526.37060547 -7.31070285
312 -526.37158203 -7.31071642
313 -526.37072754 -7.31070455
314 -526.37054443 -7.31070201
315 -526.37097168 -7.31070794
316 -526.37097168 -7.31070794
317 -526.36889648 -7.31067912
318 -526.36987305 -7.31069268
319 -526.37017822 -7.31069692
320 -526.36956787 -7.31068844
321 -526.36999512 -7.31069438
322 -526.36987305 -7.31069268
323 -526.37084961 -7.31070624
324 -526.37048340 -7.31070116
325 -526.37048340 -7.31070116
326 -526.37023926 -7.31069777
327 -526.36962891 -7.31068929
328 -526.37030029 -7.31069862
329 -526.37060547 -7.31070285
330 -526.37139893 -7.31071387
331 -526.37023926 -7.31069777
332 -526.37072754 -7.31070455
333 -526.36975098 -7.31069099
334 -526.37005615 -7.31069522
335 -526.37091064 -7.31070709
336 -526.36993408 -7.31069353
337 -526.37048340 -7.31070116
338 -526.36999512 -7.31069438
339 -526.37017822 -7.31069692
340 -526.37023926 -7.31069777
341 -526.36987305 -7.31069268
342 -526.36938477 -7.31068590
343 -526.36999512 -7.31069438
344 -526.37072754 -7.31070455
345 -526.37145996 -7.31071472
346 -526.37109375 -7.31070964
347 -526.37109375 -7.31070964
348 -526.37145996 -7.31071472
349 -526.37072754 -7.31070455
350 -526.36981201 -7.31069183
351 -526.37127686 -7.31071218
352 -526.37060547 -7.31070285
353 -526.37145996 -7.31071472
354 -526.37103271 -7.31070879
355 -526.37145996 -7.31071472
356 -526.36950684 -7.31068759
357 -526.37121582 -7.31071133
358 -526.37036133 -7.31069946
359 -526.37084961 -7.31070624
360 -526.36920166 -7.31068336
361 -526.36938477 -7.31068590
362 -526.37023926 -7.31069777
363 -526.37072754 -7.31070455
364 -526.37097168 -7.31070794
365 -526.37048340 -7.31070116
366 -526.37145996 -7.31071472
367 -526.37200928 -7.31072235
368 -526.37207031 -7.31072320
369 -526.37207031 -7.31072320
370 -526.37255859 -7.31072998
371 -526.37316895 -7.31073846
372 -526.37158203 -7.31071642
373 -526.37213135 -7.31072405
374 -526.37249756 -7.31072913
375 -526.37377930 -7.31074693
376 -526.37329102 -7.31074015
377 -526.37365723 -7.31074524
378 -526.37390137 -7.31074863
379 -526.37335205 -7.31074100
380 -526.37414551 -7.31075202
381 -526.37316895 -7.31073846
382 -526.37426758 -7.31075372
383 -526.37438965 -7.31075541
384 -526.37414551 -7.31075202
385 -526.37475586 -7.31076050
386 -526.37512207 -7.31076558
387 -526.37487793 -7.31076219
388 -526.37506104 -7.31076474
389 -526.37438965 -7.31075541
390 -526.37402344 -7.31075033
391 -526.37463379 -7.31075880
392 -526.37402344 -7.31075033
393 -526.37524414 -7.31076728
394 -526.37438965 -7.31075541
395 -526.37475586 -7.31076050
396 -526.37634277 -7.31078254
397 -526.37377930 -7.31074693
398 -526.37548828 -7.31077067
399 -526.37615967 -7.31078000
400 -526.37634277 -7.31078254
401 -526.37603760 -7.31077830
402 -526.37664795 -7.31078678
403 -526.37628174 -7.31078169
404 -526.37548828 -7.31077067
405 -526.37689209 -7.31079017
406 -526.37561035 -7.31077237
407 -526.37597656 -7.31077745
408 -526.37500000 -7.31076389
409 -526.37524414 -7.31076728
410 -526.37475586 -7.31076050
411 -526.37487793 -7.31076219
412 -526.37548828 -7.31077067
413 -526.37475586 -7.31076050
414 -526.37518311 -7.31076643
415 -526.37518311 -7.31076643
416 -526.37609863 -7.31077915
417 -526.37615967 -7.31078000
418 -526.37609863 -7.31077915
419 -526.37451172 -7.31075711
420 -526.37603760 -7.31077830
421 -526.37506104 -7.31076474
422 -526.37628174 -7.31078169
423 -526.37609863 -7.31077915
424 -526.37579346 -7.31077491
425 -526.37573242 -7.31077406
426 -526.37548828 -7.31077067
427 -526.37548828 -7.31077067
428 -526.37561035 -7.31077237
429 -526.37658691 -7.31078593
430 -526.37554932 -7.31077152
431 -526.37634277 -7.31078254
432 -526.37622070 -7.31078084
433 -526.37585449 -7.31077576
434 -526.37585449 -7.31077576
435 -526.37640381 -7.31078339
436 -526.37646484 -7.31078423
437 -526.37609863 -7.31077915
438 -526.37615967 -7.31078000
439 -526.37597656 -7.31077745
440 -526.37689209 -7.31079017
441 -526.37670898 -7.31078762
442 -526.37622070 -7.31078084
443 -526.37561035 -7.31077237
444 -526.37658691 -7.31078593
445 -526.37622070 -7.31078084
446 -526.37774658 -7.31080204
447 -526.37744141 -7.31079780
448 -526.37719727 -7.31079441
449 -526.37738037 -7.31079695
450 -526.37707520 -7.31079271
451 -526.37701416 -7.31079186
452 -526.37786865 -7.31080373
453 -526.37792969 -7.31080458
454 -526.37799072 -7.31080543
455 -526.37890625 -7.31081814
456 -526.37976074 -7.31083001
457 -526.37884521 -7.31081729
458 -526.37921143 -7.31082238
459 -526.37902832 -7.31081984
460 -526.37951660 -7.31082662
461 -526.37847900 -7.31081221
462 -526.37890625 -7.31081814
463 -526.37890625 -7.31081814
464 -526.37841797 -7.31081136
465 -526.37927246 -7.31082323
466 -526.37878418 -7.31081645
467 -526.37939453 -7.31082492
468 -526.37915039 -7.31082153
469 -526.37890625 -7.31081814
470 -526.37902832 -7.31081984
471 -526.37915039 -7.31082153
472 -526.37854004 -7.31081306
473 -526.37933350 -7.31082408
474 -526.37988281 -7.31083171
475 -526.37890625 -7.31081814
476 -526.37841797 -7.31081136
477 -526.37927246 -7.31082323
478 -526.37927246 -7.31082323
479 -526.37939453 -7.31082492
480 -526.38000488 -7.31083340
481 -526.37915039 -7.31082153
482 -526.38049316 -7.31084018
483 -526.38018799 -7.31083594
484 -526.37976074 -7.31083001
485 -526.38061523 -7.31084188
486 -526.37982178 -7.31083086
487 -526.37982178 -7.31083086
488 -526.37988281 -7.31083171
489 -526.37988281 -7.31083171
490 -526.37988281 -7.31083171
491 -526.37976074 -7.31083001
492 -526.38098145 -7.31084696
493 -526.38024902 -7.31083679
494 -526.38061523 -7.31084188
495 -526.38085938 -7.31084527
496 -526.38049316 -7.31084018
497 -526.37915039 -7.31082153
498 -526.37988281 -7.31083171
499 -526.37939453 -7.31082492
500 -526.37921143 -7.31082238
501 -526.37976074 -7.31083001
502 -526.37896729 -7.31081899
503 -526.38000488 -7.31083340
504 -526.37915039 -7.31082153
505 -526.37890625 -7.31081814
506 -526.37951660 -7.31082662
507 -526.37957764 -7.31082747
508 -526.37976074 -7.31083001
509 -526.37866211 -7.31081475
510 -526.37994385 -7.31083255
511 -526.38006592 -7.31083425
512 -526.37982178 -7.31083086
513 -526.38073730 -7.31084357
514 -526.38012695 -7.31083510
515 -526.37963867 -7.31082831
516 -526.37915039 -7.31082153
517 -526.37951660 -7.31082662
518 -526.37976074 -7.31083001
519 -526.37933350 -7.31082408
520 -526.37902832 -7.31081984
521 -526.37878418 -7.31081645
522 -526.37945557 -7.31082577
523 -526.37988281 -7.31083171
524 -526.37896729 -7.31081899
525 -526.37951660 -7.31082662
526 -526.37976074 -7.31083001
527 -526.37915039 -7.31082153
528 -526.37945557 -7.31082577
529 -526.37915039 -7.31082153
530 -526.37976074 -7.31083001
531 -526.37939453 -7.31082492
532 -526.37847900 -7.31081221
533 -526.37951660 -7.31082662
534 -526.37799072 -7.31080543
535 -526.37927246 -7.31082323
536 -526.37963867 -7.31082831
537 -526.37939453 -7.31082492
538 -526.37982178 -7.31083086
539 -526.38061523 -7.31084188
540 -526.38098145 -7.31084696
541 -526.38043213 -7.31083934
542 -526.37915039 -7.31082153
543 -526.37969971 -7.31082916
544 -526.37902832 -7.31081984
545 -526.37890625 -7.31081814
546 -526.37902832 -7.31081984
547 -526.38012695 -7.31083510
548 -526.38085938 -7.31084527
549 -526.38049316 -7.31084018
550 -526.38061523 -7.31084188
551 -526.37988281 -7.31083171
552 -526.38098145 -7.31084696
553 -526.38006592 -7.31083425
554 -526.38146973 -7.31085375
555 -526.38098145 -7.31084696
556 -526.38061523 -7.31084188
557 -526.38085938 -7.31084527
558 -526.38037109 -7.31083849
559 -526.38122559 -7.31085036
560 -526.38159180 -7.31085544
561 -526.38055420 -7.31084103
562 -526.38000488 -7.31083340
563 -526.38098145 -7.31084696
564 -526.38110352 -7.31084866
565 -526.38049316 -7.31084018
566 -526.38092041 -7.31084612
567 -526.38049316 -7.31084018
568 -526.38073730 -7.31084357
569 -526.38208008 -7.31086222
570 -526.38073730 -7.31084357
571 -526.38104248 -7.31084781
572 -526.38085938 -7.31084527
573 -526.38085938 -7.31084527
574 -526.38122559 -7.31085036
575 -526.38171387 -7.31085714
576 -526.38049316 -7.31084018
577 -526.38085938 -7.31084527
578 -526.38049316 -7.31084018
579 -526.38146973 -7.31085375
580 -526.38122559 -7.31085036
581 -526.38116455 -7.31084951
582 -526.38134766 -7.31085205
583 -526.38092041 -7.31084612
584 -526.38098145 -7.31084696
585 -526.38049316 -7.31084018
586 -526.38037109 -7.31083849
587 -526.37933350 -7.31082408
588 -526.37976074 -7.31083001
589 -526.38055420 -7.31084103
590 -526.38049316 -7.31084018
591 -526.38085938 -7.31084527
592 -526.38061523 -7.31084188
593 -526.38140869 -7.31085290
594 -526.38073730 -7.31084357
595 -526.38122559 -7.31085036
596 -526.38159180 -7.31085544
597 -526.38104248 -7.31084781
598 -526.38140869 -7.31085290
599 -526.38195801 -7.31086053
600 -526.38134766 -7.31085205
601 -526.38281250 -7.31087240
602 -526.38244629 -7.31086731
603 -526.38275146 -7.31087155
604 -526.38183594 -7.31085883
605 -526.38275146 -7.31087155
606 -526.38183594 -7.31085883
607 -526.38293457 -7.31087409
608 -526.38146973 -7.31085375
609 -526.38177490 -7.31085798
610 -526.38165283 -7.31085629
611 -526.38244629 -7.31086731
612 -526.38183594 -7.31085883
613 -526.38201904 -7.31086138
614 -526.38244629 -7.31086731
615 -526.38201904 -7.31086138
616 -526.38275146 -7.31087155
617 -526.38171387 -7.31085714
618 -526.38208008 -7.31086222
619 -526.38208008 -7.31086222
620 -526.38256836 -7.31086900
621 -526.38220215 -7.31086392
622 -526.38214111 -7.31086307
623 -526.38183594 -7.31085883
624 -526.38104248 -7.31084781
625 -526.38244629 -7.31086731
626 -526.38183594 -7.31085883
627 -526.38195801 -7.31086053
628 -526.38244629 -7.31086731
629 -526.38232422 -7.31086561
630 -526.38110352 -7.31084866
631 -526.38024902 -7.31083679
632 -526.38146973 -7.31085375
633 -526.38183594 -7.31085883
634 -526.38092041 -7.31084612
635 -526.38220215 -7.31086392
636 -526.38177490 -7.31085798
637 -526.38183594 -7.31085883
638 -526.38256836 -7.31086900
639 -526.38330078 -7.31087918
640 -526.38256836 -7.31086900
641 -526.38220215 -7.31086392
642 -526.38269043 -7.31087070
643 -526.38195801 -7.31086053
644 -526.38079834 -7.31084442
645 -526.38269043 -7.31087070
646 -526.38311768 -7.31087663
647 -526.38195801 -7.31086053
648 -526.38269043 -7.31087070
649 -526.38354492 -7.31088257
650 -526.38269043 -7.31087070
651 -526.38317871 -7.31087748
652 -526.38214111 -7.31086307
653 -526.38195801 -7.31086053
654 -526.38140869 -7.31085290
655 -526.38128662 -7.31085120
656 -526.38171387 -7.31085714
657 -526.38195801 -7.31086053
658 -526.38171387 -7.31085714
659 -526.38262939 -7.31086985
660 -526.38256836 -7.31086900
661 -526.38146973 -7.31085375
662 -526.38171387 -7.31085714
663 -526.38183594 -7.31085883
664 -526.38244629 -7.31086731
665 -526.38220215 -7.31086392
666 -526.38171387 -7.31085714
667 -526.38244629 -7.31086731
668 -526.38134766 -7.31085205
669 -526.38171387 -7.31085714
670 -526.38061523 -7.31084188
671 -526.38146973 -7.31085375
672 -526.38110352 -7.31084866
673 -526.38098145 -7.31084696
674 -526.38165283 -7.31085629
675 -526.38159180 -7.31085544
676 -526.38140869 -7.31085290
677 -526.38128662 -7.31085120
678 -526.38134766 -7.31085205
679 -526.38122559 -7.31085036
680 -526.38049316 -7.31084018
681 -526.38085938 -7.31084527
682 -526.38159180 -7.31085544
683 -526.38098145 -7.31084696
684 -526.38195801 -7.31086053
685 -526.38037109 -7.31083849
686 -526.38098145 -7.31084696
687 -526.38049316 -7.31084018
688 -526.38049316 -7.31084018
689 -526.38085938 -7.31084527
690 -526.38159180 -7.31085544
691 -526.38122559 -7.31085036
692 -526.38073730 -7.31084357
693 -526.38165283 -7.31085629
694 -526.38073730 -7.31084357
695 -526.38165283 -7.31085629
696 -526.38183594 -7.31085883
697 -526.38171387 -7.31085714
698 -526.38085938 -7.31084527
699 -526.38195801 -7.31086053
700 -526.38208008 -7.31086222
701 -526.38208008 -7.31086222
702 -526.38214111 -7.31086307
703 -526.38317871 -7.31087748
704 -526.38085938 -7.31084527
705 -526.38122559 -7.31085036
706 -526.38134766 -7.31085205
707 -526.38049316 -7.31084018
708 -526.38122559 -7.31085036
709 -526.38189697 -7.31085968
710 -526.38134766 -7.31085205
711 -526.38171387 -7.31085714
712 -526.38165283 -7.31085629
713 -526.38146973 -7.31085375
714 -526.38183594 -7.31085883
715 -526.38220215 -7.31086392
716 -526.38269043 -7.31087070
717 -526.38250732 -7.31086816
718 -526.38287354 -7.31087324
719 -526.38165283 -7.31085629
720 -526.38256836 -7.31086900
721 -526.38269043 -7.31087070
722 -526.38293457 -7.31087409
723 -526.38330078 -7.31087918
724 -526.38159180 -7.31085544
725 -526.38232422 -7.31086561
726 -526.38232422 -7.31086561
727 -526.38134766 -7.31085205
728 -526.38305664 -7.31087579
729 -526.38250732 -7.31086816
730 -526.38250732 -7.31086816
731 -526.38220215 -7.31086392
732 -526.38220215 -7.31086392
733 -526.38183594 -7.31085883
734 -526.38208008 -7.31086222
735 -526.38208008 -7.31086222
736 -526.38232422 -7.31086561
737 -526.38293457 -7.31087409
738 -526.38305664 -7.31087579
739 -526.38275146 -7.31087155
740 -526.38195801 -7.31086053
741 -526.38208008 -7.31086222
742 -526.38281250 -7.31087240
743 -526.38317871 -7.31087748
744 -526.38317871 -7.31087748
745 -526.38195801 -7.31086053
746 -526.38195801 -7.31086053
747 -526.38293457 -7.31087409
748 -526.38256836 -7.31086900
749 -526.38220215 -7.31086392
750 -526.38256836 -7.31086900
751 -526.38183594 -7.31085883
752 -526.38269043 -7.31087070
753 -526.38232422 -7.31086561
754 -526.38238525 -7.31086646
755 -526.38256836 -7.31086900
756 -526.38281250 -7.31087240
757 -526.38262939 -7.31086985
758 -526.38244629 -7.31086731
759 -526.38140869 -7.31085290
760 -526.38146973 -7.31085375
761 -526.38177490 -7.31085798
762 -526.38104248 -7.31084781
763 -526.38220215 -7.31086392
764 -526.38110352 -7.31084866
765 -526.38134766 -7.31085205
766 -526.38232422 -7.31086561
767 -526.38146973 -7.31085375
768 -526.38146973 -7.31085375
769 -526.38226318 -7.31086477
770 -526.38049316 -7.31084018
771 -526.38098145 -7.31084696
772 -526.38208008 -7.31086222
773 -526.38134766 -7.31085205
774 -526.38208008 -7.31086222
775 -526.38269043 -7.31087070
776 -526.38256836 -7.31086900
777 -526.38281250 -7.31087240
778 -526.38391113 -7.31088765
779 -526.38378906 -7.31088596
780 -526.38409424 -7.31089020
781 -526.38513184 -7.31090461
782 -526.38378906 -7.31088596
783 -526.38348389 -7.31088172
784 -526.38433838 -7.31089359
785 -526.38537598 -7.31090800
786 -526.38458252 -7.31089698
787 -526.38415527 -7.31089105
788 -526.38366699 -7.31088426
789 -526.38391113 -7.31088765
790 -526.38415527 -7.31089105
791 -526.38348389 -7.31088172
792 -526.38397217 -7.31088850
793 -526.38433838 -7.31089359
794 -526.38488770 -7.31090122
795 -526.38470459 -7.31089867
796 -526.38525391 -7.31090630
797 -526.38531494 -7.31090715
798 -526.38513184 -7.31090461
799 -526.38525391 -7.31090630
800 -526.38580322 -7.31091393
801 -526.38537598 -7.31090800
802 -526.38500977 -7.31090291
803 -526.38513184 -7.31090461
804 -526.38562012 -7.31091139
805 -526.38555908 -7.31091054
806 -526.38525391 -7.31090630
807 -526.38616943 -7.31091902
808 -526.38604736 -7.31091732
809 -526.38586426 -7.31091478
810 -526.38476562 -7.31089952
811 -526.38464355 -7.31089783
812 -526.38513184 -7.31090461
813 -526.38610840 -7.31091817
814 -526.38574219 -7.31091309
815 -526.38525391 -7.31090630
816 -526.38476562 -7.31089952
817 -526.38439941 -7.31089444
818 -526.38458252 -7.31089698
819 -526.38513184 -7.31090461
820 -526.38488770 -7.31090122
821 -526.38476562 -7.31089952
822 -526.38543701 -7.31090885
823 -526.38574219 -7.31091309
824 -526.38623047 -7.31091987
825 -526.38635254 -7.31092156
826 -526.38635254 -7.31092156
827 -526.38653564 -7.31092411
828 -526.38586426 -7.31091478
829 -526.38629150 -7.31092072
830 -526.38586426 -7.31091478
831 -526.38677979 -7.31092750
832 -526.38696289 -7.31093004
833 -526.38708496 -7.31093174
834 -526.38781738 -7.31094191
835 -526.38757324 -7.31093852
836 -526.38745117 -7.31093682
837 -526.38757324 -7.31093852
838 -526.38665771 -7.31092580
839 -526.38653564 -7.31092411
840 -526.38708496 -7.31093174
841 -526.38781738 -7.31094191
842 -526.38781738 -7.31094191
843 -526.38702393 -7.31093089
844 -526.38745117 -7.31093682
845 -526.38757324 -7.31093852
846 -526.38708496 -7.31093174
847 -526.38665771 -7.31092580
848 -526.38726807 -7.31093428
849 -526.38702393 -7.31093089
850 -526.38739014 -7.31093597
851 -526.38751221 -7.31093767
852 -526.38745117 -7.31093682
853 -526.38793945 -7.31094360
854 -526.38745117 -7.31093682
855 -526.38769531 -7.31094021
856 -526.38769531 -7.31094021
857 -526.38684082 -7.31092834
858 -526.38726807 -7.31093428
859 -526.38806152 -7.31094530
860 -526.38739014 -7.31093597
861 -526.38781738 -7.31094191
862 -526.38842773 -7.31095039
863 -526.38818359 -7.31094699
864 -526.38800049 -7.31094445
865 -526.38769531 -7.31094021
866 -526.38854980 -7.31095208
867 -526.38720703 -7.31093343
868 -526.38757324 -7.31093852
869 -526.38781738 -7.31094191
870 -526.38745117 -7.31093682
871 -526.38720703 -7.31093343
872 -526.38800049 -7.31094445
873 -526.38793945 -7.31094360
874 -526.38745117 -7.31093682
875 -526.38769531 -7.31094021
876 -526.38647461 -7.31092326
877 -526.38708496 -7.31093174
878 -526.38769531 -7.31094021
879 -526.38702393 -7.31093089
880 -526.38702393 -7.31093089
881 -526.38781738 -7.31094191
882 -526.38757324 -7.31093852
883 -526.38708496 -7.31093174
884 -526.38757324 -7.31093852
885 -526.38696289 -7.31093004
886 -526.38769531 -7.31094021
887 -526.38684082 -7.31092834
888 -526.38659668 -7.31092495
889 -526.38671875 -7.31092665
890 -526.38690186 -7.31092919
891 -526.38641357 -7.31092241
892 -526.38610840 -7.31091817
893 -526.38586426 -7.31091478
894 -526.38623047 -7.31091987
895 -526.38598633 -7.31091648
896 -526.38653564 -7.31092411
897 -526.38574219 -7.31091309
898 -526.38531494 -7.31090715
899 -526.38659668 -7.31092495
900 -526.38598633 -7.31091648
901 -526.38610840 -7.31091817
902 -526.38635254 -7.31092156
903 -526.38629150 -7.31092072
904 -526.38635254 -7.31092156
905 -526.38647461 -7.31092326
906 -526.38635254 -7.31092156
907 -526.38635254 -7.31092156
908 -526.38610840 -7.31091817
909 -526.38598633 -7.31091648
910 -526.38586426 -7.31091478
911 -526.38543701 -7.31090885
912 -526.38574219 -7.31091309
913 -526.38574219 -7.31091309
914 -526.38549805 -7.31090970
915 -526.38525391 -7.31090630
916 -526.38531494 -7.31090715
917 -526.38623047 -7.31091987
918 -526.38439941 -7.31089444
919 -526.38598633 -7.31091648
920 -526.38586426 -7.31091478
921 -526.38507080 -7.31090376
922 -526.38574219 -7.31091309
923 -526.38671875 -7.31092665
924 -526.38610840 -7.31091817
925 -526.38629150 -7.31092072
926 -526.38586426 -7.31091478
927 -526.38659668 -7.31092495
928 -526.38769531 -7.31094021
929 -526.38720703 -7.31093343
930 -526.38665771 -7.31092580
931 -526.38659668 -7.31092495
932 -526.38726807 -7.31093428
933 -526.38677979 -7.31092750
934 -526.38732910 -7.31093513
935 -526.38690186 -7.31092919
936 -526.38787842 -7.31094276
937 -526.38745117 -7.31093682
938 -526.38818359 -7.31094699
939 -526.38757324 -7.31093852
940 -526.38781738 -7.31094191
941 -526.38726807 -7.31093428
942 -526.38757324 -7.31093852
943 -526.38818359 -7.31094699
944 -526.38806152 -7.31094530
945 -526.38806152 -7.31094530
946 -526.38800049 -7.31094445
947 -526.38879395 -7.31095547
948 -526.38848877 -7.31095123
949 -526.38757324 -7.31093852
950 -526.38720703 -7.31093343
951 -526.38818359 -7.31094699
952 -526.38757324 -7.31093852
953 -526.38818359 -7.31094699
954 -526.38867188 -7.31095378
955 -526.38842773 -7.31095039
956 -526.38830566 -7.31094869
957 -526.38818359 -7.31094699
958 -526.38861084 -7.31095293
959 -526.38873291 -7.31095462
960 -526.38909912 -7.31095971
961 -526.38787842 -7.31094276
962 -526.38830566 -7.31094869
963 -526.38830566 -7.31094869
964 -526.38769531 -7.31094021
965 -526.38836670 -7.31094954
966 -526.38854980 -7.31095208
967 -526.38696289 -7.31093004
968 -526.38818359 -7.31094699
969 -526.38647461 -7.31092326
970 -526.38671875 -7.31092665
971 -526.38720703 -7.31093343
972 -526.38677979 -7.31092750
973 -526.38781738 -7.31094191
974 -526.38720703 -7.31093343
975 -526.38812256 -7.31094615
976 -526.38775635 -7.31094106
977 -526.38659668 -7.31092495
978 -526.38732910 -7.31093513
979 -526.38500977 -7.31090291
980 -526.38586426 -7.31091478
981 -526.38641357 -7.31092241
982 -526.38684082 -7.31092834
983 -526.38806152 -7.31094530
984 -526.38708496 -7.31093174
985 -526.38671875 -7.31092665
986 -526.38610840 -7.31091817
987 -526.38574219 -7.31091309
988 -526.38610840 -7.31091817
989 -526.38574219 -7.31091309
990 -526.38708496 -7.31093174
991 -526.38647461 -7.31092326
992 -526.38635254 -7.31092156
993 -526.38635254 -7.31092156
994 -526.38671875 -7.31092665
995 -526.38677979 -7.31092750
996 -526.38610840 -7.31091817
997 -526.38598633 -7.31091648
998 -526.38604736 -7.31091732
999 -526.38500977 -7.31090291
