0 -432.45471191 -6.75710487
1 -432.47418213 -6.75740910
2 -432.48931885 -6.75764561
3 -432.50070190 -6.75782347
4 -432.51016235 -6.75797129
5 -432.51797485 -6.75809336
6 -432.52520752 -6.75820637
7 -432.53063965 -6.75829124
8 -432.53564453 -6.75836945
9 -432.54006958 -6.75843859
10 -432.54388428 -6.75849819
11 -432.54708862 -6.75854826
12 -432.54977417 -6.75859022
13 -432.55163574 -6.75861931
14 -432.55429077 -6.75866079
15 -432.55630493 -6.75869226
16 -432.55850220 -6.75872660
17 -432.55996704 -6.75874949
18 -432.56158447 -6.75877476
19 -432.56314087 -6.75879908
20 -432.56414795 -6.75881481
21 -432.56585693 -6.75884151
22 -432.56716919 -6.75886202
23 -432.56842041 -6.75888157
24 -432.56964111 -6.75890064
25 -432.57049561 -6.75891399
26 -432.57122803 -6.75892544
27 -432.57192993 -6.75893641
28 -432.57266235 -6.75894785
29 -432.57369995 -6.75896406
30 -432.57434082 -6.75897408
31 -432.57495117 -6.75898361
32 -432.57553101 -6.75899267
33 -432.57592773 -6.75899887
34 -432.57681274 -6.75901270
35 -432.57727051 -6.75901985
36 -432.57778931 -6.75902796
37 -432.57843018 -6.75903797
38 -432.57882690 -6.75904417
39 -432.57916260 -6.75904942
40 -432.57879639 -6.75904369
41 -432.57922363 -6.75905037
42 -432.58032227 -6.75906754
