0 -653.86157227 -7.10719100
1 -650.94927979 -7.07553565
2 -646.31085205 -7.02511796
3 -643.60125732 -6.99566584
4 -638.66052246 -6.94196220
5 -636.89508057 -6.92277261
6 -634.15582275 -6.89299807
7 -630.38958740 -6.85206073
8 -625.99194336 -6.80426025
9 -625.19854736 -6.79563638
10 -623.37805176 -6.77584839
11 -620.20324707 -6.74133964
12 -613.34704590 -6.66681572
13 -610.64379883 -6.63743260
14 -607.81109619 -6.60664235
15 -602.78607178 -6.55202252
16 -597.98376465 -6.49982353
17 -592.70098877 -6.44240205
18 -583.41485596 -6.34146583
19 -576.22247314 -6.26328775
20 -567.10516357 -6.16418656
21 -564.20117188 -6.13262143
22 -561.83276367 -6.10687787
23 -555.55084229 -6.03859611
24 -544.71405029 -5.92080489
25 -548.26611328 -5.95941427
26 -544.94580078 -5.92332392
27 -540.70025635 -5.87717670
28 -536.46716309 -5.83116482
29 -519.18200684 -5.64328268
