0 -346.43969727 -5.41312027
1 -345.48873901 -5.39826155
2 -344.73712158 -5.38651752
3 -344.03811646 -5.37559557
4 -343.12133789 -5.36127090
5 -342.18496704 -5.34664011
6 -340.65872192 -5.32279253
7 -339.89837646 -5.31091213
8 -338.34005737 -5.28656340
9 -336.73001099 -5.26140642
10 -337.81213379 -5.27831459
11 -337.47845459 -5.27310085
12 -336.84112549 -5.26314259
13 -335.62503052 -5.24414110
14 -336.29794312 -5.25465536
15 -335.17593384 -5.23712397
16 -334.36535645 -5.22445869
17 -333.57604980 -5.21212578
18 -332.53741455 -5.19589710
19 -332.19128418 -5.19048882
20 -331.97595215 -5.18712425
21 -331.16772461 -5.17449570
22 -331.50665283 -5.17979145
23 -330.90661621 -5.17041588
24 -330.41323853 -5.16270685
25 -328.91213989 -5.13925219
26 -329.49209595 -5.14831400
27 -329.58206177 -5.14971972
28 -328.53524780 -5.13336325
29 -327.09017944 -5.11078405
30 -325.03192139 -5.07862377
31 -324.07049561 -5.06360149
32 -325.52191162 -5.08627987
33 -325.29876709 -5.08279324
34 -326.80560303 -5.10633755
35 -327.55963135 -5.11811924
36 -326.46545410 -5.10102272
37 -325.05780029 -5.07902813
38 -323.33602905 -5.05212545
39 -324.45834351 -5.06966162
40 -320.92108154 -5.01439190
41 -318.86883545 -4.98232555
42 -320.06869507 -5.00107336
43 -320.43182373 -5.00674725
44 -318.87255859 -4.98238373
45 -318.88195801 -4.98253059
46 -318.02444458 -4.96913195
47 -318.05120850 -4.96955013
48 -318.03091431 -4.96923304
49 -319.11834717 -4.98622417
50 -320.60638428 -5.00947475
51 -320.09255981 -5.00144625
52 -321.18838501 -5.01856852
53 -321.68795776 -5.02637434
54 -320.18176270 -5.00284004
55 -318.34063721 -4.97407246
56 -317.08132935 -4.95439577
57 -317.14163208 -4.95533800
58 -315.41207886 -4.92831373
59 -315.74902344 -4.93357849
60 -313.92303467 -4.90504742
61 -310.78204346 -4.85596943
62 -309.75723267 -4.83995676
63 -306.93225098 -4.79581642
64 -304.23016357 -4.75359631
65 -301.89434814 -4.71709919
66 -301.52166748 -4.71127605
67 -301.14968872 -4.70546389
68 -300.51373291 -4.69552708
69 -302.80670166 -4.73135471
70 -300.20870972 -4.69076109
71 -299.20056152 -4.67500877
72 -299.43579102 -4.67868423
73 -300.75552368 -4.69930506
74 -301.79318237 -4.71551847
75 -299.84344482 -4.68505383
76 -301.81979370 -4.71593428
77 -302.14749146 -4.72105455
78 -299.90658569 -4.68604040
79 -295.54516602 -4.61789322
80 -296.73904419 -4.63654757
81 -301.12277222 -4.70504332
82 -298.33248901 -4.66144514
83 -296.34277344 -4.63035583
84 -294.40728760 -4.60011387
85 -296.73733521 -4.63652086
86 -298.89379883 -4.67021561
87 -300.16369629 -4.69005775
88 -302.47015381 -4.72609615
89 -302.93661499 -4.73338461
90 -300.98077393 -4.70282459
91 -299.71298218 -4.68301535
92 -301.13073730 -4.70516777
93 -301.09808350 -4.70465755
94 -299.70312500 -4.68286133
95 -295.27624512 -4.61369133
96 -292.31365967 -4.56740093
97 -292.14300537 -4.56473446
98 -291.33892822 -4.55217075
99 -290.93533325 -4.54586458
100 -293.37423706 -4.58397245
101 -288.93511963 -4.51461124
102 -287.68981934 -4.49515343
103 -285.62652588 -4.46291447
104 -286.58657837 -4.47791529
105 -282.37078857 -4.41204357
106 -279.03991699 -4.35999870
107 -276.38122559 -4.31845665
108 -274.77703857 -4.29339123
109 -272.54669189 -4.25854206
110 -267.75527954 -4.18367624
111 -273.95959473 -4.28061867
112 -269.63662720 -4.21307230
113 -264.11135864 -4.12673998
114 -270.36044312 -4.22438192
115 -262.18505859 -4.09664154
116 -260.25485229 -4.06648207
117 -250.93313599 -3.92083025
118 -243.68124390 -3.80751944
119 -244.57208252 -3.82143879
120 -239.65846252 -3.74466348
121 -249.86657715 -3.90416527
122 -251.13864136 -3.92404127
123 -249.10174561 -3.89221478
124 -235.21868896 -3.67529202
125 -230.71774292 -3.60496473
126 -231.31304932 -3.61426640
127 -233.19766235 -3.64371347
128 -230.08035278 -3.59500551
129 -232.36297607 -3.63067150
130 -231.54042053 -3.61781907
131 -223.44599915 -3.49134374
132 -226.15660095 -3.53369689
133 -227.93057251 -3.56141520
134 -219.80804443 -3.43450069
135 -209.96875000 -3.28076172
136 -199.38476562 -3.11538696
137 -191.39088440 -2.99048257
138 -184.22161865 -2.87846279
139 -187.25433350 -2.92584896
140 -196.89782715 -3.07652855
141 -188.48873901 -2.94513655
142 -177.80899048 -2.77826548
143 -176.76673889 -2.76198030
144 -150.66656494 -2.35416508
