0 -550.02954102 -6.54797073
1 -550.05712891 -6.54829915
2 -550.06848145 -6.54843430
3 -550.07910156 -6.54856073
4 -550.08947754 -6.54868426
5 -550.09704590 -6.54877436
6 -550.10333252 -6.54884920
7 -550.11083984 -6.54893857
8 -550.11730957 -6.54901559
9 -550.12268066 -6.54907953
10 -550.12811279 -6.54914420
11 -550.13275146 -6.54919942
12 -550.13848877 -6.54926772
13 -550.14257812 -6.54931641
14 -550.14794922 -6.54938035
15 -550.15258789 -6.54943557
16 -550.15655518 -6.54948280
17 -550.16033936 -6.54952785
18 -550.16430664 -6.54957508
19 -550.16864014 -6.54962667
20 -550.17254639 -6.54967317
21 -550.17669678 -6.54972258
22 -550.18072510 -6.54977054
23 -550.18341064 -6.54980251
24 -550.18719482 -6.54984756
25 -550.19171143 -6.54990133
26 -550.19415283 -6.54993039
27 -550.19775391 -6.54997326
28 -550.20092773 -6.55001104
29 -550.20391846 -6.55004665
30 -550.20745850 -6.55008879
31 -550.21093750 -6.55013021
32 -550.21459961 -6.55017380
33 -550.21685791 -6.55020069
34 -550.21942139 -6.55023121
35 -550.22290039 -6.55027262
36 -550.22528076 -6.55030096
37 -550.22802734 -6.55033366
38 -550.23095703 -6.55036854
39 -550.23297119 -6.55039251
40 -550.23754883 -6.55044701
41 -550.23956299 -6.55047099
42 -550.24072266 -6.55048479
43 -550.24542236 -6.55054074
44 -550.24755859 -6.55056617
45 -550.25061035 -6.55060250
46 -550.25244141 -6.55062430
47 -550.25482178 -6.55065264
48 -550.25775146 -6.55068752
49 -550.25970459 -6.55071077
50 -550.26379395 -6.55075945
51 -550.26580811 -6.55078343
52 -550.26696777 -6.55079724
53 -550.26940918 -6.55082630
54 -550.27252197 -6.55086336
55 -550.27398682 -6.55088080
56 -550.27691650 -6.55091567
57 -550.27825928 -6.55093166
58 -550.28027344 -6.55095564
59 -550.28222656 -6.55097889
60 -550.28466797 -6.55100795
61 -550.28631592 -6.55102757
62 -550.28887939 -6.55105809
63 -550.29040527 -6.55107625
64 -550.29174805 -6.55109224
65 -550.29608154 -6.55114383
66 -550.29779053 -6.55116417
67 -550.29882812 -6.55117653
68 -550.30084229 -6.55120050
69 -550.30157471 -6.55120922
70 -550.30444336 -6.55124337
71 -550.30706787 -6.55127462
72 -550.30731201 -6.55127752
73 -550.30975342 -6.55130659
74 -550.31152344 -6.55132766
75 -550.31341553 -6.55135018
76 -550.31494141 -6.55136835
77 -550.31518555 -6.55137126
78 -550.31774902 -6.55140177
79 -550.31951904 -6.55142285
80 -550.32232666 -6.55145627
81 -550.32336426 -6.55146862
82 -550.32525635 -6.55149115
83 -550.32696533 -6.55151149
84 -550.32781982 -6.55152166
85 -550.32940674 -6.55154056
86 -550.33038330 -6.55155218
87 -550.33306885 -6.55158415
88 -550.33496094 -6.55160668
89 -550.33471680 -6.55160377
90 -550.33593750 -6.55161830
91 -550.33813477 -6.55164446
92 -550.34008789 -6.55166771
93 -550.34063721 -6.55167425
94 -550.34252930 -6.55169678
95 -550.34375000 -6.55171131
96 -550.34490967 -6.55172512
97 -550.34667969 -6.55174619
98 -550.34875488 -6.55177089
99 -550.34991455 -6.55178470
100 -550.35144043 -6.55180286
101 -550.35284424 -6.55181957
102 -550.35424805 -6.55183629
103 -550.35522461 -6.55184791
104 -550.35656738 -6.55186390
105 -550.35791016 -6.55187988
106 -550.35906982 -6.55189369
107 -550.36041260 -6.55190967
108 -550.36077881 -6.55191403
109 -550.36206055 -6.55192929
110 -550.36328125 -6.55194382
111 -550.36499023 -6.55196417
112 -550.36682129 -6.55198597
113 -550.36602783 -6.55197652
114 -550.36737061 -6.55199251
115 -550.36932373 -6.55201576
116 -550.37048340 -6.55202956
117 -550.37036133 -6.55202811
118 -550.37207031 -6.55204846
119 -550.37341309 -6.55206444
120 -550.37487793 -6.55208188
121 -550.37506104 -6.55208406
122 -550.37634277 -6.55209932
123 -550.37695312 -6.55210658
124 -550.37780762 -6.55211676
125 -550.37908936 -6.55213202
126 -550.37902832 -6.55213129
127 -550.38061523 -6.55215018
128 -550.38171387 -6.55216326
129 -550.38140869 -6.55215963
130 -550.38244629 -6.55217198
131 -550.38323975 -6.55218143
132 -550.38525391 -6.55220540
133 -550.38549805 -6.55220831
134 -550.38604736 -6.55221485
135 -550.38659668 -6.55222139
136 -550.38745117 -6.55223156
137 -550.38916016 -6.55225191
138 -550.39013672 -6.55226353
139 -550.38989258 -6.55226063
140 -550.39105225 -6.55227443
141 -550.39208984 -6.55228678
142 -550.39196777 -6.55228533
143 -550.39306641 -6.55229841
144 -550.39318848 -6.55229986
145 -550.39379883 -6.55230713
146 -550.39422607 -6.55231222
147 -550.39587402 -6.55233183
148 -550.39556885 -6.55232820
149 -550.39727783 -6.55234855
150 -550.39837646 -6.55236162
151 -550.39868164 -6.55236526
152 -550.39862061 -6.55236453
153 -550.40039062 -6.55238560
154 -550.40118408 -6.55239505
155 -550.40197754 -6.55240449
156 -550.40307617 -6.55241757
157 -550.40417480 -6.55243065
158 -550.40502930 -6.55244082
159 -550.40478516 -6.55243792
160 -550.40582275 -6.55245027
161 -550.40710449 -6.55246553
162 -550.40747070 -6.55246989
163 -550.40649414 -6.55245826
164 -550.40747070 -6.55246989
165 -550.40844727 -6.55248152
166 -550.40826416 -6.55247934
167 -550.40966797 -6.55249605
168 -550.40979004 -6.55249750
169 -550.41137695 -6.55251639
170 -550.41113281 -6.55251349
171 -550.41149902 -6.55251785
172 -550.41174316 -6.55252075
173 -550.41241455 -6.55252874
174 -550.41381836 -6.55254546
175 -550.41455078 -6.55255418
176 -550.41424561 -6.55255054
177 -550.41479492 -6.55255708
178 -550.41430664 -6.55255127
179 -550.41510010 -6.55256072
180 -550.41656494 -6.55257815
181 -550.41705322 -6.55258397
182 -550.41595459 -6.55257089
183 -550.41741943 -6.55258833
184 -550.41748047 -6.55258905
185 -550.41839600 -6.55259995
186 -550.41790771 -6.55259414
187 -550.41827393 -6.55259850
188 -550.41931152 -6.55261085
189 -550.41931152 -6.55261085
190 -550.42028809 -6.55262248
191 -550.41992188 -6.55261812
192 -550.42065430 -6.55262684
193 -550.42187500 -6.55264137
194 -550.42169189 -6.55263919
195 -550.42083740 -6.55262902
196 -550.42175293 -6.55263992
197 -550.42321777 -6.55265735
198 -550.42456055 -6.55267334
199 -550.42340088 -6.55265953
200 -550.42382812 -6.55266462
201 -550.42456055 -6.55267334
202 -550.42529297 -6.55268206
203 -550.42633057 -6.55269441
204 -550.42584229 -6.55268860
205 -550.42633057 -6.55269441
206 -550.42651367 -6.55269659
207 -550.42639160 -6.55269514
208 -550.42700195 -6.55270240
209 -550.42645264 -6.55269586
210 -550.42633057 -6.55269441
211 -550.42761230 -6.55270967
212 -550.42864990 -6.55272202
213 -550.42926025 -6.55272929
214 -550.42956543 -6.55273292
215 -550.42968750 -6.55273438
216 -550.42962646 -6.55273365
217 -550.42932129 -6.55273002
218 -550.43017578 -6.55274019
219 -550.43103027 -6.55275036
220 -550.43072510 -6.55274673
221 -550.42858887 -6.55272130
222 -550.43127441 -6.55275327
223 -550.43182373 -6.55275981
224 -550.43164062 -6.55275763
225 -550.43096924 -6.55274963
226 -550.43298340 -6.55277361
227 -550.43286133 -6.55277216
228 -550.43273926 -6.55277071
229 -550.43334961 -6.55277797
230 -550.43353271 -6.55278015
231 -550.43328857 -6.55277724
232 -550.43475342 -6.55279468
233 -550.43493652 -6.55279686
234 -550.43438721 -6.55279032
235 -550.43432617 -6.55278960
236 -550.43457031 -6.55279250
237 -550.43560791 -6.55280486
238 -550.43603516 -6.55280994
239 -550.43627930 -6.55281285
240 -550.43640137 -6.55281430
241 -550.43603516 -6.55280994
242 -550.43688965 -6.55282011
243 -550.43719482 -6.55282375
244 -550.43914795 -6.55284700
245 -550.43896484 -6.55284482
246 -550.43713379 -6.55282302
247 -550.43908691 -6.55284627
248 -550.43920898 -6.55284773
249 -550.43798828 -6.55283319
250 -550.43914795 -6.55284700
251 -550.44055176 -6.55286371
252 -550.44030762 -6.55286080
253 -550.43841553 -6.55283828
254 -550.44073486 -6.55286589
255 -550.44116211 -6.55287098
256 -550.43969727 -6.55285354
257 -550.44177246 -6.55287824
258 -550.44238281 -6.55288551
259 -550.44219971 -6.55288333
260 -550.44201660 -6.55288115
261 -550.44268799 -6.55288914
262 -550.44128418 -6.55287243
263 -550.44348145 -6.55289859
264 -550.44378662 -6.55290222
265 -550.44226074 -6.55288406
266 -550.44305420 -6.55289350
267 -550.44354248 -6.55289932
268 -550.44396973 -6.55290440
269 -550.44403076 -6.55290513
270 -550.44366455 -6.55290077
271 -550.44500732 -6.55291675
272 -550.44610596 -6.55292983
273 -550.44506836 -6.55291748
274 -550.44653320 -6.55293492
275 -550.44677734 -6.55293783
276 -550.44494629 -6.55291603
277 -550.44580078 -6.55292620
278 -550.44665527 -6.55293637
279 -550.44714355 -6.55294219
280 -550.44573975 -6.55292547
281 -550.44616699 -6.55293056
282 -550.44769287 -6.55294872
283 -550.44714355 -6.55294219
284 -550.44732666 -6.55294437
285 -550.44665527 -6.55293637
286 -550.44799805 -6.55295236
287 -550.44866943 -6.55296035
288 -550.44934082 -6.55296834
289 -550.44873047 -6.55296108
290 -550.44921875 -6.55296689
291 -550.44842529 -6.55295744
292 -550.45007324 -6.55297706
293 -550.44854736 -6.55295890
294 -550.44860840 -6.55295962
295 -550.44934082 -6.55296834
296 -550.44964600 -6.55297198
297 -550.44848633 -6.55295817
298 -550.44873047 -6.55296108
299 -550.44873047 -6.55296108
300 -550.45001221 -6.55297634
301 -550.45043945 -6.55298142
302 -550.45031738 -6.55297997
303 -550.44982910 -6.55297416
304 -550.44989014 -6.55297488
305 -550.45068359 -6.55298433
306 -550.45092773 -6.55298723
307 -550.45178223 -6.55299741
308 -550.45141602 -6.55299305
309 -550.45214844 -6.55300177
310 -550.45147705 -6.55299377
311 -550.45227051 -6.55300322
312 -550.45281982 -6.55300976
313 -550.45251465 -6.55300613
314 -550.45312500 -6.55301339
315 -550.45312500 -6.55301339
316 -550.45373535 -6.55302066
317 -550.45349121 -6.55301775
318 -550.45373535 -6.55302066
319 -550.45336914 -6.55301630
320 -550.45324707 -6.55301485
321 -550.45330811 -6.55301557
322 -550.45416260 -6.55302575
323 -550.45422363 -6.55302647
324 -550.45373535 -6.55302066
325 -550.45312500 -6.55301339
326 -550.45275879 -6.55300903
327 -550.45379639 -6.55302139
328 -550.45440674 -6.55302865
329 -550.45434570 -6.55302793
330 -550.45416260 -6.55302575
331 -550.45190430 -6.55299886
332 -550.45410156 -6.55302502
333 -550.45434570 -6.55302793
334 -550.45373535 -6.55302066
335 -550.45367432 -6.55301993
336 -550.45471191 -6.55303228
337 -550.45391846 -6.55302284
338 -550.45501709 -6.55303592
339 -550.45556641 -6.55304246
340 -550.45471191 -6.55303228
341 -550.45520020 -6.55303810
342 -550.45507812 -6.55303664
343 -550.45550537 -6.55304173
344 -550.45422363 -6.55302647
345 -550.45556641 -6.55304246
346 -550.45605469 -6.55304827
347 -550.45666504 -6.55305554
348 -550.45465088 -6.55303156
349 -550.45520020 -6.55303810
350 -550.45593262 -6.55304682
351 -550.45593262 -6.55304682
352 -550.45550537 -6.55304173
353 -550.45550537 -6.55304173
354 -550.45544434 -6.55304100
355 -550.45471191 -6.55303228
356 -550.45672607 -6.55305626
357 -550.45538330 -6.55304028
358 -550.45562744 -6.55304318
359 -550.45556641 -6.55304246
360 -550.45605469 -6.55304827
361 -550.45581055 -6.55304536
362 -550.45642090 -6.55305263
363 -550.45617676 -6.55304972
364 -550.45581055 -6.55304536
365 -550.45703125 -6.55305990
366 -550.45788574 -6.55307007
367 -550.45751953 -6.55306571
368 -550.45690918 -6.55305844
369 -550.45849609 -6.55307733
370 -550.45849609 -6.55307733
371 -550.45861816 -6.55307879
372 -550.45898438 -6.55308315
373 -550.45861816 -6.55307879
374 -550.45861816 -6.55307879
375 -550.45947266 -6.55308896
376 -550.45904541 -6.55308387
377 -550.45983887 -6.55309332
378 -550.45996094 -6.55309477
379 -550.46044922 -6.55310059
380 -550.46118164 -6.55310931
381 -550.46124268 -6.55311003
382 -550.46166992 -6.55311512
383 -550.46032715 -6.55309913
384 -550.46087646 -6.55310567
385 -550.46154785 -6.55311366
386 -550.46142578 -6.55311221
387 -550.46105957 -6.55310785
388 -550.46142578 -6.55311221
389 -550.46142578 -6.55311221
390 -550.46057129 -6.55310204
391 -550.46130371 -6.55311076
392 -550.46252441 -6.55312529
393 -550.46301270 -6.55313110
394 -550.46264648 -6.55312674
395 -550.46203613 -6.55311948
396 -550.46331787 -6.55313474
397 -550.46325684 -6.55313401
398 -550.46289062 -6.55312965
399 -550.46429443 -6.55314636
400 -550.46417236 -6.55314491
401 -550.46313477 -6.55313256
402 -550.46240234 -6.55312384
403 -550.46264648 -6.55312674
404 -550.46313477 -6.55313256
405 -550.46301270 -6.55313110
406 -550.46301270 -6.55313110
407 -550.46197510 -6.55311875
408 -550.46234131 -6.55312311
409 -550.46258545 -6.55312602
410 -550.46264648 -6.55312674
411 -550.46197510 -6.55311875
412 -550.46252441 -6.55312529
413 -550.46307373 -6.55313183
414 -550.46252441 -6.55312529
415 -550.46331787 -6.55313474
416 -550.46337891 -6.55313546
417 -550.46215820 -6.55312093
418 -550.46270752 -6.55312747
419 -550.46252441 -6.55312529
420 -550.46191406 -6.55311802
421 -550.46142578 -6.55311221
422 -550.46295166 -6.55313038
423 -550.46276855 -6.55312820
424 -550.46228027 -6.55312238
425 -550.46374512 -6.55313982
426 -550.46325684 -6.55313401
427 -550.46228027 -6.55312238
428 -550.46319580 -6.55313328
429 -550.46191406 -6.55311802
430 -550.46325684 -6.55313401
431 -550.46289062 -6.55312965
432 -550.46386719 -6.55314128
433 -550.46350098 -6.55313692
434 -550.46331787 -6.55313474
435 -550.46325684 -6.55313401
436 -550.46386719 -6.55314128
437 -550.46221924 -6.55312166
438 -550.46313477 -6.55313256
439 -550.46362305 -6.55313837
440 -550.46398926 -6.55314273
441 -550.46209717 -6.55312020
442 -550.46301270 -6.55313110
443 -550.46429443 -6.55314636
444 -550.46478271 -6.55315218
445 -550.46252441 -6.55312529
446 -550.46234131 -6.55312311
447 -550.46362305 -6.55313837
448 -550.46374512 -6.55313982
449 -550.46325684 -6.55313401
450 -550.46234131 -6.55312311
451 -550.46105957 -6.55310785
452 -550.46325684 -6.55313401
453 -550.46411133 -6.55314418
454 -550.46282959 -6.55312892
455 -550.46313477 -6.55313256
456 -550.46276855 -6.55312820
457 -550.46386719 -6.55314128
458 -550.46319580 -6.55313328
459 -550.46411133 -6.55314418
460 -550.46386719 -6.55314128
461 -550.46350098 -6.55313692
462 -550.46276855 -6.55312820
463 -550.46289062 -6.55312965
464 -550.46343994 -6.55313619
465 -550.46325684 -6.55313401
466 -550.46319580 -6.55313328
467 -550.46057129 -6.55310204
468 -550.46166992 -6.55311512
469 -550.46185303 -6.55311730
470 -550.46276855 -6.55312820
471 -550.46166992 -6.55311512
472 -550.46228027 -6.55312238
473 -550.46166992 -6.55311512
474 -550.46221924 -6.55312166
475 -550.46240234 -6.55312384
476 -550.46185303 -6.55311730
477 -550.46160889 -6.55311439
478 -550.46185303 -6.55311730
479 -550.46203613 -6.55311948
480 -550.46185303 -6.55311730
481 -550.46228027 -6.55312238
482 -550.46112061 -6.55310858
483 -550.46154785 -6.55311366
484 -550.46215820 -6.55312093
485 -550.46215820 -6.55312093
486 -550.46105957 -6.55310785
487 -550.46130371 -6.55311076
488 -550.46105957 -6.55310785
489 -550.46032715 -6.55309913
490 -550.46008301 -6.55309623
491 -550.46112061 -6.55310858
492 -550.46124268 -6.55311003
493 -550.46112061 -6.55310858
494 -550.45935059 -6.55308751
495 -550.46099854 -6.55310713
496 -550.46148682 -6.55311294
497 -550.46130371 -6.55311076
498 -550.45989990 -6.55309405
499 -550.46044922 -6.55310059
500 -550.46051025 -6.55310131
501 -550.46051025 -6.55310131
502 -550.46148682 -6.55311294
503 -550.46069336 -6.55310349
504 -550.46118164 -6.55310931
505 -550.46112061 -6.55310858
506 -550.46191406 -6.55311802
507 -550.46191406 -6.55311802
508 -550.46087646 -6.55310567
509 -550.46203613 -6.55311948
510 -550.46185303 -6.55311730
511 -550.46173096 -6.55311584
512 -550.46093750 -6.55310640
513 -550.46142578 -6.55311221
514 -550.46166992 -6.55311512
515 -550.46154785 -6.55311366
516 -550.46112061 -6.55310858
517 -550.46105957 -6.55310785
518 -550.46087646 -6.55310567
519 -550.46105957 -6.55310785
520 -550.46069336 -6.55310349
521 -550.46063232 -6.55310277
522 -550.46020508 -6.55309768
523 -550.46130371 -6.55311076
524 -550.46081543 -6.55310495
525 -550.46179199 -6.55311657
526 -550.46154785 -6.55311366
527 -550.46105957 -6.55310785
528 -550.46240234 -6.55312384
529 -550.45983887 -6.55309332
530 -550.46044922 -6.55310059
531 -550.46038818 -6.55309986
532 -550.46154785 -6.55311366
533 -550.46044922 -6.55310059
534 -550.45996094 -6.55309477
535 -550.46008301 -6.55309623
536 -550.46093750 -6.55310640
537 -550.46038818 -6.55309986
538 -550.46118164 -6.55310931
539 -550.46020508 -6.55309768
540 -550.45849609 -6.55307733
541 -550.45965576 -6.55309114
542 -550.45965576 -6.55309114
543 -550.45935059 -6.55308751
544 -550.45996094 -6.55309477
545 -550.46112061 -6.55310858
546 -550.45922852 -6.55308605
547 -550.46057129 -6.55310204
548 -550.45947266 -6.55308896
549 -550.45971680 -6.55309187
550 -550.45825195 -6.55307443
551 -550.45910645 -6.55308460
552 -550.45886230 -6.55308169
553 -550.45898438 -6.55308315
554 -550.45916748 -6.55308533
555 -550.45947266 -6.55308896
556 -550.45928955 -6.55308678
557 -550.45825195 -6.55307443
558 -550.45898438 -6.55308315
559 -550.45922852 -6.55308605
560 -550.45770264 -6.55306789
561 -550.45825195 -6.55307443
562 -550.45916748 -6.55308533
563 -550.46008301 -6.55309623
564 -550.45812988 -6.55307297
565 -550.45874023 -6.55308024
566 -550.45867920 -6.55307951
567 -550.45916748 -6.55308533
568 -550.45843506 -6.55307661
569 -550.45861816 -6.55307879
570 -550.45855713 -6.55307806
571 -550.45837402 -6.55307588
572 -550.45782471 -6.55306934
573 -550.45886230 -6.55308169
574 -550.45947266 -6.55308896
575 -550.45867920 -6.55307951
576 -550.45715332 -6.55306135
577 -550.45837402 -6.55307588
578 -550.45910645 -6.55308460
579 -550.45886230 -6.55308169
580 -550.45886230 -6.55308169
581 -550.45825195 -6.55307443
582 -550.45825195 -6.55307443
583 -550.45892334 -6.55308242
584 -550.45837402 -6.55307588
585 -550.45849609 -6.55307733
586 -550.45849609 -6.55307733
587 -550.45861816 -6.55307879
588 -550.45825195 -6.55307443
589 -550.45617676 -6.55304972
590 -550.45825195 -6.55307443
591 -550.45855713 -6.55307806
592 -550.45935059 -6.55308751
593 -550.45855713 -6.55307806
594 -550.45703125 -6.55305990
595 -550.45727539 -6.55306280
596 -550.45678711 -6.55305699
597 -550.45800781 -6.55307152
598 -550.45837402 -6.55307588
599 -550.45776367 -6.55306862
600 -550.45788574 -6.55307007
601 -550.45849609 -6.55307733
602 -550.45928955 -6.55308678
603 -550.45703125 -6.55305990
604 -550.45800781 -6.55307152
605 -550.45721436 -6.55306208
606 -550.45666504 -6.55305554
607 -550.45764160 -6.55306716
608 -550.45690918 -6.55305844
609 -550.45642090 -6.55305263
610 -550.45788574 -6.55307007
611 -550.45806885 -6.55307225
612 -550.45434570 -6.55302793
613 -550.45593262 -6.55304682
614 -550.45721436 -6.55306208
615 -550.45629883 -6.55305118
616 -550.45666504 -6.55305554
617 -550.45587158 -6.55304609
618 -550.45617676 -6.55304972
619 -550.45642090 -6.55305263
620 -550.45526123 -6.55303882
621 -550.45562744 -6.55304318
622 -550.45605469 -6.55304827
623 -550.45324707 -6.55301485
624 -550.45562744 -6.55304318
625 -550.45605469 -6.55304827
626 -550.45562744 -6.55304318
627 -550.45495605 -6.55303519
628 -550.45458984 -6.55303083
629 -550.45587158 -6.55304609
630 -550.45568848 -6.55304391
631 -550.45520020 -6.55303810
632 -550.45629883 -6.55305118
633 -550.45617676 -6.55304972
634 -550.45483398 -6.55303374
635 -550.45422363 -6.55302647
636 -550.45507812 -6.55303664
637 -550.45507812 -6.55303664
638 -550.45440674 -6.55302865
639 -550.45483398 -6.55303374
640 -550.45471191 -6.55303228
641 -550.45434570 -6.55302793
642 -550.45373535 -6.55302066
643 -550.45477295 -6.55303301
644 -550.45465088 -6.55303156
645 -550.45568848 -6.55304391
646 -550.45446777 -6.55302938
647 -550.45434570 -6.55302793
648 -550.45416260 -6.55302575
649 -550.45361328 -6.55301921
650 -550.45379639 -6.55302139
651 -550.45196533 -6.55299959
652 -550.45440674 -6.55302865
653 -550.45404053 -6.55302429
654 -550.44995117 -6.55297561
655 -550.45288086 -6.55301049
656 -550.45300293 -6.55301194
657 -550.45190430 -6.55299886
658 -550.45281982 -6.55300976
659 -550.45318604 -6.55301412
660 -550.45251465 -6.55300613
661 -550.45202637 -6.55300031
662 -550.45233154 -6.55300395
663 -550.45227051 -6.55300322
664 -550.45166016 -6.55299595
665 -550.45288086 -6.55301049
666 -550.45153809 -6.55299450
667 -550.45178223 -6.55299741
668 -550.45214844 -6.55300177
669 -550.45251465 -6.55300613
670 -550.45184326 -6.55299813
671 -550.45129395 -6.55299159
672 -550.45190430 -6.55299886
673 -550.45214844 -6.55300177
674 -550.45196533 -6.55299959
675 -550.45019531 -6.55297852
676 -550.45196533 -6.55299959
677 -550.45153809 -6.55299450
678 -550.45233154 -6.55300395
679 -550.45153809 -6.55299450
680 -550.45123291 -6.55299087
681 -550.45141602 -6.55299305
682 -550.45263672 -6.55300758
683 -550.45294189 -6.55301121
684 -550.45141602 -6.55299305
685 -550.45080566 -6.55298578
686 -550.45129395 -6.55299159
687 -550.45117188 -6.55299014
688 -550.45214844 -6.55300177
689 -550.45214844 -6.55300177
690 -550.45043945 -6.55298142
691 -550.45147705 -6.55299377
692 -550.45166016 -6.55299595
693 -550.45092773 -6.55298723
694 -550.45092773 -6.55298723
695 -550.45251465 -6.55300613
696 -550.45172119 -6.55299668
697 -550.45172119 -6.55299668
698 -550.45251465 -6.55300613
699 -550.45343018 -6.55301703
700 -550.45172119 -6.55299668
701 -550.45275879 -6.55300903
702 -550.45135498 -6.55299232
703 -550.45214844 -6.55300177
704 -550.45263672 -6.55300758
705 -550.45202637 -6.55300031
706 -550.45178223 -6.55299741
707 -550.45263672 -6.55300758
708 -550.45208740 -6.55300104
709 -550.45184326 -6.55299813
710 -550.45257568 -6.55300685
711 -550.45178223 -6.55299741
712 -550.45178223 -6.55299741
713 -550.45166016 -6.55299595
714 -550.45239258 -6.55300467
715 -550.45178223 -6.55299741
716 -550.45172119 -6.55299668
717 -550.45214844 -6.55300177
718 -550.45153809 -6.55299450
719 -550.45190430 -6.55299886
720 -550.45159912 -6.55299523
721 -550.45178223 -6.55299741
722 -550.45123291 -6.55299087
723 -550.45147705 -6.55299377
724 -550.45159912 -6.55299523
725 -550.45068359 -6.55298433
726 -550.45239258 -6.55300467
727 -550.45214844 -6.55300177
728 -550.45172119 -6.55299668
729 -550.45031738 -6.55297997
730 -550.45086670 -6.55298651
731 -550.45117188 -6.55299014
732 -550.45135498 -6.55299232
733 -550.45019531 -6.55297852
734 -550.45056152 -6.55298288
735 -550.45050049 -6.55298215
736 -550.44958496 -6.55297125
737 -550.44946289 -6.55296980
738 -550.45001221 -6.55297634
739 -550.45031738 -6.55297997
740 -550.44927979 -6.55296762
741 -550.44982910 -6.55297416
742 -550.45117188 -6.55299014
743 -550.45068359 -6.55298433
744 -550.44915771 -6.55296616
745 -550.44927979 -6.55296762
746 -550.44995117 -6.55297561
747 -550.45080566 -6.55298578
748 -550.45050049 -6.55298215
749 -550.44934082 -6.55296834
750 -550.44976807 -6.55297343
751 -550.45031738 -6.55297997
752 -550.45178223 -6.55299741
753 -550.45092773 -6.55298723
754 -550.45141602 -6.55299305
755 -550.45086670 -6.55298651
756 -550.45117188 -6.55299014
757 -550.45190430 -6.55299886
758 -550.45123291 -6.55299087
759 -550.45190430 -6.55299886
760 -550.45361328 -6.55301921
761 -550.45300293 -6.55301194
762 -550.45288086 -6.55301049
763 -550.45288086 -6.55301049
764 -550.45367432 -6.55301993
765 -550.45434570 -6.55302793
766 -550.45336914 -6.55301630
767 -550.45336914 -6.55301630
768 -550.45397949 -6.55302357
769 -550.45477295 -6.55303301
770 -550.45373535 -6.55302066
771 -550.45446777 -6.55302938
772 -550.45458984 -6.55303083
773 -550.45507812 -6.55303664
774 -550.45397949 -6.55302357
775 -550.45263672 -6.55300758
776 -550.45434570 -6.55302793
777 -550.45520020 -6.55303810
778 -550.45422363 -6.55302647
779 -550.45397949 -6.55302357
780 -550.45440674 -6.55302865
781 -550.45410156 -6.55302502
782 -550.45385742 -6.55302211
783 -550.45367432 -6.55301993
784 -550.45428467 -6.55302720
785 -550.45416260 -6.55302575
786 -550.45599365 -6.55304754
787 -550.45526123 -6.55303882
788 -550.45629883 -6.55305118
789 -550.45471191 -6.55303228
790 -550.45513916 -6.55303737
791 -550.45458984 -6.55303083
792 -550.45562744 -6.55304318
793 -550.45544434 -6.55304100
794 -550.45556641 -6.55304246
795 -550.45507812 -6.55303664
796 -550.45568848 -6.55304391
797 -550.45520020 -6.55303810
798 -550.45520020 -6.55303810
799 -550.45483398 -6.55303374
800 -550.45574951 -6.55304464
801 -550.45593262 -6.55304682
802 -550.45520020 -6.55303810
803 -550.45654297 -6.55305408
804 -550.45715332 -6.55306135
805 -550.45556641 -6.55304246
806 -550.45776367 -6.55306862
807 -550.45672607 -6.55305626
808 -550.45440674 -6.55302865
809 -550.45666504 -6.55305554
810 -550.45562744 -6.55304318
811 -550.45544434 -6.55304100
812 -550.45727539 -6.55306280
813 -550.45703125 -6.55305990
814 -550.45660400 -6.55305481
815 -550.45703125 -6.55305990
816 -550.45648193 -6.55305336
817 -550.45727539 -6.55306280
818 -550.45672607 -6.55305626
819 -550.45697021 -6.55305917
820 -550.45666504 -6.55305554
821 -550.45776367 -6.55306862
822 -550.45788574 -6.55307007
823 -550.45776367 -6.55306862
824 -550.45751953 -6.55306571
825 -550.45690918 -6.55305844
826 -550.45727539 -6.55306280
827 -550.45861816 -6.55307879
828 -550.45947266 -6.55308896
829 -550.45910645 -6.55308460
830 -550.45910645 -6.55308460
831 -550.45849609 -6.55307733
832 -550.45904541 -6.55308387
833 -550.46002197 -6.55309550
834 -550.45922852 -6.55308605
835 -550.45996094 -6.55309477
836 -550.45965576 -6.55309114
837 -550.46008301 -6.55309623
838 -550.45947266 -6.55308896
839 -550.46087646 -6.55310567
840 -550.46014404 -6.55309695
841 -550.46038818 -6.55309986
842 -550.46008301 -6.55309623
843 -550.46142578 -6.55311221
844 -550.46026611 -6.55309841
845 -550.46020508 -6.55309768
846 -550.46130371 -6.55311076
847 -550.46057129 -6.55310204
848 -550.46185303 -6.55311730
849 -550.46179199 -6.55311657
850 -550.46276855 -6.55312820
851 -550.45959473 -6.55309041
852 -550.46166992 -6.55311512
853 -550.46252441 -6.55312529
854 -550.46191406 -6.55311802
855 -550.46020508 -6.55309768
856 -550.46173096 -6.55311584
857 -550.46173096 -6.55311584
858 -550.46093750 -6.55310640
859 -550.46093750 -6.55310640
860 -550.46032715 -6.55309913
861 -550.46142578 -6.55311221
862 -550.46203613 -6.55311948
863 -550.46215820 -6.55312093
864 -550.46246338 -6.55312456
865 -550.46179199 -6.55311657
866 -550.46130371 -6.55311076
867 -550.46337891 -6.55313546
868 -550.46203613 -6.55311948
869 -550.46203613 -6.55311948
870 -550.46270752 -6.55312747
871 -550.46337891 -6.55313546
872 -550.46264648 -6.55312674
873 -550.46276855 -6.55312820
874 -550.46325684 -6.55313401
875 -550.46392822 -6.55314200
876 -550.46258545 -6.55312602
877 -550.46435547 -6.55314709
878 -550.46386719 -6.55314128
879 -550.46179199 -6.55311657
880 -550.46417236 -6.55314491
881 -550.46447754 -6.55314854
882 -550.46514893 -6.55315653
883 -550.46325684 -6.55313401
884 -550.46496582 -6.55315436
885 -550.46508789 -6.55315581
886 -550.46331787 -6.55313474
887 -550.46374512 -6.55313982
888 -550.46429443 -6.55314636
889 -550.46478271 -6.55315218
890 -550.46520996 -6.55315726
891 -550.46362305 -6.55313837
892 -550.46313477 -6.55313256
893 -550.46411133 -6.55314418
894 -550.46423340 -6.55314564
895 -550.46441650 -6.55314782
896 -550.46508789 -6.55315581
897 -550.46484375 -6.55315290
898 -550.46478271 -6.55315218
899 -550.46380615 -6.55314055
900 -550.46398926 -6.55314273
901 -550.46551514 -6.55316089
902 -550.46533203 -6.55315871
903 -550.46276855 -6.55312820
904 -550.46539307 -6.55315944
905 -550.46569824 -6.55316307
906 -550.46618652 -6.55316889
907 -550.46643066 -6.55317179
908 -550.46679688 -6.55317615
909 -550.46643066 -6.55317179
910 -550.46624756 -6.55316961
911 -550.46582031 -6.55316453
912 -550.46612549 -6.55316816
913 -550.46569824 -6.55316307
914 -550.46636963 -6.55317107
915 -550.46557617 -6.55316162
916 -550.46643066 -6.55317179
917 -550.46594238 -6.55316598
918 -550.46643066 -6.55317179
919 -550.46594238 -6.55316598
920 -550.46557617 -6.55316162
921 -550.46557617 -6.55316162
922 -550.46630859 -6.55317034
923 -550.46551514 -6.55316089
924 -550.46661377 -6.55317397
925 -550.46685791 -6.55317688
926 -550.46691895 -6.55317761
927 -550.46752930 -6.55318487
928 -550.46728516 -6.55318197
929 -550.46606445 -6.55316743
930 -550.46569824 -6.55316307
931 -550.46612549 -6.55316816
932 -550.46734619 -6.55318269
933 -550.46679688 -6.55317615
934 -550.46740723 -6.55318342
935 -550.46813965 -6.55319214
936 -550.46765137 -6.55318633
937 -550.46643066 -6.55317179
938 -550.46728516 -6.55318197
939 -550.46752930 -6.55318487
940 -550.46765137 -6.55318633
941 -550.46777344 -6.55318778
942 -550.46832275 -6.55319432
943 -550.46832275 -6.55319432
944 -550.46850586 -6.55319650
945 -550.46832275 -6.55319432
946 -550.46771240 -6.55318705
947 -550.46740723 -6.55318342
948 -550.46875000 -6.55319940
949 -550.46923828 -6.55320522
950 -550.46813965 -6.55319214
951 -550.46875000 -6.55319940
952 -550.46820068 -6.55319287
953 -550.46923828 -6.55320522
954 -550.46972656 -6.55321103
955 -550.46923828 -6.55320522
956 -550.46905518 -6.55320304
957 -550.47009277 -6.55321539
958 -550.46923828 -6.55320522
959 -550.46832275 -6.55319432
960 -550.47033691 -6.55321830
961 -550.46972656 -6.55321103
962 -550.46997070 -6.55321394
963 -550.46954346 -6.55320885
964 -550.46905518 -6.55320304
965 -550.46942139 -6.55320740
966 -550.46997070 -6.55321394
967 -550.47149658 -6.55323210
968 -550.47198486 -6.55323792
969 -550.47204590 -6.55323864
970 -550.47174072 -6.55323501
971 -550.47064209 -6.55322193
972 -550.47125244 -6.55322920
973 -550.47192383 -6.55323719
974 -550.47265625 -6.55324591
975 -550.47137451 -6.55323065
976 -550.47302246 -6.55325027
977 -550.47137451 -6.55323065
978 -550.47106934 -6.55322702
979 -550.47155762 -6.55323283
980 -550.47192383 -6.55323719
981 -550.47265625 -6.55324591
982 -550.47119141 -6.55322847
983 -550.47290039 -6.55324881
984 -550.47283936 -6.55324809
985 -550.47283936 -6.55324809
986 -550.47314453 -6.55325172
987 -550.47265625 -6.55324591
988 -550.47332764 -6.55325390
989 -550.47418213 -6.55326407
990 -550.47418213 -6.55326407
991 -550.47290039 -6.55324881
992 -550.47125244 -6.55322920
993 -550.47320557 -6.55325245
994 -550.47283936 -6.55324809
995 -550.47399902 -6.55326189
996 -550.47241211 -6.55324300
997 -550.47216797 -6.55324009
998 -550.47277832 -6.55324736
999 -550.47302246 -6.55325027
