0 -680.83361816 -6.94728182
1 -679.63006592 -6.93500067
2 -678.33062744 -6.92174110
3 -676.10577393 -6.89903851
4 -673.04443359 -6.86780034
5 -668.39587402 -6.82036606
6 -663.61456299 -6.77157717
7 -657.79455566 -6.71218934
8 -651.22882080 -6.64519205
9 -643.59039307 -6.56724891
10 -637.23028564 -6.50234985
11 -629.41577148 -6.42260991
12 -620.01220703 -6.32665517
13 -613.09252930 -6.25604622
14 -606.59069824 -6.18970100
15 -599.36840820 -6.11600417
16 -591.63269043 -6.03706827
17 -585.18597412 -5.97128545
18 -577.67797852 -5.89467325
19 -572.84313965 -5.84533816
20 -568.35852051 -5.79957674
21 -563.70660400 -5.75210820
22 -557.92224121 -5.69308409
23 -553.15637207 -5.64445278
24 -549.93774414 -5.61160963
25 -545.13806152 -5.56263328
26 -540.46862793 -5.51498600
27 -534.71563721 -5.45628201
28 -530.67590332 -5.41506024
29 -525.16528320 -5.35882942
30 -522.05578613 -5.32709986
31 -515.21301270 -5.25727564
32 -508.63128662 -5.19011517
33 -504.90655518 -5.15210771
34 -501.26147461 -5.11491301
35 -499.35528564 -5.09546210
36 -497.36022949 -5.07510438
37 -493.49322510 -5.03564515
38 -489.53472900 -4.99525234
39 -491.27276611 -5.01298741
40 -487.35623169 -4.97302277
41 -486.63287354 -4.96564157
42 -484.94903564 -4.94845955
43 -480.96057129 -4.90776093
