0 -555.01733398 -7.11560685
1 -555.02380371 -7.11568979
2 -555.02728271 -7.11573439
3 -555.02978516 -7.11576648
4 -555.03259277 -7.11580247
5 -555.03491211 -7.11583221
6 -555.03540039 -7.11583847
7 -555.03747559 -7.11586507
8 -555.03808594 -7.11587290
9 -555.03826904 -7.11587524
10 -555.03961182 -7.11589246
11 -555.04095459 -7.11590967
12 -555.04144287 -7.11591593
13 -555.04205322 -7.11592376
14 -555.04272461 -7.11593237
15 -555.04260254 -7.11593080
16 -555.04272461 -7.11593237
17 -555.04339600 -7.11594097
18 -555.04315186 -7.11593784
19 -555.04333496 -7.11594019
20 -555.04394531 -7.11594802
21 -555.04412842 -7.11595036
22 -555.04388428 -7.11594723
23 -555.04431152 -7.11595271
24 -555.04467773 -7.11595741
25 -555.04504395 -7.11596210
26 -555.04504395 -7.11596210
27 -555.04559326 -7.11596914
