0 -701.74389648 -6.62022544
1 -701.80157471 -6.62076957
2 -701.84637451 -6.62119221
3 -701.88134766 -6.62152215
4 -701.90893555 -6.62178241
5 -701.93090820 -6.62198970
6 -701.95092773 -6.62217856
7 -701.96887207 -6.62234785
8 -701.98510742 -6.62250101
9 -702.00018311 -6.62264324
10 -702.01452637 -6.62277855
11 -702.02868652 -6.62291214
12 -702.04168701 -6.62303478
13 -702.05364990 -6.62314764
14 -702.06610107 -6.62326510
15 -702.07720947 -6.62336990
16 -702.08874512 -6.62347873
17 -702.09997559 -6.62358468
18 -702.10992432 -6.62367853
19 -702.12017822 -6.62377527
20 -702.13128662 -6.62388006
21 -702.14160156 -6.62397737
22 -702.15106201 -6.62406662
23 -702.16064453 -6.62415702
24 -702.16949463 -6.62424052
25 -702.17901611 -6.62433034
26 -702.18804932 -6.62441556
27 -702.19738770 -6.62450366
28 -702.20678711 -6.62459233
29 -702.21630859 -6.62468216
30 -702.22595215 -6.62477313
31 -702.23504639 -6.62485893
32 -702.24395752 -6.62494300
33 -702.25268555 -6.62502534
34 -702.26110840 -6.62510480
35 -702.26953125 -6.62518426
36 -702.27813721 -6.62526545
37 -702.28662109 -6.62534548
38 -702.29431152 -6.62541803
39 -702.30334473 -6.62550325
40 -702.31164551 -6.62558156
41 -702.32006836 -6.62566102
42 -702.32867432 -6.62574221
43 -702.33654785 -6.62581649
44 -702.34393311 -6.62588616
45 -702.35162354 -6.62595871
46 -702.35968018 -6.62603472
47 -702.36718750 -6.62610554
48 -702.37371826 -6.62616715
49 -702.38104248 -6.62623625
50 -702.38757324 -6.62629786
51 -702.39514160 -6.62636926
52 -702.40313721 -6.62644469
53 -702.41040039 -6.62651321
54 -702.41717529 -6.62657713
55 -702.42370605 -6.62663874
56 -702.43127441 -6.62671014
57 -702.43798828 -6.62677347
58 -702.44586182 -6.62684775
59 -702.45251465 -6.62691052
60 -702.46026611 -6.62698364
61 -702.46734619 -6.62705044
62 -702.47387695 -6.62711205
63 -702.48107910 -6.62717999
64 -702.48797607 -6.62724506
65 -702.49377441 -6.62729976
66 -702.49957275 -6.62735446
67 -702.50634766 -6.62741837
68 -702.51367188 -6.62748747
69 -702.52087402 -6.62755542
70 -702.52630615 -6.62760666
71 -702.53259277 -6.62766597
72 -702.53906250 -6.62772700
73 -702.54510498 -6.62778401
74 -702.55181885 -6.62784735
75 -702.55804443 -6.62790608
76 -702.56427002 -6.62796481
77 -702.57092285 -6.62802757
78 -702.57574463 -6.62807306
79 -702.58239746 -6.62813583
80 -702.58874512 -6.62819571
81 -702.59490967 -6.62825386
82 -702.60076904 -6.62830914
83 -702.60693359 -6.62836730
84 -702.61279297 -6.62842258
85 -702.61907959 -6.62848188
86 -702.62445068 -6.62853255
87 -702.63073730 -6.62859186
88 -702.63659668 -6.62864714
89 -702.64245605 -6.62870242
90 -702.64801025 -6.62875481
91 -702.65368652 -6.62880836
92 -702.65869141 -6.62885558
93 -702.66357422 -6.62890164
94 -702.66912842 -6.62895404
95 -702.67456055 -6.62900529
96 -702.67926025 -6.62904963
97 -702.68530273 -6.62910663
98 -702.69024658 -6.62915327
99 -702.69653320 -6.62921258
100 -702.70123291 -6.62925691
101 -702.70733643 -6.62931449
102 -702.71246338 -6.62936286
103 -702.71765137 -6.62941181
104 -702.72229004 -6.62945557
105 -702.72723389 -6.62950221
106 -702.73248291 -6.62955173
107 -702.73791504 -6.62960297
108 -702.74255371 -6.62964673
109 -702.74829102 -6.62970086
110 -702.75238037 -6.62973944
111 -702.75720215 -6.62978493
112 -702.76092529 -6.62982005
113 -702.76623535 -6.62987014
114 -702.77044678 -6.62990988
115 -702.77551270 -6.62995767
116 -702.77984619 -6.62999855
117 -702.78399658 -6.63003770
118 -702.78741455 -6.63006995
119 -702.79101562 -6.63010392
120 -702.79595947 -6.63015056
121 -702.79992676 -6.63018799
122 -702.80340576 -6.63022081
123 -702.80737305 -6.63025824
124 -702.81115723 -6.63029394
125 -702.81481934 -6.63032848
126 -702.81835938 -6.63036188
127 -702.82189941 -6.63039528
128 -702.82519531 -6.63042637
129 -702.82873535 -6.63045977
130 -702.83227539 -6.63049316
131 -702.83593750 -6.63052771
132 -702.83898926 -6.63055650
133 -702.84246826 -6.63058932
134 -702.84527588 -6.63061581
135 -702.84875488 -6.63064863
136 -702.85174561 -6.63067685
137 -702.85522461 -6.63070967
138 -702.85870361 -6.63074249
139 -702.86193848 -6.63077300
140 -702.86486816 -6.63080064
141 -702.86804199 -6.63083058
142 -702.87097168 -6.63085822
143 -702.87414551 -6.63088817
144 -702.87634277 -6.63090889
145 -702.87933350 -6.63093711
146 -702.88214111 -6.63096360
147 -702.88476562 -6.63098835
148 -702.88690186 -6.63100851
149 -702.88928223 -6.63103096
150 -702.89154053 -6.63105227
151 -702.89428711 -6.63107818
152 -702.89733887 -6.63110697
153 -702.90014648 -6.63113346
154 -702.90307617 -6.63116110
155 -702.90576172 -6.63118643
156 -702.90789795 -6.63120658
157 -702.91082764 -6.63123422
158 -702.91333008 -6.63125783
159 -702.91601562 -6.63128317
160 -702.91815186 -6.63130332
161 -702.92028809 -6.63132347
162 -702.92260742 -6.63134535
163 -702.92437744 -6.63136205
164 -702.92687988 -6.63138566
165 -702.92871094 -6.63140293
166 -702.93096924 -6.63142424
167 -702.93347168 -6.63144785
168 -702.93505859 -6.63146282
169 -702.93707275 -6.63148182
170 -702.93933105 -6.63150312
171 -702.94195557 -6.63152788
172 -702.94415283 -6.63154861
173 -702.94677734 -6.63157337
174 -702.94842529 -6.63158892
175 -702.95068359 -6.63161022
176 -702.95275879 -6.63162980
177 -702.95465088 -6.63164765
178 -702.95654297 -6.63166550
179 -702.95837402 -6.63168277
180 -702.96032715 -6.63170120
181 -702.96282959 -6.63172481
182 -702.96508789 -6.63174611
