0 -487.04779053 -6.08809738
1 -486.11672974 -6.07645912
2 -485.38894653 -6.06736183
3 -484.44903564 -6.05561295
4 -482.91693115 -6.03646164
5 -482.34161377 -6.02927017
6 -481.65359497 -6.02066994
7 -480.95202637 -6.01190033
8 -480.17260742 -6.00215759
9 -479.85684204 -5.99821053
10 -479.77450562 -5.99718132
11 -478.83151245 -5.98539391
12 -476.96157837 -5.96201973
13 -477.03869629 -5.96298370
14 -477.20541382 -5.96506767
15 -477.05203247 -5.96315041
16 -476.47177124 -5.95589714
17 -475.92709351 -5.94908867
18 -475.58886719 -5.94486084
19 -475.74835205 -5.94685440
20 -475.28988647 -5.94112358
21 -474.78164673 -5.93477058
22 -474.56100464 -5.93201256
23 -473.73760986 -5.92172012
24 -473.43820190 -5.91797752
25 -472.95031738 -5.91187897
26 -472.01596069 -5.90019951
27 -471.66543579 -5.89581795
28 -471.44805908 -5.89310074
29 -470.96353149 -5.88704414
30 -471.49722290 -5.89371529
31 -470.61657715 -5.88270721
32 -470.43765259 -5.88047066
33 -469.98031616 -5.87475395
34 -470.80975342 -5.88512192
35 -470.24057007 -5.87800713
36 -469.92251587 -5.87403145
37 -469.71377563 -5.87142220
38 -469.22018433 -5.86525230
39 -468.79888916 -5.85998611
40 -467.56387329 -5.84454842
41 -466.55117798 -5.83188972
42 -465.94604492 -5.82432556
43 -464.78952026 -5.80986900
44 -463.81933594 -5.79774170
45 -463.10372925 -5.78879662
46 -462.36810303 -5.77960129
47 -462.48065186 -5.78100815
48 -461.32604980 -5.76657562
49 -461.21166992 -5.76514587
50 -459.43200684 -5.74290009
51 -459.52627563 -5.74407845
52 -458.61965942 -5.73274574
53 -456.60598755 -5.70757484
54 -456.03271484 -5.70040894
55 -456.31796265 -5.70397453
56 -456.70556641 -5.70881958
57 -455.48684692 -5.69358559
58 -455.25534058 -5.69069176
59 -456.39627075 -5.70495338
60 -455.83316040 -5.69791451
61 -455.05526733 -5.68819084
62 -453.57135010 -5.66964188
63 -453.51596069 -5.66894951
64 -451.05081177 -5.63813515
65 -450.58001709 -5.63225021
66 -451.39746094 -5.64246826
67 -452.45550537 -5.65569382
68 -452.43417358 -5.65542717
69 -452.60162354 -5.65752029
70 -454.07061768 -5.67588272
71 -453.06240845 -5.66328011
72 -452.96279907 -5.66203499
73 -452.97021484 -5.66212769
74 -449.88494873 -5.62356186
75 -449.30801392 -5.61635017
76 -451.02755737 -5.63784447
77 -450.15924072 -5.62699051
78 -448.32785034 -5.60409813
79 -447.73223877 -5.59665298
80 -447.50082397 -5.59376030
81 -449.08593750 -5.61357422
82 -447.99896240 -5.59998703
83 -446.76290894 -5.58453636
84 -445.61837769 -5.57022972
85 -445.72305298 -5.57153816
86 -446.82171631 -5.58527145
87 -447.88439941 -5.59855499
88 -448.10461426 -5.60130768
89 -445.27581787 -5.56594772
90 -445.14746094 -5.56434326
91 -445.35931396 -5.56699142
92 -443.89315796 -5.54866447
93 -443.93389893 -5.54917374
94 -445.05691528 -5.56321144
95 -444.89453125 -5.56118164
96 -446.27218628 -5.57840233
97 -445.48138428 -5.56851730
98 -445.02258301 -5.56278229
99 -444.11926270 -5.55149078
100 -446.27340698 -5.57841759
101 -447.03338623 -5.58791733
102 -446.81338501 -5.58516731
103 -445.51483154 -5.56893539
104 -443.52664185 -5.54408302
105 -442.94766235 -5.53684578
106 -439.95440674 -5.49943008
107 -439.33554077 -5.49169426
108 -439.69003296 -5.49612541
109 -436.38381958 -5.45479774
110 -435.68371582 -5.44604645
111 -436.66567993 -5.45832100
112 -436.55538940 -5.45694237
113 -437.90399170 -5.47379990
114 -437.92510986 -5.47406387
115 -440.11273193 -5.50140915
116 -440.14239502 -5.50177994
117 -439.43713379 -5.49296417
118 -438.88702393 -5.48608780
119 -438.90969849 -5.48637123
120 -437.51235962 -5.46890450
121 -437.46795654 -5.46834946
122 -436.76892090 -5.45961151
123 -437.68615723 -5.47107697
124 -437.83578491 -5.47294731
125 -436.99240112 -5.46240501
126 -437.76562500 -5.47207031
127 -437.46600342 -5.46832504
128 -438.57144165 -5.48214302
129 -438.96182251 -5.48702278
130 -437.65447998 -5.47068100
131 -436.63833618 -5.45797920
132 -436.66326904 -5.45829086
133 -436.44827271 -5.45560341
134 -435.63690186 -5.44546127
135 -436.12625122 -5.45157814
136 -436.36477661 -5.45455971
137 -435.94302368 -5.44928780
138 -435.11914062 -5.43898926
139 -433.64144897 -5.42051811
140 -432.48025513 -5.40600319
141 -432.61968994 -5.40774612
142 -431.70361328 -5.39629517
143 -430.54626465 -5.38182831
144 -430.96984863 -5.38712311
145 -429.68392944 -5.37104912
146 -429.08340454 -5.36354256
147 -428.17749023 -5.35221863
148 -428.36419678 -5.35455246
149 -426.57043457 -5.33213043
150 -425.88043213 -5.32350540
151 -425.28076172 -5.31600952
152 -426.64938354 -5.33311729
153 -425.71530151 -5.32144127
154 -424.89108276 -5.31113853
155 -424.93405151 -5.31167564
156 -422.78070068 -5.28475876
157 -422.03485107 -5.27543564
158 -422.49371338 -5.28117142
159 -418.68096924 -5.23351212
160 -414.17083740 -5.17713547
161 -416.13510132 -5.20168877
162 -416.75302124 -5.20941277
163 -416.23309326 -5.20291367
164 -414.82876587 -5.18535957
165 -414.60269165 -5.18253365
166 -413.23114014 -5.16538925
167 -411.40820312 -5.14260254
168 -411.11257935 -5.13890724
169 -409.01654053 -5.11270676
170 -408.52893066 -5.10661163
171 -411.26181030 -5.14077263
172 -408.23538208 -5.10294228
173 -408.45220947 -5.10565262
174 -406.48611450 -5.08107643
175 -408.94332886 -5.11179161
176 -410.04989624 -5.12562370
177 -407.06881714 -5.08836021
178 -405.41558838 -5.06769485
179 -404.91162109 -5.06139526
180 -406.07669067 -5.07595863
181 -406.34365845 -5.07929573
182 -404.40386963 -5.05504837
183 -406.33059692 -5.07913246
184 -405.27743530 -5.06596794
185 -405.44885254 -5.06811066
186 -405.16110229 -5.06451378
187 -403.68447876 -5.04605598
188 -402.43545532 -5.03044319
189 -401.52471924 -5.01905899
190 -401.34283447 -5.01678543
191 -401.84490967 -5.02306137
192 -403.64184570 -5.04552307
193 -402.99948120 -5.03749352
194 -401.04907227 -5.01311340
195 -400.17990112 -5.00224876
196 -398.07009888 -4.97587624
197 -398.28421021 -4.97855263
198 -399.41790771 -4.99272385
199 -398.77627563 -4.98470345
200 -399.78216553 -4.99727707
201 -399.93682861 -4.99921036
202 -400.60641479 -5.00758018
203 -400.00396729 -5.00004959
204 -399.00735474 -4.98759193
205 -400.46026611 -5.00575333
206 -400.71408081 -5.00892601
207 -401.05715942 -5.01321449
208 -402.26608276 -5.02832603
209 -402.24185181 -5.02802315
210 -400.37704468 -5.00471306
211 -400.11660767 -5.00145760
212 -399.43679810 -4.99295998
213 -399.97674561 -4.99970932
214 -401.07342529 -5.01341782
215 -400.20199585 -5.00252495
216 -401.69299316 -5.02116241
217 -402.61221313 -5.03265266
218 -403.35189819 -5.04189873
219 -402.86590576 -5.03582382
220 -404.15402222 -5.05192528
221 -404.22372437 -5.05279655
222 -405.04190063 -5.06302376
223 -403.74499512 -5.04681244
224 -403.24572754 -5.04057159
225 -403.81546021 -5.04769325
226 -404.03640747 -5.05045509
227 -404.23400879 -5.05292511
228 -404.07696533 -5.05096207
229 -403.52844238 -5.04410553
230 -403.50674438 -5.04383430
231 -402.87231445 -5.03590393
232 -403.83273315 -5.04790916
233 -404.24566650 -5.05307083
234 -403.87316895 -5.04841461
235 -402.39862061 -5.02998276
236 -401.99740601 -5.02496758
237 -399.78662109 -4.99733276
238 -399.84490967 -4.99806137
239 -401.18063354 -5.01475792
240 -401.97390747 -5.02467384
241 -402.24008179 -5.02800102
242 -402.42736816 -5.03034210
243 -402.25103760 -5.02813797
244 -401.76669312 -5.02208366
245 -402.02746582 -5.02534332
246 -402.27252197 -5.02840652
247 -401.52957153 -5.01911964
248 -402.33377075 -5.02917213
249 -402.31982422 -5.02899780
250 -401.42687988 -5.01783600
251 -402.09567261 -5.02619591
252 -401.95062256 -5.02438278
253 -401.64587402 -5.02057343
254 -402.11019897 -5.02637749
255 -400.47677612 -5.00595970
256 -400.33624268 -5.00420303
257 -400.38327026 -5.00479088
258 -398.69964600 -4.98374557
259 -398.19818115 -4.97747726
260 -398.13275146 -4.97665939
261 -399.06698608 -4.98833733
262 -398.77218628 -4.98465233
263 -399.37341309 -4.99216766
264 -398.32382202 -4.97904778
265 -399.00924683 -4.98761559
266 -398.72109985 -4.98401375
267 -398.78088379 -4.98476105
268 -397.14663696 -4.96433296
269 -396.84521484 -4.96056519
270 -397.04177856 -4.96302223
271 -397.91928101 -4.97399101
272 -395.83419800 -4.94792747
273 -395.63192749 -4.94539909
274 -396.75997925 -4.95949974
275 -397.88897705 -4.97361221
276 -398.40872192 -4.98010902
277 -397.92761230 -4.97409515
278 -397.03970337 -4.96299629
279 -396.53210449 -4.95665131
280 -396.25659180 -4.95320740
281 -397.45907593 -4.96823845
282 -397.85903931 -4.97323799
283 -398.26715088 -4.97833939
284 -398.61691284 -4.98271141
285 -397.35198975 -4.96689987
286 -397.88110352 -4.97351379
287 -397.20388794 -4.96504860
288 -397.46551514 -4.96831894
289 -398.03088379 -4.97538605
290 -396.93600464 -4.96170006
291 -396.53607178 -4.95670090
292 -397.66931152 -4.97086639
293 -396.94335938 -4.96179199
294 -397.64175415 -4.97052193
295 -398.01644897 -4.97520561
296 -398.15005493 -4.97687569
297 -398.03753662 -4.97546921
298 -396.79254150 -4.95990677
299 -397.49923706 -4.96874046
300 -397.85458374 -4.97318230
301 -396.68923950 -4.95861549
302 -397.23010254 -4.96537628
303 -397.06509399 -4.96331367
304 -396.80270386 -4.96003380
305 -396.65426636 -4.95817833
306 -396.35333252 -4.95441666
307 -395.73266602 -4.94665833
308 -395.66897583 -4.94586220
309 -395.38537598 -4.94231720
310 -394.65570068 -4.93319626
311 -394.54479980 -4.93181000
312 -393.83947754 -4.92299347
313 -393.08508301 -4.91356354
314 -394.65359497 -4.93316994
315 -392.83831787 -4.91047897
316 -393.62142944 -4.92026787
317 -392.61413574 -4.90767670
318 -391.89590454 -4.89869881
319 -390.84539795 -4.88556747
320 -390.25531006 -4.87819138
321 -390.33218384 -4.87915230
322 -390.10882568 -4.87636032
323 -390.69006348 -4.88362579
324 -391.08242798 -4.88853035
325 -390.77490234 -4.88468628
326 -390.80270386 -4.88503380
327 -390.59359741 -4.88241997
328 -390.98770142 -4.88734627
329 -391.15048218 -4.88938103
