0 -746.58544922 -6.97743410
1 -746.60205078 -6.97758926
2 -746.61108398 -6.97767368
3 -746.61566162 -6.97771646
4 -746.62139893 -6.97777008
5 -746.62426758 -6.97779689
6 -746.62719727 -6.97782427
7 -746.62945557 -6.97784538
8 -746.63214111 -6.97787048
9 -746.63366699 -6.97788474
10 -746.63555908 -6.97790242
11 -746.63714600 -6.97791725
12 -746.63854980 -6.97793037
13 -746.64062500 -6.97794977
14 -746.64227295 -6.97796517
15 -746.64361572 -6.97797772
16 -746.64495850 -6.97799027
17 -746.64544678 -6.97799483
18 -746.64672852 -6.97800681
19 -746.64807129 -6.97801936
20 -746.64807129 -6.97801936
21 -746.64843750 -6.97802278
22 -746.64929199 -6.97803077
23 -746.64996338 -6.97803704
24 -746.65051270 -6.97804217
25 -746.65045166 -6.97804160
26 -746.65167236 -6.97805301
27 -746.65191650 -6.97805529
28 -746.65197754 -6.97805586
29 -746.65289307 -6.97806442
30 -746.65301514 -6.97806556
31 -746.65222168 -6.97805815
32 -746.65301514 -6.97806556
33 -746.65301514 -6.97806556
34 -746.65283203 -6.97806385
35 -746.65301514 -6.97806556
36 -746.65399170 -6.97807469
37 -746.65429688 -6.97807754
38 -746.65380859 -6.97807298
39 -746.65429688 -6.97807754
40 -746.65429688 -6.97807754
41 -746.65386963 -6.97807355
42 -746.65435791 -6.97807811
43 -746.65515137 -6.97808553
44 -746.65472412 -6.97808153
45 -746.65454102 -6.97807982
46 -746.65502930 -6.97808439
47 -746.65551758 -6.97808895
48 -746.65496826 -6.97808382
49 -746.65460205 -6.97808039
50 -746.65533447 -6.97808724
51 -746.65570068 -6.97809066
52 -746.65533447 -6.97808724
53 -746.65515137 -6.97808553
54 -746.65557861 -6.97808952
55 -746.65545654 -6.97808838
56 -746.65539551 -6.97808781
57 -746.65515137 -6.97808553
58 -746.65527344 -6.97808667
59 -746.65533447 -6.97808724
60 -746.65490723 -6.97808325
61 -746.65582275 -6.97809180
62 -746.65606689 -6.97809408
63 -746.65618896 -6.97809522
64 -746.65551758 -6.97808895
65 -746.65563965 -6.97809009
66 -746.65594482 -6.97809294
67 -746.65551758 -6.97808895
68 -746.65618896 -6.97809522
69 -746.65606689 -6.97809408
70 -746.65588379 -6.97809237
71 -746.65496826 -6.97808382
72 -746.65582275 -6.97809180
73 -746.65600586 -6.97809351
74 -746.65582275 -6.97809180
75 -746.65563965 -6.97809009
76 -746.65521240 -6.97808610
77 -746.65557861 -6.97808952
78 -746.65539551 -6.97808781
79 -746.65570068 -6.97809066
80 -746.65557861 -6.97808952
81 -746.65441895 -6.97807868
82 -746.65521240 -6.97808610
83 -746.65533447 -6.97808724
84 -746.65563965 -6.97809009
85 -746.65496826 -6.97808382
86 -746.65563965 -6.97809009
87 -746.65618896 -6.97809522
88 -746.65557861 -6.97808952
89 -746.65551758 -6.97808895
90 -746.65570068 -6.97809066
91 -746.65606689 -6.97809408
92 -746.65600586 -6.97809351
93 -746.65594482 -6.97809294
94 -746.65600586 -6.97809351
95 -746.65582275 -6.97809180
96 -746.65594482 -6.97809294
97 -746.65606689 -6.97809408
98 -746.65539551 -6.97808781
99 -746.65600586 -6.97809351
100 -746.65612793 -6.97809465
101 -746.65661621 -6.97809922
102 -746.65649414 -6.97809808
103 -746.65594482 -6.97809294
104 -746.65673828 -6.97810036
105 -746.65710449 -6.97810378
106 -746.65692139 -6.97810207
107 -746.65667725 -6.97809979
108 -746.65692139 -6.97810207
109 -746.65716553 -6.97810435
110 -746.65661621 -6.97809922
111 -746.65576172 -6.97809123
112 -746.65588379 -6.97809237
113 -746.65649414 -6.97809808
114 -746.65618896 -6.97809522
115 -746.65698242 -6.97810264
116 -746.65698242 -6.97810264
117 -746.65722656 -6.97810492
118 -746.65722656 -6.97810492
119 -746.65777588 -6.97811005
120 -746.65686035 -6.97810150
121 -746.65673828 -6.97810036
122 -746.65686035 -6.97810150
123 -746.65710449 -6.97810378
124 -746.65698242 -6.97810264
125 -746.65710449 -6.97810378
126 -746.65612793 -6.97809465
127 -746.65673828 -6.97810036
128 -746.65576172 -6.97809123
129 -746.65686035 -6.97810150
130 -746.65673828 -6.97810036
131 -746.65618896 -6.97809522
132 -746.65594482 -6.97809294
133 -746.65606689 -6.97809408
134 -746.65612793 -6.97809465
135 -746.65625000 -6.97809579
136 -746.65588379 -6.97809237
137 -746.65649414 -6.97809808
138 -746.65570068 -6.97809066
139 -746.65539551 -6.97808781
140 -746.65460205 -6.97808039
141 -746.65502930 -6.97808439
142 -746.65405273 -6.97807526
143 -746.65435791 -6.97807811
144 -746.65466309 -6.97808096
145 -746.65515137 -6.97808553
146 -746.65496826 -6.97808382
147 -746.65472412 -6.97808153
148 -746.65447998 -6.97807925
149 -746.65454102 -6.97807982
150 -746.65435791 -6.97807811
151 -746.65429688 -6.97807754
152 -746.65435791 -6.97807811
153 -746.65380859 -6.97807298
154 -746.65368652 -6.97807184
155 -746.65325928 -6.97806784
156 -746.65319824 -6.97806727
157 -746.65222168 -6.97805815
158 -746.65179443 -6.97805415
159 -746.65216064 -6.97805758
160 -746.65252686 -6.97806100
161 -746.65228271 -6.97805872
162 -746.65161133 -6.97805244
163 -746.65161133 -6.97805244
164 -746.65240479 -6.97805986
165 -746.65258789 -6.97806157
166 -746.65209961 -6.97805701
167 -746.65179443 -6.97805415
168 -746.65209961 -6.97805701
169 -746.65167236 -6.97805301
170 -746.65173340 -6.97805358
171 -746.65106201 -6.97804731
172 -746.65075684 -6.97804446
173 -746.65100098 -6.97804674
174 -746.65057373 -6.97804275
175 -746.65063477 -6.97804332
176 -746.65063477 -6.97804332
177 -746.65026855 -6.97803989
178 -746.65026855 -6.97803989
179 -746.64996338 -6.97803704
180 -746.64947510 -6.97803248
181 -746.65057373 -6.97804275
182 -746.64941406 -6.97803191
183 -746.64916992 -6.97802963
184 -746.64941406 -6.97803191
185 -746.64953613 -6.97803305
186 -746.64892578 -6.97802734
187 -746.64880371 -6.97802620
188 -746.64825439 -6.97802107
189 -746.64788818 -6.97801765
190 -746.64733887 -6.97801251
191 -746.64727783 -6.97801194
192 -746.64709473 -6.97801023
193 -746.64685059 -6.97800795
194 -746.64691162 -6.97800852
195 -746.64624023 -6.97800225
196 -746.64666748 -6.97800624
197 -746.64605713 -6.97800053
198 -746.64666748 -6.97800624
199 -746.64581299 -6.97799825
200 -746.64544678 -6.97799483
201 -746.64575195 -6.97799768
202 -746.64526367 -6.97799312
203 -746.64398193 -6.97798114
204 -746.64349365 -6.97797658
205 -746.64337158 -6.97797544
206 -746.64343262 -6.97797601
207 -746.64276123 -6.97796973
208 -746.64312744 -6.97797315
209 -746.64251709 -6.97796745
210 -746.64147949 -6.97795775
211 -746.64105225 -6.97795376
212 -746.64019775 -6.97794577
213 -746.63909912 -6.97793551
214 -746.63952637 -6.97793950
215 -746.63842773 -6.97792923
216 -746.63854980 -6.97793037
217 -746.63836670 -6.97792866
218 -746.63806152 -6.97792581
219 -746.63824463 -6.97792752
220 -746.63806152 -6.97792581
221 -746.63684082 -6.97791440
222 -746.63598633 -6.97790641
223 -746.63586426 -6.97790527
224 -746.63482666 -6.97789558
225 -746.63513184 -6.97789843
226 -746.63439941 -6.97789158
227 -746.63519287 -6.97789900
228 -746.63507080 -6.97789786
229 -746.63421631 -6.97788987
230 -746.63409424 -6.97788873
231 -746.63360596 -6.97788417
232 -746.63330078 -6.97788132
233 -746.63342285 -6.97788246
234 -746.63256836 -6.97787447
235 -746.63323975 -6.97788075
236 -746.63348389 -6.97788303
237 -746.63403320 -6.97788816
238 -746.63354492 -6.97788360
239 -746.63360596 -6.97788417
240 -746.63464355 -6.97789386
241 -746.63409424 -6.97788873
242 -746.63348389 -6.97788303
243 -746.63287354 -6.97787732
244 -746.63281250 -6.97787675
245 -746.63311768 -6.97787960
246 -746.63305664 -6.97787903
247 -746.63311768 -6.97787960
248 -746.63287354 -6.97787732
249 -746.63214111 -6.97787048
250 -746.63146973 -6.97786420
251 -746.63153076 -6.97786477
252 -746.63226318 -6.97787162
253 -746.63195801 -6.97786877
254 -746.63183594 -6.97786763
255 -746.63159180 -6.97786534
256 -746.63165283 -6.97786591
257 -746.63238525 -6.97787276
258 -746.63226318 -6.97787162
259 -746.63226318 -6.97787162
260 -746.63299561 -6.97787846
261 -746.63262939 -6.97787504
262 -746.63256836 -6.97787447
263 -746.63244629 -6.97787333
264 -746.63299561 -6.97787846
265 -746.63281250 -6.97787675
266 -746.63269043 -6.97787561
267 -746.63189697 -6.97786820
268 -746.63153076 -6.97786477
269 -746.63201904 -6.97786934
270 -746.63146973 -6.97786420
271 -746.63214111 -6.97787048
272 -746.63171387 -6.97786648
273 -746.63220215 -6.97787105
274 -746.63140869 -6.97786363
275 -746.63214111 -6.97787048
276 -746.63128662 -6.97786249
277 -746.63171387 -6.97786648
278 -746.63177490 -6.97786706
279 -746.63195801 -6.97786877
280 -746.63208008 -6.97786991
281 -746.63195801 -6.97786877
282 -746.63146973 -6.97786420
283 -746.63067627 -6.97785679
284 -746.63067627 -6.97785679
285 -746.63043213 -6.97785451
286 -746.63116455 -6.97786135
287 -746.63085938 -6.97785850
288 -746.63055420 -6.97785565
289 -746.63043213 -6.97785451
290 -746.63092041 -6.97785907
291 -746.63049316 -6.97785508
292 -746.63055420 -6.97785565
293 -746.63049316 -6.97785508
294 -746.63000488 -6.97785051
295 -746.62963867 -6.97784709
296 -746.62951660 -6.97784595
297 -746.62939453 -6.97784481
298 -746.62896729 -6.97784082
299 -746.62884521 -6.97783967
300 -746.62902832 -6.97784139
301 -746.62847900 -6.97783625
302 -746.62762451 -6.97782827
303 -746.62829590 -6.97783454
304 -746.62805176 -6.97783226
305 -746.62805176 -6.97783226
306 -746.62725830 -6.97782484
307 -746.62707520 -6.97782313
308 -746.62744141 -6.97782656
309 -746.62707520 -6.97782313
310 -746.62615967 -6.97781458
311 -746.62615967 -6.97781458
312 -746.62591553 -6.97781229
313 -746.62615967 -6.97781458
314 -746.62646484 -6.97781743
315 -746.62640381 -6.97781686
316 -746.62615967 -6.97781458
317 -746.62597656 -6.97781287
318 -746.62475586 -6.97780146
319 -746.62451172 -6.97779917
320 -746.62432861 -6.97779746
321 -746.62304688 -6.97778548
322 -746.62310791 -6.97778606
323 -746.62255859 -6.97778092
324 -746.62255859 -6.97778092
325 -746.62200928 -6.97777579
326 -746.62280273 -6.97778320
327 -746.62231445 -6.97777864
328 -746.62255859 -6.97778092
329 -746.62127686 -6.97776894
330 -746.62182617 -6.97777408
331 -746.62133789 -6.97776951
332 -746.62176514 -6.97777351
333 -746.62182617 -6.97777408
334 -746.62048340 -6.97776153
335 -746.62139893 -6.97777008
336 -746.62133789 -6.97776951
337 -746.62158203 -6.97777179
338 -746.62158203 -6.97777179
339 -746.62091064 -6.97776552
340 -746.62103271 -6.97776666
341 -746.62097168 -6.97776609
342 -746.62145996 -6.97777065
343 -746.62097168 -6.97776609
344 -746.62109375 -6.97776723
345 -746.62109375 -6.97776723
346 -746.62054443 -6.97776210
347 -746.62054443 -6.97776210
348 -746.62054443 -6.97776210
349 -746.62072754 -6.97776381
350 -746.62145996 -6.97777065
351 -746.62042236 -6.97776096
352 -746.62023926 -6.97775925
353 -746.62054443 -6.97776210
354 -746.61950684 -6.97775240
355 -746.61901855 -6.97774784
356 -746.61853027 -6.97774327
357 -746.61877441 -6.97774556
358 -746.61834717 -6.97774156
359 -746.61700439 -6.97772901
360 -746.61816406 -6.97773985
361 -746.61779785 -6.97773643
362 -746.61798096 -6.97773814
363 -746.61816406 -6.97773985
364 -746.61785889 -6.97773700
365 -746.61749268 -6.97773358
366 -746.61828613 -6.97774099
367 -746.61791992 -6.97773757
368 -746.61822510 -6.97774042
369 -746.61840820 -6.97774213
370 -746.61846924 -6.97774270
371 -746.61688232 -6.97772787
372 -746.61560059 -6.97771589
373 -746.61621094 -6.97772160
374 -746.61553955 -6.97771532
375 -746.61724854 -6.97773129
376 -746.61602783 -6.97771989
377 -746.61645508 -6.97772388
378 -746.61560059 -6.97771589
379 -746.61541748 -6.97771418
380 -746.61608887 -6.97772046
381 -746.61480713 -6.97770848
382 -746.61437988 -6.97770448
383 -746.61486816 -6.97770905
384 -746.61462402 -6.97770677
385 -746.61413574 -6.97770220
386 -746.61431885 -6.97770391
387 -746.61364746 -6.97769764
388 -746.61340332 -6.97769536
389 -746.61346436 -6.97769593
390 -746.61413574 -6.97770220
391 -746.61419678 -6.97770277
392 -746.61267090 -6.97768851
393 -746.61267090 -6.97768851
394 -746.61340332 -6.97769536
395 -746.61315918 -6.97769308
396 -746.61303711 -6.97769194
397 -746.61322021 -6.97769365
398 -746.61315918 -6.97769308
399 -746.61218262 -6.97768395
400 -746.61206055 -6.97768281
401 -746.61206055 -6.97768281
402 -746.61230469 -6.97768509
403 -746.61175537 -6.97767996
404 -746.61126709 -6.97767539
405 -746.61169434 -6.97767939
406 -746.61157227 -6.97767825
407 -746.61206055 -6.97768281
408 -746.61199951 -6.97768224
409 -746.61175537 -6.97767996
410 -746.61181641 -6.97768053
411 -746.61206055 -6.97768281
412 -746.61108398 -6.97767368
413 -746.61138916 -6.97767653
414 -746.61132812 -6.97767596
415 -746.61145020 -6.97767710
416 -746.61035156 -6.97766684
417 -746.61047363 -6.97766798
418 -746.61120605 -6.97767482
419 -746.61102295 -6.97767311
420 -746.61077881 -6.97767083
421 -746.61108398 -6.97767368
422 -746.61059570 -6.97766912
423 -746.61157227 -6.97767825
424 -746.61071777 -6.97767026
425 -746.61053467 -6.97766855
426 -746.61096191 -6.97767254
427 -746.61096191 -6.97767254
428 -746.61157227 -6.97767825
429 -746.61181641 -6.97768053
430 -746.61132812 -6.97767596
431 -746.61145020 -6.97767710
432 -746.61132812 -6.97767596
433 -746.61169434 -6.97767939
434 -746.61218262 -6.97768395
435 -746.61248779 -6.97768680
436 -746.61242676 -6.97768623
437 -746.61248779 -6.97768680
438 -746.61279297 -6.97768965
439 -746.61236572 -6.97768566
440 -746.61218262 -6.97768395
441 -746.61242676 -6.97768623
442 -746.61285400 -6.97769022
443 -746.61224365 -6.97768452
444 -746.61230469 -6.97768509
445 -746.61346436 -6.97769593
446 -746.61285400 -6.97769022
447 -746.61206055 -6.97768281
448 -746.61260986 -6.97768794
449 -746.61206055 -6.97768281
450 -746.61267090 -6.97768851
451 -746.61340332 -6.97769536
452 -746.61346436 -6.97769593
453 -746.61242676 -6.97768623
454 -746.61322021 -6.97769365
455 -746.61242676 -6.97768623
456 -746.61218262 -6.97768395
457 -746.61230469 -6.97768509
458 -746.61248779 -6.97768680
459 -746.61279297 -6.97768965
460 -746.61236572 -6.97768566
461 -746.61358643 -6.97769707
462 -746.61376953 -6.97769878
463 -746.61297607 -6.97769137
464 -746.61401367 -6.97770106
465 -746.61413574 -6.97770220
466 -746.61279297 -6.97768965
467 -746.61285400 -6.97769022
468 -746.61273193 -6.97768908
469 -746.61267090 -6.97768851
470 -746.61364746 -6.97769764
471 -746.61358643 -6.97769707
472 -746.61315918 -6.97769308
473 -746.61370850 -6.97769821
474 -746.61389160 -6.97769992
475 -746.61383057 -6.97769935
476 -746.61376953 -6.97769878
477 -746.61407471 -6.97770163
478 -746.61505127 -6.97771076
479 -746.61529541 -6.97771304
480 -746.61511230 -6.97771133
481 -746.61560059 -6.97771589
482 -746.61505127 -6.97771076
483 -746.61480713 -6.97770848
484 -746.61480713 -6.97770848
485 -746.61499023 -6.97771019
486 -746.61505127 -6.97771076
487 -746.61480713 -6.97770848
488 -746.61468506 -6.97770734
489 -746.61468506 -6.97770734
490 -746.61523438 -6.97771247
491 -746.61529541 -6.97771304
492 -746.61517334 -6.97771190
493 -746.61468506 -6.97770734
494 -746.61492920 -6.97770962
495 -746.61492920 -6.97770962
496 -746.61468506 -6.97770734
497 -746.61462402 -6.97770677
498 -746.61468506 -6.97770734
499 -746.61431885 -6.97770391
500 -746.61376953 -6.97769878
501 -746.61401367 -6.97770106
502 -746.61328125 -6.97769422
503 -746.61328125 -6.97769422
504 -746.61328125 -6.97769422
505 -746.61346436 -6.97769593
506 -746.61401367 -6.97770106
507 -746.61468506 -6.97770734
508 -746.61468506 -6.97770734
509 -746.61383057 -6.97769935
510 -746.61431885 -6.97770391
511 -746.61450195 -6.97770563
512 -746.61419678 -6.97770277
513 -746.61474609 -6.97770791
514 -746.61431885 -6.97770391
515 -746.61389160 -6.97769992
516 -746.61413574 -6.97770220
517 -746.61328125 -6.97769422
518 -746.61236572 -6.97768566
519 -746.61346436 -6.97769593
520 -746.61297607 -6.97769137
521 -746.61370850 -6.97769821
522 -746.61334229 -6.97769479
523 -746.61236572 -6.97768566
524 -746.61285400 -6.97769022
525 -746.61303711 -6.97769194
526 -746.61273193 -6.97768908
527 -746.61303711 -6.97769194
528 -746.61267090 -6.97768851
529 -746.61248779 -6.97768680
530 -746.61181641 -6.97768053
531 -746.61151123 -6.97767768
532 -746.61206055 -6.97768281
533 -746.61145020 -6.97767710
534 -746.61175537 -6.97767996
535 -746.61187744 -6.97768110
536 -746.61187744 -6.97768110
537 -746.61077881 -6.97767083
538 -746.61059570 -6.97766912
539 -746.60980225 -6.97766170
540 -746.60992432 -6.97766284
541 -746.61010742 -6.97766456
542 -746.61010742 -6.97766456
543 -746.61029053 -6.97766627
544 -746.61035156 -6.97766684
545 -746.60980225 -6.97766170
546 -746.61029053 -6.97766627
547 -746.60913086 -6.97765543
548 -746.61022949 -6.97766570
549 -746.60974121 -6.97766113
550 -746.60974121 -6.97766113
551 -746.60937500 -6.97765771
552 -746.60961914 -6.97765999
553 -746.60882568 -6.97765258
554 -746.60864258 -6.97765087
555 -746.60778809 -6.97764288
556 -746.60705566 -6.97763603
557 -746.60662842 -6.97763204
558 -746.60552979 -6.97762177
559 -746.60577393 -6.97762406
560 -746.60546875 -6.97762120
561 -746.60601807 -6.97762634
562 -746.60400391 -6.97760751
563 -746.60382080 -6.97760580
564 -746.60314941 -6.97759953
565 -746.60363770 -6.97760409
566 -746.60485840 -6.97761550
567 -746.60455322 -6.97761265
568 -746.60412598 -6.97760865
569 -746.60382080 -6.97760580
570 -746.60321045 -6.97760010
571 -746.60272217 -6.97759553
572 -746.60229492 -6.97759154
573 -746.60192871 -6.97758812
574 -746.60070801 -6.97757671
575 -746.60034180 -6.97757329
576 -746.60058594 -6.97757557
577 -746.60052490 -6.97757500
578 -746.60003662 -6.97757044
579 -746.59924316 -6.97756302
580 -746.59893799 -6.97756017
581 -746.59912109 -6.97756188
582 -746.59924316 -6.97756302
583 -746.59899902 -6.97756074
584 -746.59918213 -6.97756245
585 -746.59857178 -6.97755675
586 -746.59930420 -6.97756359
587 -746.59820557 -6.97755332
588 -746.59765625 -6.97754819
589 -746.59838867 -6.97755503
590 -746.59735107 -6.97754534
591 -746.59698486 -6.97754191
592 -746.59881592 -6.97755903
593 -746.59826660 -6.97755389
594 -746.59796143 -6.97755104
595 -746.59722900 -6.97754420
596 -746.59680176 -6.97754020
597 -746.59729004 -6.97754477
598 -746.59771729 -6.97754876
599 -746.59759521 -6.97754762
600 -746.59802246 -6.97755161
601 -746.59765625 -6.97754819
602 -746.59753418 -6.97754705
603 -746.59613037 -6.97753393
604 -746.59716797 -6.97754363
605 -746.59704590 -6.97754249
606 -746.59686279 -6.97754077
607 -746.59704590 -6.97754249
608 -746.59844971 -6.97755560
609 -746.59765625 -6.97754819
610 -746.59680176 -6.97754020
611 -746.59729004 -6.97754477
612 -746.59808350 -6.97755218
613 -746.59753418 -6.97754705
614 -746.59765625 -6.97754819
615 -746.59838867 -6.97755503
616 -746.59783936 -6.97754990
617 -746.59826660 -6.97755389
618 -746.59881592 -6.97755903
619 -746.59759521 -6.97754762
620 -746.59741211 -6.97754591
621 -746.59857178 -6.97755675
622 -746.59851074 -6.97755618
623 -746.59844971 -6.97755560
624 -746.59851074 -6.97755618
625 -746.59899902 -6.97756074
626 -746.59893799 -6.97756017
627 -746.59924316 -6.97756302
628 -746.59930420 -6.97756359
629 -746.59899902 -6.97756074
630 -746.59881592 -6.97755903
631 -746.59918213 -6.97756245
632 -746.59887695 -6.97755960
633 -746.59918213 -6.97756245
634 -746.59954834 -6.97756587
635 -746.59973145 -6.97756758
636 -746.59948730 -6.97756530
637 -746.59997559 -6.97756987
638 -746.60052490 -6.97757500
639 -746.60058594 -6.97757557
640 -746.60009766 -6.97757101
641 -746.59942627 -6.97756473
642 -746.60021973 -6.97757215
643 -746.59979248 -6.97756815
644 -746.59954834 -6.97756587
645 -746.60003662 -6.97757044
646 -746.60052490 -6.97757500
647 -746.60015869 -6.97757158
648 -746.59997559 -6.97756987
649 -746.60083008 -6.97757785
650 -746.59997559 -6.97756987
651 -746.60003662 -6.97757044
652 -746.59973145 -6.97756758
653 -746.60058594 -6.97757557
654 -746.60064697 -6.97757614
655 -746.59997559 -6.97756987
656 -746.60040283 -6.97757386
657 -746.60003662 -6.97757044
658 -746.60058594 -6.97757557
659 -746.60119629 -6.97758127
660 -746.60089111 -6.97757842
661 -746.60186768 -6.97758755
662 -746.60192871 -6.97758812
663 -746.60168457 -6.97758584
664 -746.60217285 -6.97759040
665 -746.60156250 -6.97758470
666 -746.60217285 -6.97759040
667 -746.60235596 -6.97759211
668 -746.60211182 -6.97758983
669 -746.60260010 -6.97759439
670 -746.60253906 -6.97759382
671 -746.60357666 -6.97760352
672 -746.60327148 -6.97760067
673 -746.60382080 -6.97760580
674 -746.60394287 -6.97760694
675 -746.60424805 -6.97760979
676 -746.60388184 -6.97760637
677 -746.60400391 -6.97760751
678 -746.60467529 -6.97761379
679 -746.60437012 -6.97761094
680 -746.60369873 -6.97760466
681 -746.60491943 -6.97761607
