0 -507.07736206 -6.85239678
1 -507.07556152 -6.85237245
2 -507.07531738 -6.85236915
3 -507.07366943 -6.85234688
4 -507.07379150 -6.85234853
5 -507.07232666 -6.85232874
6 -507.07125854 -6.85231430
7 -507.06860352 -6.85227843
8 -507.06790161 -6.85226894
9 -507.06640625 -6.85224873
10 -507.06539917 -6.85223512
11 -507.06512451 -6.85223141
12 -507.06427002 -6.85221987
13 -507.06561279 -6.85223801
14 -507.06423950 -6.85221945
15 -507.06256104 -6.85219677
16 -507.06384277 -6.85221409
17 -507.06115723 -6.85217780
18 -507.05804443 -6.85213574
19 -507.05865479 -6.85214398
20 -507.05920410 -6.85215141
21 -507.05743408 -6.85212749
22 -507.05676270 -6.85211841
23 -507.05670166 -6.85211759
24 -507.05523682 -6.85209779
25 -507.05566406 -6.85210357
26 -507.05416870 -6.85208336
27 -507.05682373 -6.85211924
28 -507.05535889 -6.85209944
29 -507.05572510 -6.85210439
30 -507.05545044 -6.85210068
31 -507.05767822 -6.85213079
32 -507.05596924 -6.85210769
33 -507.05322266 -6.85207058
34 -507.05258179 -6.85206192
35 -507.05285645 -6.85206563
36 -507.05148315 -6.85204707
37 -507.05181885 -6.85205161
38 -507.05004883 -6.85202769
39 -507.05084229 -6.85203841
40 -507.05303955 -6.85206810
41 -507.05084229 -6.85203841
42 -507.05136108 -6.85204542
43 -507.05029297 -6.85203099
44 -507.05023193 -6.85203016
45 -507.04992676 -6.85202604
46 -507.04818726 -6.85200253
47 -507.04656982 -6.85198067
48 -507.04577637 -6.85196995
49 -507.04510498 -6.85196088
50 -507.04721069 -6.85198933
51 -507.04614258 -6.85197490
52 -507.04351807 -6.85193943
53 -507.04620361 -6.85197572
54 -507.04495239 -6.85195882
55 -507.04431152 -6.85195016
56 -507.04254150 -6.85192624
57 -507.04327393 -6.85193613
58 -507.04327393 -6.85193613
59 -507.04315186 -6.85193448
60 -507.04345703 -6.85193861
61 -507.04150391 -6.85191221
62 -507.04287720 -6.85193077
63 -507.04302979 -6.85193283
64 -507.04064941 -6.85190067
65 -507.04071045 -6.85190149
66 -507.04058838 -6.85189984
67 -507.04113770 -6.85190727
68 -507.03790283 -6.85186355
69 -507.03881836 -6.85187592
70 -507.03964233 -6.85188706
71 -507.03778076 -6.85186190
72 -507.03546143 -6.85183056
73 -507.03619385 -6.85184046
74 -507.03646851 -6.85184417
75 -507.03405762 -6.85181159
76 -507.03344727 -6.85180334
77 -507.03234863 -6.85178850
78 -507.03375244 -6.85180747
79 -507.03167725 -6.85177942
80 -507.03134155 -6.85177489
81 -507.03204346 -6.85178437
82 -507.03268433 -6.85179303
83 -507.03350830 -6.85180417
84 -507.02862549 -6.85173818
85 -507.03070068 -6.85176623
86 -507.03195190 -6.85178313
87 -507.03009033 -6.85175798
88 -507.02841187 -6.85173530
89 -507.02886963 -6.85174148
90 -507.03073120 -6.85176664
91 -507.02917480 -6.85174561
92 -507.02758789 -6.85172416
93 -507.02655029 -6.85171014
94 -507.02716064 -6.85171839
95 -507.02636719 -6.85170766
96 -507.02624512 -6.85170602
97 -507.02703857 -6.85171674
98 -507.02828979 -6.85173365
99 -507.02734375 -6.85172086
100 -507.02783203 -6.85172746
101 -507.02716064 -6.85171839
102 -507.02886963 -6.85174148
103 -507.02923584 -6.85174643
104 -507.02746582 -6.85172251
105 -507.02679443 -6.85171344
106 -507.02548218 -6.85169571
107 -507.02661133 -6.85171096
108 -507.02471924 -6.85168540
109 -507.02496338 -6.85168869
110 -507.02514648 -6.85169117
111 -507.02593994 -6.85170189
112 -507.02465820 -6.85168457
113 -507.02355957 -6.85166972
114 -507.02383423 -6.85167344
115 -507.02099609 -6.85163508
116 -507.02484131 -6.85168704
117 -507.02288818 -6.85166065
118 -507.02334595 -6.85166684
119 -507.02136230 -6.85164003
120 -507.02075195 -6.85163178
121 -507.02148438 -6.85164168
122 -507.02090454 -6.85163385
123 -507.02075195 -6.85163178
124 -507.02093506 -6.85163426
125 -507.02056885 -6.85162931
126 -507.02175903 -6.85164539
127 -507.01971436 -6.85161776
128 -507.02008057 -6.85162271
129 -507.02117920 -6.85163756
130 -507.01898193 -6.85160786
131 -507.01855469 -6.85160209
132 -507.02008057 -6.85162271
133 -507.01922607 -6.85161116
134 -507.01925659 -6.85161158
135 -507.01916504 -6.85161034
136 -507.01739502 -6.85158642
137 -507.01770020 -6.85159054
138 -507.01666260 -6.85157652
139 -507.01605225 -6.85156827
140 -507.01666260 -6.85157652
141 -507.01513672 -6.85155590
142 -507.01583862 -6.85156539
143 -507.01641846 -6.85157322
144 -507.01733398 -6.85158559
145 -507.01776123 -6.85159137
146 -507.01605225 -6.85156827
147 -507.01879883 -6.85160539
148 -507.01705933 -6.85158188
149 -507.01635742 -6.85157240
150 -507.01654053 -6.85157487
151 -507.01684570 -6.85157900
152 -507.01535034 -6.85155879
153 -507.01525879 -6.85155755
154 -507.01678467 -6.85157817
155 -507.01397705 -6.85154023
156 -507.01367188 -6.85153611
157 -507.01409912 -6.85154188
158 -507.01391602 -6.85153941
159 -507.01525879 -6.85155755
160 -507.01385498 -6.85153858
161 -507.01208496 -6.85151466
162 -507.01248169 -6.85152002
163 -507.01312256 -6.85152868
164 -507.01055908 -6.85149404
165 -507.01190186 -6.85151219
166 -507.01287842 -6.85152538
167 -507.01196289 -6.85151301
168 -507.01165771 -6.85150889
169 -507.01300049 -6.85152703
170 -507.01184082 -6.85151136
171 -507.01422119 -6.85154353
172 -507.01251221 -6.85152044
173 -507.01202393 -6.85151384
174 -507.01071167 -6.85149610
175 -507.00958252 -6.85148084
176 -507.01062012 -6.85149487
177 -507.01068115 -6.85149569
178 -507.01119995 -6.85150270
179 -507.01013184 -6.85148827
180 -507.00949097 -6.85147961
181 -507.01074219 -6.85149652
182 -507.01058960 -6.85149445
183 -507.01013184 -6.85148827
184 -507.01119995 -6.85150270
185 -507.00970459 -6.85148249
186 -507.00793457 -6.85145858
187 -507.00762939 -6.85145445
188 -507.00720215 -6.85144868
189 -507.00817871 -6.85146187
190 -507.00857544 -6.85146724
191 -507.00872803 -6.85146930
192 -507.00930786 -6.85147713
193 -507.00805664 -6.85146022
194 -507.00744629 -6.85145198
195 -507.00897217 -6.85147260
196 -507.01025391 -6.85148992
197 -507.00885010 -6.85147095
198 -507.01000977 -6.85148662
199 -507.01031494 -6.85149074
200 -507.00799561 -6.85145940
201 -507.00805664 -6.85146022
202 -507.00717163 -6.85144827
203 -507.00714111 -6.85144785
204 -507.00738525 -6.85145115
205 -507.00659180 -6.85144043
206 -507.00976562 -6.85148332
207 -507.01068115 -6.85149569
208 -507.00787354 -6.85145775
209 -507.00921631 -6.85147590
210 -507.00601196 -6.85143259
211 -507.00512695 -6.85142063
212 -507.00354004 -6.85139919
213 -507.00292969 -6.85139094
214 -507.00430298 -6.85140950
215 -507.00622559 -6.85143548
216 -507.00506592 -6.85141981
217 -507.00445557 -6.85141156
218 -507.00488281 -6.85141734
219 -507.00494385 -6.85141816
220 -507.00466919 -6.85141445
221 -507.00482178 -6.85141651
222 -507.00381470 -6.85140290
223 -507.00482178 -6.85141651
224 -507.00524902 -6.85142228
225 -507.00402832 -6.85140579
226 -507.00268555 -6.85138764
227 -507.00268555 -6.85138764
228 -507.00195312 -6.85137774
229 -507.00091553 -6.85136372
230 -507.00177002 -6.85137527
231 -507.00286865 -6.85139012
232 -507.00213623 -6.85138022
233 -507.00439453 -6.85141074
234 -507.00433350 -6.85140991
235 -507.00347900 -6.85139836
236 -507.00305176 -6.85139259
237 -507.00256348 -6.85138599
238 -507.00390625 -6.85140414
239 -507.00286865 -6.85139012
240 -507.00079346 -6.85136207
241 -507.00122070 -6.85136785
242 -507.00198364 -6.85137816
243 -507.00103760 -6.85136537
244 -506.99993896 -6.85135053
245 -506.99755859 -6.85131836
246 -506.99765015 -6.85131960
247 -506.99969482 -6.85134723
248 -506.99603271 -6.85129774
249 -506.99749756 -6.85131753
250 -506.99551392 -6.85129073
251 -506.99523926 -6.85128702
252 -506.99545288 -6.85128990
253 -506.99609375 -6.85129856
254 -506.99615479 -6.85129939
255 -506.99639893 -6.85130269
256 -506.99609375 -6.85129856
257 -506.99578857 -6.85129444
258 -506.99551392 -6.85129073
259 -506.99511719 -6.85128537
260 -506.99340820 -6.85126227
261 -506.99163818 -6.85123835
262 -506.99090576 -6.85122846
263 -506.98986816 -6.85121443
264 -506.99032593 -6.85122062
265 -506.99133301 -6.85123423
266 -506.99179077 -6.85124042
267 -506.99255371 -6.85125073
268 -506.99334717 -6.85126145
269 -506.99407959 -6.85127135
270 -506.99475098 -6.85128042
271 -506.99395752 -6.85126970
272 -506.99688721 -6.85130929
273 -506.99328613 -6.85126062
274 -506.99285889 -6.85125485
275 -506.99237061 -6.85124825
276 -506.99362183 -6.85126516
277 -506.99365234 -6.85126557
278 -506.99313354 -6.85125856
279 -506.99304199 -6.85125732
280 -506.99340820 -6.85126227
281 -506.99298096 -6.85125650
282 -506.99520874 -6.85128660
283 -506.99560547 -6.85129197
284 -506.99468994 -6.85127959
285 -506.99407959 -6.85127135
286 -506.99502563 -6.85128413
287 -506.99444580 -6.85127629
288 -506.99389648 -6.85126887
289 -506.99353027 -6.85126392
290 -506.99450684 -6.85127712
291 -506.99316406 -6.85125897
292 -506.99108887 -6.85123093
293 -506.99176025 -6.85124000
294 -506.99276733 -6.85125361
295 -506.99279785 -6.85125403
296 -506.99365234 -6.85126557
297 -506.99456787 -6.85127794
298 -506.99203491 -6.85124372
299 -506.99053955 -6.85122351
300 -506.99011230 -6.85121773
301 -506.98956299 -6.85121031
302 -506.98989868 -6.85121485
303 -506.98925781 -6.85120619
304 -506.98837280 -6.85119423
305 -506.98791504 -6.85118804
306 -506.99008179 -6.85121732
307 -506.98931885 -6.85120701
308 -506.98956299 -6.85121031
309 -506.99206543 -6.85124413
310 -506.99096680 -6.85122928
311 -506.98968506 -6.85121196
312 -506.98962402 -6.85121114
313 -506.99005127 -6.85121691
314 -506.98880005 -6.85120000
315 -506.98883057 -6.85120041
316 -506.98861694 -6.85119753
317 -506.99078369 -6.85122681
318 -506.98995972 -6.85121567
319 -506.99035645 -6.85122103
320 -506.98980713 -6.85121361
321 -506.98907471 -6.85120371
322 -506.99029541 -6.85122021
323 -506.98907471 -6.85120371
324 -506.98846436 -6.85119546
325 -506.98699951 -6.85117567
326 -506.98504639 -6.85114928
327 -506.98510742 -6.85115010
328 -506.98803711 -6.85118969
329 -506.98754883 -6.85118309
330 -506.98620605 -6.85116495
331 -506.98541260 -6.85115422
332 -506.98651123 -6.85116907
333 -506.98785400 -6.85118722
334 -506.98486328 -6.85114680
335 -506.98577881 -6.85115917
336 -506.98608398 -6.85116330
337 -506.98535156 -6.85115340
338 -506.98342896 -6.85112742
339 -506.98553467 -6.85115587
340 -506.98333740 -6.85112618
341 -506.98443604 -6.85114103
342 -506.98242188 -6.85111381
343 -506.98358154 -6.85112948
344 -506.98431396 -6.85113938
345 -506.98272705 -6.85111793
346 -506.98461914 -6.85114350
347 -506.98547363 -6.85115505
348 -506.98370361 -6.85113113
349 -506.98577881 -6.85115917
350 -506.98449707 -6.85114185
351 -506.98181152 -6.85110556
352 -506.98266602 -6.85111711
353 -506.98364258 -6.85113031
354 -506.98187256 -6.85110639
355 -506.98162842 -6.85110309
356 -506.98080444 -6.85109195
357 -506.98010254 -6.85108247
358 -506.98071289 -6.85109071
359 -506.98187256 -6.85110639
360 -506.98226929 -6.85111175
361 -506.98101807 -6.85109484
362 -506.98037720 -6.85108618
363 -506.97991943 -6.85107999
364 -506.98144531 -6.85110061
365 -506.98144531 -6.85110061
366 -506.98043823 -6.85108700
367 -506.98321533 -6.85112453
368 -506.98004150 -6.85108164
369 -506.98132324 -6.85109896
370 -506.98077393 -6.85109154
371 -506.97961426 -6.85107587
372 -506.98046875 -6.85108742
373 -506.98144531 -6.85110061
374 -506.98236084 -6.85111298
375 -506.98150635 -6.85110144
376 -506.98312378 -6.85112329
377 -506.98406982 -6.85113608
378 -506.98217773 -6.85111051
379 -506.98168945 -6.85110391
380 -506.98205566 -6.85110886
381 -506.98211670 -6.85110969
382 -506.98239136 -6.85111340
383 -506.98022461 -6.85108412
384 -506.98138428 -6.85109979
385 -506.97967529 -6.85107669
386 -506.98031616 -6.85108535
387 -506.98059082 -6.85108907
388 -506.98199463 -6.85110804
389 -506.97924805 -6.85107092
390 -506.97961426 -6.85107587
391 -506.97833252 -6.85105855
392 -506.97830200 -6.85105814
393 -506.97869873 -6.85106350
394 -506.97909546 -6.85106886
395 -506.97735596 -6.85104535
396 -506.97891235 -6.85106638
397 -506.97619629 -6.85102968
398 -506.97543335 -6.85101937
399 -506.97222900 -6.85097607
400 -506.97506714 -6.85101442
401 -506.97674561 -6.85103710
402 -506.97613525 -6.85102885
403 -506.97558594 -6.85102143
404 -506.97467041 -6.85100906
405 -506.97564697 -6.85102226
406 -506.97796631 -6.85105360
407 -506.97607422 -6.85102803
408 -506.97552490 -6.85102061
409 -506.97521973 -6.85101648
410 -506.97613525 -6.85102885
411 -506.97485352 -6.85101153
412 -506.97451782 -6.85100700
413 -506.97357178 -6.85099421
414 -506.97433472 -6.85100452
415 -506.97460938 -6.85100823
416 -506.97308350 -6.85098761
417 -506.97583008 -6.85102473
418 -506.97445679 -6.85100617
419 -506.97418213 -6.85100246
420 -506.97439575 -6.85100535
421 -506.97314453 -6.85098844
422 -506.97384644 -6.85099792
423 -506.97229004 -6.85097689
424 -506.97344971 -6.85099256
425 -506.96911621 -6.85093400
426 -506.97097778 -6.85095916
427 -506.97216797 -6.85097524
428 -506.97161865 -6.85096782
429 -506.97198486 -6.85097277
430 -506.97070312 -6.85095545
431 -506.97082520 -6.85095710
432 -506.96673584 -6.85090184
433 -506.96752930 -6.85091256
434 -506.96789551 -6.85091751
435 -506.96813965 -6.85092081
436 -506.96835327 -6.85092369
437 -506.96868896 -6.85092823
438 -506.96951294 -6.85093936
439 -506.96643066 -6.85089771
440 -506.96362305 -6.85085977
441 -506.96246338 -6.85084410
442 -506.96438599 -6.85087008
443 -506.96197510 -6.85083750
444 -506.96228027 -6.85084163
445 -506.96173096 -6.85083420
446 -506.95996094 -6.85081028
447 -506.96093750 -6.85082348
448 -506.95935059 -6.85080203
449 -506.95886230 -6.85079544
450 -506.95999146 -6.85081070
451 -506.96069336 -6.85082018
452 -506.96121216 -6.85082719
453 -506.96026611 -6.85081441
454 -506.96020508 -6.85081358
455 -506.95812988 -6.85078554
456 -506.95733643 -6.85077482
457 -506.95697021 -6.85076987
458 -506.95544434 -6.85074925
459 -506.95581055 -6.85075420
460 -506.95373535 -6.85072615
461 -506.95812988 -6.85078554
462 -506.95706177 -6.85077110
463 -506.95660400 -6.85076492
464 -506.95599365 -6.85075667
465 -506.95715332 -6.85077234
466 -506.95715332 -6.85077234
467 -506.95544434 -6.85074925
468 -506.95666504 -6.85076574
469 -506.95599365 -6.85075667
470 -506.95532227 -6.85074760
471 -506.95471191 -6.85073935
472 -506.95562744 -6.85075172
473 -506.95556641 -6.85075090
474 -506.95431519 -6.85073399
475 -506.95434570 -6.85073440
476 -506.95233154 -6.85070718
477 -506.95349121 -6.85072285
478 -506.95046997 -6.85068203
479 -506.95141602 -6.85069481
480 -506.95199585 -6.85070265
481 -506.95275879 -6.85071296
482 -506.95169067 -6.85069852
483 -506.95147705 -6.85069564
484 -506.95098877 -6.85068904
485 -506.95141602 -6.85069481
486 -506.95220947 -6.85070553
487 -506.95214844 -6.85070471
488 -506.94995117 -6.85067502
489 -506.95098877 -6.85068904
490 -506.95150757 -6.85069605
491 -506.95147705 -6.85069564
492 -506.95062256 -6.85068409
493 -506.95306396 -6.85071708
494 -506.95272827 -6.85071254
495 -506.95123291 -6.85069234
496 -506.95034790 -6.85068038
497 -506.95111084 -6.85069069
498 -506.94992065 -6.85067460
499 -506.95111084 -6.85069069
500 -506.95050049 -6.85068244
501 -506.95092773 -6.85068821
502 -506.95019531 -6.85067832
503 -506.95080566 -6.85068656
504 -506.94921875 -6.85066512
505 -506.94866943 -6.85065770
506 -506.95019531 -6.85067832
507 -506.95056152 -6.85068326
508 -506.94998169 -6.85067543
509 -506.95062256 -6.85068409
510 -506.94906616 -6.85066306
511 -506.94836426 -6.85065357
512 -506.94726562 -6.85063872
513 -506.94683838 -6.85063295
514 -506.94934082 -6.85066677
515 -506.94946289 -6.85066842
516 -506.94805908 -6.85064945
517 -506.95068359 -6.85068491
518 -506.94952393 -6.85066924
519 -506.94952393 -6.85066924
520 -506.95019531 -6.85067832
521 -506.95098877 -6.85068904
522 -506.94790649 -6.85064739
523 -506.94763184 -6.85064367
