0 -676.78375244 -6.90595666
1 -676.78210449 -6.90593984
2 -676.78088379 -6.90592739
3 -676.77893066 -6.90590746
4 -676.77941895 -6.90591244
5 -676.77575684 -6.90587507
6 -676.77746582 -6.90589251
7 -676.77526855 -6.90587009
8 -676.77429199 -6.90586012
9 -676.77270508 -6.90584393
10 -676.77124023 -6.90582898
11 -676.77038574 -6.90582026
12 -676.77014160 -6.90581777
13 -676.76916504 -6.90580781
14 -676.76818848 -6.90579784
15 -676.76928711 -6.90580905
16 -676.76733398 -6.90578912
17 -676.76550293 -6.90577044
18 -676.76354980 -6.90575051
19 -676.76281738 -6.90574303
20 -676.76220703 -6.90573681
21 -676.76062012 -6.90572061
22 -676.76013184 -6.90571563
23 -676.75787354 -6.90569259
24 -676.75988770 -6.90571314
25 -676.75903320 -6.90570442
26 -676.75817871 -6.90569570
27 -676.75799561 -6.90569383
28 -676.75817871 -6.90569570
29 -676.75585938 -6.90567203
30 -676.75610352 -6.90567453
31 -676.75537109 -6.90566705
32 -676.75305176 -6.90564339
33 -676.75305176 -6.90564339
34 -676.75256348 -6.90563840
35 -676.75207520 -6.90563342
36 -676.75170898 -6.90562968
37 -676.75268555 -6.90563965
38 -676.75292969 -6.90564214
39 -676.75311279 -6.90564401
40 -676.75085449 -6.90562096
41 -676.74890137 -6.90560103
42 -676.74633789 -6.90557488
43 -676.74908447 -6.90560290
44 -676.74938965 -6.90560602
45 -676.74975586 -6.90560975
46 -676.74975586 -6.90560975
47 -676.74798584 -6.90559169
48 -676.74816895 -6.90559356
49 -676.75030518 -6.90561536
50 -676.74768066 -6.90558858
51 -676.75048828 -6.90561723
52 -676.74792480 -6.90559107
53 -676.74963379 -6.90560851
54 -676.74853516 -6.90559730
55 -676.74792480 -6.90559107
56 -676.74572754 -6.90556865
57 -676.74572754 -6.90556865
58 -676.74438477 -6.90555495
59 -676.74609375 -6.90557239
60 -676.74548340 -6.90556616
61 -676.74554443 -6.90556678
62 -676.74304199 -6.90554124
63 -676.74151611 -6.90552567
64 -676.74084473 -6.90551882
65 -676.74304199 -6.90554124
66 -676.74182129 -6.90552879
67 -676.73901367 -6.90550014
68 -676.74047852 -6.90551509
69 -676.74194336 -6.90553003
70 -676.73901367 -6.90550014
71 -676.74023438 -6.90551260
72 -676.73779297 -6.90548768
73 -676.73779297 -6.90548768
74 -676.73730469 -6.90548270
75 -676.73535156 -6.90546277
76 -676.73913574 -6.90550139
77 -676.73596191 -6.90546900
78 -676.73474121 -6.90545654
79 -676.73608398 -6.90547024
80 -676.73522949 -6.90546153
81 -676.73529053 -6.90546215
82 -676.73547363 -6.90546402
83 -676.73327637 -6.90544160
84 -676.73559570 -6.90546526
85 -676.73315430 -6.90544035
86 -676.73376465 -6.90544658
87 -676.73413086 -6.90545031
88 -676.73327637 -6.90544160
89 -676.73217773 -6.90543039
90 -676.73449707 -6.90545405
91 -676.73242188 -6.90543288
92 -676.73388672 -6.90544782
93 -676.73437500 -6.90545281
94 -676.73132324 -6.90542167
95 -676.73193359 -6.90542789
96 -676.72949219 -6.90540298
97 -676.73156738 -6.90542416
98 -676.73083496 -6.90541668
99 -676.73242188 -6.90543288
100 -676.73120117 -6.90542042
101 -676.73217773 -6.90543039
102 -676.73254395 -6.90543412
103 -676.73168945 -6.90542540
104 -676.73254395 -6.90543412
105 -676.73303223 -6.90543910
106 -676.73449707 -6.90545405
107 -676.73376465 -6.90544658
108 -676.73352051 -6.90544409
109 -676.73406982 -6.90544969
110 -676.73364258 -6.90544533
111 -676.73364258 -6.90544533
112 -676.73278809 -6.90543661
113 -676.73638916 -6.90547336
114 -676.73400879 -6.90544907
115 -676.73376465 -6.90544658
116 -676.73132324 -6.90542167
117 -676.73034668 -6.90541170
118 -676.73229980 -6.90543163
119 -676.73327637 -6.90544160
120 -676.73449707 -6.90545405
121 -676.73461914 -6.90545530
122 -676.73266602 -6.90543537
123 -676.73205566 -6.90542914
124 -676.73156738 -6.90542416
125 -676.73303223 -6.90543910
126 -676.73254395 -6.90543412
127 -676.73229980 -6.90543163
128 -676.73181152 -6.90542665
129 -676.73034668 -6.90541170
130 -676.72900391 -6.90539800
131 -676.73034668 -6.90541170
132 -676.72973633 -6.90540547
133 -676.72912598 -6.90539924
134 -676.72778320 -6.90538554
135 -676.72705078 -6.90537807
136 -676.72485352 -6.90535565
137 -676.72705078 -6.90537807
138 -676.72521973 -6.90535938
139 -676.72363281 -6.90534319
140 -676.72241211 -6.90533074
141 -676.72338867 -6.90534070
142 -676.72204590 -6.90532700
143 -676.72290039 -6.90533572
144 -676.72314453 -6.90533821
145 -676.72546387 -6.90536188
146 -676.72241211 -6.90533074
147 -676.72265625 -6.90533323
148 -676.72009277 -6.90530707
149 -676.71997070 -6.90530582
150 -676.71899414 -6.90529586
151 -676.71923828 -6.90529835
152 -676.71704102 -6.90527593
153 -676.71582031 -6.90526347
154 -676.71667480 -6.90527219
155 -676.71716309 -6.90527717
156 -676.71569824 -6.90526223
157 -676.71624756 -6.90526783
158 -676.71594238 -6.90526472
159 -676.71569824 -6.90526223
160 -676.71386719 -6.90524354
161 -676.71417236 -6.90524666
162 -676.71386719 -6.90524354
163 -676.71520996 -6.90525724
164 -676.71459961 -6.90525102
165 -676.71649170 -6.90527032
166 -676.71618652 -6.90526721
167 -676.71459961 -6.90525102
168 -676.71569824 -6.90526223
169 -676.71429443 -6.90524790
170 -676.71276855 -6.90523233
171 -676.71398926 -6.90524479
172 -676.71105957 -6.90521489
173 -676.71405029 -6.90524541
174 -676.71478271 -6.90525288
175 -676.71289062 -6.90523358
176 -676.71362305 -6.90524105
177 -676.71301270 -6.90523482
178 -676.71264648 -6.90523109
179 -676.71301270 -6.90523482
180 -676.71185303 -6.90522299
181 -676.71319580 -6.90523669
182 -676.71362305 -6.90524105
183 -676.71545410 -6.90525974
184 -676.71398926 -6.90524479
185 -676.71478271 -6.90525288
186 -676.71270752 -6.90523171
187 -676.71301270 -6.90523482
188 -676.71282959 -6.90523295
189 -676.71282959 -6.90523295
190 -676.71118164 -6.90521614
191 -676.71289062 -6.90523358
192 -676.71124268 -6.90521676
193 -676.71130371 -6.90521738
194 -676.71142578 -6.90521863
195 -676.71093750 -6.90521365
196 -676.71264648 -6.90523109
197 -676.71179199 -6.90522237
198 -676.71270752 -6.90523171
199 -676.71228027 -6.90522735
200 -676.71020508 -6.90520617
201 -676.71112061 -6.90521552
202 -676.71246338 -6.90522922
203 -676.71203613 -6.90522486
204 -676.71203613 -6.90522486
205 -676.71112061 -6.90521552
206 -676.71356201 -6.90524043
207 -676.71289062 -6.90523358
208 -676.71209717 -6.90522548
209 -676.71148682 -6.90521925
210 -676.71179199 -6.90522237
211 -676.71166992 -6.90522112
212 -676.70996094 -6.90520368
213 -676.71014404 -6.90520555
214 -676.71032715 -6.90520742
215 -676.70983887 -6.90520244
216 -676.70983887 -6.90520244
217 -676.71014404 -6.90520555
218 -676.70977783 -6.90520181
219 -676.70861816 -6.90518998
220 -676.70837402 -6.90518749
221 -676.70831299 -6.90518687
222 -676.70904541 -6.90519434
223 -676.70922852 -6.90519621
224 -676.70922852 -6.90519621
225 -676.70782471 -6.90518188
226 -676.70819092 -6.90518562
227 -676.70715332 -6.90517503
228 -676.70727539 -6.90517628
229 -676.70709229 -6.90517441
230 -676.70684814 -6.90517192
231 -676.70507812 -6.90515386
232 -676.70495605 -6.90515261
233 -676.70611572 -6.90516445
234 -676.70294189 -6.90513206
235 -676.70581055 -6.90516133
236 -676.70440674 -6.90514701
237 -676.70422363 -6.90514514
238 -676.70294189 -6.90513206
239 -676.70227051 -6.90512521
240 -676.70202637 -6.90512272
241 -676.70379639 -6.90514078
242 -676.70245361 -6.90512708
243 -676.70068359 -6.90510902
244 -676.70092773 -6.90511151
245 -676.70043945 -6.90510653
246 -676.70166016 -6.90511898
247 -676.70031738 -6.90510528
248 -676.70111084 -6.90511338
249 -676.69952393 -6.90509718
250 -676.70092773 -6.90511151
251 -676.70104980 -6.90511275
252 -676.70111084 -6.90511338
253 -676.70111084 -6.90511338
254 -676.69958496 -6.90509781
255 -676.70178223 -6.90512023
256 -676.70233154 -6.90512583
257 -676.70098877 -6.90511213
258 -676.70141602 -6.90511649
259 -676.70178223 -6.90512023
260 -676.70098877 -6.90511213
261 -676.70141602 -6.90511649
262 -676.70343018 -6.90513704
263 -676.70373535 -6.90514016
264 -676.70263672 -6.90512895
265 -676.70190430 -6.90512147
266 -676.70288086 -6.90513144
267 -676.70263672 -6.90512895
268 -676.70239258 -6.90512645
269 -676.70086670 -6.90511088
270 -676.70117188 -6.90511400
271 -676.70227051 -6.90512521
272 -676.70086670 -6.90511088
273 -676.70153809 -6.90511774
274 -676.70025635 -6.90510466
275 -676.70312500 -6.90513393
276 -676.70135498 -6.90511587
277 -676.70233154 -6.90512583
278 -676.70098877 -6.90511213
279 -676.70117188 -6.90511400
280 -676.70098877 -6.90511213
281 -676.69799805 -6.90508161
282 -676.69934082 -6.90509531
283 -676.69812012 -6.90508286
284 -676.69781494 -6.90507974
285 -676.69580078 -6.90505919
286 -676.69738770 -6.90507538
287 -676.69738770 -6.90507538
288 -676.69702148 -6.90507165
289 -676.69720459 -6.90507352
290 -676.69665527 -6.90506791
291 -676.69519043 -6.90505296
292 -676.69567871 -6.90505795
293 -676.69598389 -6.90506106
294 -676.69592285 -6.90506044
295 -676.69738770 -6.90507538
296 -676.69464111 -6.90504736
297 -676.69616699 -6.90506293
298 -676.69470215 -6.90504798
299 -676.69458008 -6.90504674
300 -676.69445801 -6.90504549
301 -676.69274902 -6.90502805
302 -676.69604492 -6.90506168
303 -676.69653320 -6.90506667
304 -676.69555664 -6.90505670
305 -676.69506836 -6.90505172
306 -676.69610596 -6.90506231
307 -676.69555664 -6.90505670
308 -676.69622803 -6.90506355
309 -676.69641113 -6.90506542
310 -676.69677734 -6.90506916
311 -676.69848633 -6.90508660
312 -676.69799805 -6.90508161
313 -676.69738770 -6.90507538
314 -676.69775391 -6.90507912
315 -676.69970703 -6.90509905
316 -676.69970703 -6.90509905
317 -676.69995117 -6.90510154
318 -676.70062256 -6.90510839
319 -676.70104980 -6.90511275
320 -676.70068359 -6.90510902
321 -676.69860840 -6.90508784
322 -676.69787598 -6.90508037
323 -676.69946289 -6.90509656
324 -676.69842529 -6.90508597
325 -676.70007324 -6.90510279
326 -676.69940186 -6.90509594
327 -676.70141602 -6.90511649
328 -676.70007324 -6.90510279
329 -676.70062256 -6.90510839
330 -676.70025635 -6.90510466
331 -676.69738770 -6.90507538
332 -676.69592285 -6.90506044
333 -676.69744873 -6.90507601
334 -676.69799805 -6.90508161
335 -676.69628906 -6.90506417
336 -676.69860840 -6.90508784
337 -676.69750977 -6.90507663
338 -676.69714355 -6.90507289
339 -676.69738770 -6.90507538
340 -676.69720459 -6.90507352
341 -676.69891357 -6.90509095
342 -676.69921875 -6.90509407
343 -676.70141602 -6.90511649
344 -676.69927979 -6.90509469
345 -676.70239258 -6.90512645
346 -676.70239258 -6.90512645
347 -676.70202637 -6.90512272
348 -676.70391846 -6.90514203
349 -676.70196533 -6.90512210
350 -676.70532227 -6.90515635
351 -676.70324707 -6.90513517
352 -676.70318604 -6.90513455
353 -676.70050049 -6.90510715
354 -676.70104980 -6.90511275
355 -676.70007324 -6.90510279
356 -676.70166016 -6.90511898
357 -676.70031738 -6.90510528
358 -676.70178223 -6.90512023
359 -676.69995117 -6.90510154
360 -676.69989014 -6.90510092
361 -676.69976807 -6.90509967
362 -676.70050049 -6.90510715
363 -676.69995117 -6.90510154
364 -676.69958496 -6.90509781
365 -676.70019531 -6.90510403
366 -676.69995117 -6.90510154
367 -676.69836426 -6.90508535
368 -676.69671631 -6.90506853
369 -676.70031738 -6.90510528
370 -676.69696045 -6.90507102
371 -676.69824219 -6.90508410
372 -676.69927979 -6.90509469
373 -676.69824219 -6.90508410
374 -676.69689941 -6.90507040
375 -676.69812012 -6.90508286
376 -676.69659424 -6.90506729
377 -676.69647217 -6.90506604
378 -676.69580078 -6.90505919
379 -676.69519043 -6.90505296
380 -676.69616699 -6.90506293
381 -676.69317627 -6.90503241
382 -676.69152832 -6.90501560
383 -676.69213867 -6.90502182
384 -676.69073486 -6.90500750
385 -676.69183350 -6.90501871
386 -676.69000244 -6.90500002
387 -676.68933105 -6.90499317
388 -676.69189453 -6.90501933
389 -676.69122314 -6.90501248
390 -676.69238281 -6.90502431
391 -676.68847656 -6.90498445
392 -676.68951416 -6.90499504
393 -676.69024658 -6.90500252
394 -676.68811035 -6.90498072
395 -676.68872070 -6.90498695
396 -676.68908691 -6.90499068
397 -676.68768311 -6.90497636
398 -676.68774414 -6.90497698
399 -676.69128418 -6.90501310
400 -676.68933105 -6.90499317
401 -676.69152832 -6.90501560
402 -676.68957520 -6.90499567
403 -676.69055176 -6.90500563
404 -676.69140625 -6.90501435
405 -676.69055176 -6.90500563
406 -676.69128418 -6.90501310
407 -676.68957520 -6.90499567
408 -676.68957520 -6.90499567
409 -676.68969727 -6.90499691
410 -676.69104004 -6.90501061
411 -676.69006348 -6.90500065
412 -676.69311523 -6.90503179
413 -676.68884277 -6.90498819
414 -676.68933105 -6.90499317
415 -676.68847656 -6.90498445
416 -676.68798828 -6.90497947
417 -676.68688965 -6.90496826
418 -676.68725586 -6.90497200
419 -676.68640137 -6.90496328
420 -676.68676758 -6.90496702
421 -676.68688965 -6.90496826
422 -676.68530273 -6.90495207
423 -676.68652344 -6.90496452
424 -676.68981934 -6.90499816
425 -676.68902588 -6.90499006
426 -676.68676758 -6.90496702
427 -676.68615723 -6.90496079
428 -676.68688965 -6.90496826
429 -676.68707275 -6.90497013
430 -676.68664551 -6.90496577
431 -676.68835449 -6.90498321
432 -676.68786621 -6.90497823
433 -676.68591309 -6.90495830
434 -676.68811035 -6.90498072
435 -676.68774414 -6.90497698
436 -676.68737793 -6.90497324
437 -676.68872070 -6.90498695
438 -676.68774414 -6.90497698
439 -676.68652344 -6.90496452
440 -676.68566895 -6.90495581
441 -676.68554688 -6.90495456
442 -676.68859863 -6.90498570
443 -676.68713379 -6.90497075
444 -676.68725586 -6.90497200
445 -676.68798828 -6.90497947
446 -676.68774414 -6.90497698
447 -676.68688965 -6.90496826
448 -676.68615723 -6.90496079
449 -676.68579102 -6.90495705
450 -676.68542480 -6.90495331
451 -676.68603516 -6.90495954
452 -676.68560791 -6.90495518
453 -676.68658447 -6.90496515
454 -676.68615723 -6.90496079
455 -676.68493652 -6.90494833
456 -676.68414307 -6.90494024
457 -676.68395996 -6.90493837
458 -676.68249512 -6.90492342
459 -676.68298340 -6.90492840
460 -676.68365479 -6.90493525
461 -676.68041992 -6.90490224
462 -676.68151855 -6.90491345
463 -676.68151855 -6.90491345
464 -676.68237305 -6.90492217
465 -676.68164062 -6.90491470
466 -676.68194580 -6.90491781
467 -676.68005371 -6.90489851
468 -676.68103027 -6.90490847
469 -676.67864990 -6.90488418
470 -676.67773438 -6.90487484
471 -676.67736816 -6.90487110
472 -676.67840576 -6.90488169
473 -676.67730713 -6.90487048
474 -676.67535400 -6.90485055
475 -676.67456055 -6.90484245
476 -676.67437744 -6.90484059
477 -676.67266846 -6.90482315
478 -676.67309570 -6.90482751
479 -676.67089844 -6.90480509
480 -676.67126465 -6.90480882
481 -676.66992188 -6.90479512
482 -676.67144775 -6.90481069
483 -676.67028809 -6.90479886
484 -676.67053223 -6.90480135
485 -676.66998291 -6.90479574
486 -676.66900635 -6.90478578
487 -676.66674805 -6.90476274
488 -676.66638184 -6.90475900
489 -676.66583252 -6.90475339
490 -676.66528320 -6.90474779
491 -676.66247559 -6.90471914
492 -676.66192627 -6.90471353
493 -676.66082764 -6.90470232
494 -676.66125488 -6.90470668
495 -676.65991211 -6.90469298
496 -676.65917969 -6.90468551
497 -676.65820312 -6.90467554
498 -676.65716553 -6.90466495
499 -676.65795898 -6.90467305
500 -676.65661621 -6.90465935
501 -676.65484619 -6.90464129
502 -676.65313721 -6.90462385
503 -676.65258789 -6.90461824
504 -676.65216064 -6.90461388
505 -676.65020752 -6.90459395
506 -676.64764404 -6.90456780
507 -676.64953613 -6.90458710
508 -676.64849854 -6.90457652
509 -676.64770508 -6.90456842
510 -676.65008545 -6.90459271
511 -676.64855957 -6.90457714
512 -676.64965820 -6.90458835
513 -676.64990234 -6.90459084
