0 -493.11050415 -6.32192954
1 -493.12924194 -6.32216977
2 -493.14273071 -6.32234270
3 -493.15301514 -6.32247455
4 -493.15972900 -6.32256063
5 -493.16497803 -6.32262792
6 -493.17095947 -6.32270461
7 -493.17486572 -6.32275469
8 -493.17950439 -6.32281416
9 -493.18365479 -6.32286737
10 -493.18701172 -6.32291041
11 -493.18975830 -6.32294562
12 -493.19329834 -6.32299100
13 -493.19586182 -6.32302387
14 -493.19717407 -6.32304069
15 -493.20019531 -6.32307943
16 -493.20199585 -6.32310251
17 -493.20407104 -6.32312912
18 -493.20553589 -6.32314790
19 -493.20715332 -6.32316863
20 -493.20806885 -6.32318037
21 -493.21047974 -6.32321128
22 -493.21200562 -6.32323084
23 -493.21313477 -6.32324532
24 -493.21490479 -6.32326801
25 -493.21643066 -6.32328757
26 -493.21557617 -6.32327662
27 -493.21829224 -6.32331144
28 -493.21905518 -6.32332122
29 -493.21917725 -6.32332279
30 -493.22091675 -6.32334509
31 -493.22225952 -6.32336230
32 -493.22406006 -6.32338539
33 -493.22473145 -6.32339399
34 -493.22570801 -6.32340651
35 -493.22653198 -6.32341708
36 -493.22689819 -6.32342177
37 -493.22879028 -6.32344603
38 -493.22900391 -6.32344877
39 -493.23062134 -6.32346950
40 -493.23129272 -6.32347811
41 -493.23132324 -6.32347850
42 -493.23236084 -6.32349181
43 -493.23193359 -6.32348633
44 -493.23339844 -6.32350511
45 -493.23480225 -6.32352311
46 -493.23477173 -6.32352271
47 -493.23553467 -6.32353250
48 -493.23678589 -6.32354854
49 -493.23739624 -6.32355636
50 -493.23876953 -6.32357397
51 -493.23901367 -6.32357710
52 -493.24035645 -6.32359431
53 -493.24111938 -6.32360409
54 -493.24212646 -6.32361701
55 -493.24185181 -6.32361348
56 -493.24291992 -6.32362718
57 -493.24255371 -6.32362248
58 -493.24420166 -6.32364361
59 -493.24404907 -6.32364165
60 -493.24548340 -6.32366004
61 -493.24572754 -6.32366317
62 -493.24594116 -6.32366591
63 -493.24670410 -6.32367569
64 -493.24658203 -6.32367413
65 -493.24710083 -6.32368078
66 -493.24804688 -6.32369291
67 -493.24923706 -6.32370817
68 -493.24877930 -6.32370230
69 -493.25009155 -6.32371912
70 -493.24996948 -6.32371756
71 -493.25100708 -6.32373086
72 -493.25073242 -6.32372734
73 -493.25109863 -6.32373203
74 -493.25167847 -6.32373947
75 -493.25213623 -6.32374534
76 -493.25277710 -6.32375355
77 -493.25320435 -6.32375903
78 -493.25402832 -6.32376959
79 -493.25402832 -6.32376959
80 -493.25445557 -6.32377507
81 -493.25430298 -6.32377312
82 -493.25552368 -6.32378877
83 -493.25692749 -6.32380676
84 -493.25701904 -6.32380794
85 -493.25695801 -6.32380715
86 -493.25753784 -6.32381459
87 -493.25741577 -6.32381302
88 -493.25823975 -6.32382359
89 -493.25799561 -6.32382046
90 -493.25823975 -6.32382359
91 -493.25869751 -6.32382946
92 -493.25888062 -6.32383180
93 -493.25961304 -6.32384119
94 -493.26022339 -6.32384902
95 -493.26031494 -6.32385019
96 -493.25988770 -6.32384471
97 -493.26132202 -6.32386310
98 -493.26040649 -6.32385137
99 -493.26181030 -6.32386936
100 -493.26147461 -6.32386506
101 -493.26223755 -6.32387484
102 -493.26187134 -6.32387015
103 -493.26293945 -6.32388384
104 -493.26257324 -6.32387914
105 -493.26376343 -6.32389440
106 -493.26425171 -6.32390066
107 -493.26443481 -6.32390301
108 -493.26385498 -6.32389558
109 -493.26379395 -6.32389479
110 -493.26458740 -6.32390497
111 -493.26388550 -6.32389597
112 -493.26492310 -6.32390927
113 -493.26507568 -6.32391123
114 -493.26455688 -6.32390458
115 -493.26528931 -6.32391397
116 -493.26498413 -6.32391005
117 -493.26611328 -6.32392453
118 -493.26547241 -6.32391631
119 -493.26580811 -6.32392062
120 -493.26580811 -6.32392062
121 -493.26602173 -6.32392336
122 -493.26702881 -6.32393627
123 -493.26736450 -6.32394057
124 -493.26831055 -6.32395270
125 -493.26809692 -6.32394996
126 -493.26779175 -6.32394605
127 -493.26879883 -6.32395896
128 -493.26971436 -6.32397070
129 -493.26931763 -6.32396561
130 -493.26980591 -6.32397187
131 -493.27053833 -6.32398126
132 -493.26916504 -6.32396365
133 -493.27017212 -6.32397657
134 -493.27117920 -6.32398948
135 -493.27194214 -6.32399926
136 -493.27169800 -6.32399613
137 -493.27136230 -6.32399182
138 -493.27157593 -6.32399456
139 -493.27157593 -6.32399456
140 -493.27291870 -6.32401178
141 -493.27301025 -6.32401295
142 -493.27261353 -6.32400787
143 -493.27328491 -6.32401647
144 -493.27346802 -6.32401882
145 -493.27343750 -6.32401843
146 -493.27349854 -6.32401921
147 -493.27319336 -6.32401530
148 -493.27334595 -6.32401726
149 -493.27340698 -6.32401804
150 -493.27313232 -6.32401452
151 -493.27282715 -6.32401060
152 -493.27276611 -6.32400982
153 -493.27349854 -6.32401921
154 -493.27331543 -6.32401686
155 -493.27368164 -6.32402156
156 -493.27355957 -6.32401999
157 -493.27407837 -6.32402665
158 -493.27383423 -6.32402352
159 -493.27456665 -6.32403291
160 -493.27331543 -6.32401686
161 -493.27316284 -6.32401491
162 -493.27359009 -6.32402039
163 -493.27291870 -6.32401178
164 -493.27346802 -6.32401882
165 -493.27401733 -6.32402586
166 -493.27444458 -6.32403134
167 -493.27502441 -6.32403877
168 -493.27514648 -6.32404034
169 -493.27493286 -6.32403760
170 -493.27578735 -6.32404856
171 -493.27505493 -6.32403917
172 -493.27587891 -6.32404973
173 -493.27609253 -6.32405247
174 -493.27526855 -6.32404190
175 -493.27609253 -6.32405247
176 -493.27563477 -6.32404660
177 -493.27642822 -6.32405677
178 -493.27706909 -6.32406499
179 -493.27801514 -6.32407712
180 -493.27816772 -6.32407907
181 -493.27755737 -6.32407125
182 -493.27832031 -6.32408103
183 -493.27767944 -6.32407281
184 -493.27807617 -6.32407790
185 -493.27774048 -6.32407360
186 -493.27810669 -6.32407829
187 -493.27795410 -6.32407633
188 -493.27801514 -6.32407712
189 -493.27792358 -6.32407594
190 -493.27780151 -6.32407438
191 -493.27902222 -6.32409003
192 -493.27850342 -6.32408338
193 -493.27902222 -6.32409003
194 -493.27920532 -6.32409238
195 -493.27975464 -6.32409942
196 -493.28036499 -6.32410724
197 -493.28033447 -6.32410685
198 -493.28143311 -6.32412094
199 -493.28134155 -6.32411976
200 -493.28051758 -6.32410920
201 -493.28060913 -6.32411037
202 -493.28079224 -6.32411272
203 -493.28149414 -6.32412172
204 -493.28140259 -6.32412055
205 -493.28253174 -6.32413502
206 -493.28231812 -6.32413228
207 -493.28320312 -6.32414363
208 -493.28277588 -6.32413815
209 -493.28384399 -6.32415185
210 -493.28463745 -6.32416202
211 -493.28433228 -6.32415811
212 -493.28488159 -6.32416515
213 -493.28381348 -6.32415145
214 -493.28393555 -6.32415302
215 -493.28375244 -6.32415067
216 -493.28405762 -6.32415458
217 -493.28439331 -6.32415889
218 -493.28402710 -6.32415419
219 -493.28411865 -6.32415537
220 -493.28421021 -6.32415654
221 -493.28466797 -6.32416241
222 -493.28399658 -6.32415380
223 -493.28439331 -6.32415889
224 -493.28533936 -6.32417102
225 -493.28506470 -6.32416750
226 -493.28549194 -6.32417297
227 -493.28503418 -6.32416710
228 -493.28515625 -6.32416867
229 -493.28567505 -6.32417532
230 -493.28451538 -6.32416045
231 -493.28466797 -6.32416241
232 -493.28399658 -6.32415380
233 -493.28509521 -6.32416789
234 -493.28445435 -6.32415967
235 -493.28527832 -6.32417023
236 -493.28515625 -6.32416867
237 -493.28509521 -6.32416789
238 -493.28524780 -6.32416984
239 -493.28491211 -6.32416554
240 -493.28509521 -6.32416789
241 -493.28509521 -6.32416789
242 -493.28579712 -6.32417689
243 -493.28594971 -6.32417884
244 -493.28622437 -6.32418236
245 -493.28598022 -6.32417923
246 -493.28631592 -6.32418354
247 -493.28689575 -6.32419097
248 -493.28625488 -6.32418275
249 -493.28741455 -6.32419762
250 -493.28674316 -6.32418901
251 -493.28756714 -6.32419958
252 -493.28753662 -6.32419919
253 -493.28863525 -6.32421327
254 -493.28808594 -6.32420623
255 -493.28784180 -6.32420310
256 -493.28802490 -6.32420545
257 -493.28851318 -6.32421171
258 -493.28848267 -6.32421132
259 -493.28817749 -6.32420740
260 -493.28765869 -6.32420075
261 -493.28790283 -6.32420388
262 -493.28817749 -6.32420740
263 -493.28759766 -6.32419997
264 -493.28814697 -6.32420701
265 -493.28707886 -6.32419332
266 -493.28738403 -6.32419723
267 -493.28784180 -6.32420310
268 -493.28802490 -6.32420545
269 -493.28811646 -6.32420662
270 -493.28744507 -6.32419801
271 -493.28790283 -6.32420388
272 -493.28799438 -6.32420506
273 -493.28839111 -6.32421014
274 -493.28842163 -6.32421053
275 -493.28836060 -6.32420975
276 -493.28805542 -6.32420584
277 -493.28848267 -6.32421132
278 -493.28826904 -6.32420858
279 -493.28848267 -6.32421132
280 -493.28817749 -6.32420740
281 -493.28823853 -6.32420819
282 -493.28842163 -6.32421053
283 -493.28808594 -6.32420623
284 -493.28814697 -6.32420701
285 -493.28854370 -6.32421210
286 -493.28799438 -6.32420506
287 -493.28848267 -6.32421132
288 -493.28826904 -6.32420858
289 -493.28771973 -6.32420153
290 -493.28756714 -6.32419958
291 -493.28735352 -6.32419684
292 -493.28717041 -6.32419449
293 -493.28778076 -6.32420232
294 -493.28726196 -6.32419567
295 -493.28717041 -6.32419449
296 -493.28732300 -6.32419645
297 -493.28781128 -6.32420271
298 -493.28720093 -6.32419488
299 -493.28701782 -6.32419254
300 -493.28814697 -6.32420701
301 -493.28799438 -6.32420506
302 -493.28787231 -6.32420349
303 -493.28765869 -6.32420075
304 -493.28717041 -6.32419449
305 -493.28814697 -6.32420701
306 -493.28741455 -6.32419762
307 -493.28793335 -6.32420427
308 -493.28866577 -6.32421366
309 -493.28829956 -6.32420897
310 -493.28775024 -6.32420193
311 -493.28750610 -6.32419880
312 -493.28680420 -6.32418980
313 -493.28756714 -6.32419958
314 -493.28741455 -6.32419762
315 -493.28717041 -6.32419449
316 -493.28698730 -6.32419214
317 -493.28753662 -6.32419919
318 -493.28851318 -6.32421171
319 -493.28860474 -6.32421288
320 -493.28851318 -6.32421171
321 -493.28808594 -6.32420623
322 -493.28799438 -6.32420506
323 -493.28863525 -6.32421327
324 -493.28833008 -6.32420936
325 -493.28860474 -6.32421288
326 -493.28848267 -6.32421132
327 -493.28909302 -6.32421914
328 -493.28863525 -6.32421327
329 -493.28912354 -6.32421953
330 -493.28845215 -6.32421092
331 -493.28823853 -6.32420819
332 -493.28802490 -6.32420545
333 -493.28768921 -6.32420114
334 -493.28787231 -6.32420349
335 -493.28747559 -6.32419840
336 -493.28799438 -6.32420506
337 -493.28836060 -6.32420975
338 -493.28863525 -6.32421327
339 -493.28741455 -6.32419762
340 -493.28771973 -6.32420153
341 -493.28796387 -6.32420466
342 -493.28799438 -6.32420506
343 -493.28890991 -6.32421679
344 -493.28845215 -6.32421092
345 -493.28897095 -6.32421758
346 -493.28799438 -6.32420506
347 -493.28793335 -6.32420427
348 -493.28793335 -6.32420427
349 -493.28802490 -6.32420545
350 -493.28860474 -6.32421288
351 -493.28903198 -6.32421836
352 -493.28833008 -6.32420936
353 -493.28808594 -6.32420623
354 -493.28741455 -6.32419762
355 -493.28817749 -6.32420740
356 -493.28833008 -6.32420936
357 -493.28808594 -6.32420623
358 -493.28784180 -6.32420310
359 -493.28894043 -6.32421718
360 -493.28924561 -6.32422110
361 -493.28918457 -6.32422032
362 -493.28878784 -6.32421523
363 -493.28881836 -6.32421562
364 -493.28900146 -6.32421797
365 -493.28845215 -6.32421092
366 -493.28817749 -6.32420740
367 -493.28866577 -6.32421366
368 -493.28790283 -6.32420388
369 -493.28799438 -6.32420506
370 -493.28765869 -6.32420075
371 -493.28756714 -6.32419958
372 -493.28720093 -6.32419488
373 -493.28656006 -6.32418667
374 -493.28689575 -6.32419097
375 -493.28741455 -6.32419762
376 -493.28698730 -6.32419214
377 -493.28713989 -6.32419410
378 -493.28698730 -6.32419214
379 -493.28701782 -6.32419254
380 -493.28759766 -6.32419997
381 -493.28674316 -6.32418901
382 -493.28744507 -6.32419801
383 -493.28799438 -6.32420506
384 -493.28771973 -6.32420153
385 -493.28826904 -6.32420858
386 -493.28839111 -6.32421014
387 -493.28890991 -6.32421679
388 -493.28884888 -6.32421601
389 -493.28894043 -6.32421718
390 -493.28952026 -6.32422462
391 -493.28842163 -6.32421053
392 -493.28869629 -6.32421405
393 -493.28878784 -6.32421523
394 -493.28823853 -6.32420819
395 -493.28875732 -6.32421484
396 -493.28924561 -6.32422110
397 -493.28967285 -6.32422658
398 -493.28955078 -6.32422501
399 -493.29074097 -6.32424027
400 -493.29064941 -6.32423910
401 -493.29055786 -6.32423792
402 -493.29187012 -6.32425475
403 -493.29147339 -6.32424966
404 -493.29211426 -6.32425788
405 -493.29235840 -6.32426101
406 -493.29248047 -6.32426257
407 -493.29406738 -6.32428292
408 -493.29373169 -6.32427861
409 -493.29431152 -6.32428605
410 -493.29385376 -6.32428018
411 -493.29464722 -6.32429035
412 -493.29534912 -6.32429935
413 -493.29486084 -6.32429309
414 -493.29541016 -6.32430013
415 -493.29537964 -6.32429974
416 -493.29541016 -6.32430013
417 -493.29522705 -6.32429778
418 -493.29614258 -6.32430952
419 -493.29562378 -6.32430287
420 -493.29531860 -6.32429896
421 -493.29483032 -6.32429270
422 -493.29547119 -6.32430091
423 -493.29635620 -6.32431226
424 -493.29571533 -6.32430404
425 -493.29562378 -6.32430287
426 -493.29592896 -6.32430678
427 -493.29541016 -6.32430013
428 -493.29562378 -6.32430287
429 -493.29547119 -6.32430091
430 -493.29571533 -6.32430404
431 -493.29470825 -6.32429113
432 -493.29614258 -6.32430952
433 -493.29568481 -6.32430365
434 -493.29547119 -6.32430091
435 -493.29608154 -6.32430874
436 -493.29510498 -6.32429622
437 -493.29461670 -6.32428996
438 -493.29574585 -6.32430443
439 -493.29507446 -6.32429583
440 -493.29559326 -6.32430248
441 -493.29464722 -6.32429035
442 -493.29492188 -6.32429387
443 -493.29412842 -6.32428370
444 -493.29492188 -6.32429387
445 -493.29446411 -6.32428800
446 -493.29437256 -6.32428683
447 -493.29418945 -6.32428448
448 -493.29421997 -6.32428487
449 -493.29461670 -6.32428996
450 -493.29394531 -6.32428135
451 -493.29370117 -6.32427822
452 -493.29284668 -6.32426727
453 -493.29306030 -6.32427000
454 -493.29324341 -6.32427235
455 -493.29342651 -6.32427470
456 -493.29302979 -6.32426961
457 -493.29278564 -6.32426648
458 -493.29278564 -6.32426648
459 -493.29327393 -6.32427274
460 -493.29312134 -6.32427079
461 -493.29312134 -6.32427079
462 -493.29281616 -6.32426687
463 -493.29168701 -6.32425240
464 -493.29165649 -6.32425201
465 -493.29095459 -6.32424301
466 -493.29168701 -6.32425240
467 -493.29095459 -6.32424301
468 -493.29138184 -6.32424849
469 -493.29092407 -6.32424262
470 -493.29132080 -6.32424770
471 -493.28991699 -6.32422971
472 -493.29125977 -6.32424692
473 -493.29071045 -6.32423988
474 -493.29074097 -6.32424027
475 -493.29043579 -6.32423636
476 -493.29138184 -6.32424849
477 -493.29129028 -6.32424731
478 -493.29153442 -6.32425044
479 -493.29058838 -6.32423831
480 -493.29003906 -6.32423127
481 -493.29101562 -6.32424379
482 -493.29016113 -6.32423284
483 -493.29116821 -6.32424575
484 -493.29113770 -6.32424536
485 -493.29086304 -6.32424183
486 -493.29028320 -6.32423440
487 -493.29092407 -6.32424262
488 -493.29132080 -6.32424770
489 -493.29095459 -6.32424301
490 -493.29089355 -6.32424223
491 -493.28961182 -6.32422579
492 -493.29083252 -6.32424144
493 -493.29147339 -6.32424966
494 -493.29077148 -6.32424066
495 -493.29141235 -6.32424888
496 -493.29071045 -6.32423988
497 -493.29083252 -6.32424144
498 -493.29150391 -6.32425005
499 -493.29132080 -6.32424770
500 -493.29095459 -6.32424301
501 -493.29223633 -6.32425944
502 -493.29275513 -6.32426609
503 -493.29257202 -6.32426374
504 -493.29284668 -6.32426727
505 -493.29296875 -6.32426883
506 -493.29248047 -6.32426257
507 -493.29156494 -6.32425083
508 -493.29058838 -6.32423831
509 -493.29199219 -6.32425631
510 -493.29244995 -6.32426218
511 -493.29263306 -6.32426453
512 -493.29208374 -6.32425748
513 -493.29156494 -6.32425083
514 -493.29080200 -6.32424105
515 -493.29010010 -6.32423205
516 -493.28994751 -6.32423010
517 -493.29055786 -6.32423792
518 -493.29052734 -6.32423753
519 -493.29086304 -6.32424183
520 -493.29000854 -6.32423088
521 -493.29083252 -6.32424144
522 -493.29010010 -6.32423205
523 -493.29049683 -6.32423714
524 -493.28961182 -6.32422579
525 -493.28890991 -6.32421679
526 -493.28900146 -6.32421797
527 -493.28860474 -6.32421288
528 -493.28930664 -6.32422188
529 -493.28906250 -6.32421875
530 -493.28836060 -6.32420975
531 -493.28866577 -6.32421366
532 -493.28881836 -6.32421562
533 -493.28878784 -6.32421523
534 -493.28845215 -6.32421092
535 -493.28851318 -6.32421171
536 -493.28829956 -6.32420897
537 -493.28839111 -6.32421014
538 -493.28747559 -6.32419840
539 -493.28863525 -6.32421327
540 -493.28851318 -6.32421171
541 -493.28808594 -6.32420623
542 -493.28781128 -6.32420271
543 -493.28845215 -6.32421092
544 -493.28778076 -6.32420232
545 -493.28729248 -6.32419606
546 -493.28811646 -6.32420662
547 -493.28765869 -6.32420075
548 -493.28765869 -6.32420075
549 -493.28735352 -6.32419684
550 -493.28726196 -6.32419567
551 -493.28720093 -6.32419488
552 -493.28637695 -6.32418432
553 -493.28710938 -6.32419371
554 -493.28762817 -6.32420036
555 -493.28808594 -6.32420623
556 -493.28768921 -6.32420114
557 -493.28659058 -6.32418706
558 -493.28796387 -6.32420466
559 -493.28732300 -6.32419645
560 -493.28753662 -6.32419919
561 -493.28820801 -6.32420779
562 -493.28756714 -6.32419958
563 -493.28845215 -6.32421092
564 -493.28820801 -6.32420779
565 -493.28933716 -6.32422227
566 -493.28787231 -6.32420349
567 -493.28823853 -6.32420819
568 -493.28790283 -6.32420388
569 -493.28848267 -6.32421132
570 -493.28854370 -6.32421210
571 -493.28854370 -6.32421210
572 -493.28881836 -6.32421562
573 -493.28848267 -6.32421132
574 -493.28833008 -6.32420936
575 -493.28836060 -6.32420975
576 -493.28930664 -6.32422188
577 -493.28878784 -6.32421523
578 -493.28903198 -6.32421836
579 -493.28924561 -6.32422110
580 -493.28857422 -6.32421249
581 -493.28927612 -6.32422149
582 -493.28918457 -6.32422032
583 -493.28930664 -6.32422188
584 -493.28869629 -6.32421405
585 -493.28854370 -6.32421210
586 -493.28936768 -6.32422266
587 -493.29013062 -6.32423244
588 -493.28955078 -6.32422501
589 -493.29077148 -6.32424066
590 -493.28997803 -6.32423049
591 -493.29058838 -6.32423831
