0 -563.87152100 -6.87648196
1 -562.58282471 -6.86076615
2 -559.61193848 -6.82453584
3 -555.53503418 -6.77481749
4 -550.05572510 -6.70799665
5 -545.14489746 -6.64810851
6 -540.57147217 -6.59233503
7 -534.06927490 -6.51303994
8 -528.97778320 -6.45094858
9 -521.99926758 -6.36584473
10 -515.12054443 -6.28195786
11 -507.20538330 -6.18543150
12 -497.96115112 -6.07269696
13 -488.31982422 -5.95511981
14 -480.14044189 -5.85537124
15 -474.19290161 -5.78284026
16 -468.92773438 -5.71863091
17 -465.01522827 -5.67091742
18 -459.90734863 -5.60862620
19 -451.47253418 -5.50576261
20 -445.56045532 -5.43366409
21 -435.65228271 -5.31283272
22 -432.30014038 -5.27195293
23 -430.10876465 -5.24522884
24 -423.22811890 -5.16131852
25 -419.05621338 -5.11044163
26 -416.13302612 -5.07479300
27 -412.01013184 -5.02451380
28 -408.85931396 -4.98608919
29 -404.09832764 -4.92802839
30 -397.71826172 -4.85022270
31 -391.17950439 -4.77048176
32 -384.10577393 -4.68421676
33 -377.70614624 -4.60617252
34 -379.19195557 -4.62429214
35 -376.55764771 -4.59216644
36 -373.29663086 -4.55239794
37 -371.47250366 -4.53015248
38 -369.75393677 -4.50919435
39 -362.51565552 -4.42092263
40 -357.10757446 -4.35497042
41 -352.13909912 -4.29437926
42 -348.90066528 -4.25488616
43 -345.80343628 -4.21711508
44 -341.84173584 -4.16880166
