0 -543.20190430 -6.31630121
1 -543.21911621 -6.31650135
2 -543.23120117 -6.31664187
3 -543.24047852 -6.31674975
4 -543.24645996 -6.31681930
5 -543.25170898 -6.31688034
6 -543.25524902 -6.31692150
7 -543.25354004 -6.31690163
8 -543.25866699 -6.31696124
9 -543.25921631 -6.31696763
10 -543.26135254 -6.31699247
11 -543.26208496 -6.31700099
12 -543.26257324 -6.31700667
13 -543.26049805 -6.31698254
14 -543.26245117 -6.31700525
15 -543.25878906 -6.31696266
16 -543.25671387 -6.31693853
17 -543.25683594 -6.31693995
18 -543.25610352 -6.31693144
19 -543.25518799 -6.31692079
20 -543.25451660 -6.31691298
21 -543.25000000 -6.31686047
22 -543.24951172 -6.31685479
23 -543.24792480 -6.31683633
24 -543.24890137 -6.31684769
25 -543.24670410 -6.31682214
26 -543.24426270 -6.31679375
27 -543.24017334 -6.31674620
28 -543.23779297 -6.31671852
29 -543.24011230 -6.31674549
30 -543.23950195 -6.31673839
31 -543.23736572 -6.31671355
32 -543.23883057 -6.31673059
33 -543.24017334 -6.31674620
34 -543.23596191 -6.31669723
35 -543.23669434 -6.31670575
36 -543.23913574 -6.31673414
37 -543.23388672 -6.31667310
38 -543.23303223 -6.31666317
39 -543.23333740 -6.31666671
40 -543.23376465 -6.31667168
41 -543.23156738 -6.31664613
42 -543.23114014 -6.31664116
43 -543.23010254 -6.31662910
44 -543.22717285 -6.31659503
45 -543.22595215 -6.31658084
46 -543.22296143 -6.31654606
47 -543.22216797 -6.31653684
48 -543.22338867 -6.31655103
49 -543.22491455 -6.31656877
50 -543.22424316 -6.31656097
51 -543.22473145 -6.31656664
52 -543.22656250 -6.31658794
53 -543.22436523 -6.31656239
54 -543.22247314 -6.31654039
55 -543.22076416 -6.31652051
56 -543.22326660 -6.31654961
57 -543.22106934 -6.31652406
58 -543.21740723 -6.31648148
59 -543.21850586 -6.31649425
60 -543.21893311 -6.31649922
61 -543.21673584 -6.31647367
62 -543.21618652 -6.31646729
63 -543.21630859 -6.31646870
64 -543.21508789 -6.31645451
65 -543.21173096 -6.31641548
66 -543.21569824 -6.31646161
67 -543.21710205 -6.31647793
68 -543.21435547 -6.31644599
69 -543.21240234 -6.31642328
70 -543.21264648 -6.31642612
71 -543.21069336 -6.31640341
72 -543.21075439 -6.31640412
73 -543.20867920 -6.31637999
74 -543.20520020 -6.31633954
75 -543.20782471 -6.31637005
76 -543.20532227 -6.31634096
77 -543.20715332 -6.31636225
78 -543.20483398 -6.31633528
79 -543.20550537 -6.31634309
80 -543.20239258 -6.31630689
81 -543.19787598 -6.31625437
82 -543.19482422 -6.31621889
83 -543.19232178 -6.31618979
84 -543.19488525 -6.31621960
85 -543.19140625 -6.31617914
86 -543.19055176 -6.31616921
87 -543.18823242 -6.31614224
88 -543.18615723 -6.31611811
89 -543.18432617 -6.31609682
90 -543.18115234 -6.31605991
91 -543.17761230 -6.31601875
92 -543.17620850 -6.31600242
93 -543.17486572 -6.31598681
94 -543.17773438 -6.31602017
95 -543.17706299 -6.31601236
96 -543.17651367 -6.31600597
97 -543.17480469 -6.31598610
98 -543.16894531 -6.31591797
99 -543.16442871 -6.31586545
100 -543.16247559 -6.31584274
101 -543.16156006 -6.31583209
102 -543.15991211 -6.31581293
103 -543.15728760 -6.31578241
104 -543.15228271 -6.31572422
105 -543.14813232 -6.31567596
106 -543.14312744 -6.31561776
107 -543.14489746 -6.31563834
108 -543.14337158 -6.31562060
109 -543.14038086 -6.31558582
110 -543.13244629 -6.31549356
111 -543.12963867 -6.31546091
112 -543.12939453 -6.31545808
113 -543.12036133 -6.31535304
114 -543.11602783 -6.31530265
115 -543.11462402 -6.31528633
116 -543.11224365 -6.31525865
117 -543.10675049 -6.31519477
118 -543.10333252 -6.31515503
119 -543.09857178 -6.31509967
120 -543.09442139 -6.31505141
121 -543.09106445 -6.31501238
122 -543.08905029 -6.31498896
123 -543.08361816 -6.31492579
124 -543.08343506 -6.31492366
125 -543.07464600 -6.31482147
126 -543.07482910 -6.31482359
127 -543.07171631 -6.31478740
128 -543.06292725 -6.31468520
129 -543.05950928 -6.31464546
130 -543.05554199 -6.31459933
131 -543.04595947 -6.31448790
132 -543.04650879 -6.31449429
133 -543.04467773 -6.31447300
134 -543.04608154 -6.31448932
135 -543.03863525 -6.31440274
136 -543.03375244 -6.31434596
137 -543.03051758 -6.31430834
138 -543.03106689 -6.31431473
139 -543.02630615 -6.31425937
140 -543.02331543 -6.31422460
141 -543.01898193 -6.31417421
142 -543.01483154 -6.31412595
143 -543.01470947 -6.31412453
144 -543.01342773 -6.31410962
145 -543.01092529 -6.31408053
146 -543.01043701 -6.31407485
147 -543.00286865 -6.31398684
148 -543.00640869 -6.31402801
149 -542.99975586 -6.31395065
150 -542.99420166 -6.31388607
151 -542.98858643 -6.31382077
152 -542.98901367 -6.31382574
153 -542.98596191 -6.31379025
154 -542.98199463 -6.31374412
155 -542.97619629 -6.31367670
156 -542.97729492 -6.31368948
157 -542.98236084 -6.31374838
158 -542.98541260 -6.31378387
159 -542.98461914 -6.31377464
160 -542.97900391 -6.31370935
161 -542.97705078 -6.31368664
162 -542.97186279 -6.31362631
163 -542.96801758 -6.31358160
164 -542.96929932 -6.31359650
165 -542.96966553 -6.31360076
166 -542.96923828 -6.31359579
167 -542.96795654 -6.31358089
168 -542.96533203 -6.31355037
169 -542.96801758 -6.31358160
170 -542.96527100 -6.31354966
171 -542.96466064 -6.31354257
172 -542.96362305 -6.31353050
173 -542.96075439 -6.31349714
174 -542.95782471 -6.31346308
175 -542.95574951 -6.31343895
176 -542.95458984 -6.31342546
177 -542.94775391 -6.31334598
178 -542.94580078 -6.31332326
179 -542.94281006 -6.31328849
180 -542.94287109 -6.31328920
181 -542.94323730 -6.31329346
182 -542.94451904 -6.31330836
183 -542.94268799 -6.31328707
184 -542.94366455 -6.31329843
185 -542.94195557 -6.31327855
186 -542.93756104 -6.31322745
187 -542.93579102 -6.31320687
188 -542.93377686 -6.31318345
189 -542.93756104 -6.31322745
190 -542.93798828 -6.31323242
191 -542.93817139 -6.31323455
192 -542.93725586 -6.31322391
193 -542.93457031 -6.31319268
194 -542.93542480 -6.31320261
195 -542.93133545 -6.31315506
196 -542.92877197 -6.31312526
197 -542.92602539 -6.31309332
198 -542.92962646 -6.31313519
199 -542.92694092 -6.31310396
200 -542.92639160 -6.31309758
201 -542.93005371 -6.31314016
202 -542.92736816 -6.31310893
203 -542.92913818 -6.31312951
204 -542.92730713 -6.31310822
205 -542.92932129 -6.31313164
206 -542.92816162 -6.31311816
207 -542.92761230 -6.31311177
208 -542.92810059 -6.31311745
209 -542.92779541 -6.31311390
210 -542.92333984 -6.31306209
211 -542.92437744 -6.31307416
212 -542.92053223 -6.31302944
213 -542.92071533 -6.31303157
214 -542.91625977 -6.31297976
215 -542.91564941 -6.31297267
216 -542.91363525 -6.31294925
217 -542.91308594 -6.31294286
218 -542.90832520 -6.31288750
219 -542.90783691 -6.31288182
220 -542.90643311 -6.31286550
221 -542.90429688 -6.31284066
222 -542.90136719 -6.31280660
223 -542.90100098 -6.31280234
224 -542.89984131 -6.31278885
225 -542.89935303 -6.31278317
226 -542.89587402 -6.31274272
227 -542.89172363 -6.31269446
228 -542.89294434 -6.31270866
229 -542.88574219 -6.31262491
230 -542.88330078 -6.31259652
231 -542.87982178 -6.31255607
232 -542.87872314 -6.31254329
233 -542.87908936 -6.31254755
234 -542.88006592 -6.31255891
235 -542.87982178 -6.31255607
236 -542.88110352 -6.31257097
237 -542.87786865 -6.31253336
238 -542.87628174 -6.31251490
239 -542.87829590 -6.31253832
240 -542.87792969 -6.31253407
241 -542.87567139 -6.31250781
242 -542.87420654 -6.31249077
243 -542.87548828 -6.31250568
244 -542.87036133 -6.31244606
245 -542.86950684 -6.31243613
246 -542.86828613 -6.31242193
247 -542.86737061 -6.31241129
248 -542.86627197 -6.31239851
249 -542.86706543 -6.31240774
250 -542.86657715 -6.31240206
251 -542.86346436 -6.31236586
252 -542.86785889 -6.31241696
253 -542.86437988 -6.31237651
254 -542.86407471 -6.31237296
255 -542.86425781 -6.31237509
256 -542.86608887 -6.31239638
257 -542.85870361 -6.31231051
258 -542.86083984 -6.31233535
259 -542.86334229 -6.31236445
260 -542.86138916 -6.31234173
261 -542.86102295 -6.31233748
262 -542.85742188 -6.31229560
263 -542.85559082 -6.31227431
264 -542.85681152 -6.31228851
265 -542.85559082 -6.31227431
266 -542.85681152 -6.31228851
267 -542.86041260 -6.31233038
268 -542.85711670 -6.31229205
269 -542.86273193 -6.31235735
270 -542.85986328 -6.31232399
271 -542.86474609 -6.31238077
272 -542.86303711 -6.31236090
273 -542.86120605 -6.31233961
274 -542.86364746 -6.31236799
275 -542.86083984 -6.31233535
276 -542.86169434 -6.31234528
277 -542.85784912 -6.31230057
278 -542.85675049 -6.31228780
279 -542.85906982 -6.31231477
280 -542.85729980 -6.31229418
281 -542.85803223 -6.31230270
282 -542.85668945 -6.31228709
283 -542.85620117 -6.31228141
284 -542.85693359 -6.31228993
285 -542.85491943 -6.31226651
286 -542.85430908 -6.31225941
287 -542.85571289 -6.31227573
288 -542.85693359 -6.31228993
289 -542.85363770 -6.31225160
290 -542.85198975 -6.31223244
291 -542.84875488 -6.31219482
292 -542.85223389 -6.31223528
293 -542.85089111 -6.31221966
294 -542.84307861 -6.31212882
295 -542.84490967 -6.31215011
296 -542.83929443 -6.31208482
297 -542.84136963 -6.31210895
298 -542.83990479 -6.31209192
299 -542.84039307 -6.31209759
300 -542.84106445 -6.31210540
301 -542.83734131 -6.31206211
302 -542.83843994 -6.31207488
303 -542.83685303 -6.31205643
304 -542.83673096 -6.31205501
305 -542.83532715 -6.31203869
306 -542.83581543 -6.31204437
307 -542.82989502 -6.31197552
308 -542.83099365 -6.31198830
309 -542.82849121 -6.31195920
310 -542.82598877 -6.31193010
311 -542.82629395 -6.31193365
312 -542.82769775 -6.31194997
313 -542.82696533 -6.31194146
314 -542.82574463 -6.31192726
315 -542.82440186 -6.31191165
316 -542.82232666 -6.31188752
317 -542.82861328 -6.31196062
318 -542.82958984 -6.31197197
319 -542.82269287 -6.31189178
320 -542.82421875 -6.31190952
321 -542.82452393 -6.31191307
322 -542.82281494 -6.31189320
323 -542.81915283 -6.31185061
324 -542.82067871 -6.31186836
325 -542.82055664 -6.31186694
326 -542.81915283 -6.31185061
327 -542.82177734 -6.31188113
328 -542.81799316 -6.31183713
329 -542.81616211 -6.31181584
330 -542.81530762 -6.31180590
331 -542.81317139 -6.31178106
332 -542.81042480 -6.31174913
333 -542.80633545 -6.31170157
334 -542.80609131 -6.31169874
335 -542.80078125 -6.31163699
336 -542.80072021 -6.31163628
337 -542.79968262 -6.31162422
338 -542.80090332 -6.31163841
339 -542.80273438 -6.31165970
340 -542.80548096 -6.31169164
341 -542.80023193 -6.31163060
342 -542.79882812 -6.31161428
343 -542.80023193 -6.31163060
344 -542.79968262 -6.31162422
345 -542.79925537 -6.31161925
346 -542.79406738 -6.31155892
347 -542.79248047 -6.31154047
348 -542.79095459 -6.31152273
349 -542.79345703 -6.31155183
350 -542.79089355 -6.31152202
351 -542.78979492 -6.31150924
352 -542.79022217 -6.31151421
353 -542.79040527 -6.31151634
354 -542.78674316 -6.31147376
355 -542.78576660 -6.31146240
356 -542.78717041 -6.31147873
357 -542.78430176 -6.31144537
358 -542.78381348 -6.31143969
359 -542.77825928 -6.31137511
360 -542.77819824 -6.31137440
361 -542.77368164 -6.31132188
362 -542.76995850 -6.31127859
363 -542.76916504 -6.31126936
364 -542.77124023 -6.31129349
365 -542.76916504 -6.31126936
366 -542.76654053 -6.31123884
367 -542.76251221 -6.31119200
368 -542.75976562 -6.31116007
369 -542.75543213 -6.31110968
370 -542.75286865 -6.31107987
371 -542.74908447 -6.31103587
372 -542.74505615 -6.31098903
373 -542.74114990 -6.31094360
374 -542.73974609 -6.31092728
375 -542.73504639 -6.31087263
376 -542.73034668 -6.31081798
377 -542.72863770 -6.31079811
378 -542.72863770 -6.31079811
379 -542.72570801 -6.31076405
380 -542.72198486 -6.31072075
381 -542.72113037 -6.31071082
382 -542.72161865 -6.31071650
383 -542.71771240 -6.31067107
384 -542.71954346 -6.31069237
385 -542.71588135 -6.31064978
386 -542.72064209 -6.31070514
387 -542.71655273 -6.31065759
388 -542.71331787 -6.31061998
389 -542.71319580 -6.31061856
390 -542.71423340 -6.31063062
391 -542.70709229 -6.31054758
392 -542.70782471 -6.31055610
393 -542.71038818 -6.31058591
394 -542.70880127 -6.31056746
395 -542.70837402 -6.31056249
396 -542.70855713 -6.31056462
397 -542.70544434 -6.31052842
398 -542.70465088 -6.31051920
