0 -543.22454834 -6.62468961
1 -542.04724121 -6.61033221
2 -540.01867676 -6.58559362
3 -539.18444824 -6.57542010
4 -539.06274414 -6.57393590
5 -537.19213867 -6.55112364
6 -536.51000977 -6.54280500
7 -534.35791016 -6.51655988
8 -533.95867920 -6.51169121
9 -533.24438477 -6.50298030
10 -531.99371338 -6.48772821
11 -531.24060059 -6.47854391
12 -529.70410156 -6.45980612
13 -527.90124512 -6.43782006
14 -524.72009277 -6.39902552
15 -524.79235840 -6.39990681
16 -524.73492432 -6.39920639
17 -523.72625732 -6.38690558
18 -521.68371582 -6.36199653
19 -521.15521240 -6.35555137
20 -520.58520508 -6.34860006
21 -520.05554199 -6.34214076
22 -521.22662354 -6.35642224
23 -519.36804199 -6.33375661
24 -517.77874756 -6.31437497
25 -515.39855957 -6.28534829
26 -516.45831299 -6.29827211
27 -514.36651611 -6.27276239
28 -512.71923828 -6.25267364
29 -511.78042603 -6.24122471
30 -511.47482300 -6.23749784
31 -508.85528564 -6.20555226
32 -506.01419067 -6.17090476
33 -506.09533691 -6.17189435
34 -506.27764893 -6.17411767
35 -505.96798706 -6.17034131
36 -506.00521851 -6.17079535
37 -503.95831299 -6.14583309
38 -500.79342651 -6.10723691
39 -499.27630615 -6.08873544
40 -498.54171753 -6.07977704
41 -498.06066895 -6.07391060
42 -497.89270020 -6.07186220
43 -496.39495850 -6.05359705
44 -494.50131226 -6.03050381
45 -491.98999023 -5.99987793
46 -488.83972168 -5.96146002
47 -488.51889038 -5.95754744
48 -484.80526733 -5.91225936
49 -484.16412354 -5.90444053
50 -484.70434570 -5.91102861
51 -484.88259888 -5.91320243
52 -482.50625610 -5.88422264
53 -482.65316772 -5.88601424
54 -482.80194092 -5.88782855
55 -482.93316650 -5.88942886
56 -484.38983154 -5.90719307
57 -482.87179565 -5.88868043
58 -485.92410278 -5.92590369
59 -486.08096313 -5.92781662
60 -486.53067017 -5.93330086
61 -487.50527954 -5.94518634
62 -487.65502930 -5.94701255
63 -485.75869751 -5.92388655
64 -483.66152954 -5.89831134
65 -484.18051147 -5.90464038
66 -485.54058838 -5.92122669
67 -483.09664917 -5.89142255
68 -480.61770630 -5.86119154
69 -478.03210449 -5.82965981
70 -476.73001099 -5.81378062
71 -473.81954956 -5.77828719
72 -472.53347778 -5.76260339
73 -472.83734131 -5.76630904
74 -471.67224121 -5.75210050
75 -471.90625000 -5.75495427
76 -464.34573364 -5.66275285
77 -461.73815918 -5.63095316
78 -464.19384766 -5.66090058
79 -460.58651733 -5.61690875
80 -461.05987549 -5.62268141
81 -464.86877441 -5.66913140
82 -469.35397339 -5.72382894
83 -466.25512695 -5.68603813
84 -462.84658813 -5.64447059
85 -464.39526367 -5.66335687
86 -463.70150757 -5.65489643
87 -461.76950073 -5.63133537
88 -457.29843140 -5.57681014
89 -456.87680054 -5.57166830
90 -455.47537231 -5.55457771
91 -452.04470825 -5.51274034
92 -446.74804688 -5.44814691
93 -443.36053467 -5.40683579
94 -441.92495728 -5.38932875
95 -441.83007812 -5.38817168
96 -440.59558105 -5.37311684
97 -438.55386353 -5.34821785
98 -436.77905273 -5.32657381
99 -431.33914185 -5.26023344
100 -435.42565918 -5.31006901
101 -434.51498413 -5.29896322
102 -438.73809814 -5.35046461
103 -440.92999268 -5.37719503
104 -443.19561768 -5.40482461
105 -444.17575073 -5.41677745
106 -441.03985596 -5.37853483
107 -441.57635498 -5.38507750
108 -443.00308228 -5.40247661
109 -445.59716797 -5.43411180
110 -445.21630859 -5.42946718
111 -441.11291504 -5.37942579
112 -438.60476685 -5.34883862
113 -438.82534790 -5.35152863
114 -436.02792358 -5.31741370
115 -435.69393921 -5.31334072
116 -434.19537354 -5.29506553
117 -428.50320435 -5.22564883
118 -430.63864136 -5.25169075
119 -429.12640381 -5.23324883
120 -425.56640625 -5.18983422
121 -419.86083984 -5.12025414
122 -419.19308472 -5.11211079
123 -416.15203857 -5.07502486
124 -417.14089966 -5.08708414
125 -413.82440186 -5.04663905
126 -405.94461060 -4.95054403
127 -398.24130249 -4.85660125
128 -399.54937744 -4.87255338
129 -401.01101685 -4.89037825
130 -399.98315430 -4.87784335
131 -389.70736694 -4.75252887
132 -387.49645996 -4.72556658
133 -389.51760864 -4.75021474
134 -385.03106689 -4.69550082
135 -374.40032959 -4.56585768
136 -369.50308228 -4.50613515
137 -370.24874878 -4.51522864
138 -372.73403931 -4.54553706
139 -366.04479980 -4.46396097
140 -361.93563843 -4.41384925
141 -363.61657715 -4.43434850
142 -368.75350952 -4.49699402
143 -368.62454224 -4.49542125
144 -345.60885620 -4.21474215
145 -327.93890381 -3.99925492
146 -321.88565063 -3.92543476
147 -304.96429443 -3.71907676
148 -281.21286011 -3.42942512
149 -293.42019653 -3.57829508
150 -314.92095947 -3.84049951
151 -304.47607422 -3.71312286
152 -310.09939575 -3.78169995
153 -285.59603882 -3.48287852
154 -303.42010498 -3.70024518
155 -250.46432495 -3.05444299
156 -222.27307129 -2.71064721
157 -208.94914246 -2.54816027
158 -142.57464600 -1.73871520
159 -156.77844238 -1.91193222
160 -207.93730164 -2.53582075
161 -217.14392090 -2.64809660
162 -205.27752686 -2.50338447
163 -224.49182129 -2.73770514
164 -268.10998535 -3.26963397
165 -293.55816650 -3.57997764
166 -256.46710205 -3.12764759
167 -140.05583191 -1.70799795
168 -99.01541901 -1.20750511
169 -73.37189484 -0.89477921
170 -16.47432709 -0.20090643
171 -66.29062653 -0.80842227
172 -122.59359741 -1.49504387
173 -158.91088867 -1.93793767
174 -195.30963135 -2.38182477
175 -197.36213684 -2.40685533
176 -230.10203552 -2.80612238
177 -226.86163330 -2.76660528
178 -244.14157104 -2.97733623
179 -251.88771057 -3.07180135
180 -293.70797729 -3.58180460
181 -311.95593262 -3.80434064
182 -339.54272461 -4.14076493
183 -354.65441895 -4.32505389
184 -367.10815430 -4.47692871
185 -357.93725586 -4.36508849
186 -367.81512451 -4.48555030
187 -346.21380615 -4.22211959
188 -346.08715820 -4.22057510
189 -327.19519043 -3.99018525
190 -342.26965332 -4.17402016
191 -344.18511963 -4.19737951
192 -325.64953613 -3.97133581
193 -297.16772461 -3.62399664
194 -296.22674561 -3.61252129
195 -328.63720703 -4.00777082
196 -321.04284668 -3.91515667
197 -323.34759521 -3.94326336
198 -349.07574463 -4.25702128
199 -353.96740723 -4.31667570
200 -361.59515381 -4.40969700
201 -368.80639648 -4.49763898
202 -378.74496460 -4.61884103
203 -364.05685425 -4.43971773
204 -368.18661499 -4.49008067
205 -349.65991211 -4.26414527
206 -332.78518677 -4.05835594
207 -340.80572510 -4.15616738
208 -353.47241211 -4.31063917
209 -358.43637085 -4.37117525
210 -377.79876709 -4.60730204
211 -375.96514893 -4.58494084
212 -373.01214600 -4.54892861
213 -378.16885376 -4.61181529
214 -377.31750488 -4.60143299
215 -376.77075195 -4.59476527
216 -378.36544800 -4.61421278
217 -380.59173584 -4.64136263
218 -388.36022949 -4.73610036
219 -389.59948730 -4.75121326
220 -385.84707642 -4.70545215
221 -384.70730591 -4.69155251
222 -388.06353760 -4.73248217
223 -386.54727173 -4.71399112
224 -381.80685425 -4.65618115
225 -378.48742676 -4.61570033
226 -374.29812622 -4.56461130
227 -367.36193848 -4.48002364
228 -366.17398071 -4.46553635
229 -362.99203491 -4.42673213
230 -365.58358765 -4.45833643
231 -368.33782959 -4.49192475
232 -374.42434692 -4.56615057
233 -374.36935425 -4.56547993
234 -380.41635132 -4.63922380
235 -378.77813721 -4.61924558
236 -374.02780151 -4.56131465
237 -377.64443970 -4.60542000
238 -383.71871948 -4.67949658
239 -380.95016479 -4.64573372
240 -377.49911499 -4.60364774
241 -377.31808472 -4.60144006
242 -373.04669189 -4.54934990
243 -373.00494385 -4.54884078
244 -372.11804199 -4.53802490
245 -374.94104004 -4.57245171
246 -375.82006836 -4.58317157
247 -378.58087158 -4.61683990
248 -381.17456055 -4.64847025
249 -382.43429565 -4.66383287
250 -379.59201050 -4.62917086
251 -379.20251465 -4.62442091
252 -380.22659302 -4.63690967
253 -381.99676514 -4.65849714
254 -379.42160034 -4.62709269
255 -378.37390137 -4.61431587
256 -379.79904175 -4.63169563
257 -378.35852051 -4.61412830
258 -383.18920898 -4.67303913
259 -378.92639160 -4.62105356
260 -380.55773926 -4.64094804
261 -376.64004517 -4.59317128
262 -379.94515991 -4.63347756
263 -381.43750000 -4.65167683
264 -382.44131470 -4.66391847
265 -381.57049561 -4.65329873
266 -385.67288208 -4.70332783
267 -390.04437256 -4.75663869
268 -386.61462402 -4.71481249
269 -390.14834595 -4.75790666
270 -386.84265137 -4.71759331
271 -390.02578735 -4.75641204
272 -387.02932739 -4.71986985
273 -385.89816284 -4.70607516
274 -389.06628418 -4.74471078
275 -389.54409790 -4.75053778
276 -389.29086304 -4.74744955
277 -391.76965332 -4.77767870
278 -391.97897339 -4.78023138
279 -395.16549683 -4.81909142
280 -396.16967773 -4.83133753
281 -396.03683472 -4.82971750
282 -394.98809814 -4.81692803
283 -396.24398804 -4.83224376
284 -398.05548096 -4.85433513
285 -394.56494141 -4.81176758
286 -394.88989258 -4.81573040
287 -396.43588257 -4.83458393
288 -393.78628540 -4.80227177
289 -394.96319580 -4.81662434
290 -391.75769043 -4.77753281
291 -386.43069458 -4.71256945
292 -387.15582275 -4.72141247
293 -385.63385010 -4.70285183
294 -392.03912354 -4.78096492
295 -390.69082642 -4.76452227
296 -389.14459229 -4.74566576
297 -388.89819336 -4.74266089
298 -388.07556152 -4.73262880
299 -386.28164673 -4.71075179
300 -386.71578979 -4.71604622
301 -387.80017090 -4.72927038
302 -385.80010986 -4.70487939
303 -380.80557251 -4.64397040
304 -378.57427979 -4.61675951
305 -375.15985107 -4.57512014
306 -375.06695557 -4.57398726
307 -377.40127563 -4.60245458
