0 -332.95605469 -5.04478871
1 -332.93707275 -5.04450110
2 -332.90756226 -5.04405397
3 -332.86730957 -5.04344408
4 -332.85946655 -5.04332525
5 -332.85372925 -5.04323832
6 -332.82220459 -5.04276068
7 -332.85076904 -5.04319347
8 -332.84323120 -5.04307926
9 -332.84725952 -5.04314030
10 -332.82333374 -5.04277778
11 -332.80444336 -5.04249157
12 -332.79125977 -5.04229181
13 -332.77774048 -5.04208698
14 -332.71441650 -5.04112752
15 -332.68237305 -5.04064202
16 -332.69815063 -5.04088107
17 -332.64459229 -5.04006958
18 -332.58587646 -5.03917995
19 -332.61392212 -5.03960488
20 -332.59716797 -5.03935103
21 -332.57165527 -5.03896447
22 -332.57952881 -5.03908377
23 -332.53790283 -5.03845307
24 -332.45529175 -5.03720139
25 -332.46044922 -5.03727953
26 -332.45690918 -5.03722590
27 -332.45806885 -5.03724347
28 -332.39523315 -5.03629141
29 -332.39559937 -5.03629696
30 -332.36691284 -5.03586232
31 -332.38052368 -5.03606854
32 -332.35989380 -5.03575597
33 -332.34942627 -5.03559737
34 -332.35903931 -5.03574302
35 -332.37649536 -5.03600751
36 -332.33770752 -5.03541981
37 -332.40374756 -5.03642042
38 -332.35174561 -5.03563251
39 -332.37219238 -5.03594231
40 -332.37387085 -5.03596774
41 -332.30349731 -5.03490147
42 -332.16870117 -5.03285911
43 -332.21255493 -5.03352356
44 -332.22326660 -5.03368586
45 -332.14413452 -5.03248689
46 -332.14956665 -5.03256919
47 -332.08911133 -5.03165320
48 -332.09387207 -5.03172533
49 -332.05728149 -5.03117093
50 -332.04107666 -5.03092540
51 -331.99346924 -5.03020408
52 -331.99856567 -5.03028130
53 -331.95223999 -5.02957939
54 -331.86145020 -5.02820379
55 -331.81265259 -5.02746443
56 -331.83099365 -5.02774233
57 -331.80416870 -5.02733589
58 -331.82794189 -5.02769609
59 -331.85440063 -5.02809698
60 -331.88916016 -5.02862364
61 -331.86032104 -5.02818668
62 -331.89584351 -5.02872490
63 -331.87091064 -5.02834713
64 -331.79190063 -5.02715001
65 -331.81628418 -5.02751946
66 -331.73565674 -5.02629783
67 -331.71710205 -5.02601670
68 -331.72668457 -5.02616189
69 -331.67871094 -5.02543501
70 -331.66033936 -5.02515666
71 -331.62976074 -5.02469334
72 -331.53439331 -5.02324838
73 -331.58102417 -5.02395491
74 -331.55422974 -5.02354894
75 -331.49340820 -5.02262740
76 -331.41345215 -5.02141594
77 -331.32870483 -5.02013189
78 -331.38711548 -5.02101690
79 -331.33639526 -5.02024841
80 -331.22305298 -5.01853111
81 -331.05661011 -5.01600924
82 -331.07168579 -5.01623766
83 -331.09091187 -5.01652897
84 -331.10946655 -5.01681010
85 -331.01760864 -5.01541831
86 -330.93435669 -5.01415692
87 -330.96221924 -5.01457908
88 -330.88607788 -5.01342542
89 -330.83163452 -5.01260052
90 -330.98046875 -5.01485559
91 -331.03717041 -5.01571470
92 -330.94180298 -5.01426974
93 -331.01947021 -5.01544652
94 -331.00231934 -5.01518666
95 -330.94140625 -5.01426373
96 -330.84381104 -5.01278502
97 -330.90649414 -5.01373476
98 -330.80673218 -5.01222321
99 -330.55371094 -5.00838956
100 -330.50622559 -5.00767008
101 -330.57553101 -5.00872017
102 -330.52465820 -5.00794937
103 -330.42706299 -5.00647065
104 -330.51620483 -5.00782129
105 -330.35110474 -5.00531977
106 -330.24560547 -5.00372129
107 -330.21420288 -5.00324550
108 -330.12527466 -5.00189810
109 -329.99279785 -4.99989088
110 -330.15457153 -5.00234199
111 -330.24188232 -5.00366488
112 -330.20193481 -5.00305962
113 -330.23852539 -5.00361402
114 -330.16085815 -5.00243724
115 -330.14755249 -5.00223564
116 -329.99612427 -4.99994128
117 -329.83312988 -4.99747166
118 -329.67013550 -4.99500205
119 -329.44827271 -4.99164050
120 -329.43887329 -4.99149808
121 -329.34667969 -4.99010121
122 -329.03109741 -4.98531966
123 -328.76293945 -4.98125666
124 -328.59912109 -4.97877456
125 -328.61166382 -4.97896460
126 -328.36853027 -4.97528076
127 -328.44784546 -4.97648251
128 -328.10177612 -4.97123903
129 -327.95883179 -4.96907321
130 -328.11877441 -4.97149658
131 -328.09027100 -4.97106471
132 -328.08389282 -4.97096807
133 -327.92776489 -4.96860250
134 -327.92193604 -4.96851418
135 -327.81414795 -4.96688103
136 -327.58682251 -4.96343670
137 -327.42678833 -4.96101194
138 -327.62786865 -4.96405862
139 -327.61743164 -4.96390048
140 -327.48419189 -4.96188170
141 -327.52423096 -4.96248835
142 -327.54846191 -4.96285548
143 -327.42468262 -4.96098004
144 -327.24539185 -4.95826351
145 -327.20922852 -4.95771558
146 -327.22595215 -4.95796897
147 -327.34817505 -4.95982083
148 -327.01022339 -4.95470035
149 -327.47180176 -4.96169397
150 -327.39840698 -4.96058192
151 -327.15829468 -4.95694386
152 -326.71701050 -4.95025773
153 -326.70999146 -4.95015139
154 -326.62506104 -4.94886456
155 -326.69290161 -4.94989245
156 -326.43423462 -4.94597325
157 -326.13217163 -4.94139654
158 -326.39468384 -4.94537400
159 -326.41043091 -4.94561259
160 -326.10369873 -4.94096513
161 -326.17770386 -4.94208642
162 -325.99435425 -4.93930840
163 -325.75656128 -4.93570547
164 -325.77612305 -4.93600186
165 -325.79925537 -4.93635235
166 -326.06185913 -4.94033120
167 -325.82510376 -4.93674400
168 -325.98056030 -4.93909940
169 -325.33197021 -4.92927228
170 -325.49765015 -4.93178258
171 -325.41302490 -4.93050038
172 -325.54168701 -4.93244980
173 -325.40722656 -4.93041252
174 -325.30926514 -4.92892826
175 -325.12738037 -4.92617243
176 -325.14349365 -4.92641657
177 -325.02075195 -4.92455685
178 -325.14874268 -4.92649610
179 -325.09918213 -4.92574518
180 -325.14520264 -4.92644246
181 -325.12423706 -4.92612480
182 -325.16360474 -4.92672128
183 -324.95278931 -4.92352711
184 -324.83163452 -4.92169143
185 -324.68716431 -4.91950249
186 -324.54754639 -4.91738707
187 -324.64422607 -4.91885191
188 -324.40332031 -4.91520182
189 -324.51684570 -4.91692190
190 -324.21520996 -4.91235167
191 -324.21817017 -4.91239652
192 -323.87100220 -4.90713640
193 -323.78869629 -4.90588934
194 -323.71490479 -4.90477128
195 -323.60739136 -4.90314229
196 -323.36117554 -4.89941175
197 -323.68945312 -4.90438565
198 -323.35018921 -4.89924529
199 -323.10046387 -4.89546157
200 -323.35372925 -4.89929893
201 -323.29159546 -4.89835751
202 -323.31652832 -4.89873528
203 -323.72033691 -4.90485359
204 -323.71047974 -4.90470424
205 -323.81158447 -4.90623613
206 -323.68771362 -4.90435930
207 -323.21389771 -4.89718027
208 -323.33901978 -4.89907606
209 -322.56820679 -4.88739707
210 -322.49319458 -4.88626052
211 -322.46850586 -4.88588645
212 -322.00387573 -4.87884660
213 -322.03631592 -4.87933812
214 -321.52084351 -4.87152793
215 -322.36352539 -4.88429584
216 -321.93341064 -4.87777895
217 -321.97937012 -4.87847530
218 -321.71014404 -4.87439612
219 -321.09164429 -4.86502491
220 -321.69503784 -4.87416724
221 -320.80773926 -4.86072332
222 -320.71929932 -4.85938332
223 -321.19512939 -4.86659287
224 -321.53738403 -4.87177855
225 -321.42117310 -4.87001777
226 -321.34716797 -4.86889648
227 -320.70382690 -4.85914889
228 -319.97363281 -4.84808535
229 -318.69042969 -4.82864287
230 -318.09942627 -4.81968828
231 -318.22454834 -4.82158407
232 -318.26248169 -4.82215881
233 -318.87582397 -4.83145188
234 -319.02566528 -4.83372220
235 -318.86096191 -4.83122670
236 -319.18466187 -4.83613124
237 -318.72402954 -4.82915196
238 -318.99902344 -4.83331854
239 -319.27102661 -4.83743980
240 -318.24142456 -4.82183977
241 -317.41851807 -4.80937149
242 -316.73199463 -4.79896962
243 -316.45257568 -4.79473600
244 -315.87725830 -4.78601907
245 -314.99411011 -4.77263803
246 -315.15054321 -4.77500823
247 -315.38320923 -4.77853347
248 -315.22036743 -4.77606617
249 -315.58737183 -4.78162685
250 -315.86654663 -4.78585677
251 -315.66445923 -4.78279484
252 -315.85308838 -4.78565285
253 -315.69970703 -4.78332889
254 -315.97970581 -4.78757130
255 -315.59109497 -4.78168326
256 -315.76824951 -4.78436742
257 -315.95819092 -4.78724532
258 -316.38229370 -4.79367112
259 -316.45785522 -4.79481599
260 -316.40972900 -4.79408680
261 -316.76931763 -4.79953512
262 -317.32705688 -4.80798571
263 -317.53100586 -4.81107585
264 -317.73715210 -4.81419927
265 -316.47268677 -4.79504071
266 -316.21789551 -4.79118023
267 -316.51770020 -4.79572273
268 -316.25939941 -4.79180908
269 -316.34371948 -4.79308666
270 -315.61126709 -4.78198890
271 -314.80599976 -4.76978788
272 -315.18847656 -4.77558298
273 -314.69415283 -4.76809322
274 -315.25155640 -4.77653873
275 -314.84890747 -4.77043799
276 -315.16305542 -4.77519781
277 -315.17041016 -4.77530924
278 -315.86965942 -4.78590393
279 -315.26947021 -4.77681015
280 -315.26538086 -4.77674819
281 -315.15118408 -4.77501794
282 -314.97494507 -4.77234765
283 -314.80764771 -4.76981284
284 -315.14617920 -4.77494211
285 -316.01452637 -4.78809888
286 -315.41564941 -4.77902499
287 -315.41177368 -4.77896627
288 -315.60598755 -4.78190890
289 -315.75225830 -4.78412513
290 -315.23162842 -4.77623679
291 -315.93203735 -4.78684905
292 -315.58166504 -4.78154038
293 -315.62969971 -4.78226818
294 -315.65234375 -4.78261127
295 -314.80139160 -4.76971805
296 -315.07702637 -4.77389434
297 -315.70779419 -4.78345143
298 -316.29766846 -4.79238892
299 -316.25601196 -4.79175776
300 -315.98037720 -4.78758147
301 -316.37765503 -4.79360083
302 -317.12454224 -4.80491731
303 -316.90496826 -4.80159043
304 -316.87054443 -4.80106886
305 -315.93710327 -4.78692581
306 -315.95318604 -4.78716949
307 -315.61065674 -4.78197965
308 -315.19442749 -4.77567314
309 -314.74594116 -4.76887790
310 -314.37023926 -4.76318544
311 -314.32128906 -4.76244377
312 -314.19552612 -4.76053827
313 -314.37854004 -4.76331121
314 -314.03897095 -4.75816623
315 -312.94802856 -4.74163680
316 -312.52536011 -4.73523273
317 -313.22982788 -4.74590648
318 -313.82452393 -4.75491703
319 -314.35433960 -4.76294454
320 -313.87200928 -4.75563650
321 -314.12255859 -4.75943271
322 -313.90502930 -4.75613681
323 -313.47195435 -4.74957507
324 -312.98431396 -4.74218658
325 -313.39059448 -4.74834234
326 -312.27697754 -4.73146936
327 -312.33908081 -4.73241032
328 -312.17803955 -4.72997030
329 -310.64813232 -4.70678988
330 -310.60882568 -4.70619433
331 -311.14227295 -4.71427686
332 -310.67596436 -4.70721158
333 -310.32064819 -4.70182800
334 -310.29028320 -4.70136793
335 -309.87557983 -4.69508454
336 -311.15664673 -4.71449465
337 -310.73852539 -4.70815948
338 -311.33123779 -4.71713997
