0 -478.81509399 -6.65020964
1 -477.91854858 -6.63775762
2 -476.83871460 -6.62275992
3 -475.50695801 -6.60426331
4 -473.84933472 -6.58124076
5 -473.03259277 -6.56989712
6 -471.32177734 -6.54613580
7 -469.37054443 -6.51903534
8 -467.28768921 -6.49010679
9 -465.64343262 -6.46726990
10 -464.11035156 -6.44597711
11 -462.37023926 -6.42180888
12 -458.92791748 -6.37399885
13 -456.10064697 -6.33473121
14 -454.61837769 -6.31414413
15 -453.83746338 -6.30329810
16 -452.29080200 -6.28181669
17 -452.91033936 -6.29042138
18 -452.21902466 -6.28081979
19 -454.01153564 -6.30571577
20 -452.24954224 -6.28124364
21 -450.55883789 -6.25776164
22 -449.14819336 -6.23816935
23 -449.44519043 -6.24229431
24 -447.87933350 -6.22054630
25 -442.96121216 -6.15223906
26 -439.96972656 -6.11069065
27 -438.67480469 -6.09270562
28 -441.15368652 -6.12713454
29 -439.26837158 -6.10094961
30 -439.48394775 -6.10394372
31 -440.67175293 -6.12044101
32 -440.84753418 -6.12288242
33 -438.60040283 -6.09167226
34 -439.71057129 -6.10709127
35 -438.99279785 -6.09712219
36 -435.48425293 -6.04839240
37 -432.13140869 -6.00182512
38 -432.25817871 -6.00358582
39 -429.81201172 -5.96961127
40 -427.91156006 -5.94321611
41 -431.85363770 -5.99796719
42 -429.93841553 -5.97136688
43 -427.56790161 -5.93844308
44 -426.79199219 -5.92766656
45 -424.39447021 -5.89436764
46 -418.13806152 -5.80747308
47 -416.93859863 -5.79081387
48 -416.84356689 -5.78949398
49 -416.25933838 -5.78137970
50 -413.80911255 -5.74734879
51 -412.55447388 -5.72992325
52 -413.45251465 -5.74239604
53 -410.49121094 -5.70126682
54 -409.51544189 -5.68771447
55 -407.38699341 -5.65815269
56 -402.42211914 -5.58919610
57 -402.71905518 -5.59332021
58 -402.66699219 -5.59259711
59 -401.35534668 -5.57437981
60 -401.76080322 -5.58001116
61 -398.66088867 -5.53695679
62 -396.81353760 -5.51129913
63 -393.90686035 -5.47092862
64 -393.71249390 -5.46822908
65 -394.71405029 -5.48213959
66 -389.43566895 -5.40882874
67 -384.74691772 -5.34370719
68 -382.88055420 -5.31778547
69 -383.31848145 -5.32386780
70 -383.48431396 -5.32617103
71 -388.88598633 -5.40119425
72 -391.72985840 -5.44069248
73 -385.36468506 -5.35228729
74 -378.29406738 -5.25408427
75 -378.65069580 -5.25903744
76 -381.61926270 -5.30026754
77 -381.03790283 -5.29219309
78 -380.84973145 -5.28957960
79 -382.17468262 -5.30798170
80 -378.04919434 -5.25068325
81 -373.78033447 -5.19139353
82 -371.81439209 -5.16408878
83 -366.41995239 -5.08916601
84 -368.52789307 -5.11844296
85 -367.88287354 -5.10948435
86 -372.63439941 -5.17547777
87 -372.58905029 -5.17484792
88 -374.46990967 -5.20097097
89 -375.23544312 -5.21160338
90 -379.41549683 -5.26965968
91 -382.23504639 -5.30882009
92 -379.16088867 -5.26612345
93 -376.41857910 -5.22803582
94 -380.97070312 -5.29125977
95 -377.56097412 -5.24390242
96 -379.03979492 -5.26444160
97 -379.95059204 -5.27709156
98 -376.72869873 -5.23234304
99 -375.15695190 -5.21051322
100 -373.01571655 -5.18077384
101 -371.06021118 -5.15361404
102 -373.47796631 -5.18719398
103 -375.65466309 -5.21742588
104 -370.48159790 -5.14557775
105 -368.85156250 -5.12293837
106 -369.42382812 -5.13088650
107 -366.80529785 -5.09451803
108 -366.66174316 -5.09252421
109 -369.91714478 -5.13773812
110 -370.98529053 -5.15257348
111 -369.98559570 -5.13868883
112 -368.02416992 -5.11144680
113 -364.05603027 -5.05633375
114 -359.49157715 -4.99293857
115 -355.99114990 -4.94432153
116 -359.18774414 -4.98871867
117 -353.96740723 -4.91621399
118 -355.42474365 -4.93645477
119 -353.82855225 -4.91428545
120 -361.74670410 -5.02425978
121 -355.38534546 -4.93590758
122 -358.84951782 -4.98402108
123 -356.42077637 -4.95028856
124 -355.14721680 -4.93260023
125 -345.49291992 -4.79851278
126 -348.91287231 -4.84601212
127 -350.47277832 -4.86767748
128 -352.21508789 -4.89187622
129 -354.22399902 -4.91977776
130 -355.86709595 -4.94259855
131 -355.13421631 -4.93241967
132 -351.27081299 -4.87876129
133 -352.10690308 -4.89037365
134 -352.50170898 -4.89585707
135 -356.97634888 -4.95800485
136 -360.30340576 -5.00421397
137 -363.01220703 -5.04183621
138 -353.06994629 -4.90374925
139 -355.96563721 -4.94396718
140 -348.47314453 -4.83990479
141 -350.01080322 -4.86126116
142 -357.18115234 -4.96084934
143 -357.66778564 -4.96760813
144 -352.54583740 -4.89646996
145 -353.15390015 -4.90491528
146 -355.06414795 -4.93144650
147 -359.64862061 -4.99511973
148 -362.03088379 -5.02820672
149 -359.52905273 -4.99345907
150 -357.85342407 -4.97018645
151 -358.66336060 -4.98143556
152 -355.41104126 -4.93626446
153 -352.49481201 -4.89576128
154 -348.29562378 -4.83743922
155 -344.04205322 -4.77836185
156 -348.28759766 -4.83732775
157 -349.89984131 -4.85972002
158 -346.44970703 -4.81180149
159 -340.36145020 -4.72724236
160 -339.27832031 -4.71219889
161 -333.72933960 -4.63512972
162 -334.00787354 -4.63899824
163 -340.34384155 -4.72699780
164 -339.44915771 -4.71457163
165 -334.94735718 -4.65204663
166 -329.96203613 -4.58280606
167 -333.67044067 -4.63431168
168 -332.75415039 -4.62158542
169 -330.04269409 -4.58392631
170 -336.47119141 -4.67321099
171 -332.45953369 -4.61749352
172 -330.88455200 -4.59561878
173 -324.34689331 -4.50481796
174 -320.85406494 -4.45630646
175 -325.33523560 -4.51854494
176 -326.60980225 -4.53624725
177 -324.15365601 -4.50213411
178 -325.25204468 -4.51738951
179 -331.59899902 -4.60554165
180 -333.26361084 -4.62866126
181 -328.50021362 -4.56250297
182 -330.52813721 -4.59066857
183 -335.99935913 -4.66665777
184 -339.17956543 -4.71082730
185 -334.43765259 -4.64496740
186 -338.93585205 -4.70744239
187 -338.16229248 -4.69669851
188 -336.48535156 -4.67340766
189 -330.94073486 -4.59639910
190 -329.03204346 -4.56988949
191 -327.20574951 -4.54452430
192 -327.43389893 -4.54769304
193 -327.24960327 -4.54513338
194 -326.07003784 -4.52875053
195 -331.30996704 -4.60152732
196 -327.54946899 -4.54929818
197 -329.51776123 -4.57663557
198 -327.69250488 -4.55128479
199 -331.39175415 -4.60266325
200 -335.66250610 -4.66197925
201 -333.35858154 -4.62998030
202 -331.75357056 -4.60768848
203 -333.23583984 -4.62827555
204 -333.80599976 -4.63619444
205 -338.25784302 -4.69802560
206 -329.59149170 -4.57765961
207 -328.41760254 -4.56135559
208 -328.32644653 -4.56008954
209 -330.97900391 -4.59693061
210 -334.00473022 -4.63895459
211 -333.49755859 -4.63191054
212 -328.37512207 -4.56076558
213 -319.96502686 -4.44395871
214 -316.27352905 -4.39268790
215 -313.56439209 -4.35506100
216 -308.77102661 -4.28848648
217 -310.98229980 -4.31919861
218 -309.36242676 -4.29670037
219 -311.57031250 -4.32736545
220 -307.62631226 -4.27258767
221 -316.00332642 -4.38893509
222 -320.44387817 -4.45060942
223 -317.22311401 -4.40587658
224 -326.03826904 -4.52830929
225 -327.46374512 -4.54810757
226 -318.80270386 -4.42781533
227 -307.79858398 -4.27498033
228 -302.51248169 -4.20156225
229 -302.38635254 -4.19981045
230 -312.05462646 -4.33409203
231 -311.50051880 -4.32639609
232 -310.39297485 -4.31101354
233 -314.41796875 -4.36691623
234 -309.70339966 -4.30143611
235 -314.96398926 -4.37449985
236 -309.64004517 -4.30055618
237 -307.50570679 -4.27091259
238 -308.30712891 -4.28204346
239 -299.88208008 -4.16502889
240 -308.75173950 -4.28821860
241 -310.22613525 -4.30869632
242 -308.92129517 -4.29057354
243 -310.04479980 -4.30617778
244 -309.32409668 -4.29616801
245 -307.16915894 -4.26623832
246 -316.19354248 -4.39157698
247 -310.64739990 -4.31454722
248 -307.27856445 -4.26775784
249 -305.48297119 -4.24281904
250 -310.01824951 -4.30580902
251 -308.43817139 -4.28386349
252 -298.57873535 -4.14692688
253 -299.39031982 -4.15819889
254 -305.88381958 -4.24838638
255 -303.63101196 -4.21709739
256 -305.70190430 -4.24585978
257 -303.61566162 -4.21688419
258 -301.58172607 -4.18863508
259 -300.75793457 -4.17719354
260 -304.41796875 -4.22802734
261 -305.51000977 -4.24319458
262 -308.23016357 -4.28097449
263 -310.00000000 -4.30555556
264 -311.13339233 -4.32129712
265 -305.36938477 -4.24124146
266 -306.05636597 -4.25078286
267 -307.15386963 -4.26602597
268 -304.52792358 -4.22955449
269 -297.41607666 -4.13077884
270 -300.20556641 -4.16952176
271 -302.50946045 -4.20152028
272 -308.86462402 -4.28978644
273 -310.25238037 -4.30906084
274 -309.21429443 -4.29464298
275 -308.65988159 -4.28694280
276 -303.12506104 -4.21007029
277 -298.58554077 -4.14702140
278 -300.46026611 -4.17305925
279 -294.32702637 -4.08787537
280 -298.43750000 -4.14496528
281 -295.58230591 -4.10530980
282 -288.19458008 -4.00270250
283 -286.90502930 -3.98479207
284 -287.29977417 -3.99027464
285 -286.93737793 -3.98524136
286 -289.33901978 -4.01859750
287 -287.61804199 -3.99469503
288 -287.76965332 -3.99680074
289 -287.84289551 -3.99781799
290 -286.12316895 -3.97393290
291 -286.98815918 -3.98594666
292 -285.20843506 -3.96122826
293 -282.22293091 -3.91976293
294 -287.46936035 -3.99263000
295 -287.86895752 -3.99817997
296 -283.99108887 -3.94432068
297 -290.43792725 -4.03386010
298 -293.10586548 -4.07091480
299 -288.74710083 -4.01037640
300 -281.43292236 -3.90879059
301 -275.36999512 -3.82458327
302 -275.21545410 -3.82243686
303 -275.04550171 -3.82007641
304 -270.76333618 -3.76060189
