0 -663.57299805 -6.91221873
1 -659.08630371 -6.86548233
2 -657.64282227 -6.85044607
3 -655.21875000 -6.82519531
4 -649.92016602 -6.77000173
5 -647.67724609 -6.74663798
6 -645.73486328 -6.72640483
7 -641.33325195 -6.68055471
8 -637.06530762 -6.63609695
9 -634.24682617 -6.60673777
10 -634.38476562 -6.60817464
11 -633.17602539 -6.59558360
12 -631.49072266 -6.57802836
13 -631.58117676 -6.57897059
14 -629.77349854 -6.56014061
15 -622.87194824 -6.48824946
16 -623.20397949 -6.49170812
17 -620.16943359 -6.46009827
18 -619.45214844 -6.45262655
19 -618.38867188 -6.44154867
20 -618.00158691 -6.43751653
21 -614.31103516 -6.39907328
22 -610.76843262 -6.36217117
23 -611.03643799 -6.36496290
24 -607.40704346 -6.32715670
25 -600.91571045 -6.25953865
26 -597.36029053 -6.22250303
27 -594.66796875 -6.19445801
28 -596.52325439 -6.21378390
29 -597.95898438 -6.22873942
30 -597.34112549 -6.22230339
31 -592.57690430 -6.17267609
32 -592.13903809 -6.16811498
33 -584.82073975 -6.09188271
34 -586.08032227 -6.10500336
35 -582.66064453 -6.06938171
36 -578.33911133 -6.02436574
37 -570.69030762 -5.94469070
38 -574.09155273 -5.98012034
39 -574.11267090 -5.98034032
40 -573.04699707 -5.96923955
41 -567.81298828 -5.91471863
42 -569.72167969 -5.93460083
43 -563.15948486 -5.86624463
44 -570.68786621 -5.94466527
45 -570.74578857 -5.94526863
46 -574.70721436 -5.98653348
47 -574.90472412 -5.98859088
48 -570.78405762 -5.94566727
49 -572.37683105 -5.96225866
50 -574.58697510 -5.98528099
51 -574.18627930 -5.98110708
52 -576.27551270 -6.00286992
53 -574.31646729 -5.98246320
54 -573.94549561 -5.97859891
55 -573.62786865 -5.97529030
56 -572.14593506 -5.95985349
57 -567.95153809 -5.91616186
