0 -605.09375000 -7.11875000
1 -605.07519531 -7.11853171
2 -605.05548096 -7.11829978
3 -605.04473877 -7.11817340
4 -605.04992676 -7.11823443
5 -605.03247070 -7.11802907
6 -605.02978516 -7.11799747
7 -605.02404785 -7.11792997
8 -605.00274658 -7.11767937
9 -604.99420166 -7.11757884
10 -604.98242188 -7.11744026
11 -604.95532227 -7.11712144
12 -604.92517090 -7.11676672
13 -604.89770508 -7.11644359
14 -604.86260986 -7.11603070
15 -604.83154297 -7.11566521
16 -604.81896973 -7.11551729
17 -604.79571533 -7.11524371
18 -604.78137207 -7.11507497
19 -604.75036621 -7.11471019
20 -604.72503662 -7.11441220
21 -604.71331787 -7.11427433
22 -604.71057129 -7.11424202
23 -604.70361328 -7.11416016
24 -604.69042969 -7.11400506
25 -604.66674805 -7.11372645
26 -604.66882324 -7.11375086
27 -604.67968750 -7.11387868
28 -604.65460205 -7.11358355
29 -604.65850830 -7.11362951
30 -604.65667725 -7.11360797
31 -604.62390137 -7.11322237
32 -604.62512207 -7.11323673
33 -604.59313965 -7.11286047
34 -604.56182861 -7.11249210
35 -604.55322266 -7.11239085
36 -604.54119873 -7.11224940
37 -604.50830078 -7.11186236
38 -604.49139404 -7.11166346
39 -604.48583984 -7.11159812
40 -604.50195312 -7.11178768
41 -604.46844482 -7.11139347
42 -604.46984863 -7.11140998
43 -604.44848633 -7.11115866
44 -604.43310547 -7.11097771
45 -604.41705322 -7.11078886
46 -604.37213135 -7.11026037
47 -604.34643555 -7.10995807
48 -604.35998535 -7.11011747
49 -604.30895996 -7.10951718
50 -604.28436279 -7.10922780
51 -604.24163818 -7.10872516
52 -604.20989990 -7.10835176
53 -604.14947510 -7.10764088
54 -604.12927246 -7.10740321
55 -604.13519287 -7.10747286
56 -604.10095215 -7.10707003
57 -604.06433105 -7.10663919
58 -604.06805420 -7.10668299
59 -604.02276611 -7.10615019
60 -603.99951172 -7.10587661
61 -603.98962402 -7.10576028
62 -603.97131348 -7.10554486
63 -603.96179199 -7.10543285
64 -604.02038574 -7.10612219
65 -604.02429199 -7.10616814
66 -604.01806641 -7.10609490
67 -603.95611572 -7.10536607
68 -603.92468262 -7.10499627
69 -603.85772705 -7.10420855
70 -603.81219482 -7.10367288
71 -603.80151367 -7.10354722
72 -603.77062988 -7.10318388
73 -603.70581055 -7.10242130
74 -603.69311523 -7.10227194
75 -603.68896484 -7.10222312
76 -603.64154053 -7.10166518
77 -603.62847900 -7.10151152
78 -603.62811279 -7.10150721
79 -603.57727051 -7.10090906
80 -603.55932617 -7.10069795
81 -603.54864502 -7.10057229
82 -603.40313721 -7.09886044
83 -603.40948486 -7.09893512
84 -603.44665527 -7.09937241
85 -603.40832520 -7.09892147
86 -603.35375977 -7.09827953
87 -603.23754883 -7.09691234
88 -603.26837158 -7.09727496
89 -603.12658691 -7.09560690
90 -603.06860352 -7.09492475
91 -602.95355225 -7.09357120
92 -602.91998291 -7.09317627
93 -602.92828369 -7.09327393
94 -602.88623047 -7.09277918
95 -602.86297607 -7.09250560
96 -602.76745605 -7.09138184
97 -602.80224609 -7.09179113
98 -602.73669434 -7.09101993
99 -602.74108887 -7.09107163
100 -602.66918945 -7.09022576
101 -602.68078613 -7.09036219
102 -602.66186523 -7.09013959
103 -602.66961670 -7.09023078
104 -602.61175537 -7.08955006
105 -602.56982422 -7.08905676
106 -602.50054932 -7.08824176
107 -602.38885498 -7.08692771
108 -602.40844727 -7.08715820
109 -602.45410156 -7.08769531
110 -602.54412842 -7.08875445
111 -602.51501465 -7.08841194
112 -602.44360352 -7.08757181
113 -602.48681641 -7.08808019
114 -602.45239258 -7.08767521
115 -602.32031250 -7.08612132
116 -602.31597900 -7.08607034
117 -602.27496338 -7.08558780
118 -602.26696777 -7.08549374
119 -602.31372070 -7.08604377
120 -602.38989258 -7.08693991
121 -602.31463623 -7.08605454
122 -602.30169678 -7.08590232
123 -602.27001953 -7.08552964
124 -602.25244141 -7.08532284
125 -602.33532715 -7.08629797
126 -602.27709961 -7.08561294
127 -602.18548584 -7.08453513
128 -602.15850830 -7.08421774
129 -602.11480713 -7.08370361
130 -602.02893066 -7.08269330
131 -601.96679688 -7.08196232
132 -601.97692871 -7.08208151
133 -601.90325928 -7.08121482
134 -601.94726562 -7.08173254
135 -601.89093018 -7.08106977
136 -601.91052246 -7.08130026
137 -601.85064697 -7.08059585
138 -601.83184814 -7.08037468
139 -601.84222412 -7.08049675
140 -601.83477783 -7.08040915
141 -601.79785156 -7.07997472
142 -601.65026855 -7.07823845
143 -601.67376709 -7.07851491
144 -601.67773438 -7.07856158
145 -601.63299561 -7.07803524
146 -601.51422119 -7.07663790
147 -601.39886475 -7.07528076
148 -601.35247803 -7.07473504
149 -601.33685303 -7.07455121
150 -601.29589844 -7.07406939
151 -601.41705322 -7.07549474
152 -601.35229492 -7.07473288
153 -601.34826660 -7.07468549
154 -601.30059814 -7.07412468
155 -601.33349609 -7.07451172
156 -601.37207031 -7.07496553
157 -601.38665771 -7.07513715
158 -601.33679199 -7.07455049
159 -601.21508789 -7.07311868
160 -601.16387939 -7.07251623
161 -601.15161133 -7.07237190
162 -601.16394043 -7.07251695
163 -601.06201172 -7.07131778
164 -601.06433105 -7.07134507
165 -601.10314941 -7.07180176
166 -601.06335449 -7.07133358
167 -601.00585938 -7.07065717
168 -601.06658936 -7.07137164
169 -601.05432129 -7.07122731
170 -600.95874023 -7.07010283
171 -600.98370361 -7.07039651
172 -600.89318848 -7.06933163
173 -600.77160645 -7.06790125
174 -600.81457520 -7.06840677
175 -600.81707764 -7.06843621
176 -600.79296875 -7.06815257
177 -600.69403076 -7.06698860
178 -600.60357666 -7.06592443
179 -600.59527588 -7.06582678
180 -600.73999023 -7.06752930
181 -600.72198486 -7.06731747
182 -600.62054443 -7.06612405
183 -600.66986084 -7.06670425
184 -600.59204102 -7.06578872
185 -600.54125977 -7.06519129
186 -600.42779541 -7.06385642
187 -600.50561523 -7.06477194
188 -600.47674561 -7.06443230
189 -600.34448242 -7.06287626
190 -600.16119385 -7.06071993
191 -600.16723633 -7.06079102
192 -600.23382568 -7.06157442
193 -600.21960449 -7.06140711
194 -600.08270264 -7.05979650
195 -600.19085693 -7.06106891
196 -600.24328613 -7.06168572
197 -600.18518066 -7.06100213
198 -600.09265137 -7.05991355
199 -600.12597656 -7.06030561
200 -600.23425293 -7.06157945
201 -600.27355957 -7.06204188
202 -600.38061523 -7.06330136
203 -600.24316406 -7.06168428
204 -600.25073242 -7.06177332
205 -600.02093506 -7.05906982
206 -599.88598633 -7.05748219
207 -599.77410889 -7.05616599
208 -599.70056152 -7.05530072
209 -599.66613770 -7.05489574
210 -599.61346436 -7.05427605
211 -599.49041748 -7.05282844
212 -599.27539062 -7.05029871
213 -599.35144043 -7.05119342
214 -599.29565430 -7.05053711
215 -599.33843994 -7.05104047
216 -599.44659424 -7.05231287
217 -599.45391846 -7.05239904
218 -599.30627441 -7.05066205
219 -599.50109863 -7.05295410
220 -599.27020264 -7.05023768
221 -599.26409912 -7.05016587
222 -599.09191895 -7.04814022
223 -599.14959717 -7.04881879
224 -599.12780762 -7.04856244
225 -599.11816406 -7.04844899
226 -599.15209961 -7.04884823
227 -599.14672852 -7.04878504
228 -598.99267578 -7.04697266
229 -598.95843506 -7.04656982
230 -598.80706787 -7.04478903
231 -598.75640869 -7.04419304
232 -598.75579834 -7.04418586
233 -598.66925049 -7.04316765
234 -598.42901611 -7.04034137
235 -598.38580322 -7.03983298
236 -598.38470459 -7.03982005
237 -598.21795654 -7.03785831
238 -598.25665283 -7.03831356
239 -598.25042725 -7.03824032
240 -598.31066895 -7.03894905
241 -598.27691650 -7.03855196
242 -598.31591797 -7.03901080
243 -598.10681152 -7.03655072
244 -598.14495850 -7.03699951
245 -597.99035645 -7.03518066
246 -597.78759766 -7.03279527
247 -597.70220947 -7.03179070
248 -597.56646729 -7.03019373
249 -597.29248047 -7.02697036
250 -597.38763428 -7.02808982
251 -597.23303223 -7.02627097
252 -596.89282227 -7.02226850
253 -596.95312500 -7.02297794
254 -597.14068604 -7.02518454
255 -597.18853760 -7.02574750
256 -597.24884033 -7.02645695
257 -597.32318115 -7.02733154
258 -597.31750488 -7.02726476
259 -597.34576416 -7.02759723
260 -597.45318604 -7.02886101
261 -597.49670410 -7.02937299
262 -597.52459717 -7.02970114
263 -597.44799805 -7.02879998
264 -597.60797119 -7.03068201
265 -597.41992188 -7.02846967
266 -597.47222900 -7.02908505
267 -597.23608398 -7.02630687
268 -597.04754639 -7.02408878
269 -597.04974365 -7.02411463
270 -597.06298828 -7.02427045
271 -597.10778809 -7.02479751
272 -596.88287354 -7.02215145
273 -596.89654541 -7.02231230
274 -596.56304932 -7.01838882
275 -596.37243652 -7.01614631
276 -596.49786377 -7.01762193
277 -596.44921875 -7.01704963
278 -596.29211426 -7.01520134
279 -596.22253418 -7.01438276
280 -596.02453613 -7.01205337
281 -596.08105469 -7.01271829
282 -596.21844482 -7.01433464
283 -596.38848877 -7.01633516
284 -596.28070068 -7.01506707
285 -596.30023193 -7.01529685
286 -596.14843750 -7.01351103
287 -596.03479004 -7.01217400
288 -595.99291992 -7.01168141
289 -595.99072266 -7.01165556
290 -595.89611816 -7.01054257
291 -595.67938232 -7.00799273
292 -595.77752686 -7.00914737
293 -595.67687988 -7.00796329
294 -595.60595703 -7.00712891
295 -595.37561035 -7.00441895
296 -595.24328613 -7.00286219
297 -595.23168945 -7.00272576
298 -595.10040283 -7.00118121
299 -595.29187012 -7.00343377
300 -595.27099609 -7.00318819
301 -595.05718994 -7.00067282
302 -594.85626221 -6.99830897
303 -594.64575195 -6.99583238
304 -594.48138428 -6.99389864
305 -594.28485107 -6.99158648
306 -594.33581543 -6.99218606
307 -594.54559326 -6.99465404
308 -594.24420166 -6.99110825
309 -594.13964844 -6.98987822
310 -594.15734863 -6.99008645
311 -594.12719727 -6.98973173
312 -594.18121338 -6.99036722
313 -594.06518555 -6.98900218
314 -594.32073975 -6.99200870
