0 -471.67910767 -6.55109872
1 -471.68118286 -6.55112754
2 -471.68249512 -6.55114577
3 -471.68286133 -6.55115085
4 -471.68371582 -6.55116272
5 -471.68518066 -6.55118306
6 -471.68582153 -6.55119197
7 -471.68554688 -6.55118815
8 -471.68557739 -6.55118857
9 -471.68600464 -6.55119451
10 -471.68716431 -6.55121062
11 -471.68688965 -6.55120680
12 -471.68780518 -6.55121952
13 -471.68774414 -6.55121867
14 -471.68704224 -6.55120892
15 -471.68737793 -6.55121358
16 -471.68829346 -6.55122630
17 -471.68835449 -6.55122715
18 -471.68862915 -6.55123096
19 -471.68872070 -6.55123223
20 -471.68795776 -6.55122164
21 -471.68817139 -6.55122460
22 -471.68835449 -6.55122715
23 -471.68707275 -6.55120934
24 -471.68661499 -6.55120299
25 -471.68664551 -6.55120341
26 -471.68713379 -6.55121019
27 -471.68731689 -6.55121273
28 -471.68801880 -6.55122248
29 -471.68634033 -6.55119917
30 -471.68609619 -6.55119578
31 -471.68682861 -6.55120595
32 -471.68710327 -6.55120977
33 -471.68640137 -6.55120002
34 -471.68630981 -6.55119875
35 -471.68603516 -6.55119493
36 -471.68661499 -6.55120299
37 -471.68554688 -6.55118815
38 -471.68627930 -6.55119832
39 -471.68505859 -6.55118137
40 -471.68496704 -6.55118010
41 -471.68572998 -6.55119069
42 -471.68539429 -6.55118603
43 -471.68469238 -6.55117628
44 -471.68475342 -6.55117713
45 -471.68450928 -6.55117374
46 -471.68411255 -6.55116823
47 -471.68356323 -6.55116060
48 -471.68347168 -6.55115933
49 -471.68267822 -6.55114831
50 -471.68237305 -6.55114407
51 -471.68170166 -6.55113475
52 -471.68237305 -6.55114407
53 -471.68194580 -6.55113814
54 -471.68142700 -6.55113093
55 -471.68121338 -6.55112796
56 -471.67971802 -6.55110719
57 -471.68060303 -6.55111949
58 -471.68038940 -6.55111652
59 -471.68017578 -6.55111355
60 -471.67947388 -6.55110380
61 -471.67932129 -6.55110168
62 -471.67883301 -6.55109490
63 -471.67877197 -6.55109406
64 -471.67794800 -6.55108261
65 -471.67749023 -6.55107625
66 -471.67736816 -6.55107456
67 -471.67614746 -6.55105760
68 -471.67718506 -6.55107201
69 -471.67761230 -6.55107795
70 -471.67663574 -6.55106439
71 -471.67730713 -6.55107371
72 -471.67639160 -6.55106099
73 -471.67700195 -6.55106947
74 -471.67694092 -6.55106862
75 -471.67590332 -6.55105421
76 -471.67623901 -6.55105888
77 -471.67596436 -6.55105506
78 -471.67517090 -6.55104404
79 -471.67547607 -6.55104828
80 -471.67553711 -6.55104913
81 -471.67401123 -6.55102793
82 -471.67471313 -6.55103768
83 -471.67468262 -6.55103726
84 -471.67520142 -6.55104446
85 -471.67401123 -6.55102793
86 -471.67440796 -6.55103344
87 -471.67565918 -6.55105082
88 -471.67510986 -6.55104319
89 -471.67346191 -6.55102030
90 -471.67456055 -6.55103556
91 -471.67309570 -6.55101522
92 -471.67358398 -6.55102200
93 -471.67340088 -6.55101946
94 -471.67404175 -6.55102836
95 -471.67340088 -6.55101946
96 -471.67166138 -6.55099530
97 -471.67187500 -6.55099826
98 -471.67187500 -6.55099826
99 -471.67303467 -6.55101437
100 -471.67251587 -6.55100716
101 -471.67297363 -6.55101352
102 -471.67199707 -6.55099996
103 -471.67248535 -6.55100674
104 -471.67269897 -6.55100971
105 -471.67205811 -6.55100081
106 -471.67269897 -6.55100971
107 -471.67205811 -6.55100081
108 -471.67205811 -6.55100081
109 -471.67095947 -6.55098555
110 -471.67187500 -6.55099826
111 -471.67248535 -6.55100674
112 -471.67202759 -6.55100038
113 -471.67199707 -6.55099996
114 -471.67205811 -6.55100081
115 -471.67047119 -6.55097877
116 -471.67053223 -6.55097961
117 -471.67059326 -6.55098046
118 -471.67044067 -6.55097834
119 -471.67126465 -6.55098979
120 -471.67105103 -6.55098682
121 -471.67120361 -6.55098894
122 -471.67037964 -6.55097749
123 -471.67059326 -6.55098046
124 -471.67044067 -6.55097834
125 -471.67053223 -6.55097961
126 -471.67071533 -6.55098216
127 -471.67059326 -6.55098046
128 -471.67013550 -6.55097410
129 -471.66876221 -6.55095503
130 -471.66851807 -6.55095164
131 -471.66809082 -6.55094571
132 -471.66793823 -6.55094359
133 -471.66778564 -6.55094147
134 -471.66793823 -6.55094359
135 -471.66754150 -6.55093808
136 -471.66708374 -6.55093172
137 -471.66680908 -6.55092790
138 -471.66632080 -6.55092112
139 -471.66510010 -6.55090417
140 -471.66613770 -6.55091858
141 -471.66668701 -6.55092621
142 -471.66580200 -6.55091392
143 -471.66571045 -6.55091265
144 -471.66442871 -6.55089484
145 -471.66436768 -6.55089400
146 -471.66491699 -6.55090162
147 -471.66394043 -6.55088806
148 -471.66458130 -6.55089696
149 -471.66491699 -6.55090162
150 -471.66445923 -6.55089527
151 -471.66491699 -6.55090162
152 -471.66549683 -6.55090968
153 -471.66479492 -6.55089993
154 -471.66476440 -6.55089951
155 -471.66461182 -6.55089739
156 -471.66488647 -6.55090120
157 -471.66503906 -6.55090332
158 -471.66561890 -6.55091137
159 -471.66442871 -6.55089484
160 -471.66433716 -6.55089357
161 -471.66479492 -6.55089993
162 -471.66488647 -6.55090120
163 -471.66552734 -6.55091010
164 -471.66571045 -6.55091265
165 -471.66589355 -6.55091519
166 -471.66561890 -6.55091137
167 -471.66583252 -6.55091434
168 -471.66537476 -6.55090798
169 -471.66540527 -6.55090841
170 -471.66616821 -6.55091900
171 -471.66540527 -6.55090841
172 -471.66479492 -6.55089993
173 -471.66540527 -6.55090841
174 -471.66561890 -6.55091137
175 -471.66442871 -6.55089484
176 -471.66485596 -6.55090078
177 -471.66442871 -6.55089484
178 -471.66403198 -6.55088933
179 -471.66326904 -6.55087874
180 -471.66244507 -6.55086729
181 -471.66345215 -6.55088128
182 -471.66253662 -6.55086856
183 -471.66180420 -6.55085839
184 -471.66131592 -6.55085161
185 -471.66162109 -6.55085585
186 -471.66125488 -6.55085076
187 -471.66247559 -6.55086772
188 -471.66156006 -6.55085500
189 -471.66046143 -6.55083974
190 -471.66058350 -6.55084144
191 -471.66091919 -6.55084610
192 -471.66171265 -6.55085712
193 -471.66131592 -6.55085161
194 -471.66204834 -6.55086178
195 -471.66229248 -6.55086517
196 -471.66207886 -6.55086221
197 -471.66174316 -6.55085754
198 -471.66076660 -6.55084398
199 -471.66058350 -6.55084144
200 -471.66098022 -6.55084695
201 -471.66101074 -6.55084737
202 -471.66076660 -6.55084398
203 -471.66058350 -6.55084144
204 -471.66101074 -6.55084737
205 -471.65887451 -6.55081770
206 -471.65878296 -6.55081643
207 -471.65942383 -6.55082533
208 -471.65945435 -6.55082575
209 -471.65948486 -6.55082618
210 -471.65948486 -6.55082618
211 -471.65875244 -6.55081601
212 -471.65844727 -6.55081177
213 -471.65771484 -6.55080160
214 -471.65768433 -6.55080117
215 -471.65710449 -6.55079312
216 -471.65798950 -6.55080541
217 -471.65710449 -6.55079312
218 -471.65771484 -6.55080160
219 -471.65655518 -6.55078549
220 -471.65646362 -6.55078422
221 -471.65563965 -6.55077277
222 -471.65731812 -6.55079608
223 -471.65563965 -6.55077277
224 -471.65609741 -6.55077913
225 -471.65588379 -6.55077616
226 -471.65655518 -6.55078549
227 -471.65490723 -6.55076260
228 -471.65399170 -6.55074988
229 -471.65325928 -6.55073971
230 -471.65429688 -6.55075412
231 -471.65441895 -6.55075582
232 -471.65286255 -6.55073420
233 -471.65441895 -6.55075582
234 -471.65405273 -6.55075073
235 -471.65393066 -6.55074904
236 -471.65466309 -6.55075921
237 -471.65533447 -6.55076853
238 -471.65374756 -6.55074649
239 -471.65289307 -6.55073463
240 -471.65274048 -6.55073251
241 -471.65240479 -6.55072784
242 -471.65191650 -6.55072106
243 -471.65100098 -6.55070835
244 -471.65255737 -6.55072996
245 -471.65313721 -6.55073802
246 -471.65267944 -6.55073166
247 -471.65295410 -6.55073547
248 -471.65200806 -6.55072233
249 -471.65142822 -6.55071428
250 -471.65252686 -6.55072954
251 -471.65136719 -6.55071343
252 -471.65084839 -6.55070623
253 -471.65057373 -6.55070241
254 -471.65164185 -6.55071725
255 -471.65020752 -6.55069733
256 -471.65020752 -6.55069733
257 -471.65045166 -6.55070072
258 -471.65069580 -6.55070411
259 -471.65081787 -6.55070580
260 -471.65063477 -6.55070326
261 -471.65051270 -6.55070157
262 -471.65161133 -6.55071682
263 -471.65112305 -6.55071004
264 -471.65130615 -6.55071259
265 -471.65020752 -6.55069733
266 -471.65090942 -6.55070708
267 -471.65112305 -6.55071004
268 -471.65151978 -6.55071555
269 -471.65118408 -6.55071089
270 -471.65121460 -6.55071131
271 -471.65136719 -6.55071343
272 -471.65209961 -6.55072361
273 -471.65087891 -6.55070665
274 -471.65142822 -6.55071428
275 -471.65081787 -6.55070580
276 -471.65115356 -6.55071047
277 -471.65185547 -6.55072021
278 -471.65106201 -6.55070919
279 -471.65155029 -6.55071598
280 -471.65121460 -6.55071131
281 -471.65020752 -6.55069733
282 -471.65036011 -6.55069945
283 -471.65032959 -6.55069902
284 -471.64974976 -6.55069097
285 -471.64953613 -6.55068800
286 -471.65014648 -6.55069648
287 -471.64947510 -6.55068715
288 -471.65026855 -6.55069817
289 -471.65026855 -6.55069817
290 -471.64999390 -6.55069436
291 -471.64990234 -6.55069309
292 -471.65008545 -6.55069563
293 -471.64965820 -6.55068970
294 -471.64849854 -6.55067359
295 -471.64880371 -6.55067783
296 -471.64886475 -6.55067868
297 -471.64880371 -6.55067783
298 -471.64828491 -6.55067062
299 -471.64794922 -6.55066596
300 -471.64782715 -6.55066427
301 -471.64605713 -6.55063968
302 -471.64666748 -6.55064816
303 -471.64636230 -6.55064392
304 -471.64523315 -6.55062824
305 -471.64605713 -6.55063968
306 -471.64489746 -6.55062358
307 -471.64514160 -6.55062697
308 -471.64471436 -6.55062103
309 -471.64587402 -6.55063714
310 -471.64453125 -6.55061849
311 -471.64480591 -6.55062230
312 -471.64523315 -6.55062824
313 -471.64575195 -6.55063544
314 -471.64575195 -6.55063544
315 -471.64501953 -6.55062527
316 -471.64511108 -6.55062654
317 -471.64434814 -6.55061595
318 -471.64373779 -6.55060747
319 -471.64416504 -6.55061340
320 -471.64358521 -6.55060535
321 -471.64312744 -6.55059899
322 -471.64447021 -6.55061764
323 -471.64270020 -6.55059306
324 -471.64257812 -6.55059136
325 -471.64251709 -6.55059052
326 -471.64245605 -6.55058967
327 -471.64300537 -6.55059730
328 -471.64099121 -6.55056932
329 -471.64038086 -6.55056085
330 -471.64166260 -6.55057865
331 -471.64202881 -6.55058373
332 -471.64227295 -6.55058712
333 -471.64166260 -6.55057865
334 -471.64035034 -6.55056042
335 -471.64025879 -6.55055915
336 -471.64041138 -6.55056127
337 -471.64086914 -6.55056763
338 -471.63973999 -6.55055194
339 -471.63983154 -6.55055322
340 -471.64083862 -6.55056720
341 -471.63885498 -6.55053965
342 -471.63958740 -6.55054983
343 -471.63870239 -6.55053753
344 -471.63922119 -6.55054474
345 -471.63836670 -6.55053287
346 -471.63784790 -6.55052567
347 -471.63806152 -6.55052863
348 -471.63796997 -6.55052736
349 -471.63793945 -6.55052694
350 -471.63830566 -6.55053202
351 -471.63818359 -6.55053033
352 -471.63870239 -6.55053753
353 -471.63769531 -6.55052355
354 -471.63757324 -6.55052185
355 -471.63775635 -6.55052439
356 -471.63705444 -6.55051465
357 -471.63726807 -6.55051761
358 -471.63690186 -6.55051253
359 -471.63592529 -6.55049896
360 -471.63681030 -6.55051125
361 -471.63714600 -6.55051592
362 -471.63717651 -6.55051634
363 -471.63610840 -6.55050151
364 -471.63613892 -6.55050193
365 -471.63562012 -6.55049472
366 -471.63476562 -6.55048286
367 -471.63385010 -6.55047014
368 -471.63421631 -6.55047523
369 -471.63336182 -6.55046336
370 -471.63418579 -6.55047480
371 -471.63427734 -6.55047607
372 -471.63427734 -6.55047607
373 -471.63354492 -6.55046590
374 -471.63284302 -6.55045615
375 -471.63232422 -6.55044895
376 -471.63150024 -6.55043750
377 -471.63177490 -6.55044132
378 -471.63198853 -6.55044429
379 -471.63214111 -6.55044640
380 -471.63110352 -6.55043199
381 -471.63146973 -6.55043708
382 -471.63064575 -6.55042564
383 -471.63250732 -6.55045149
384 -471.63031006 -6.55042097
385 -471.63122559 -6.55043369
386 -471.62997437 -6.55041631
387 -471.63012695 -6.55041843
388 -471.62832642 -6.55039342
389 -471.62896729 -6.55040232
390 -471.63003540 -6.55041716
391 -471.62854004 -6.55039639
392 -471.62890625 -6.55040148
393 -471.62817383 -6.55039130
394 -471.62847900 -6.55039554
395 -471.62915039 -6.55040487
396 -471.62911987 -6.55040444
397 -471.62847900 -6.55039554
398 -471.62841797 -6.55039469
399 -471.62860107 -6.55039724
400 -471.62820435 -6.55039173
401 -471.62915039 -6.55040487
402 -471.62814331 -6.55039088
403 -471.62805176 -6.55038961
404 -471.62701416 -6.55037520
405 -471.62640381 -6.55036672
406 -471.62524414 -6.55035061
407 -471.62573242 -6.55035739
408 -471.62640381 -6.55036672
409 -471.62548828 -6.55035400
410 -471.62619019 -6.55036375
411 -471.62561035 -6.55035570
412 -471.62597656 -6.55036079
413 -471.62579346 -6.55035824
414 -471.62527466 -6.55035104
415 -471.62506104 -6.55034807
416 -471.62481689 -6.55034468
417 -471.62347412 -6.55032603
418 -471.62408447 -6.55033451
419 -471.62390137 -6.55033196
420 -471.62350464 -6.55032645
421 -471.62298584 -6.55031925
422 -471.62280273 -6.55031670
423 -471.62200928 -6.55030568
424 -471.62081909 -6.55028915
425 -471.62103271 -6.55029212
426 -471.62127686 -6.55029551
427 -471.61920166 -6.55026669
428 -471.61926270 -6.55026754
429 -471.61828613 -6.55025397
430 -471.61935425 -6.55026881
431 -471.61840820 -6.55025567
432 -471.61904907 -6.55026457
433 -471.61865234 -6.55025906
434 -471.61734009 -6.55024083
435 -471.61706543 -6.55023702
436 -471.61685181 -6.55023405
437 -471.61529541 -6.55021244
438 -471.61541748 -6.55021413
439 -471.61395264 -6.55019379
440 -471.61291504 -6.55017938
441 -471.61364746 -6.55018955
442 -471.61300659 -6.55018065
443 -471.61267090 -6.55017598
444 -471.61126709 -6.55015649
445 -471.61138916 -6.55015818
446 -471.61203003 -6.55016708
447 -471.61059570 -6.55014716
448 -471.61123657 -6.55015606
449 -471.61126709 -6.55015649
450 -471.61013794 -6.55014080
451 -471.61010742 -6.55014038
452 -471.61074829 -6.55014928
453 -471.61035156 -6.55014377
454 -471.61056519 -6.55014674
455 -471.61053467 -6.55014631
456 -471.60919189 -6.55012767
457 -471.60815430 -6.55011325
458 -471.60833740 -6.55011580
459 -471.60852051 -6.55011834
460 -471.60794067 -6.55011029
461 -471.60809326 -6.55011241
462 -471.60794067 -6.55011029
463 -471.60760498 -6.55010562
464 -471.60620117 -6.55008613
465 -471.60583496 -6.55008104
466 -471.60595703 -6.55008274
467 -471.60479736 -6.55006663
468 -471.60504150 -6.55007002
469 -471.60443115 -6.55006154
470 -471.60488892 -6.55006790
471 -471.60449219 -6.55006239
472 -471.60455322 -6.55006324
473 -471.60473633 -6.55006578
474 -471.60571289 -6.55007935
475 -471.60467529 -6.55006493
476 -471.60623169 -6.55008655
477 -471.60455322 -6.55006324
478 -471.60430908 -6.55005985
479 -471.60491943 -6.55006833
480 -471.60418701 -6.55005815
481 -471.60449219 -6.55006239
482 -471.60357666 -6.55004968
483 -471.60229492 -6.55003187
484 -471.60256958 -6.55003569
485 -471.60070801 -6.55000983
486 -471.60098267 -6.55001365
487 -471.60290527 -6.55004035
488 -471.60202026 -6.55002806
489 -471.60253906 -6.55003526
490 -471.60275269 -6.55003823
491 -471.60217285 -6.55003018
492 -471.60403442 -6.55005603
493 -471.60369873 -6.55005137
494 -471.60443115 -6.55006154
495 -471.60308838 -6.55004289
496 -471.60385132 -6.55005349
497 -471.60375977 -6.55005222
498 -471.60360718 -6.55005010
499 -471.60437012 -6.55006070
500 -471.60385132 -6.55005349
501 -471.60296631 -6.55004120
502 -471.60406494 -6.55005646
503 -471.60333252 -6.55004628
504 -471.60299683 -6.55004162
505 -471.60382080 -6.55005307
506 -471.60369873 -6.55005137
507 -471.60296631 -6.55004120
508 -471.60314941 -6.55004374
509 -471.60479736 -6.55006663
510 -471.60333252 -6.55004628
511 -471.60400391 -6.55005561
512 -471.60336304 -6.55004671
513 -471.60437012 -6.55006070
514 -471.60513306 -6.55007129
515 -471.60626221 -6.55008698
516 -471.60577393 -6.55008019
517 -471.60522461 -6.55007256
518 -471.60604858 -6.55008401
519 -471.60577393 -6.55008019
520 -471.60458374 -6.55006366
521 -471.60528564 -6.55007341
522 -471.60522461 -6.55007256
523 -471.60644531 -6.55008952
524 -471.60494995 -6.55006875
525 -471.60504150 -6.55007002
526 -471.60458374 -6.55006366
527 -471.60382080 -6.55005307
528 -471.60571289 -6.55007935
529 -471.60583496 -6.55008104
530 -471.60467529 -6.55006493
531 -471.60534668 -6.55007426
532 -471.60607910 -6.55008443
533 -471.60467529 -6.55006493
534 -471.60516357 -6.55007172
535 -471.60522461 -6.55007256
536 -471.60531616 -6.55007384
537 -471.60565186 -6.55007850
538 -471.60696411 -6.55009672
539 -471.60696411 -6.55009672
540 -471.60690308 -6.55009588
541 -471.60681152 -6.55009460
542 -471.60699463 -6.55009715
543 -471.60784912 -6.55010902
544 -471.60723877 -6.55010054
545 -471.60656738 -6.55009121
546 -471.60623169 -6.55008655
547 -471.60650635 -6.55009037
548 -471.60629272 -6.55008740
549 -471.60614014 -6.55008528
550 -471.60638428 -6.55008867
551 -471.60559082 -6.55007765
552 -471.60687256 -6.55009545
553 -471.60760498 -6.55010562
554 -471.60607910 -6.55008443
555 -471.60736084 -6.55010223
556 -471.60638428 -6.55008867
557 -471.60607910 -6.55008443
558 -471.60592651 -6.55008231
559 -471.60498047 -6.55006917
560 -471.60485840 -6.55006748
