0 -810.36242676 -6.75302022
1 -808.70141602 -6.73917847
2 -806.94799805 -6.72456665
3 -805.00854492 -6.70840454
4 -803.51330566 -6.69594421
5 -800.41326904 -6.67011058
6 -798.88281250 -6.65735677
7 -797.23779297 -6.64364827
8 -796.54302979 -6.63785858
9 -794.26818848 -6.61890157
10 -792.44085693 -6.60367381
11 -790.14624023 -6.58455200
12 -787.08862305 -6.55907186
13 -785.90136719 -6.54917806
14 -784.05169678 -6.53376414
15 -783.47308350 -6.52894236
16 -780.55584717 -6.50463206
17 -775.51123047 -6.46259359
18 -774.59454346 -6.45495453
19 -771.84521484 -6.43204346
20 -769.26538086 -6.41054484
21 -766.52990723 -6.38774923
22 -764.19433594 -6.36828613
23 -757.30950928 -6.31091258
24 -758.83374023 -6.32361450
25 -754.83581543 -6.29029846
26 -751.61993408 -6.26349945
27 -747.52020264 -6.22933502
28 -746.20739746 -6.21839498
29 -743.95507812 -6.19962565
30 -742.81298828 -6.19010824
31 -739.72961426 -6.16441345
32 -738.76013184 -6.15633443
33 -737.70642090 -6.14755351
34 -732.60327148 -6.10502726
35 -729.50341797 -6.07919515
36 -732.02441406 -6.10020345
37 -728.50988770 -6.07091573
38 -721.33068848 -6.01108907
39 -723.54467773 -6.02953898
40 -719.18969727 -5.99324748
41 -718.57910156 -5.98815918
42 -710.94982910 -5.92458191
43 -703.79718018 -5.86497650
44 -701.64929199 -5.84707743
45 -694.57556152 -5.78812968
46 -684.38647461 -5.70322062
47 -678.66625977 -5.65555216
48 -672.82690430 -5.60689087
49 -667.68304443 -5.56402537
50 -663.03186035 -5.52526550
51 -656.33935547 -5.46949463
52 -652.03649902 -5.43363749
53 -641.07855225 -5.34232127
54 -641.51470947 -5.34595591
55 -642.06750488 -5.35056254
56 -636.89111328 -5.30742594
57 -640.80688477 -5.34005737
58 -625.23950195 -5.21032918
59 -623.37805176 -5.19481710
60 -615.06634521 -5.12555288
61 -619.93591309 -5.16613261
62 -616.11901855 -5.13432515
63 -608.80603027 -5.07338359
64 -612.56213379 -5.10468445
65 -619.80212402 -5.16501770
66 -618.84588623 -5.15704905
67 -619.54559326 -5.16287994
68 -620.21038818 -5.16841990
69 -624.30047607 -5.20250397
70 -618.79266357 -5.15660553
71 -613.73431396 -5.11445262
72 -611.91864014 -5.09932200
73 -603.51245117 -5.02927043
74 -602.93444824 -5.02445374
75 -606.32910156 -5.05274251
76 -614.66931152 -5.12224426
77 -608.97692871 -5.07480774
78 -619.20739746 -5.16006165
79 -623.29663086 -5.19413859
80 -621.00689697 -5.17505747
81 -620.11181641 -5.16759847
82 -614.86804199 -5.12390035
83 -617.66107178 -5.14717560
84 -613.84802246 -5.11540019
85 -619.48681641 -5.16239014
86 -621.85534668 -5.18212789
87 -613.21447754 -5.11012065
88 -615.40600586 -5.12838338
89 -614.17413330 -5.11811778
90 -619.29595947 -5.16079966
91 -614.82348633 -5.12352905
92 -606.35815430 -5.05298462
93 -602.83178711 -5.02359823
94 -602.93188477 -5.02443237
95 -608.45373535 -5.07044779
96 -606.85400391 -5.05711670
97 -594.29510498 -4.95245921
98 -600.46618652 -5.00388489
99 -599.55682373 -4.99630686
100 -599.11395264 -4.99261627
101 -602.97802734 -5.02481689
102 -609.33239746 -5.07776998
103 -597.65081787 -4.98042348
104 -607.06018066 -5.05883484
105 -608.75543213 -5.07296193
106 -604.13891602 -5.03449097
107 -594.52319336 -4.95435994
108 -587.43334961 -4.89527791
109 -585.96093750 -4.88300781
110 -594.11437988 -4.95095317
111 -595.19219971 -4.95993500
112 -608.80059814 -5.07333832
113 -606.24273682 -5.05202281
114 -598.21520996 -4.98512675
115 -598.70452881 -4.98920441
116 -592.85736084 -4.94047801
117 -596.84448242 -4.97370402
118 -582.60186768 -4.85501556
119 -567.15844727 -4.72632039
120 -569.90869141 -4.74923910
121 -568.08563232 -4.73404694
122 -550.45886230 -4.58715719
123 -527.71478271 -4.39762319
124 -514.88891602 -4.29074097
125 -522.88366699 -4.35736389
126 -516.84454346 -4.30703786
127 -509.19558716 -4.24329656
128 -502.29122925 -4.18576024
129 -500.88906860 -4.17407557
130 -491.91723633 -4.09931030
131 -504.07635498 -4.20063629
132 -496.21752930 -4.13514608
133 -512.87835693 -4.27398631
134 -506.36914062 -4.21974284
135 -494.14807129 -4.11790059
136 -520.10089111 -4.33417409
137 -501.73263550 -4.18110530
138 -507.07263184 -4.22560527
139 -496.51757812 -4.13764648
140 -475.58764648 -3.96323039
141 -483.34432983 -4.02786942
142 -477.02954102 -3.97524618
143 -478.92068481 -3.99100571
144 -457.44384766 -3.81203206
145 -465.26440430 -3.87720337
146 -453.38287354 -3.77819061
147 -456.28277588 -3.80235647
148 -460.17364502 -3.83478038
149 -476.92016602 -3.97433472
150 -485.79623413 -4.04830195
151 -472.95422363 -3.94128520
152 -477.97277832 -3.98310649
153 -471.29122925 -3.92742691
154 -471.46545410 -3.92887878
155 -479.38482666 -3.99487356
156 -478.22021484 -3.98516846
157 -494.29132080 -4.11909434
158 -476.16952515 -3.96807938
159 -432.75335693 -3.60627797
160 -438.88491821 -3.65737432
161 -430.05166626 -3.58376389
162 -433.58007812 -3.61316732
163 -452.46469116 -3.77053909
164 -457.88018799 -3.81566823
165 -448.67065430 -3.73892212
166 -453.46426392 -3.77886887
167 -417.69262695 -3.48077189
168 -400.65722656 -3.33881022
169 -423.25250244 -3.52710419
170 -404.11944580 -3.36766205
171 -394.59686279 -3.28830719
172 -378.98956299 -3.15824636
173 -367.27600098 -3.06063334
174 -390.08837891 -3.25073649
175 -400.91592407 -3.34096603
176 -399.48516846 -3.32904307
177 -290.12576294 -2.41771469
178 -214.61453247 -1.78845444
179 -340.76959229 -2.83974660
180 -324.87435913 -2.70728633
181 -353.79583740 -2.94829865
182 -286.55389404 -2.38794912
183 -211.84226990 -1.76535225
184 -184.77229309 -1.53976911
185 -162.59655762 -1.35497131
186 -246.74418640 -2.05620155
187 -145.60673523 -1.21338946
188 -182.14018250 -1.51783485
189 -266.93640137 -2.22447001
190 -317.91210938 -2.64926758
191 -305.34130859 -2.54451090
192 -197.03488159 -1.64195735
193 -90.64716339 -0.75539303
194 -154.04364014 -1.28369700
195 -223.16218567 -1.85968488
196 -293.12722778 -2.44272690
197 -309.13619995 -2.57613500
198 -286.82614136 -2.39021784
199 -304.70983887 -2.53924866
200 -303.62557983 -2.53021317
201 -319.06604004 -2.65888367
202 -339.75115967 -2.83125966
203 -329.19876099 -2.74332301
204 -351.36401367 -2.92803345
205 -305.45831299 -2.54548594
206 -240.19418335 -2.00161819
207 -325.08679199 -2.70905660
208 -237.47447205 -1.97895393
209 -216.20524597 -1.80171038
210 -258.21093750 -2.15175781
211 -238.70106506 -1.98917554
212 -226.00006104 -1.88333384
