0 -632.38916016 -6.87379522
1 -629.70471191 -6.84461643
2 -626.24499512 -6.80701082
3 -622.13818359 -6.76237156
4 -617.90222168 -6.71632850
5 -612.12628174 -6.65354654
6 -607.68933105 -6.60531882
7 -602.24560547 -6.54614789
8 -597.48925781 -6.49444845
9 -592.45031738 -6.43967736
10 -586.80914307 -6.37836025
11 -581.19177246 -6.31730187
12 -575.66345215 -6.25721144
13 -569.04309082 -6.18525099
14 -563.05041504 -6.12011321
15 -558.31750488 -6.06866853
16 -554.30224609 -6.02502441
17 -548.40014648 -5.96087116
18 -543.28497314 -5.90527145
19 -538.76092529 -5.85609701
20 -534.89575195 -5.81408426
21 -531.17529297 -5.77364449
22 -526.83264160 -5.72644176
23 -522.59106445 -5.68033766
24 -517.03735352 -5.61997123
25 -514.02673340 -5.58724710
26 -510.58032227 -5.54978611
27 -506.71124268 -5.50773090
28 -503.03140259 -5.46773264
29 -501.02072144 -5.44587741
30 -499.90979004 -5.43380207
31 -496.94244385 -5.40154830
32 -495.72024536 -5.38826354
33 -493.23883057 -5.36129164
34 -491.88482666 -5.34657420
35 -487.23370361 -5.29601852
36 -484.75067139 -5.26902904
37 -483.32925415 -5.25357885
38 -482.67437744 -5.24646062
39 -479.32876587 -5.21009528
40 -479.24069214 -5.20913796
41 -477.76272583 -5.19307311
42 -477.75250244 -5.19296198
43 -475.65408325 -5.17015308
44 -474.42404175 -5.15678306
45 -472.77301025 -5.13883707
46 -472.37384033 -5.13449826
47 -471.94079590 -5.12979126
48 -469.89205933 -5.10752238
49 -466.88903809 -5.07488085
50 -463.94259644 -5.04285431
51 -462.62396240 -5.02852133
52 -462.24090576 -5.02435767
53 -461.53182983 -5.01665032
54 -459.70861816 -4.99683281
55 -458.22927856 -4.98075303
56 -458.83245850 -4.98730933
57 -458.23486328 -4.98081373
58 -456.50445557 -4.96200495
59 -455.33578491 -4.94930201
60 -455.68045044 -4.95304837
61 -455.45248413 -4.95057048
62 -455.36154175 -4.94958198
63 -454.59750366 -4.94127721
64 -454.08044434 -4.93565700
65 -454.20223999 -4.93698087
66 -454.14944458 -4.93640701
67 -453.62005615 -4.93065278
68 -453.27957153 -4.92695186
69 -452.75216675 -4.92121920
70 -451.14373779 -4.90373628
71 -450.99880981 -4.90216098
72 -450.69772339 -4.89888830
73 -450.80148315 -4.90001612
74 -450.64022827 -4.89826335
75 -450.38870239 -4.89552937
76 -450.50430298 -4.89678590
77 -450.18920898 -4.89336097
78 -449.63967896 -4.88738781
79 -449.04876709 -4.88096486
80 -448.01495361 -4.86972776
81 -449.10510254 -4.88157720
82 -449.61557007 -4.88712576
83 -450.75671387 -4.89952950
84 -451.16763306 -4.90399601
85 -451.83840942 -4.91128706
86 -451.51260376 -4.90774569
