0 -617.61315918 -7.18154836
1 -617.63415527 -7.18179250
2 -617.64489746 -7.18191741
3 -617.65295410 -7.18201109
4 -617.66052246 -7.18209910
5 -617.66448975 -7.18214523
6 -617.66931152 -7.18220130
7 -617.67077637 -7.18221833
8 -617.67590332 -7.18227795
9 -617.67858887 -7.18230917
10 -617.68145752 -7.18234253
11 -617.68341064 -7.18236524
12 -617.68597412 -7.18239505
13 -617.68695068 -7.18240640
14 -617.68884277 -7.18242840
15 -617.68981934 -7.18243976
16 -617.69226074 -7.18246815
17 -617.69415283 -7.18249015
18 -617.69488525 -7.18249867
19 -617.69714355 -7.18252493
20 -617.69885254 -7.18254480
21 -617.69915771 -7.18254835
22 -617.70092773 -7.18256893
23 -617.70245361 -7.18258667
24 -617.70422363 -7.18260725
25 -617.70544434 -7.18262145
26 -617.70623779 -7.18263067
27 -617.70751953 -7.18264558
28 -617.70971680 -7.18267113
29 -617.71099854 -7.18268603
30 -617.71270752 -7.18270590
31 -617.71502686 -7.18273287
32 -617.71459961 -7.18272790
33 -617.71826172 -7.18277049
34 -617.71862793 -7.18277474
35 -617.72241211 -7.18281875
36 -617.72436523 -7.18284146
37 -617.72760010 -7.18287907
38 -617.73022461 -7.18290959
39 -617.73272705 -7.18293869
40 -617.73535156 -7.18296920
41 -617.73730469 -7.18299191
42 -617.73937988 -7.18301605
43 -617.74261475 -7.18305366
44 -617.74450684 -7.18307566
45 -617.74774170 -7.18311328
46 -617.74969482 -7.18313599
47 -617.75384521 -7.18318425
48 -617.75433350 -7.18318992
49 -617.75891113 -7.18324315
50 -617.76104736 -7.18326799
51 -617.76470947 -7.18331058
52 -617.76733398 -7.18334109
53 -617.77026367 -7.18337516
54 -617.77429199 -7.18342200
55 -617.77777100 -7.18346245
56 -617.78222656 -7.18351426
57 -617.78466797 -7.18354265
58 -617.78906250 -7.18359375
59 -617.79327393 -7.18364272
60 -617.79461670 -7.18365833
61 -617.79864502 -7.18370517
62 -617.80377197 -7.18376479
63 -617.80731201 -7.18380595
64 -617.81054688 -7.18384357
65 -617.81439209 -7.18388828
66 -617.81860352 -7.18393725
67 -617.82177734 -7.18397416
68 -617.82775879 -7.18404371
69 -617.83050537 -7.18407564
70 -617.83526611 -7.18413100
71 -617.83905029 -7.18417500
72 -617.84307861 -7.18422184
73 -617.84533691 -7.18424810
74 -617.85137939 -7.18431837
75 -617.85559082 -7.18436734
76 -617.85864258 -7.18440282
77 -617.86224365 -7.18444469
78 -617.86547852 -7.18448231
79 -617.87005615 -7.18453554
80 -617.87384033 -7.18457954
81 -617.87762451 -7.18462354
82 -617.88238525 -7.18467890
83 -617.88519287 -7.18471155
84 -617.88867188 -7.18475200
85 -617.89306641 -7.18480310
86 -617.89593506 -7.18483645
87 -617.89862061 -7.18486768
88 -617.90380859 -7.18492801
89 -617.90698242 -7.18496491
90 -617.91027832 -7.18500324
91 -617.91363525 -7.18504227
92 -617.91662598 -7.18507705
93 -617.91937256 -7.18510898
94 -617.92297363 -7.18515086
95 -617.92700195 -7.18519770
96 -617.92974854 -7.18522963
97 -617.93389893 -7.18527789
98 -617.93566895 -7.18529848
99 -617.94000244 -7.18534887
100 -617.94360352 -7.18539074
101 -617.94708252 -7.18543119
102 -617.95013428 -7.18546668
103 -617.95288086 -7.18549861
104 -617.95458984 -7.18551849
105 -617.95983887 -7.18557952
106 -617.96075439 -7.18559017
107 -617.96325684 -7.18561927
108 -617.96728516 -7.18566611
109 -617.96862793 -7.18568172
110 -617.97155762 -7.18571579
111 -617.97387695 -7.18574276
112 -617.97534180 -7.18575979
113 -617.97723389 -7.18578179
114 -617.97918701 -7.18580450
115 -617.98217773 -7.18583928
116 -617.98297119 -7.18584850
117 -617.98626709 -7.18588683
118 -617.98852539 -7.18591309
119 -617.99047852 -7.18593580
120 -617.99267578 -7.18596135
121 -617.99584961 -7.18599825
122 -617.99572754 -7.18599683
123 -617.99804688 -7.18602380
124 -617.99945068 -7.18604012
125 -618.00128174 -7.18606142
126 -618.00201416 -7.18606993
127 -618.00531006 -7.18610826
128 -618.00531006 -7.18610826
129 -618.00805664 -7.18614019
130 -618.00891113 -7.18615013
131 -618.00909424 -7.18615226
132 -618.01135254 -7.18617852
133 -618.01190186 -7.18618491
134 -618.01464844 -7.18621684
135 -618.01464844 -7.18621684
136 -618.01708984 -7.18624523
137 -618.01696777 -7.18624381
138 -618.01885986 -7.18626581
139 -618.01770020 -7.18625233
140 -618.02044678 -7.18628426
141 -618.02026367 -7.18628214
142 -618.02124023 -7.18629349
143 -618.02197266 -7.18630201
144 -618.02215576 -7.18630414
145 -618.02392578 -7.18632472
146 -618.02557373 -7.18634388
147 -618.02551270 -7.18634317
148 -618.02661133 -7.18635595
149 -618.02685547 -7.18635878
150 -618.02832031 -7.18637582
151 -618.02923584 -7.18638646
152 -618.02941895 -7.18638859
153 -618.03131104 -7.18641059
154 -618.03033447 -7.18639924
155 -618.03125000 -7.18640988
156 -618.03247070 -7.18642408
157 -618.03253174 -7.18642479
158 -618.03466797 -7.18644963
159 -618.03338623 -7.18643472
160 -618.03637695 -7.18646950
161 -618.03570557 -7.18646169
162 -618.03784180 -7.18648653
163 -618.03753662 -7.18648298
164 -618.03973389 -7.18650853
165 -618.03961182 -7.18650711
166 -618.04003906 -7.18651208
167 -618.04113770 -7.18652486
168 -618.04248047 -7.18654047
169 -618.04199219 -7.18653479
170 -618.04180908 -7.18653266
171 -618.04309082 -7.18654757
172 -618.04382324 -7.18655608
173 -618.04351807 -7.18655254
174 -618.04492188 -7.18656886
175 -618.04595947 -7.18658092
176 -618.04687500 -7.18659157
177 -618.04736328 -7.18659725
178 -618.04760742 -7.18660009
179 -618.04870605 -7.18661286
180 -618.04907227 -7.18661712
181 -618.04870605 -7.18661286
182 -618.04876709 -7.18661357
183 -618.05017090 -7.18662989
184 -618.04882812 -7.18661428
185 -618.05047607 -7.18663344
186 -618.05035400 -7.18663202
187 -618.05157471 -7.18664622
188 -618.05224609 -7.18665402
189 -618.05291748 -7.18666183
190 -618.05371094 -7.18667106
191 -618.05249023 -7.18665686
192 -618.05371094 -7.18667106
193 -618.05218506 -7.18665331
194 -618.05444336 -7.18667957
195 -618.05456543 -7.18668099
196 -618.05529785 -7.18668951
197 -618.05639648 -7.18670228
198 -618.05743408 -7.18671435
199 -618.05712891 -7.18671080
200 -618.05767822 -7.18671719
201 -618.05871582 -7.18672925
202 -618.05883789 -7.18673067
203 -618.05969238 -7.18674061
204 -618.06011963 -7.18674558
205 -618.05987549 -7.18674274
206 -618.06085205 -7.18675409
207 -618.06036377 -7.18674842
208 -618.06188965 -7.18676616
209 -618.06231689 -7.18677113
210 -618.06140137 -7.18676048
211 -618.06250000 -7.18677326
212 -618.06213379 -7.18676900
213 -618.06323242 -7.18678177
214 -618.06365967 -7.18678674
215 -618.06347656 -7.18678461
216 -618.06420898 -7.18679313
217 -618.06390381 -7.18678958
218 -618.06414795 -7.18679242
219 -618.06500244 -7.18680235
220 -618.06555176 -7.18680874
221 -618.06610107 -7.18681513
222 -618.06494141 -7.18680164
223 -618.06671143 -7.18682223
224 -618.06701660 -7.18682577
225 -618.06738281 -7.18683003
226 -618.06799316 -7.18683713
227 -618.06823730 -7.18683997
228 -618.06683350 -7.18682365
229 -618.06823730 -7.18683997
230 -618.06848145 -7.18684281
231 -618.06744385 -7.18683074
232 -618.06896973 -7.18684849
233 -618.07012939 -7.18686197
234 -618.06860352 -7.18684423
235 -618.06860352 -7.18684423
236 -618.06945801 -7.18685416
237 -618.06921387 -7.18685132
238 -618.06964111 -7.18685629
239 -618.07147217 -7.18687758
240 -618.07000732 -7.18686055
241 -618.06994629 -7.18685984
242 -618.07073975 -7.18686907
243 -618.07110596 -7.18687333
244 -618.07141113 -7.18687687
245 -618.07189941 -7.18688255
246 -618.07257080 -7.18689036
247 -618.07287598 -7.18689391
248 -618.07287598 -7.18689391
249 -618.07446289 -7.18691236
250 -618.07464600 -7.18691449
251 -618.07391357 -7.18690597
252 -618.07525635 -7.18692159
253 -618.07470703 -7.18691520
254 -618.07562256 -7.18692584
255 -618.07501221 -7.18691875
256 -618.07556152 -7.18692513
257 -618.07562256 -7.18692584
258 -618.07659912 -7.18693720
259 -618.07623291 -7.18693294
260 -618.07714844 -7.18694359
261 -618.07733154 -7.18694572
262 -618.07812500 -7.18695494
263 -618.07800293 -7.18695352
264 -618.07910156 -7.18696630
265 -618.07720947 -7.18694430
266 -618.07934570 -7.18696914
267 -618.07891846 -7.18696417
268 -618.07849121 -7.18695920
269 -618.08068848 -7.18698475
270 -618.08087158 -7.18698688
271 -618.08074951 -7.18698546
272 -618.08117676 -7.18699043
273 -618.08074951 -7.18698546
274 -618.08093262 -7.18698759
275 -618.08233643 -7.18700391
276 -618.08239746 -7.18700462
277 -618.08227539 -7.18700320
278 -618.08215332 -7.18700178
279 -618.08142090 -7.18699327
280 -618.08264160 -7.18700746
281 -618.08374023 -7.18702024
282 -618.08203125 -7.18700036
283 -618.08361816 -7.18701882
284 -618.08435059 -7.18702733
285 -618.08374023 -7.18702024
286 -618.08392334 -7.18702236
287 -618.08447266 -7.18702875
288 -618.08471680 -7.18703159
289 -618.08453369 -7.18702946
290 -618.08483887 -7.18703301
291 -618.08557129 -7.18704153
292 -618.08483887 -7.18703301
293 -618.08557129 -7.18704153
294 -618.08728027 -7.18706140
295 -618.08715820 -7.18705998
296 -618.08776855 -7.18706708
297 -618.08648682 -7.18705217
298 -618.08709717 -7.18705927
299 -618.08618164 -7.18704862
300 -618.08789062 -7.18706850
301 -618.08813477 -7.18707133
302 -618.08886719 -7.18707985
303 -618.08648682 -7.18705217
304 -618.08837891 -7.18707417
305 -618.08740234 -7.18706282
306 -618.08679199 -7.18705572
307 -618.08715820 -7.18705998
308 -618.08703613 -7.18705856
309 -618.08813477 -7.18707133
310 -618.08801270 -7.18706992
311 -618.08843994 -7.18707488
312 -618.08776855 -7.18706708
313 -618.08843994 -7.18707488
314 -618.08819580 -7.18707204
315 -618.08837891 -7.18707417
316 -618.08911133 -7.18708269
317 -618.08917236 -7.18708340
318 -618.08917236 -7.18708340
319 -618.08868408 -7.18707772
320 -618.08825684 -7.18707275
321 -618.08923340 -7.18708411
322 -618.08990479 -7.18709192
323 -618.08996582 -7.18709263
324 -618.08911133 -7.18708269
325 -618.08996582 -7.18709263
326 -618.09082031 -7.18710256
327 -618.09063721 -7.18710043
328 -618.09082031 -7.18710256
329 -618.09112549 -7.18710611
330 -618.09045410 -7.18709830
331 -618.09057617 -7.18709972
332 -618.09106445 -7.18710540
333 -618.09045410 -7.18709830
334 -618.08880615 -7.18707914
335 -618.08990479 -7.18709192
336 -618.09082031 -7.18710256
337 -618.08996582 -7.18709263
338 -618.08850098 -7.18707559
339 -618.09075928 -7.18710185
340 -618.09155273 -7.18711108
341 -618.09161377 -7.18711179
342 -618.09185791 -7.18711463
343 -618.09216309 -7.18711818
344 -618.09240723 -7.18712101
345 -618.09252930 -7.18712243
346 -618.09344482 -7.18713308
347 -618.09350586 -7.18713379
348 -618.09350586 -7.18713379
349 -618.09277344 -7.18712527
350 -618.09100342 -7.18710469
351 -618.09466553 -7.18714727
