0 -504.49420166 -6.46787438
1 -504.50955200 -6.46807118
2 -504.51925659 -6.46819560
3 -504.52487183 -6.46826759
4 -504.53070068 -6.46834232
5 -504.53582764 -6.46840805
6 -504.54071045 -6.46847065
7 -504.54495239 -6.46852503
8 -504.54864502 -6.46857237
9 -504.55169678 -6.46861150
10 -504.55560303 -6.46866158
11 -504.55938721 -6.46871009
12 -504.56237793 -6.46874843
13 -504.56509399 -6.46878326
14 -504.56887817 -6.46883177
15 -504.57171631 -6.46886816
16 -504.57537842 -6.46891511
17 -504.57839966 -6.46895384
18 -504.58029175 -6.46897810
19 -504.58261108 -6.46900783
20 -504.58563232 -6.46904657
21 -504.58813477 -6.46907865
22 -504.59030151 -6.46910643
23 -504.59283447 -6.46913890
24 -504.59481812 -6.46916433
25 -504.59710693 -6.46919368
26 -504.59991455 -6.46922967
27 -504.60247803 -6.46926254
28 -504.60531616 -6.46929893
29 -504.60723877 -6.46932357
30 -504.60946655 -6.46935214
31 -504.61157227 -6.46937913
32 -504.61285400 -6.46939556
33 -504.61508179 -6.46942413
34 -504.61706543 -6.46944956
35 -504.61859131 -6.46946912
36 -504.62112427 -6.46950159
37 -504.62249756 -6.46951920
38 -504.62466431 -6.46954698
39 -504.62609863 -6.46956537
40 -504.62814331 -6.46959158
41 -504.62951660 -6.46960919
42 -504.63101196 -6.46962836
43 -504.63272095 -6.46965027
44 -504.63446045 -6.46967257
45 -504.63540649 -6.46968470
46 -504.63641357 -6.46969761
47 -504.63818359 -6.46972030
48 -504.64001465 -6.46974378
49 -504.64169312 -6.46976530
50 -504.64273071 -6.46977860
51 -504.64340210 -6.46978721
52 -504.64517212 -6.46980990
53 -504.64654541 -6.46982751
54 -504.64819336 -6.46984863
55 -504.64923096 -6.46986194
56 -504.65023804 -6.46987485
57 -504.65124512 -6.46988776
58 -504.65255737 -6.46990458
59 -504.65332031 -6.46991436
60 -504.65420532 -6.46992571
61 -504.65505981 -6.46993666
62 -504.65618896 -6.46995114
63 -504.65725708 -6.46996483
64 -504.65817261 -6.46997657
65 -504.65948486 -6.46999340
66 -504.66070557 -6.47000905
67 -504.66229248 -6.47002939
68 -504.66348267 -6.47004465
69 -504.66409302 -6.47005247
70 -504.66546631 -6.47007008
71 -504.66650391 -6.47008338
72 -504.66723633 -6.47009277
73 -504.66860962 -6.47011038
74 -504.66952515 -6.47012212
75 -504.67016602 -6.47013033
76 -504.67114258 -6.47014285
77 -504.67193604 -6.47015303
78 -504.67251587 -6.47016046
79 -504.67364502 -6.47017494
80 -504.67413330 -6.47018120
81 -504.67474365 -6.47018902
82 -504.67614746 -6.47020702
83 -504.67697144 -6.47021758
84 -504.67813110 -6.47023245
85 -504.67874146 -6.47024028
86 -504.67944336 -6.47024927
87 -504.67999268 -6.47025632
88 -504.68072510 -6.47026571
89 -504.68130493 -6.47027314
90 -504.68164062 -6.47027744
91 -504.68304443 -6.47029544
92 -504.68365479 -6.47030327
93 -504.68344116 -6.47030053
94 -504.68383789 -6.47030561
95 -504.68499756 -6.47032048
96 -504.68621826 -6.47033613
97 -504.68658447 -6.47034083
98 -504.68679810 -6.47034357
99 -504.68762207 -6.47035413
100 -504.68859863 -6.47036665
101 -504.68893433 -6.47037095
102 -504.68875122 -6.47036861
103 -504.68994141 -6.47038386
104 -504.69039917 -6.47038973
105 -504.69192505 -6.47040930
106 -504.69241333 -6.47041556
107 -504.69305420 -6.47042377
108 -504.69354248 -6.47043003
109 -504.69381714 -6.47043355
110 -504.69396973 -6.47043551
111 -504.69503784 -6.47044920
112 -504.69552612 -6.47045546
113 -504.69622803 -6.47046446
114 -504.69619751 -6.47046407
115 -504.69689941 -6.47047307
116 -504.69766235 -6.47048285
117 -504.69735718 -6.47047894
118 -504.69732666 -6.47047855
119 -504.69815063 -6.47048911
120 -504.69848633 -6.47049341
121 -504.69903564 -6.47050046
122 -504.69924927 -6.47050320
123 -504.69964600 -6.47050828
124 -504.69973755 -6.47050946
125 -504.69998169 -6.47051259
126 -504.70016479 -6.47051493
127 -504.70117188 -6.47052784
128 -504.70120239 -6.47052824
129 -504.70166016 -6.47053410
130 -504.70184326 -6.47053645
131 -504.70190430 -6.47053723
132 -504.70193481 -6.47053763
133 -504.70266724 -6.47054702
134 -504.70315552 -6.47055328
135 -504.70355225 -6.47055836
136 -504.70376587 -6.47056110
137 -504.70352173 -6.47055797
138 -504.70382690 -6.47056188
139 -504.70379639 -6.47056149
140 -504.70440674 -6.47056932
141 -504.70489502 -6.47057558
142 -504.70565796 -6.47058536
143 -504.70556641 -6.47058418
144 -504.70587158 -6.47058810
145 -504.70587158 -6.47058810
146 -504.70626831 -6.47059318
147 -504.70672607 -6.47059905
148 -504.70684814 -6.47060062
149 -504.70687866 -6.47060101
150 -504.70703125 -6.47060296
151 -504.70770264 -6.47061157
152 -504.70751953 -6.47060922
153 -504.70809937 -6.47061666
154 -504.70852661 -6.47062214
155 -504.70874023 -6.47062487
156 -504.70901489 -6.47062840
157 -504.70986938 -6.47063935
158 -504.71026611 -6.47064444
159 -504.71063232 -6.47064913
160 -504.71078491 -6.47065109
161 -504.71121216 -6.47065657
162 -504.71109009 -6.47065500
163 -504.71112061 -6.47065539
164 -504.71148682 -6.47066009
165 -504.71267700 -6.47067535
166 -504.71224976 -6.47066987
167 -504.71234131 -6.47067104
168 -504.71203613 -6.47066713
169 -504.71258545 -6.47067417
170 -504.71282959 -6.47067730
171 -504.71310425 -6.47068082
172 -504.71337891 -6.47068434
173 -504.71319580 -6.47068200
174 -504.71298218 -6.47067926
175 -504.71356201 -6.47068669
176 -504.71401978 -6.47069256
177 -504.71459961 -6.47069999
178 -504.71420288 -6.47069491
179 -504.71411133 -6.47069373
180 -504.71481323 -6.47070273
181 -504.71453857 -6.47069921
182 -504.71493530 -6.47070430
183 -504.71490479 -6.47070391
184 -504.71542358 -6.47071056
