0 -600.82257080 -6.25856845
1 -599.21496582 -6.24182256
2 -597.04962158 -6.21926689
3 -596.42120361 -6.21272087
4 -596.32623291 -6.21173159
5 -595.03784180 -6.19831085
6 -595.32769775 -6.20133018
7 -594.90521240 -6.19692930
8 -592.49237061 -6.17179553
9 -592.21270752 -6.16888237
10 -590.51336670 -6.15118090
11 -590.04150391 -6.14626567
12 -590.04858398 -6.14633942
13 -588.76806641 -6.13300069
14 -589.41278076 -6.13971647
15 -588.09564209 -6.12599627
16 -587.71862793 -6.12206904
17 -587.11224365 -6.11575254
18 -586.89526367 -6.11349233
19 -586.61755371 -6.11059952
20 -586.93194580 -6.11387444
21 -585.78479004 -6.10192490
22 -584.32366943 -6.08670489
23 -582.66070557 -6.06938235
24 -581.23663330 -6.05454826
25 -582.10931396 -6.06363869
26 -580.39605713 -6.04579226
27 -579.55761719 -6.03705851
28 -579.56719971 -6.03715833
29 -577.91204834 -6.01991717
30 -577.82495117 -6.01900991
31 -577.20819092 -6.01258532
32 -576.71234131 -6.00742022
33 -575.98480225 -5.99984169
34 -575.56964111 -5.99551709
35 -574.09497070 -5.98015594
36 -574.12896729 -5.98051008
37 -572.33508301 -5.96182378
38 -572.35217285 -5.96200180
39 -572.03143311 -5.95866076
40 -570.46655273 -5.94235992
41 -570.32226562 -5.94085693
42 -570.04992676 -5.93802007
43 -569.03265381 -5.92742348
44 -568.38824463 -5.92071088
45 -569.29309082 -5.93013636
46 -569.36108398 -5.93084462
47 -568.64501953 -5.92338562
48 -567.93017578 -5.91593933
49 -567.81329346 -5.91472181
50 -566.90386963 -5.90524864
51 -566.83538818 -5.90453529
52 -566.31628418 -5.89912796
53 -565.94769287 -5.89528847
54 -564.57580566 -5.88099798
55 -564.85992432 -5.88395754
56 -565.08850098 -5.88633855
57 -563.14825439 -5.86612765
58 -562.51452637 -5.85952632
59 -561.80688477 -5.85215505
60 -561.03381348 -5.84410222
61 -561.34643555 -5.84735870
62 -561.77288818 -5.85180092
63 -561.72503662 -5.85130246
64 -562.39868164 -5.85831960
65 -561.45684814 -5.84850883
66 -560.05194092 -5.83387438
67 -560.57775879 -5.83935165
68 -559.77398682 -5.83097903
69 -559.52691650 -5.82840538
70 -558.82629395 -5.82110723
71 -558.89770508 -5.82185109
72 -558.45025635 -5.81719017
73 -557.38519287 -5.80609576
74 -556.16485596 -5.79338392
75 -555.67791748 -5.78831164
76 -554.14483643 -5.77234205
77 -554.02136230 -5.77105586
78 -552.92596436 -5.75964546
79 -552.90399170 -5.75941658
80 -552.44677734 -5.75465393
81 -551.81396484 -5.74806213
82 -551.77630615 -5.74766986
83 -550.30487061 -5.73234240
84 -550.63946533 -5.73582776
85 -548.91052246 -5.71781794
86 -549.68701172 -5.72590637
87 -548.80072021 -5.71667417
88 -550.01849365 -5.72935931
89 -548.93273926 -5.71804937
90 -548.44042969 -5.71292114
