0 -613.41961670 -6.52574060
1 -613.42608643 -6.52580943
2 -613.43029785 -6.52585423
3 -613.43542480 -6.52590877
4 -613.43304443 -6.52588345
5 -613.43499756 -6.52590423
6 -613.43804932 -6.52593669
7 -613.43450928 -6.52589903
8 -613.43450928 -6.52589903
9 -613.44213867 -6.52598020
10 -613.43994141 -6.52595682
11 -613.44189453 -6.52597760
12 -613.43957520 -6.52595293
13 -613.44299316 -6.52598929
14 -613.44812012 -6.52604383
15 -613.44946289 -6.52605812
16 -613.44543457 -6.52601526
17 -613.45025635 -6.52606656
18 -613.45050049 -6.52606915
19 -613.45147705 -6.52607954
20 -613.45153809 -6.52608019
21 -613.45635986 -6.52613149
22 -613.45880127 -6.52615746
23 -613.46032715 -6.52617369
24 -613.45770264 -6.52614577
25 -613.46002197 -6.52617045
26 -613.46331787 -6.52620551
27 -613.46215820 -6.52619317
28 -613.45886230 -6.52615811
29 -613.45391846 -6.52610552
30 -613.46380615 -6.52621070
31 -613.45947266 -6.52616460
32 -613.46173096 -6.52618863
33 -613.46429443 -6.52621590
34 -613.45312500 -6.52609707
35 -613.46264648 -6.52619837
36 -613.46484375 -6.52622174
37 -613.45843506 -6.52615356
38 -613.46215820 -6.52619317
39 -613.46606445 -6.52623473
40 -613.46295166 -6.52620161
41 -613.45678711 -6.52613603
42 -613.46014404 -6.52617175
43 -613.46240234 -6.52619577
44 -613.46228027 -6.52619447
45 -613.46136475 -6.52618473
46 -613.46752930 -6.52625031
47 -613.46502686 -6.52622369
48 -613.46667480 -6.52624122
49 -613.46911621 -6.52626719
50 -613.46746826 -6.52624966
51 -613.46289062 -6.52620096
52 -613.46807861 -6.52625616
53 -613.46520996 -6.52622564
54 -613.46490479 -6.52622239
55 -613.46771240 -6.52625226
56 -613.47052002 -6.52628213
57 -613.47277832 -6.52630615
58 -613.47344971 -6.52631329
59 -613.47308350 -6.52630940
60 -613.47399902 -6.52631914
61 -613.47851562 -6.52636719
62 -613.47369385 -6.52631589
63 -613.47497559 -6.52632953
64 -613.47607422 -6.52634122
65 -613.47741699 -6.52635550
66 -613.46960449 -6.52627239
67 -613.46917725 -6.52626784
68 -613.47607422 -6.52634122
69 -613.47448730 -6.52632433
70 -613.47814941 -6.52636329
71 -613.47875977 -6.52636978
72 -613.48077393 -6.52639121
73 -613.47943115 -6.52637693
74 -613.47906494 -6.52637303
75 -613.47644043 -6.52634511
76 -613.47985840 -6.52638147
77 -613.47607422 -6.52634122
78 -613.47442627 -6.52632368
79 -613.47167969 -6.52629446
80 -613.47741699 -6.52635550
81 -613.47686768 -6.52634966
82 -613.47674561 -6.52634836
83 -613.47650146 -6.52634576
84 -613.47857666 -6.52636784
85 -613.47949219 -6.52637758
86 -613.47698975 -6.52635095
87 -613.48303223 -6.52641524
88 -613.48382568 -6.52642368
89 -613.47900391 -6.52637238
90 -613.47833252 -6.52636524
91 -613.48010254 -6.52638407
92 -613.47796631 -6.52636134
93 -613.48486328 -6.52643472
94 -613.47912598 -6.52637368
95 -613.48327637 -6.52641783
96 -613.48626709 -6.52644965
97 -613.48291016 -6.52641394
98 -613.48205566 -6.52640485
99 -613.48168945 -6.52640095
100 -613.48406982 -6.52642627
101 -613.48327637 -6.52641783
102 -613.48529053 -6.52643926
103 -613.48144531 -6.52639835
104 -613.47912598 -6.52637368
105 -613.48461914 -6.52643212
106 -613.48535156 -6.52643991
107 -613.48315430 -6.52641654
108 -613.48632812 -6.52645030
109 -613.48828125 -6.52647108
110 -613.49237061 -6.52651458
111 -613.48950195 -6.52648406
112 -613.48663330 -6.52645355
113 -613.48693848 -6.52645679
114 -613.48486328 -6.52643472
115 -613.48876953 -6.52647627
116 -613.48852539 -6.52647367
117 -613.49237061 -6.52651458
118 -613.49340820 -6.52652562
119 -613.49047852 -6.52649445
120 -613.48815918 -6.52646978
121 -613.49066162 -6.52649640
122 -613.49078369 -6.52649770
123 -613.49456787 -6.52653796
124 -613.49102783 -6.52650030
125 -613.49072266 -6.52649705
126 -613.49102783 -6.52650030
127 -613.49310303 -6.52652237
128 -613.49591064 -6.52655224
129 -613.49816895 -6.52657627
130 -613.49957275 -6.52659120
131 -613.50445557 -6.52664314
132 -613.49871826 -6.52658211
133 -613.50024414 -6.52659834
134 -613.50164795 -6.52661328
135 -613.50170898 -6.52661393
136 -613.50402832 -6.52663860
137 -613.50219727 -6.52661912
138 -613.49914551 -6.52658665
139 -613.49645996 -6.52655808
140 -613.50006104 -6.52659639
141 -613.49218750 -6.52651263
142 -613.49792480 -6.52657367
143 -613.49914551 -6.52658665
144 -613.50152588 -6.52661198
145 -613.50219727 -6.52661912
146 -613.49755859 -6.52656977
147 -613.49676514 -6.52656133
148 -613.49719238 -6.52656588
149 -613.49987793 -6.52659445
150 -613.50170898 -6.52661393
151 -613.49829102 -6.52657756
152 -613.50201416 -6.52661717
153 -613.49926758 -6.52658795
154 -613.49468994 -6.52653925
155 -613.49755859 -6.52656977
156 -613.50146484 -6.52661133
157 -613.49829102 -6.52657756
158 -613.49975586 -6.52659315
159 -613.50311279 -6.52662886
160 -613.50469971 -6.52664574
161 -613.50134277 -6.52661003
162 -613.50689697 -6.52666912
163 -613.50225830 -6.52661977
164 -613.50231934 -6.52662042
165 -613.49853516 -6.52658016
166 -613.50000000 -6.52659574
167 -613.50402832 -6.52663860
168 -613.50421143 -6.52664055
169 -613.49981689 -6.52659380
170 -613.50268555 -6.52662431
171 -613.49902344 -6.52658536
172 -613.50048828 -6.52660094
173 -613.50323486 -6.52663016
174 -613.50158691 -6.52661263
175 -613.50280762 -6.52662561
176 -613.50653076 -6.52666522
177 -613.50732422 -6.52667366
178 -613.50683594 -6.52666847
179 -613.50915527 -6.52669314
180 -613.50860596 -6.52668730
181 -613.51232910 -6.52672691
182 -613.51354980 -6.52673989
183 -613.51513672 -6.52675677
184 -613.50909424 -6.52669249
185 -613.51214600 -6.52672496
186 -613.51654053 -6.52677171
187 -613.51232910 -6.52672691
188 -613.50952148 -6.52669704
189 -613.50634766 -6.52666327
190 -613.50909424 -6.52669249
191 -613.51049805 -6.52670743
192 -613.51306152 -6.52673470
193 -613.51318359 -6.52673600
194 -613.51116943 -6.52671457
195 -613.51440430 -6.52674898
196 -613.51373291 -6.52674184
197 -613.51306152 -6.52673470
198 -613.51910400 -6.52679898
199 -613.51580811 -6.52676392
200 -613.51593018 -6.52676521
201 -613.51379395 -6.52674249
202 -613.51318359 -6.52673600
203 -613.51147461 -6.52671781
204 -613.50659180 -6.52666587
205 -613.50878906 -6.52668925
206 -613.51153564 -6.52671846
207 -613.51226807 -6.52672626
208 -613.51171875 -6.52672041
209 -613.51373291 -6.52674184
210 -613.51763916 -6.52678340
211 -613.51727295 -6.52677950
212 -613.51696777 -6.52677625
213 -613.51672363 -6.52677366
214 -613.52020264 -6.52681067
215 -613.51428223 -6.52674768
216 -613.51678467 -6.52677430
217 -613.51550293 -6.52676067
218 -613.51513672 -6.52675677
219 -613.51635742 -6.52676976
220 -613.51385498 -6.52674314
221 -613.51257324 -6.52672950
222 -613.51428223 -6.52674768
223 -613.51232910 -6.52672691
224 -613.51770020 -6.52678404
225 -613.51953125 -6.52680352
226 -613.52081299 -6.52681716
227 -613.52124023 -6.52682170
228 -613.52087402 -6.52681781
229 -613.51550293 -6.52676067
230 -613.51867676 -6.52679443
231 -613.52136230 -6.52682300
232 -613.52142334 -6.52682365
233 -613.52673340 -6.52688014
234 -613.52453613 -6.52685677
235 -613.52557373 -6.52686781
236 -613.52435303 -6.52685482
237 -613.52368164 -6.52684768
238 -613.52679443 -6.52688079
239 -613.52490234 -6.52686066
240 -613.52185059 -6.52682820
241 -613.52294922 -6.52683989
242 -613.51910400 -6.52679898
243 -613.52185059 -6.52682820
244 -613.52697754 -6.52688274
245 -613.52355957 -6.52684638
246 -613.52423096 -6.52685352
247 -613.52172852 -6.52682690
248 -613.52368164 -6.52684768
249 -613.52099609 -6.52681911
250 -613.52484131 -6.52686001
251 -613.52197266 -6.52682950
252 -613.52197266 -6.52682950
253 -613.51977539 -6.52680612
254 -613.52148438 -6.52682430
255 -613.52166748 -6.52682625
256 -613.51800537 -6.52678729
257 -613.52343750 -6.52684508
258 -613.52282715 -6.52683859
259 -613.51953125 -6.52680352
260 -613.51818848 -6.52678924
261 -613.51379395 -6.52674249
262 -613.51251221 -6.52672885
263 -613.51843262 -6.52679184
264 -613.51593018 -6.52676521
265 -613.51916504 -6.52679963
266 -613.52178955 -6.52682755
267 -613.52203369 -6.52683015
268 -613.51513672 -6.52675677
269 -613.51989746 -6.52680742
270 -613.52105713 -6.52681976
271 -613.51989746 -6.52680742
272 -613.51782227 -6.52678534
273 -613.52166748 -6.52682625
274 -613.52270508 -6.52683729
275 -613.52136230 -6.52682300
276 -613.52307129 -6.52684118
277 -613.52270508 -6.52683729
278 -613.51837158 -6.52679119
279 -613.52569580 -6.52686910
280 -613.52947998 -6.52690936
281 -613.52703857 -6.52688339
282 -613.52526855 -6.52686456
283 -613.52264404 -6.52683664
284 -613.52355957 -6.52684638
285 -613.52514648 -6.52686326
286 -613.52557373 -6.52686781
287 -613.52478027 -6.52685936
288 -613.53112793 -6.52692689
289 -613.53063965 -6.52692170
290 -613.53045654 -6.52691975
291 -613.52917480 -6.52690611
292 -613.52691650 -6.52688209
293 -613.52954102 -6.52691001
294 -613.52490234 -6.52686066
295 -613.53082275 -6.52692365
296 -613.53051758 -6.52692040
297 -613.52661133 -6.52687884
298 -613.52685547 -6.52688144
299 -613.52465820 -6.52685807
300 -613.52282715 -6.52683859
301 -613.52038574 -6.52681261
302 -613.51806641 -6.52678794
303 -613.52099609 -6.52681911
304 -613.52514648 -6.52686326
305 -613.52587891 -6.52687105
306 -613.52349854 -6.52684573
307 -613.52490234 -6.52686066
308 -613.52551270 -6.52686716
309 -613.52246094 -6.52683469
310 -613.52313232 -6.52684183
311 -613.52166748 -6.52682625
312 -613.52355957 -6.52684638
313 -613.52722168 -6.52688534
314 -613.52478027 -6.52685936
315 -613.52612305 -6.52687365
316 -613.52172852 -6.52682690
317 -613.52465820 -6.52685807
318 -613.52392578 -6.52685027
319 -613.52044678 -6.52681326
320 -613.52844238 -6.52689832
321 -613.52392578 -6.52685027
322 -613.52624512 -6.52687495
323 -613.52331543 -6.52684378
324 -613.52770996 -6.52689053
325 -613.52410889 -6.52685222
326 -613.52880859 -6.52690222
327 -613.53002930 -6.52691521
328 -613.52685547 -6.52688144
329 -613.52551270 -6.52686716
330 -613.52691650 -6.52688209
331 -613.52893066 -6.52690352
332 -613.53015137 -6.52691650
333 -613.52502441 -6.52686196
334 -613.52630615 -6.52687560
335 -613.52917480 -6.52690611
336 -613.52648926 -6.52687755
337 -613.53027344 -6.52691780
338 -613.53002930 -6.52691521
339 -613.53076172 -6.52692300
