0 -456.27688599 -6.70995421
1 -456.30197144 -6.71032311
2 -456.31704712 -6.71054481
3 -456.32720947 -6.71069426
4 -456.33474731 -6.71080511
5 -456.34048462 -6.71088948
6 -456.34454346 -6.71094917
7 -456.34777832 -6.71099674
8 -456.35095215 -6.71104341
9 -456.35348511 -6.71108066
10 -456.35632324 -6.71112240
11 -456.35861206 -6.71115606
12 -456.36029053 -6.71118074
13 -456.36187744 -6.71120408
14 -456.36389160 -6.71123370
15 -456.36505127 -6.71125075
16 -456.36663818 -6.71127409
17 -456.36791992 -6.71129294
