0 -593.52386475 -6.90144029
1 -593.46820068 -6.90079303
2 -593.41107178 -6.90012874
3 -593.38745117 -6.89985408
4 -593.35144043 -6.89943535
5 -593.28900146 -6.89870932
6 -593.25268555 -6.89828704
7 -593.26507568 -6.89843111
8 -593.23083496 -6.89803296
9 -593.14843750 -6.89707485
10 -593.14019775 -6.89697904
11 -593.04736328 -6.89589957
12 -593.01129150 -6.89548013
13 -592.96496582 -6.89494146
14 -592.93652344 -6.89461074
15 -592.88195801 -6.89397626
16 -592.81842041 -6.89323745
17 -592.74792480 -6.89241773
18 -592.71997070 -6.89209268
19 -592.64282227 -6.89119561
20 -592.57385254 -6.89039363
21 -592.46844482 -6.88916796
22 -592.37780762 -6.88811404
23 -592.37609863 -6.88809417
24 -592.29840088 -6.88719071
25 -592.22729492 -6.88636389
26 -592.21569824 -6.88622905
27 -592.24786377 -6.88660307
28 -592.28393555 -6.88702251
29 -592.21325684 -6.88620066
30 -592.18426514 -6.88586355
31 -592.19299316 -6.88596504
32 -592.09765625 -6.88485647
33 -592.02868652 -6.88405449
34 -591.96722412 -6.88333982
35 -591.88446045 -6.88237745
36 -591.84906006 -6.88196581
37 -591.79272461 -6.88131075
38 -591.68023682 -6.88000275
39 -591.62664795 -6.87937963
40 -591.64501953 -6.87959325
41 -591.57861328 -6.87882108
42 -591.65368652 -6.87969403
43 -591.65057373 -6.87965783
44 -591.65460205 -6.87970468
45 -591.65112305 -6.87966422
46 -591.53491211 -6.87831293
47 -591.48333740 -6.87771323
48 -591.39837646 -6.87672531
49 -591.50823975 -6.87800279
50 -591.37896729 -6.87649962
51 -591.26464844 -6.87517033
52 -591.32012939 -6.87581546
53 -591.29498291 -6.87552306
54 -591.31036377 -6.87570190
55 -591.26800537 -6.87520936
56 -591.13934326 -6.87371329
57 -590.98004150 -6.87186095
58 -590.84002686 -6.87023287
59 -590.82849121 -6.87009874
60 -590.70855713 -6.86870415
61 -590.55895996 -6.86696465
62 -590.39880371 -6.86510237
63 -590.45166016 -6.86571698
64 -590.35949707 -6.86464531
65 -590.23712158 -6.86322234
66 -590.08178711 -6.86141613
67 -590.01409912 -6.86062906
68 -589.89611816 -6.85925719
69 -589.82635498 -6.85844599
70 -589.72308350 -6.85724516
71 -589.70495605 -6.85703437
72 -589.71759033 -6.85718128
73 -589.46368408 -6.85422888
74 -589.36535645 -6.85308554
75 -589.10064697 -6.85000752
76 -588.96337891 -6.84841138
77 -588.97698975 -6.84856965
78 -588.82897949 -6.84684860
79 -588.70251465 -6.84537808
80 -588.59326172 -6.84410769
81 -588.70581055 -6.84541640
82 -588.61492920 -6.84435964
83 -588.58361816 -6.84399556
84 -588.37994385 -6.84162725
85 -588.33880615 -6.84114891
86 -588.23565674 -6.83994950
87 -588.12561035 -6.83866989
88 -588.09844971 -6.83835407
89 -588.20373535 -6.83957832
90 -588.19873047 -6.83952012
91 -588.11138916 -6.83850453
92 -588.32012939 -6.84093174
93 -588.44897461 -6.84242994
94 -588.46691895 -6.84263859
95 -588.45074463 -6.84245052
96 -588.28369141 -6.84050804
97 -588.29705811 -6.84066347
98 -588.27423096 -6.84039803
99 -588.23107910 -6.83989627
100 -588.06652832 -6.83798289
101 -588.07659912 -6.83809999
102 -588.12731934 -6.83868976
103 -587.88397217 -6.83586014
104 -587.73394775 -6.83411567
105 -587.72601318 -6.83402341
106 -587.59368896 -6.83248476
107 -587.51074219 -6.83152026
108 -587.60852051 -6.83265722
109 -587.37921143 -6.82999083
110 -587.45874023 -6.83091558
111 -587.42761230 -6.83055363
112 -587.52301025 -6.83166291
113 -587.22454834 -6.82819242
114 -587.03381348 -6.82597458
115 -586.86865234 -6.82405410
116 -586.75030518 -6.82267797
117 -586.51928711 -6.81999171
118 -586.45550537 -6.81925006
119 -586.37420654 -6.81830473
120 -586.55834961 -6.82044593
121 -586.62145996 -6.82117977
122 -586.94622803 -6.82495614
123 -586.62042236 -6.82116770
124 -586.24285889 -6.81677743
125 -586.31420898 -6.81760708
126 -585.86047363 -6.81233109
127 -585.74401855 -6.81097696
128 -585.54174805 -6.80862498
129 -585.47393799 -6.80783649
130 -585.43066406 -6.80733330
131 -585.35046387 -6.80640074
132 -585.26031494 -6.80535250
133 -585.17980957 -6.80441639
134 -585.11297607 -6.80363926
135 -585.04528809 -6.80285219
136 -584.98828125 -6.80218932
137 -585.14392090 -6.80399908
138 -585.14276123 -6.80398560
139 -584.88653564 -6.80100623
140 -584.83752441 -6.80043633
141 -584.85516357 -6.80064144
142 -585.04681396 -6.80286993
143 -584.88079834 -6.80093952
144 -584.97100830 -6.80198847
145 -584.91748047 -6.80136605
146 -584.90936279 -6.80127166
147 -584.70373535 -6.79888064
148 -584.86785889 -6.80078906
149 -584.95947266 -6.80185433
150 -584.71234131 -6.79898071
151 -585.01617432 -6.80251365
152 -584.80975342 -6.80011341
153 -584.56726074 -6.79729373
154 -584.44299316 -6.79584876
155 -584.09075928 -6.79175301
156 -583.97131348 -6.79036411
157 -583.93475342 -6.78993899
158 -584.03155518 -6.79106460
159 -583.71911621 -6.78743158
160 -583.23864746 -6.78184474
161 -583.25103760 -6.78198881
162 -583.37854004 -6.78347140
163 -583.52319336 -6.78515341
164 -583.58508301 -6.78587306
165 -583.31762695 -6.78276310
166 -583.58447266 -6.78586596
167 -583.58947754 -6.78592416
168 -583.92694092 -6.78984815
169 -583.93908691 -6.78998938
170 -584.29071045 -6.79407803
171 -584.05114746 -6.79129241
172 -583.91473389 -6.78970621
173 -584.12786865 -6.79218452
174 -584.31823730 -6.79439811
175 -583.97589111 -6.79041734
176 -584.02197266 -6.79095317
177 -583.70245361 -6.78723783
178 -583.52722168 -6.78520025
179 -583.48144531 -6.78466797
180 -583.37152100 -6.78338978
181 -583.18914795 -6.78126916
182 -582.70666504 -6.77565890
183 -582.71514893 -6.77575755
184 -582.49316406 -6.77317633
185 -582.29449463 -6.77086622
186 -582.29913330 -6.77092015
187 -581.92736816 -6.76659730
188 -581.83758545 -6.76555332
189 -581.53851318 -6.76207573
190 -581.33856201 -6.75975072
191 -581.19476318 -6.75807864
192 -580.66760254 -6.75194887
193 -580.57342529 -6.75085378
194 -580.66644287 -6.75193538
195 -580.85211182 -6.75409432
196 -580.87768555 -6.75439169
197 -580.92858887 -6.75498359
198 -580.78222656 -6.75328170
199 -580.94049072 -6.75512199
200 -580.74200439 -6.75281400
201 -580.48693848 -6.74984812
202 -580.53222656 -6.75037473
203 -580.34838867 -6.74823708
204 -580.43078613 -6.74919519
205 -580.02532959 -6.74448058
206 -579.89300537 -6.74294192
207 -579.93902588 -6.74347705
208 -579.46435547 -6.73795762
209 -579.39788818 -6.73718475
210 -579.34838867 -6.73660917
211 -578.65850830 -6.72858731
212 -578.28857422 -6.72428575
213 -578.16711426 -6.72287342
214 -577.85192871 -6.71920847
215 -577.52673340 -6.71542713
216 -577.70343018 -6.71748175
217 -577.39843750 -6.71393532
218 -577.04980469 -6.70988145
219 -577.49908447 -6.71510563
220 -577.56689453 -6.71589412
221 -577.17742920 -6.71136546
222 -577.09393311 -6.71039457
223 -576.38928223 -6.70220096
224 -576.43762207 -6.70276305
225 -576.66741943 -6.70543511
226 -576.03875732 -6.69812509
227 -575.66546631 -6.69378449
228 -576.11499023 -6.69901151
229 -576.03662109 -6.69810025
230 -575.55615234 -6.69251340
231 -575.80920410 -6.69545586
232 -575.56414795 -6.69260637
233 -575.43890381 -6.69115004
234 -575.14019775 -6.68767672
235 -574.62158203 -6.68164630
236 -574.41918945 -6.67929290
237 -574.22802734 -6.67707009
238 -574.18634033 -6.67658535
239 -573.50494385 -6.66866214
240 -573.12298584 -6.66422077
241 -572.46716309 -6.65659492
242 -572.10809326 -6.65241969
243 -572.27093506 -6.65431320
244 -571.68389893 -6.64748720
245 -570.53112793 -6.63408288
246 -570.30804443 -6.63148889
247 -570.43841553 -6.63300483
248 -570.55578613 -6.63436961
249 -569.36132812 -6.62048056
250 -568.79632568 -6.61391076
251 -568.11840820 -6.60602800
252 -568.55731201 -6.61113154
253 -567.92584229 -6.60378886
254 -567.63378906 -6.60039290
255 -567.25347900 -6.59597069
256 -566.96148682 -6.59257543
257 -567.15246582 -6.59479611
258 -566.65130615 -6.58896868
259 -565.70239258 -6.57793480
260 -565.21997070 -6.57232524
261 -564.64990234 -6.56569654
262 -564.18066406 -6.56024028
263 -563.53460693 -6.55272799
264 -563.91424561 -6.55714239
265 -564.02105713 -6.55838439
266 -563.95172119 -6.55757815
267 -563.65075684 -6.55407857
268 -564.11737061 -6.55950431
269 -563.31951904 -6.55022697
270 -562.67749023 -6.54276151
271 -562.87231445 -6.54502691
272 -563.05499268 -6.54715108
273 -562.85955811 -6.54487858
274 -561.90075684 -6.53372973
275 -561.79736328 -6.53252748
276 -561.26342773 -6.52631893
277 -560.97521973 -6.52296767
278 -560.26062012 -6.51465837
279 -559.69824219 -6.50811910
280 -559.50762939 -6.50590267
281 -559.62481689 -6.50726531
282 -559.43237305 -6.50502759
283 -558.44799805 -6.49358137
284 -558.20574951 -6.49076453
285 -557.38739014 -6.48124872
286 -556.29370117 -6.46853141
287 -555.85406494 -6.46341936
288 -555.76464844 -6.46237963
289 -555.66485596 -6.46121926
290 -555.69976807 -6.46162521
291 -556.27661133 -6.46833269
292 -555.86010742 -6.46348962
293 -554.94073486 -6.45279924
294 -554.43823242 -6.44695619
295 -554.68804932 -6.44986104
296 -555.12402344 -6.45493051
297 -554.28485107 -6.44517269
298 -554.96508789 -6.45308242
299 -554.84893799 -6.45173184
300 -556.07922363 -6.46603748
301 -555.29418945 -6.45690918
302 -554.78057861 -6.45093696
303 -555.08135986 -6.45443442
304 -555.94403076 -6.46446547
305 -556.04986572 -6.46569611
306 -556.02386475 -6.46539378
307 -556.27972412 -6.46836889
308 -556.23199463 -6.46781389
309 -555.97790527 -6.46485936
310 -554.65765381 -6.44950760
311 -554.61840820 -6.44905126
312 -555.10198975 -6.45467430
313 -554.94177246 -6.45281131
314 -555.50299072 -6.45933710
315 -556.34875488 -6.46917157
316 -555.66271973 -6.46119442
317 -554.97149658 -6.45315694
318 -554.11474609 -6.44319472
319 -553.34399414 -6.43423249
320 -552.93847656 -6.42951717
321 -552.63598633 -6.42599984
322 -552.19757080 -6.42090199
323 -551.90460205 -6.41749537
324 -551.91204834 -6.41758196
325 -552.06445312 -6.41935411
326 -552.39471436 -6.42319435
327 -552.30834961 -6.42219011
328 -551.13610840 -6.40855940
329 -551.04437256 -6.40749270
330 -550.47711182 -6.40089665
331 -549.56683350 -6.39031202
332 -550.28491211 -6.39866177
333 -550.71185303 -6.40362620
334 -549.33898926 -6.38766267
335 -549.13134766 -6.38524823
336 -549.04608154 -6.38425676
337 -548.56005859 -6.37860533
338 -548.19372559 -6.37434565
339 -547.81072998 -6.36989221
340 -548.40972900 -6.37685731
341 -548.50823975 -6.37800279
342 -547.69049072 -6.36849408
343 -548.38879395 -6.37661388
344 -548.33471680 -6.37598508
345 -548.15216064 -6.37386233
346 -548.90350342 -6.38259888
347 -549.53131104 -6.38989897
348 -549.63848877 -6.39114522
349 -549.62274170 -6.39096211
350 -549.17956543 -6.38580890
351 -549.76287842 -6.39259161
352 -550.32849121 -6.39916850
353 -550.11999512 -6.39674413
354 -549.71313477 -6.39201319
355 -551.73870850 -6.41556638
356 -551.65808105 -6.41462885
357 -550.32312012 -6.39910605
358 -550.06500244 -6.39610468
359 -549.82208252 -6.39328003
360 -550.28912354 -6.39871074
361 -548.79144287 -6.38129585
362 -548.15301514 -6.37387227
363 -547.97283936 -6.37177720
364 -546.91967773 -6.35953114
365 -546.14044189 -6.35047025
366 -545.37670898 -6.34158964
367 -545.67767334 -6.34508922
368 -545.65722656 -6.34485147
369 -546.66912842 -6.35661777
370 -545.81939697 -6.34673717
371 -546.36968994 -6.35313593
372 -546.83734131 -6.35857374
373 -547.23016357 -6.36314144
374 -547.13134766 -6.36199241
375 -547.40771484 -6.36520599
376 -548.45227051 -6.37735198
377 -549.03393555 -6.38411553
378 -550.71923828 -6.40371207
379 -550.99432373 -6.40691074
380 -552.22833252 -6.42125968
381 -553.14770508 -6.43195006
382 -553.83856201 -6.43998328
383 -554.03869629 -6.44231042
384 -553.17474365 -6.43226446
385 -552.90991211 -6.42918502
386 -552.78479004 -6.42773012
387 -553.10211182 -6.43141990
388 -552.26049805 -6.42163370
389 -551.33837891 -6.41091138
390 -552.60083008 -6.42559105
391 -552.07238770 -6.41944637
392 -553.13751221 -6.43183154
393 -553.40972900 -6.43499685
394 -552.17730713 -6.42066636
395 -552.94958496 -6.42964634
396 -553.06915283 -6.43103666
397 -552.11560059 -6.41994884
398 -551.55706787 -6.41345428
399 -550.86535645 -6.40541112
400 -551.44976807 -6.41220661
401 -551.62780762 -6.41427683
402 -552.10821533 -6.41986297
403 -551.50048828 -6.41279638
404 -552.12133789 -6.42001556
405 -551.86859131 -6.41707664
406 -552.35363770 -6.42271672
407 -551.51226807 -6.41293335
408 -551.00073242 -6.40698526
409 -551.14624023 -6.40867721
410 -551.07733154 -6.40787595
411 -551.34906006 -6.41103558
412 -550.46948242 -6.40080794
413 -549.83740234 -6.39345817
414 -550.14727783 -6.39706137
415 -549.94232178 -6.39467816
416 -550.50823975 -6.40125860
417 -549.51660156 -6.38972793
418 -547.85614014 -6.37042023
419 -548.24694824 -6.37496451
420 -548.81787109 -6.38160315
421 -548.05590820 -6.37274312
422 -547.40838623 -6.36521379
423 -547.30786133 -6.36404490
424 -546.73284912 -6.35735871
425 -544.92065430 -6.33628668
426 -545.06445312 -6.33795876
427 -546.08618164 -6.34983932
428 -545.74951172 -6.34592455
429 -545.44122314 -6.34233980
430 -543.87451172 -6.32412223
431 -544.22894287 -6.32824352
432 -543.75366211 -6.32271700
433 -543.64038086 -6.32139978
434 -544.61865234 -6.33277503
435 -544.23364258 -6.32829817
436 -543.46856689 -6.31940194
437 -543.99017334 -6.32546713
438 -544.02416992 -6.32586244
439 -544.02020264 -6.32581631
440 -544.16436768 -6.32749265
441 -543.94482422 -6.32493982
442 -542.75897217 -6.31115084
443 -541.70214844 -6.29886219
444 -540.19848633 -6.28137775
445 -540.43182373 -6.28409097
446 -540.95739746 -6.29020230
447 -540.50323486 -6.28492134
448 -541.41400146 -6.29551164
449 -540.11901855 -6.28045370
450 -540.73156738 -6.28757636
451 -539.71362305 -6.27573980
452 -538.92443848 -6.26656324
453 -537.98083496 -6.25559110
454 -536.77825928 -6.24160767
455 -536.80114746 -6.24187381
456 -537.48303223 -6.24980270
457 -537.00469971 -6.24424069
458 -535.11932373 -6.22231772
459 -535.09020996 -6.22197919
460 -534.76971436 -6.21825249
461 -533.96112061 -6.20885024
462 -534.78747559 -6.21845902
463 -534.93395996 -6.22016233
464 -535.26489258 -6.22401038
465 -534.74450684 -6.21795938
466 -534.79595947 -6.21855767
467 -534.69470215 -6.21738026
468 -533.58190918 -6.20444080
469 -533.17224121 -6.19967722
470 -532.37597656 -6.19041833
471 -532.28424072 -6.18935164
472 -531.84136963 -6.18420197
473 -530.40301514 -6.16747692
474 -529.31457520 -6.15482064
475 -527.99511719 -6.13947811
476 -528.09283447 -6.14061435
477 -526.29132080 -6.11966652
478 -524.66137695 -6.10071369
479 -523.66442871 -6.08912126
480 -524.19073486 -6.09524110
481 -523.84283447 -6.09119575
482 -523.98919678 -6.09289764
483 -523.85217285 -6.09130434
484 -521.15380859 -6.05992801
485 -520.81927490 -6.05603808
486 -519.26519775 -6.03796742
487 -519.39221191 -6.03944432
488 -519.30560303 -6.03843724
489 -518.00823975 -6.02335162
490 -520.42565918 -6.05146115
491 -519.76019287 -6.04372317
492 -519.79516602 -6.04412984
493 -520.14904785 -6.04824474
494 -521.21942139 -6.06069095
495 -520.53796387 -6.05276702
496 -520.10839844 -6.04777207
497 -519.80633545 -6.04425971
498 -520.80187988 -6.05583581
499 -520.76965332 -6.05546109
500 -518.13403320 -6.02481434
501 -518.13897705 -6.02487183
502 -517.86895752 -6.02173206
503 -518.42816162 -6.02823444
504 -515.04296875 -5.98887173
505 -514.56359863 -5.98329766
506 -514.51324463 -5.98271215
507 -513.31616211 -5.96879258
508 -513.27752686 -5.96834334
509 -513.10821533 -5.96637460
510 -513.02264404 -5.96537958
511 -514.18194580 -5.97885983
512 -513.97485352 -5.97645179
513 -513.93914795 -5.97603660
514 -514.87530518 -5.98692215
515 -516.23077393 -6.00268342
516 -516.07989502 -6.00092901
517 -515.58081055 -5.99512570
518 -515.56494141 -5.99494118
519 -514.41839600 -5.98160926
520 -512.53649902 -5.95972673
521 -513.12335205 -5.96655061
522 -512.10778809 -5.95474172
523 -512.51928711 -5.95952659
524 -511.56695557 -5.94845297
525 -511.92608643 -5.95262891
526 -511.24749756 -5.94473834
527 -513.33288574 -5.96898704
528 -511.95416260 -5.95295538
529 -510.47070312 -5.93570585
530 -510.99423218 -5.94179340
531 -509.14443970 -5.92028418
532 -506.88818359 -5.89404865
533 -506.11190796 -5.88502219
534 -504.34844971 -5.86451686
535 -505.49588013 -5.87785907
536 -506.36337280 -5.88794620
537 -505.44982910 -5.87732359
538 -505.58581543 -5.87890483
539 -502.11621094 -5.83856059
540 -501.00860596 -5.82568146
541 -500.59259033 -5.82084407
542 -499.18884277 -5.80452143
543 -501.15036011 -5.82732977
544 -499.55157471 -5.80873924
545 -499.80932617 -5.81173635
546 -501.86367798 -5.83562416
547 -499.24407959 -5.80516372
548 -500.19177246 -5.81618340
549 -498.06726074 -5.79147978
550 -497.15435791 -5.78086463
551 -495.69583130 -5.76390502
552 -495.96270752 -5.76700823
553 -495.07171631 -5.75664786
554 -493.94247437 -5.74351714
555 -495.12237549 -5.75723692
556 -493.42279053 -5.73747431
557 -493.73388672 -5.74109171
558 -494.95806885 -5.75532638
559 -493.93945312 -5.74348201
560 -493.31488037 -5.73621954
561 -490.99270630 -5.70921752
562 -490.88006592 -5.70790774
563 -488.38793945 -5.67892953
564 -485.93542480 -5.65041192
565 -487.07812500 -5.66369913
566 -487.82995605 -5.67244135
567 -487.88238525 -5.67305099
