0 -636.80035400 -6.92174298
1 -636.82586670 -6.92202029
2 -636.84393311 -6.92221666
3 -636.86083984 -6.92240043
4 -636.87170410 -6.92251852
5 -636.88037109 -6.92261273
6 -636.88854980 -6.92270163
7 -636.89331055 -6.92275338
8 -636.89898682 -6.92281507
9 -636.90374756 -6.92286682
10 -636.90686035 -6.92290066
11 -636.91131592 -6.92294909
12 -636.91442871 -6.92298292
13 -636.91607666 -6.92300083
14 -636.91906738 -6.92303334
15 -636.92260742 -6.92307182
16 -636.92388916 -6.92308575
17 -636.92553711 -6.92310366
18 -636.92608643 -6.92310964
19 -636.92761230 -6.92312622
20 -636.92962646 -6.92314811
21 -636.93115234 -6.92316470
22 -636.93298340 -6.92318460
23 -636.93658447 -6.92322374
24 -636.93719482 -6.92323038
25 -636.93865967 -6.92324630
26 -636.94079590 -6.92326952
27 -636.94183350 -6.92328080
28 -636.94342041 -6.92329805
29 -636.94384766 -6.92330269
30 -636.94506836 -6.92331596
31 -636.94836426 -6.92335179
32 -636.94909668 -6.92335975
33 -636.95141602 -6.92338496
34 -636.95184326 -6.92338960
35 -636.95452881 -6.92341879
36 -636.95446777 -6.92341813
37 -636.95581055 -6.92343272
38 -636.95660400 -6.92344135
39 -636.95849609 -6.92346191
40 -636.96032715 -6.92348182
41 -636.96069336 -6.92348580
42 -636.96142578 -6.92349376
43 -636.96258545 -6.92350636
44 -636.96337891 -6.92351499
45 -636.96362305 -6.92351764
46 -636.96484375 -6.92353091
47 -636.96563721 -6.92353953
48 -636.96704102 -6.92355479
49 -636.96765137 -6.92356143
50 -636.96789551 -6.92356408
51 -636.97058105 -6.92359327
52 -636.97033691 -6.92359062
53 -636.97271729 -6.92361649
54 -636.97357178 -6.92362578
55 -636.97491455 -6.92364038
56 -636.97485352 -6.92363971
57 -636.97595215 -6.92365165
58 -636.97625732 -6.92365497
59 -636.97686768 -6.92366161
60 -636.97900391 -6.92368483
61 -636.97753906 -6.92366890
62 -636.98034668 -6.92369942
63 -636.98040771 -6.92370008
64 -636.98150635 -6.92371203
65 -636.98150635 -6.92371203
66 -636.98052979 -6.92370141
67 -636.98107910 -6.92370738
68 -636.98114014 -6.92370804
69 -636.98260498 -6.92372397
70 -636.98162842 -6.92371335
71 -636.98486328 -6.92374851
72 -636.98480225 -6.92374785
73 -636.98480225 -6.92374785
74 -636.98626709 -6.92376377
75 -636.98553467 -6.92375581
76 -636.98571777 -6.92375780
77 -636.98675537 -6.92376908
78 -636.98687744 -6.92377041
79 -636.98791504 -6.92378169
80 -636.98864746 -6.92378965
81 -636.98895264 -6.92379296
82 -636.98992920 -6.92380358
83 -636.99072266 -6.92381220
84 -636.99169922 -6.92382282
85 -636.99194336 -6.92382547
86 -636.99273682 -6.92383410
87 -636.99267578 -6.92383343
88 -636.99383545 -6.92384604
89 -636.99298096 -6.92383675
90 -636.99365234 -6.92384405
91 -636.99450684 -6.92385334
92 -636.99371338 -6.92384471
93 -636.99438477 -6.92385201
94 -636.99401855 -6.92384803
95 -636.99499512 -6.92385864
96 -636.99548340 -6.92386395
97 -636.99493408 -6.92385798
98 -636.99530029 -6.92386196
99 -636.99627686 -6.92387257
100 -636.99652100 -6.92387523
101 -636.99688721 -6.92387921
102 -636.99749756 -6.92388584
103 -636.99829102 -6.92389447
104 -636.99761963 -6.92388717
105 -636.99786377 -6.92388982
106 -636.99908447 -6.92390309
107 -636.99963379 -6.92390906
108 -637.00000000 -6.92391304
109 -636.99969482 -6.92390973
110 -636.99987793 -6.92391172
111 -637.00006104 -6.92391371
112 -637.00097656 -6.92392366
113 -637.00042725 -6.92391769
114 -637.00164795 -6.92393096
115 -637.00054932 -6.92391901
116 -637.00140381 -6.92392830
117 -637.00122070 -6.92392631
118 -637.00158691 -6.92393029
119 -637.00115967 -6.92392565
120 -637.00122070 -6.92392631
121 -637.00390625 -6.92395550
122 -637.00384521 -6.92395484
123 -637.00421143 -6.92395882
124 -637.00415039 -6.92395816
125 -637.00463867 -6.92396346
126 -637.00408936 -6.92395749
127 -637.00427246 -6.92395948
128 -637.00415039 -6.92395816
129 -637.00537109 -6.92397142
130 -637.00463867 -6.92396346
131 -637.00506592 -6.92396811
132 -637.00439453 -6.92396081
133 -637.00457764 -6.92396280
134 -637.00573730 -6.92397541
135 -637.00689697 -6.92398801
136 -637.00579834 -6.92397607
137 -637.00579834 -6.92397607
138 -637.00732422 -6.92399265
139 -637.00701904 -6.92398934
140 -637.00726318 -6.92399199
141 -637.00634766 -6.92398204
142 -637.00878906 -6.92400858
143 -637.00830078 -6.92400327
144 -637.00903320 -6.92401123
145 -637.00909424 -6.92401189
146 -637.00927734 -6.92401388
147 -637.00891113 -6.92400990
148 -637.00970459 -6.92401853
149 -637.01110840 -6.92403379
150 -637.01031494 -6.92402516
151 -637.01080322 -6.92403047
152 -637.01116943 -6.92403445
153 -637.01135254 -6.92403644
154 -637.01214600 -6.92404507
155 -637.01147461 -6.92403777
156 -637.01141357 -6.92403710
157 -637.01123047 -6.92403511
158 -637.01202393 -6.92404374
159 -637.01074219 -6.92402981
160 -637.01312256 -6.92405568
161 -637.01263428 -6.92405037
162 -637.01367188 -6.92406165
163 -637.01409912 -6.92406629
164 -637.01409912 -6.92406629
165 -637.01434326 -6.92406895
166 -637.01385498 -6.92406364
167 -637.01525879 -6.92407890
168 -637.01434326 -6.92406895
169 -637.01416016 -6.92406696
170 -637.01440430 -6.92406961
171 -637.01507568 -6.92407691
172 -637.01416016 -6.92406696
173 -637.01513672 -6.92407757
174 -637.01495361 -6.92407558
175 -637.01470947 -6.92407293
176 -637.01513672 -6.92407757
177 -637.01507568 -6.92407691
178 -637.01397705 -6.92406497
179 -637.01379395 -6.92406298
180 -637.01440430 -6.92406961
181 -637.01489258 -6.92407492
182 -637.01477051 -6.92407359
183 -637.01428223 -6.92406829
184 -637.01464844 -6.92407227
185 -637.01464844 -6.92407227
186 -637.01385498 -6.92406364
187 -637.01586914 -6.92408553
188 -637.01556396 -6.92408222
189 -637.01599121 -6.92408686
190 -637.01739502 -6.92410212
191 -637.01647949 -6.92409217
192 -637.01599121 -6.92408686
193 -637.01647949 -6.92409217
194 -637.01843262 -6.92411340
195 -637.01684570 -6.92409615
196 -637.01647949 -6.92409217
197 -637.01605225 -6.92408752
198 -637.01818848 -6.92411074
199 -637.01788330 -6.92410743
200 -637.01806641 -6.92410942
201 -637.01647949 -6.92409217
202 -637.01739502 -6.92410212
203 -637.01788330 -6.92410743
204 -637.01879883 -6.92411738
205 -637.01782227 -6.92410676
206 -637.01922607 -6.92412202
207 -637.01885986 -6.92411804
208 -637.01898193 -6.92411937
209 -637.01904297 -6.92412003
210 -637.01910400 -6.92412070
211 -637.01953125 -6.92412534
212 -637.02020264 -6.92413264
213 -637.01879883 -6.92411738
214 -637.02026367 -6.92413330
215 -637.01977539 -6.92412799
216 -637.01977539 -6.92412799
217 -637.02111816 -6.92414259
218 -637.02172852 -6.92414922
219 -637.02166748 -6.92414856
220 -637.02117920 -6.92414325
221 -637.02026367 -6.92413330
222 -637.02197266 -6.92415188
223 -637.02209473 -6.92415320
224 -637.02160645 -6.92414790
225 -637.02099609 -6.92414126
226 -637.02246094 -6.92415718
227 -637.02258301 -6.92415851
228 -637.02368164 -6.92417045
229 -637.02313232 -6.92416448
230 -637.02319336 -6.92416515
231 -637.02313232 -6.92416448
232 -637.02331543 -6.92416647
233 -637.02386475 -6.92417244
234 -637.02319336 -6.92416515
235 -637.02429199 -6.92417709
236 -637.02246094 -6.92415718
237 -637.02258301 -6.92415851
238 -637.02429199 -6.92417709
239 -637.02343750 -6.92416780
240 -637.02343750 -6.92416780
241 -637.02551270 -6.92419036
242 -637.02368164 -6.92417045
243 -637.02252197 -6.92415785
244 -637.02209473 -6.92415320
245 -637.02410889 -6.92417510
246 -637.02362061 -6.92416979
247 -637.02471924 -6.92418173
248 -637.02526855 -6.92418770
249 -637.02587891 -6.92419434
250 -637.02478027 -6.92418239
251 -637.02539062 -6.92418903
252 -637.02429199 -6.92417709
253 -637.02484131 -6.92418306
254 -637.02520752 -6.92418704
255 -637.02478027 -6.92418239
256 -637.02593994 -6.92419500
257 -637.02502441 -6.92418505
258 -637.02545166 -6.92418969
259 -637.02484131 -6.92418306
260 -637.02539062 -6.92418903
261 -637.02587891 -6.92419434
262 -637.02471924 -6.92418173
263 -637.02484131 -6.92418306
264 -637.02508545 -6.92418571
265 -637.02447510 -6.92417908
266 -637.02490234 -6.92418372
267 -637.02337646 -6.92416714
268 -637.02410889 -6.92417510
269 -637.02343750 -6.92416780
270 -637.02416992 -6.92417576
271 -637.02423096 -6.92417642
272 -637.02508545 -6.92418571
273 -637.02441406 -6.92417841
274 -637.02618408 -6.92419765
275 -637.02563477 -6.92419168
276 -637.02569580 -6.92419235
277 -637.02490234 -6.92418372
278 -637.02557373 -6.92419102
279 -637.02545166 -6.92418969
280 -637.02539062 -6.92418903
281 -637.02435303 -6.92417775
282 -637.02465820 -6.92418107
283 -637.02496338 -6.92418438
284 -637.02520752 -6.92418704
285 -637.02453613 -6.92417974
286 -637.02532959 -6.92418837
287 -637.02447510 -6.92417908
288 -637.02465820 -6.92418107
289 -637.02435303 -6.92417775
290 -637.02398682 -6.92417377
291 -637.02587891 -6.92419434
292 -637.02526855 -6.92418770
293 -637.02526855 -6.92418770
294 -637.02600098 -6.92419566
295 -637.02581787 -6.92419367
296 -637.02655029 -6.92420163
297 -637.02569580 -6.92419235
298 -637.02551270 -6.92419036
299 -637.02612305 -6.92419699
300 -637.02691650 -6.92420561
301 -637.02593994 -6.92419500
302 -637.02648926 -6.92420097
303 -637.02581787 -6.92419367
304 -637.02569580 -6.92419235
305 -637.02612305 -6.92419699
306 -637.02612305 -6.92419699
307 -637.02612305 -6.92419699
308 -637.02642822 -6.92420031
309 -637.02661133 -6.92420230
310 -637.02661133 -6.92420230
311 -637.02642822 -6.92420031
312 -637.02618408 -6.92419765
313 -637.02636719 -6.92419964
314 -637.02685547 -6.92420495
315 -637.02569580 -6.92419235
316 -637.02685547 -6.92420495
317 -637.02728271 -6.92420959
318 -637.02960205 -6.92423480
319 -637.02819824 -6.92421955
320 -637.02789307 -6.92421623
321 -637.02746582 -6.92421159
322 -637.02783203 -6.92421557
323 -637.02642822 -6.92420031
324 -637.02648926 -6.92420097
325 -637.02685547 -6.92420495
326 -637.02716064 -6.92420827
327 -637.02490234 -6.92418372
328 -637.02618408 -6.92419765
329 -637.02600098 -6.92419566
330 -637.02825928 -6.92422021
331 -637.02703857 -6.92420694
332 -637.02709961 -6.92420760
333 -637.02691650 -6.92420561
334 -637.02770996 -6.92421424
335 -637.02764893 -6.92421358
336 -637.02789307 -6.92421623
337 -637.02783203 -6.92421557
338 -637.02679443 -6.92420429
339 -637.02783203 -6.92421557
340 -637.02923584 -6.92423082
341 -637.02972412 -6.92423613
342 -637.02886963 -6.92422684
343 -637.02856445 -6.92422353
344 -637.02801514 -6.92421756
345 -637.02770996 -6.92421424
346 -637.02770996 -6.92421424
347 -637.02764893 -6.92421358
348 -637.02764893 -6.92421358
349 -637.02764893 -6.92421358
350 -637.02783203 -6.92421557
351 -637.02856445 -6.92422353
352 -637.02899170 -6.92422817
353 -637.03076172 -6.92424741
354 -637.02893066 -6.92422751
355 -637.02740479 -6.92421092
356 -637.02832031 -6.92422087
357 -637.02886963 -6.92422684
358 -637.02825928 -6.92422021
359 -637.02844238 -6.92422220
360 -637.02838135 -6.92422154
361 -637.02893066 -6.92422751
362 -637.02783203 -6.92421557
363 -637.02880859 -6.92422618
364 -637.02917480 -6.92423016
365 -637.02850342 -6.92422286
366 -637.02825928 -6.92422021
367 -637.02795410 -6.92421689
368 -637.02886963 -6.92422684
369 -637.02893066 -6.92422751
370 -637.02838135 -6.92422154
371 -637.02728271 -6.92420959
372 -637.02905273 -6.92422883
373 -637.03027344 -6.92424210
374 -637.02954102 -6.92423414
375 -637.02825928 -6.92422021
376 -637.02868652 -6.92422485
377 -637.02838135 -6.92422154
378 -637.02880859 -6.92422618
379 -637.02801514 -6.92421756
380 -637.02795410 -6.92421689
381 -637.02716064 -6.92420827
382 -637.02856445 -6.92422353
383 -637.02819824 -6.92421955
384 -637.02850342 -6.92422286
385 -637.02893066 -6.92422751
386 -637.02874756 -6.92422552
387 -637.02874756 -6.92422552
388 -637.02813721 -6.92421888
389 -637.02862549 -6.92422419
390 -637.02947998 -6.92423348
391 -637.02966309 -6.92423547
392 -637.03033447 -6.92424277
393 -637.02990723 -6.92423812
394 -637.03015137 -6.92424078
395 -637.03021240 -6.92424144
396 -637.02960205 -6.92423480
397 -637.03082275 -6.92424807
398 -637.02990723 -6.92423812
399 -637.03070068 -6.92424675
400 -637.03118896 -6.92425205
401 -637.03094482 -6.92424940
402 -637.03204346 -6.92426134
403 -637.03161621 -6.92425670
404 -637.03137207 -6.92425404
405 -637.03265381 -6.92426798
406 -637.03302002 -6.92427196
407 -637.03173828 -6.92425802
408 -637.03137207 -6.92425404
409 -637.03131104 -6.92425338
410 -637.03143311 -6.92425471
411 -637.03100586 -6.92425006
412 -637.02947998 -6.92423348
413 -637.02783203 -6.92421557
414 -637.02825928 -6.92422021
415 -637.02813721 -6.92421888
416 -637.02819824 -6.92421955
417 -637.02856445 -6.92422353
418 -637.02844238 -6.92422220
419 -637.02856445 -6.92422353
420 -637.02825928 -6.92422021
421 -637.02862549 -6.92422419
422 -637.02740479 -6.92421092
423 -637.02703857 -6.92420694
424 -637.02679443 -6.92420429
425 -637.02709961 -6.92420760
426 -637.02673340 -6.92420362
427 -637.02703857 -6.92420694
428 -637.02716064 -6.92420827
429 -637.02600098 -6.92419566
430 -637.02722168 -6.92420893
431 -637.02716064 -6.92420827
432 -637.02764893 -6.92421358
433 -637.02801514 -6.92421756
434 -637.02795410 -6.92421689
435 -637.02746582 -6.92421159
436 -637.02667236 -6.92420296
437 -637.02502441 -6.92418505
438 -637.02612305 -6.92419699
439 -637.02423096 -6.92417642
440 -637.02520752 -6.92418704
441 -637.02545166 -6.92418969
442 -637.02453613 -6.92417974
443 -637.02435303 -6.92417775
444 -637.02465820 -6.92418107
445 -637.02416992 -6.92417576
446 -637.02478027 -6.92418239
447 -637.02423096 -6.92417642
448 -637.02447510 -6.92417908
449 -637.02355957 -6.92416913
450 -637.02429199 -6.92417709
451 -637.02355957 -6.92416913
452 -637.02398682 -6.92417377
453 -637.02380371 -6.92417178
454 -637.02301025 -6.92416315
455 -637.02441406 -6.92417841
456 -637.02514648 -6.92418637
457 -637.02429199 -6.92417709
458 -637.02374268 -6.92417112
459 -637.02349854 -6.92416846
460 -637.02307129 -6.92416382
461 -637.02258301 -6.92415851
462 -637.02160645 -6.92414790
463 -637.02099609 -6.92414126
464 -637.02081299 -6.92413927
465 -637.02172852 -6.92414922
466 -637.02154541 -6.92414723
467 -637.02062988 -6.92413728
468 -637.02038574 -6.92413463
469 -637.02044678 -6.92413529
470 -637.02081299 -6.92413927
471 -637.01959229 -6.92412600
472 -637.01977539 -6.92412799
473 -637.01885986 -6.92411804
474 -637.01776123 -6.92410610
475 -637.01837158 -6.92411273
476 -637.01721191 -6.92410013
477 -637.01818848 -6.92411074
478 -637.01690674 -6.92409681
479 -637.01812744 -6.92411008
480 -637.01855469 -6.92411472
481 -637.01837158 -6.92411273
482 -637.01782227 -6.92410676
483 -637.01745605 -6.92410278
484 -637.01885986 -6.92411804
485 -637.01910400 -6.92412070
486 -637.01959229 -6.92412600
487 -637.01965332 -6.92412667
488 -637.01983643 -6.92412866
489 -637.01965332 -6.92412667
490 -637.02093506 -6.92414060
491 -637.01965332 -6.92412667
492 -637.02001953 -6.92413065
493 -637.01977539 -6.92412799
494 -637.01916504 -6.92412136
495 -637.01934814 -6.92412335
496 -637.01983643 -6.92412866
497 -637.02044678 -6.92413529
498 -637.02124023 -6.92414392
499 -637.02148438 -6.92414657
500 -637.02111816 -6.92414259
501 -637.02136230 -6.92414524
502 -637.02154541 -6.92414723
503 -637.02124023 -6.92414392
504 -637.02050781 -6.92413595
505 -637.02099609 -6.92414126
506 -637.02105713 -6.92414193
507 -637.02117920 -6.92414325
508 -637.02148438 -6.92414657
509 -637.02105713 -6.92414193
510 -637.02148438 -6.92414657
511 -637.02221680 -6.92415453
512 -637.02093506 -6.92414060
513 -637.02239990 -6.92415652
514 -637.02294922 -6.92416249
515 -637.02258301 -6.92415851
516 -637.02258301 -6.92415851
517 -637.02215576 -6.92415387
518 -637.02276611 -6.92416050
519 -637.02191162 -6.92415121
520 -637.02276611 -6.92416050
521 -637.02203369 -6.92415254
522 -637.02239990 -6.92415652
523 -637.02203369 -6.92415254
524 -637.02209473 -6.92415320
525 -637.02124023 -6.92414392
526 -637.02105713 -6.92414193
527 -637.02014160 -6.92413197
528 -637.02252197 -6.92415785
529 -637.02233887 -6.92415586
530 -637.02233887 -6.92415586
531 -637.02166748 -6.92414856
532 -637.02215576 -6.92415387
533 -637.02258301 -6.92415851
534 -637.02239990 -6.92415652
535 -637.02209473 -6.92415320
536 -637.02148438 -6.92414657
537 -637.02087402 -6.92413994
538 -637.02203369 -6.92415254
539 -637.02233887 -6.92415586
540 -637.02160645 -6.92414790
541 -637.02099609 -6.92414126
542 -637.02124023 -6.92414392
543 -637.02062988 -6.92413728
544 -637.01922607 -6.92412202
545 -637.01983643 -6.92412866
546 -637.02020264 -6.92413264
547 -637.02062988 -6.92413728
548 -637.02044678 -6.92413529
549 -637.02056885 -6.92413662
550 -637.02136230 -6.92414524
551 -637.02099609 -6.92414126
552 -637.02056885 -6.92413662
553 -637.02032471 -6.92413396
554 -637.01965332 -6.92412667
555 -637.02020264 -6.92413264
556 -637.01971436 -6.92412733
557 -637.02001953 -6.92413065
558 -637.01934814 -6.92412335
559 -637.01959229 -6.92412600
560 -637.01947021 -6.92412468
561 -637.01965332 -6.92412667
562 -637.01855469 -6.92411472
563 -637.01843262 -6.92411340
564 -637.01770020 -6.92410544
565 -637.01965332 -6.92412667
566 -637.01965332 -6.92412667
