0 -644.01708984 -6.19247202
1 -640.61718750 -6.15978065
2 -639.41778564 -6.14824794
3 -637.93737793 -6.13401325
4 -638.87683105 -6.14304645
5 -638.06561279 -6.13524628
6 -637.47229004 -6.12954125
7 -637.43957520 -6.12922668
8 -636.52075195 -6.12039185
9 -634.82684326 -6.10410426
10 -634.23583984 -6.09842154
11 -633.74743652 -6.09372535
12 -634.29016113 -6.09894386
13 -631.57092285 -6.07279734
14 -631.69421387 -6.07398283
15 -630.57061768 -6.06317902
16 -629.97668457 -6.05746812
17 -629.78112793 -6.05558777
18 -630.51507568 -6.06264496
19 -629.17858887 -6.04979412
20 -628.30676270 -6.04141118
21 -626.06970215 -6.01990098
22 -624.08947754 -6.00086036
23 -624.27276611 -6.00262275
24 -623.89984131 -5.99903694
25 -623.24414062 -5.99273212
26 -623.09753418 -5.99132244
27 -623.59381104 -5.99609434
28 -623.41369629 -5.99436246
29 -624.23651123 -6.00227415
30 -625.05090332 -6.01010484
31 -624.28070068 -6.00269905
32 -621.56988525 -5.97663351
33 -622.01654053 -5.98092827
34 -621.14947510 -5.97259111
35 -622.13171387 -5.98203571
36 -621.39898682 -5.97499026
37 -621.16687012 -5.97275837
38 -620.81066895 -5.96933336
39 -620.03082275 -5.96183483
40 -618.90759277 -5.95103455
41 -620.21832275 -5.96363772
42 -620.54254150 -5.96675521
43 -621.15942383 -5.97268677
44 -621.51666260 -5.97612176
45 -621.00451660 -5.97119728
46 -620.96215820 -5.97078998
47 -620.36492920 -5.96504740
48 -620.72778320 -5.96853638
49 -618.92962646 -5.95124641
50 -618.91516113 -5.95110732
51 -618.98596191 -5.95178810
52 -616.78198242 -5.93059598
53 -618.07342529 -5.94301370
54 -618.14050293 -5.94365868
55 -616.69885254 -5.92979666
56 -616.19934082 -5.92499366
57 -615.67694092 -5.91997059
58 -616.07946777 -5.92384104
59 -615.80242920 -5.92117720
60 -614.61968994 -5.90980471
61 -614.33618164 -5.90707867
62 -615.29962158 -5.91634252
63 -615.11877441 -5.91460360
64 -615.64276123 -5.91964193
65 -616.26849365 -5.92565859
66 -614.97363281 -5.91320801
67 -615.78582764 -5.92101757
68 -615.17712402 -5.91516465
69 -614.79827881 -5.91152191
70 -614.22906494 -5.90604870
71 -614.78082275 -5.91135406
72 -615.09533691 -5.91437824
73 -614.67810059 -5.91036635
74 -613.37957764 -5.89788055
75 -612.93078613 -5.89356525
76 -613.61901855 -5.90018287
77 -613.57879639 -5.89979612
78 -612.30242920 -5.88752336
79 -612.42864990 -5.88873702
80 -612.92022705 -5.89346372
81 -611.72558594 -5.88197679
82 -612.97222900 -5.89396374
83 -612.06402588 -5.88523102
84 -611.99536133 -5.88457078
85 -612.92065430 -5.89346783
86 -611.55804443 -5.88036581
87 -612.18145752 -5.88636017
88 -613.02099609 -5.89443265
89 -613.36346436 -5.89772562
90 -613.66137695 -5.90059016
91 -614.25750732 -5.90632219
92 -613.00494385 -5.89427831
93 -612.22210693 -5.88675103
94 -611.70257568 -5.88175554
95 -611.71575928 -5.88188230
96 -611.33874512 -5.87825716
97 -610.13720703 -5.86670391
98 -610.51055908 -5.87029384
99 -610.27709961 -5.86804903
100 -610.10040283 -5.86635003
101 -608.03521729 -5.84649247
102 -607.38635254 -5.84025339
103 -607.78186035 -5.84405635
104 -605.64221191 -5.82348281
105 -604.78802490 -5.81526947
106 -603.90124512 -5.80674274
107 -603.31274414 -5.80108408
108 -603.20336914 -5.80003240
109 -601.99047852 -5.78836999
110 -601.96276855 -5.78810354
111 -601.86035156 -5.78711877
112 -599.34069824 -5.76289133
113 -599.39654541 -5.76342832
114 -598.35003662 -5.75336574
115 -597.96105957 -5.74962557
116 -598.76696777 -5.75737469
117 -599.09155273 -5.76049570
118 -598.40917969 -5.75393442
119 -598.92041016 -5.75885010
120 -600.25976562 -5.77172852
121 -600.18627930 -5.77102192
122 -597.98059082 -5.74981337
123 -597.26342773 -5.74291757
124 -595.10992432 -5.72221081
125 -595.56469727 -5.72658363
126 -595.89758301 -5.72978445
127 -595.82165527 -5.72905438
128 -593.64257812 -5.70810171
129 -595.28735352 -5.72391686
130 -594.85272217 -5.71973771
131 -591.70678711 -5.68948834
132 -592.74273682 -5.69944939
133 -592.08508301 -5.69312580
134 -591.64001465 -5.68884629
135 -592.66326904 -5.69868528
136 -591.14892578 -5.68412429
137 -592.04235840 -5.69271498
138 -590.72430420 -5.68004139
139 -589.30664062 -5.66641001
140 -589.54541016 -5.66870587
141 -590.38659668 -5.67679420
142 -589.31475830 -5.66648806
143 -589.03393555 -5.66378784
144 -587.14038086 -5.64558059
145 -587.00195312 -5.64424955
146 -586.68084717 -5.64116199
147 -586.09326172 -5.63551213
148 -584.30865479 -5.61835245
149 -583.65673828 -5.61208402
150 -584.48687744 -5.62006613
151 -584.29345703 -5.61820632
152 -585.08154297 -5.62578407
153 -584.02117920 -5.61558826
154 -584.07690430 -5.61612408
155 -584.93133545 -5.62433976
156 -583.02746582 -5.60603333
157 -583.65502930 -5.61206759
158 -584.18322754 -5.61714642
159 -582.65301514 -5.60243284
160 -583.42718506 -5.60987678
161 -583.84234619 -5.61386871
162 -584.14721680 -5.61680016
163 -583.03057861 -5.60606326
164 -582.59118652 -5.60183833
165 -581.58538818 -5.59216719
166 -580.13732910 -5.57824355
167 -577.79638672 -5.55573449
168 -576.92150879 -5.54732220
169 -574.60968018 -5.52509308
170 -571.84112549 -5.49847236
171 -570.88134766 -5.48924373
172 -569.79382324 -5.47878676
173 -567.14575195 -5.45332454
