0 -527.45050049 -7.03267334
1 -527.46923828 -7.03292318
2 -527.48284912 -7.03310465
3 -527.49371338 -7.03324951
4 -527.50225830 -7.03336344
5 -527.50781250 -7.03343750
6 -527.51318359 -7.03350911
7 -527.51788330 -7.03357178
8 -527.52221680 -7.03362956
9 -527.52575684 -7.03367676
10 -527.52966309 -7.03372884
11 -527.53265381 -7.03376872
12 -527.53619385 -7.03381592
13 -527.53851318 -7.03384684
14 -527.54248047 -7.03389974
15 -527.54541016 -7.03393880
16 -527.54901123 -7.03398682
17 -527.55145264 -7.03401937
18 -527.55352783 -7.03404704
19 -527.55590820 -7.03407878
20 -527.55865479 -7.03411540
21 -527.56121826 -7.03414958
22 -527.56317139 -7.03417562
23 -527.56542969 -7.03420573
24 -527.56744385 -7.03423258
25 -527.57006836 -7.03426758
26 -527.57171631 -7.03428955
27 -527.57397461 -7.03431966
28 -527.57568359 -7.03434245
29 -527.57751465 -7.03436686
30 -527.57940674 -7.03439209
31 -527.58142090 -7.03441895
32 -527.58349609 -7.03444661
33 -527.58538818 -7.03447184
34 -527.58709717 -7.03449463
35 -527.58911133 -7.03452148
36 -527.59033203 -7.03453776
37 -527.59167480 -7.03455566
38 -527.59338379 -7.03457845
39 -527.59503174 -7.03460042
40 -527.59667969 -7.03462240
41 -527.59881592 -7.03465088
42 -527.60003662 -7.03466715
43 -527.60223389 -7.03469645
44 -527.60327148 -7.03471029
45 -527.60510254 -7.03473470
46 -527.60522461 -7.03473633
47 -527.60760498 -7.03476807
48 -527.60858154 -7.03478109
49 -527.60998535 -7.03479980
50 -527.61114502 -7.03481527
51 -527.61224365 -7.03482992
52 -527.61358643 -7.03484782
53 -527.61596680 -7.03487956
54 -527.61682129 -7.03489095
55 -527.61779785 -7.03490397
56 -527.61938477 -7.03492513
57 -527.62042236 -7.03493896
58 -527.62176514 -7.03495687
59 -527.62280273 -7.03497070
60 -527.62457275 -7.03499430
61 -527.62615967 -7.03501546
62 -527.62689209 -7.03502523
63 -527.62823486 -7.03504313
64 -527.62896729 -7.03505290
65 -527.63116455 -7.03508219
66 -527.63201904 -7.03509359
67 -527.63330078 -7.03511068
68 -527.63494873 -7.03513265
69 -527.63629150 -7.03515055
70 -527.63726807 -7.03516357
71 -527.63769531 -7.03516927
72 -527.63903809 -7.03518717
73 -527.64031982 -7.03520426
74 -527.64105225 -7.03521403
75 -527.64270020 -7.03523600
76 -527.64428711 -7.03525716
77 -527.64544678 -7.03527262
78 -527.64593506 -7.03527913
79 -527.64733887 -7.03529785
80 -527.64837646 -7.03531169
81 -527.64978027 -7.03533040
82 -527.65045166 -7.03533936
83 -527.65185547 -7.03535807
84 -527.65234375 -7.03536458
85 -527.65405273 -7.03538737
