0 -540.18170166 -6.92540643
1 -540.19866943 -6.92562397
2 -540.21142578 -6.92578751
3 -540.22204590 -6.92592367
4 -540.22570801 -6.92597062
5 -540.23071289 -6.92603478
6 -540.23187256 -6.92604965
7 -540.23577881 -6.92609973
8 -540.23699951 -6.92611538
9 -540.23937988 -6.92614590
10 -540.24182129 -6.92617720
11 -540.24340820 -6.92619754
12 -540.24493408 -6.92621710
13 -540.24395752 -6.92620458
14 -540.24548340 -6.92622415
15 -540.24255371 -6.92618659
16 -540.24554443 -6.92622493
17 -540.24328613 -6.92619598
18 -540.24542236 -6.92622336
19 -540.24566650 -6.92622649
20 -540.24499512 -6.92621789
21 -540.24645996 -6.92623667
22 -540.24932861 -6.92627344
23 -540.24554443 -6.92622493
24 -540.24658203 -6.92623823
25 -540.24621582 -6.92623354
26 -540.24798584 -6.92625623
27 -540.24755859 -6.92625075
28 -540.24633789 -6.92623510
29 -540.24682617 -6.92624136
30 -540.24615479 -6.92623275
31 -540.24908447 -6.92627031
32 -540.24804688 -6.92625701
33 -540.24877930 -6.92626640
34 -540.24884033 -6.92626718
35 -540.24725342 -6.92624684
36 -540.24432373 -6.92620928
37 -540.24621582 -6.92623354
38 -540.24578857 -6.92622806
39 -540.24658203 -6.92623823
40 -540.24383545 -6.92620302
41 -540.24493408 -6.92621710
42 -540.24230957 -6.92618346
43 -540.24609375 -6.92623197
44 -540.24255371 -6.92618659
45 -540.24511719 -6.92621945
46 -540.24243164 -6.92618502
47 -540.24475098 -6.92621476
48 -540.24420166 -6.92620771
49 -540.24377441 -6.92620224
50 -540.24444580 -6.92621084
51 -540.24639893 -6.92623588
52 -540.24328613 -6.92619598
53 -540.24572754 -6.92622728
54 -540.24389648 -6.92620380
55 -540.24328613 -6.92619598
56 -540.24243164 -6.92618502
57 -540.24426270 -6.92620850
58 -540.24017334 -6.92615607
59 -540.24237061 -6.92618424
60 -540.23919678 -6.92614355
61 -540.24182129 -6.92617720
62 -540.23962402 -6.92614903
63 -540.23937988 -6.92614590
64 -540.23828125 -6.92613181
65 -540.24072266 -6.92616311
66 -540.23797607 -6.92612790
67 -540.23907471 -6.92614198
68 -540.23675537 -6.92611225
69 -540.23815918 -6.92613025
70 -540.23828125 -6.92613181
71 -540.23590088 -6.92610129
72 -540.23504639 -6.92609034
73 -540.23254395 -6.92605826
74 -540.23242188 -6.92605669
75 -540.23101807 -6.92603869
76 -540.23156738 -6.92604574
77 -540.23138428 -6.92604339
78 -540.22692871 -6.92598627
79 -540.22973633 -6.92602226
80 -540.22497559 -6.92596123
81 -540.22686768 -6.92598548
82 -540.22473145 -6.92595810
83 -540.22607422 -6.92597531
84 -540.22521973 -6.92596436
85 -540.22644043 -6.92598001
86 -540.22271729 -6.92593227
87 -540.22436523 -6.92595340
88 -540.22357178 -6.92594323
89 -540.22143555 -6.92591584
90 -540.22143555 -6.92591584
91 -540.21990967 -6.92589628
92 -540.22052002 -6.92590410
93 -540.21923828 -6.92588767
94 -540.22015381 -6.92589941
95 -540.21850586 -6.92587828
96 -540.21771240 -6.92586811
97 -540.21606445 -6.92584698
98 -540.21771240 -6.92586811
99 -540.21789551 -6.92587046
100 -540.21636963 -6.92585089
101 -540.21545410 -6.92583916
102 -540.21612549 -6.92584776
103 -540.21447754 -6.92582664
104 -540.21392822 -6.92581959
105 -540.21331787 -6.92581177
106 -540.21282959 -6.92580551
107 -540.21508789 -6.92583446
108 -540.21289062 -6.92580629
109 -540.21215820 -6.92579690
110 -540.21081543 -6.92577968
111 -540.20928955 -6.92576012
112 -540.20770264 -6.92573978
113 -540.20727539 -6.92573430
114 -540.20648193 -6.92572413
115 -540.20788574 -6.92574212
116 -540.20745850 -6.92573665
117 -540.20922852 -6.92575934
118 -540.20843506 -6.92574917
119 -540.20977783 -6.92576638
120 -540.20629883 -6.92572178
121 -540.20562744 -6.92571317
122 -540.20507812 -6.92570613
123 -540.20208740 -6.92566779
124 -540.20043945 -6.92564666
125 -540.20043945 -6.92564666
126 -540.19720459 -6.92560519
127 -540.19793701 -6.92561458
128 -540.19537354 -6.92558171
129 -540.19628906 -6.92559345
130 -540.19445801 -6.92556997
131 -540.19421387 -6.92556684
132 -540.19458008 -6.92557154
133 -540.19635010 -6.92559423
134 -540.19494629 -6.92557623
135 -540.19641113 -6.92559501
136 -540.19598389 -6.92558954
137 -540.19555664 -6.92558406
138 -540.19360352 -6.92555902
139 -540.19415283 -6.92556606
140 -540.19219971 -6.92554102
141 -540.19299316 -6.92555119
142 -540.19110107 -6.92552694
143 -540.18957520 -6.92550737
144 -540.18383789 -6.92543382
145 -540.18640137 -6.92546668
146 -540.18261719 -6.92541817
147 -540.18664551 -6.92546981
148 -540.18286133 -6.92542130
149 -540.18652344 -6.92546825
150 -540.18341064 -6.92542834
151 -540.18432617 -6.92544008
152 -540.18286133 -6.92542130
153 -540.18322754 -6.92542599
154 -540.18408203 -6.92543695
155 -540.18469238 -6.92544477
156 -540.18292236 -6.92542208
157 -540.18395996 -6.92543538
158 -540.18176270 -6.92540721
159 -540.18365479 -6.92543147
160 -540.18109131 -6.92539861
161 -540.18347168 -6.92542912
162 -540.18115234 -6.92539939
163 -540.18218994 -6.92541269
164 -540.17956543 -6.92537904
165 -540.18243408 -6.92541582
166 -540.17724609 -6.92534931
167 -540.17987061 -6.92538296
168 -540.17303467 -6.92529532
169 -540.17303467 -6.92529532
170 -540.17352295 -6.92530158
171 -540.17102051 -6.92526949
172 -540.16925049 -6.92524680
173 -540.17163086 -6.92527732
174 -540.16870117 -6.92523976
175 -540.16870117 -6.92523976
176 -540.16607666 -6.92520611
177 -540.16748047 -6.92522411
178 -540.16528320 -6.92519594
179 -540.16485596 -6.92519046
180 -540.16058350 -6.92513569
181 -540.16320801 -6.92516933
182 -540.16046143 -6.92513412
183 -540.16326904 -6.92517012
184 -540.16003418 -6.92512864
185 -540.16339111 -6.92517168
186 -540.15856934 -6.92510986
187 -540.16033936 -6.92513256
188 -540.16064453 -6.92513647
189 -540.15869141 -6.92511143
190 -540.15838623 -6.92510752
191 -540.15673828 -6.92508639
192 -540.15216064 -6.92502770
193 -540.15173340 -6.92502222
194 -540.14886475 -6.92498545
195 -540.15051270 -6.92500657
196 -540.14520264 -6.92493850
197 -540.14697266 -6.92496119
198 -540.14440918 -6.92492832
199 -540.14245605 -6.92490328
200 -540.14111328 -6.92488607
201 -540.13977051 -6.92486885
202 -540.13806152 -6.92484694
203 -540.14031982 -6.92487590
204 -540.13732910 -6.92483755
205 -540.13635254 -6.92482503
206 -540.13696289 -6.92483286
207 -540.13775635 -6.92484303
208 -540.13513184 -6.92480938
209 -540.13684082 -6.92483129
210 -540.13507080 -6.92480860
211 -540.13641357 -6.92482582
212 -540.13330078 -6.92478591
213 -540.13500977 -6.92480782
214 -540.13244629 -6.92477495
215 -540.13201904 -6.92476947
216 -540.13110352 -6.92475774
217 -540.13098145 -6.92475617
218 -540.13006592 -6.92474443
219 -540.13049316 -6.92474991
220 -540.12731934 -6.92470922
221 -540.12835693 -6.92472252
222 -540.12481689 -6.92467714
223 -540.12652588 -6.92469905
224 -540.12530518 -6.92468340
225 -540.12591553 -6.92469122
226 -540.12139893 -6.92463332
227 -540.12628174 -6.92469592
228 -540.12182617 -6.92463880
229 -540.12280273 -6.92465132
230 -540.11981201 -6.92461297
231 -540.12194824 -6.92464036
232 -540.12139893 -6.92463332
233 -540.12176514 -6.92463801
234 -540.12030029 -6.92461923
235 -540.11871338 -6.92459889
236 -540.11987305 -6.92461376
237 -540.11926270 -6.92460593
238 -540.11840820 -6.92459498
239 -540.11822510 -6.92459263
240 -540.11578369 -6.92456133
241 -540.11712646 -6.92457854
242 -540.11529541 -6.92455507
243 -540.11676025 -6.92457385
244 -540.11730957 -6.92458089
245 -540.11779785 -6.92458715
246 -540.11779785 -6.92458715
247 -540.11810303 -6.92459106
248 -540.11712646 -6.92457854
249 -540.11614990 -6.92456602
250 -540.11639404 -6.92456915
251 -540.11511230 -6.92455272
252 -540.11474609 -6.92454803
253 -540.11584473 -6.92456211
254 -540.11334229 -6.92453003
255 -540.11199951 -6.92451281
256 -540.11022949 -6.92449012
257 -540.11132812 -6.92450421
258 -540.11114502 -6.92450186
259 -540.11029053 -6.92449090
260 -540.10888672 -6.92447291
261 -540.10632324 -6.92444004
262 -540.10607910 -6.92443691
263 -540.10607910 -6.92443691
264 -540.10290527 -6.92439622
265 -540.10607910 -6.92443691
266 -540.10357666 -6.92440483
267 -540.10736084 -6.92445334
268 -540.10534668 -6.92442752
269 -540.10614014 -6.92443769
270 -540.10565186 -6.92443143
271 -540.10827637 -6.92446508
272 -540.10656738 -6.92444317
273 -540.10565186 -6.92443143
274 -540.10375977 -6.92440718
275 -540.10516357 -6.92442517
276 -540.10473633 -6.92441970
277 -540.10595703 -6.92443535
278 -540.10449219 -6.92441657
279 -540.10418701 -6.92441265
280 -540.10296631 -6.92439700
281 -540.10614014 -6.92443769
282 -540.10327148 -6.92440092
283 -540.10473633 -6.92441970
284 -540.10144043 -6.92437744
285 -540.10211182 -6.92438605
286 -540.09875488 -6.92434301
287 -540.10052490 -6.92436570
288 -540.09863281 -6.92434145
289 -540.10125732 -6.92437509
290 -540.09783936 -6.92433127
291 -540.10095215 -6.92437118
292 -540.09832764 -6.92433753
293 -540.10034180 -6.92436336
294 -540.09729004 -6.92432423
295 -540.09655762 -6.92431484
296 -540.09820557 -6.92433597
297 -540.09808350 -6.92433440
298 -540.09790039 -6.92433206
299 -540.09649658 -6.92431406
300 -540.09515381 -6.92429684
301 -540.09442139 -6.92428745
302 -540.09613037 -6.92430936
303 -540.09558105 -6.92430232
304 -540.09368896 -6.92427806
305 -540.09497070 -6.92429450
306 -540.09484863 -6.92429293
307 -540.09527588 -6.92429841
308 -540.09735107 -6.92432501
309 -540.09423828 -6.92428511
310 -540.09490967 -6.92429371
311 -540.09356689 -6.92427650
312 -540.09271240 -6.92426554
313 -540.09326172 -6.92427259
314 -540.09149170 -6.92424989
315 -540.09191895 -6.92425537
316 -540.09124756 -6.92424676
317 -540.09112549 -6.92424520
318 -540.09252930 -6.92426320
319 -540.09185791 -6.92425459
320 -540.09179688 -6.92425381
321 -540.09094238 -6.92424285
322 -540.08892822 -6.92421703
323 -540.08782959 -6.92420294
324 -540.08898926 -6.92421781
325 -540.09002686 -6.92423111
326 -540.08996582 -6.92423033
327 -540.09082031 -6.92424129
328 -540.08978271 -6.92422798
329 -540.08947754 -6.92422407
330 -540.08856201 -6.92421233
331 -540.08709717 -6.92419355
332 -540.08703613 -6.92419277
333 -540.08435059 -6.92415834
334 -540.08374023 -6.92415052
335 -540.08551025 -6.92417321
336 -540.08319092 -6.92414347
337 -540.08435059 -6.92415834
338 -540.08288574 -6.92413956
339 -540.08209229 -6.92412939
340 -540.08300781 -6.92414113
341 -540.08251953 -6.92413487
342 -540.08502197 -6.92416695
343 -540.08215332 -6.92413017
344 -540.08453369 -6.92416069
345 -540.08477783 -6.92416382
346 -540.08355713 -6.92414817
347 -540.08361816 -6.92414895
348 -540.08306885 -6.92414191
349 -540.08245850 -6.92413408
350 -540.08312988 -6.92414269
351 -540.08209229 -6.92412939
352 -540.08276367 -6.92413800
353 -540.08074951 -6.92411217
354 -540.07971191 -6.92409887
355 -540.07727051 -6.92406757
356 -540.08013916 -6.92410435
357 -540.07757568 -6.92407148
358 -540.07568359 -6.92404723
359 -540.07757568 -6.92407148
360 -540.07623291 -6.92405427
361 -540.07843018 -6.92408244
362 -540.07611084 -6.92405270
363 -540.07635498 -6.92405583
364 -540.07629395 -6.92405505
365 -540.07568359 -6.92404723
366 -540.07507324 -6.92403940
367 -540.07653809 -6.92405818
368 -540.07495117 -6.92403784
369 -540.07501221 -6.92403862
370 -540.07397461 -6.92402532
371 -540.07678223 -6.92406131
372 -540.07452393 -6.92403236
373 -540.07574463 -6.92404801
374 -540.07330322 -6.92401671
375 -540.07586670 -6.92404957
376 -540.07293701 -6.92401201
377 -540.07379150 -6.92402297
378 -540.07305908 -6.92401358
379 -540.07360840 -6.92402062
380 -540.07385254 -6.92402375
381 -540.07293701 -6.92401201
382 -540.07550049 -6.92404488
383 -540.07421875 -6.92402845
384 -540.07690430 -6.92406288
385 -540.07714844 -6.92406601
386 -540.07720947 -6.92406679
387 -540.07727051 -6.92406757
388 -540.07708740 -6.92406522
389 -540.07897949 -6.92408948
390 -540.07952881 -6.92409652
391 -540.07995605 -6.92410200
392 -540.08123779 -6.92411843
393 -540.08044434 -6.92410826
394 -540.07904053 -6.92409026
395 -540.07727051 -6.92406757
396 -540.08013916 -6.92410435
397 -540.07885742 -6.92408792
398 -540.08020020 -6.92410513
399 -540.07928467 -6.92409339
400 -540.08044434 -6.92410826
401 -540.08068848 -6.92411139
402 -540.08135986 -6.92412000
403 -540.08020020 -6.92410513
404 -540.08233643 -6.92413252
405 -540.08508301 -6.92416773
406 -540.08355713 -6.92414817
407 -540.08355713 -6.92414817
408 -540.08282471 -6.92413878
409 -540.08142090 -6.92412078
410 -540.08312988 -6.92414269
411 -540.08453369 -6.92416069
412 -540.08496094 -6.92416617
413 -540.08544922 -6.92417243
414 -540.08709717 -6.92419355
415 -540.08715820 -6.92419434
416 -540.08807373 -6.92420607
417 -540.08917236 -6.92422016
418 -540.09130859 -6.92424755
419 -540.09094238 -6.92424285
420 -540.08905029 -6.92421859
421 -540.08795166 -6.92420451
422 -540.08764648 -6.92420060
423 -540.09002686 -6.92423111
424 -540.08862305 -6.92421312
425 -540.09179688 -6.92425381
426 -540.09124756 -6.92424676
427 -540.09094238 -6.92424285
428 -540.09332275 -6.92427337
429 -540.09283447 -6.92426711
430 -540.09429932 -6.92428589
431 -540.09741211 -6.92432580
432 -540.09698486 -6.92432032
433 -540.09802246 -6.92433362
434 -540.09582520 -6.92430545
435 -540.09606934 -6.92430858
436 -540.09570312 -6.92430389
437 -540.09716797 -6.92432267
438 -540.09887695 -6.92434458
439 -540.09661865 -6.92431562
440 -540.09912109 -6.92434771
441 -540.09875488 -6.92434301
442 -540.09942627 -6.92435162
443 -540.09924316 -6.92434927
444 -540.09918213 -6.92434849
445 -540.10028076 -6.92436257
446 -540.10205078 -6.92438527
