0 -482.23419189 -6.51667827
1 -482.25805664 -6.51700077
2 -482.27276611 -6.51719954
3 -482.28509521 -6.51736615
4 -482.29449463 -6.51749317
5 -482.30273438 -6.51760452
6 -482.30957031 -6.51769690
7 -482.31683350 -6.51779505
8 -482.32373047 -6.51788825
9 -482.32922363 -6.51796248
10 -482.33483887 -6.51803836
11 -482.33929443 -6.51809857
12 -482.34387207 -6.51816043
13 -482.34863281 -6.51822477
14 -482.35247803 -6.51827673
15 -482.35626221 -6.51832787
16 -482.35913086 -6.51836663
17 -482.36260986 -6.51841365
18 -482.36560059 -6.51845406
19 -482.36859131 -6.51849448
20 -482.37127686 -6.51853077
21 -482.37347412 -6.51856046
22 -482.37640381 -6.51860005
23 -482.37835693 -6.51862645
24 -482.38061523 -6.51865696
25 -482.38256836 -6.51868336
26 -482.38458252 -6.51871057
27 -482.38653564 -6.51873697
28 -482.38867188 -6.51876584
29 -482.39007568 -6.51878481
30 -482.39166260 -6.51880625
31 -482.39294434 -6.51882357
32 -482.39373779 -6.51883429
33 -482.39581299 -6.51886234
