0 -620.86755371 -6.74856037
1 -620.88061523 -6.74870234
2 -620.88531494 -6.74875342
3 -620.89147949 -6.74882043
4 -620.88800049 -6.74878261
5 -620.88928223 -6.74879655
6 -620.88818359 -6.74878460
7 -620.89215088 -6.74882773
8 -620.88940430 -6.74879787
9 -620.88806152 -6.74878328
10 -620.88745117 -6.74877664
11 -620.88482666 -6.74874812
12 -620.88537598 -6.74875409
13 -620.88537598 -6.74875409
14 -620.88220215 -6.74871959
15 -620.87963867 -6.74869172
16 -620.88110352 -6.74870765
17 -620.87713623 -6.74866452
18 -620.87420654 -6.74863268
19 -620.87091064 -6.74859685
20 -620.86315918 -6.74851260
21 -620.86456299 -6.74852786
22 -620.85900879 -6.74846749
23 -620.85699463 -6.74844559
24 -620.85369873 -6.74840977
25 -620.85314941 -6.74840380
26 -620.85083008 -6.74837859
27 -620.84484863 -6.74831357
28 -620.84039307 -6.74826514
29 -620.83929443 -6.74825320
30 -620.84118652 -6.74827377
31 -620.83514404 -6.74820809
32 -620.82727051 -6.74812251
33 -620.82513428 -6.74809929
34 -620.82165527 -6.74806147
35 -620.82202148 -6.74806545
36 -620.81774902 -6.74801901
37 -620.81195068 -6.74795599
38 -620.81042480 -6.74793940
39 -620.81372070 -6.74797523
40 -620.81243896 -6.74796129
41 -620.81542969 -6.74799380
42 -620.80792236 -6.74791220
43 -620.80633545 -6.74789495
44 -620.80218506 -6.74784984
45 -620.80322266 -6.74786112
46 -620.80755615 -6.74790822
47 -620.80389404 -6.74786841
48 -620.80493164 -6.74787969
49 -620.80700684 -6.74790225
50 -620.80541992 -6.74788500
51 -620.79821777 -6.74780671
52 -620.79919434 -6.74781733
53 -620.79626465 -6.74778549
54 -620.78942871 -6.74771118
55 -620.79180908 -6.74773706
56 -620.78656006 -6.74768000
57 -620.78289795 -6.74764020
58 -620.77783203 -6.74758513
59 -620.77526855 -6.74755727
60 -620.77557373 -6.74756058
61 -620.77441406 -6.74754798
62 -620.76947021 -6.74749424
63 -620.77514648 -6.74755594
64 -620.77227783 -6.74752476
65 -620.76684570 -6.74746571
66 -620.76354980 -6.74742989
67 -620.76220703 -6.74741529
68 -620.75866699 -6.74737682
69 -620.75402832 -6.74732639
70 -620.75775146 -6.74736686
71 -620.74926758 -6.74727465
72 -620.75225830 -6.74730716
73 -620.74853516 -6.74726669
74 -620.74969482 -6.74727929
75 -620.74670410 -6.74724678
76 -620.74627686 -6.74724214
77 -620.74645996 -6.74724413
78 -620.73468018 -6.74711609
79 -620.73760986 -6.74714793
80 -620.73809814 -6.74715324
81 -620.73126221 -6.74707894
82 -620.72735596 -6.74703648
83 -620.72332764 -6.74699269
84 -620.72125244 -6.74697014
85 -620.72082520 -6.74696549
86 -620.72241211 -6.74698274
87 -620.71990967 -6.74695554
88 -620.71453857 -6.74689716
89 -620.71533203 -6.74690578
90 -620.71026611 -6.74685072
91 -620.70910645 -6.74683811
92 -620.70684814 -6.74681357
93 -620.70385742 -6.74678106
94 -620.70617676 -6.74680627
95 -620.70007324 -6.74673993
96 -620.69708252 -6.74670742
97 -620.70056152 -6.74674523
98 -620.69317627 -6.74666496
99 -620.69085693 -6.74663975
100 -620.69287109 -6.74666164
101 -620.68945312 -6.74662449
102 -620.68682861 -6.74659596
103 -620.68273926 -6.74655151
104 -620.67687988 -6.74648782
105 -620.67706299 -6.74648982
106 -620.67346191 -6.74645067
107 -620.67608643 -6.74647920
108 -620.66912842 -6.74640357
109 -620.66668701 -6.74637703
110 -620.66735840 -6.74638433
111 -620.66406250 -6.74634851
112 -620.66131592 -6.74631865
113 -620.66430664 -6.74635116
114 -620.66699219 -6.74638035
115 -620.66888428 -6.74640092
116 -620.66833496 -6.74639495
117 -620.66766357 -6.74638765
118 -620.65966797 -6.74630074
119 -620.66107178 -6.74631600
120 -620.65679932 -6.74626956
121 -620.65747070 -6.74627686
122 -620.65698242 -6.74627155
123 -620.66357422 -6.74634320
124 -620.65747070 -6.74627686
125 -620.66149902 -6.74632064
126 -620.65148926 -6.74621184
127 -620.65789795 -6.74628150
128 -620.64971924 -6.74619260
129 -620.65289307 -6.74622710
130 -620.64532471 -6.74614483
131 -620.64355469 -6.74612559
132 -620.63781738 -6.74606323
133 -620.63989258 -6.74608579
134 -620.63757324 -6.74606058
135 -620.63616943 -6.74604532
136 -620.63598633 -6.74604333
137 -620.63818359 -6.74606721
138 -620.64062500 -6.74609375
139 -620.63854980 -6.74607119
140 -620.63659668 -6.74604996
141 -620.63464355 -6.74602873
142 -620.63342285 -6.74601547
143 -620.63146973 -6.74599424
144 -620.63098145 -6.74598893
145 -620.62835693 -6.74596040
146 -620.62341309 -6.74590666
147 -620.62329102 -6.74590534
148 -620.61688232 -6.74583568
149 -620.61535645 -6.74581909
150 -620.61621094 -6.74582838
151 -620.61004639 -6.74576137
152 -620.60888672 -6.74574877
153 -620.60534668 -6.74571029
154 -620.60656738 -6.74572356
155 -620.60290527 -6.74568375
156 -620.59637451 -6.74561277
157 -620.59210205 -6.74556633
158 -620.59509277 -6.74559883
159 -620.59295654 -6.74557561
160 -620.58898926 -6.74553249
161 -620.58166504 -6.74545288
162 -620.57409668 -6.74537062
163 -620.57800293 -6.74541308
164 -620.57434082 -6.74537327
165 -620.57513428 -6.74538189
166 -620.56982422 -6.74532418
167 -620.56909180 -6.74531622
168 -620.56951904 -6.74532086
169 -620.57012939 -6.74532749
170 -620.56988525 -6.74532484
171 -620.56866455 -6.74531157
172 -620.56549072 -6.74527707
173 -620.55822754 -6.74519813
174 -620.55371094 -6.74514903
175 -620.54718018 -6.74507805
176 -620.54211426 -6.74502298
177 -620.54034424 -6.74500374
178 -620.53369141 -6.74493143
179 -620.53234863 -6.74491683
180 -620.52319336 -6.74481732
181 -620.52062988 -6.74478946
182 -620.52478027 -6.74483457
183 -620.51989746 -6.74478149
184 -620.51928711 -6.74477486
185 -620.51599121 -6.74473903
186 -620.51983643 -6.74478083
187 -620.51599121 -6.74473903
188 -620.52105713 -6.74479410
189 -620.51446533 -6.74472245
190 -620.51654053 -6.74474501
191 -620.51220703 -6.74469790
192 -620.51367188 -6.74471382
193 -620.51074219 -6.74468198
194 -620.50842285 -6.74465677
195 -620.50555420 -6.74462559
196 -620.50518799 -6.74462161
197 -620.50671387 -6.74463819
198 -620.50543213 -6.74462426
199 -620.50164795 -6.74458313
200 -620.50164795 -6.74458313
201 -620.49822998 -6.74454598
202 -620.49932861 -6.74455792
203 -620.49365234 -6.74449622
204 -620.49993896 -6.74456455
205 -620.50250244 -6.74459242
206 -620.50128174 -6.74457915
207 -620.50024414 -6.74456787
208 -620.50018311 -6.74456721
209 -620.49920654 -6.74455659
210 -620.49163818 -6.74447433
211 -620.48413086 -6.74439273
212 -620.48175049 -6.74436685
213 -620.48242188 -6.74437415
214 -620.48065186 -6.74435491
215 -620.47747803 -6.74432041
216 -620.47943115 -6.74434164
217 -620.46435547 -6.74417778
218 -620.46459961 -6.74418043
219 -620.46099854 -6.74414129
220 -620.46173096 -6.74414925
221 -620.45660400 -6.74409352
222 -620.45489502 -6.74407495
223 -620.44934082 -6.74401457
224 -620.45556641 -6.74408224
225 -620.45446777 -6.74407030
226 -620.45513916 -6.74407760
227 -620.45330811 -6.74405770
228 -620.44793701 -6.74399932
229 -620.44293213 -6.74394491
230 -620.44799805 -6.74399998
231 -620.44470215 -6.74396415
232 -620.44360352 -6.74395221
233 -620.44433594 -6.74396017
234 -620.44323730 -6.74394823
235 -620.44250488 -6.74394027
236 -620.43664551 -6.74387658
237 -620.43505859 -6.74385933
238 -620.43865967 -6.74389847
239 -620.43701172 -6.74388056
240 -620.43524170 -6.74386132
241 -620.43432617 -6.74385137
242 -620.43322754 -6.74383943
243 -620.42803955 -6.74378304
244 -620.42095947 -6.74370608
245 -620.42333984 -6.74373195
246 -620.42016602 -6.74369746
247 -620.41644287 -6.74365699
248 -620.40667725 -6.74355084
249 -620.40856934 -6.74357141
250 -620.40075684 -6.74348649
251 -620.40002441 -6.74347853
252 -620.40112305 -6.74349047
253 -620.40148926 -6.74349445
254 -620.39825439 -6.74345929
255 -620.39520264 -6.74342612
256 -620.39508057 -6.74342479
257 -620.38580322 -6.74332395
258 -620.38739014 -6.74334120
259 -620.37634277 -6.74322112
260 -620.37646484 -6.74322244
261 -620.37304688 -6.74318529
262 -620.37811279 -6.74324036
263 -620.37115479 -6.74316473
264 -620.37445068 -6.74320055
265 -620.37457275 -6.74320188
266 -620.37536621 -6.74321050
267 -620.36657715 -6.74311497
268 -620.37078857 -6.74316075
269 -620.36828613 -6.74313354
270 -620.37145996 -6.74316804
271 -620.36614990 -6.74311033
272 -620.37310791 -6.74318596
273 -620.36169434 -6.74306189
274 -620.36480713 -6.74309573
275 -620.36425781 -6.74308976
276 -620.36267090 -6.74307251
277 -620.36206055 -6.74306588
278 -620.36206055 -6.74306588
279 -620.36187744 -6.74306389
280 -620.35845947 -6.74302673
281 -620.35339355 -6.74297167
282 -620.34582520 -6.74288940
283 -620.34716797 -6.74290400
284 -620.34350586 -6.74286419
285 -620.34747314 -6.74290732
286 -620.34161377 -6.74284363
287 -620.34014893 -6.74282771
288 -620.33740234 -6.74279785
289 -620.33654785 -6.74278856
290 -620.33666992 -6.74278989
291 -620.33508301 -6.74277264
292 -620.32788086 -6.74269436
293 -620.34240723 -6.74285225
294 -620.33813477 -6.74280581
295 -620.33489990 -6.74277065
296 -620.33215332 -6.74274080
297 -620.32946777 -6.74271161
298 -620.32031250 -6.74261209
299 -620.32562256 -6.74266981
300 -620.32464600 -6.74265920
301 -620.32348633 -6.74264659
302 -620.32391357 -6.74265123
303 -620.32226562 -6.74263332
304 -620.31622314 -6.74256764
305 -620.31970215 -6.74260546
306 -620.31640625 -6.74256963
307 -620.31640625 -6.74256963
308 -620.31744385 -6.74258091
309 -620.31280518 -6.74253049
310 -620.31707764 -6.74257693
311 -620.31384277 -6.74254177
312 -620.31359863 -6.74253912
313 -620.30889893 -6.74248803
314 -620.31201172 -6.74252187
315 -620.30847168 -6.74248339
316 -620.30883789 -6.74248737
317 -620.30834961 -6.74248206
318 -620.29925537 -6.74238321
319 -620.29724121 -6.74236132
320 -620.29864502 -6.74237658
321 -620.29602051 -6.74234805
322 -620.29711914 -6.74235999
323 -620.29919434 -6.74238255
324 -620.29663086 -6.74235468
325 -620.28833008 -6.74226446
326 -620.28308105 -6.74220740
327 -620.28808594 -6.74226180
328 -620.28485107 -6.74222664
329 -620.28649902 -6.74224455
330 -620.28802490 -6.74226114
331 -620.28936768 -6.74227574
332 -620.29101562 -6.74229365
333 -620.29272461 -6.74231222
334 -620.29425049 -6.74232881
335 -620.29193115 -6.74230360
336 -620.28717041 -6.74225185
337 -620.28930664 -6.74227507
338 -620.28887939 -6.74227043
339 -620.28729248 -6.74225318
340 -620.28204346 -6.74219612
341 -620.28576660 -6.74223659
342 -620.28741455 -6.74225451
343 -620.28582764 -6.74223726
344 -620.28698730 -6.74224986
345 -620.28375244 -6.74221470
346 -620.29046631 -6.74228768
347 -620.28955078 -6.74227773
348 -620.28344727 -6.74221138
349 -620.29174805 -6.74230161
350 -620.29821777 -6.74237193
351 -620.29028320 -6.74228569
352 -620.29089355 -6.74229232
353 -620.28814697 -6.74226247
354 -620.28826904 -6.74226379
355 -620.29437256 -6.74233014
356 -620.29022217 -6.74228502
357 -620.29205322 -6.74230493
358 -620.29058838 -6.74228900
359 -620.28833008 -6.74226446
360 -620.28375244 -6.74221470
361 -620.28625488 -6.74224190
362 -620.28155518 -6.74219082
363 -620.28472900 -6.74222532
364 -620.27990723 -6.74217290
365 -620.28308105 -6.74220740
366 -620.28283691 -6.74220475
367 -620.27874756 -6.74216030
368 -620.28100586 -6.74218485
369 -620.28210449 -6.74219679
370 -620.27917480 -6.74216494
371 -620.27996826 -6.74217357
372 -620.28039551 -6.74217821
373 -620.27868652 -6.74215964
374 -620.27752686 -6.74214703
375 -620.27880859 -6.74216096
376 -620.28143311 -6.74218949
377 -620.27868652 -6.74215964
378 -620.27923584 -6.74216561
379 -620.27856445 -6.74215831
380 -620.27648926 -6.74213575
381 -620.27355957 -6.74210391
382 -620.26940918 -6.74205880
383 -620.26672363 -6.74202960
384 -620.26458740 -6.74200638
385 -620.26721191 -6.74203491
386 -620.27508545 -6.74212049
387 -620.26708984 -6.74203359
388 -620.26525879 -6.74201368
389 -620.26110840 -6.74196857
390 -620.25531006 -6.74190554
391 -620.25177002 -6.74186707
392 -620.25402832 -6.74189161
393 -620.25677490 -6.74192147
394 -620.25567627 -6.74190952
