0 -611.95397949 -6.95402249
1 -611.04394531 -6.94368120
2 -609.87579346 -6.93040674
3 -608.30639648 -6.91257269
4 -606.87835693 -6.89634497
5 -606.57604980 -6.89290966
6 -605.98236084 -6.88616319
7 -605.15148926 -6.87672147
8 -604.52380371 -6.86958868
9 -602.83288574 -6.85037370
10 -601.21966553 -6.83204165
11 -600.53613281 -6.82427424
12 -599.80279541 -6.81594086
13 -598.20898438 -6.79782937
14 -597.25311279 -6.78696719
15 -596.10778809 -6.77395214
16 -594.93878174 -6.76066797
17 -595.01257324 -6.76150651
18 -596.22363281 -6.77526855
19 -594.68774414 -6.75781527
20 -595.91137695 -6.77172019
21 -593.53961182 -6.74476832
22 -593.15563965 -6.74040500
23 -593.01922607 -6.73885484
24 -594.85949707 -6.75976701
25 -595.32849121 -6.76509649
26 -593.90148926 -6.74888056
27 -593.05212402 -6.73922868
28 -592.29370117 -6.73061024
29 -591.78869629 -6.72487155
30 -592.06188965 -6.72797602
31 -590.17492676 -6.70653326
32 -589.55963135 -6.69954127
33 -589.00073242 -6.69319014
34 -588.68884277 -6.68964594
35 -586.42919922 -6.66396817
36 -585.86779785 -6.65758861
37 -584.73437500 -6.64470881
38 -584.73284912 -6.64469147
39 -584.41760254 -6.64110912
40 -585.13513184 -6.64926286
41 -582.61804199 -6.62065957
42 -582.90570068 -6.62392842
43 -583.07434082 -6.62584478
44 -583.88903809 -6.63510271
45 -583.47436523 -6.63039051
46 -582.62347412 -6.62072130
47 -583.13366699 -6.62651894
48 -582.83874512 -6.62316756
49 -582.10247803 -6.61480089
50 -581.72448730 -6.61050554
51 -580.72583008 -6.59915716
52 -579.89733887 -6.58974249
53 -580.61608887 -6.59791010
54 -578.79907227 -6.57726218
55 -578.93511963 -6.57880818
56 -579.54589844 -6.58574885
57 -578.91113281 -6.57853560
58 -579.15924072 -6.58135501
59 -579.63745117 -6.58678922
60 -578.99926758 -6.57953713
61 -577.93975830 -6.56749725
62 -577.01965332 -6.55704152
63 -576.43908691 -6.55044417
64 -576.03369141 -6.54583740
65 -576.43322754 -6.55037759
66 -574.59838867 -6.52952714
67 -573.71026611 -6.51943484
68 -574.31097412 -6.52626107
69 -574.31524658 -6.52630962
70 -572.71765137 -6.50815513
71 -571.55908203 -6.49498957
72 -571.89501953 -6.49880704
73 -571.68713379 -6.49644470
74 -572.77026367 -6.50875300
75 -571.68310547 -6.49639893
76 -571.82788086 -6.49804410
77 -574.16174316 -6.52456526
78 -574.25476074 -6.52562228
79 -573.27819824 -6.51452498
80 -572.64172363 -6.50729231
81 -571.10253906 -6.48980158
82 -570.39770508 -6.48179210
83 -569.57116699 -6.47239962
84 -568.19470215 -6.45675798
85 -565.96655273 -6.43143810
86 -564.70855713 -6.41714269
87 -563.58258057 -6.40434751
88 -563.01116943 -6.39785420
89 -562.55725098 -6.39269603
90 -563.18023682 -6.39977542
91 -565.24865723 -6.42328020
92 -565.01306152 -6.42060297
93 -562.58801270 -6.39304560
94 -561.55493164 -6.38130604
95 -559.83093262 -6.36171514
96 -560.62731934 -6.37076499
97 -561.25744629 -6.37792553
98 -561.93188477 -6.38558960
99 -561.33886719 -6.37885076
100 -561.65319824 -6.38242271
101 -564.06030273 -6.40977617
102 -564.03015137 -6.40943354
103 -561.37121582 -6.37921836
104 -559.96423340 -6.36322992
105 -559.41052246 -6.35693776
106 -559.81402588 -6.36152302
107 -559.08935547 -6.35328813
108 -558.59509277 -6.34767151
109 -558.28295898 -6.34412453
110 -554.75482178 -6.30403207
111 -554.38378906 -6.29981578
112 -556.37493896 -6.32244249
113 -556.54394531 -6.32436301
114 -556.72973633 -6.32647428
115 -556.37609863 -6.32245567
116 -556.61853027 -6.32521057
117 -557.36486816 -6.33369168
118 -558.13024902 -6.34238919
119 -559.51696777 -6.35814736
120 -557.07312012 -6.33037636
121 -557.74401855 -6.33800021
122 -557.54370117 -6.33572388
123 -556.66906738 -6.32578486
124 -556.43090820 -6.32307850
125 -554.95294189 -6.30628343
126 -555.78656006 -6.31575636
127 -555.83312988 -6.31628557
128 -556.69714355 -6.32610390
129 -556.40893555 -6.32282881
130 -556.73168945 -6.32649647
131 -555.66406250 -6.31436435
132 -556.98358154 -6.32935888
133 -555.20690918 -6.30916942
134 -554.33599854 -6.29927271
135 -552.43988037 -6.27772591
136 -552.85351562 -6.28242631
137 -553.84387207 -6.29368036
138 -553.43957520 -6.28908608
139 -552.88140869 -6.28274328
140 -551.64495850 -6.26869271
141 -553.81359863 -6.29333635
142 -554.27471924 -6.29857635
143 -552.47912598 -6.27817189
144 -553.72808838 -6.29236464
145 -553.05639648 -6.28473178
146 -552.11224365 -6.27400277
147 -551.40924072 -6.26601410
148 -552.63586426 -6.27995300
149 -552.82226562 -6.28207120
150 -553.16442871 -6.28595942
151 -553.03338623 -6.28447030
152 -551.96514893 -6.27233124
153 -552.15594482 -6.27449937
154 -552.48950195 -6.27828979
155 -551.22546387 -6.26392573
156 -552.13922119 -6.27430933
157 -551.07604980 -6.26222784
158 -550.64288330 -6.25730549
159 -549.66174316 -6.24615617
160 -549.89477539 -6.24880427
161 -549.32580566 -6.24233870
162 -548.09667969 -6.22837136
163 -550.17749023 -6.25201693
164 -548.26196289 -6.23024958
165 -547.21179199 -6.21831582
166 -547.65698242 -6.22337480
167 -548.25817871 -6.23020658
168 -548.51519775 -6.23312725
169 -549.07562256 -6.23949571
170 -548.48986816 -6.23283941
171 -549.68908691 -6.24646690
172 -548.72180176 -6.23547502
173 -550.35217285 -6.25400196
174 -549.09313965 -6.23969477
175 -550.72839355 -6.25827720
176 -551.63861084 -6.26862058
177 -551.60937500 -6.26828835
178 -551.23925781 -6.26408248
179 -550.54907227 -6.25623946
180 -549.37963867 -6.24295044
181 -547.20031738 -6.21818542
182 -547.07458496 -6.21675665
183 -546.99267578 -6.21582586
184 -546.39898682 -6.20907940
185 -546.08996582 -6.20556779
186 -547.01245117 -6.21605058
187 -546.49194336 -6.21013572
188 -546.69848633 -6.21248280
189 -546.03527832 -6.20494634
190 -547.26379395 -6.21890675
191 -547.47399902 -6.22129544
192 -546.51098633 -6.21035212
193 -547.11834717 -6.21725395
194 -546.05499268 -6.20517037
195 -546.30456543 -6.20800643
196 -546.40216064 -6.20911546
197 -545.82434082 -6.20254933
198 -545.02929688 -6.19351474
199 -545.36767578 -6.19735995
200 -545.73059082 -6.20148399
201 -545.91943359 -6.20362993
202 -545.32995605 -6.19693132
203 -545.97998047 -6.20431796
204 -545.05151367 -6.19376720
205 -543.39892578 -6.17498779
206 -541.43774414 -6.15270164
207 -543.38562012 -6.17483659
208 -544.34118652 -6.18569530
209 -543.56970215 -6.17692843
210 -542.78582764 -6.16802077
211 -542.67749023 -6.16678966
212 -542.60791016 -6.16599898
213 -542.35064697 -6.16307553
214 -540.95141602 -6.14717518
215 -540.82238770 -6.14570895
216 -541.58001709 -6.15431838
217 -541.26617432 -6.15075198
218 -540.81787109 -6.14565763
219 -540.89617920 -6.14654749
220 -541.85394287 -6.15743117
221 -541.04687500 -6.14825994
222 -539.76184082 -6.13365728
223 -538.12927246 -6.11510537
224 -538.31182861 -6.11717987
225 -538.36834717 -6.11782213
226 -537.39117432 -6.10671789
227 -538.44873047 -6.11873557
228 -536.86853027 -6.10077875
229 -538.00732422 -6.11371959
230 -537.68347168 -6.11003945
231 -535.73632812 -6.08791282
232 -535.04370117 -6.08004206
233 -535.30352783 -6.08299463
234 -534.16650391 -6.07007391
235 -534.10522461 -6.06937755
236 -533.17272949 -6.05878102
237 -532.64367676 -6.05276905
238 -532.01599121 -6.04563626
239 -529.79431152 -6.02038990
240 -528.36407471 -6.00413721
241 -526.94494629 -5.98801075
242 -528.23492432 -6.00266959
243 -528.39581299 -6.00449787
244 -527.25018311 -5.99147935
245 -526.34063721 -5.98114360
246 -527.03161621 -5.98899564
247 -525.11071777 -5.96716725
248 -524.21179199 -5.95695218
249 -523.57757568 -5.94974518
250 -522.71710205 -5.93996707
251 -521.93981934 -5.93113431
252 -521.07092285 -5.92126049
253 -520.60327148 -5.91594627
254 -520.58117676 -5.91569519
255 -520.42553711 -5.91392656
256 -520.07885742 -5.90998702
257 -518.93127441 -5.89694630
258 -517.18548584 -5.87710779
259 -515.77697754 -5.86110202
260 -515.11712646 -5.85360371
261 -514.98339844 -5.85208407
262 -514.00988770 -5.84102145
263 -512.59478760 -5.82494077
264 -511.48471069 -5.81232626
265 -511.54226685 -5.81298031
266 -512.56640625 -5.82461825
267 -512.39379883 -5.82265680
268 -511.86273193 -5.81662195
269 -513.88781738 -5.83963429
270 -514.71997070 -5.84909058
271 -515.57238770 -5.85877713
272 -515.23236084 -5.85491319
273 -513.39996338 -5.83409049
274 -513.52990723 -5.83556713
275 -512.95037842 -5.82898157
276 -512.80670166 -5.82734888
277 -512.94042969 -5.82886852
278 -511.14913940 -5.80851295
279 -511.09686279 -5.80791890
280 -510.51199341 -5.80127265
281 -510.04650879 -5.79598305
282 -510.12844849 -5.79691419
283 -509.88299561 -5.79412495
284 -509.36227417 -5.78820766
285 -508.52871704 -5.77873542
286 -507.14328003 -5.76299182
287 -507.18844604 -5.76350507
288 -506.69351196 -5.75788082
289 -506.40402222 -5.75459116
290 -505.50222778 -5.74434350
291 -505.41836548 -5.74339052
292 -505.07089233 -5.73944196
293 -505.30590820 -5.74211259
294 -505.46762085 -5.74395024
295 -504.95330811 -5.73810577
296 -503.47637939 -5.72132249
297 -503.26373291 -5.71890606
298 -502.78591919 -5.71347635
299 -502.57412720 -5.71106963
300 -501.54928589 -5.69942370
301 -499.36907959 -5.67464863
302 -499.74819946 -5.67895681
303 -499.57336426 -5.67697005
304 -500.12106323 -5.68319390
305 -500.68847656 -5.68964178
306 -501.08041382 -5.69409561
307 -501.98934937 -5.70442442
308 -501.95294189 -5.70401070
309 -501.27536011 -5.69631091
310 -500.33233643 -5.68559473
311 -500.91000366 -5.69215913
312 -501.27917480 -5.69635426
313 -502.44488525 -5.70960097
314 -502.98092651 -5.71569235
315 -502.64169312 -5.71183742
316 -501.91690063 -5.70360114
317 -502.50534058 -5.71028796
318 -503.64227295 -5.72320765
319 -503.65103149 -5.72330718
320 -501.92025757 -5.70363929
321 -501.72015381 -5.70136538
322 -502.27377319 -5.70765651
323 -500.98892212 -5.69305593
324 -501.35498047 -5.69721569
325 -500.63110352 -5.68898981
326 -501.34045410 -5.69705061
327 -500.34201050 -5.68570466
328 -499.43630981 -5.67541261
329 -499.94671631 -5.68121269
330 -499.67556763 -5.67813145
331 -500.31707764 -5.68542134
332 -499.98733521 -5.68167426
333 -499.71386719 -5.67856667
334 -500.12567139 -5.68324627
335 -497.99456787 -5.65902918
336 -497.81234741 -5.65695849
