0 -661.35083008 -5.90491813
1 -660.03265381 -5.89314869
2 -658.01043701 -5.87509319
3 -655.44555664 -5.85219247
4 -652.01043701 -5.82152176
5 -648.34814453 -5.78882272
6 -643.65222168 -5.74689484
7 -638.52795410 -5.70114245
8 -633.79351807 -5.65887070
9 -627.94494629 -5.60665131
10 -621.99829102 -5.55355617
11 -614.92834473 -5.49043165
12 -606.94903564 -5.41918782
13 -599.01806641 -5.34837559
14 -590.18792725 -5.26953506
15 -583.15014648 -5.20669774
16 -579.01617432 -5.16978727
17 -575.10345459 -5.13485227
18 -569.52069092 -5.08500617
19 -561.57971191 -5.01410457
20 -555.95922852 -4.96392168
21 -546.44372559 -4.87896184
22 -537.28558350 -4.79719271
23 -529.61999512 -4.72874996
24 -523.14038086 -4.67089626
25 -516.05133057 -4.60760117
26 -512.79138184 -4.57849448
27 -510.29574585 -4.55621202
28 -504.99957275 -4.50892476
29 -500.21099854 -4.46616963
30 -495.84222412 -4.42716272
31 -488.38452148 -4.36057608
32 -480.77661133 -4.29264832
33 -471.59548950 -4.21067401
34 -463.75494385 -4.14066914
35 -454.23846436 -4.05570057
36 -445.96405029 -3.98182188
37 -432.23266602 -3.85922023
38 -426.36126709 -3.80679703
39 -417.67791748 -3.72926712
40 -401.06658936 -3.58095169
41 -394.72143555 -3.52429853
42 -390.09204102 -3.48296465
43 -384.32357788 -3.43146052
44 -377.23284912 -3.36815044
45 -374.15136719 -3.34063721
46 -368.52413940 -3.29039410
47 -365.96826172 -3.26757377
48 -359.51605225 -3.20996475
49 -351.48165894 -3.13822910
50 -349.30416870 -3.11878722
51 -339.53155518 -3.03153174
