0 -620.82928467 -7.21894517
1 -620.83441162 -7.21900479
2 -620.83489990 -7.21901046
3 -620.83496094 -7.21901117
4 -620.83410645 -7.21900124
5 -620.83636475 -7.21902750
6 -620.83654785 -7.21902963
7 -620.83752441 -7.21904098
8 -620.83526611 -7.21901472
9 -620.83380127 -7.21899769
10 -620.83410645 -7.21900124
11 -620.83233643 -7.21898066
12 -620.83093262 -7.21896433
13 -620.83062744 -7.21896078
14 -620.83032227 -7.21895724
15 -620.83221436 -7.21897924
16 -620.83264160 -7.21898420
17 -620.82958984 -7.21894872
18 -620.82861328 -7.21893736
19 -620.82586670 -7.21890543
20 -620.82336426 -7.21887633
21 -620.82482910 -7.21889336
22 -620.82543945 -7.21890046
23 -620.82385254 -7.21888201
24 -620.82324219 -7.21887491
25 -620.82238770 -7.21886497
26 -620.82067871 -7.21884510
27 -620.82073975 -7.21884581
28 -620.82165527 -7.21885646
29 -620.82220459 -7.21886284
30 -620.82153320 -7.21885504
31 -620.82000732 -7.21883729
32 -620.81768799 -7.21881033
33 -620.81689453 -7.21880110
34 -620.81579590 -7.21878832
35 -620.81408691 -7.21876845
36 -620.81109619 -7.21873368
37 -620.80981445 -7.21871877
38 -620.80908203 -7.21871026
39 -620.80718994 -7.21868826
40 -620.80590820 -7.21867335
41 -620.80664062 -7.21868187
42 -620.80242920 -7.21863290
43 -620.79949951 -7.21859883
44 -620.80444336 -7.21865632
45 -620.80273438 -7.21863645
46 -620.80474854 -7.21865987
47 -620.80499268 -7.21866271
48 -620.80444336 -7.21865632
49 -620.80255127 -7.21863432
50 -620.80114746 -7.21861799
51 -620.80072021 -7.21861303
52 -620.79840088 -7.21858606
53 -620.79876709 -7.21859031
54 -620.79925537 -7.21859599
55 -620.79833984 -7.21858535
56 -620.79846191 -7.21858677
57 -620.79504395 -7.21854702
58 -620.79479980 -7.21854418
59 -620.79425049 -7.21853780
60 -620.79516602 -7.21854844
61 -620.79333496 -7.21852715
62 -620.79174805 -7.21850870
63 -620.79058838 -7.21849521
64 -620.78771973 -7.21846186
65 -620.78845215 -7.21847037
66 -620.78894043 -7.21847605
67 -620.78869629 -7.21847321
68 -620.78631592 -7.21844553
69 -620.78576660 -7.21843915
70 -620.78344727 -7.21841218
71 -620.78466797 -7.21842637
72 -620.78686523 -7.21845192
73 -620.78723145 -7.21845618
74 -620.78625488 -7.21844482
75 -620.78454590 -7.21842495
76 -620.78552246 -7.21843631
77 -620.78173828 -7.21839231
78 -620.78173828 -7.21839231
79 -620.78186035 -7.21839373
80 -620.78039551 -7.21837669
81 -620.78424072 -7.21842140
82 -620.78479004 -7.21842779
83 -620.78466797 -7.21842637
84 -620.78460693 -7.21842566
85 -620.78344727 -7.21841218
86 -620.78399658 -7.21841856
87 -620.78485107 -7.21842850
88 -620.78540039 -7.21843489
89 -620.78173828 -7.21839231
90 -620.78356934 -7.21841360
91 -620.78265381 -7.21840295
92 -620.77844238 -7.21835398
93 -620.77746582 -7.21834263
94 -620.77722168 -7.21833979
95 -620.77673340 -7.21833411
96 -620.77276611 -7.21828798
97 -620.77673340 -7.21833411
98 -620.77709961 -7.21833837
99 -620.77301025 -7.21829082
100 -620.77264404 -7.21828656
101 -620.77197266 -7.21827875
102 -620.77380371 -7.21830004
103 -620.77471924 -7.21831069
104 -620.77270508 -7.21828727
105 -620.77539062 -7.21831850
106 -620.77392578 -7.21830146
107 -620.77258301 -7.21828585
108 -620.76788330 -7.21823120
109 -620.77319336 -7.21829295
110 -620.77532959 -7.21831779
111 -620.77581787 -7.21832346
112 -620.77246094 -7.21828443
113 -620.77252197 -7.21828514
114 -620.77587891 -7.21832417
115 -620.77197266 -7.21827875
116 -620.77020264 -7.21825817
117 -620.77130127 -7.21827094
118 -620.76959229 -7.21825107
119 -620.76776123 -7.21822978
120 -620.76873779 -7.21824114
121 -620.76873779 -7.21824114
122 -620.76892090 -7.21824327
123 -620.76885986 -7.21824256
124 -620.76855469 -7.21823901
125 -620.76959229 -7.21825107
126 -620.76940918 -7.21824894
127 -620.77099609 -7.21826740
128 -620.77148438 -7.21827307
129 -620.77258301 -7.21828585
130 -620.77038574 -7.21826030
131 -620.77050781 -7.21826172
132 -620.77246094 -7.21828443
133 -620.77209473 -7.21828017
134 -620.77343750 -7.21829578
135 -620.77026367 -7.21825888
136 -620.77026367 -7.21825888
137 -620.77227783 -7.21828230
138 -620.77514648 -7.21831566
139 -620.76971436 -7.21825249
140 -620.76928711 -7.21824752
141 -620.76934814 -7.21824823
142 -620.77221680 -7.21828159
143 -620.77093506 -7.21826669
144 -620.76794434 -7.21823191
145 -620.76861572 -7.21823972
146 -620.76782227 -7.21823049
147 -620.77136230 -7.21827165
148 -620.76953125 -7.21825036
149 -620.76947021 -7.21824965
150 -620.76977539 -7.21825320
151 -620.77197266 -7.21827875
152 -620.77209473 -7.21828017
153 -620.76934814 -7.21824823
154 -620.76843262 -7.21823759
155 -620.76934814 -7.21824823
156 -620.77081299 -7.21826527
157 -620.76971436 -7.21825249
158 -620.76745605 -7.21822623
159 -620.76702881 -7.21822127
160 -620.76257324 -7.21816946
161 -620.76110840 -7.21815242
162 -620.76049805 -7.21814533
163 -620.76306152 -7.21817513
164 -620.76055908 -7.21814604
165 -620.76312256 -7.21817584
166 -620.76037598 -7.21814391
167 -620.75939941 -7.21813255
168 -620.75915527 -7.21812971
169 -620.76037598 -7.21814391
170 -620.75952148 -7.21813397
171 -620.75616455 -7.21809494
172 -620.75402832 -7.21807010
173 -620.75415039 -7.21807152
174 -620.75421143 -7.21807223
175 -620.75036621 -7.21802751
176 -620.75097656 -7.21803461
177 -620.75048828 -7.21802893
178 -620.74786377 -7.21799842
179 -620.74755859 -7.21799487
180 -620.74597168 -7.21797641
181 -620.74664307 -7.21798422
182 -620.74267578 -7.21793809
183 -620.74255371 -7.21793667
184 -620.74487305 -7.21796364
185 -620.74383545 -7.21795157
186 -620.74206543 -7.21793099
187 -620.73736572 -7.21787635
188 -620.73840332 -7.21788841
189 -620.73803711 -7.21788415
190 -620.73657227 -7.21786712
191 -620.73620605 -7.21786286
192 -620.73535156 -7.21785293
193 -620.72955322 -7.21778550
194 -620.72802734 -7.21776776
195 -620.72766113 -7.21776350
196 -620.72863770 -7.21777486
197 -620.72662354 -7.21775144
198 -620.72052002 -7.21768047
199 -620.72039795 -7.21767905
200 -620.72143555 -7.21769111
201 -620.72155762 -7.21769253
202 -620.71777344 -7.21764853
203 -620.71704102 -7.21764001
204 -620.71557617 -7.21762298
205 -620.71783447 -7.21764924
206 -620.71618652 -7.21763008
207 -620.71643066 -7.21763291
208 -620.71496582 -7.21761588
209 -620.71343994 -7.21759814
210 -620.70800781 -7.21753497
211 -620.70812988 -7.21753639
212 -620.70800781 -7.21753497
213 -620.70361328 -7.21748388
214 -620.70507812 -7.21750091
215 -620.70568848 -7.21750801
216 -620.70190430 -7.21746400
217 -620.69696045 -7.21740652
218 -620.69464111 -7.21737955
219 -620.69531250 -7.21738735
220 -620.69354248 -7.21736677
221 -620.68817139 -7.21730432
222 -620.68542480 -7.21727238
223 -620.68426514 -7.21725890
224 -620.68054199 -7.21721560
225 -620.68139648 -7.21722554
226 -620.68371582 -7.21725251
227 -620.68572998 -7.21727593
228 -620.68560791 -7.21727451
229 -620.68359375 -7.21725109
230 -620.68347168 -7.21724967
231 -620.68457031 -7.21726245
232 -620.68347168 -7.21724967
233 -620.68426514 -7.21725890
234 -620.67712402 -7.21717586
235 -620.67645264 -7.21716805
236 -620.67370605 -7.21713612
237 -620.67291260 -7.21712689
238 -620.67395020 -7.21713896
239 -620.67150879 -7.21711057
240 -620.67364502 -7.21713541
241 -620.67425537 -7.21714250
242 -620.66979980 -7.21709070
243 -620.67242432 -7.21712121
244 -620.67388916 -7.21713825
245 -620.67510986 -7.21715244
246 -620.67285156 -7.21712618
247 -620.67376709 -7.21713683
248 -620.67346191 -7.21713328
249 -620.67755127 -7.21718083
250 -620.67321777 -7.21713044
251 -620.66632080 -7.21705024
252 -620.66851807 -7.21707579
253 -620.66638184 -7.21705095
254 -620.66552734 -7.21704102
255 -620.66619873 -7.21704882
256 -620.66210938 -7.21700127
257 -620.66162109 -7.21699559
258 -620.65972900 -7.21697359
259 -620.65856934 -7.21696011
260 -620.66247559 -7.21700553
261 -620.66156006 -7.21699488
262 -620.66345215 -7.21701689
263 -620.66290283 -7.21701050
264 -620.66406250 -7.21702398
265 -620.66436768 -7.21702753
266 -620.66564941 -7.21704244
267 -620.66174316 -7.21699701
268 -620.66491699 -7.21703392
269 -620.66162109 -7.21699559
270 -620.66467285 -7.21703108
271 -620.66308594 -7.21701263
272 -620.66473389 -7.21703179
273 -620.66027832 -7.21697998
274 -620.66113281 -7.21698992
275 -620.65850830 -7.21695940
276 -620.66217041 -7.21700198
277 -620.66192627 -7.21699914
278 -620.66424561 -7.21702611
279 -620.66235352 -7.21700411
280 -620.66870117 -7.21707792
281 -620.66888428 -7.21708005
282 -620.66870117 -7.21707792
283 -620.67028809 -7.21709637
284 -620.66955566 -7.21708786
285 -620.66772461 -7.21706657
286 -620.66699219 -7.21705805
287 -620.66967773 -7.21708928
288 -620.66882324 -7.21707934
289 -620.67022705 -7.21709566
290 -620.67089844 -7.21710347
291 -620.67327881 -7.21713115
292 -620.67102051 -7.21710489
293 -620.67028809 -7.21709637
294 -620.67211914 -7.21711766
295 -620.66888428 -7.21708005
296 -620.67065430 -7.21710063
297 -620.67095947 -7.21710418
298 -620.67126465 -7.21710773
299 -620.67321777 -7.21713044
300 -620.67291260 -7.21712689
301 -620.67309570 -7.21712902
302 -620.67340088 -7.21713257
303 -620.67095947 -7.21710418
304 -620.67388916 -7.21713825
305 -620.67224121 -7.21711908
306 -620.67041016 -7.21709779
307 -620.67346191 -7.21713328
308 -620.67559814 -7.21715812
309 -620.67462158 -7.21714676
310 -620.67260742 -7.21712334
311 -620.67004395 -7.21709353
312 -620.66821289 -7.21707224
313 -620.66601562 -7.21704669
314 -620.66619873 -7.21704882
315 -620.66333008 -7.21701547
316 -620.66540527 -7.21703960
317 -620.66284180 -7.21700979
318 -620.66168213 -7.21699630
319 -620.65863037 -7.21696082
320 -620.66369629 -7.21701972
321 -620.66235352 -7.21700411
322 -620.65905762 -7.21696579
323 -620.66131592 -7.21699205
324 -620.66070557 -7.21698495
325 -620.65704346 -7.21694237
326 -620.65649414 -7.21693598
327 -620.65942383 -7.21697004
328 -620.66223145 -7.21700269
329 -620.66210938 -7.21700127
330 -620.66174316 -7.21699701
331 -620.66339111 -7.21701618
332 -620.66448975 -7.21702895
333 -620.66632080 -7.21705024
334 -620.66552734 -7.21704102
335 -620.66693115 -7.21705734
336 -620.66467285 -7.21703108
337 -620.66418457 -7.21702540
338 -620.66302490 -7.21701192
339 -620.66479492 -7.21703250
340 -620.66442871 -7.21702824
341 -620.66693115 -7.21705734
342 -620.66491699 -7.21703392
343 -620.66522217 -7.21703747
344 -620.66381836 -7.21702114
345 -620.66217041 -7.21700198
346 -620.66027832 -7.21697998
347 -620.65997314 -7.21697643
348 -620.66192627 -7.21699914
349 -620.66363525 -7.21701901
350 -620.66296387 -7.21701121
351 -620.66369629 -7.21701972
352 -620.66552734 -7.21704102
353 -620.66510010 -7.21703605
354 -620.66564941 -7.21704244
355 -620.66650391 -7.21705237
356 -620.66528320 -7.21703818
357 -620.66394043 -7.21702256
358 -620.66693115 -7.21705734
359 -620.66412354 -7.21702469
360 -620.66613770 -7.21704811
361 -620.66693115 -7.21705734
362 -620.66711426 -7.21705947
363 -620.66558838 -7.21704173
364 -620.66735840 -7.21706231
365 -620.67041016 -7.21709779
366 -620.66687012 -7.21705663
367 -620.66882324 -7.21707934
368 -620.66802979 -7.21707011
369 -620.66326904 -7.21701476
370 -620.66296387 -7.21701121
371 -620.66662598 -7.21705379
372 -620.66894531 -7.21708076
373 -620.66961670 -7.21708857
374 -620.66882324 -7.21707934
375 -620.66973877 -7.21708999
376 -620.67102051 -7.21710489
377 -620.66949463 -7.21708715
378 -620.66723633 -7.21706089
379 -620.66607666 -7.21704740
380 -620.66467285 -7.21703108
381 -620.66546631 -7.21704031
382 -620.66284180 -7.21700979
383 -620.66247559 -7.21700553
384 -620.66137695 -7.21699276
385 -620.65997314 -7.21697643
386 -620.65991211 -7.21697572
387 -620.65960693 -7.21697217
388 -620.65954590 -7.21697146
389 -620.66040039 -7.21698140
390 -620.66076660 -7.21698566
391 -620.66339111 -7.21701618
392 -620.65826416 -7.21695656
393 -620.65466309 -7.21691469
394 -620.65191650 -7.21688275
395 -620.65155029 -7.21687849
396 -620.65441895 -7.21691185
397 -620.65539551 -7.21692320
398 -620.65325928 -7.21689836
399 -620.65472412 -7.21691540
400 -620.65319824 -7.21689765
401 -620.65478516 -7.21691611
402 -620.65301514 -7.21689552
403 -620.64727783 -7.21682881
404 -620.65350342 -7.21690120
405 -620.64923096 -7.21685152
406 -620.64910889 -7.21685010
407 -620.65039062 -7.21686501
408 -620.64984131 -7.21685862
409 -620.64898682 -7.21684868
