0 -638.59326172 -6.38593262
1 -635.80773926 -6.35807739
2 -632.06909180 -6.32069092
3 -626.87847900 -6.26878479
4 -623.64965820 -6.23649658
5 -618.77893066 -6.18778931
6 -614.36053467 -6.14360535
7 -611.98803711 -6.11988037
8 -607.44763184 -6.07447632
9 -602.43896484 -6.02438965
10 -600.79272461 -6.00792725
11 -596.05151367 -5.96051514
12 -592.56561279 -5.92565613
13 -587.92187500 -5.87921875
14 -584.85949707 -5.84859497
15 -580.58575439 -5.80585754
16 -576.85583496 -5.76855835
17 -574.74902344 -5.74749023
18 -571.90185547 -5.71901855
19 -568.89501953 -5.68895020
20 -566.50207520 -5.66502075
21 -563.73333740 -5.63733337
22 -560.92926025 -5.60929260
23 -558.05529785 -5.58055298
24 -556.03540039 -5.56035400
25 -552.86608887 -5.52866089
26 -551.26928711 -5.51269287
27 -549.48760986 -5.49487610
28 -547.35815430 -5.47358154
29 -544.10272217 -5.44102722
30 -543.17468262 -5.43174683
31 -541.75830078 -5.41758301
32 -540.30841064 -5.40308411
33 -538.59008789 -5.38590088
34 -536.78906250 -5.36789063
35 -533.74108887 -5.33741089
36 -532.36175537 -5.32361755
37 -530.00927734 -5.30009277
38 -528.33398438 -5.28333984
39 -525.83062744 -5.25830627
40 -522.85723877 -5.22857239
41 -521.52288818 -5.21522888
42 -519.07934570 -5.19079346
43 -516.41778564 -5.16417786
44 -514.86083984 -5.14860840
45 -512.82592773 -5.12825928
46 -510.90191650 -5.10901917
47 -508.39300537 -5.08393005
48 -506.62792969 -5.06627930
49 -504.75372314 -5.04753723
50 -502.39758301 -5.02397583
51 -500.07800293 -5.00078003
52 -497.75292969 -4.97752930
53 -494.95452881 -4.94954529
54 -491.96057129 -4.91960571
55 -490.03149414 -4.90031494
56 -487.93392944 -4.87933929
57 -485.89794922 -4.85897949
58 -483.39996338 -4.83399963
59 -480.95086670 -4.80950867
60 -479.33645630 -4.79336456
61 -475.65414429 -4.75654144
62 -472.98855591 -4.72988556
63 -470.34967041 -4.70349670
64 -468.69122314 -4.68691223
65 -466.27670288 -4.66276703
66 -464.29583740 -4.64295837
67 -462.77294922 -4.62772949
68 -460.78942871 -4.60789429
69 -458.10610962 -4.58106110
70 -456.58203125 -4.56582031
71 -454.49523926 -4.54495239
72 -452.35943604 -4.52359436
73 -450.81997681 -4.50819977
74 -449.31140137 -4.49311401
75 -448.64617920 -4.48646179
76 -446.99218750 -4.46992187
77 -446.25070190 -4.46250702
78 -445.83489990 -4.45834900
79 -444.68060303 -4.44680603
80 -444.11602783 -4.44116028
81 -443.55627441 -4.43556274
82 -443.00604248 -4.43006042
83 -441.97717285 -4.41977173
84 -441.17138672 -4.41171387
85 -441.24414062 -4.41244141
86 -440.41894531 -4.40418945
87 -439.83288574 -4.39832886
88 -438.87963867 -4.38879639
89 -438.21783447 -4.38217834
90 -437.73522949 -4.37735229
91 -437.25296021 -4.37252960
92 -436.94812012 -4.36948120
93 -436.72628784 -4.36726288
94 -436.57275391 -4.36572754
95 -436.73004150 -4.36730042
96 -436.46890259 -4.36468903
97 -436.99871826 -4.36998718
98 -436.60998535 -4.36609985
99 -436.84524536 -4.36845245
100 -435.83850098 -4.35838501
101 -435.85192871 -4.35851929
102 -434.55932617 -4.34559326
103 -434.49755859 -4.34497559
104 -434.07147217 -4.34071472
105 -434.01486206 -4.34014862
106 -434.21890259 -4.34218903
107 -433.97940063 -4.33979401
108 -433.78683472 -4.33786835
109 -434.11712646 -4.34117126
110 -433.35073853 -4.33350739
111 -433.33071899 -4.33330719
112 -432.23095703 -4.32230957
113 -431.49191284 -4.31491913
114 -431.52905273 -4.31529053
115 -430.26312256 -4.30263123
116 -429.40087891 -4.29400879
117 -428.41683960 -4.28416840
118 -428.46514893 -4.28465149
119 -428.18722534 -4.28187225
120 -427.25851440 -4.27258514
121 -427.38272095 -4.27382721
122 -426.32693481 -4.26326935
123 -426.05886841 -4.26058868
124 -426.02902222 -4.26029022
125 -425.43762207 -4.25437622
126 -425.30023193 -4.25300232
127 -425.26715088 -4.25267151
128 -424.04525757 -4.24045258
129 -422.27062988 -4.22270630
130 -421.69482422 -4.21694824
131 -422.65643311 -4.22656433
132 -422.63796997 -4.22637970
133 -421.90020752 -4.21900208
134 -421.34976196 -4.21349762
135 -421.67749023 -4.21677490
136 -421.01855469 -4.21018555
137 -421.86264038 -4.21862640
138 -421.78753662 -4.21787537
139 -422.76571655 -4.22765717
140 -423.09332275 -4.23093323
141 -423.28491211 -4.23284912
142 -423.23583984 -4.23235840
143 -423.52752686 -4.23527527
144 -423.48608398 -4.23486084
145 -423.28930664 -4.23289307
146 -423.02081299 -4.23020813
147 -423.09979248 -4.23099792
148 -423.12176514 -4.23121765
149 -423.35937500 -4.23359375
150 -423.80609131 -4.23806091
151 -423.49801636 -4.23498016
152 -424.20489502 -4.24204895
153 -424.30975342 -4.24309753
154 -423.13574219 -4.23135742
155 -423.15866089 -4.23158661
156 -423.24877930 -4.23248779
157 -423.59652710 -4.23596527
158 -423.95642090 -4.23956421
159 -423.50900269 -4.23509003
160 -422.21505737 -4.22215057
161 -422.26879883 -4.22268799
162 -422.47497559 -4.22474976
163 -421.18331909 -4.21183319
164 -421.56707764 -4.21567078
165 -420.45877075 -4.20458771
166 -418.77746582 -4.18777466
167 -418.91326904 -4.18913269
168 -418.37750244 -4.18377502
169 -418.52282715 -4.18522827
170 -418.80368042 -4.18803680
171 -417.29391479 -4.17293915
172 -416.63482666 -4.16634827
173 -416.07443237 -4.16074432
174 -415.15026855 -4.15150269
175 -415.05285645 -4.15052856
176 -416.05551147 -4.16055511
177 -417.43945312 -4.17439453
178 -416.91900635 -4.16919006
179 -418.42224121 -4.18422241
180 -418.10498047 -4.18104980
181 -420.51330566 -4.20513306
182 -421.15545654 -4.21155457
183 -421.27935791 -4.21279358
184 -421.53814697 -4.21538147
185 -419.84991455 -4.19849915
186 -421.03607178 -4.21036072
187 -420.54446411 -4.20544464
188 -421.22515869 -4.21225159
189 -423.34411621 -4.23344116
190 -424.28311157 -4.24283112
191 -425.09851074 -4.25098511
192 -426.19082642 -4.26190826
193 -425.68487549 -4.25684875
194 -426.01196289 -4.26011963
195 -425.00787354 -4.25007874
196 -425.61514282 -4.25615143
197 -426.19387817 -4.26193878
198 -427.07092285 -4.27070923
199 -428.41613770 -4.28416138
200 -428.12554932 -4.28125549
201 -428.98788452 -4.28987885
202 -429.24926758 -4.29249268
203 -428.52780151 -4.28527802
204 -429.94015503 -4.29940155
205 -429.01306152 -4.29013062
206 -427.95910645 -4.27959106
207 -426.15698242 -4.26156982
208 -424.84432983 -4.24844330
209 -423.29336548 -4.23293365
210 -422.50878906 -4.22508789
211 -421.97686768 -4.21976868
212 -419.96505737 -4.19965057
213 -419.33575439 -4.19335754
214 -416.71221924 -4.16712219
215 -417.22247314 -4.17222473
216 -415.85830688 -4.15858307
217 -415.37414551 -4.15374146
218 -415.52502441 -4.15525024
219 -415.12890625 -4.15128906
220 -415.30438232 -4.15304382
221 -414.52905273 -4.14529053
222 -415.17987061 -4.15179871
223 -415.26980591 -4.15269806
224 -412.67245483 -4.12672455
225 -412.34161377 -4.12341614
226 -412.15631104 -4.12156311
227 -412.73168945 -4.12731689
228 -411.29412842 -4.11294128
229 -408.73193359 -4.08731934
230 -408.26770020 -4.08267700
231 -408.38916016 -4.08389160
232 -407.43020630 -4.07430206
233 -407.18414307 -4.07184143
234 -408.19366455 -4.08193665
235 -409.13708496 -4.09137085
236 -409.48623657 -4.09486237
237 -408.11471558 -4.08114716
238 -407.31323242 -4.07313232
239 -407.62542725 -4.07625427
240 -405.94625854 -4.05946259
241 -404.23706055 -4.04237061
242 -403.36590576 -4.03365906
243 -403.64215088 -4.03642151
244 -403.83926392 -4.03839264
245 -404.29718018 -4.04297180
246 -405.12207031 -4.05122070
247 -404.18853760 -4.04188538
248 -402.39688110 -4.02396881
249 -401.73815918 -4.01738159
250 -403.28585815 -4.03285858
251 -404.45919800 -4.04459198
252 -403.88604736 -4.03886047
253 -403.47821045 -4.03478210
254 -405.63183594 -4.05631836
255 -406.57623291 -4.06576233
256 -405.86227417 -4.05862274
257 -405.27734375 -4.05277344
258 -406.34844971 -4.06348450
259 -407.62268066 -4.07622681
260 -407.09606934 -4.07096069
261 -406.73022461 -4.06730225
262 -406.73504639 -4.06735046
263 -405.51214600 -4.05512146
264 -405.33050537 -4.05330505
265 -403.92831421 -4.03928314
266 -405.07135010 -4.05071350
267 -405.54913330 -4.05549133
268 -404.26791382 -4.04267914
269 -402.93908691 -4.02939087
270 -402.44598389 -4.02445984
271 -401.06448364 -4.01064484
272 -399.14651489 -3.99146515
273 -398.60070801 -3.98600708
274 -399.24084473 -3.99240845
275 -399.54229736 -3.99542297
276 -399.36941528 -3.99369415
277 -400.90646362 -4.00906464
278 -403.98608398 -4.03986084
279 -405.67547607 -4.05675476
280 -406.66931152 -4.06669312
281 -410.29248047 -4.10292480
282 -416.57110596 -4.16571106
283 -425.97210693 -4.25972107
284 -434.69128418 -4.34691284
285 -446.39752197 -4.46397522
286 -454.99182129 -4.54991821
287 -457.47247314 -4.57472473
288 -460.70776367 -4.60707764
289 -460.55889893 -4.60558899
290 -471.14709473 -4.71147095
291 -479.55926514 -4.79559265
292 -482.57418823 -4.82574188
293 -475.03686523 -4.75036865
294 -474.68576050 -4.74685760
295 -487.05224609 -4.87052246
296 -477.55438232 -4.77554382
297 -488.26446533 -4.88264465
298 -474.92028809 -4.74920288
299 -481.70019531 -4.81700195
300 -477.40264893 -4.77402649
301 -457.98831177 -4.57988312
302 -459.29232788 -4.59292328
303 -463.97576904 -4.63975769
304 -474.34405518 -4.74344055
305 -472.45101929 -4.72451019
306 -479.31481934 -4.79314819
307 -461.50686646 -4.61506866
308 -472.40866089 -4.72408661
309 -493.99865723 -4.93998657
310 -498.10202026 -4.98102020
311 -482.39175415 -4.82391754
312 -479.56106567 -4.79561066
313 -508.90676880 -5.08906769
314 -517.04809570 -5.17048096
315 -512.20257568 -5.12202576
316 -517.95239258 -5.17952393
317 -493.64013672 -4.93640137
318 -510.87286377 -5.10872864
319 -492.45181274 -4.92451813
320 -507.54357910 -5.07543579
321 -519.16461182 -5.19164612
322 -500.04418945 -5.00044189
323 -496.83688354 -4.96836884
324 -500.98068237 -5.00980682
325 -504.91622925 -5.04916229
326 -525.46075439 -5.25460754
327 -536.27783203 -5.36277832
328 -538.81256104 -5.38812561
329 -536.57769775 -5.36577698
330 -551.53674316 -5.51536743
331 -502.81912231 -5.02819122
332 -488.48593140 -4.88485931
333 -500.91696167 -5.00916962
334 -524.21594238 -5.24215942
335 -514.30755615 -5.14307556
336 -515.84881592 -5.15848816
337 -521.19360352 -5.21193604
338 -511.19647217 -5.11196472
339 -530.69036865 -5.30690369
340 -549.32702637 -5.49327026
341 -550.75817871 -5.50758179
342 -543.30859375 -5.43308594
343 -518.60174561 -5.18601746
344 -539.16882324 -5.39168823
345 -536.40808105 -5.36408081
346 -530.01647949 -5.30016479
347 -535.97595215 -5.35975952
348 -505.27685547 -5.05276855
349 -525.21508789 -5.25215088
350 -526.60839844 -5.26608398
351 -523.12402344 -5.23124023
352 -498.95397949 -4.98953979
353 -490.79077148 -4.90790771
354 -513.47491455 -5.13474915
355 -484.30786133 -4.84307861
356 -480.30917358 -4.80309174
357 -452.18020630 -4.52180206
358 -443.06164551 -4.43061646
359 -460.41497803 -4.60414978
360 -423.58489990 -4.23584900
361 -445.38848877 -4.45388489
362 -430.70507812 -4.30705078
363 -465.16806030 -4.65168060
364 -457.58679199 -4.57586792
365 -470.08282471 -4.70082825
366 -437.53295898 -4.37532959
367 -420.13037109 -4.20130371
368 -422.02786255 -4.22027863
369 -422.64575195 -4.22645752
370 -424.17340088 -4.24173401
371 -446.37118530 -4.46371185
372 -424.88436890 -4.24884369
373 -396.29095459 -3.96290955
374 -412.65112305 -4.12651123
375 -393.62823486 -3.93628235
376 -391.76181030 -3.91761810
