0 -716.24664307 -7.16246643
1 -714.29144287 -7.14291443
2 -711.29541016 -7.11295410
3 -706.84484863 -7.06844849
4 -700.80651855 -7.00806519
5 -693.50616455 -6.93506165
6 -684.88171387 -6.84881714
7 -675.85778809 -6.75857788
8 -665.49023438 -6.65490234
9 -655.00335693 -6.55003357
10 -644.61462402 -6.44614624
11 -635.13867188 -6.35138672
12 -622.17846680 -6.22178467
13 -612.11206055 -6.12112061
14 -601.10418701 -6.01104187
15 -589.74133301 -5.89741333
16 -579.63104248 -5.79631042
17 -567.78656006 -5.67786560
18 -562.38476562 -5.62384766
19 -554.48339844 -5.54483398
20 -546.93762207 -5.46937622
21 -543.27020264 -5.43270203
22 -535.46264648 -5.35462646
23 -531.58404541 -5.31584045
24 -527.86450195 -5.27864502
25 -522.73962402 -5.22739624
26 -521.00775146 -5.21007751
27 -516.45935059 -5.16459351
28 -513.51800537 -5.13518005
29 -510.98614502 -5.10986145
30 -510.45971680 -5.10459717
31 -506.74819946 -5.06748199
32 -509.00976562 -5.09009766
33 -502.59759521 -5.02597595
34 -499.77844238 -4.99778442
35 -497.58264160 -4.97582642
36 -492.02673340 -4.92026733
37 -489.30584717 -4.89305847
38 -486.63989258 -4.86639893
39 -487.14062500 -4.87140625
40 -487.74475098 -4.87744751
41 -488.36874390 -4.88368744
42 -480.07327271 -4.80073273
43 -482.66162109 -4.82661621
44 -483.48046875 -4.83480469
45 -485.93316650 -4.85933167
46 -478.97650146 -4.78976501
47 -474.93237305 -4.74932373
48 -489.20605469 -4.89206055
49 -473.99761963 -4.73997620
50 -470.93322754 -4.70933228
51 -467.59924316 -4.67599243
52 -475.14434814 -4.75144348
53 -481.62756348 -4.81627563
54 -454.30328369 -4.54303284
55 -449.85461426 -4.49854614
56 -440.11428833 -4.40114288
57 -432.61309814 -4.32613098
