0 -424.04669189 -6.52379526
1 -424.09237671 -6.52449810
2 -424.13040161 -6.52508310
3 -424.16040039 -6.52554462
4 -424.18066406 -6.52585637
5 -424.19607544 -6.52609347
6 -424.20748901 -6.52626906
7 -424.21499634 -6.52638456
8 -424.21997070 -6.52646109
9 -424.22296143 -6.52650710
10 -424.22628784 -6.52655827
11 -424.22592163 -6.52655264
12 -424.22805786 -6.52658551
13 -424.22894287 -6.52659912
14 -424.22903442 -6.52660053
15 -424.22991943 -6.52661415
16 -424.23120117 -6.52663386
17 -424.23025513 -6.52661931
18 -424.23019409 -6.52661837
19 -424.23080444 -6.52662776
20 -424.23028564 -6.52661978
21 -424.23129272 -6.52663527
22 -424.23031616 -6.52662025
23 -424.23077393 -6.52662729
24 -424.23141479 -6.52663715
25 -424.23190308 -6.52664466
26 -424.23248291 -6.52665358
27 -424.23281860 -6.52665875
28 -424.23254395 -6.52665452
29 -424.23437500 -6.52668269
30 -424.23306274 -6.52666250
31 -424.23480225 -6.52668927
32 -424.23477173 -6.52668880
33 -424.23422241 -6.52668034
34 -424.23358154 -6.52667049
35 -424.23361206 -6.52667095
36 -424.23324585 -6.52666532
37 -424.23309326 -6.52666297
38 -424.23336792 -6.52666720
39 -424.23254395 -6.52665452
40 -424.23107910 -6.52663199
41 -424.23196411 -6.52664560
42 -424.23059082 -6.52662447
43 -424.23037720 -6.52662119
44 -424.23202515 -6.52664654
45 -424.23199463 -6.52664607
46 -424.23144531 -6.52663762
47 -424.23217773 -6.52664889
48 -424.23049927 -6.52662307
49 -424.22903442 -6.52660053
50 -424.22918701 -6.52660288
51 -424.22912598 -6.52660194
52 -424.23162842 -6.52664044
53 -424.23205566 -6.52664701
54 -424.23202515 -6.52664654
55 -424.23153687 -6.52663903
56 -424.23254395 -6.52665452
57 -424.23037720 -6.52662119
58 -424.23049927 -6.52662307
59 -424.23135376 -6.52663621
60 -424.22842407 -6.52659114
61 -424.22973633 -6.52661133
62 -424.22958374 -6.52660898
63 -424.23077393 -6.52662729
64 -424.23123169 -6.52663433
65 -424.23071289 -6.52662635
66 -424.23135376 -6.52663621
67 -424.22897339 -6.52659959
68 -424.23049927 -6.52662307
69 -424.23001099 -6.52661555
70 -424.22906494 -6.52660100
71 -424.22988892 -6.52661368
72 -424.22784424 -6.52658222
73 -424.22808838 -6.52658598
74 -424.22787476 -6.52658269
75 -424.22845459 -6.52659161
76 -424.22897339 -6.52659959
77 -424.22918701 -6.52660288
78 -424.22805786 -6.52658551
79 -424.22650146 -6.52656156
80 -424.22653198 -6.52656203
81 -424.22702026 -6.52656954
82 -424.22586060 -6.52655170
83 -424.22738647 -6.52657518
84 -424.22604370 -6.52655452
85 -424.22509766 -6.52653996
86 -424.22708130 -6.52657048
87 -424.22683716 -6.52656673
88 -424.22616577 -6.52655640
89 -424.22485352 -6.52653621
90 -424.22473145 -6.52653433
91 -424.22518921 -6.52654137
92 -424.22265625 -6.52650240
93 -424.22534180 -6.52654372
94 -424.22409058 -6.52652447
95 -424.22241211 -6.52649865
96 -424.22149658 -6.52648456
97 -424.22192383 -6.52649114
98 -424.22091675 -6.52647564
99 -424.21942139 -6.52645264
100 -424.21932983 -6.52645123
101 -424.22030640 -6.52646625
102 -424.21826172 -6.52643480
103 -424.21893311 -6.52644512
104 -424.21694946 -6.52641461
105 -424.21832275 -6.52643573
106 -424.21856689 -6.52643949
107 -424.21838379 -6.52643667
108 -424.21810913 -6.52643245
109 -424.21688843 -6.52641367
110 -424.21862793 -6.52644043
111 -424.21554565 -6.52639301
112 -424.21578979 -6.52639677
113 -424.21600342 -6.52640005
114 -424.21603394 -6.52640052
115 -424.21417236 -6.52637188
116 -424.21487427 -6.52638268
117 -424.21499634 -6.52638456
118 -424.21597290 -6.52639958
119 -424.21371460 -6.52636484
120 -424.21334839 -6.52635921
121 -424.21282959 -6.52635122
122 -424.21166992 -6.52633338
123 -424.21307373 -6.52635498
124 -424.21301270 -6.52635404
125 -424.21038818 -6.52631366
126 -424.21200562 -6.52633855
127 -424.21228027 -6.52634277
128 -424.21087646 -6.52632118
129 -424.20986938 -6.52630568
130 -424.21066284 -6.52631789
131 -424.21020508 -6.52631085
132 -424.20977783 -6.52630427
133 -424.21047974 -6.52631507
134 -424.20968628 -6.52630287
135 -424.21075439 -6.52631930
136 -424.21005249 -6.52630850
137 -424.21023560 -6.52631132
138 -424.20977783 -6.52630427
139 -424.21102905 -6.52632352
140 -424.20968628 -6.52630287
141 -424.20999146 -6.52630756
142 -424.20739746 -6.52626765
143 -424.20980835 -6.52630474
144 -424.20776367 -6.52627329
145 -424.20681763 -6.52625873
146 -424.20721436 -6.52626484
147 -424.20541382 -6.52623714
148 -424.20675659 -6.52625779
149 -424.20428467 -6.52621976
150 -424.20614624 -6.52624840
151 -424.20343018 -6.52620662
152 -424.20422363 -6.52621883
153 -424.20193481 -6.52618361
154 -424.20169067 -6.52617986
155 -424.20196533 -6.52618408
156 -424.20327759 -6.52620427
157 -424.20303345 -6.52620051
158 -424.20141602 -6.52617563
159 -424.20248413 -6.52619206
160 -424.20114136 -6.52617141
161 -424.20257568 -6.52619347
162 -424.20129395 -6.52617375
163 -424.20101929 -6.52616953
164 -424.20306396 -6.52620098
165 -424.20159912 -6.52617845
166 -424.19934082 -6.52614370
167 -424.20013428 -6.52615591
168 -424.19888306 -6.52613666
169 -424.19882202 -6.52613572
170 -424.19821167 -6.52612633
171 -424.19714355 -6.52610990
172 -424.19699097 -6.52610755
173 -424.19598389 -6.52609206
174 -424.19369507 -6.52605685
175 -424.19403076 -6.52606201
176 -424.19494629 -6.52607610
177 -424.19424438 -6.52606530
178 -424.19357300 -6.52605497
179 -424.19348145 -6.52605356
180 -424.19348145 -6.52605356
181 -424.19338989 -6.52605215
182 -424.19155884 -6.52602398
183 -424.19284058 -6.52604370
184 -424.18963623 -6.52599440
185 -424.19235229 -6.52603619
186 -424.19232178 -6.52603572
187 -424.19110107 -6.52601694
188 -424.19137573 -6.52602117
189 -424.18942261 -6.52599112
190 -424.18896484 -6.52598407
191 -424.18936157 -6.52599018
192 -424.18786621 -6.52596717
193 -424.18750000 -6.52596154
194 -424.18844604 -6.52597609
195 -424.18688965 -6.52595215
196 -424.18667603 -6.52594886
197 -424.18637085 -6.52594417
198 -424.18768311 -6.52596436
199 -424.18673706 -6.52594980
200 -424.18734741 -6.52595919
201 -424.18600464 -6.52593853
202 -424.18627930 -6.52594276
203 -424.18658447 -6.52594745
204 -424.18490601 -6.52592163
205 -424.18426514 -6.52591177
206 -424.18463135 -6.52591741
207 -424.18453979 -6.52591600
208 -424.18365479 -6.52590238
209 -424.18362427 -6.52590191
210 -424.18246460 -6.52588407
211 -424.18246460 -6.52588407
212 -424.18365479 -6.52590238
213 -424.18347168 -6.52589956
214 -424.18298340 -6.52589205
215 -424.18255615 -6.52588548
216 -424.18209839 -6.52587844
217 -424.18164062 -6.52587139
218 -424.18249512 -6.52588454
219 -424.18338013 -6.52589816
220 -424.18136597 -6.52586717
221 -424.18093872 -6.52586060
222 -424.18109131 -6.52586294
223 -424.18209839 -6.52587844
224 -424.18139648 -6.52586764
225 -424.18124390 -6.52586529
226 -424.18109131 -6.52586294
227 -424.18133545 -6.52586670
228 -424.18280029 -6.52588924
229 -424.18194580 -6.52587609
230 -424.18194580 -6.52587609
231 -424.18148804 -6.52586905
232 -424.18164062 -6.52587139
233 -424.18142700 -6.52586811
234 -424.18231201 -6.52588172
235 -424.18270874 -6.52588783
236 -424.18310547 -6.52589393
237 -424.18218994 -6.52587985
238 -424.18051147 -6.52585402
239 -424.18017578 -6.52584886
240 -424.18072510 -6.52585731
241 -424.18090820 -6.52586013
242 -424.17965698 -6.52584088
243 -424.18136597 -6.52586717
244 -424.18057251 -6.52585496
245 -424.18145752 -6.52586858
246 -424.18200684 -6.52587703
247 -424.18267822 -6.52588736
248 -424.18365479 -6.52590238
249 -424.18423462 -6.52591130
250 -424.18380737 -6.52590473
251 -424.18368530 -6.52590285
252 -424.18331909 -6.52589722
253 -424.18493652 -6.52592210
254 -424.18548584 -6.52593055
255 -424.18426514 -6.52591177
256 -424.18386841 -6.52590567
257 -424.18392944 -6.52590661
258 -424.18389893 -6.52590614
259 -424.18426514 -6.52591177
260 -424.18542480 -6.52592961
261 -424.18585205 -6.52593619
262 -424.18185425 -6.52587468
263 -424.18429565 -6.52591224
264 -424.18371582 -6.52590332
265 -424.18487549 -6.52592116
266 -424.18566895 -6.52593337
267 -424.18591309 -6.52593712
268 -424.18444824 -6.52591459
269 -424.18377686 -6.52590426
270 -424.18280029 -6.52588924
271 -424.18405151 -6.52590848
272 -424.18502808 -6.52592351
273 -424.18469238 -6.52591834
274 -424.18472290 -6.52591881
275 -424.18569946 -6.52593384
276 -424.18356323 -6.52590097
277 -424.18389893 -6.52590614
278 -424.18533325 -6.52592820
279 -424.18463135 -6.52591741
280 -424.18389893 -6.52590614
281 -424.18444824 -6.52591459
282 -424.18371582 -6.52590332
283 -424.18197632 -6.52587656
284 -424.18319702 -6.52589534
285 -424.18246460 -6.52588407
286 -424.18255615 -6.52588548
287 -424.18380737 -6.52590473
288 -424.18353271 -6.52590050
289 -424.18157959 -6.52587046
290 -424.18161011 -6.52587092
291 -424.18243408 -6.52588360
292 -424.18325806 -6.52589628
293 -424.18258667 -6.52588595
294 -424.18347168 -6.52589956
295 -424.18206787 -6.52587797
296 -424.18118286 -6.52586435
297 -424.18081665 -6.52585872
298 -424.17984009 -6.52584369
299 -424.18115234 -6.52586388
300 -424.17910767 -6.52583243
301 -424.17999268 -6.52584604
302 -424.18081665 -6.52585872
303 -424.18081665 -6.52585872
304 -424.18069458 -6.52585684
305 -424.18215942 -6.52587938
306 -424.18133545 -6.52586670
307 -424.18273926 -6.52588830
308 -424.18405151 -6.52590848
309 -424.18276978 -6.52588877
310 -424.18484497 -6.52592069
311 -424.18453979 -6.52591600
312 -424.18246460 -6.52588407
313 -424.18515015 -6.52592539
314 -424.18432617 -6.52591271
315 -424.18429565 -6.52591224
316 -424.18307495 -6.52589346
317 -424.18405151 -6.52590848
318 -424.18395996 -6.52590708
319 -424.18395996 -6.52590708
320 -424.18402100 -6.52590802
321 -424.18649292 -6.52594604
322 -424.18588257 -6.52593665
323 -424.18551636 -6.52593102
324 -424.18743896 -6.52596060
325 -424.18679810 -6.52595074
326 -424.18475342 -6.52591928
327 -424.18606567 -6.52593947
328 -424.18426514 -6.52591177
329 -424.18435669 -6.52591318
330 -424.18435669 -6.52591318
331 -424.18569946 -6.52593384
332 -424.18627930 -6.52594276
333 -424.18539429 -6.52592914
334 -424.18582153 -6.52593572
335 -424.18630981 -6.52594323
336 -424.18655396 -6.52594698
337 -424.18569946 -6.52593384
338 -424.18606567 -6.52593947
339 -424.18627930 -6.52594276
340 -424.18731689 -6.52595872
341 -424.18634033 -6.52594370
342 -424.18792725 -6.52596811
343 -424.18811035 -6.52597093
344 -424.18621826 -6.52594182
345 -424.18798828 -6.52596905
346 -424.18743896 -6.52596060
347 -424.18795776 -6.52596858
348 -424.18841553 -6.52597562
349 -424.18917847 -6.52598736
350 -424.18838501 -6.52597515
351 -424.18859863 -6.52597844
352 -424.18795776 -6.52596858
353 -424.18447876 -6.52591506
354 -424.18682861 -6.52595121
355 -424.18511963 -6.52592492
356 -424.18453979 -6.52591600
357 -424.18438721 -6.52591365
358 -424.18554688 -6.52593149
359 -424.18502808 -6.52592351
360 -424.18453979 -6.52591600
361 -424.18322754 -6.52589581
362 -424.18212891 -6.52587891
363 -424.18267822 -6.52588736
364 -424.18057251 -6.52585496
365 -424.18038940 -6.52585214
366 -424.17868042 -6.52582585
367 -424.17926025 -6.52583477
368 -424.17776489 -6.52581177
369 -424.17977905 -6.52584275
370 -424.17965698 -6.52584088
371 -424.17886353 -6.52582867
372 -424.17922974 -6.52583430
373 -424.17803955 -6.52581599
374 -424.17709351 -6.52580144
375 -424.17633057 -6.52578970
376 -424.17651367 -6.52579252
377 -424.17498779 -6.52576904
378 -424.17599487 -6.52578454
379 -424.17474365 -6.52576529
380 -424.17568970 -6.52577984
381 -424.17526245 -6.52577327
382 -424.17388916 -6.52575214
383 -424.17453003 -6.52576200
384 -424.17236328 -6.52572867
385 -424.17340088 -6.52574463
386 -424.17205811 -6.52572397
387 -424.17007446 -6.52569345
388 -424.16973877 -6.52568829
389 -424.16867065 -6.52567186
390 -424.16748047 -6.52565355
391 -424.16589355 -6.52562913
392 -424.16455078 -6.52560847
393 -424.16522217 -6.52561880
394 -424.16381836 -6.52559721
395 -424.16165161 -6.52556387
396 -424.16378784 -6.52559674
397 -424.16116333 -6.52555636
398 -424.16128540 -6.52555824
399 -424.16098022 -6.52555354
400 -424.15985107 -6.52553617
401 -424.15795898 -6.52550706
402 -424.15802002 -6.52550800
403 -424.15597534 -6.52547654
404 -424.15582275 -6.52547420
405 -424.15570068 -6.52547232
406 -424.15670776 -6.52548781
407 -424.15631104 -6.52548171
408 -424.15551758 -6.52546950
409 -424.15567017 -6.52547185
410 -424.15515137 -6.52546387
411 -424.15295410 -6.52543006
412 -424.15136719 -6.52540565
413 -424.15084839 -6.52539767
414 -424.15008545 -6.52538593
415 -424.14920044 -6.52537231
416 -424.14852905 -6.52536199
417 -424.15045166 -6.52539156
418 -424.15075684 -6.52539626
419 -424.14944458 -6.52537607
420 -424.14923096 -6.52537278
421 -424.14956665 -6.52537795
422 -424.14733887 -6.52534367
423 -424.14944458 -6.52537607
424 -424.14892578 -6.52536809
425 -424.15109253 -6.52540142
426 -424.15029907 -6.52538922
427 -424.14898682 -6.52536903
428 -424.14947510 -6.52537654
429 -424.14761353 -6.52534790
430 -424.14813232 -6.52535588
431 -424.14678955 -6.52533522
432 -424.14700317 -6.52533851
433 -424.14871216 -6.52536480
434 -424.14572144 -6.52531879
435 -424.14501953 -6.52530799
436 -424.14468384 -6.52530283
437 -424.14370728 -6.52528780
438 -424.14263916 -6.52527137
439 -424.14202881 -6.52526198
440 -424.14199829 -6.52526151
441 -424.14099121 -6.52524602
442 -424.13897705 -6.52521503
443 -424.13916016 -6.52521785
444 -424.13821411 -6.52520329
445 -424.13754272 -6.52519296
446 -424.13504028 -6.52515447
447 -424.13549805 -6.52516151
448 -424.13354492 -6.52513146
449 -424.13342285 -6.52512958
450 -424.13415527 -6.52514085
451 -424.13223267 -6.52511127
452 -424.13168335 -6.52510282
453 -424.13150024 -6.52510000
454 -424.13116455 -6.52509484
455 -424.13092041 -6.52509108
456 -424.13262939 -6.52511738
457 -424.13064575 -6.52508686
458 -424.13082886 -6.52508967
459 -424.12915039 -6.52506385
460 -424.12893677 -6.52506057
461 -424.12921143 -6.52506479
462 -424.12799072 -6.52504601
463 -424.12792969 -6.52504507
464 -424.12832642 -6.52505118
465 -424.12789917 -6.52504460
466 -424.12792969 -6.52504507
467 -424.12512207 -6.52500188
468 -424.12463379 -6.52499437
469 -424.12448120 -6.52499202
470 -424.12493896 -6.52499906
471 -424.12634277 -6.52502066
472 -424.12194824 -6.52495305
473 -424.12362671 -6.52497887
474 -424.12387085 -6.52498263
475 -424.12292480 -6.52496807
476 -424.12252808 -6.52496197
477 -424.12228394 -6.52495821
478 -424.12161255 -6.52494789
479 -424.12149048 -6.52494601
480 -424.12051392 -6.52493098
481 -424.12011719 -6.52492488
482 -424.11886597 -6.52490563
483 -424.11822510 -6.52489577
484 -424.11819458 -6.52489530
485 -424.11734009 -6.52488216
486 -424.11669922 -6.52487230
487 -424.11740112 -6.52488309
488 -424.11541748 -6.52485258
489 -424.11407471 -6.52483192
490 -424.11468506 -6.52484131
491 -424.11254883 -6.52480844
492 -424.11248779 -6.52480750
493 -424.11236572 -6.52480563
494 -424.11312866 -6.52481736
495 -424.11303711 -6.52481596
496 -424.11199951 -6.52479999
497 -424.11209106 -6.52480140
498 -424.11294556 -6.52481455
499 -424.11163330 -6.52479436
500 -424.10900879 -6.52475398
501 -424.11035156 -6.52477464
502 -424.10806274 -6.52473943
503 -424.10595703 -6.52470703
504 -424.10668945 -6.52471830
505 -424.10473633 -6.52468825
506 -424.10491943 -6.52469107
507 -424.10406494 -6.52467792
508 -424.10427856 -6.52468121
509 -424.10284424 -6.52465914
510 -424.10177612 -6.52464271
