0 -406.77508545 -6.35586071
1 -405.47738647 -6.33558416
2 -404.16308594 -6.31504822
3 -401.93402100 -6.28021908
4 -398.98303223 -6.23410988
5 -395.43389893 -6.17865467
6 -391.90209961 -6.12347031
7 -388.51223755 -6.07050371
8 -383.32809448 -5.98950148
9 -377.67047119 -5.90110111
10 -370.73095703 -5.79267120
11 -362.84255981 -5.66941500
12 -359.65551758 -5.61961746
13 -353.96371460 -5.53068304
14 -351.18829346 -5.48731709
15 -346.66851807 -5.41669559
16 -344.16320801 -5.37755013
17 -342.02279663 -5.34410620
18 -335.68276978 -5.24504328
19 -334.10876465 -5.22044945
20 -329.94732666 -5.15542698
21 -326.60964966 -5.10327578
22 -325.68997192 -5.08890581
23 -322.44274902 -5.03816795
24 -320.42333984 -5.00661469
25 -317.83169556 -4.96612024
26 -317.84576416 -4.96634007
27 -314.71325684 -4.91739464
28 -312.16870117 -4.87763596
29 -312.00814819 -4.87512732
30 -309.48880005 -4.83576250
31 -307.46408081 -4.80412626
32 -306.19659424 -4.78432178
33 -306.57629395 -4.79025459
34 -305.27441406 -4.76991272
35 -304.27526855 -4.75430107
36 -302.11352539 -4.72052383
37 -300.76437378 -4.69944334
38 -299.16122437 -4.67439413
39 -299.14642334 -4.67416286
40 -295.76351929 -4.62130499
41 -294.85531616 -4.60711432
42 -289.29812622 -4.52028322
43 -284.99276733 -4.45301199
44 -281.10870361 -4.39232349
45 -277.06802368 -4.32918787
46 -274.73007202 -4.29265738
47 -268.95806885 -4.20246983
48 -270.90356445 -4.23286819
49 -267.50646973 -4.17978859
50 -264.49731445 -4.13277054
