0 -775.88482666 -6.57529514
1 -775.90209961 -6.57544152
2 -775.91674805 -6.57556566
3 -775.92736816 -6.57565566
4 -775.93640137 -6.57573221
5 -775.94433594 -6.57579946
6 -775.95123291 -6.57585791
7 -775.95666504 -6.57590394
8 -775.96209717 -6.57594998
9 -775.96655273 -6.57598774
10 -775.97088623 -6.57602446
11 -775.97448730 -6.57605498
12 -775.97790527 -6.57608394
13 -775.98083496 -6.57610877
14 -775.98345947 -6.57613101
15 -775.98583984 -6.57615119
16 -775.98809814 -6.57617032
17 -775.99084473 -6.57619360
18 -775.99353027 -6.57621636
