0 -476.13189697 -7.00193966
1 -476.17803955 -7.00261823
2 -476.20660400 -7.00303829
3 -476.23046875 -7.00338925
4 -476.24877930 -7.00365852
5 -476.26580811 -7.00390894
6 -476.28027344 -7.00412167
7 -476.29397583 -7.00432317
8 -476.30484009 -7.00448294
9 -476.31512451 -7.00463418
10 -476.32427979 -7.00476882
11 -476.33340454 -7.00490301
12 -476.34191895 -7.00502822
13 -476.34906006 -7.00513324
14 -476.35620117 -7.00523825
15 -476.36349487 -7.00534551
16 -476.37042236 -7.00544739
17 -476.37731934 -7.00554881
18 -476.38348389 -7.00563947
19 -476.38937378 -7.00572608
20 -476.39483643 -7.00580642
21 -476.40020752 -7.00588540
22 -476.40527344 -7.00595990
23 -476.41143799 -7.00605056
24 -476.41693115 -7.00613134
25 -476.42126465 -7.00619507
26 -476.42678833 -7.00627630
27 -476.43090820 -7.00633689
28 -476.43435669 -7.00638760
29 -476.43811035 -7.00644280
30 -476.44274902 -7.00651102
31 -476.44665527 -7.00656846
32 -476.45098877 -7.00663219
33 -476.45520020 -7.00669412
34 -476.46002197 -7.00676503
35 -476.46353149 -7.00681664
36 -476.46658325 -7.00686152
37 -476.46942139 -7.00690326
38 -476.47210693 -7.00694275
39 -476.47537231 -7.00699077
40 -476.47845459 -7.00703610
41 -476.48126221 -7.00707739
42 -476.48406982 -7.00711867
43 -476.48678589 -7.00715862
44 -476.48889160 -7.00718958
45 -476.49194336 -7.00723446
46 -476.49389648 -7.00726318
47 -476.49673462 -7.00730492
48 -476.49874878 -7.00733454
49 -476.50030518 -7.00735743
50 -476.50274658 -7.00739333
51 -476.50540161 -7.00743238
52 -476.50625610 -7.00744494
53 -476.50836182 -7.00747591
54 -476.51068115 -7.00751002
55 -476.51248169 -7.00753650
56 -476.51315308 -7.00754637
57 -476.51519775 -7.00757644
58 -476.51641846 -7.00759439
59 -476.51788330 -7.00761593
60 -476.51937866 -7.00763792
61 -476.52105713 -7.00766260
62 -476.52282715 -7.00768863
63 -476.52401733 -7.00770614
64 -476.52593994 -7.00773441
65 -476.52667236 -7.00774518
66 -476.52850342 -7.00777211
67 -476.52786255 -7.00776268
68 -476.52966309 -7.00778916
69 -476.53027344 -7.00779814
70 -476.53088379 -7.00780711
71 -476.53317261 -7.00784077
72 -476.53387451 -7.00785110
73 -476.53479004 -7.00786456
74 -476.53594971 -7.00788161
75 -476.53656006 -7.00789059
76 -476.53665161 -7.00789194
77 -476.53765869 -7.00790675
78 -476.53912354 -7.00792829
79 -476.54037476 -7.00794669
80 -476.54104614 -7.00795656
81 -476.54205322 -7.00797137
82 -476.54315186 -7.00798753
83 -476.54400635 -7.00800009
84 -476.54452515 -7.00800772
85 -476.54559326 -7.00802343
86 -476.54632568 -7.00803420
87 -476.54718018 -7.00804677
88 -476.54818726 -7.00806158
89 -476.54833984 -7.00806382
90 -476.54949951 -7.00808088
91 -476.55047607 -7.00809524
92 -476.55090332 -7.00810152
93 -476.55200195 -7.00811768
94 -476.55276489 -7.00812890
95 -476.55343628 -7.00813877
96 -476.55377197 -7.00814371
97 -476.55541992 -7.00816794
98 -476.55554199 -7.00816974
99 -476.55636597 -7.00818185
100 -476.55630493 -7.00818095
101 -476.55761719 -7.00820025
102 -476.55792236 -7.00820474
103 -476.55920410 -7.00822359
104 -476.55953979 -7.00822853
105 -476.55981445 -7.00823257
106 -476.56045532 -7.00824199
107 -476.56143188 -7.00825635
108 -476.56158447 -7.00825860
109 -476.56262207 -7.00827385
110 -476.56286621 -7.00827744
111 -476.56399536 -7.00829405
112 -476.56369019 -7.00828956
113 -476.56475830 -7.00830527
114 -476.56472778 -7.00830482
115 -476.56555176 -7.00831694
116 -476.56610107 -7.00832502
117 -476.56610107 -7.00832502
118 -476.56640625 -7.00832950
119 -476.56631470 -7.00832816
120 -476.56686401 -7.00833624
121 -476.56726074 -7.00834207
122 -476.56817627 -7.00835553
123 -476.56863403 -7.00836227
124 -476.56896973 -7.00836720
125 -476.56939697 -7.00837348
126 -476.56927490 -7.00837169
127 -476.56994629 -7.00838156
128 -476.57073975 -7.00839323
129 -476.57165527 -7.00840670
130 -476.57211304 -7.00841343
131 -476.57211304 -7.00841343
132 -476.57302856 -7.00842689
133 -476.57385254 -7.00843901
134 -476.57421875 -7.00844439
135 -476.57431030 -7.00844574
136 -476.57485962 -7.00845382
137 -476.57519531 -7.00845875
138 -476.57482910 -7.00845337
139 -476.57546997 -7.00846279
140 -476.57568359 -7.00846594
141 -476.57580566 -7.00846773
142 -476.57586670 -7.00846863
143 -476.57705688 -7.00848613
144 -476.57800293 -7.00850004
145 -476.57824707 -7.00850363
146 -476.57830811 -7.00850453
147 -476.57925415 -7.00851844
148 -476.57904053 -7.00851530
149 -476.57946777 -7.00852158
150 -476.57971191 -7.00852518
151 -476.58099365 -7.00854402
152 -476.58074951 -7.00854043
153 -476.58178711 -7.00855569
154 -476.58230591 -7.00856332
155 -476.58236694 -7.00856422
156 -476.58227539 -7.00856287
157 -476.58258057 -7.00856736
158 -476.58178711 -7.00855569
159 -476.58352661 -7.00858127
160 -476.58474731 -7.00859923
161 -476.58459473 -7.00859698
162 -476.58489990 -7.00860147
163 -476.58590698 -7.00861628
164 -476.58639526 -7.00862346
165 -476.58599854 -7.00861763
166 -476.58648682 -7.00862481
167 -476.58618164 -7.00862032
168 -476.58633423 -7.00862256
169 -476.58618164 -7.00862032
170 -476.58724976 -7.00863603
171 -476.58770752 -7.00864276
172 -476.58770752 -7.00864276
173 -476.58831787 -7.00865173
174 -476.58886719 -7.00865981
175 -476.58856201 -7.00865532
176 -476.58865356 -7.00865667
177 -476.58941650 -7.00866789
178 -476.58981323 -7.00867372
179 -476.58898926 -7.00866161
180 -476.58932495 -7.00866654
181 -476.58990479 -7.00867507
182 -476.59002686 -7.00867687
183 -476.59008789 -7.00867776
184 -476.59051514 -7.00868405
185 -476.59057617 -7.00868494
186 -476.59060669 -7.00868539
187 -476.59085083 -7.00868898
188 -476.59164429 -7.00870065
189 -476.59228516 -7.00871008
190 -476.59210205 -7.00870738
191 -476.59219360 -7.00870873
192 -476.59277344 -7.00871726
193 -476.59246826 -7.00871277
194 -476.59289551 -7.00871905
195 -476.59335327 -7.00872578
196 -476.59335327 -7.00872578
197 -476.59393311 -7.00873431
198 -476.59393311 -7.00873431
199 -476.59390259 -7.00873386
200 -476.59393311 -7.00873431
201 -476.59448242 -7.00874239
202 -476.59442139 -7.00874149
203 -476.59414673 -7.00873745
204 -476.59515381 -7.00875226
205 -476.59545898 -7.00875675
206 -476.59521484 -7.00875316
207 -476.59555054 -7.00875810
208 -476.59609985 -7.00876617
209 -476.59631348 -7.00876932
210 -476.59625244 -7.00876842
211 -476.59671021 -7.00877515
212 -476.59649658 -7.00877201
213 -476.59710693 -7.00878098
214 -476.59777832 -7.00879086
215 -476.59814453 -7.00879624
216 -476.59756470 -7.00878772
217 -476.59783936 -7.00879176
218 -476.59814453 -7.00879624
219 -476.59793091 -7.00879310
220 -476.59848022 -7.00880118
221 -476.59887695 -7.00880701
222 -476.59881592 -7.00880612
223 -476.59921265 -7.00881195
224 -476.59909058 -7.00881016
225 -476.60015869 -7.00882586
226 -476.59957886 -7.00881734
227 -476.59912109 -7.00881060
228 -476.60021973 -7.00882676
229 -476.60046387 -7.00883035
230 -476.60083008 -7.00883574
231 -476.60086060 -7.00883619
232 -476.60037231 -7.00882900
233 -476.60095215 -7.00883753
234 -476.60128784 -7.00884247
235 -476.60125732 -7.00884202
236 -476.60125732 -7.00884202
237 -476.60205078 -7.00885369
238 -476.60238647 -7.00885862
239 -476.60269165 -7.00886311
240 -476.60241699 -7.00885907
241 -476.60253906 -7.00886087
242 -476.60253906 -7.00886087
243 -476.60232544 -7.00885773
244 -476.60229492 -7.00885728
245 -476.60290527 -7.00886625
246 -476.60278320 -7.00886446
247 -476.60217285 -7.00885548
248 -476.60311890 -7.00886940
249 -476.60382080 -7.00887972
250 -476.60418701 -7.00888510
251 -476.60427856 -7.00888645
252 -476.60427856 -7.00888645
253 -476.60357666 -7.00887613
254 -476.60424805 -7.00888600
255 -476.60449219 -7.00888959
256 -476.60482788 -7.00889453
257 -476.60461426 -7.00889139
258 -476.60519409 -7.00889991
259 -476.60552979 -7.00890485
260 -476.60571289 -7.00890754
261 -476.60620117 -7.00891472
262 -476.60668945 -7.00892190
263 -476.60589600 -7.00891024
264 -476.60604858 -7.00891248
265 -476.60571289 -7.00890754
266 -476.60638428 -7.00891742
267 -476.60623169 -7.00891517
268 -476.60641479 -7.00891786
269 -476.60650635 -7.00891921
270 -476.60644531 -7.00891831
271 -476.60653687 -7.00891966
272 -476.60690308 -7.00892505
273 -476.60632324 -7.00891652
274 -476.60665894 -7.00892145
275 -476.60687256 -7.00892460
276 -476.60684204 -7.00892415
277 -476.60723877 -7.00892998
278 -476.60733032 -7.00893133
279 -476.60781860 -7.00893851
280 -476.60797119 -7.00894075
281 -476.60791016 -7.00893986
282 -476.60836792 -7.00894659
283 -476.60824585 -7.00894479
284 -476.60821533 -7.00894434
285 -476.60882568 -7.00895332
286 -476.60836792 -7.00894659
287 -476.60864258 -7.00895063
288 -476.60879517 -7.00895287
289 -476.60980225 -7.00896768
290 -476.60913086 -7.00895781
291 -476.60958862 -7.00896454
292 -476.60913086 -7.00895781
293 -476.60906982 -7.00895691
294 -476.60980225 -7.00896768
295 -476.60995483 -7.00896992
296 -476.60989380 -7.00896903
297 -476.60949707 -7.00896319
298 -476.60971069 -7.00896633
299 -476.60986328 -7.00896858
300 -476.60998535 -7.00897037
301 -476.60992432 -7.00896948
302 -476.61022949 -7.00897396
303 -476.61007690 -7.00897172
304 -476.61056519 -7.00897890
305 -476.60955811 -7.00896409
306 -476.60986328 -7.00896858
307 -476.61032104 -7.00897531
308 -476.61080933 -7.00898249
309 -476.61108398 -7.00898653
310 -476.61087036 -7.00898339
311 -476.61096191 -7.00898473
312 -476.61141968 -7.00899147
313 -476.61071777 -7.00898114
314 -476.61093140 -7.00898429
315 -476.61083984 -7.00898294
316 -476.61114502 -7.00898743
317 -476.61145020 -7.00899191
318 -476.61114502 -7.00898743
319 -476.61077881 -7.00898204
320 -476.61145020 -7.00899191
321 -476.61114502 -7.00898743
322 -476.61206055 -7.00900089
323 -476.61166382 -7.00899506
324 -476.61221313 -7.00900313
325 -476.61151123 -7.00899281
326 -476.61135864 -7.00899057
327 -476.61187744 -7.00899820
328 -476.61260986 -7.00900897
329 -476.61218262 -7.00900269
330 -476.61193848 -7.00899910
331 -476.61224365 -7.00900358
332 -476.61230469 -7.00900448
333 -476.61206055 -7.00900089
334 -476.61199951 -7.00899999
335 -476.61300659 -7.00901480
336 -476.61224365 -7.00900358
337 -476.61193848 -7.00899910
338 -476.61248779 -7.00900717
339 -476.61233521 -7.00900493
340 -476.61267090 -7.00900987
341 -476.61279297 -7.00901166
342 -476.61206055 -7.00900089
343 -476.61215210 -7.00900224
344 -476.61166382 -7.00899506
345 -476.61199951 -7.00899999
346 -476.61199951 -7.00899999
347 -476.61279297 -7.00901166
348 -476.61212158 -7.00900179
349 -476.61285400 -7.00901256
350 -476.61297607 -7.00901435
351 -476.61303711 -7.00901525
352 -476.61291504 -7.00901346
353 -476.61248779 -7.00900717
354 -476.61315918 -7.00901705
355 -476.61309814 -7.00901615
356 -476.61364746 -7.00902423
357 -476.61389160 -7.00902782
358 -476.61352539 -7.00902243
359 -476.61315918 -7.00901705
360 -476.61425781 -7.00903320
361 -476.61486816 -7.00904218
362 -476.61486816 -7.00904218
363 -476.61505127 -7.00904487
364 -476.61517334 -7.00904667
365 -476.61444092 -7.00903590
366 -476.61474609 -7.00904038
367 -476.61505127 -7.00904487
368 -476.61505127 -7.00904487
369 -476.61529541 -7.00904846
370 -476.61596680 -7.00905834
371 -476.61575317 -7.00905519
372 -476.61590576 -7.00905744
373 -476.61621094 -7.00906193
374 -476.61669922 -7.00906911
375 -476.61645508 -7.00906552
376 -476.61657715 -7.00906731
377 -476.61669922 -7.00906911
378 -476.61657715 -7.00906731
379 -476.61660767 -7.00906776
380 -476.61721802 -7.00907674
381 -476.61682129 -7.00907090
382 -476.61688232 -7.00907180
383 -476.61734009 -7.00907853
384 -476.61724854 -7.00907718
385 -476.61688232 -7.00907180
386 -476.61676025 -7.00907000
387 -476.61669922 -7.00906911
388 -476.61688232 -7.00907180
389 -476.61663818 -7.00906821
390 -476.61730957 -7.00907808
391 -476.61737061 -7.00907898
392 -476.61734009 -7.00907853
393 -476.61755371 -7.00908167
394 -476.61785889 -7.00908616
395 -476.61804199 -7.00908885
396 -476.61810303 -7.00908975
397 -476.61779785 -7.00908526
398 -476.61785889 -7.00908616
399 -476.61819458 -7.00909110
400 -476.61776733 -7.00908481
401 -476.61822510 -7.00909155
402 -476.61785889 -7.00908616
403 -476.61874390 -7.00909917
404 -476.61874390 -7.00909917
405 -476.61816406 -7.00909065
406 -476.61810303 -7.00908975
407 -476.61834717 -7.00909334
408 -476.61871338 -7.00909873
409 -476.61859131 -7.00909693
410 -476.61944580 -7.00910950
411 -476.61938477 -7.00910860
412 -476.61956787 -7.00911129
413 -476.61975098 -7.00911398
414 -476.61968994 -7.00911309
415 -476.61944580 -7.00910950
416 -476.62030029 -7.00912206
417 -476.62011719 -7.00911937
418 -476.62036133 -7.00912296
419 -476.61993408 -7.00911668
420 -476.62060547 -7.00912655
421 -476.62127686 -7.00913642
422 -476.62078857 -7.00912924
423 -476.62072754 -7.00912835
424 -476.62091064 -7.00913104
425 -476.62115479 -7.00913463
426 -476.62048340 -7.00912476
427 -476.62030029 -7.00912206
428 -476.62017822 -7.00912027
429 -476.61987305 -7.00911578
430 -476.62072754 -7.00912835
431 -476.62030029 -7.00912206
432 -476.62097168 -7.00913194
433 -476.62158203 -7.00914091
434 -476.62164307 -7.00914181
435 -476.62084961 -7.00913014
436 -476.62005615 -7.00911847
437 -476.62054443 -7.00912565
438 -476.62030029 -7.00912206
439 -476.62048340 -7.00912476
440 -476.62030029 -7.00912206
441 -476.62091064 -7.00913104
442 -476.62139893 -7.00913822
443 -476.62164307 -7.00914181
444 -476.62158203 -7.00914091
445 -476.62109375 -7.00913373
446 -476.62133789 -7.00913732
447 -476.62133789 -7.00913732
448 -476.62066650 -7.00912745
449 -476.62097168 -7.00913194
450 -476.62097168 -7.00913194
451 -476.62054443 -7.00912565
452 -476.62005615 -7.00911847
453 -476.62017822 -7.00912027
454 -476.62017822 -7.00912027
455 -476.61999512 -7.00911758
456 -476.62048340 -7.00912476
457 -476.62042236 -7.00912386
458 -476.62042236 -7.00912386
459 -476.62115479 -7.00913463
460 -476.61993408 -7.00911668
461 -476.62048340 -7.00912476
462 -476.62030029 -7.00912206
463 -476.62084961 -7.00913014
464 -476.62121582 -7.00913553
465 -476.62066650 -7.00912745
466 -476.62115479 -7.00913463
467 -476.62145996 -7.00913912
468 -476.62145996 -7.00913912
469 -476.62164307 -7.00914181
470 -476.62109375 -7.00913373
471 -476.62084961 -7.00913014
472 -476.62097168 -7.00913194
473 -476.62072754 -7.00912835
474 -476.62127686 -7.00913642
475 -476.62115479 -7.00913463
476 -476.62170410 -7.00914271
477 -476.62207031 -7.00914809
478 -476.62207031 -7.00914809
479 -476.62182617 -7.00914450
480 -476.62133789 -7.00913732
481 -476.62182617 -7.00914450
482 -476.62170410 -7.00914271
483 -476.62188721 -7.00914540
484 -476.62194824 -7.00914630
485 -476.62121582 -7.00913553
486 -476.62115479 -7.00913463
487 -476.62103271 -7.00913283
488 -476.62145996 -7.00913912
489 -476.62164307 -7.00914181
490 -476.62145996 -7.00913912
491 -476.62115479 -7.00913463
492 -476.62200928 -7.00914720
493 -476.62188721 -7.00914540
494 -476.62158203 -7.00914091
495 -476.62176514 -7.00914360
496 -476.62170410 -7.00914271
497 -476.62152100 -7.00914001
498 -476.62164307 -7.00914181
499 -476.62097168 -7.00913194
500 -476.62145996 -7.00913912
501 -476.62097168 -7.00913194
502 -476.62145996 -7.00913912
503 -476.62152100 -7.00914001
504 -476.62164307 -7.00914181
505 -476.62182617 -7.00914450
506 -476.62164307 -7.00914181
507 -476.62152100 -7.00914001
508 -476.62164307 -7.00914181
509 -476.62139893 -7.00913822
510 -476.62219238 -7.00914989
511 -476.62219238 -7.00914989
512 -476.62170410 -7.00914271
513 -476.62194824 -7.00914630
514 -476.62152100 -7.00914001
515 -476.62145996 -7.00913912
516 -476.62188721 -7.00914540
517 -476.62176514 -7.00914360
518 -476.62170410 -7.00914271
519 -476.62121582 -7.00913553
520 -476.62164307 -7.00914181
521 -476.62158203 -7.00914091
522 -476.62127686 -7.00913642
523 -476.62170410 -7.00914271
524 -476.62237549 -7.00915258
525 -476.62261963 -7.00915617
526 -476.62237549 -7.00915258
527 -476.62255859 -7.00915527
528 -476.62261963 -7.00915617
529 -476.62280273 -7.00915886
530 -476.62292480 -7.00916066
531 -476.62274170 -7.00915797
532 -476.62255859 -7.00915527
533 -476.62255859 -7.00915527
534 -476.62310791 -7.00916335
535 -476.62322998 -7.00916515
536 -476.62316895 -7.00916425
537 -476.62316895 -7.00916425
538 -476.62347412 -7.00916874
539 -476.62255859 -7.00915527
540 -476.62280273 -7.00915886
541 -476.62384033 -7.00917412
542 -476.62390137 -7.00917502
543 -476.62408447 -7.00917771
544 -476.62420654 -7.00917951
545 -476.62457275 -7.00918489
546 -476.62426758 -7.00918041
547 -476.62481689 -7.00918848
548 -476.62408447 -7.00917771
549 -476.62463379 -7.00918579
550 -476.62445068 -7.00918310
551 -476.62457275 -7.00918489
552 -476.62518311 -7.00919387
553 -476.62469482 -7.00918669
554 -476.62524414 -7.00919477
555 -476.62506104 -7.00919207
556 -476.62487793 -7.00918938
557 -476.62487793 -7.00918938
558 -476.62548828 -7.00919836
559 -476.62561035 -7.00920015
560 -476.62597656 -7.00920554
561 -476.62609863 -7.00920733
562 -476.62573242 -7.00920195
563 -476.62609863 -7.00920733
564 -476.62573242 -7.00920195
565 -476.62603760 -7.00920644
566 -476.62615967 -7.00920823
567 -476.62573242 -7.00920195
568 -476.62615967 -7.00920823
569 -476.62573242 -7.00920195
570 -476.62615967 -7.00920823
571 -476.62634277 -7.00921092
572 -476.62646484 -7.00921272
573 -476.62609863 -7.00920733
574 -476.62664795 -7.00921541
575 -476.62677002 -7.00921721
576 -476.62658691 -7.00921451
577 -476.62597656 -7.00920554
578 -476.62634277 -7.00921092
579 -476.62628174 -7.00921003
580 -476.62652588 -7.00921362
581 -476.62670898 -7.00921631
582 -476.62640381 -7.00921182
583 -476.62670898 -7.00921631
584 -476.62628174 -7.00921003
585 -476.62677002 -7.00921721
586 -476.62731934 -7.00922528
587 -476.62707520 -7.00922169
588 -476.62719727 -7.00922349
589 -476.62701416 -7.00922080
590 -476.62719727 -7.00922349
591 -476.62744141 -7.00922708
592 -476.62762451 -7.00922977
593 -476.62805176 -7.00923606
594 -476.62786865 -7.00923336
595 -476.62817383 -7.00923785
596 -476.62823486 -7.00923875
597 -476.62817383 -7.00923785
598 -476.62829590 -7.00923965
599 -476.62805176 -7.00923606
600 -476.62780762 -7.00923246
601 -476.62817383 -7.00923785
602 -476.62817383 -7.00923785
603 -476.62811279 -7.00923695
604 -476.62835693 -7.00924054
605 -476.62799072 -7.00923516
606 -476.62768555 -7.00923067
607 -476.62792969 -7.00923426
608 -476.62884521 -7.00924772
609 -476.62872314 -7.00924593
610 -476.62860107 -7.00924413
611 -476.62847900 -7.00924234
612 -476.62835693 -7.00924054
613 -476.62786865 -7.00923336
614 -476.62744141 -7.00922708
615 -476.62835693 -7.00924054
616 -476.62841797 -7.00924144
617 -476.62908936 -7.00925131
618 -476.62835693 -7.00924054
619 -476.62841797 -7.00924144
620 -476.62854004 -7.00924324
621 -476.62854004 -7.00924324
622 -476.62872314 -7.00924593
623 -476.62869263 -7.00924548
624 -476.62902832 -7.00925042
625 -476.62921143 -7.00925311
626 -476.62890625 -7.00924862
627 -476.62890625 -7.00924862
628 -476.62921143 -7.00925311
629 -476.62866211 -7.00924503
630 -476.62866211 -7.00924503
631 -476.62890625 -7.00924862
632 -476.62786865 -7.00923336
633 -476.62829590 -7.00923965
634 -476.62823486 -7.00923875
635 -476.62805176 -7.00923606
636 -476.62768555 -7.00923067
637 -476.62799072 -7.00923516
638 -476.62805176 -7.00923606
639 -476.62854004 -7.00924324
640 -476.62829590 -7.00923965
641 -476.62792969 -7.00923426
642 -476.62817383 -7.00923785
643 -476.62823486 -7.00923875
644 -476.62786865 -7.00923336
645 -476.62805176 -7.00923606
646 -476.62786865 -7.00923336
647 -476.62805176 -7.00923606
648 -476.62750244 -7.00922798
649 -476.62756348 -7.00922887
650 -476.62713623 -7.00922259
651 -476.62695312 -7.00921990
652 -476.62719727 -7.00922349
653 -476.62750244 -7.00922798
654 -476.62817383 -7.00923785
655 -476.62792969 -7.00923426
656 -476.62698364 -7.00922035
657 -476.62701416 -7.00922080
658 -476.62725830 -7.00922439
659 -476.62689209 -7.00921900
660 -476.62689209 -7.00921900
661 -476.62707520 -7.00922169
662 -476.62719727 -7.00922349
663 -476.62756348 -7.00922887
664 -476.62738037 -7.00922618
665 -476.62640381 -7.00921182
666 -476.62683105 -7.00921810
667 -476.62677002 -7.00921721
668 -476.62673950 -7.00921676
