0 -460.97674561 -6.40245480
1 -461.00543213 -6.40285322
2 -461.02487183 -6.40312322
3 -461.03985596 -6.40333133
4 -461.05203247 -6.40350045
5 -461.06292725 -6.40365177
6 -461.07363892 -6.40380054
7 -461.08300781 -6.40393066
8 -461.09118652 -6.40404426
9 -461.09930420 -6.40415700
10 -461.10656738 -6.40425788
11 -461.11358643 -6.40435537
12 -461.12005615 -6.40444522
13 -461.12548828 -6.40452067
14 -461.13131714 -6.40460163
15 -461.13751221 -6.40468767
16 -461.14227295 -6.40475379
17 -461.14752197 -6.40482669
18 -461.15240479 -6.40489451
19 -461.15707397 -6.40495936
20 -461.16119385 -6.40501658
21 -461.16552734 -6.40507677
22 -461.16979980 -6.40513611
23 -461.17410278 -6.40519587
24 -461.17837524 -6.40525521
25 -461.18225098 -6.40530904
26 -461.18609619 -6.40536245
27 -461.18984985 -6.40541458
28 -461.19348145 -6.40546502
29 -461.19720459 -6.40551673
30 -461.20053101 -6.40556293
31 -461.20416260 -6.40561337
32 -461.20788574 -6.40566508
33 -461.21078491 -6.40570535
34 -461.21414185 -6.40575197
35 -461.21697998 -6.40579139
36 -461.22033691 -6.40583801
37 -461.22256470 -6.40586895
38 -461.22592163 -6.40591558
39 -461.22888184 -6.40595669
40 -461.23156738 -6.40599399
41 -461.23489380 -6.40604019
42 -461.23739624 -6.40607495
43 -461.24011230 -6.40611267
44 -461.24234009 -6.40614361
45 -461.24447632 -6.40617328
46 -461.24710083 -6.40620973
47 -461.24966431 -6.40624534
48 -461.25222778 -6.40628094
49 -461.25527954 -6.40632333
50 -461.25753784 -6.40635469
51 -461.26010132 -6.40639030
52 -461.26260376 -6.40642505
53 -461.26477051 -6.40645515
54 -461.26745605 -6.40649245
55 -461.26950073 -6.40652084
56 -461.27160645 -6.40655009
57 -461.27319336 -6.40657213
58 -461.27593994 -6.40661028
59 -461.27789307 -6.40663740
60 -461.28024292 -6.40667004
61 -461.28253174 -6.40670183
62 -461.28540039 -6.40674167
63 -461.28717041 -6.40676626
64 -461.28890991 -6.40679042
65 -461.29071045 -6.40681542
66 -461.29321289 -6.40685018
67 -461.29568481 -6.40688451
