0 -447.27728271 -6.57760710
1 -447.28796387 -6.57776417
2 -447.29656982 -6.57789073
3 -447.30392456 -6.57799889
4 -447.31066895 -6.57809807
5 -447.31613159 -6.57817841
6 -447.32183838 -6.57826233
7 -447.32675171 -6.57833458
8 -447.33129883 -6.57840145
9 -447.33547974 -6.57846294
10 -447.33941650 -6.57852083
11 -447.34240723 -6.57856481
12 -447.34533691 -6.57860790
13 -447.34869385 -6.57865726
14 -447.35144043 -6.57869765
15 -447.35363770 -6.57872997
16 -447.35693359 -6.57877844
17 -447.35961914 -6.57881793
18 -447.36163330 -6.57884755
19 -447.36367798 -6.57887762
20 -447.36596680 -6.57891128
21 -447.36810303 -6.57894269
22 -447.37036133 -6.57897590
23 -447.37234497 -6.57900507
24 -447.37426758 -6.57903335
25 -447.37612915 -6.57906072
26 -447.37841797 -6.57909438
27 -447.38006592 -6.57911862
28 -447.38146973 -6.57913926
29 -447.38299561 -6.57916170
30 -447.38488770 -6.57918952
31 -447.38601685 -6.57920613
32 -447.38714600 -6.57922274
33 -447.38851929 -6.57924293
34 -447.38995361 -6.57926402
35 -447.39132690 -6.57928422
36 -447.39294434 -6.57930800
37 -447.39443970 -6.57933000
38 -447.39569092 -6.57934840
39 -447.39675903 -6.57936410
40 -447.39788818 -6.57938071
41 -447.39868164 -6.57939238
42 -447.40020752 -6.57941482
43 -447.40081787 -6.57942379
44 -447.40136719 -6.57943187
45 -447.40274048 -6.57945207
46 -447.40386963 -6.57946867
47 -447.40469360 -6.57948079
48 -447.40521240 -6.57948842
49 -447.40643311 -6.57950637
50 -447.40740967 -6.57952073
51 -447.40802002 -6.57952971
52 -447.40930176 -6.57954856
53 -447.41033936 -6.57956381
54 -447.41125488 -6.57957728
55 -447.41192627 -6.57958715
56 -447.41241455 -6.57959433
57 -447.41311646 -6.57960465
58 -447.41357422 -6.57961139
59 -447.41455078 -6.57962575
60 -447.41540527 -6.57963831
