0 -504.82879639 -5.87010228
1 -504.85083008 -5.87035849
2 -504.86813354 -5.87055969
3 -504.88113403 -5.87071086
4 -504.89004517 -5.87081448
5 -504.89794922 -5.87090639
6 -504.90335083 -5.87096920
7 -504.90802002 -5.87102349
8 -504.91262817 -5.87107707
9 -504.91540527 -5.87110936
10 -504.91851807 -5.87114556
11 -504.92114258 -5.87117608
12 -504.92269897 -5.87119417
13 -504.92425537 -5.87121227
14 -504.92614746 -5.87123427
15 -504.92733765 -5.87124811
16 -504.92886353 -5.87126585
17 -504.93035889 -5.87128324
18 -504.93161011 -5.87129779
19 -504.93383789 -5.87132370
20 -504.93524170 -5.87134002
21 -504.93634033 -5.87135279
22 -504.93750000 -5.87136628
23 -504.93801880 -5.87137231
24 -504.93902588 -5.87138402
25 -504.93945312 -5.87138899
26 -504.94033813 -5.87139928
27 -504.94122314 -5.87140957
28 -504.94210815 -5.87141986
29 -504.94281006 -5.87142802
30 -504.94360352 -5.87143725
31 -504.94491577 -5.87145251
32 -504.94622803 -5.87146777
33 -504.94677734 -5.87147416
34 -504.94766235 -5.87148445
35 -504.94854736 -5.87149474
36 -504.94937134 -5.87150432
37 -504.95050049 -5.87151745
38 -504.95089722 -5.87152206
39 -504.95187378 -5.87153342
40 -504.95214844 -5.87153661
41 -504.95214844 -5.87153661
42 -504.95327759 -5.87154974
43 -504.95367432 -5.87155435
44 -504.95455933 -5.87156464
45 -504.95501709 -5.87156997
46 -504.95596313 -5.87158097
47 -504.95669556 -5.87158948
48 -504.95718384 -5.87159516
49 -504.95788574 -5.87160332
