0 -715.23400879 -6.74749065
1 -715.24468994 -6.74759141
2 -715.25146484 -6.74765533
3 -715.25799561 -6.74771694
4 -715.26257324 -6.74776012
5 -715.26818848 -6.74781310
6 -715.27313232 -6.74785974
7 -715.27636719 -6.74789026
8 -715.27947998 -6.74791962
9 -715.28295898 -6.74795244
10 -715.28729248 -6.74799333
11 -715.28967285 -6.74801578
12 -715.29302979 -6.74804745
13 -715.29638672 -6.74807912
14 -715.29937744 -6.74810733
15 -715.30200195 -6.74813209
16 -715.30480957 -6.74815858
17 -715.30755615 -6.74818449
18 -715.31036377 -6.74821098
19 -715.31274414 -6.74823344
20 -715.31451416 -6.74825013
21 -715.31658936 -6.74826971
22 -715.31866455 -6.74828929
23 -715.32086182 -6.74831002
24 -715.32373047 -6.74833708
25 -715.32525635 -6.74835147
26 -715.32727051 -6.74837048
27 -715.32891846 -6.74838602
28 -715.33129883 -6.74840848
29 -715.33288574 -6.74842345
30 -715.33410645 -6.74843497
31 -715.33630371 -6.74845570
32 -715.33746338 -6.74846664
33 -715.33935547 -6.74848449
34 -715.34088135 -6.74849888
35 -715.34246826 -6.74851385
36 -715.34393311 -6.74852767
37 -715.34558105 -6.74854322
38 -715.34716797 -6.74855819
39 -715.34802246 -6.74856625
40 -715.34936523 -6.74857892
41 -715.35150146 -6.74859907
42 -715.35308838 -6.74861404
43 -715.35369873 -6.74861980
44 -715.35583496 -6.74863995
45 -715.35595703 -6.74864110
46 -715.35693359 -6.74865032
47 -715.35754395 -6.74865607
48 -715.35906982 -6.74867047
49 -715.36077881 -6.74868659
50 -715.36126709 -6.74869120
51 -715.36248779 -6.74870272
52 -715.36370850 -6.74871423
53 -715.36456299 -6.74872229
54 -715.36584473 -6.74873438
55 -715.36645508 -6.74874014
56 -715.36791992 -6.74875396
