0 -580.15948486 -6.59272142
1 -580.13568115 -6.59245092
2 -580.10626221 -6.59211662
3 -580.05499268 -6.59153401
4 -579.98657227 -6.59075650
5 -579.86694336 -6.58939708
6 -579.72357178 -6.58776786
7 -579.54333496 -6.58571972
8 -579.21246338 -6.58195981
9 -578.82122803 -6.57751395
10 -578.17034912 -6.57011760
11 -576.90466309 -6.55573481
12 -575.44165039 -6.53910966
13 -573.09265137 -6.51241649
14 -570.22650146 -6.47984661
15 -566.05828857 -6.43248055
16 -560.86621094 -6.37347967
17 -554.59539795 -6.30222043
18 -545.60253906 -6.20002885
19 -536.28466797 -6.09414395
20 -524.37573242 -5.95881514
21 -512.10186768 -5.81933941
22 -496.46142578 -5.64160711
23 -479.64364624 -5.45049598
24 -460.54806519 -5.23350074
25 -440.33630371 -5.00382163
26 -418.14852905 -4.75168783
27 -391.90640259 -4.45348185
28 -361.51779175 -4.10815672
29 -326.36553955 -3.70869931
30 -287.20928955 -3.26374193
31 -237.88748169 -2.70326684
32 -190.08010864 -2.16000123
33 -128.35003662 -1.45852314
34 -60.58011627 -0.68841041
35 27.61330414 0.31378755
36 133.34985352 1.51533924
37 243.10586548 2.76256665
38 359.41384888 4.08424828
39 550.69683838 6.25791862
40 787.81469727 8.95243974
41 1047.07678223 11.89859980
42 1368.62133789 15.55251520
43 1911.52282715 21.72185031
44 2424.41967773 27.55022361
45 3380.02148438 38.40933505
46 4896.86279297 55.64616810
47 7587.71337891 86.22401567
48 12039.43359375 136.81174538
49 141191.95312500 1604.45401278
50 22283.90820312 253.22622958
51 62776.90234375 713.37389027
52 27112.18750000 308.09303977
53 96659.71875000 1098.40589489
54 74015.77343750 841.08833452
55 71682.25781250 814.57111151
56 58788.03515625 668.04585405
57 107166.78906250 1217.80442116
58 82649.70312500 939.20117188
59 161462.62500000 1834.80255682
60 150642.78125000 1711.84978693
61 267568.50000000 3040.55113636
62 120716.01562500 1371.77290483
63 614124.75000000 6978.69034091
64 122947.71093750 1397.13307884
65 239180.35937500 2717.95862926
66 434385.96875000 4936.20419034
67 998438.87500000 11345.89630682
68 138781.50000000 1577.06250000
69 565747.62500000 6428.95028409
70 398522.50000000 4528.66477273
71 818810.37500000 9304.66335227
72 861992.06250000 9795.36434659
73 353943.96875000 4022.09055398
74 458354.84375000 5208.57776989
75 802462.00000000 9118.88636364
76 630775.37500000 7167.90198864
77 543528.62500000 6176.46164773
78 653831.68750000 7429.90553977
79 474654.65625000 5393.80291193
80 654846.12500000 7441.43323864
81 459987.25000000 5227.12784091
82 738889.62500000 8396.47301136
83 451885.09375000 5135.05788352
84 457577.46875000 5199.74396307
85 484658.06250000 5507.47798295
86 557425.31250000 6334.37855114
87 591629.56250000 6723.06321023
88 550449.25000000 6255.10511364
89 412725.81250000 4690.06605114
90 1013506.56250000 11517.12002841
91 516918.71875000 5874.07634943
92 759850.62500000 8634.66619318
93 301195.68750000 3422.67826705
94 1197582.75000000 13608.89488636
95 349031.37500000 3966.26562500
96 1334775.50000000 15167.90340909
97 364107.00000000 4137.57954545
98 803043.87500000 9125.49857955
99 453038.18750000 5148.16122159
100 1035320.68750000 11765.00781250
101 818043.87500000 9295.95312500
102 867593.62500000 9859.01846591
103 503961.46875000 5726.83487216
104 960326.06250000 10912.79616477
105 875838.31250000 9952.70809659
106 963081.75000000 10944.11079545
107 530924.50000000 6033.23295455
108 972590.12500000 11052.16051136
109 988734.37500000 11235.61789773
110 568424.75000000 6459.37215909
111 473888.46875000 5385.09623580
112 1290883.50000000 14669.13068182
113 516647.90625000 5870.99893466
114 1155508.37500000 13130.77698864
115 403788.00000000 4588.50000000
116 364562.59375000 4142.75674716
117 914712.43750000 10394.45951705
118 322539.68750000 3665.22372159
119 739166.06250000 8399.61434659
120 375253.06250000 4264.23934659
121 563736.68750000 6406.09872159
122 499919.50000000 5680.90340909
123 463652.50000000 5268.77840909
124 1759588.62500000 19995.32528409
125 1377457.87500000 15652.93039773
126 845128.43750000 9603.73224432
127 748321.43750000 8503.65269886
128 907681.12500000 10314.55823864
129 1521098.00000000 17285.20454545
