0 -481.88568115 -6.51196866
1 -480.82836914 -6.49768066
2 -479.65576172 -6.48183462
3 -478.24597168 -6.46278340
4 -477.52294922 -6.45301283
5 -476.41271973 -6.43800973
6 -475.69674683 -6.42833442
7 -474.06295776 -6.40625619
8 -472.49777222 -6.38510503
9 -471.09140015 -6.36610000
10 -469.77587891 -6.34832269
11 -468.58529663 -6.33223374
12 -466.62832642 -6.30578819
13 -465.27966309 -6.28756301
14 -462.95040894 -6.25608661
15 -459.97247314 -6.21584423
16 -459.76223755 -6.21300321
17 -458.16833496 -6.19146399
18 -460.32080078 -6.22055136
19 -459.48910522 -6.20931223
20 -460.34442139 -6.22087056
21 -459.24810791 -6.20605551
22 -458.22366333 -6.19221167
23 -456.96124268 -6.17515193
24 -455.31494141 -6.15290461
25 -455.15539551 -6.15074859
26 -455.97293091 -6.16179636
27 -457.76202393 -6.18597330
28 -457.36172485 -6.18056385
29 -457.38732910 -6.18090985
30 -456.21212769 -6.16502875
31 -455.60504150 -6.15682489
32 -454.06195068 -6.13597231
33 -451.70236206 -6.10408597
34 -450.03341675 -6.08153266
35 -447.80307007 -6.05139284
36 -449.42929077 -6.07336879
37 -446.47561646 -6.03345428
38 -445.33816528 -6.01808331
39 -444.60638428 -6.00819438
40 -442.34048462 -5.97757412
41 -440.75500488 -5.95614871
42 -438.24218750 -5.92219172
43 -438.17395020 -5.92126960
44 -438.25402832 -5.92235173
45 -440.07345581 -5.94693859
46 -439.07574463 -5.93345601
47 -439.22784424 -5.93551141
48 -439.27615356 -5.93616424
49 -438.77661133 -5.92941367
50 -434.59378052 -5.87288893
51 -430.45648193 -5.81697949
52 -429.80874634 -5.80822630
53 -424.72085571 -5.73947102
54 -421.79464722 -5.69992767
55 -421.89428711 -5.70127415
56 -422.11337280 -5.70423477
57 -424.02398682 -5.73005388
58 -421.77197266 -5.69962125
59 -422.08465576 -5.70384670
60 -420.94375610 -5.68842914
61 -422.21249390 -5.70557424
62 -425.57604980 -5.75102770
63 -423.49377441 -5.72288884
64 -421.06414795 -5.69005605
65 -417.76620483 -5.64548925
66 -409.88970947 -5.53905013
67 -410.67642212 -5.54968138
68 -405.72796631 -5.48281036
69 -403.87390137 -5.45775542
70 -401.90576172 -5.43115894
71 -399.26452637 -5.39546657
72 -396.18188477 -5.35380925
73 -397.54812622 -5.37227198
74 -399.01275635 -5.39206427
75 -393.45736694 -5.31699145
76 -397.54669189 -5.37225259
77 -392.68408203 -5.30654165
78 -395.01678467 -5.33806466
79 -394.98623657 -5.33765185
80 -397.99084473 -5.37825466
81 -394.92907715 -5.33687942
82 -396.23437500 -5.35451858
83 -396.07031250 -5.35230152
84 -400.66027832 -5.41432809
85 -401.51934814 -5.42593714
86 -398.41268921 -5.38395526
87 -399.71832275 -5.40159896
88 -398.38586426 -5.38359276
89 -398.61773682 -5.38672617
90 -394.99670410 -5.33779330
91 -393.30737305 -5.31496450
92 -387.24731445 -5.23307182
93 -386.06625366 -5.21711154
94 -386.37408447 -5.22127141
95 -390.15954590 -5.27242630
96 -397.26425171 -5.36843583
97 -399.39224243 -5.39719247
98 -395.38305664 -5.34301428
99 -395.37145996 -5.34285757
100 -391.36383057 -5.28870041
101 -392.97106934 -5.31041986
102 -394.84906006 -5.33579811
103 -398.05786133 -5.37916029
104 -401.07717896 -5.41996188
105 -405.00234985 -5.47300473
106 -405.40789795 -5.47848511
107 -402.42849731 -5.43822294
108 -404.07348633 -5.46045252
109 -403.91015625 -5.45824535
110 -403.80957031 -5.45688609
111 -400.76745605 -5.41577643
112 -399.31561279 -5.39615693
113 -397.55017090 -5.37229961
114 -399.10534668 -5.39331550
115 -395.42041016 -5.34351906
116 -392.09570312 -5.29859058
117 -391.83956909 -5.29512931
118 -391.36669922 -5.28873918
119 -389.09786987 -5.25807932
120 -388.26867676 -5.24687401
121 -384.59689331 -5.19725532
122 -380.53454590 -5.14235873
123 -384.11160278 -5.19069733
124 -381.18524170 -5.15115191
125 -385.33056641 -5.20716982
126 -384.65069580 -5.19798238
127 -384.84112549 -5.20055575
128 -382.97198486 -5.17529709
129 -385.74517822 -5.21277268
130 -383.76522827 -5.18601660
131 -380.63580322 -5.14372707
132 -379.98974609 -5.13499657
133 -375.17974854 -5.06999660
134 -373.81881714 -5.05160564
135 -370.75067139 -5.01014421
136 -366.50579834 -4.95278106
137 -370.46929932 -5.00634188
138 -366.97021484 -4.95905696
139 -369.80419922 -4.99735404
140 -370.63824463 -5.00862493
141 -366.53558350 -4.95318356
142 -368.71917725 -4.98269158
143 -368.97860718 -4.98619739
144 -368.93432617 -4.98559900
145 -369.65991211 -4.99540422
146 -369.75491333 -4.99668802
147 -370.79010010 -5.01067703
148 -370.36114502 -5.00488034
149 -365.77554321 -4.94291275
150 -363.19354248 -4.90802084
151 -361.50320435 -4.88517844
152 -361.41232300 -4.88395031
153 -364.48803711 -4.92551401
154 -369.53466797 -4.99371173
155 -374.45373535 -5.06018561
156 -375.70462036 -5.07708946
157 -370.05209351 -5.00070397
158 -369.51226807 -4.99340903
159 -373.17132568 -5.04285575
160 -372.57379150 -5.03478097
161 -373.58544922 -5.04845202
162 -371.21441650 -5.01641103
163 -373.70306396 -5.05004140
164 -373.75537109 -5.05074826
165 -371.92205811 -5.02597376
166 -369.40115356 -4.99190748
167 -367.08258057 -4.96057541
168 -370.15740967 -5.00212716
169 -372.22875977 -5.03011838
170 -370.84179688 -5.01137563
171 -367.68707275 -4.96874423
172 -371.44711304 -5.01955558
173 -368.30599976 -4.97710810
174 -368.63397217 -4.98154016
175 -369.34088135 -4.99109299
176 -366.77764893 -4.95645472
177 -371.60107422 -5.02163614
178 -366.12200928 -4.94759472
179 -363.99014282 -4.91878571
180 -364.79632568 -4.92968008
181 -366.56396484 -4.95356709
182 -364.38653564 -4.92414237
183 -367.08367920 -4.96059026
184 -369.60659790 -4.99468376
185 -374.34667969 -5.05873891
186 -368.23858643 -4.97619711
187 -368.26239014 -4.97651879
188 -366.29132080 -4.94988271
189 -369.64099121 -4.99514853
190 -367.08087158 -4.96055232
191 -370.76586914 -5.01034958
192 -369.37615967 -4.99156973
193 -368.15631104 -4.97508528
194 -369.16677856 -4.98874025
195 -371.55645752 -5.02103321
196 -370.36926270 -5.00499004
197 -368.11401367 -4.97451370
198 -363.97543335 -4.91858694
199 -358.82302856 -4.84895985
200 -355.03710938 -4.79779878
201 -351.81738281 -4.75428896
202 -354.86651611 -4.79549346
203 -357.18338013 -4.82680243
204 -358.44500732 -4.84385145
205 -356.48913574 -4.81742075
206 -356.54412842 -4.81816390
207 -354.41943359 -4.78945181
208 -359.45581055 -4.85751095
209 -355.17211914 -4.79962323
210 -355.62890625 -4.80579603
211 -354.76428223 -4.79411192
212 -352.82818604 -4.76794846
213 -351.39303589 -4.74855454
214 -352.71655273 -4.76643990
215 -354.82995605 -4.79499941
216 -358.30630493 -4.84197709
217 -363.34490967 -4.91006635
218 -364.28564453 -4.92277898
219 -364.04949951 -4.91958783
220 -367.37295532 -4.96449940
221 -365.67895508 -4.94160750
222 -360.78549194 -4.87547962
223 -356.83349609 -4.82207427
224 -354.20867920 -4.78660377
225 -354.30261230 -4.78787314
226 -353.70611572 -4.77981237
227 -355.29602051 -4.80129757
228 -355.09036255 -4.79851841
229 -354.47131348 -4.79015288
230 -356.82769775 -4.82199592
231 -358.58874512 -4.84579385
232 -359.16229248 -4.85354449
233 -356.95599365 -4.82372964
234 -353.19427490 -4.77289561
235 -344.21759033 -4.65158906
236 -337.24871826 -4.55741511
237 -338.23455811 -4.57073727
238 -338.67568970 -4.57669851
239 -333.61425781 -4.50830078
240 -330.13992310 -4.46135031
241 -324.64990234 -4.38716084
242 -327.63043213 -4.42743827
243 -324.88610840 -4.39035282
244 -327.15930176 -4.42107165
245 -327.07550049 -4.41993920
246 -326.19869995 -4.40809054
247 -318.91986084 -4.30972785
248 -320.31152344 -4.32853410
249 -317.47674561 -4.29022629
250 -315.96661377 -4.26981910
251 -315.45452881 -4.26289904
252 -317.49792480 -4.29051250
253 -319.55075073 -4.31825339
254 -318.02087402 -4.29757938
255 -315.11743164 -4.25834367
256 -311.64501953 -4.21141918
257 -308.80255127 -4.17300745
258 -311.52774048 -4.20983433
259 -305.25540161 -4.12507299
260 -303.83731079 -4.10590961
261 -312.20248413 -4.21895249
262 -316.01116943 -4.27042121
263 -317.11968994 -4.28540122
264 -321.13497925 -4.33966188
265 -321.21423340 -4.34073288
266 -328.16845703 -4.43470888
267 -325.21844482 -4.39484385
268 -318.48657227 -4.30387260
269 -321.85205078 -4.34935204
270 -312.98071289 -4.22946909
271 -307.28161621 -4.15245427
272 -315.34320068 -4.26139460
273 -312.20013428 -4.21892073
274 -316.12780762 -4.27199740
275 -316.86984253 -4.28202490
276 -318.67437744 -4.30641051
277 -316.93255615 -4.28287238
278 -320.75573730 -4.33453699
279 -323.27319336 -4.36855667
280 -320.75799561 -4.33456751
281 -321.07513428 -4.33885317
282 -318.33929443 -4.30188236
283 -320.10253906 -4.32570999
284 -323.00885010 -4.36498446
285 -326.24658203 -4.40873760
286 -327.22610474 -4.42197439
287 -322.67559814 -4.36048106
288 -316.36065674 -4.27514401
289 -320.13418579 -4.32613765
290 -319.00823975 -4.31092216
291 -315.15277100 -4.25882123
292 -312.79873657 -4.22700995
293 -319.05688477 -4.31157952
294 -319.22613525 -4.31386669
295 -315.24554443 -4.26007492
296 -314.77020264 -4.25365139
297 -311.44213867 -4.20867755
298 -314.14715576 -4.24523183
299 -308.60498047 -4.17033757
