0 -472.21276855 -6.65088406
1 -472.22836304 -6.65110370
2 -472.23815918 -6.65124168
3 -472.24591064 -6.65135085
4 -472.25323486 -6.65145401
5 -472.25939941 -6.65154084
6 -472.26513672 -6.65162164
7 -472.27084351 -6.65170202
8 -472.27621460 -6.65177767
9 -472.28131104 -6.65184945
10 -472.28607178 -6.65191650
11 -472.29153442 -6.65199344
12 -472.29614258 -6.65205835
13 -472.30120850 -6.65212970
14 -472.30609131 -6.65219847
15 -472.31036377 -6.65225864
16 -472.31509399 -6.65232527
17 -472.31945801 -6.65238673
18 -472.32373047 -6.65244691
19 -472.32846069 -6.65251353
20 -472.33218384 -6.65256597
21 -472.33645630 -6.65262615
22 -472.34039307 -6.65268159
23 -472.34466553 -6.65274177
24 -472.34857178 -6.65279679
25 -472.35321045 -6.65286212
26 -472.35736084 -6.65292058
27 -472.36160278 -6.65298032
28 -472.36578369 -6.65303921
29 -472.36944580 -6.65309079
30 -472.37414551 -6.65315698
31 -472.37799072 -6.65321114
32 -472.38208008 -6.65326873
33 -472.38531494 -6.65331429
34 -472.38909912 -6.65336759
35 -472.39312744 -6.65342433
36 -472.39727783 -6.65348279
37 -472.40093994 -6.65353437
38 -472.40393066 -6.65357649
39 -472.40765381 -6.65362893
40 -472.41168213 -6.65368566
41 -472.41503906 -6.65373294
42 -472.41827393 -6.65377851
43 -472.42211914 -6.65383266
44 -472.42575073 -6.65388381
45 -472.42904663 -6.65393023
46 -472.43286133 -6.65398396
47 -472.43569946 -6.65402394
48 -472.43939209 -6.65407594
49 -472.44241333 -6.65411850
50 -472.44580078 -6.65416621
51 -472.44915771 -6.65421349
52 -472.45281982 -6.65426507
53 -472.45538330 -6.65430117
54 -472.45874023 -6.65434845
55 -472.46197510 -6.65439402
56 -472.46508789 -6.65443786
57 -472.46783447 -6.65447654
58 -472.47106934 -6.65452210
59 -472.47418213 -6.65456595
60 -472.47717285 -6.65460807
61 -472.47955322 -6.65464159
62 -472.48229980 -6.65468028
63 -472.48538208 -6.65472369
64 -472.48754883 -6.65475421
65 -472.48965454 -6.65478387
66 -472.49258423 -6.65482513
67 -472.49523926 -6.65486252
68 -472.49768066 -6.65489691
69 -472.50170898 -6.65495365
70 -472.50302124 -6.65497213
71 -472.50616455 -6.65501640
72 -472.50891113 -6.65505509
73 -472.51153564 -6.65509205
74 -472.51385498 -6.65512472
75 -472.51654053 -6.65516254
76 -472.51898193 -6.65519693
77 -472.52075195 -6.65522186
78 -472.52359009 -6.65526183
79 -472.52661133 -6.65530438
80 -472.52825928 -6.65532760
81 -472.53082275 -6.65536370
82 -472.53283691 -6.65539207
83 -472.53533936 -6.65542731
84 -472.53735352 -6.65545568
85 -472.54022217 -6.65549609
86 -472.54269409 -6.65553090
87 -472.54534912 -6.65556830
88 -472.54714966 -6.65559366
89 -472.54998779 -6.65563363
90 -472.55303955 -6.65567661
91 -472.55474854 -6.65570068
92 -472.55712891 -6.65573421
93 -472.55920410 -6.65576344
94 -472.56149292 -6.65579567
95 -472.56311035 -6.65581846
96 -472.56463623 -6.65583995
97 -472.56683350 -6.65587089
98 -472.56921387 -6.65590442
99 -472.57153320 -6.65593709
100 -472.57336426 -6.65596288
101 -472.57556152 -6.65599382
102 -472.57757568 -6.65602219
103 -472.57983398 -6.65605400
104 -472.58160400 -6.65607893
105 -472.58355713 -6.65610644
106 -472.58551025 -6.65613395
107 -472.58746338 -6.65616146
108 -472.58886719 -6.65618123
109 -472.59002686 -6.65619756
110 -472.59222412 -6.65622851
111 -472.59448242 -6.65626032
112 -472.59570312 -6.65627751
113 -472.59802246 -6.65631018
114 -472.59936523 -6.65632909
115 -472.60034180 -6.65634284
116 -472.60168457 -6.65636175
117 -472.60375977 -6.65639098
118 -472.60473633 -6.65640474
119 -472.60675049 -6.65643311
120 -472.60778809 -6.65644772
121 -472.60955811 -6.65647265
122 -472.61065674 -6.65648812
123 -472.61151123 -6.65650016
124 -472.61358643 -6.65652939
125 -472.61553955 -6.65655690
126 -472.61676025 -6.65657409
127 -472.61767578 -6.65658698
128 -472.61938477 -6.65661105
129 -472.62066650 -6.65662911
130 -472.62219238 -6.65665060
131 -472.62295532 -6.65666134
132 -472.62457275 -6.65668412
133 -472.62487793 -6.65668842
134 -472.62640381 -6.65670991
135 -472.62786865 -6.65673054
136 -472.62921143 -6.65674946
137 -472.63037109 -6.65676579
138 -472.63165283 -6.65678384
139 -472.63299561 -6.65680276
140 -472.63439941 -6.65682253
141 -472.63537598 -6.65683628
142 -472.63635254 -6.65685004
143 -472.63806152 -6.65687411
144 -472.63879395 -6.65688442
145 -472.64038086 -6.65690677
146 -472.64074707 -6.65691193
147 -472.64215088 -6.65693170
148 -472.64312744 -6.65694546
149 -472.64428711 -6.65696179
150 -472.64495850 -6.65697125
151 -472.64663696 -6.65699489
152 -472.64782715 -6.65701165
153 -472.64868164 -6.65702369
154 -472.64990234 -6.65704088
155 -472.65078735 -6.65705334
156 -472.65167236 -6.65706581
157 -472.65313721 -6.65708644
158 -472.65478516 -6.65710965
159 -472.65521240 -6.65711567
160 -472.65628052 -6.65713071
161 -472.65744019 -6.65714704
162 -472.65795898 -6.65715435
163 -472.65963745 -6.65717799
164 -472.66046143 -6.65718960
165 -472.66177368 -6.65720808
166 -472.66265869 -6.65722054
167 -472.66375732 -6.65723602
168 -472.66513062 -6.65725536
