0 -469.66619873 -6.52314165
1 -469.69525146 -6.52354516
2 -469.71398926 -6.52380541
3 -469.72979736 -6.52402496
4 -469.74182129 -6.52419196
5 -469.75067139 -6.52431488
6 -469.75781250 -6.52441406
7 -469.76434326 -6.52450477
8 -469.76916504 -6.52457174
9 -469.77316284 -6.52462726
10 -469.77673340 -6.52467685
11 -469.77960205 -6.52471670
12 -469.78204346 -6.52475060
13 -469.78512573 -6.52479341
14 -469.78784180 -6.52483114
15 -469.78918457 -6.52484979
16 -469.79156494 -6.52488285
17 -469.79287720 -6.52490107
18 -469.79425049 -6.52492015
19 -469.79583740 -6.52494219
20 -469.79724121 -6.52496168
21 -469.79876709 -6.52498288
22 -469.79998779 -6.52499983
23 -469.80108643 -6.52501509
24 -469.80200195 -6.52502780
25 -469.80303955 -6.52504222
26 -469.80422974 -6.52505875
27 -469.80487061 -6.52506765
28 -469.80560303 -6.52507782
29 -469.80712891 -6.52509901
30 -469.80810547 -6.52511258
