0 -503.36001587 -6.99111133
1 -503.38906860 -6.99151484
2 -503.40817261 -6.99178018
3 -503.42172241 -6.99196837
4 -503.43151855 -6.99210442
5 -503.44174194 -6.99224642
6 -503.44873047 -6.99234348
7 -503.45535278 -6.99243546
8 -503.46124268 -6.99251726
9 -503.46630859 -6.99258762
10 -503.47186279 -6.99266476
11 -503.47610474 -6.99272368
12 -503.47918701 -6.99276649
13 -503.48376465 -6.99283006
14 -503.48693848 -6.99287415
15 -503.49081421 -6.99292798
16 -503.49356079 -6.99296612
17 -503.49685669 -6.99301190
18 -503.49935913 -6.99304665
19 -503.50177002 -6.99308014
20 -503.50427246 -6.99311490
21 -503.50625610 -6.99314245
22 -503.50839233 -6.99317212
23 -503.50997925 -6.99319416
24 -503.51293945 -6.99323527
25 -503.51406860 -6.99325095
26 -503.51617432 -6.99328020
27 -503.51846313 -6.99331199
28 -503.52069092 -6.99334293
29 -503.52203369 -6.99336158
30 -503.52255249 -6.99336878
31 -503.52478027 -6.99339973
32 -503.52664185 -6.99342558
33 -503.52813721 -6.99344635
34 -503.52987671 -6.99347051
35 -503.53158569 -6.99349425
36 -503.53277588 -6.99351078
37 -503.53433228 -6.99353239
38 -503.53616333 -6.99355782
39 -503.53729248 -6.99357351
40 -503.53857422 -6.99359131
41 -503.53921509 -6.99360021
42 -503.54028320 -6.99361504
43 -503.54180908 -6.99363624
44 -503.54290771 -6.99365150
45 -503.54388428 -6.99366506
46 -503.54473877 -6.99367693
47 -503.54537964 -6.99368583
48 -503.54669189 -6.99370405
49 -503.54824829 -6.99372567
50 -503.54943848 -6.99374220
51 -503.54998779 -6.99374983
52 -503.55114746 -6.99376594
53 -503.55221558 -6.99378077
54 -503.55368042 -6.99380112
55 -503.55505371 -6.99382019
56 -503.55651855 -6.99384054
57 -503.55679321 -6.99384435
58 -503.55798340 -6.99386088
59 -503.55899048 -6.99387487
60 -503.55929565 -6.99387911
61 -503.56100464 -6.99390284
62 -503.56234741 -6.99392149
63 -503.56320190 -6.99393336
64 -503.56399536 -6.99394438
65 -503.56484985 -6.99395625
66 -503.56591797 -6.99397108
67 -503.56591797 -6.99397108
68 -503.56661987 -6.99398083
69 -503.56738281 -6.99399143
70 -503.56820679 -6.99400287
71 -503.56942749 -6.99401983
72 -503.57000732 -6.99402788
73 -503.57098389 -6.99404144
74 -503.57183838 -6.99405331
75 -503.57211304 -6.99405713
76 -503.57312012 -6.99407111
77 -503.57333374 -6.99407408
78 -503.57409668 -6.99408468
79 -503.57501221 -6.99409739
80 -503.57611084 -6.99411265
81 -503.57656860 -6.99411901
82 -503.57754517 -6.99413257
83 -503.57778931 -6.99413596
84 -503.57821655 -6.99414190
85 -503.57885742 -6.99415080
86 -503.57971191 -6.99416267
87 -503.57992554 -6.99416563
88 -503.58038330 -6.99417199
89 -503.58142090 -6.99418640
90 -503.58181763 -6.99419191
91 -503.58285522 -6.99420632
92 -503.58352661 -6.99421565
93 -503.58288574 -6.99420675
94 -503.58404541 -6.99422285
95 -503.58453369 -6.99422963
96 -503.58554077 -6.99424362
97 -503.58572388 -6.99424616
98 -503.58654785 -6.99425761
99 -503.58624268 -6.99425337
100 -503.58715820 -6.99426609
101 -503.58740234 -6.99426948
102 -503.58804321 -6.99427838
103 -503.58877563 -6.99428855
104 -503.58929443 -6.99429576
105 -503.58996582 -6.99430508
106 -503.59112549 -6.99432119
107 -503.59185791 -6.99433136
108 -503.59237671 -6.99433857
109 -503.59249878 -6.99434026
110 -503.59210205 -6.99433475
111 -503.59271240 -6.99434323
112 -503.59335327 -6.99435213
113 -503.59405518 -6.99436188
114 -503.59469604 -6.99437078
115 -503.59481812 -6.99437247
116 -503.59582520 -6.99438646
117 -503.59634399 -6.99439367
118 -503.59683228 -6.99440045
119 -503.59671021 -6.99439875
120 -503.59698486 -6.99440257
121 -503.59741211 -6.99440850
122 -503.59756470 -6.99441062
123 -503.59680176 -6.99440002
124 -503.59829712 -6.99442079
125 -503.59939575 -6.99443605
126 -503.59906006 -6.99443139
127 -503.59997559 -6.99444411
128 -503.60009766 -6.99444580
129 -503.60095215 -6.99445767
130 -503.60177612 -6.99446911
131 -503.60150146 -6.99446530
132 -503.60189819 -6.99447081
133 -503.60244751 -6.99447844
134 -503.60272217 -6.99448225
135 -503.60260010 -6.99448056
136 -503.60321045 -6.99448903
137 -503.60260010 -6.99448056
138 -503.60302734 -6.99448649
139 -503.60394287 -6.99449921
140 -503.60525513 -6.99451743
141 -503.60552979 -6.99452125
142 -503.60607910 -6.99452888
143 -503.60614014 -6.99452972
144 -503.60635376 -6.99453269
145 -503.60598755 -6.99452760
146 -503.60620117 -6.99453057
147 -503.60711670 -6.99454329
148 -503.60714722 -6.99454371
149 -503.60809326 -6.99455685
150 -503.60797119 -6.99455516
151 -503.60809326 -6.99455685
152 -503.60769653 -6.99455134
153 -503.60879517 -6.99456660
154 -503.60906982 -6.99457041
155 -503.60943604 -6.99457550
156 -503.60983276 -6.99458101
157 -503.61019897 -6.99458610
158 -503.61016846 -6.99458567
159 -503.61090088 -6.99459585
160 -503.61080933 -6.99459457
161 -503.61080933 -6.99459457
162 -503.61083984 -6.99459500
163 -503.61151123 -6.99460432
164 -503.61203003 -6.99461153
165 -503.61224365 -6.99461450
166 -503.61151123 -6.99460432
167 -503.61254883 -6.99461873
168 -503.61273193 -6.99462128
169 -503.61297607 -6.99462467
170 -503.61279297 -6.99462212
171 -503.61364746 -6.99463399
172 -503.61419678 -6.99464162
173 -503.61410522 -6.99464035
174 -503.61389160 -6.99463738
175 -503.61383057 -6.99463654
176 -503.61434937 -6.99464374
177 -503.61563110 -6.99466154
178 -503.61584473 -6.99466451
179 -503.61627197 -6.99467044
180 -503.61624146 -6.99467002
181 -503.61624146 -6.99467002
182 -503.61633301 -6.99467129
183 -503.61645508 -6.99467299
184 -503.61645508 -6.99467299
185 -503.61706543 -6.99468146
186 -503.61737061 -6.99468570
187 -503.61749268 -6.99468740
188 -503.61798096 -6.99469418
189 -503.61791992 -6.99469333
190 -503.61779785 -6.99469164
191 -503.61822510 -6.99469757
192 -503.61843872 -6.99470054
193 -503.61849976 -6.99470139
194 -503.61865234 -6.99470350
195 -503.61889648 -6.99470690
196 -503.61889648 -6.99470690
197 -503.61938477 -6.99471368
198 -503.61968994 -6.99471792
199 -503.61968994 -6.99471792
200 -503.62023926 -6.99472555
201 -503.62094116 -6.99473529
