0 -592.57861328 -7.05450730
1 -592.59680176 -7.05472383
2 -592.60742188 -7.05485026
3 -592.61596680 -7.05495199
4 -592.62341309 -7.05504063
5 -592.63031006 -7.05512274
6 -592.63555908 -7.05518523
7 -592.64099121 -7.05524990
8 -592.64624023 -7.05531238
9 -592.65173340 -7.05537778
10 -592.65698242 -7.05544027
11 -592.66180420 -7.05549767
12 -592.66577148 -7.05554490
13 -592.67010498 -7.05559649
14 -592.67419434 -7.05564517
15 -592.67736816 -7.05568295
16 -592.68078613 -7.05572364
17 -592.68408203 -7.05576288
18 -592.68713379 -7.05579921
19 -592.69042969 -7.05583845
20 -592.69305420 -7.05586969
21 -592.69610596 -7.05590602
22 -592.69860840 -7.05593581
23 -592.70062256 -7.05595979
24 -592.70288086 -7.05598668
25 -592.70538330 -7.05601647
26 -592.70709229 -7.05603681
27 -592.70910645 -7.05606079
28 -592.71087646 -7.05608186
29 -592.71252441 -7.05610148
30 -592.71423340 -7.05612183
31 -592.71655273 -7.05614944
32 -592.71844482 -7.05617196
33 -592.71984863 -7.05618867
34 -592.72094727 -7.05620175
35 -592.72283936 -7.05622428
36 -592.72485352 -7.05624826
37 -592.72601318 -7.05626206
38 -592.72802734 -7.05628604
39 -592.72979736 -7.05630711
40 -592.73120117 -7.05632382
41 -592.73217773 -7.05633545
42 -592.73388672 -7.05635579
43 -592.73559570 -7.05637614
44 -592.73718262 -7.05639503
45 -592.73797607 -7.05640448
46 -592.73999023 -7.05642846
47 -592.74078369 -7.05643790
48 -592.74279785 -7.05646188
49 -592.74444580 -7.05648150
50 -592.74548340 -7.05649385
51 -592.74609375 -7.05650112
52 -592.74822998 -7.05652655
53 -592.74945068 -7.05654108
54 -592.75030518 -7.05655125
55 -592.75219727 -7.05657378
56 -592.75274658 -7.05658032
57 -592.75402832 -7.05659558
58 -592.75561523 -7.05661447
59 -592.75585938 -7.05661737
60 -592.75750732 -7.05663699
61 -592.75817871 -7.05664498
62 -592.75878906 -7.05665225
63 -592.76037598 -7.05667114
64 -592.76104736 -7.05667914
65 -592.76196289 -7.05669003
66 -592.76306152 -7.05670311
67 -592.76403809 -7.05671474
68 -592.76422119 -7.05671692
69 -592.76464844 -7.05672201
70 -592.76623535 -7.05674090
71 -592.76672363 -7.05674671
72 -592.76861572 -7.05676923
73 -592.76879883 -7.05677141
74 -592.76977539 -7.05678304
75 -592.77111816 -7.05679903
76 -592.77142334 -7.05680266
77 -592.77258301 -7.05681646
78 -592.77362061 -7.05682882
79 -592.77416992 -7.05683536
80 -592.77551270 -7.05685134
81 -592.77648926 -7.05686297
82 -592.77752686 -7.05687532
83 -592.77819824 -7.05688331
84 -592.77862549 -7.05688840
85 -592.77929688 -7.05689639
86 -592.77990723 -7.05690366
87 -592.78106689 -7.05691746
88 -592.78112793 -7.05691819
89 -592.78186035 -7.05692691
90 -592.78320312 -7.05694289
91 -592.78332520 -7.05694435
92 -592.78387451 -7.05695089
93 -592.78448486 -7.05695815
94 -592.78527832 -7.05696760
95 -592.78594971 -7.05697559
96 -592.78710938 -7.05698940
97 -592.78686523 -7.05698649
98 -592.78790283 -7.05699884
99 -592.78906250 -7.05701265
100 -592.78948975 -7.05701774
101 -592.79010010 -7.05702500
102 -592.79144287 -7.05704099
103 -592.79199219 -7.05704753
104 -592.79235840 -7.05705189
105 -592.79351807 -7.05706569
106 -592.79418945 -7.05707368
107 -592.79510498 -7.05708458
108 -592.79553223 -7.05708967
109 -592.79614258 -7.05709694
110 -592.79608154 -7.05709621
111 -592.79699707 -7.05710711
112 -592.79815674 -7.05712091
113 -592.79803467 -7.05711946
114 -592.79943848 -7.05713617
115 -592.79986572 -7.05714126
116 -592.80029297 -7.05714634
117 -592.80084229 -7.05715288
118 -592.80175781 -7.05716378
119 -592.80236816 -7.05717105
120 -592.80236816 -7.05717105
121 -592.80322266 -7.05718122
122 -592.80383301 -7.05718849
123 -592.80444336 -7.05719575
124 -592.80523682 -7.05720520
125 -592.80535889 -7.05720665
126 -592.80596924 -7.05721392
127 -592.80664062 -7.05722191
128 -592.80700684 -7.05722627
129 -592.80749512 -7.05723208
130 -592.80725098 -7.05722918
131 -592.80792236 -7.05723717
132 -592.80908203 -7.05725098
133 -592.80926514 -7.05725316
134 -592.80969238 -7.05725824
135 -592.81030273 -7.05726551
136 -592.81066895 -7.05726987
137 -592.81066895 -7.05726987
138 -592.81164551 -7.05728149
139 -592.81109619 -7.05727495
140 -592.81115723 -7.05727568
141 -592.81182861 -7.05728367
142 -592.81213379 -7.05728731
143 -592.81256104 -7.05729239
144 -592.81323242 -7.05730039
145 -592.81359863 -7.05730475
146 -592.81347656 -7.05730329
147 -592.81420898 -7.05731201
148 -592.81445312 -7.05731492
149 -592.81457520 -7.05731637
150 -592.81494141 -7.05732073
151 -592.81591797 -7.05733236
152 -592.81689453 -7.05734398
153 -592.81658936 -7.05734035
154 -592.81738281 -7.05734980
155 -592.81762695 -7.05735270
156 -592.81799316 -7.05735706
157 -592.81805420 -7.05735779
158 -592.81799316 -7.05735706
159 -592.81896973 -7.05736869
160 -592.81964111 -7.05737668
161 -592.81958008 -7.05737595
162 -592.82080078 -7.05739049
163 -592.82061768 -7.05738831
164 -592.82080078 -7.05739049
165 -592.82122803 -7.05739557
166 -592.82128906 -7.05739630
167 -592.82086182 -7.05739121
168 -592.82153320 -7.05739920
169 -592.82214355 -7.05740647
170 -592.82250977 -7.05741083
171 -592.82281494 -7.05741446
172 -592.82305908 -7.05741737
173 -592.82293701 -7.05741592
174 -592.82373047 -7.05742536
175 -592.82409668 -7.05742972
176 -592.82513428 -7.05744207
177 -592.82464600 -7.05743626
178 -592.82470703 -7.05743699
179 -592.82482910 -7.05743844
180 -592.82635498 -7.05745661
181 -592.82635498 -7.05745661
182 -592.82690430 -7.05746315
183 -592.82727051 -7.05746751
184 -592.82769775 -7.05747259
185 -592.82745361 -7.05746969
186 -592.82849121 -7.05748204
187 -592.82940674 -7.05749294
188 -592.82934570 -7.05749221
189 -592.82977295 -7.05749730
190 -592.82977295 -7.05749730
191 -592.83038330 -7.05750456
192 -592.83050537 -7.05750602
193 -592.83074951 -7.05750892
194 -592.83166504 -7.05751982
195 -592.83227539 -7.05752709
196 -592.83282471 -7.05753363
197 -592.83319092 -7.05753799
198 -592.83312988 -7.05753726
199 -592.83276367 -7.05753290
200 -592.83319092 -7.05753799
201 -592.83325195 -7.05753871
202 -592.83422852 -7.05755034
203 -592.83459473 -7.05755470
204 -592.83447266 -7.05755325
205 -592.83459473 -7.05755470
206 -592.83544922 -7.05756487
207 -592.83581543 -7.05756923
208 -592.83551025 -7.05756560
209 -592.83624268 -7.05757432
210 -592.83679199 -7.05758086
211 -592.83630371 -7.05757504
212 -592.83715820 -7.05758522
213 -592.83740234 -7.05758812
214 -592.83752441 -7.05758958
215 -592.83691406 -7.05758231
216 -592.83807373 -7.05759612
217 -592.83807373 -7.05759612
218 -592.83825684 -7.05759830
219 -592.83911133 -7.05760847
