0 -746.26953125 -6.78426847
1 -746.24609375 -6.78405540
2 -746.22698975 -6.78388172
3 -746.21557617 -6.78377797
4 -746.19323730 -6.78357488
5 -746.18176270 -6.78347057
6 -746.16662598 -6.78333296
7 -746.13647461 -6.78305886
8 -746.12207031 -6.78292791
9 -746.09948730 -6.78272261
10 -746.07092285 -6.78246294
11 -746.06567383 -6.78241522
12 -746.05114746 -6.78228316
13 -746.01635742 -6.78196689
14 -745.98852539 -6.78171387
15 -745.96362305 -6.78148748
16 -745.96875000 -6.78153409
17 -745.92858887 -6.78116899
18 -745.92492676 -6.78113570
19 -745.91430664 -6.78103915
20 -745.90051270 -6.78091375
21 -745.88806152 -6.78080056
22 -745.84960938 -6.78045099
23 -745.80883789 -6.78008034
24 -745.77404785 -6.77976407
25 -745.78125000 -6.77982955
26 -745.74340820 -6.77948553
27 -745.73840332 -6.77944003
28 -745.70043945 -6.77909490
29 -745.68176270 -6.77892512
30 -745.64135742 -6.77855779
31 -745.59423828 -6.77812944
32 -745.58435059 -6.77803955
33 -745.52697754 -6.77751798
34 -745.49023438 -6.77718395
35 -745.44995117 -6.77681774
36 -745.43420410 -6.77667458
37 -745.36682129 -6.77606201
38 -745.36157227 -6.77601429
39 -745.36303711 -6.77602761
40 -745.34643555 -6.77587669
41 -745.30297852 -6.77548162
42 -745.32690430 -6.77569913
43 -745.34960938 -6.77590554
44 -745.36242676 -6.77602206
45 -745.33477783 -6.77577071
46 -745.35308838 -6.77593717
47 -745.35705566 -6.77597323
48 -745.31677246 -6.77560702
49 -745.29272461 -6.77538841
50 -745.26489258 -6.77513539
51 -745.18151855 -6.77437744
52 -745.12017822 -6.77381980
53 -745.10729980 -6.77370273
54 -745.05749512 -6.77324996
55 -745.08581543 -6.77350741
56 -745.06091309 -6.77328103
57 -745.07476807 -6.77340698
58 -745.08935547 -6.77353960
59 -745.04174805 -6.77310680
60 -745.01025391 -6.77282049
61 -744.93115234 -6.77210138
62 -744.93811035 -6.77216464
63 -744.91784668 -6.77198042
64 -744.90173340 -6.77183394
65 -744.89135742 -6.77173961
66 -744.78942871 -6.77081299
67 -744.76745605 -6.77061324
68 -744.77020264 -6.77063821
69 -744.80395508 -6.77094505
70 -744.82080078 -6.77109819
71 -744.78033447 -6.77073031
72 -744.76220703 -6.77056552
73 -744.68994141 -6.76990856
74 -744.69873047 -6.76998846
75 -744.65112305 -6.76955566
76 -744.61926270 -6.76926602
77 -744.64562988 -6.76950573
78 -744.62292480 -6.76929932
79 -744.51428223 -6.76831166
80 -744.51416016 -6.76831055
81 -744.43548584 -6.76759533
82 -744.48828125 -6.76807528
83 -744.49426270 -6.76812966
84 -744.45263672 -6.76775124
85 -744.31445312 -6.76649503
86 -744.29614258 -6.76632857
87 -744.29425049 -6.76631137
88 -744.22454834 -6.76567771
89 -744.18963623 -6.76536033
90 -744.15844727 -6.76507679
91 -744.13134766 -6.76483043
92 -744.10595703 -6.76459961
93 -744.17248535 -6.76520441
94 -744.16119385 -6.76510176
95 -744.15118408 -6.76501076
96 -744.14416504 -6.76494695
97 -744.11944580 -6.76472223
98 -744.07940674 -6.76435824
99 -744.03601074 -6.76396373
100 -744.01440430 -6.76376731
101 -743.97784424 -6.76343495
102 -743.96154785 -6.76328680
103 -743.96295166 -6.76329956
104 -744.01226807 -6.76374789
105 -743.97192383 -6.76338113
106 -744.01104736 -6.76373679
107 -743.99011230 -6.76354648
108 -743.97424316 -6.76340221
109 -743.83447266 -6.76213157
110 -743.84051514 -6.76218650
111 -743.81225586 -6.76192960
112 -743.73852539 -6.76125932
113 -743.64331055 -6.76039373
114 -743.51000977 -6.75918191
115 -743.38824463 -6.75807495
116 -743.35467529 -6.75776978
117 -743.28411865 -6.75712835
118 -743.30065918 -6.75727872
119 -743.24096680 -6.75673606
120 -743.15777588 -6.75597978
121 -743.09851074 -6.75544101
122 -743.16534424 -6.75604858
123 -743.25677490 -6.75687977
124 -743.30505371 -6.75731867
125 -743.26013184 -6.75691029
126 -743.09527588 -6.75541160
127 -742.99627686 -6.75451161
128 -742.96289062 -6.75420810
129 -742.94360352 -6.75403276
130 -742.90209961 -6.75365545
131 -742.95214844 -6.75411044
132 -743.01715088 -6.75470137
133 -743.01538086 -6.75468528
134 -742.99017334 -6.75445612
135 -742.95440674 -6.75413097
136 -742.88403320 -6.75349121
137 -742.85485840 -6.75322599
138 -742.87097168 -6.75337247
139 -742.73626709 -6.75214788
140 -742.74951172 -6.75226829
141 -742.51483154 -6.75013483
142 -742.36999512 -6.74881814
143 -742.33489990 -6.74849909
144 -742.32647705 -6.74842252
145 -742.29595947 -6.74814509
146 -742.14251709 -6.74675016
147 -741.99957275 -6.74545066
148 -741.90716553 -6.74461060
149 -741.88403320 -6.74440030
150 -741.77465820 -6.74340598
151 -741.88519287 -6.74441084
152 -742.02697754 -6.74569980
153 -741.99035645 -6.74536688
154 -742.01660156 -6.74560547
155 -741.96777344 -6.74516158
156 -741.92822266 -6.74480202
157 -741.82543945 -6.74386763
158 -741.76440430 -6.74331277
159 -741.82318115 -6.74384710
160 -741.64434814 -6.74222135
161 -741.56866455 -6.74153331
162 -741.52752686 -6.74115934
163 -741.56750488 -6.74152277
164 -741.50726318 -6.74097512
165 -741.36523438 -6.73968395
166 -741.36706543 -6.73970059
167 -741.30023193 -6.73909302
168 -741.20996094 -6.73827237
169 -741.16094971 -6.73782682
170 -741.13262939 -6.73756936
171 -741.16729736 -6.73788452
172 -741.19879150 -6.73817083
173 -741.05657959 -6.73687800
174 -740.93402100 -6.73576383
175 -740.89550781 -6.73541371
176 -740.86572266 -6.73514293
177 -741.02185059 -6.73656228
178 -741.06805420 -6.73698231
179 -741.00634766 -6.73642134
180 -741.05377197 -6.73685247
181 -741.02105713 -6.73655506
182 -740.92004395 -6.73563676
183 -740.87231445 -6.73520286
184 -740.92114258 -6.73564675
185 -740.88842773 -6.73534934
186 -740.92260742 -6.73566007
187 -740.83673096 -6.73487937
188 -740.69927979 -6.73362982
189 -740.79235840 -6.73447599
190 -740.87255859 -6.73520508
191 -740.94952393 -6.73590476
192 -740.92108154 -6.73564620
193 -740.90350342 -6.73548639
194 -740.96630859 -6.73605735
195 -740.89093018 -6.73537209
196 -740.72393799 -6.73385398
197 -740.73901367 -6.73399103
198 -740.64654541 -6.73315041
199 -740.55761719 -6.73234197
200 -740.40338135 -6.73093983
201 -740.35583496 -6.73050759
202 -740.36853027 -6.73062300
203 -740.40948486 -6.73099532
204 -740.32696533 -6.73024514
205 -740.20819092 -6.72916537
206 -740.10302734 -6.72820934
207 -740.02917480 -6.72753795
208 -740.05810547 -6.72780096
209 -740.04254150 -6.72765947
210 -740.05548096 -6.72777710
211 -739.87713623 -6.72615578
212 -740.00018311 -6.72727439
213 -739.87799072 -6.72616355
214 -739.89483643 -6.72631669
215 -739.88543701 -6.72623125
216 -739.82183838 -6.72565308
217 -739.81134033 -6.72555764
218 -739.72509766 -6.72477362
219 -739.71173096 -6.72465210
220 -739.74157715 -6.72492343
221 -739.75439453 -6.72503995
222 -739.74853516 -6.72498668
223 -739.68615723 -6.72441961
224 -739.69470215 -6.72449729
225 -739.63488770 -6.72395352
226 -739.41998291 -6.72199984
227 -739.28857422 -6.72080522
228 -739.08435059 -6.71894864
229 -738.97088623 -6.71791715
230 -738.85510254 -6.71686457
231 -738.88140869 -6.71710372
232 -738.67132568 -6.71519387
233 -738.47320557 -6.71339278
234 -738.33544922 -6.71214045
235 -738.19738770 -6.71088534
236 -738.06628418 -6.70969349
237 -737.74353027 -6.70675937
238 -737.40557861 -6.70368708
239 -737.29272461 -6.70266113
240 -736.94873047 -6.69953391
241 -737.07238770 -6.70065807
242 -736.96301270 -6.69966375
243 -736.79925537 -6.69817505
244 -736.86157227 -6.69874157
245 -736.87744141 -6.69888583
246 -736.59362793 -6.69630571
247 -736.52087402 -6.69564431
248 -736.26599121 -6.69332719
249 -736.18444824 -6.69258589
250 -736.25390625 -6.69321733
251 -736.41894531 -6.69471768
252 -736.31225586 -6.69374778
253 -736.08160400 -6.69165095
254 -735.85418701 -6.68958352
255 -735.50421143 -6.68640192
256 -735.41705322 -6.68560957
257 -735.39068604 -6.68536987
258 -735.23510742 -6.68395552
259 -735.20056152 -6.68364147
260 -735.10827637 -6.68280251
261 -735.10198975 -6.68274536
262 -735.13104248 -6.68300948
263 -734.99322510 -6.68175659
264 -734.96411133 -6.68149192
265 -735.01690674 -6.68197188
266 -734.78515625 -6.67986506
267 -734.70654297 -6.67915039
268 -734.82104492 -6.68019132
269 -734.60845947 -6.67825872
270 -734.48651123 -6.67715010
271 -734.52490234 -6.67749911
272 -734.34088135 -6.67582619
273 -734.40704346 -6.67642767
274 -734.20556641 -6.67459606
275 -734.21063232 -6.67464211
276 -734.10876465 -6.67371604
277 -733.98724365 -6.67261131
278 -733.85510254 -6.67141002
279 -733.93182373 -6.67210749
280 -733.69287109 -6.66993519
281 -733.10150146 -6.66455910
282 -732.59918213 -6.65999256
283 -732.57702637 -6.65979115
284 -732.59826660 -6.65998424
285 -732.37976074 -6.65799782
286 -732.70935059 -6.66099410
287 -732.40527344 -6.65822976
288 -732.14697266 -6.65588157
289 -731.95056152 -6.65409601
290 -731.62023926 -6.65109308
291 -731.32012939 -6.64836481
292 -731.19396973 -6.64721791
293 -731.49700928 -6.64997281
294 -731.21716309 -6.64742876
295 -731.35809326 -6.64870994
296 -731.39416504 -6.64903786
297 -731.24060059 -6.64764182
298 -731.06982422 -6.64608931
299 -731.02844238 -6.64571311
