0 -449.85696411 -6.61554359
1 -449.87179565 -6.61576170
2 -449.88174438 -6.61590801
3 -449.88619995 -6.61597353
4 -449.89187622 -6.61605700
5 -449.89288330 -6.61607181
6 -449.89819336 -6.61614990
7 -449.90344238 -6.61622709
8 -449.90264893 -6.61621543
9 -449.90304565 -6.61622126
10 -449.90182495 -6.61620331
11 -449.90310669 -6.61622216
12 -449.90261841 -6.61621498
13 -449.90274048 -6.61621677
14 -449.90386963 -6.61623338
15 -449.90158081 -6.61619972
16 -449.90084839 -6.61618895
17 -449.90133667 -6.61619613
18 -449.90353394 -6.61622844
19 -449.90066528 -6.61618625
20 -449.89947510 -6.61616875
21 -449.89727783 -6.61613644
22 -449.89019775 -6.61603232
23 -449.89035034 -6.61603456
24 -449.89501953 -6.61610323
25 -449.89321899 -6.61607675
26 -449.89047241 -6.61603636
27 -449.88592529 -6.61596949
28 -449.88497925 -6.61595558
29 -449.88348389 -6.61593359
30 -449.87866211 -6.61586268
31 -449.86968994 -6.61573073
32 -449.86901855 -6.61572086
33 -449.87545776 -6.61581556
34 -449.86526489 -6.61566566
35 -449.86080933 -6.61560014
36 -449.85073853 -6.61545204
37 -449.84747314 -6.61540402
38 -449.84429932 -6.61535734
39 -449.83969116 -6.61528958
40 -449.84936523 -6.61543184
41 -449.84649658 -6.61538966
42 -449.84814453 -6.61541389
43 -449.84564209 -6.61537709
44 -449.84173584 -6.61531964
45 -449.83807373 -6.61526579
46 -449.83468628 -6.61521597
47 -449.82556152 -6.61508179
48 -449.83062744 -6.61515629
49 -449.82470703 -6.61506922
50 -449.82745361 -6.61510961
51 -449.82565308 -6.61508313
52 -449.82119751 -6.61501761
53 -449.82714844 -6.61510512
54 -449.81573486 -6.61493728
55 -449.81677246 -6.61495254
56 -449.80838013 -6.61482912
57 -449.80920410 -6.61484124
58 -449.81979370 -6.61499697
59 -449.81680298 -6.61495298
60 -449.81414795 -6.61491394
61 -449.80957031 -6.61484662
62 -449.81262207 -6.61489150
63 -449.81338501 -6.61490272
64 -449.81246948 -6.61488926
65 -449.81384277 -6.61490945
66 -449.80914307 -6.61484034
67 -449.80426025 -6.61476853
68 -449.80130005 -6.61472500
69 -449.79541016 -6.61463838
70 -449.79473877 -6.61462851
71 -449.79226685 -6.61459216
72 -449.78347778 -6.61446291
73 -449.78030396 -6.61441623
74 -449.77618408 -6.61435565
75 -449.77481079 -6.61433545
76 -449.76351929 -6.61416940
77 -449.76556396 -6.61419947
78 -449.76583862 -6.61420351
79 -449.76315308 -6.61416402
80 -449.76571655 -6.61420171
81 -449.76043701 -6.61412407
82 -449.75820923 -6.61409131
83 -449.75936890 -6.61410837
84 -449.75003052 -6.61397104
85 -449.75363159 -6.61402399
86 -449.74829102 -6.61394546
87 -449.75137329 -6.61399078
88 -449.74426270 -6.61388622
89 -449.73803711 -6.61379466
90 -449.74060059 -6.61383236
91 -449.74584961 -6.61390955
92 -449.74661255 -6.61392077
93 -449.74578857 -6.61390866
94 -449.74499512 -6.61389699
95 -449.73883057 -6.61380633
96 -449.73959351 -6.61381755
97 -449.73861694 -6.61380319
98 -449.73684692 -6.61377716
99 -449.73269653 -6.61371613
100 -449.73400879 -6.61373542
101 -449.72735596 -6.61363759
102 -449.71701050 -6.61348545
103 -449.71435547 -6.61344640
104 -449.71224976 -6.61341544
105 -449.71725464 -6.61348904
106 -449.71264648 -6.61342127
107 -449.70907593 -6.61336876
108 -449.70068359 -6.61324535
109 -449.69488525 -6.61316008
110 -449.68743896 -6.61305057
111 -449.68362427 -6.61299447
112 -449.69177246 -6.61311430
113 -449.68963623 -6.61308289
114 -449.69198608 -6.61311744
115 -449.68701172 -6.61304429
116 -449.69009399 -6.61308962
117 -449.69161987 -6.61311206
118 -449.68334961 -6.61299044
119 -449.68087769 -6.61295408
120 -449.67285156 -6.61283605
121 -449.67108154 -6.61281002
122 -449.66787720 -6.61276290
123 -449.66860962 -6.61277367
124 -449.65960693 -6.61264128
125 -449.65786743 -6.61261570
126 -449.65835571 -6.61262288
127 -449.66873169 -6.61277547
128 -449.66845703 -6.61277143
129 -449.66943359 -6.61278579
130 -449.67190552 -6.61282214
131 -449.66748047 -6.61275707
132 -449.66491699 -6.61271937
133 -449.65988159 -6.61264532
134 -449.66348267 -6.61269827
135 -449.66848755 -6.61277188
136 -449.66665649 -6.61274495
137 -449.67044067 -6.61280060
138 -449.66519165 -6.61272341
139 -449.66333008 -6.61269603
140 -449.66577148 -6.61273193
141 -449.66699219 -6.61274989
142 -449.66052246 -6.61265474
143 -449.65936279 -6.61263769
144 -449.65798950 -6.61261749
145 -449.65655518 -6.61259640
146 -449.65786743 -6.61261570
147 -449.65118408 -6.61251741
148 -449.65563965 -6.61258294
149 -449.65292358 -6.61254299
150 -449.65982056 -6.61264442
151 -449.65701294 -6.61260313
152 -449.65469360 -6.61256902
153 -449.65408325 -6.61256005
154 -449.64947510 -6.61249228
155 -449.65457153 -6.61256723
156 -449.65643311 -6.61259460
157 -449.65191650 -6.61252818
158 -449.64862061 -6.61247971
159 -449.65054321 -6.61250799
160 -449.65249634 -6.61253671
161 -449.65127563 -6.61251876
162 -449.65103149 -6.61251517
163 -449.64389038 -6.61241015
164 -449.64492798 -6.61242541
165 -449.64672852 -6.61245189
166 -449.64370728 -6.61240746
167 -449.64273071 -6.61239310
168 -449.64910889 -6.61248690
169 -449.64627075 -6.61244516
170 -449.64166260 -6.61237739
171 -449.64804077 -6.61247119
172 -449.64535522 -6.61243169
173 -449.64648438 -6.61244830
174 -449.65042114 -6.61250619
175 -449.64947510 -6.61249228
176 -449.64611816 -6.61244291
177 -449.64514160 -6.61242855
178 -449.64328003 -6.61240118
179 -449.64151001 -6.61237515
180 -449.64358521 -6.61240566
181 -449.64770508 -6.61246625
182 -449.64907837 -6.61248645
183 -449.64498901 -6.61242631
184 -449.64349365 -6.61240432
185 -449.64562988 -6.61243573
186 -449.64508057 -6.61242766
187 -449.64736938 -6.61246131
188 -449.64135742 -6.61237290
189 -449.64511108 -6.61242810
190 -449.64239502 -6.61238816
191 -449.63909912 -6.61233969
192 -449.63751221 -6.61231636
193 -449.63385010 -6.61226250
194 -449.63409424 -6.61226609
195 -449.63150024 -6.61222794
196 -449.63156128 -6.61222884
197 -449.62808228 -6.61217768
198 -449.62350464 -6.61211036
199 -449.62567139 -6.61214223
200 -449.61788940 -6.61202779
201 -449.61914062 -6.61204619
202 -449.61685181 -6.61201253
203 -449.61160278 -6.61193534
204 -449.60830688 -6.61188687
205 -449.60632324 -6.61185769
206 -449.60150146 -6.61178679
207 -449.59933472 -6.61175492
208 -449.60104370 -6.61178005
209 -449.60110474 -6.61178095
210 -449.60388184 -6.61182179
211 -449.60095215 -6.61177871
212 -449.59942627 -6.61175627
213 -449.59982300 -6.61176210
214 -449.60183716 -6.61179172
215 -449.59307861 -6.61166292
216 -449.59671021 -6.61171633
217 -449.59167480 -6.61164228
218 -449.59350586 -6.61166920
219 -449.58883667 -6.61160054
220 -449.59750366 -6.61172800
221 -449.59106445 -6.61163330
222 -449.58883667 -6.61160054
223 -449.58248901 -6.61150719
224 -449.58230591 -6.61150450
225 -449.58282471 -6.61151213
226 -449.57745361 -6.61143314
227 -449.57546997 -6.61140397
228 -449.57662964 -6.61142102
229 -449.57812500 -6.61144301
230 -449.58508301 -6.61154534
231 -449.57742310 -6.61143269
232 -449.57843018 -6.61144750
233 -449.57577515 -6.61140846
234 -449.57043457 -6.61132992
235 -449.56756592 -6.61128773
236 -449.56408691 -6.61123657
237 -449.56799316 -6.61129402
238 -449.56039429 -6.61118227
239 -449.55545044 -6.61110957
240 -449.55889893 -6.61116028
241 -449.55654907 -6.61112572
242 -449.55508423 -6.61110418
243 -449.55392456 -6.61108713
244 -449.55474854 -6.61109924
245 -449.55123901 -6.61104763
246 -449.55429077 -6.61109251
247 -449.54492188 -6.61095473
248 -449.54357910 -6.61093499
249 -449.54388428 -6.61093947
250 -449.54132080 -6.61090178
251 -449.53604126 -6.61082414
252 -449.53756714 -6.61084658
253 -449.53204346 -6.61076534
254 -449.52740479 -6.61069713
255 -449.53320312 -6.61078240
256 -449.52606201 -6.61067738
257 -449.52731323 -6.61069578
258 -449.53558350 -6.61081740
259 -449.54061890 -6.61089145
260 -449.53710938 -6.61083984
261 -449.53314209 -6.61078150
262 -449.53271484 -6.61077522
263 -449.53060913 -6.61074425
264 -449.52267456 -6.61062757
265 -449.52032471 -6.61059301
266 -449.52450562 -6.61065449
267 -449.52502441 -6.61066212
268 -449.52682495 -6.61068860
269 -449.52685547 -6.61068905
270 -449.52276611 -6.61062891
271 -449.52432251 -6.61065180
272 -449.52062988 -6.61059750
273 -449.52368164 -6.61064238
274 -449.52032471 -6.61059301
275 -449.51721191 -6.61054723
276 -449.51852417 -6.61056653
277 -449.51672363 -6.61054005
278 -449.51269531 -6.61048081
279 -449.52157593 -6.61061141
280 -449.51690674 -6.61054275
281 -449.52032471 -6.61059301
282 -449.51364136 -6.61049473
283 -449.51168823 -6.61046600
284 -449.51440430 -6.61050595
285 -449.51135254 -6.61046107
286 -449.51794434 -6.61055800
287 -449.51950073 -6.61058089
288 -449.51416016 -6.61050236
289 -449.51580811 -6.61052659
290 -449.51016235 -6.61044356
291 -449.51040649 -6.61044715
292 -449.51379395 -6.61049697
293 -449.51098633 -6.61045568
294 -449.51184082 -6.61046825
295 -449.51245117 -6.61047722
296 -449.51473999 -6.61051088
297 -449.51342773 -6.61049158
298 -449.51138306 -6.61046152
299 -449.51129150 -6.61046017
300 -449.51281738 -6.61048261
301 -449.51348877 -6.61049248
302 -449.51135254 -6.61046107
303 -449.51098633 -6.61045568
304 -449.51074219 -6.61045209
305 -449.50946045 -6.61043324
306 -449.50631714 -6.61038702
307 -449.50729370 -6.61040138
308 -449.50500488 -6.61036772
309 -449.50198364 -6.61032329
310 -449.50070190 -6.61030444
311 -449.50317383 -6.61034079
312 -449.50225830 -6.61032733
313 -449.50259399 -6.61033226
314 -449.49865723 -6.61027437
315 -449.50042725 -6.61030040
316 -449.49938965 -6.61028514
317 -449.49731445 -6.61025462
318 -449.49459839 -6.61021468
319 -449.49615479 -6.61023757
320 -449.49545288 -6.61022725
321 -449.49432373 -6.61021064
322 -449.49114990 -6.61016397
323 -449.49401855 -6.61020616
324 -449.49383545 -6.61020346
325 -449.49264526 -6.61018596
326 -449.49365234 -6.61020077
327 -449.49398804 -6.61020571
328 -449.49291992 -6.61019000
329 -449.48791504 -6.61011640
330 -449.48794556 -6.61011685
331 -449.48937988 -6.61013794
332 -449.49084473 -6.61015948
333 -449.48873901 -6.61012851
334 -449.48724365 -6.61010652
335 -449.48779297 -6.61011460
336 -449.48550415 -6.61008094
337 -449.48632812 -6.61009306
338 -449.48593140 -6.61008723
339 -449.49017334 -6.61014961
340 -449.48913574 -6.61013435
341 -449.49261475 -6.61018551
342 -449.48623657 -6.61009171
343 -449.48675537 -6.61009934
344 -449.48675537 -6.61009934
345 -449.49017334 -6.61014961
346 -449.48748779 -6.61011011
347 -449.48281860 -6.61004145
348 -449.48181152 -6.61002664
349 -449.48260498 -6.61003831
350 -449.48342896 -6.61005043
351 -449.48696899 -6.61010249
352 -449.48623657 -6.61009171
353 -449.48562622 -6.61008274
354 -449.48794556 -6.61011685
355 -449.48199463 -6.61002933
356 -449.47863770 -6.60997997
357 -449.47790527 -6.60996920
358 -449.47827148 -6.60997458
359 -449.47497559 -6.60992611
360 -449.47396851 -6.60991130
361 -449.47991943 -6.60999882
362 -449.47525024 -6.60993015
363 -449.47528076 -6.60993060
364 -449.47021484 -6.60985610
365 -449.46899414 -6.60983815
366 -449.46325684 -6.60975378
367 -449.46368408 -6.60976006
368 -449.45834351 -6.60968152
369 -449.45681763 -6.60965908
370 -449.46005249 -6.60970665
371 -449.46017456 -6.60970845
372 -449.45986938 -6.60970396
373 -449.46215820 -6.60973762
374 -449.45736694 -6.60966716
375 -449.45718384 -6.60966447
376 -449.45770264 -6.60967210
377 -449.44583130 -6.60949752
378 -449.45520020 -6.60963530
379 -449.44805908 -6.60953028
380 -449.44958496 -6.60955272
381 -449.44659424 -6.60950874
382 -449.45141602 -6.60957965
383 -449.45077515 -6.60957022
384 -449.45562744 -6.60964158
385 -449.44995117 -6.60955811
386 -449.45068359 -6.60956888
387 -449.44711304 -6.60951637
388 -449.45159912 -6.60958234
389 -449.45001221 -6.60955900
390 -449.45092773 -6.60957247
391 -449.44754028 -6.60952265
392 -449.44433594 -6.60947553
393 -449.43304443 -6.60930948
394 -449.44003296 -6.60941225
395 -449.43267822 -6.60930409
396 -449.43661499 -6.60936199
397 -449.42700195 -6.60922062
398 -449.43142700 -6.60928569
399 -449.43020630 -6.60926774
400 -449.42773438 -6.60923139
401 -449.42767334 -6.60923049
402 -449.43392944 -6.60932249
403 -449.43173218 -6.60929018
404 -449.42877197 -6.60924665
405 -449.42599487 -6.60920581
406 -449.42477417 -6.60918786
