0 -370.31118774 -5.78611231
1 -370.34548950 -5.78664827
2 -370.37396240 -5.78709316
3 -370.39871216 -5.78747988
4 -370.41952515 -5.78780508
5 -370.43997192 -5.78812456
6 -370.45803833 -5.78840685
7 -370.47494507 -5.78867102
8 -370.49060059 -5.78891563
9 -370.50491333 -5.78913927
10 -370.51748657 -5.78933573
11 -370.52966309 -5.78952599
12 -370.54101562 -5.78970337
13 -370.55157471 -5.78986835
14 -370.56106567 -5.79001665
15 -370.56979370 -5.79015303
16 -370.57791138 -5.79027987
17 -370.58581543 -5.79040337
18 -370.59329224 -5.79052019
19 -370.60031128 -5.79062986
20 -370.60757446 -5.79074335
21 -370.61425781 -5.79084778
22 -370.62026978 -5.79094172
23 -370.62579346 -5.79102802
24 -370.63095093 -5.79110861
25 -370.63635254 -5.79119301
26 -370.64135742 -5.79127121
27 -370.64559937 -5.79133749
28 -370.64962769 -5.79140043
29 -370.65347290 -5.79146051
30 -370.65731812 -5.79152060
31 -370.66098022 -5.79157782
32 -370.66467285 -5.79163551
33 -370.66815186 -5.79168987
34 -370.67120361 -5.79173756
35 -370.67443848 -5.79178810
36 -370.67739868 -5.79183435
37 -370.67999268 -5.79187489
38 -370.68176270 -5.79190254
39 -370.68402100 -5.79193783
40 -370.68649292 -5.79197645
41 -370.68811035 -5.79200172
42 -370.69061279 -5.79204082
43 -370.69241333 -5.79206896
44 -370.69439697 -5.79209995
45 -370.69598389 -5.79212475
46 -370.69763184 -5.79215050
47 -370.69940186 -5.79217815
48 -370.70123291 -5.79220676
49 -370.70269775 -5.79222965
50 -370.70379639 -5.79224682
51 -370.70526123 -5.79226971
52 -370.70761108 -5.79230642
53 -370.70898438 -5.79232788
54 -370.71084595 -5.79235697
55 -370.71179199 -5.79237175
56 -370.71343994 -5.79239750
57 -370.71472168 -5.79241753
58 -370.71618652 -5.79244041
59 -370.71734619 -5.79245853
60 -370.71865845 -5.79247904
61 -370.71972656 -5.79249573
62 -370.72064209 -5.79251003
63 -370.72149658 -5.79252338
64 -370.72213745 -5.79253340
65 -370.72344971 -5.79255390
66 -370.72467041 -5.79257298
67 -370.72583008 -5.79259109
68 -370.72686768 -5.79260731
69 -370.72763062 -5.79261923
70 -370.72857666 -5.79263401
71 -370.72998047 -5.79265594
72 -370.73071289 -5.79266739
73 -370.73168945 -5.79268265
74 -370.73303223 -5.79270363
75 -370.73413086 -5.79272079
76 -370.73541260 -5.79274082
77 -370.73651123 -5.79275799
78 -370.73706055 -5.79276657
79 -370.73815918 -5.79278374
80 -370.73898315 -5.79279661
81 -370.73956299 -5.79280567
82 -370.74053955 -5.79282093
83 -370.74182129 -5.79284096
84 -370.74209595 -5.79284525
85 -370.74310303 -5.79286098
86 -370.74389648 -5.79287338
87 -370.74456787 -5.79288387
88 -370.74548340 -5.79289818
89 -370.74615479 -5.79290867
90 -370.74682617 -5.79291916
91 -370.74780273 -5.79293442
92 -370.74884033 -5.79295063
93 -370.74932861 -5.79295826
94 -370.75006104 -5.79296970
95 -370.75061035 -5.79297829
96 -370.75134277 -5.79298973
97 -370.75146484 -5.79299164
98 -370.75244141 -5.79300690
99 -370.75238037 -5.79300594
100 -370.75363159 -5.79302549
101 -370.75445557 -5.79303837
102 -370.75549316 -5.79305458
