0 -575.52447510 -7.19405594
1 -575.52703857 -7.19408798
2 -575.52777100 -7.19409714
3 -575.52832031 -7.19410400
4 -575.52856445 -7.19410706
5 -575.52954102 -7.19411926
6 -575.52905273 -7.19411316
7 -575.52947998 -7.19411850
8 -575.52984619 -7.19412308
9 -575.53063965 -7.19413300
10 -575.53033447 -7.19412918
11 -575.52990723 -7.19412384
12 -575.53027344 -7.19412842
13 -575.53076172 -7.19413452
14 -575.53033447 -7.19412918
15 -575.53063965 -7.19413300
16 -575.53027344 -7.19412842
17 -575.53070068 -7.19413376
18 -575.53070068 -7.19413376
19 -575.53027344 -7.19412842
20 -575.52984619 -7.19412308
21 -575.53015137 -7.19412689
22 -575.53002930 -7.19412537
23 -575.53002930 -7.19412537
24 -575.52856445 -7.19410706
25 -575.52954102 -7.19411926
26 -575.52941895 -7.19411774
27 -575.52954102 -7.19411926
28 -575.53063965 -7.19413300
29 -575.53027344 -7.19412842
30 -575.52941895 -7.19411774
31 -575.52966309 -7.19412079
32 -575.53021240 -7.19412766
33 -575.52874756 -7.19410934
34 -575.53002930 -7.19412537
35 -575.53033447 -7.19412918
36 -575.52783203 -7.19409790
37 -575.52917480 -7.19411469
38 -575.52893066 -7.19411163
39 -575.52905273 -7.19411316
40 -575.52996826 -7.19412460
41 -575.52947998 -7.19411850
42 -575.53009033 -7.19412613
43 -575.53002930 -7.19412537
44 -575.52978516 -7.19412231
45 -575.52899170 -7.19411240
46 -575.52905273 -7.19411316
47 -575.52868652 -7.19410858
48 -575.52777100 -7.19409714
49 -575.52935791 -7.19411697
50 -575.53015137 -7.19412689
51 -575.52941895 -7.19411774
52 -575.53076172 -7.19413452
53 -575.53063965 -7.19413300
54 -575.53027344 -7.19412842
55 -575.53173828 -7.19414673
56 -575.53015137 -7.19412689
57 -575.53106689 -7.19413834
58 -575.53161621 -7.19414520
59 -575.53094482 -7.19413681
60 -575.53051758 -7.19413147
61 -575.53082275 -7.19413528
62 -575.53033447 -7.19412918
63 -575.53222656 -7.19415283
64 -575.53106689 -7.19413834
65 -575.53192139 -7.19414902
66 -575.53186035 -7.19414825
67 -575.53100586 -7.19413757
68 -575.53173828 -7.19414673
69 -575.53216553 -7.19415207
70 -575.53228760 -7.19415359
71 -575.53240967 -7.19415512
72 -575.53259277 -7.19415741
73 -575.53240967 -7.19415512
74 -575.53302002 -7.19416275
75 -575.53295898 -7.19416199
76 -575.53259277 -7.19415741
77 -575.53210449 -7.19415131
78 -575.53247070 -7.19415588
79 -575.53320312 -7.19416504
80 -575.53192139 -7.19414902
81 -575.53369141 -7.19417114
82 -575.53430176 -7.19417877
83 -575.53320312 -7.19416504
84 -575.53387451 -7.19417343
85 -575.53375244 -7.19417191
86 -575.53308105 -7.19416351
87 -575.53344727 -7.19416809
88 -575.53369141 -7.19417114
89 -575.53399658 -7.19417496
90 -575.53436279 -7.19417953
91 -575.53332520 -7.19416656
92 -575.53491211 -7.19418640
93 -575.53448486 -7.19418106
94 -575.53466797 -7.19418335
95 -575.53527832 -7.19419098
96 -575.53454590 -7.19418182
97 -575.53497314 -7.19418716
98 -575.53479004 -7.19418488
99 -575.53570557 -7.19419632
100 -575.53472900 -7.19418411
101 -575.53527832 -7.19419098
102 -575.53466797 -7.19418335
103 -575.53527832 -7.19419098
104 -575.53332520 -7.19416656
105 -575.53375244 -7.19417191
106 -575.53472900 -7.19418411
107 -575.53497314 -7.19418716
108 -575.53491211 -7.19418640
109 -575.53527832 -7.19419098
110 -575.53601074 -7.19420013
111 -575.53405762 -7.19417572
112 -575.53607178 -7.19420090
113 -575.53631592 -7.19420395
114 -575.53601074 -7.19420013
115 -575.53692627 -7.19421158
116 -575.53680420 -7.19421005
117 -575.53619385 -7.19420242
118 -575.53680420 -7.19421005
119 -575.53625488 -7.19420319
120 -575.53637695 -7.19420471
121 -575.53753662 -7.19421921
122 -575.53729248 -7.19421616
123 -575.53698730 -7.19421234
124 -575.53656006 -7.19420700
125 -575.53515625 -7.19418945
126 -575.53686523 -7.19421082
127 -575.53735352 -7.19421692
128 -575.53674316 -7.19420929
129 -575.53704834 -7.19421310
130 -575.53833008 -7.19422913
131 -575.53790283 -7.19422379
132 -575.53717041 -7.19421463
133 -575.53753662 -7.19421921
134 -575.53845215 -7.19423065
135 -575.53845215 -7.19423065
136 -575.53833008 -7.19422913
137 -575.53802490 -7.19422531
138 -575.53771973 -7.19422150
139 -575.53875732 -7.19423447
140 -575.53857422 -7.19423218
141 -575.53765869 -7.19422073
142 -575.53900146 -7.19423752
143 -575.53924561 -7.19424057
144 -575.53881836 -7.19423523
145 -575.53961182 -7.19424515
146 -575.53869629 -7.19423370
147 -575.53936768 -7.19424210
148 -575.53851318 -7.19423141
149 -575.53936768 -7.19424210
150 -575.53930664 -7.19424133
151 -575.53985596 -7.19424820
152 -575.54071045 -7.19425888
153 -575.54016113 -7.19425201
154 -575.54101562 -7.19426270
155 -575.54077148 -7.19425964
156 -575.54089355 -7.19426117
157 -575.54113770 -7.19426422
158 -575.54064941 -7.19425812
159 -575.54119873 -7.19426498
160 -575.54187012 -7.19427338
161 -575.54150391 -7.19426880
162 -575.54241943 -7.19428024
163 -575.54248047 -7.19428101
164 -575.54162598 -7.19427032
165 -575.54254150 -7.19428177
166 -575.54290771 -7.19428635
167 -575.54260254 -7.19428253
168 -575.54248047 -7.19428101
169 -575.54357910 -7.19429474
170 -575.54290771 -7.19428635
171 -575.54339600 -7.19429245
172 -575.54266357 -7.19428329
173 -575.54254150 -7.19428177
174 -575.54315186 -7.19428940
175 -575.54394531 -7.19429932
176 -575.54467773 -7.19430847
177 -575.54437256 -7.19430466
178 -575.54357910 -7.19429474
179 -575.54455566 -7.19430695
180 -575.54382324 -7.19429779
181 -575.54357910 -7.19429474
182 -575.54333496 -7.19429169
183 -575.54492188 -7.19431152
184 -575.54492188 -7.19431152
185 -575.54479980 -7.19431000
186 -575.54516602 -7.19431458
187 -575.54467773 -7.19430847
188 -575.54595947 -7.19432449
189 -575.54638672 -7.19432983
190 -575.54583740 -7.19432297
191 -575.54589844 -7.19432373
192 -575.54638672 -7.19432983
193 -575.54669189 -7.19433365
194 -575.54626465 -7.19432831
195 -575.54614258 -7.19432678
196 -575.54602051 -7.19432526
197 -575.54656982 -7.19433212
198 -575.54602051 -7.19432526
199 -575.54620361 -7.19432755
200 -575.54650879 -7.19433136
201 -575.54711914 -7.19433899
202 -575.54565430 -7.19432068
203 -575.54608154 -7.19432602
204 -575.54626465 -7.19432831
205 -575.54748535 -7.19434357
206 -575.54522705 -7.19431534
207 -575.54785156 -7.19434814
208 -575.54821777 -7.19435272
209 -575.54913330 -7.19436417
210 -575.54760742 -7.19434509
211 -575.54888916 -7.19436111
212 -575.54968262 -7.19437103
213 -575.54931641 -7.19436646
214 -575.54913330 -7.19436417
215 -575.54852295 -7.19435654
216 -575.54730225 -7.19434128
217 -575.54882812 -7.19436035
218 -575.54809570 -7.19435120
219 -575.54833984 -7.19435425
220 -575.54943848 -7.19436798
221 -575.55023193 -7.19437790
222 -575.55010986 -7.19437637
223 -575.55065918 -7.19438324
224 -575.55035400 -7.19437943
225 -575.54956055 -7.19436951
226 -575.54980469 -7.19437256
227 -575.55004883 -7.19437561
228 -575.54980469 -7.19437256
229 -575.54895020 -7.19436188
230 -575.54901123 -7.19436264
231 -575.55047607 -7.19438095
232 -575.54980469 -7.19437256
233 -575.54992676 -7.19437408
234 -575.54992676 -7.19437408
235 -575.55151367 -7.19439392
236 -575.55059814 -7.19438248
237 -575.55072021 -7.19438400
238 -575.55139160 -7.19439240
239 -575.55102539 -7.19438782
240 -575.55090332 -7.19438629
241 -575.55047607 -7.19438095
242 -575.55212402 -7.19440155
243 -575.55078125 -7.19438477
244 -575.55236816 -7.19440460
245 -575.55230713 -7.19440384
246 -575.55212402 -7.19440155
247 -575.55346680 -7.19441833
248 -575.55407715 -7.19442596
249 -575.55334473 -7.19441681
250 -575.55346680 -7.19441833
251 -575.55419922 -7.19442749
252 -575.55468750 -7.19443359
253 -575.55340576 -7.19441757
254 -575.55444336 -7.19443054
255 -575.55413818 -7.19442673
256 -575.55505371 -7.19443817
257 -575.55450439 -7.19443130
258 -575.55426025 -7.19442825
259 -575.55480957 -7.19443512
260 -575.55493164 -7.19443665
261 -575.55572510 -7.19444656
262 -575.55578613 -7.19444733
263 -575.55511475 -7.19443893
264 -575.55596924 -7.19444962
265 -575.55584717 -7.19444809
266 -575.55499268 -7.19443741
267 -575.55627441 -7.19445343
268 -575.55578613 -7.19444733
269 -575.55633545 -7.19445419
270 -575.55572510 -7.19444656
271 -575.55517578 -7.19443970
272 -575.55505371 -7.19443817
273 -575.55664062 -7.19445801
274 -575.55627441 -7.19445343
275 -575.55651855 -7.19445648
276 -575.55743408 -7.19446793
277 -575.55816650 -7.19447708
278 -575.55828857 -7.19447861
279 -575.55773926 -7.19447174
280 -575.55822754 -7.19447784
281 -575.55841064 -7.19448013
282 -575.55834961 -7.19447937
283 -575.55847168 -7.19448090
284 -575.55883789 -7.19448547
285 -575.55920410 -7.19449005
286 -575.55804443 -7.19447556
287 -575.55773926 -7.19447174
288 -575.55834961 -7.19447937
289 -575.55853271 -7.19448166
290 -575.55902100 -7.19448776
291 -575.55926514 -7.19449081
292 -575.55914307 -7.19448929
293 -575.55957031 -7.19449463
294 -575.56018066 -7.19450226
295 -575.56011963 -7.19450150
296 -575.56042480 -7.19450531
297 -575.55993652 -7.19449921
298 -575.55975342 -7.19449692
299 -575.56054688 -7.19450684
300 -575.56121826 -7.19451523
301 -575.56146240 -7.19451828
302 -575.56164551 -7.19452057
303 -575.56134033 -7.19451675
304 -575.56042480 -7.19450531
305 -575.56219482 -7.19452744
306 -575.56127930 -7.19451599
307 -575.56042480 -7.19450531
308 -575.56103516 -7.19451294
309 -575.56042480 -7.19450531
310 -575.56109619 -7.19451370
311 -575.56146240 -7.19451828
312 -575.56085205 -7.19451065
313 -575.56152344 -7.19451904
314 -575.56127930 -7.19451599
315 -575.56115723 -7.19451447
316 -575.56237793 -7.19452972
317 -575.56262207 -7.19453278
318 -575.56213379 -7.19452667
319 -575.56298828 -7.19453735
320 -575.56268311 -7.19453354
321 -575.56292725 -7.19453659
322 -575.56335449 -7.19454193
323 -575.56311035 -7.19453888
324 -575.56317139 -7.19453964
325 -575.56353760 -7.19454422
326 -575.56372070 -7.19454651
327 -575.56274414 -7.19453430
328 -575.56262207 -7.19453278
329 -575.56347656 -7.19454346
330 -575.56445312 -7.19455566
331 -575.56372070 -7.19454651
332 -575.56445312 -7.19455566
333 -575.56481934 -7.19456024
334 -575.56457520 -7.19455719
335 -575.56555176 -7.19456940
336 -575.56390381 -7.19454880
337 -575.56530762 -7.19456635
338 -575.56585693 -7.19457321
339 -575.56597900 -7.19457474
340 -575.56530762 -7.19456635
341 -575.56622314 -7.19457779
342 -575.56628418 -7.19457855
343 -575.56481934 -7.19456024
344 -575.56640625 -7.19458008
345 -575.56658936 -7.19458237
346 -575.56640625 -7.19458008
347 -575.56689453 -7.19458618
348 -575.56701660 -7.19458771
349 -575.56628418 -7.19457855
350 -575.56719971 -7.19459000
351 -575.56726074 -7.19459076
352 -575.56713867 -7.19458923
353 -575.56701660 -7.19458771
354 -575.56719971 -7.19459000
355 -575.56872559 -7.19460907
356 -575.56823730 -7.19460297
357 -575.56896973 -7.19461212
358 -575.56774902 -7.19459686
359 -575.56854248 -7.19460678
360 -575.56762695 -7.19459534
361 -575.56866455 -7.19460831
362 -575.56860352 -7.19460754
363 -575.56896973 -7.19461212
364 -575.56872559 -7.19460907
365 -575.56976318 -7.19462204
366 -575.56958008 -7.19461975
367 -575.56945801 -7.19461823
368 -575.56994629 -7.19462433
369 -575.56909180 -7.19461365
370 -575.56896973 -7.19461212
371 -575.56970215 -7.19462128
372 -575.57000732 -7.19462509
373 -575.56927490 -7.19461594
374 -575.56994629 -7.19462433
375 -575.57019043 -7.19462738
376 -575.57019043 -7.19462738
377 -575.57012939 -7.19462662
378 -575.56958008 -7.19461975
379 -575.57012939 -7.19462662
380 -575.57006836 -7.19462585
381 -575.57049561 -7.19463120
382 -575.57055664 -7.19463196
383 -575.57055664 -7.19463196
384 -575.57055664 -7.19463196
385 -575.57147217 -7.19464340
386 -575.57104492 -7.19463806
387 -575.57116699 -7.19463959
388 -575.57110596 -7.19463882
389 -575.57098389 -7.19463730
390 -575.57116699 -7.19463959
391 -575.57031250 -7.19462891
392 -575.57055664 -7.19463196
393 -575.57000732 -7.19462509
394 -575.56988525 -7.19462357
395 -575.57141113 -7.19464264
396 -575.57202148 -7.19465027
397 -575.57226562 -7.19465332
398 -575.57202148 -7.19465027
399 -575.57226562 -7.19465332
400 -575.57189941 -7.19464874
401 -575.57159424 -7.19464493
402 -575.57055664 -7.19463196
403 -575.57250977 -7.19465637
404 -575.57177734 -7.19464722
405 -575.57214355 -7.19465179
406 -575.57177734 -7.19464722
407 -575.57287598 -7.19466095
408 -575.57287598 -7.19466095
409 -575.57330322 -7.19466629
410 -575.57318115 -7.19466476
411 -575.57440186 -7.19468002
412 -575.57385254 -7.19467316
413 -575.57397461 -7.19467468
414 -575.57391357 -7.19467392
415 -575.57446289 -7.19468079
416 -575.57434082 -7.19467926
417 -575.57330322 -7.19466629
418 -575.57470703 -7.19468384
419 -575.57458496 -7.19468231
420 -575.57537842 -7.19469223
421 -575.57629395 -7.19470367
422 -575.57568359 -7.19469604
423 -575.57550049 -7.19469376
424 -575.57537842 -7.19469223
425 -575.57604980 -7.19470062
426 -575.57617188 -7.19470215
427 -575.57629395 -7.19470367
428 -575.57641602 -7.19470520
429 -575.57647705 -7.19470596
430 -575.57562256 -7.19469528
431 -575.57666016 -7.19470825
432 -575.57666016 -7.19470825
433 -575.57714844 -7.19471436
434 -575.57769775 -7.19472122
435 -575.57714844 -7.19471436
436 -575.57751465 -7.19471893
437 -575.57745361 -7.19471817
438 -575.57733154 -7.19471664
439 -575.57763672 -7.19472046
440 -575.57775879 -7.19472198
441 -575.57788086 -7.19472351
442 -575.57824707 -7.19472809
443 -575.57861328 -7.19473267
444 -575.57836914 -7.19472961
445 -575.57745361 -7.19471817
446 -575.57812500 -7.19472656
447 -575.57910156 -7.19473877
448 -575.57836914 -7.19472961
449 -575.57897949 -7.19473724
450 -575.57861328 -7.19473267
451 -575.57946777 -7.19474335
452 -575.57934570 -7.19474182
453 -575.57940674 -7.19474258
454 -575.58032227 -7.19475403
455 -575.58062744 -7.19475784
456 -575.58013916 -7.19475174
457 -575.57910156 -7.19473877
458 -575.58062744 -7.19475784
459 -575.58044434 -7.19475555
460 -575.57916260 -7.19473953
461 -575.58032227 -7.19475403
462 -575.58093262 -7.19476166
463 -575.58007812 -7.19475098
464 -575.58044434 -7.19475555
465 -575.58093262 -7.19476166
466 -575.57995605 -7.19474945
467 -575.58032227 -7.19475403
468 -575.57983398 -7.19474792
469 -575.58038330 -7.19475479
470 -575.58050537 -7.19475632
471 -575.58056641 -7.19475708
472 -575.58099365 -7.19476242
473 -575.58123779 -7.19476547
474 -575.58135986 -7.19476700
475 -575.58111572 -7.19476395
476 -575.58111572 -7.19476395
477 -575.58123779 -7.19476547
478 -575.58117676 -7.19476471
479 -575.58044434 -7.19475555
480 -575.58129883 -7.19476624
481 -575.58166504 -7.19477081
482 -575.58105469 -7.19476318
483 -575.58154297 -7.19476929
484 -575.58166504 -7.19477081
485 -575.58178711 -7.19477234
486 -575.58166504 -7.19477081
487 -575.58215332 -7.19477692
488 -575.58294678 -7.19478683
489 -575.58325195 -7.19479065
490 -575.58227539 -7.19477844
491 -575.58227539 -7.19477844
492 -575.58227539 -7.19477844
493 -575.58160400 -7.19477005
494 -575.58215332 -7.19477692
495 -575.58276367 -7.19478455
496 -575.58251953 -7.19478149
497 -575.58178711 -7.19477234
498 -575.58123779 -7.19476547
499 -575.58227539 -7.19477844
500 -575.58233643 -7.19477921
501 -575.58209229 -7.19477615
502 -575.58306885 -7.19478836
503 -575.58349609 -7.19479370
504 -575.58325195 -7.19479065
505 -575.58392334 -7.19479904
506 -575.58355713 -7.19479446
507 -575.58312988 -7.19478912
508 -575.58398438 -7.19479980
509 -575.58428955 -7.19480362
510 -575.58416748 -7.19480209
511 -575.58282471 -7.19478531
512 -575.58367920 -7.19479599
513 -575.58380127 -7.19479752
514 -575.58367920 -7.19479599
515 -575.58557129 -7.19481964
516 -575.58435059 -7.19480438
517 -575.58538818 -7.19481735
518 -575.58489990 -7.19481125
519 -575.58544922 -7.19481812
520 -575.58532715 -7.19481659
521 -575.58514404 -7.19481430
522 -575.58605957 -7.19482574
523 -575.58599854 -7.19482498
524 -575.58605957 -7.19482574
525 -575.58679199 -7.19483490
526 -575.58618164 -7.19482727
527 -575.58593750 -7.19482422
528 -575.58532715 -7.19481659
529 -575.58636475 -7.19482956
530 -575.58679199 -7.19483490
531 -575.58557129 -7.19481964
532 -575.58679199 -7.19483490
533 -575.58581543 -7.19482269
534 -575.58551025 -7.19481888
535 -575.58569336 -7.19482117
536 -575.58551025 -7.19481888
537 -575.58618164 -7.19482727
538 -575.58587646 -7.19482346
539 -575.58654785 -7.19483185
540 -575.58581543 -7.19482269
541 -575.58673096 -7.19483414
542 -575.58746338 -7.19484329
543 -575.58758545 -7.19484482
544 -575.58642578 -7.19483032
545 -575.58605957 -7.19482574
546 -575.58575439 -7.19482193
547 -575.58679199 -7.19483490
548 -575.58575439 -7.19482193
549 -575.58630371 -7.19482880
550 -575.58575439 -7.19482193
551 -575.58624268 -7.19482803
552 -575.58618164 -7.19482727
553 -575.58551025 -7.19481888
554 -575.58709717 -7.19483871
555 -575.58728027 -7.19484100
556 -575.58752441 -7.19484406
557 -575.58734131 -7.19484177
558 -575.58673096 -7.19483414
559 -575.58776855 -7.19484711
560 -575.58752441 -7.19484406
561 -575.58807373 -7.19485092
562 -575.58782959 -7.19484787
563 -575.58789062 -7.19484863
564 -575.58782959 -7.19484787
565 -575.58758545 -7.19484482
566 -575.58752441 -7.19484406
567 -575.58776855 -7.19484711
568 -575.58789062 -7.19484863
569 -575.58862305 -7.19485779
570 -575.58917236 -7.19486465
571 -575.58905029 -7.19486313
572 -575.58905029 -7.19486313
573 -575.58917236 -7.19486465
574 -575.58941650 -7.19486771
575 -575.58886719 -7.19486084
576 -575.58850098 -7.19485626
577 -575.58850098 -7.19485626
578 -575.58929443 -7.19486618
579 -575.58972168 -7.19487152
580 -575.58837891 -7.19485474
581 -575.58911133 -7.19486389
582 -575.58978271 -7.19487228
583 -575.59020996 -7.19487762
584 -575.59045410 -7.19488068
585 -575.59027100 -7.19487839
586 -575.59082031 -7.19488525
587 -575.59057617 -7.19488220
588 -575.59057617 -7.19488220
589 -575.59069824 -7.19488373
590 -575.59033203 -7.19487915
591 -575.59033203 -7.19487915
592 -575.59069824 -7.19488373
593 -575.59063721 -7.19488297
594 -575.59149170 -7.19489365
595 -575.59088135 -7.19488602
596 -575.59094238 -7.19488678
597 -575.59088135 -7.19488602
598 -575.58972168 -7.19487152
599 -575.59143066 -7.19489288
600 -575.59082031 -7.19488525
601 -575.59094238 -7.19488678
602 -575.59063721 -7.19488297
603 -575.59185791 -7.19489822
604 -575.59100342 -7.19488754
605 -575.59228516 -7.19490356
606 -575.59112549 -7.19488907
607 -575.59082031 -7.19488525
608 -575.59130859 -7.19489136
609 -575.59094238 -7.19488678
610 -575.59112549 -7.19488907
611 -575.59130859 -7.19489136
612 -575.59118652 -7.19488983
613 -575.59130859 -7.19489136
614 -575.59075928 -7.19488449
615 -575.59045410 -7.19488068
616 -575.58984375 -7.19487305
617 -575.59008789 -7.19487610
618 -575.59008789 -7.19487610
619 -575.58996582 -7.19487457
620 -575.58990479 -7.19487381
621 -575.58953857 -7.19486923
622 -575.58941650 -7.19486771
623 -575.58984375 -7.19487305
624 -575.58898926 -7.19486237
625 -575.58947754 -7.19486847
626 -575.58972168 -7.19487152
627 -575.58959961 -7.19487000
628 -575.58892822 -7.19486160
629 -575.58972168 -7.19487152
630 -575.59020996 -7.19487762
631 -575.58947754 -7.19486847
632 -575.58923340 -7.19486542
633 -575.58947754 -7.19486847
634 -575.58886719 -7.19486084
635 -575.58959961 -7.19487000
636 -575.58923340 -7.19486542
637 -575.58972168 -7.19487152
638 -575.58856201 -7.19485703
639 -575.58911133 -7.19486389
640 -575.58905029 -7.19486313
641 -575.58959961 -7.19487000
642 -575.58868408 -7.19485855
643 -575.58917236 -7.19486465
644 -575.58874512 -7.19485931
645 -575.58996582 -7.19487457
646 -575.58874512 -7.19485931
647 -575.58746338 -7.19484329
648 -575.58874512 -7.19485931
649 -575.58825684 -7.19485321
650 -575.58941650 -7.19486771
651 -575.58850098 -7.19485626
652 -575.58935547 -7.19486694
653 -575.59033203 -7.19487915
654 -575.59094238 -7.19488678
655 -575.59020996 -7.19487762
656 -575.58886719 -7.19486084
657 -575.59057617 -7.19488220
658 -575.59008789 -7.19487610
659 -575.58862305 -7.19485779
660 -575.58947754 -7.19486847
661 -575.58929443 -7.19486618
662 -575.59039307 -7.19487991
663 -575.59033203 -7.19487915
664 -575.59008789 -7.19487610
665 -575.58941650 -7.19486771
666 -575.59002686 -7.19487534
667 -575.58947754 -7.19486847
668 -575.58898926 -7.19486237
669 -575.58996582 -7.19487457
670 -575.58947754 -7.19486847
671 -575.58947754 -7.19486847
672 -575.58959961 -7.19487000
673 -575.58972168 -7.19487152
674 -575.59014893 -7.19487686
675 -575.59051514 -7.19488144
676 -575.58984375 -7.19487305
677 -575.58959961 -7.19487000
678 -575.59057617 -7.19488220
679 -575.58935547 -7.19486694
680 -575.59057617 -7.19488220
681 -575.59008789 -7.19487610
682 -575.58972168 -7.19487152
683 -575.58947754 -7.19486847
684 -575.58862305 -7.19485779
685 -575.58966064 -7.19487076
686 -575.59027100 -7.19487839
687 -575.58959961 -7.19487000
688 -575.59008789 -7.19487610
689 -575.58984375 -7.19487305
690 -575.58947754 -7.19486847
691 -575.59039307 -7.19487991
692 -575.59057617 -7.19488220
693 -575.58905029 -7.19486313
694 -575.58996582 -7.19487457
695 -575.59008789 -7.19487610
696 -575.58990479 -7.19487381
697 -575.59069824 -7.19488373
698 -575.59082031 -7.19488525
699 -575.59008789 -7.19487610
700 -575.58972168 -7.19487152
701 -575.59057617 -7.19488220
702 -575.59039307 -7.19487991
703 -575.58996582 -7.19487457
704 -575.58911133 -7.19486389
705 -575.59082031 -7.19488525
706 -575.59161377 -7.19489517
707 -575.58959961 -7.19487000
708 -575.59136963 -7.19489212
709 -575.59136963 -7.19489212
710 -575.59106445 -7.19488831
711 -575.59106445 -7.19488831
712 -575.59149170 -7.19489365
713 -575.59130859 -7.19489136
714 -575.59143066 -7.19489288
715 -575.59240723 -7.19490509
716 -575.59143066 -7.19489288
717 -575.59216309 -7.19490204
718 -575.59289551 -7.19491119
719 -575.59301758 -7.19491272
720 -575.59246826 -7.19490585
721 -575.59228516 -7.19490356
722 -575.59204102 -7.19490051
723 -575.59344482 -7.19491806
724 -575.59240723 -7.19490509
725 -575.59289551 -7.19491119
726 -575.59362793 -7.19492035
727 -575.59326172 -7.19491577
728 -575.59332275 -7.19491653
729 -575.59246826 -7.19490585
730 -575.59173584 -7.19489670
731 -575.59301758 -7.19491272
732 -575.59289551 -7.19491119
733 -575.59356689 -7.19491959
734 -575.59320068 -7.19491501
735 -575.59429932 -7.19492874
736 -575.59429932 -7.19492874
737 -575.59399414 -7.19492493
738 -575.59417725 -7.19492722
739 -575.59411621 -7.19492645
740 -575.59399414 -7.19492493
741 -575.59442139 -7.19493027
742 -575.59295654 -7.19491196
743 -575.59405518 -7.19492569
744 -575.59484863 -7.19493561
745 -575.59387207 -7.19492340
746 -575.59460449 -7.19493256
747 -575.59423828 -7.19492798
748 -575.59552002 -7.19494400
749 -575.59552002 -7.19494400
750 -575.59533691 -7.19494171
751 -575.59606934 -7.19495087
752 -575.59552002 -7.19494400
753 -575.59509277 -7.19493866
754 -575.59564209 -7.19494553
755 -575.59631348 -7.19495392
756 -575.59613037 -7.19495163
757 -575.59606934 -7.19495087
758 -575.59649658 -7.19495621
759 -575.59686279 -7.19496078
760 -575.59625244 -7.19495316
761 -575.59637451 -7.19495468
762 -575.59704590 -7.19496307
763 -575.59643555 -7.19495544
764 -575.59643555 -7.19495544
765 -575.59741211 -7.19496765
766 -575.59619141 -7.19495239
767 -575.59497070 -7.19493713
768 -575.59686279 -7.19496078
769 -575.59741211 -7.19496765
770 -575.59606934 -7.19495087
771 -575.59753418 -7.19496918
772 -575.59722900 -7.19496536
773 -575.59826660 -7.19497833
774 -575.59857178 -7.19498215
775 -575.59930420 -7.19499130
776 -575.59838867 -7.19497986
777 -575.59851074 -7.19498138
778 -575.59881592 -7.19498520
779 -575.59918213 -7.19498978
780 -575.59979248 -7.19499741
781 -575.59973145 -7.19499664
782 -575.59991455 -7.19499893
783 -575.60119629 -7.19501495
784 -575.60070801 -7.19500885
785 -575.60089111 -7.19501114
786 -575.60052490 -7.19500656
787 -575.60028076 -7.19500351
788 -575.60083008 -7.19501038
789 -575.60095215 -7.19501190
790 -575.59997559 -7.19499969
791 -575.60144043 -7.19501801
792 -575.60229492 -7.19502869
793 -575.60168457 -7.19502106
794 -575.60040283 -7.19500504
795 -575.60107422 -7.19501343
796 -575.60070801 -7.19500885
797 -575.60083008 -7.19501038
798 -575.60235596 -7.19502945
799 -575.60168457 -7.19502106
800 -575.60113525 -7.19501419
801 -575.60235596 -7.19502945
802 -575.60308838 -7.19503860
803 -575.60406494 -7.19505081
804 -575.60369873 -7.19504623
805 -575.60394287 -7.19504929
806 -575.60455322 -7.19505692
807 -575.60473633 -7.19505920
808 -575.60479736 -7.19505997
809 -575.60498047 -7.19506226
810 -575.60424805 -7.19505310
811 -575.60424805 -7.19505310
812 -575.60461426 -7.19505768
813 -575.60491943 -7.19506149
814 -575.60485840 -7.19506073
815 -575.60522461 -7.19506531
816 -575.60559082 -7.19506989
817 -575.60607910 -7.19507599
818 -575.60644531 -7.19508057
819 -575.60571289 -7.19507141
820 -575.60650635 -7.19508133
821 -575.60546875 -7.19506836
822 -575.60559082 -7.19506989
823 -575.60583496 -7.19507294
824 -575.60577393 -7.19507217
825 -575.60595703 -7.19507446
826 -575.60723877 -7.19509048
827 -575.60681152 -7.19508514
828 -575.60638428 -7.19507980
829 -575.60607910 -7.19507599
830 -575.60675049 -7.19508438
831 -575.60681152 -7.19508514
832 -575.60577393 -7.19507217
833 -575.60583496 -7.19507294
834 -575.60607910 -7.19507599
835 -575.60717773 -7.19508972
836 -575.60607910 -7.19507599
837 -575.60583496 -7.19507294
838 -575.60687256 -7.19508591
839 -575.60620117 -7.19507751
840 -575.60540771 -7.19506760
841 -575.60565186 -7.19507065
842 -575.60595703 -7.19507446
843 -575.60491943 -7.19506149
844 -575.60516357 -7.19506454
845 -575.60559082 -7.19506989
846 -575.60510254 -7.19506378
847 -575.60559082 -7.19506989
848 -575.60516357 -7.19506454
849 -575.60559082 -7.19506989
850 -575.60571289 -7.19507141
851 -575.60546875 -7.19506836
852 -575.60571289 -7.19507141
853 -575.60479736 -7.19505997
854 -575.60552979 -7.19506912
855 -575.60485840 -7.19506073
856 -575.60491943 -7.19506149
857 -575.60571289 -7.19507141
858 -575.60394287 -7.19504929
859 -575.60546875 -7.19506836
860 -575.60571289 -7.19507141
861 -575.60504150 -7.19506302
862 -575.60522461 -7.19506531
863 -575.60437012 -7.19505463
864 -575.60424805 -7.19505310
865 -575.60424805 -7.19505310
866 -575.60516357 -7.19506454
867 -575.60498047 -7.19506226
868 -575.60461426 -7.19505768
869 -575.60522461 -7.19506531
870 -575.60504150 -7.19506302
871 -575.60534668 -7.19506683
872 -575.60559082 -7.19506989
873 -575.60498047 -7.19506226
874 -575.60461426 -7.19505768
875 -575.60418701 -7.19505234
876 -575.60412598 -7.19505157
877 -575.60351562 -7.19504395
878 -575.60412598 -7.19505157
879 -575.60498047 -7.19506226
880 -575.60449219 -7.19505615
881 -575.60424805 -7.19505310
882 -575.60418701 -7.19505234
883 -575.60375977 -7.19504700
884 -575.60498047 -7.19506226
885 -575.60534668 -7.19506683
886 -575.60510254 -7.19506378
887 -575.60498047 -7.19506226
888 -575.60571289 -7.19507141
889 -575.60467529 -7.19505844
890 -575.60510254 -7.19506378
891 -575.60552979 -7.19506912
892 -575.60540771 -7.19506760
893 -575.60418701 -7.19505234
894 -575.60510254 -7.19506378
895 -575.60473633 -7.19505920
896 -575.60473633 -7.19505920
897 -575.60449219 -7.19505615
898 -575.60522461 -7.19506531
899 -575.60498047 -7.19506226
900 -575.60449219 -7.19505615
901 -575.60565186 -7.19507065
902 -575.60522461 -7.19506531
903 -575.60565186 -7.19507065
904 -575.60516357 -7.19506454
905 -575.60485840 -7.19506073
906 -575.60455322 -7.19505692
907 -575.60498047 -7.19506226
908 -575.60412598 -7.19505157
909 -575.60437012 -7.19505463
910 -575.60437012 -7.19505463
911 -575.60375977 -7.19504700
912 -575.60485840 -7.19506073
913 -575.60461426 -7.19505768
914 -575.60437012 -7.19505463
915 -575.60424805 -7.19505310
916 -575.60418701 -7.19505234
917 -575.60406494 -7.19505081
918 -575.60449219 -7.19505615
919 -575.60430908 -7.19505386
920 -575.60522461 -7.19506531
921 -575.60449219 -7.19505615
922 -575.60333252 -7.19504166
923 -575.60473633 -7.19505920
924 -575.60424805 -7.19505310
925 -575.60449219 -7.19505615
926 -575.60498047 -7.19506226
927 -575.60516357 -7.19506454
928 -575.60473633 -7.19505920
929 -575.60363770 -7.19504547
930 -575.60491943 -7.19506149
931 -575.60363770 -7.19504547
932 -575.60449219 -7.19505615
933 -575.60369873 -7.19504623
934 -575.60345459 -7.19504318
935 -575.60363770 -7.19504547
936 -575.60351562 -7.19504395
937 -575.60363770 -7.19504547
938 -575.60418701 -7.19505234
939 -575.60418701 -7.19505234
940 -575.60327148 -7.19504089
941 -575.60302734 -7.19503784
942 -575.60375977 -7.19504700
943 -575.60339355 -7.19504242
944 -575.60437012 -7.19505463
945 -575.60388184 -7.19504852
946 -575.60400391 -7.19505005
947 -575.60351562 -7.19504395
948 -575.60424805 -7.19505310
949 -575.60437012 -7.19505463
950 -575.60388184 -7.19504852
951 -575.60339355 -7.19504242
952 -575.60412598 -7.19505157
953 -575.60418701 -7.19505234
954 -575.60485840 -7.19506073
955 -575.60504150 -7.19506302
956 -575.60498047 -7.19506226
957 -575.60504150 -7.19506302
958 -575.60424805 -7.19505310
959 -575.60485840 -7.19506073
960 -575.60449219 -7.19505615
961 -575.60534668 -7.19506683
962 -575.60504150 -7.19506302
963 -575.60424805 -7.19505310
964 -575.60357666 -7.19504471
965 -575.60491943 -7.19506149
966 -575.60467529 -7.19505844
967 -575.60522461 -7.19506531
968 -575.60449219 -7.19505615
969 -575.60412598 -7.19505157
970 -575.60369873 -7.19504623
971 -575.60363770 -7.19504547
972 -575.60498047 -7.19506226
973 -575.60522461 -7.19506531
974 -575.60516357 -7.19506454
975 -575.60485840 -7.19506073
976 -575.60424805 -7.19505310
977 -575.60510254 -7.19506378
978 -575.60437012 -7.19505463
979 -575.60534668 -7.19506683
980 -575.60485840 -7.19506073
981 -575.60485840 -7.19506073
982 -575.60485840 -7.19506073
983 -575.60534668 -7.19506683
984 -575.60559082 -7.19506989
985 -575.60559082 -7.19506989
986 -575.60510254 -7.19506378
987 -575.60412598 -7.19505157
988 -575.60479736 -7.19505997
989 -575.60510254 -7.19506378
990 -575.60455322 -7.19505692
991 -575.60473633 -7.19505920
992 -575.60516357 -7.19506454
993 -575.60559082 -7.19506989
994 -575.60498047 -7.19506226
995 -575.60510254 -7.19506378
996 -575.60412598 -7.19505157
997 -575.60498047 -7.19506226
998 -575.60418701 -7.19505234
999 -575.60485840 -7.19506073
