0 -651.49993896 -6.93085041
1 -651.51544189 -6.93101534
2 -651.52880859 -6.93115754
3 -651.53900146 -6.93126597
4 -651.54760742 -6.93135753
5 -651.55621338 -6.93144908
6 -651.56402588 -6.93153219
7 -651.57080078 -6.93160426
8 -651.57702637 -6.93167049
9 -651.58288574 -6.93173283
10 -651.58770752 -6.93178412
11 -651.59259033 -6.93183607
12 -651.59600830 -6.93187243
13 -651.60040283 -6.93191918
14 -651.60479736 -6.93196593
15 -651.60876465 -6.93200813
16 -651.61199951 -6.93204255
17 -651.61474609 -6.93207177
18 -651.61840820 -6.93211073
19 -651.62207031 -6.93214968
20 -651.62524414 -6.93218345
21 -651.62896729 -6.93222306
22 -651.63171387 -6.93225228
23 -651.63391113 -6.93227565
24 -651.63629150 -6.93230097
25 -651.63989258 -6.93233928
26 -651.64221191 -6.93236396
27 -651.64416504 -6.93238473
28 -651.64648438 -6.93240941
29 -651.64862061 -6.93243213
30 -651.65161133 -6.93246395
31 -651.65368652 -6.93248603
32 -651.65557861 -6.93250616
33 -651.65704346 -6.93252174
34 -651.65802002 -6.93253213
35 -651.66076660 -6.93256135
36 -651.66333008 -6.93258862
37 -651.66461182 -6.93260225
38 -651.66668701 -6.93262433
39 -651.66827393 -6.93264121
40 -651.67053223 -6.93266524
41 -651.67254639 -6.93268666
42 -651.67425537 -6.93270484
43 -651.67535400 -6.93271653
44 -651.67639160 -6.93272757
45 -651.67803955 -6.93274510
46 -651.67919922 -6.93275744
47 -651.68023682 -6.93276848
48 -651.68249512 -6.93279250
49 -651.68359375 -6.93280419
50 -651.68542480 -6.93282367
51 -651.68627930 -6.93283276
52 -651.68792725 -6.93285029
53 -651.68939209 -6.93286587
54 -651.69049072 -6.93287756
55 -651.69213867 -6.93289509
56 -651.69421387 -6.93291717
57 -651.69476318 -6.93292301
58 -651.69677734 -6.93294444
59 -651.69738770 -6.93295093
60 -651.69842529 -6.93296197
61 -651.69989014 -6.93297755
62 -651.70141602 -6.93299379
63 -651.70281982 -6.93300872
64 -651.70306396 -6.93301132
65 -651.70379639 -6.93301911
66 -651.70550537 -6.93303729
67 -651.70690918 -6.93305223
68 -651.70831299 -6.93306716
69 -651.70898438 -6.93307430
70 -651.71032715 -6.93308859
71 -651.71203613 -6.93310677
72 -651.71282959 -6.93311521
73 -651.71350098 -6.93312235
74 -651.71502686 -6.93313858
75 -651.71655273 -6.93315482
76 -651.71746826 -6.93316456
77 -651.71905518 -6.93318144
78 -651.71978760 -6.93318923
79 -651.72100830 -6.93320222
80 -651.72149658 -6.93320741
81 -651.72308350 -6.93322429
82 -651.72381592 -6.93323208
83 -651.72528076 -6.93324767
84 -651.72619629 -6.93325741
85 -651.72698975 -6.93326585
86 -651.72814941 -6.93327819
87 -651.72930908 -6.93329052
88 -651.73028564 -6.93330091
89 -651.73107910 -6.93330935
90 -651.73272705 -6.93332688
91 -651.73303223 -6.93333013
92 -651.73345947 -6.93333468
93 -651.73382568 -6.93333857
94 -651.73474121 -6.93334831
95 -651.73559570 -6.93335740
96 -651.73590088 -6.93336065
97 -651.73614502 -6.93336324
98 -651.73760986 -6.93337883
99 -651.73852539 -6.93338857
100 -651.73944092 -6.93339831
101 -651.74060059 -6.93341064
102 -651.74133301 -6.93341844
103 -651.74237061 -6.93342947
104 -651.74243164 -6.93343012
105 -651.74304199 -6.93343662
106 -651.74401855 -6.93344701
107 -651.74475098 -6.93345480
108 -651.74499512 -6.93345739
109 -651.74664307 -6.93347493
110 -651.74713135 -6.93348012
111 -651.74780273 -6.93348726
112 -651.74798584 -6.93348921
113 -651.74792480 -6.93348856
114 -651.74920654 -6.93350220
115 -651.74926758 -6.93350285
116 -651.75006104 -6.93351129
117 -651.75042725 -6.93351518
118 -651.75115967 -6.93352298
119 -651.75079346 -6.93351908
120 -651.75183105 -6.93353012
121 -651.75219727 -6.93353401
122 -651.75354004 -6.93354830
123 -651.75396729 -6.93355284
124 -651.75463867 -6.93355999
125 -651.75531006 -6.93356713
126 -651.75592041 -6.93357362
127 -651.75622559 -6.93357687
128 -651.75701904 -6.93358531
129 -651.75677490 -6.93358271
130 -651.75750732 -6.93359050
131 -651.75866699 -6.93360284
132 -651.75872803 -6.93360349
133 -651.75946045 -6.93361128
134 -651.76000977 -6.93361713
135 -651.75988770 -6.93361583
136 -651.75988770 -6.93361583
137 -651.76025391 -6.93361972
138 -651.76062012 -6.93362362
139 -651.76129150 -6.93363076
140 -651.76226807 -6.93364115
141 -651.76281738 -6.93364699
142 -651.76287842 -6.93364764
143 -651.76373291 -6.93365673
144 -651.76342773 -6.93365349
145 -651.76434326 -6.93366323
146 -651.76434326 -6.93366323
147 -651.76477051 -6.93366777
148 -651.76617432 -6.93368271
149 -651.76696777 -6.93369115
150 -651.76739502 -6.93369569
151 -651.76867676 -6.93370933
152 -651.76916504 -6.93371452
153 -651.77044678 -6.93372816
154 -651.76983643 -6.93372166
155 -651.77075195 -6.93373140
156 -651.77069092 -6.93373075
157 -651.77178955 -6.93374244
158 -651.77294922 -6.93375478
159 -651.77355957 -6.93376127
160 -651.77374268 -6.93376322
161 -651.77441406 -6.93377036
162 -651.77514648 -6.93377815
163 -651.77514648 -6.93377815
164 -651.77587891 -6.93378595
165 -651.77624512 -6.93378984
166 -651.77661133 -6.93379374
167 -651.77758789 -6.93380413
168 -651.77819824 -6.93381062
169 -651.77783203 -6.93380672
170 -651.77917480 -6.93382101
171 -651.77947998 -6.93382426
172 -651.77984619 -6.93382815
173 -651.78100586 -6.93384049
174 -651.78094482 -6.93383984
175 -651.78198242 -6.93385088
176 -651.78222656 -6.93385347
177 -651.78271484 -6.93385867
178 -651.78289795 -6.93386062
179 -651.78479004 -6.93388075
180 -651.78540039 -6.93388724
181 -651.78540039 -6.93388724
182 -651.78546143 -6.93388789
183 -651.78656006 -6.93389958
184 -651.78680420 -6.93390217
185 -651.78729248 -6.93390737
186 -651.78796387 -6.93391451
187 -651.78747559 -6.93390931
188 -651.78753662 -6.93390996
189 -651.78790283 -6.93391386
190 -651.78875732 -6.93392295
191 -651.78918457 -6.93392750
192 -651.78863525 -6.93392165
193 -651.78930664 -6.93392879
194 -651.78918457 -6.93392750
195 -651.79022217 -6.93393853
196 -651.79040527 -6.93394048
197 -651.79101562 -6.93394697
198 -651.79132080 -6.93395022
199 -651.79101562 -6.93394697
200 -651.79187012 -6.93395607
201 -651.79290771 -6.93396710
202 -651.79327393 -6.93397100
203 -651.79382324 -6.93397684
204 -651.79321289 -6.93397035
205 -651.79364014 -6.93397490
206 -651.79425049 -6.93398139
207 -651.79541016 -6.93399373
208 -651.79479980 -6.93398723
209 -651.79510498 -6.93399048
210 -651.79528809 -6.93399243
211 -651.79650879 -6.93400541
212 -651.79644775 -6.93400476
213 -651.79736328 -6.93401450
214 -651.79711914 -6.93401191
215 -651.79791260 -6.93402035
216 -651.79815674 -6.93402294
217 -651.79791260 -6.93402035
218 -651.79913330 -6.93403333
219 -651.79962158 -6.93403853
220 -651.79949951 -6.93403723
221 -651.79956055 -6.93403788
222 -651.80059814 -6.93404892
223 -651.80065918 -6.93404957
224 -651.80102539 -6.93405346
225 -651.80139160 -6.93405736
226 -651.80133057 -6.93405671
227 -651.80181885 -6.93406190
228 -651.80163574 -6.93405995
229 -651.80249023 -6.93406905
230 -651.80249023 -6.93406905
231 -651.80236816 -6.93406775
232 -651.80377197 -6.93408268
233 -651.80340576 -6.93407878
234 -651.80401611 -6.93408528
235 -651.80389404 -6.93408398
236 -651.80456543 -6.93409112
237 -651.80444336 -6.93408982
238 -651.80499268 -6.93409567
239 -651.80499268 -6.93409567
240 -651.80560303 -6.93410216
241 -651.80584717 -6.93410476
242 -651.80603027 -6.93410671
243 -651.80657959 -6.93411255
244 -651.80639648 -6.93411060
245 -651.80657959 -6.93411255
246 -651.80694580 -6.93411644
247 -651.80780029 -6.93412554
248 -651.80780029 -6.93412554
249 -651.80773926 -6.93412489
250 -651.80902100 -6.93413852
251 -651.80889893 -6.93413722
252 -651.80853271 -6.93413333
253 -651.80950928 -6.93414372
254 -651.80914307 -6.93413982
255 -651.80889893 -6.93413722
256 -651.80889893 -6.93413722
257 -651.80950928 -6.93414372
258 -651.80999756 -6.93414891
259 -651.81048584 -6.93415410
260 -651.81060791 -6.93415540
261 -651.81024170 -6.93415151
262 -651.81060791 -6.93415540
263 -651.81060791 -6.93415540
264 -651.81072998 -6.93415670
265 -651.81140137 -6.93416384
266 -651.81085205 -6.93415800
267 -651.81146240 -6.93416449
268 -651.81152344 -6.93416514
269 -651.81152344 -6.93416514
270 -651.81231689 -6.93417358
271 -651.81250000 -6.93417553
272 -651.81280518 -6.93417878
273 -651.81262207 -6.93417683
274 -651.81262207 -6.93417683
275 -651.81219482 -6.93417229
276 -651.81268311 -6.93417748
277 -651.81237793 -6.93417423
278 -651.81372070 -6.93418852
279 -651.81298828 -6.93418073
280 -651.81353760 -6.93418657
281 -651.81378174 -6.93418917
282 -651.81384277 -6.93418982
283 -651.81451416 -6.93419696
284 -651.81396484 -6.93419112
285 -651.81439209 -6.93419566
286 -651.81372070 -6.93418852
287 -651.81445312 -6.93419631
288 -651.81463623 -6.93419826
289 -651.81481934 -6.93420021
290 -651.81524658 -6.93420475
291 -651.81585693 -6.93421124
292 -651.81604004 -6.93421319
293 -651.81585693 -6.93421124
294 -651.81604004 -6.93421319
295 -651.81536865 -6.93420605
296 -651.81597900 -6.93421254
297 -651.81610107 -6.93421384
298 -651.81622314 -6.93421514
299 -651.81646729 -6.93421774
300 -651.81665039 -6.93421969
301 -651.81652832 -6.93421839
302 -651.81671143 -6.93422033
303 -651.81683350 -6.93422163
304 -651.81695557 -6.93422293
305 -651.81585693 -6.93421124
306 -651.81658936 -6.93421904
307 -651.81683350 -6.93422163
308 -651.81707764 -6.93422423
309 -651.81701660 -6.93422358
310 -651.81787109 -6.93423267
311 -651.81677246 -6.93422098
312 -651.81726074 -6.93422618
313 -651.81774902 -6.93423137
314 -651.81781006 -6.93423202
315 -651.81774902 -6.93423137
316 -651.81835938 -6.93423787
317 -651.81793213 -6.93423332
318 -651.81854248 -6.93423981
319 -651.81835938 -6.93423787
320 -651.81829834 -6.93423722
321 -651.81896973 -6.93424436
322 -651.81921387 -6.93424696
323 -651.81860352 -6.93424046
324 -651.81945801 -6.93424955
325 -651.81927490 -6.93424761
326 -651.81976318 -6.93425280
327 -651.81976318 -6.93425280
328 -651.82000732 -6.93425540
329 -651.82006836 -6.93425605
330 -651.81951904 -6.93425020
331 -651.81994629 -6.93425475
332 -651.81988525 -6.93425410
333 -651.82019043 -6.93425734
334 -651.81964111 -6.93425150
335 -651.81976318 -6.93425280
336 -651.82006836 -6.93425605
337 -651.82043457 -6.93425994
338 -651.82098389 -6.93426579
339 -651.82098389 -6.93426579
340 -651.82110596 -6.93426708
341 -651.82153320 -6.93427163
342 -651.82037354 -6.93425929
343 -651.82165527 -6.93427293
344 -651.82128906 -6.93426903
345 -651.82147217 -6.93427098
346 -651.82244873 -6.93428137
347 -651.82196045 -6.93427617
348 -651.82287598 -6.93428591
349 -651.82220459 -6.93427877
350 -651.82275391 -6.93428462
351 -651.82293701 -6.93428656
352 -651.82293701 -6.93428656
353 -651.82318115 -6.93428916
354 -651.82342529 -6.93429176
355 -651.82312012 -6.93428851
356 -651.82440186 -6.93430215
357 -651.82385254 -6.93429630
358 -651.82440186 -6.93430215
359 -651.82421875 -6.93430020
360 -651.82366943 -6.93429436
361 -651.82434082 -6.93430150
362 -651.82397461 -6.93429760
363 -651.82464600 -6.93430474
364 -651.82464600 -6.93430474
365 -651.82440186 -6.93430215
366 -651.82495117 -6.93430799
367 -651.82489014 -6.93430734
368 -651.82519531 -6.93431059
369 -651.82495117 -6.93430799
370 -651.82531738 -6.93431189
371 -651.82507324 -6.93430929
372 -651.82574463 -6.93431643
373 -651.82586670 -6.93431773
374 -651.82562256 -6.93431513
375 -651.82586670 -6.93431773
376 -651.82556152 -6.93431448
377 -651.82586670 -6.93431773
378 -651.82678223 -6.93432747
379 -651.82666016 -6.93432617
380 -651.82696533 -6.93432942
381 -651.82641602 -6.93432357
382 -651.82690430 -6.93432877
383 -651.82702637 -6.93433007
384 -651.82714844 -6.93433137
385 -651.82696533 -6.93432942
386 -651.82696533 -6.93432942
387 -651.82733154 -6.93433331
388 -651.82690430 -6.93432877
389 -651.82653809 -6.93432487
390 -651.82720947 -6.93433202
391 -651.82708740 -6.93433072
392 -651.82745361 -6.93433461
393 -651.82800293 -6.93434046
394 -651.82824707 -6.93434305
395 -651.82812500 -6.93434176
396 -651.82800293 -6.93434046
397 -651.82794189 -6.93433981
398 -651.82745361 -6.93433461
399 -651.82696533 -6.93432942
400 -651.82763672 -6.93433656
401 -651.82757568 -6.93433591
402 -651.82775879 -6.93433786
403 -651.82708740 -6.93433072
404 -651.82727051 -6.93433266
405 -651.82690430 -6.93432877
406 -651.82739258 -6.93433396
407 -651.82733154 -6.93433331
408 -651.82751465 -6.93433526
409 -651.82812500 -6.93434176
410 -651.82794189 -6.93433981
411 -651.82733154 -6.93433331
412 -651.82800293 -6.93434046
413 -651.82733154 -6.93433331
414 -651.82824707 -6.93434305
415 -651.82775879 -6.93433786
416 -651.82843018 -6.93434500
417 -651.82812500 -6.93434176
418 -651.82806396 -6.93434111
419 -651.82794189 -6.93433981
420 -651.82775879 -6.93433786
421 -651.82788086 -6.93433916
422 -651.82739258 -6.93433396
423 -651.82720947 -6.93433202
424 -651.82818604 -6.93434240
425 -651.82775879 -6.93433786
426 -651.82745361 -6.93433461
427 -651.82812500 -6.93434176
428 -651.82855225 -6.93434630
429 -651.82849121 -6.93434565
430 -651.82818604 -6.93434240
431 -651.82934570 -6.93435474
432 -651.82867432 -6.93434760
433 -651.82843018 -6.93434500
434 -651.82867432 -6.93434760
435 -651.82928467 -6.93435409
436 -651.82885742 -6.93434955
437 -651.82885742 -6.93434955
438 -651.82958984 -6.93435734
439 -651.82983398 -6.93435994
440 -651.82952881 -6.93435669
441 -651.82958984 -6.93435734
442 -651.82952881 -6.93435669
443 -651.82965088 -6.93435799
444 -651.82934570 -6.93435474
445 -651.82983398 -6.93435994
446 -651.83007812 -6.93436253
447 -651.83038330 -6.93436578
448 -651.83038330 -6.93436578
449 -651.83087158 -6.93437097
450 -651.83001709 -6.93436188
451 -651.83013916 -6.93436318
452 -651.83050537 -6.93436708
453 -651.83001709 -6.93436188
454 -651.83013916 -6.93436318
455 -651.83007812 -6.93436253
456 -651.83044434 -6.93436643
457 -651.83026123 -6.93436448
458 -651.83123779 -6.93437487
459 -651.83172607 -6.93438006
