0 -716.85693359 -6.89285513
1 -716.86291504 -6.89291264
2 -716.86669922 -6.89294903
3 -716.86773682 -6.89295901
4 -716.87078857 -6.89298835
5 -716.87219238 -6.89300185
6 -716.87365723 -6.89301593
7 -716.87548828 -6.89303354
8 -716.87585449 -6.89303706
9 -716.87701416 -6.89304821
10 -716.87780762 -6.89305584
11 -716.87872314 -6.89306465
12 -716.87829590 -6.89306054
13 -716.87878418 -6.89306523
14 -716.88012695 -6.89307814
15 -716.88067627 -6.89308343
16 -716.88177490 -6.89309399
17 -716.88177490 -6.89309399
18 -716.88226318 -6.89309868
19 -716.88262939 -6.89310221
20 -716.88323975 -6.89310807
21 -716.88354492 -6.89311101
22 -716.88397217 -6.89311512
23 -716.88476562 -6.89312275
24 -716.88378906 -6.89311336
25 -716.88452148 -6.89312040
26 -716.88476562 -6.89312275
27 -716.88519287 -6.89312685
28 -716.88513184 -6.89312627
29 -716.88604736 -6.89313507
30 -716.88629150 -6.89313742
31 -716.88665771 -6.89314094
32 -716.88763428 -6.89315033
33 -716.88781738 -6.89315209
34 -716.88769531 -6.89315092
35 -716.88848877 -6.89315855
36 -716.88848877 -6.89315855
37 -716.88897705 -6.89316324
38 -716.88861084 -6.89315972
39 -716.88867188 -6.89316031
40 -716.88836670 -6.89315737
41 -716.88903809 -6.89316383
42 -716.88946533 -6.89316794
43 -716.88995361 -6.89317263
44 -716.88958740 -6.89316911
45 -716.89038086 -6.89317674
46 -716.89160156 -6.89318848
47 -716.89147949 -6.89318730
48 -716.89129639 -6.89318554
49 -716.89306641 -6.89320256
50 -716.89324951 -6.89320432
51 -716.89361572 -6.89320784
52 -716.89434814 -6.89321489
53 -716.89428711 -6.89321430
54 -716.89495850 -6.89322075
55 -716.89495850 -6.89322075
56 -716.89581299 -6.89322897
57 -716.89599609 -6.89323073
58 -716.89599609 -6.89323073
59 -716.89508057 -6.89322193
60 -716.89624023 -6.89323308
61 -716.89697266 -6.89324012
62 -716.89678955 -6.89323836
63 -716.89715576 -6.89324188
64 -716.89770508 -6.89324716
65 -716.89721680 -6.89324247
66 -716.89843750 -6.89325421
67 -716.89758301 -6.89324599
68 -716.89868164 -6.89325655
69 -716.89752197 -6.89324540
70 -716.89770508 -6.89324716
71 -716.89837646 -6.89325362
72 -716.89837646 -6.89325362
73 -716.89953613 -6.89326477
74 -716.89941406 -6.89326360
75 -716.89971924 -6.89326653
76 -716.90063477 -6.89327533
77 -716.89916992 -6.89326125
78 -716.89935303 -6.89326301
79 -716.89923096 -6.89326184
80 -716.89984131 -6.89326770
81 -716.90130615 -6.89328179
82 -716.90185547 -6.89328707
83 -716.90106201 -6.89327944
84 -716.90106201 -6.89327944
85 -716.90106201 -6.89327944
86 -716.90130615 -6.89328179
87 -716.90191650 -6.89328766
88 -716.90173340 -6.89328590
89 -716.90258789 -6.89329411
90 -716.90185547 -6.89328707
91 -716.90191650 -6.89328766
92 -716.90234375 -6.89329177
93 -716.90228271 -6.89329118
94 -716.90228271 -6.89329118
95 -716.90313721 -6.89329940
96 -716.90289307 -6.89329705
97 -716.90319824 -6.89329998
98 -716.90246582 -6.89329294
99 -716.90332031 -6.89330116
100 -716.90307617 -6.89329881
101 -716.90399170 -6.89330761
102 -716.90405273 -6.89330820
103 -716.90429688 -6.89331055
104 -716.90582275 -6.89332522
105 -716.90637207 -6.89333050
106 -716.90588379 -6.89332581
107 -716.90600586 -6.89332698
108 -716.90594482 -6.89332639
109 -716.90527344 -6.89331994
110 -716.90631104 -6.89332991
111 -716.90679932 -6.89333461
112 -716.90655518 -6.89333226
113 -716.90679932 -6.89333461
114 -716.90820312 -6.89334811
115 -716.90856934 -6.89335163
116 -716.90863037 -6.89335222
117 -716.90924072 -6.89335808
118 -716.90765381 -6.89334283
119 -716.90716553 -6.89333813
120 -716.90771484 -6.89334341
121 -716.90844727 -6.89335045
122 -716.90850830 -6.89335104
123 -716.90814209 -6.89334752
124 -716.90899658 -6.89335574
125 -716.90899658 -6.89335574
126 -716.90905762 -6.89335632
127 -716.90881348 -6.89335398
128 -716.90881348 -6.89335398
129 -716.90887451 -6.89335456
130 -716.91015625 -6.89336689
131 -716.91101074 -6.89337510
132 -716.91082764 -6.89337334
133 -716.91076660 -6.89337276
134 -716.91149902 -6.89337980
135 -716.91143799 -6.89337921
136 -716.91107178 -6.89337569
137 -716.90972900 -6.89336278
138 -716.91137695 -6.89337862
139 -716.91107178 -6.89337569
140 -716.91027832 -6.89336806
141 -716.91009521 -6.89336630
142 -716.91040039 -6.89336923
143 -716.91113281 -6.89337628
144 -716.91186523 -6.89338332
145 -716.91210938 -6.89338567
146 -716.91210938 -6.89338567
147 -716.91162109 -6.89338097
148 -716.91278076 -6.89339212
149 -716.91235352 -6.89338801
150 -716.91235352 -6.89338801
151 -716.91217041 -6.89338625
152 -716.91271973 -6.89339154
153 -716.91259766 -6.89339036
154 -716.91198730 -6.89338449
155 -716.91217041 -6.89338625
156 -716.91223145 -6.89338684
157 -716.91210938 -6.89338567
158 -716.91143799 -6.89337921
159 -716.91198730 -6.89338449
160 -716.91278076 -6.89339212
161 -716.91198730 -6.89338449
162 -716.91223145 -6.89338684
163 -716.91198730 -6.89338449
164 -716.91265869 -6.89339095
165 -716.91308594 -6.89339506
166 -716.91430664 -6.89340679
167 -716.91381836 -6.89340210
168 -716.91418457 -6.89340562
169 -716.91394043 -6.89340327
170 -716.91406250 -6.89340445
171 -716.91418457 -6.89340562
172 -716.91381836 -6.89340210
173 -716.91357422 -6.89339975
174 -716.91424561 -6.89340621
175 -716.91351318 -6.89339917
176 -716.91406250 -6.89340445
177 -716.91473389 -6.89341090
178 -716.91479492 -6.89341149
179 -716.91455078 -6.89340914
180 -716.91455078 -6.89340914
181 -716.91534424 -6.89341677
182 -716.91418457 -6.89340562
183 -716.91412354 -6.89340503
184 -716.91485596 -6.89341208
185 -716.91448975 -6.89340856
186 -716.91497803 -6.89341325
187 -716.91497803 -6.89341325
188 -716.91540527 -6.89341736
189 -716.91558838 -6.89341912
190 -716.91613770 -6.89342440
191 -716.91632080 -6.89342616
192 -716.91589355 -6.89342205
193 -716.91632080 -6.89342616
194 -716.91625977 -6.89342557
195 -716.91705322 -6.89343320
196 -716.91693115 -6.89343203
197 -716.91705322 -6.89343320
198 -716.91699219 -6.89343262
199 -716.91778564 -6.89344025
200 -716.91888428 -6.89345081
201 -716.91894531 -6.89345140
202 -716.92041016 -6.89346548
203 -716.92004395 -6.89346196
204 -716.91973877 -6.89345903
205 -716.91998291 -6.89346137
206 -716.91979980 -6.89345961
207 -716.91979980 -6.89345961
208 -716.91998291 -6.89346137
209 -716.91979980 -6.89345961
210 -716.92065430 -6.89346783
211 -716.92028809 -6.89346431
212 -716.91882324 -6.89345022
213 -716.92004395 -6.89346196
214 -716.92132568 -6.89347429
215 -716.91949463 -6.89345668
216 -716.91992188 -6.89346079
217 -716.92022705 -6.89346372
218 -716.92065430 -6.89346783
219 -716.92150879 -6.89347605
220 -716.92181396 -6.89347898
221 -716.92187500 -6.89347957
222 -716.92150879 -6.89347605
223 -716.92266846 -6.89348720
224 -716.92230225 -6.89348368
225 -716.92266846 -6.89348720
226 -716.92297363 -6.89349013
227 -716.92266846 -6.89348720
228 -716.92303467 -6.89349072
229 -716.92352295 -6.89349541
230 -716.92370605 -6.89349717
231 -716.92413330 -6.89350128
232 -716.92395020 -6.89349952
233 -716.92382812 -6.89349835
234 -716.92431641 -6.89350304
235 -716.92474365 -6.89350715
236 -716.92413330 -6.89350128
237 -716.92492676 -6.89350891
238 -716.92419434 -6.89350187
239 -716.92510986 -6.89351067
240 -716.92449951 -6.89350480
241 -716.92492676 -6.89350891
242 -716.92529297 -6.89351243
243 -716.92510986 -6.89351067
244 -716.92492676 -6.89350891
245 -716.92590332 -6.89351830
246 -716.92535400 -6.89351302
247 -716.92510986 -6.89351067
248 -716.92486572 -6.89350832
249 -716.92517090 -6.89351126
250 -716.92504883 -6.89351008
251 -716.92547607 -6.89351419
252 -716.92504883 -6.89351008
253 -716.92449951 -6.89350480
254 -716.92517090 -6.89351126
255 -716.92529297 -6.89351243
256 -716.92547607 -6.89351419
257 -716.92541504 -6.89351361
258 -716.92565918 -6.89351595
259 -716.92553711 -6.89351478
260 -716.92529297 -6.89351243
261 -716.92498779 -6.89350950
262 -716.92492676 -6.89350891
263 -716.92517090 -6.89351126
264 -716.92437744 -6.89350363
265 -716.92462158 -6.89350598
266 -716.92504883 -6.89351008
267 -716.92486572 -6.89350832
268 -716.92340088 -6.89349424
269 -716.92382812 -6.89349835
270 -716.92443848 -6.89350422
271 -716.92462158 -6.89350598
272 -716.92431641 -6.89350304
273 -716.92407227 -6.89350069
274 -716.92407227 -6.89350069
275 -716.92523193 -6.89351185
276 -716.92553711 -6.89351478
277 -716.92547607 -6.89351419
278 -716.92468262 -6.89350656
279 -716.92462158 -6.89350598
280 -716.92547607 -6.89351419
281 -716.92572021 -6.89351654
282 -716.92602539 -6.89351947
283 -716.92602539 -6.89351947
284 -716.92590332 -6.89351830
285 -716.92480469 -6.89350774
286 -716.92468262 -6.89350656
287 -716.92474365 -6.89350715
288 -716.92437744 -6.89350363
289 -716.92590332 -6.89351830
290 -716.92480469 -6.89350774
291 -716.92504883 -6.89351008
292 -716.92614746 -6.89352065
293 -716.92608643 -6.89352006
294 -716.92565918 -6.89351595
295 -716.92584229 -6.89351771
296 -716.92517090 -6.89351126
297 -716.92657471 -6.89352476
298 -716.92529297 -6.89351243
299 -716.92541504 -6.89351361
300 -716.92565918 -6.89351595
301 -716.92553711 -6.89351478
302 -716.92602539 -6.89351947
303 -716.92565918 -6.89351595
304 -716.92590332 -6.89351830
305 -716.92633057 -6.89352241
306 -716.92687988 -6.89352769
307 -716.92681885 -6.89352710
308 -716.92626953 -6.89352182
309 -716.92718506 -6.89353063
310 -716.92822266 -6.89354060
311 -716.92871094 -6.89354530
312 -716.92852783 -6.89354354
313 -716.92889404 -6.89354706
314 -716.92944336 -6.89355234
315 -716.92913818 -6.89354941
316 -716.92980957 -6.89355586
317 -716.92980957 -6.89355586
318 -716.93072510 -6.89356466
319 -716.93066406 -6.89356408
320 -716.93066406 -6.89356408
321 -716.93060303 -6.89356349
322 -716.93139648 -6.89357112
323 -716.93206787 -6.89357758
324 -716.93212891 -6.89357816
325 -716.93243408 -6.89358110
326 -716.93237305 -6.89358051
327 -716.93310547 -6.89358755
328 -716.93310547 -6.89358755
329 -716.93286133 -6.89358521
330 -716.93383789 -6.89359460
331 -716.93420410 -6.89359812
332 -716.93426514 -6.89359870
333 -716.93402100 -6.89359636
334 -716.93408203 -6.89359694
335 -716.93371582 -6.89359342
336 -716.93457031 -6.89360164
337 -716.93432617 -6.89359929
338 -716.93420410 -6.89359812
339 -716.93603516 -6.89361572
340 -716.93554688 -6.89361103
341 -716.93597412 -6.89361514
342 -716.93420410 -6.89359812
343 -716.93505859 -6.89360633
344 -716.93499756 -6.89360575
345 -716.93518066 -6.89360751
346 -716.93469238 -6.89360281
347 -716.93518066 -6.89360751
348 -716.93524170 -6.89360809
349 -716.93530273 -6.89360868
350 -716.93493652 -6.89360516
351 -716.93469238 -6.89360281
352 -716.93530273 -6.89360868
353 -716.93518066 -6.89360751
354 -716.93603516 -6.89361572
355 -716.93676758 -6.89362277
356 -716.93603516 -6.89361572
357 -716.93603516 -6.89361572
358 -716.93713379 -6.89362629
359 -716.93768311 -6.89363157
360 -716.93762207 -6.89363098
361 -716.93811035 -6.89363568
362 -716.93847656 -6.89363920
363 -716.93890381 -6.89364331
364 -716.93920898 -6.89364624
365 -716.93957520 -6.89364976
366 -716.93945312 -6.89364859
367 -716.93878174 -6.89364213
368 -716.93914795 -6.89364565
369 -716.93994141 -6.89365328
370 -716.94042969 -6.89365798
371 -716.94067383 -6.89366033
372 -716.94250488 -6.89367793
373 -716.94195557 -6.89367265
374 -716.94189453 -6.89367206
375 -716.94195557 -6.89367265
376 -716.94152832 -6.89366854
377 -716.94177246 -6.89367089
378 -716.94244385 -6.89367734
379 -716.94201660 -6.89367324
380 -716.94299316 -6.89368263
381 -716.94189453 -6.89367206
382 -716.94213867 -6.89367441
383 -716.94274902 -6.89368028
384 -716.94329834 -6.89368556
385 -716.94470215 -6.89369906
386 -716.94445801 -6.89369671
387 -716.94415283 -6.89369378
388 -716.94439697 -6.89369612
389 -716.94445801 -6.89369671
390 -716.94433594 -6.89369554
391 -716.94433594 -6.89369554
392 -716.94366455 -6.89368908
393 -716.94567871 -6.89370845
394 -716.94519043 -6.89370375
395 -716.94506836 -6.89370258
396 -716.94458008 -6.89369789
397 -716.94506836 -6.89370258
398 -716.94470215 -6.89369906
399 -716.94506836 -6.89370258
400 -716.94567871 -6.89370845
401 -716.94671631 -6.89371843
402 -716.94506836 -6.89370258
403 -716.94616699 -6.89371314
404 -716.94616699 -6.89371314
405 -716.94598389 -6.89371138
406 -716.94531250 -6.89370493
407 -716.94622803 -6.89371373
408 -716.94519043 -6.89370375
409 -716.94567871 -6.89370845
410 -716.94604492 -6.89371197
411 -716.94677734 -6.89371901
412 -716.94744873 -6.89372547
413 -716.94726562 -6.89372371
414 -716.94726562 -6.89372371
415 -716.94769287 -6.89372782
416 -716.94610596 -6.89371256
417 -716.94641113 -6.89371549
418 -716.94726562 -6.89372371
419 -716.94671631 -6.89371843
420 -716.94726562 -6.89372371
421 -716.94781494 -6.89372899
422 -716.94708252 -6.89372195
423 -716.94677734 -6.89371901
424 -716.94714355 -6.89372253
425 -716.94683838 -6.89371960
426 -716.94604492 -6.89371197
427 -716.94598389 -6.89371138
428 -716.94812012 -6.89373192
429 -716.94750977 -6.89372606
430 -716.94763184 -6.89372723
431 -716.94854736 -6.89373603
432 -716.94873047 -6.89373779
433 -716.94830322 -6.89373368
434 -716.94836426 -6.89373427
435 -716.94897461 -6.89374014
436 -716.94927979 -6.89374307
437 -716.94897461 -6.89374014
438 -716.94860840 -6.89373662
439 -716.94854736 -6.89373603
440 -716.94970703 -6.89374718
441 -716.95031738 -6.89375305
442 -716.95019531 -6.89375188
443 -716.95056152 -6.89375540
444 -716.95013428 -6.89375129
445 -716.95092773 -6.89375892
446 -716.95068359 -6.89375657
447 -716.95031738 -6.89375305
448 -716.94940186 -6.89374425
449 -716.95098877 -6.89375951
450 -716.94982910 -6.89374836
451 -716.95037842 -6.89375364
452 -716.95135498 -6.89376303
453 -716.95220947 -6.89377124
454 -716.95129395 -6.89376244
455 -716.95214844 -6.89377066
456 -716.95098877 -6.89375951
457 -716.95227051 -6.89377183
458 -716.95312500 -6.89378005
459 -716.95312500 -6.89378005
460 -716.95257568 -6.89377477
461 -716.95257568 -6.89377477
462 -716.95251465 -6.89377418
463 -716.95336914 -6.89378240
464 -716.95263672 -6.89377535
465 -716.95324707 -6.89378122
466 -716.95288086 -6.89377770
467 -716.95379639 -6.89378650
468 -716.95373535 -6.89378592
469 -716.95300293 -6.89377887
470 -716.95214844 -6.89377066
471 -716.95245361 -6.89377359
472 -716.95208740 -6.89377007
473 -716.95410156 -6.89378944
474 -716.95288086 -6.89377770
475 -716.95153809 -6.89376479
476 -716.95233154 -6.89377242
477 -716.95190430 -6.89376831
478 -716.95239258 -6.89377301
479 -716.95220947 -6.89377124
480 -716.95147705 -6.89376420
481 -716.95202637 -6.89376948
482 -716.95117188 -6.89376127
483 -716.95257568 -6.89377477
484 -716.95190430 -6.89376831
485 -716.95275879 -6.89377653
486 -716.95251465 -6.89377418
487 -716.95184326 -6.89376772
488 -716.95202637 -6.89376948
489 -716.95227051 -6.89377183
490 -716.95251465 -6.89377418
491 -716.95190430 -6.89376831
492 -716.95111084 -6.89376068
493 -716.95275879 -6.89377653
494 -716.95300293 -6.89377887
495 -716.95367432 -6.89378533
496 -716.95324707 -6.89378122
497 -716.95306396 -6.89377946
498 -716.95288086 -6.89377770
499 -716.95245361 -6.89377359
500 -716.95202637 -6.89376948
501 -716.95288086 -6.89377770
502 -716.95275879 -6.89377653
503 -716.95294189 -6.89377829
504 -716.95312500 -6.89378005
505 -716.95294189 -6.89377829
506 -716.95214844 -6.89377066
507 -716.95220947 -6.89377124
508 -716.95300293 -6.89377887
509 -716.95300293 -6.89377887
510 -716.95251465 -6.89377418
511 -716.95251465 -6.89377418
512 -716.95300293 -6.89377887
513 -716.95336914 -6.89378240
514 -716.95397949 -6.89378826
515 -716.95446777 -6.89379296
516 -716.95385742 -6.89378709
517 -716.95434570 -6.89379179
518 -716.95458984 -6.89379413
519 -716.95422363 -6.89379061
520 -716.95434570 -6.89379179
521 -716.95556641 -6.89380352
522 -716.95483398 -6.89379648
523 -716.95501709 -6.89379824
524 -716.95489502 -6.89379707
525 -716.95532227 -6.89380118
526 -716.95581055 -6.89380587
527 -716.95495605 -6.89379765
528 -716.95373535 -6.89378592
529 -716.95574951 -6.89380528
530 -716.95532227 -6.89380118
531 -716.95581055 -6.89380587
532 -716.95593262 -6.89380704
533 -716.95623779 -6.89380998
534 -716.95544434 -6.89380235
535 -716.95581055 -6.89380587
536 -716.95605469 -6.89380822
537 -716.95684814 -6.89381585
538 -716.95581055 -6.89380587
539 -716.95648193 -6.89381233
540 -716.95739746 -6.89382113
541 -716.95733643 -6.89382054
542 -716.95800781 -6.89382700
543 -716.95861816 -6.89383287
544 -716.95892334 -6.89383580
545 -716.96008301 -6.89384695
546 -716.95935059 -6.89383991
547 -716.96002197 -6.89384637
548 -716.96044922 -6.89385047
549 -716.96148682 -6.89386045
550 -716.96118164 -6.89385752
551 -716.96173096 -6.89386280
552 -716.96142578 -6.89385986
553 -716.96203613 -6.89386573
554 -716.96276855 -6.89387277
555 -716.96295166 -6.89387454
556 -716.96295166 -6.89387454
557 -716.96307373 -6.89387571
558 -716.96240234 -6.89386925
559 -716.96295166 -6.89387454
560 -716.96423340 -6.89388686
561 -716.96356201 -6.89388040
562 -716.96435547 -6.89388803
563 -716.96423340 -6.89388686
564 -716.96435547 -6.89388803
565 -716.96533203 -6.89389742
566 -716.96606445 -6.89390447
567 -716.96630859 -6.89390681
568 -716.96496582 -6.89389390
569 -716.96636963 -6.89390740
570 -716.96612549 -6.89390505
571 -716.96636963 -6.89390740
572 -716.96697998 -6.89391327
573 -716.96655273 -6.89390916
574 -716.96728516 -6.89391620
575 -716.96813965 -6.89392442
576 -716.96832275 -6.89392618
577 -716.96826172 -6.89392559
578 -716.96911621 -6.89393381
579 -716.97027588 -6.89394496
580 -716.97009277 -6.89394320
581 -716.96972656 -6.89393968
582 -716.97094727 -6.89395142
583 -716.97125244 -6.89395435
584 -716.97119141 -6.89395376
585 -716.97064209 -6.89394848
586 -716.97131348 -6.89395494
587 -716.97125244 -6.89395435
588 -716.97174072 -6.89395905
589 -716.97155762 -6.89395728
590 -716.97009277 -6.89394320
591 -716.97094727 -6.89395142
592 -716.97070312 -6.89394907
593 -716.97229004 -6.89396433
594 -716.97259521 -6.89396726
595 -716.97204590 -6.89396198
596 -716.97271729 -6.89396844
597 -716.97338867 -6.89397489
598 -716.97314453 -6.89397254
599 -716.97283936 -6.89396961
600 -716.97314453 -6.89397254
601 -716.97314453 -6.89397254
602 -716.97387695 -6.89397959
603 -716.97302246 -6.89397137
604 -716.97265625 -6.89396785
605 -716.97369385 -6.89397783
606 -716.97387695 -6.89397959
607 -716.97406006 -6.89398135
608 -716.97399902 -6.89398076
609 -716.97448730 -6.89398545
610 -716.97497559 -6.89399015
611 -716.97631836 -6.89400306
612 -716.97601318 -6.89400013
613 -716.97619629 -6.89400189
614 -716.97668457 -6.89400658
615 -716.97546387 -6.89399484
616 -716.97613525 -6.89400130
617 -716.97570801 -6.89399719
618 -716.97546387 -6.89399484
619 -716.97576904 -6.89399778
620 -716.97479248 -6.89398839
621 -716.97558594 -6.89399602
622 -716.97570801 -6.89399719
623 -716.97558594 -6.89399602
624 -716.97570801 -6.89399719
625 -716.97497559 -6.89399015
626 -716.97521973 -6.89399250
627 -716.97546387 -6.89399484
628 -716.97595215 -6.89399954
629 -716.97576904 -6.89399778
630 -716.97534180 -6.89399367
631 -716.97485352 -6.89398898
632 -716.97564697 -6.89399661
633 -716.97583008 -6.89399837
634 -716.97576904 -6.89399778
635 -716.97644043 -6.89400423
636 -716.97662354 -6.89400600
637 -716.97723389 -6.89401186
638 -716.97747803 -6.89401421
639 -716.97814941 -6.89402067
640 -716.97729492 -6.89401245
641 -716.97753906 -6.89401480
642 -716.97692871 -6.89400893
643 -716.97711182 -6.89401069
644 -716.97802734 -6.89401949
645 -716.97723389 -6.89401186
646 -716.97778320 -6.89401715
647 -716.97772217 -6.89401656
648 -716.97808838 -6.89402008
649 -716.97863770 -6.89402536
650 -716.97839355 -6.89402301
651 -716.97821045 -6.89402125
652 -716.97802734 -6.89401949
653 -716.97857666 -6.89402478
654 -716.97900391 -6.89402888
655 -716.97924805 -6.89403123
656 -716.97955322 -6.89403417
657 -716.97894287 -6.89402830
658 -716.97973633 -6.89403593
659 -716.97882080 -6.89402712
660 -716.97833252 -6.89402243
661 -716.97912598 -6.89403006
662 -716.97924805 -6.89403123
663 -716.97882080 -6.89402712
664 -716.97973633 -6.89403593
665 -716.97869873 -6.89402595
666 -716.97943115 -6.89403299
667 -716.97906494 -6.89402947
668 -716.97937012 -6.89403240
669 -716.98022461 -6.89404062
670 -716.97985840 -6.89403710
