0 -734.17321777 -7.19777664
1 -734.24780273 -7.19850787
2 -734.31152344 -7.19913258
3 -734.36682129 -7.19967472
4 -734.41424561 -7.20013966
5 -734.46142578 -7.20060221
6 -734.50402832 -7.20101989
7 -734.54089355 -7.20138131
8 -734.57592773 -7.20172478
9 -734.60705566 -7.20202996
10 -734.63452148 -7.20229923
11 -734.65930176 -7.20254217
12 -734.68359375 -7.20278033
13 -734.70568848 -7.20299695
14 -734.72595215 -7.20319561
15 -734.74383545 -7.20337094
16 -734.76251221 -7.20355404
17 -734.77697754 -7.20369586
18 -734.79394531 -7.20386221
19 -734.80859375 -7.20400582
20 -734.82318115 -7.20414883
21 -734.83721924 -7.20428646
22 -734.85070801 -7.20441871
23 -734.86077881 -7.20451744
24 -734.87414551 -7.20464849
25 -734.88623047 -7.20476697
26 -734.89636230 -7.20486630
27 -734.90698242 -7.20497042
28 -734.91699219 -7.20506855
29 -734.92803955 -7.20517686
30 -734.93847656 -7.20527918
31 -734.94897461 -7.20538210
32 -734.95904541 -7.20548084
33 -734.96850586 -7.20557359
34 -734.97729492 -7.20565975
35 -734.98706055 -7.20575550
36 -734.99548340 -7.20583807
37 -735.00390625 -7.20592065
38 -735.01129150 -7.20599305
39 -735.01977539 -7.20607623
40 -735.02697754 -7.20614684
41 -735.03430176 -7.20621864
42 -735.04113770 -7.20628566
43 -735.04833984 -7.20635627
44 -735.05645752 -7.20643586
45 -735.06262207 -7.20649629
46 -735.07025146 -7.20657109
47 -735.07702637 -7.20663751
48 -735.08276367 -7.20669376
49 -735.08984375 -7.20676317
50 -735.09515381 -7.20681523
51 -735.10180664 -7.20688046
52 -735.10754395 -7.20693671
53 -735.11303711 -7.20699056
54 -735.11907959 -7.20704980
55 -735.12402344 -7.20709827
56 -735.13000488 -7.20715691
57 -735.13464355 -7.20720239
58 -735.14099121 -7.20726462
59 -735.14733887 -7.20732685
60 -735.15142822 -7.20736694
61 -735.15649414 -7.20741661
62 -735.16094971 -7.20746029
63 -735.16540527 -7.20750397
64 -735.17022705 -7.20755125
65 -735.17541504 -7.20760211
66 -735.18035889 -7.20765058
67 -735.18395996 -7.20768588
68 -735.18957520 -7.20774093
69 -735.19384766 -7.20778282
70 -735.19812012 -7.20782471
71 -735.20104980 -7.20785343
72 -735.20800781 -7.20792165
73 -735.21118164 -7.20795276
74 -735.21545410 -7.20799465
75 -735.21936035 -7.20803294
76 -735.22290039 -7.20806765
77 -735.22607422 -7.20809877
78 -735.22967529 -7.20813407
79 -735.23352051 -7.20817177
80 -735.23803711 -7.20821605
81 -735.24108887 -7.20824597
82 -735.24444580 -7.20827888
83 -735.24816895 -7.20831538
84 -735.25238037 -7.20835667
85 -735.25708008 -7.20840275
86 -735.25988770 -7.20843027
87 -735.26269531 -7.20845780
88 -735.26708984 -7.20850088
89 -735.27026367 -7.20853200
90 -735.27331543 -7.20856192
91 -735.27685547 -7.20859662
92 -735.28009033 -7.20862834
93 -735.28332520 -7.20866005
94 -735.28698730 -7.20869595
95 -735.29016113 -7.20872707
96 -735.29370117 -7.20876178
97 -735.29614258 -7.20878571
98 -735.29870605 -7.20881084
99 -735.30139160 -7.20883717
100 -735.30444336 -7.20886709
101 -735.30639648 -7.20888624
102 -735.31024170 -7.20892394
103 -735.31323242 -7.20895326
104 -735.31610107 -7.20898138
105 -735.31848145 -7.20900472
106 -735.32128906 -7.20903225
107 -735.32214355 -7.20904062
108 -735.32470703 -7.20906576
109 -735.32775879 -7.20909567
110 -735.33068848 -7.20912440
111 -735.33276367 -7.20914474
112 -735.33514404 -7.20916808
113 -735.33874512 -7.20920338
114 -735.34088135 -7.20922433
115 -735.34423828 -7.20925724
116 -735.34692383 -7.20928357
117 -735.34973145 -7.20931109
118 -735.35107422 -7.20932426
119 -735.35308838 -7.20934400
120 -735.35504150 -7.20936315
121 -735.35717773 -7.20938410
122 -735.35961914 -7.20940803
123 -735.36157227 -7.20942718
124 -735.36315918 -7.20944274
125 -735.36523438 -7.20946308
126 -735.36755371 -7.20948582
127 -735.36816406 -7.20949180
128 -735.37164307 -7.20952591
129 -735.37292480 -7.20953848
130 -735.37554932 -7.20956421
131 -735.37719727 -7.20958037
132 -735.37835693 -7.20959173
133 -735.38061523 -7.20961387
134 -735.38330078 -7.20964020
135 -735.38452148 -7.20965217
136 -735.38665771 -7.20967311
137 -735.38916016 -7.20969765
138 -735.39019775 -7.20970782
139 -735.39184570 -7.20972398
140 -735.39398193 -7.20974492
141 -735.39562988 -7.20976108
142 -735.39739990 -7.20977843
143 -735.39892578 -7.20979339
144 -735.40136719 -7.20981733
145 -735.40246582 -7.20982810
146 -735.40545654 -7.20985742
147 -735.40710449 -7.20987357
148 -735.40863037 -7.20988853
149 -735.41033936 -7.20990529
150 -735.41235352 -7.20992503
151 -735.41339111 -7.20993521
152 -735.41613770 -7.20996213
153 -735.41687012 -7.20996931
154 -735.41796875 -7.20998009
155 -735.41931152 -7.20999325
156 -735.42126465 -7.21001240
157 -735.42254639 -7.21002496
158 -735.42443848 -7.21004351
159 -735.42578125 -7.21005668
160 -735.42712402 -7.21006984
161 -735.42858887 -7.21008420
162 -735.43090820 -7.21010694
163 -735.43157959 -7.21011353
164 -735.43347168 -7.21013208
165 -735.43438721 -7.21014105
166 -735.43554688 -7.21015242
167 -735.43750000 -7.21017157
168 -735.43859863 -7.21018234
169 -735.43908691 -7.21018713
170 -735.44128418 -7.21020867
171 -735.44177246 -7.21021346
172 -735.44366455 -7.21023201
173 -735.44458008 -7.21024098
174 -735.44604492 -7.21025534
175 -735.44763184 -7.21027090
176 -735.44873047 -7.21028167
177 -735.45025635 -7.21029663
178 -735.45104980 -7.21030441
179 -735.45263672 -7.21031997
180 -735.45361328 -7.21032954
181 -735.45568848 -7.21034989
182 -735.45666504 -7.21035946
183 -735.45751953 -7.21036784
184 -735.45886230 -7.21038100
185 -735.46044922 -7.21039656
186 -735.46264648 -7.21041810
187 -735.46313477 -7.21042289
188 -735.46466064 -7.21043785
189 -735.46630859 -7.21045401
190 -735.46813965 -7.21047196
191 -735.46875000 -7.21047794
192 -735.47003174 -7.21049051
193 -735.47143555 -7.21050427
194 -735.47326660 -7.21052222
195 -735.47344971 -7.21052402
196 -735.47509766 -7.21054017
197 -735.47595215 -7.21054855
198 -735.47692871 -7.21055812
199 -735.47808838 -7.21056949
200 -735.48010254 -7.21058924
201 -735.48150635 -7.21060300
202 -735.48144531 -7.21060241
203 -735.48187256 -7.21060659
204 -735.48345947 -7.21062215
205 -735.48577881 -7.21064489
206 -735.48657227 -7.21065267
207 -735.48724365 -7.21065925
208 -735.48883057 -7.21067481
209 -735.48950195 -7.21068139
210 -735.49011230 -7.21068738
211 -735.49310303 -7.21071670
212 -735.49395752 -7.21072507
213 -735.49578857 -7.21074303
214 -735.49633789 -7.21074841
215 -735.49761963 -7.21076098
216 -735.49859619 -7.21077055
217 -735.49951172 -7.21077953
218 -735.50061035 -7.21079030
219 -735.50189209 -7.21080286
220 -735.50170898 -7.21080107
221 -735.50317383 -7.21081543
222 -735.50354004 -7.21081902
223 -735.50494385 -7.21083278
224 -735.50695801 -7.21085253
225 -735.50781250 -7.21086091
226 -735.50793457 -7.21086210
227 -735.50842285 -7.21086689
228 -735.50817871 -7.21086450
229 -735.50817871 -7.21086450
230 -735.51013184 -7.21088365
231 -735.51068115 -7.21088903
232 -735.51110840 -7.21089322
233 -735.51196289 -7.21090160
234 -735.51416016 -7.21092314
235 -735.51416016 -7.21092314
236 -735.51586914 -7.21093989
237 -735.51721191 -7.21095306
238 -735.51721191 -7.21095306
239 -735.51647949 -7.21094588
240 -735.51843262 -7.21096503
241 -735.51989746 -7.21097939
242 -735.52062988 -7.21098657
243 -735.52124023 -7.21099255
244 -735.52221680 -7.21100213
245 -735.52343750 -7.21101409
246 -735.52490234 -7.21102845
247 -735.52532959 -7.21103264
248 -735.52526855 -7.21103204
249 -735.52746582 -7.21105359
250 -735.52807617 -7.21105957
251 -735.52795410 -7.21105837
252 -735.52947998 -7.21107333
253 -735.53021240 -7.21108051
254 -735.53063965 -7.21108470
255 -735.53070068 -7.21108530
256 -735.53173828 -7.21109547
257 -735.53314209 -7.21110924
258 -735.53479004 -7.21112539
259 -735.53564453 -7.21113377
260 -735.53637695 -7.21114095
261 -735.53710938 -7.21114813
262 -735.53723145 -7.21114933
263 -735.53826904 -7.21115950
264 -735.53869629 -7.21116369
265 -735.54003906 -7.21117685
266 -735.54101562 -7.21118643
267 -735.54144287 -7.21119062
268 -735.54199219 -7.21119600
269 -735.54187012 -7.21119481
270 -735.54321289 -7.21120797
271 -735.54388428 -7.21121455
272 -735.54504395 -7.21122592
273 -735.54541016 -7.21122951
274 -735.54602051 -7.21123550
275 -735.54705811 -7.21124567
276 -735.54705811 -7.21124567
277 -735.54809570 -7.21125584
278 -735.54919434 -7.21126661
279 -735.54913330 -7.21126601
280 -735.55059814 -7.21128037
281 -735.55126953 -7.21128696
282 -735.55114746 -7.21128576
283 -735.55181885 -7.21129234
284 -735.55334473 -7.21130730
285 -735.55340576 -7.21130790
286 -735.55456543 -7.21131927
287 -735.55456543 -7.21131927
288 -735.55682373 -7.21134141
289 -735.55651855 -7.21133842
290 -735.55798340 -7.21135278
291 -735.55804443 -7.21135338
292 -735.55755615 -7.21134859
293 -735.55895996 -7.21136235
294 -735.55981445 -7.21137073
295 -735.55963135 -7.21136893
296 -735.55999756 -7.21137253
297 -735.56079102 -7.21138030
298 -735.56079102 -7.21138030
299 -735.56097412 -7.21138210
300 -735.56329346 -7.21140484
301 -735.56347656 -7.21140663
302 -735.56433105 -7.21141501
303 -735.56524658 -7.21142399
304 -735.56512451 -7.21142279
305 -735.56726074 -7.21144373
306 -735.56762695 -7.21144732
307 -735.56872559 -7.21145809
308 -735.56915283 -7.21146228
309 -735.57067871 -7.21147724
310 -735.57104492 -7.21148083
311 -735.57122803 -7.21148263
312 -735.57305908 -7.21150058
313 -735.57287598 -7.21149878
314 -735.57312012 -7.21150118
315 -735.57385254 -7.21150836
316 -735.57513428 -7.21152092
317 -735.57598877 -7.21152930
318 -735.57629395 -7.21153229
319 -735.57629395 -7.21153229
320 -735.57684326 -7.21153768
321 -735.57727051 -7.21154187
322 -735.57800293 -7.21154905
323 -735.57849121 -7.21155384
324 -735.57910156 -7.21155982
325 -735.58044434 -7.21157298
326 -735.58032227 -7.21157179
327 -735.58056641 -7.21157418
328 -735.58099365 -7.21157837
329 -735.58331299 -7.21160111
330 -735.58398438 -7.21160769
331 -735.58386230 -7.21160649
332 -735.58459473 -7.21161367
333 -735.58465576 -7.21161427
334 -735.58618164 -7.21162923
335 -735.58605957 -7.21162804
336 -735.58648682 -7.21163222
337 -735.58758545 -7.21164299
338 -735.58837891 -7.21165077
339 -735.58801270 -7.21164718
340 -735.58972168 -7.21166394
341 -735.58996582 -7.21166633
342 -735.59069824 -7.21167351
343 -735.59094238 -7.21167591
344 -735.59088135 -7.21167531
345 -735.59191895 -7.21168548
346 -735.59289551 -7.21169505
347 -735.59320068 -7.21169805
348 -735.59350586 -7.21170104
349 -735.59399414 -7.21170582
350 -735.59484863 -7.21171420
351 -735.59442139 -7.21171001
352 -735.59436035 -7.21170942
353 -735.59680176 -7.21173335
354 -735.59729004 -7.21173814
355 -735.59735107 -7.21173874
356 -735.59765625 -7.21174173
357 -735.59924316 -7.21175729
358 -735.59948730 -7.21175968
359 -735.59930420 -7.21175788
360 -735.59942627 -7.21175908
361 -735.60058594 -7.21177045
362 -735.60241699 -7.21178840
363 -735.60217285 -7.21178601
364 -735.60247803 -7.21178900
365 -735.60278320 -7.21179199
366 -735.60363770 -7.21180037
367 -735.60400391 -7.21180396
368 -735.60443115 -7.21180815
369 -735.60510254 -7.21181473
370 -735.60583496 -7.21182191
371 -735.60595703 -7.21182311
372 -735.60650635 -7.21182849
373 -735.60681152 -7.21183149
374 -735.60742188 -7.21183747
375 -735.60760498 -7.21183926
376 -735.60742188 -7.21183747
377 -735.60717773 -7.21183508
378 -735.60821533 -7.21184525
379 -735.60900879 -7.21185303
380 -735.60992432 -7.21186200
381 -735.61035156 -7.21186619
382 -735.61096191 -7.21187218
383 -735.61108398 -7.21187337
384 -735.61151123 -7.21187756
385 -735.61230469 -7.21188534
386 -735.61291504 -7.21189132
387 -735.61309814 -7.21189312
388 -735.61358643 -7.21189791
389 -735.61376953 -7.21189970
390 -735.61425781 -7.21190449
391 -735.61541748 -7.21191586
392 -735.61669922 -7.21192842
393 -735.61694336 -7.21193082
394 -735.61730957 -7.21193441
395 -735.61791992 -7.21194039
396 -735.61877441 -7.21194877
397 -735.61828613 -7.21194398
398 -735.62072754 -7.21196792
399 -735.61914062 -7.21195236
400 -735.61993408 -7.21196014
401 -735.62078857 -7.21196852
402 -735.62145996 -7.21197510
403 -735.62072754 -7.21196792
404 -735.62243652 -7.21198467
405 -735.62152100 -7.21197570
406 -735.62304688 -7.21199066
407 -735.62286377 -7.21198886
408 -735.62322998 -7.21199245
409 -735.62292480 -7.21198946
410 -735.62402344 -7.21200023
411 -735.62487793 -7.21200861
412 -735.62445068 -7.21200442
413 -735.62530518 -7.21201280
414 -735.62524414 -7.21201220
415 -735.62640381 -7.21202357
416 -735.62646484 -7.21202417
417 -735.62683105 -7.21202776
418 -735.62756348 -7.21203494
419 -735.62780762 -7.21203733
420 -735.62860107 -7.21204511
421 -735.62976074 -7.21205648
422 -735.62988281 -7.21205767
423 -735.63012695 -7.21206007
424 -735.63128662 -7.21207144
425 -735.63220215 -7.21208041
426 -735.63171387 -7.21207563
427 -735.63201904 -7.21207862
428 -735.63177490 -7.21207622
429 -735.63305664 -7.21208879
430 -735.63366699 -7.21209477
431 -735.63311768 -7.21208939
432 -735.63507080 -7.21210854
433 -735.63342285 -7.21209238
434 -735.63464355 -7.21210435
435 -735.63543701 -7.21211213
436 -735.63494873 -7.21210734
437 -735.63629150 -7.21212050
438 -735.63647461 -7.21212230
439 -735.63677979 -7.21212529
440 -735.63702393 -7.21212769
441 -735.63867188 -7.21214384
442 -735.63903809 -7.21214743
443 -735.63952637 -7.21215222
444 -735.63940430 -7.21215102
445 -735.63977051 -7.21215461
446 -735.63989258 -7.21215581
447 -735.64105225 -7.21216718
448 -735.64160156 -7.21217256
449 -735.64111328 -7.21216778
450 -735.64147949 -7.21217137
451 -735.64208984 -7.21217735
452 -735.64221191 -7.21217855
453 -735.64294434 -7.21218573
454 -735.64331055 -7.21218932
455 -735.64178467 -7.21217436
456 -735.64270020 -7.21218334
457 -735.64453125 -7.21220129
458 -735.64392090 -7.21219530
459 -735.64495850 -7.21220548
460 -735.64422607 -7.21219829
461 -735.64501953 -7.21220607
462 -735.64611816 -7.21221684
463 -735.64648438 -7.21222044
464 -735.64739990 -7.21222941
465 -735.64715576 -7.21222702
466 -735.64721680 -7.21222762
467 -735.64788818 -7.21223420
468 -735.64807129 -7.21223599
469 -735.64898682 -7.21224497
470 -735.64929199 -7.21224796
471 -735.64904785 -7.21224557
472 -735.64978027 -7.21225275
473 -735.64929199 -7.21224796
474 -735.65039062 -7.21225873
475 -735.65063477 -7.21226113
476 -735.65124512 -7.21226711
477 -735.65179443 -7.21227249
478 -735.65258789 -7.21228027
479 -735.65264893 -7.21228087
480 -735.65283203 -7.21228267
481 -735.65301514 -7.21228446
482 -735.65344238 -7.21228865
483 -735.65350342 -7.21228925
484 -735.65380859 -7.21229224
485 -735.65509033 -7.21230481
486 -735.65551758 -7.21230900
487 -735.65600586 -7.21231378
488 -735.65539551 -7.21230780
489 -735.65667725 -7.21232037
490 -735.65612793 -7.21231498
491 -735.65661621 -7.21231977
492 -735.65698242 -7.21232336
493 -735.65783691 -7.21233173
494 -735.65734863 -7.21232695
495 -735.65722656 -7.21232575
496 -735.65722656 -7.21232575
497 -735.65881348 -7.21234131
498 -735.65820312 -7.21233532
499 -735.65875244 -7.21234071
500 -735.65905762 -7.21234370
501 -735.65979004 -7.21235088
502 -735.65991211 -7.21235208
503 -735.66052246 -7.21235806
504 -735.66088867 -7.21236165
505 -735.66064453 -7.21235926
506 -735.66186523 -7.21237123
507 -735.66229248 -7.21237542
508 -735.66308594 -7.21238320
509 -735.66375732 -7.21238978
510 -735.66369629 -7.21238918
511 -735.66430664 -7.21239516
512 -735.66436768 -7.21239576
513 -735.66485596 -7.21240055
514 -735.66528320 -7.21240474
515 -735.66510010 -7.21240294
516 -735.66583252 -7.21241012
517 -735.66674805 -7.21241910
518 -735.66674805 -7.21241910
519 -735.66735840 -7.21242508
520 -735.66778564 -7.21242927
521 -735.66662598 -7.21241790
522 -735.66674805 -7.21241910
523 -735.66729736 -7.21242448
524 -735.66784668 -7.21242987
525 -735.66870117 -7.21243825
526 -735.66918945 -7.21244303
527 -735.66870117 -7.21243825
528 -735.66979980 -7.21244902
529 -735.66979980 -7.21244902
530 -735.66967773 -7.21244782
531 -735.67089844 -7.21245979
532 -735.67150879 -7.21246577
533 -735.67126465 -7.21246338
534 -735.67193604 -7.21246996
535 -735.67248535 -7.21247535
536 -735.67199707 -7.21247056
537 -735.67272949 -7.21247774
538 -735.67260742 -7.21247654
539 -735.67193604 -7.21246996
540 -735.67303467 -7.21248073
541 -735.67340088 -7.21248432
542 -735.67492676 -7.21249928
543 -735.67407227 -7.21249090
544 -735.67474365 -7.21249749
545 -735.67407227 -7.21249090
546 -735.67529297 -7.21250287
547 -735.67541504 -7.21250407
548 -735.67565918 -7.21250646
549 -735.67590332 -7.21250886
550 -735.67614746 -7.21251125
551 -735.67614746 -7.21251125
552 -735.67687988 -7.21251843
553 -735.67639160 -7.21251364
554 -735.67694092 -7.21251903
555 -735.67761230 -7.21252561
556 -735.67755127 -7.21252501
557 -735.67883301 -7.21253758
558 -735.67803955 -7.21252980
559 -735.67810059 -7.21253040
560 -735.67864990 -7.21253578
561 -735.68005371 -7.21254955
562 -735.67987061 -7.21254775
563 -735.67993164 -7.21254835
564 -735.68029785 -7.21255194
565 -735.68127441 -7.21256151
566 -735.68035889 -7.21255254
567 -735.68127441 -7.21256151
568 -735.68182373 -7.21256690
569 -735.68127441 -7.21256151
570 -735.68231201 -7.21257169
571 -735.68188477 -7.21256750
572 -735.68328857 -7.21258126
573 -735.68322754 -7.21258066
574 -735.68365479 -7.21258485
575 -735.68395996 -7.21258784
576 -735.68353271 -7.21258365
577 -735.68444824 -7.21259263
578 -735.68463135 -7.21259442
579 -735.68493652 -7.21259742
580 -735.68444824 -7.21259263
581 -735.68432617 -7.21259143
582 -735.68475342 -7.21259562
583 -735.68518066 -7.21259981
584 -735.68554688 -7.21260340
585 -735.68627930 -7.21261058
586 -735.68743896 -7.21262195
587 -735.68725586 -7.21262016
588 -735.68682861 -7.21261597
589 -735.68750000 -7.21262255
590 -735.68713379 -7.21261896
591 -735.68786621 -7.21262614
592 -735.68792725 -7.21262674
593 -735.68835449 -7.21263093
594 -735.68927002 -7.21263990
595 -735.68933105 -7.21264050
596 -735.68841553 -7.21263152
597 -735.68847656 -7.21263212
598 -735.68853760 -7.21263272
599 -735.68933105 -7.21264050
600 -735.68933105 -7.21264050
601 -735.69018555 -7.21264888
602 -735.69030762 -7.21265007
603 -735.69042969 -7.21265127
604 -735.69042969 -7.21265127
605 -735.69030762 -7.21265007
606 -735.69079590 -7.21265486
607 -735.69067383 -7.21265366
608 -735.69128418 -7.21265965
609 -735.69189453 -7.21266563
610 -735.69213867 -7.21266803
611 -735.69262695 -7.21267281
612 -735.69232178 -7.21266982
613 -735.69348145 -7.21268119
614 -735.69360352 -7.21268239
615 -735.69323730 -7.21267880
616 -735.69366455 -7.21268299
617 -735.69396973 -7.21268598
618 -735.69348145 -7.21268119
619 -735.69433594 -7.21268957
620 -735.69433594 -7.21268957
621 -735.69494629 -7.21269555
622 -735.69470215 -7.21269316
623 -735.69458008 -7.21269196
624 -735.69567871 -7.21270273
625 -735.69628906 -7.21270872
626 -735.69714355 -7.21271709
627 -735.69665527 -7.21271231
628 -735.69671631 -7.21271290
629 -735.69726562 -7.21271829
630 -735.69854736 -7.21273086
631 -735.69812012 -7.21272667
632 -735.69891357 -7.21273445
633 -735.69909668 -7.21273624
634 -735.69854736 -7.21273086
635 -735.69897461 -7.21273505
636 -735.69909668 -7.21273624
637 -735.69970703 -7.21274223
638 -735.70007324 -7.21274582
639 -735.69982910 -7.21274342
640 -735.70031738 -7.21274821
641 -735.70019531 -7.21274701
642 -735.70050049 -7.21275000
643 -735.70043945 -7.21274941
644 -735.70166016 -7.21276137
645 -735.70092773 -7.21275419
646 -735.70104980 -7.21275539
647 -735.70141602 -7.21275898
648 -735.70159912 -7.21276078
649 -735.70214844 -7.21276616
650 -735.70227051 -7.21276736
651 -735.70227051 -7.21276736
652 -735.70245361 -7.21276915
653 -735.70324707 -7.21277693
654 -735.70324707 -7.21277693
655 -735.70349121 -7.21277933
656 -735.70300293 -7.21277454
657 -735.70202637 -7.21276496
658 -735.70251465 -7.21276975
659 -735.70275879 -7.21277214
660 -735.70257568 -7.21277035
661 -735.70324707 -7.21277693
662 -735.70379639 -7.21278232
663 -735.70434570 -7.21278770
664 -735.70452881 -7.21278950
665 -735.70471191 -7.21279129
666 -735.70520020 -7.21279608
667 -735.70556641 -7.21279967
668 -735.70605469 -7.21280446
669 -735.70629883 -7.21280685
670 -735.70635986 -7.21280745
671 -735.70654297 -7.21280924
672 -735.70678711 -7.21281164
673 -735.70690918 -7.21281284
674 -735.70751953 -7.21281882
675 -735.70715332 -7.21281523
676 -735.70690918 -7.21281284
677 -735.70825195 -7.21282600
678 -735.70788574 -7.21282241
679 -735.70825195 -7.21282600
680 -735.70898438 -7.21283318
681 -735.70837402 -7.21282720
682 -735.70886230 -7.21283198
683 -735.70861816 -7.21282959
684 -735.70928955 -7.21283617
685 -735.70971680 -7.21284036
686 -735.70996094 -7.21284275
687 -735.71093750 -7.21285233
688 -735.71044922 -7.21284754
689 -735.71020508 -7.21284515
690 -735.71069336 -7.21284993
691 -735.70947266 -7.21283797
692 -735.71063232 -7.21284934
693 -735.71069336 -7.21284993
694 -735.71081543 -7.21285113
695 -735.71069336 -7.21284993
696 -735.71008301 -7.21284395
697 -735.71130371 -7.21285592
698 -735.71240234 -7.21286669
699 -735.71215820 -7.21286430
700 -735.71112061 -7.21285412
701 -735.71166992 -7.21285951
702 -735.71203613 -7.21286310
703 -735.71228027 -7.21286549
704 -735.71179199 -7.21286071
705 -735.71264648 -7.21286908
706 -735.71179199 -7.21286071
707 -735.71228027 -7.21286549
708 -735.71240234 -7.21286669
709 -735.71228027 -7.21286549
710 -735.71234131 -7.21286609
711 -735.71276855 -7.21287028
712 -735.71405029 -7.21288285
713 -735.71374512 -7.21287985
714 -735.71362305 -7.21287866
715 -735.71423340 -7.21288464
716 -735.71441650 -7.21288644
717 -735.71459961 -7.21288823
718 -735.71496582 -7.21289182
719 -735.71508789 -7.21289302
720 -735.71490479 -7.21289122
721 -735.71496582 -7.21289182
722 -735.71466064 -7.21288883
723 -735.71582031 -7.21290020
724 -735.71612549 -7.21290319
725 -735.71618652 -7.21290379
726 -735.71673584 -7.21290917
727 -735.71630859 -7.21290499
728 -735.71600342 -7.21290199
729 -735.71569824 -7.21289900
730 -735.71582031 -7.21290020
731 -735.71630859 -7.21290499
732 -735.71661377 -7.21290798
733 -735.71740723 -7.21291576
734 -735.71801758 -7.21292174
735 -735.71801758 -7.21292174
736 -735.71838379 -7.21292533
737 -735.71875000 -7.21292892
738 -735.71899414 -7.21293132
739 -735.71875000 -7.21292892
740 -735.71862793 -7.21292772
741 -735.71899414 -7.21293132
742 -735.71887207 -7.21293012
743 -735.71972656 -7.21293850
744 -735.71972656 -7.21293850
745 -735.71997070 -7.21294089
746 -735.72021484 -7.21294328
747 -735.71984863 -7.21293969
748 -735.72052002 -7.21294627
749 -735.71997070 -7.21294089
750 -735.71978760 -7.21293909
751 -735.71984863 -7.21293969
752 -735.72033691 -7.21294448
753 -735.72106934 -7.21295166
754 -735.72082520 -7.21294927
755 -735.72131348 -7.21295405
756 -735.72064209 -7.21294747
757 -735.72082520 -7.21294927
758 -735.72039795 -7.21294508
759 -735.72155762 -7.21295645
760 -735.72192383 -7.21296004
761 -735.72204590 -7.21296123
762 -735.72174072 -7.21295824
763 -735.72229004 -7.21296363
764 -735.72186279 -7.21295944
765 -735.72216797 -7.21296243
766 -735.72161865 -7.21295705
767 -735.72290039 -7.21296961
768 -735.72308350 -7.21297141
769 -735.72363281 -7.21297679
770 -735.72314453 -7.21297201
771 -735.72314453 -7.21297201
772 -735.72399902 -7.21298038
773 -735.72387695 -7.21297919
774 -735.72412109 -7.21298158
775 -735.72399902 -7.21298038
776 -735.72351074 -7.21297560
777 -735.72412109 -7.21298158
778 -735.72308350 -7.21297141
779 -735.72338867 -7.21297440
780 -735.72375488 -7.21297799
781 -735.72424316 -7.21298278
782 -735.72473145 -7.21298756
783 -735.72448730 -7.21298517
784 -735.72381592 -7.21297859
785 -735.72546387 -7.21299474
786 -735.72473145 -7.21298756
787 -735.72558594 -7.21299594
788 -735.72521973 -7.21299235
789 -735.72521973 -7.21299235
790 -735.72552490 -7.21299534
791 -735.72558594 -7.21299594
792 -735.72650146 -7.21300492
793 -735.72631836 -7.21300312
794 -735.72497559 -7.21298996
795 -735.72521973 -7.21299235
796 -735.72637939 -7.21300372
797 -735.72631836 -7.21300312
798 -735.72583008 -7.21299833
799 -735.72668457 -7.21300671
800 -735.72650146 -7.21300492
801 -735.72729492 -7.21301270
802 -735.72607422 -7.21300073
803 -735.72692871 -7.21300911
804 -735.72644043 -7.21300432
805 -735.72729492 -7.21301270
806 -735.72753906 -7.21301509
807 -735.72656250 -7.21300551
808 -735.72705078 -7.21301030
809 -735.72778320 -7.21301748
810 -735.72833252 -7.21302287
811 -735.72778320 -7.21301748
812 -735.72796631 -7.21301928
813 -735.72863770 -7.21302586
814 -735.72808838 -7.21302047
815 -735.72875977 -7.21302706
816 -735.72955322 -7.21303484
817 -735.72900391 -7.21302945
818 -735.72967529 -7.21303603
819 -735.72912598 -7.21303065
820 -735.72943115 -7.21303364
821 -735.73034668 -7.21304261
822 -735.72961426 -7.21303543
823 -735.72973633 -7.21303663
824 -735.73059082 -7.21304501
825 -735.72985840 -7.21303783
826 -735.73059082 -7.21304501
827 -735.72961426 -7.21303543
828 -735.73065186 -7.21304561
829 -735.73144531 -7.21305339
830 -735.73114014 -7.21305039
831 -735.73156738 -7.21305458
832 -735.73168945 -7.21305578
833 -735.73254395 -7.21306416
834 -735.73229980 -7.21306176
835 -735.73242188 -7.21306296
836 -735.73297119 -7.21306835
837 -735.73327637 -7.21307134
838 -735.73236084 -7.21306236
839 -735.73315430 -7.21307014
840 -735.73254395 -7.21306416
841 -735.73376465 -7.21307612
842 -735.73394775 -7.21307792
843 -735.73413086 -7.21307971
844 -735.73370361 -7.21307553
845 -735.73437500 -7.21308211
846 -735.73364258 -7.21307493
847 -735.73400879 -7.21307852
848 -735.73345947 -7.21307313
849 -735.73461914 -7.21308450
850 -735.73474121 -7.21308570
851 -735.73437500 -7.21308211
852 -735.73443604 -7.21308271
853 -735.73449707 -7.21308330
854 -735.73559570 -7.21309408
855 -735.73669434 -7.21310485
856 -735.73608398 -7.21309886
857 -735.73608398 -7.21309886
858 -735.73620605 -7.21310006
859 -735.73742676 -7.21311203
860 -735.73748779 -7.21311263
861 -735.73693848 -7.21310724
862 -735.73669434 -7.21310485
863 -735.73724365 -7.21311023
864 -735.73730469 -7.21311083
865 -735.73791504 -7.21311681
866 -735.73785400 -7.21311622
867 -735.73773193 -7.21311502
868 -735.73773193 -7.21311502
869 -735.73742676 -7.21311203
870 -735.73742676 -7.21311203
871 -735.73718262 -7.21310963
872 -735.73754883 -7.21311322
873 -735.73791504 -7.21311681
874 -735.73852539 -7.21312280
875 -735.73864746 -7.21312399
876 -735.73852539 -7.21312280
877 -735.73925781 -7.21312998
878 -735.73889160 -7.21312639
879 -735.73944092 -7.21313177
880 -735.73907471 -7.21312818
881 -735.73901367 -7.21312759
882 -735.73901367 -7.21312759
883 -735.73925781 -7.21312998
884 -735.73968506 -7.21313417
885 -735.73937988 -7.21313118
886 -735.74023438 -7.21313955
887 -735.74035645 -7.21314075
888 -735.74023438 -7.21313955
889 -735.74023438 -7.21313955
890 -735.74133301 -7.21315032
891 -735.74121094 -7.21314913
892 -735.74053955 -7.21314254
893 -735.74108887 -7.21314793
894 -735.74182129 -7.21315511
895 -735.74145508 -7.21315152
896 -735.74218750 -7.21315870
897 -735.74230957 -7.21315990
898 -735.74291992 -7.21316588
899 -735.74224854 -7.21315930
900 -735.74285889 -7.21316528
901 -735.74267578 -7.21316349
902 -735.74291992 -7.21316588
903 -735.74298096 -7.21316648
904 -735.74346924 -7.21317127
905 -735.74291992 -7.21316588
906 -735.74389648 -7.21317546
907 -735.74365234 -7.21317306
908 -735.74346924 -7.21317127
909 -735.74353027 -7.21317187
910 -735.74450684 -7.21318144
911 -735.74389648 -7.21317546
912 -735.74450684 -7.21318144
913 -735.74389648 -7.21317546
914 -735.74475098 -7.21318383
915 -735.74462891 -7.21318264
916 -735.74542236 -7.21319042
917 -735.74499512 -7.21318623
918 -735.74511719 -7.21318742
919 -735.74438477 -7.21318024
920 -735.74542236 -7.21319042
921 -735.74450684 -7.21318144
922 -735.74523926 -7.21318862
923 -735.74487305 -7.21318503
924 -735.74530029 -7.21318922
925 -735.74584961 -7.21319460
926 -735.74548340 -7.21319101
927 -735.74603271 -7.21319640
928 -735.74615479 -7.21319760
929 -735.74645996 -7.21320059
930 -735.74633789 -7.21319939
931 -735.74530029 -7.21318922
932 -735.74591064 -7.21319520
933 -735.74548340 -7.21319101
934 -735.74694824 -7.21320537
935 -735.74676514 -7.21320358
936 -735.74707031 -7.21320657
937 -735.74731445 -7.21320897
938 -735.74694824 -7.21320537
939 -735.74694824 -7.21320537
940 -735.74761963 -7.21321196
941 -735.74829102 -7.21321854
942 -735.74841309 -7.21321974
943 -735.74822998 -7.21321794
944 -735.74859619 -7.21322153
945 -735.74792480 -7.21321495
946 -735.74780273 -7.21321375
947 -735.74865723 -7.21322213
948 -735.74902344 -7.21322572
949 -735.74853516 -7.21322093
950 -735.74914551 -7.21322692
951 -735.74957275 -7.21323111
952 -735.74877930 -7.21322333
953 -735.74938965 -7.21322931
954 -735.74963379 -7.21323170
955 -735.74890137 -7.21322452
956 -735.74981689 -7.21323350
957 -735.75012207 -7.21323649
958 -735.75061035 -7.21324128
959 -735.74975586 -7.21323290
960 -735.75024414 -7.21323769
961 -735.75012207 -7.21323649
962 -735.75000000 -7.21323529
963 -735.75079346 -7.21324307
964 -735.75115967 -7.21324666
965 -735.75073242 -7.21324247
966 -735.75036621 -7.21323888
967 -735.75048828 -7.21324008
968 -735.75036621 -7.21323888
969 -735.75061035 -7.21324128
970 -735.75036621 -7.21323888
971 -735.75134277 -7.21324846
972 -735.75085449 -7.21324367
973 -735.75158691 -7.21325085
974 -735.75170898 -7.21325205
975 -735.75219727 -7.21325684
976 -735.75146484 -7.21324966
977 -735.75122070 -7.21324726
978 -735.75146484 -7.21324966
979 -735.75201416 -7.21325504
980 -735.75195312 -7.21325444
981 -735.75231934 -7.21325803
982 -735.75183105 -7.21325325
983 -735.75097656 -7.21324487
984 -735.75207520 -7.21325564
985 -735.75170898 -7.21325205
986 -735.75170898 -7.21325205
987 -735.75140381 -7.21324906
988 -735.75213623 -7.21325624
989 -735.75280762 -7.21326282
990 -735.75268555 -7.21326162
991 -735.75244141 -7.21325923
992 -735.75274658 -7.21326222
993 -735.75341797 -7.21326880
994 -735.75402832 -7.21327479
995 -735.75354004 -7.21327000
996 -735.75366211 -7.21327120
997 -735.75341797 -7.21326880
998 -735.75292969 -7.21326402
999 -735.75347900 -7.21326940
