0 -582.59106445 -6.06865692
1 -582.62689209 -6.06903013
2 -582.65063477 -6.06927745
3 -582.66821289 -6.06946055
4 -582.68273926 -6.06961187
5 -582.69415283 -6.06973076
6 -582.70361328 -6.06982931
7 -582.71252441 -6.06992213
8 -582.72009277 -6.07000097
9 -582.72790527 -6.07008235
10 -582.73394775 -6.07014529
11 -582.73986816 -6.07020696
12 -582.74597168 -6.07027054
13 -582.75030518 -6.07031568
14 -582.75567627 -6.07037163
15 -582.75958252 -6.07041232
16 -582.76428223 -6.07046127
17 -582.76782227 -6.07049815
18 -582.77197266 -6.07054138
19 -582.77490234 -6.07057190
20 -582.77844238 -6.07060877
21 -582.78222656 -6.07064819
22 -582.78527832 -6.07067998
23 -582.78826904 -6.07071114
24 -582.79089355 -6.07073847
25 -582.79400635 -6.07077090
26 -582.79675293 -6.07079951
27 -582.79943848 -6.07082748
28 -582.80187988 -6.07085292
29 -582.80383301 -6.07087326
30 -582.80664062 -6.07090251
31 -582.80865479 -6.07092349
32 -582.81030273 -6.07094065
33 -582.81304932 -6.07096926
34 -582.81445312 -6.07098389
35 -582.81713867 -6.07101186
36 -582.81799316 -6.07102076
37 -582.82067871 -6.07104874
38 -582.82226562 -6.07106527
39 -582.82421875 -6.07108561
40 -582.82617188 -6.07110596
41 -582.82794189 -6.07112439
42 -582.83001709 -6.07114601
43 -582.83160400 -6.07116254
44 -582.83300781 -6.07117716
45 -582.83483887 -6.07119624
46 -582.83618164 -6.07121023
47 -582.83831787 -6.07123248
48 -582.83959961 -6.07124583
49 -582.84069824 -6.07125727
50 -582.84204102 -6.07127126
51 -582.84362793 -6.07128779
52 -582.84490967 -6.07130114
53 -582.84661865 -6.07131894
54 -582.84832764 -6.07133675
55 -582.84985352 -6.07135264
56 -582.85089111 -6.07136345
57 -582.85186768 -6.07137362
58 -582.85388184 -6.07139460
