0 -442.88629150 -7.14332728
1 -442.88970947 -7.14338241
2 -442.89257812 -7.14342868
3 -442.89410400 -7.14345329
4 -442.89532471 -7.14347298
5 -442.89636230 -7.14348971
6 -442.89733887 -7.14350547
7 -442.89819336 -7.14351925
8 -442.89831543 -7.14352122
9 -442.89947510 -7.14353992
10 -442.89978027 -7.14354484
11 -442.90039062 -7.14355469
12 -442.90069580 -7.14355961
13 -442.90093994 -7.14356355
14 -442.90130615 -7.14356945
15 -442.90118408 -7.14356749
16 -442.90136719 -7.14357044
17 -442.90142822 -7.14357142
18 -442.90124512 -7.14356847
19 -442.90179443 -7.14357733
20 -442.90228271 -7.14358521
21 -442.90222168 -7.14358422
22 -442.90246582 -7.14358816
23 -442.90234375 -7.14358619
24 -442.90252686 -7.14358914
25 -442.90252686 -7.14358914
26 -442.90270996 -7.14359210
27 -442.90222168 -7.14358422
28 -442.90301514 -7.14359702
29 -442.90325928 -7.14360096
30 -442.90368652 -7.14360785
31 -442.90344238 -7.14360391
32 -442.90374756 -7.14360883
33 -442.90399170 -7.14361277
34 -442.90429688 -7.14361769
35 -442.90454102 -7.14362163
36 -442.90405273 -7.14361375
37 -442.90423584 -7.14361671
38 -442.90484619 -7.14362655
39 -442.90478516 -7.14362557
40 -442.90460205 -7.14362261
41 -442.90454102 -7.14362163
42 -442.90478516 -7.14362557
43 -442.90509033 -7.14363049
44 -442.90551758 -7.14363738
45 -442.90563965 -7.14363935
46 -442.90533447 -7.14363443
47 -442.90606689 -7.14364624
48 -442.90631104 -7.14365018
49 -442.90594482 -7.14364427
50 -442.90655518 -7.14365412
51 -442.90692139 -7.14366002
52 -442.90686035 -7.14365904
53 -442.90728760 -7.14366593
54 -442.90661621 -7.14365510
55 -442.90747070 -7.14366888
56 -442.90734863 -7.14366691
57 -442.90765381 -7.14367184
58 -442.90771484 -7.14367282
59 -442.90789795 -7.14367577
60 -442.90759277 -7.14367085
61 -442.90838623 -7.14368365
62 -442.90814209 -7.14367971
63 -442.90826416 -7.14368168
64 -442.90814209 -7.14367971
65 -442.90802002 -7.14367774
66 -442.90789795 -7.14367577
67 -442.90814209 -7.14367971
68 -442.90869141 -7.14368857
69 -442.90850830 -7.14368562
70 -442.90881348 -7.14369054
71 -442.90881348 -7.14369054
72 -442.90917969 -7.14369645
73 -442.90856934 -7.14368660
74 -442.90991211 -7.14370826
75 -442.90936279 -7.14369940
76 -442.90954590 -7.14370235
77 -442.90972900 -7.14370531
78 -442.90979004 -7.14370629
79 -442.90985107 -7.14370728
80 -442.91009521 -7.14371121
81 -442.91033936 -7.14371515
82 -442.91033936 -7.14371515
83 -442.90972900 -7.14370531
84 -442.91070557 -7.14372106
85 -442.91082764 -7.14372303
86 -442.91143799 -7.14373287
87 -442.91070557 -7.14372106
88 -442.91125488 -7.14372992
89 -442.91229248 -7.14374665
90 -442.91162109 -7.14373582
91 -442.91223145 -7.14374567
92 -442.91247559 -7.14374961
93 -442.91186523 -7.14373976
94 -442.91235352 -7.14374764
95 -442.91162109 -7.14373582
96 -442.91235352 -7.14374764
97 -442.91204834 -7.14374272
98 -442.91223145 -7.14374567
99 -442.91265869 -7.14375256
100 -442.91247559 -7.14374961
101 -442.91198730 -7.14374173
102 -442.91241455 -7.14374862
103 -442.91229248 -7.14374665
104 -442.91290283 -7.14375650
105 -442.91259766 -7.14375158
106 -442.91308594 -7.14375945
107 -442.91381836 -7.14377126
108 -442.91320801 -7.14376142
109 -442.91235352 -7.14374764
110 -442.91259766 -7.14375158
111 -442.91265869 -7.14375256
112 -442.91278076 -7.14375453
113 -442.91284180 -7.14375551
114 -442.91284180 -7.14375551
115 -442.91333008 -7.14376339
116 -442.91284180 -7.14375551
117 -442.91326904 -7.14376240
118 -442.91265869 -7.14375256
119 -442.91314697 -7.14376044
120 -442.91320801 -7.14376142
121 -442.91333008 -7.14376339
122 -442.91302490 -7.14375847
123 -442.91271973 -7.14375354
124 -442.91345215 -7.14376536
125 -442.91271973 -7.14375354
126 -442.91247559 -7.14374961
127 -442.91351318 -7.14376634
128 -442.91375732 -7.14377028
129 -442.91345215 -7.14376536
130 -442.91296387 -7.14375748
131 -442.91351318 -7.14376634
132 -442.91320801 -7.14376142
133 -442.91351318 -7.14376634
134 -442.91363525 -7.14376831
135 -442.91369629 -7.14376929
136 -442.91320801 -7.14376142
137 -442.91326904 -7.14376240
138 -442.91387939 -7.14377225
139 -442.91479492 -7.14378701
140 -442.91400146 -7.14377422
141 -442.91418457 -7.14377717
142 -442.91357422 -7.14376733
143 -442.91436768 -7.14378012
144 -442.91400146 -7.14377422
145 -442.91497803 -7.14378997
146 -442.91564941 -7.14380080
147 -442.91619873 -7.14380966
148 -442.91601562 -7.14380670
149 -442.91558838 -7.14379981
150 -442.91522217 -7.14379391
151 -442.91522217 -7.14379391
152 -442.91552734 -7.14379883
153 -442.91632080 -7.14381163
154 -442.91564941 -7.14380080
155 -442.91595459 -7.14380572
156 -442.91680908 -7.14381950
157 -442.91644287 -7.14381359
158 -442.91644287 -7.14381359
159 -442.91632080 -7.14381163
160 -442.91668701 -7.14381753
161 -442.91650391 -7.14381458
162 -442.91638184 -7.14381261
163 -442.91638184 -7.14381261
164 -442.91650391 -7.14381458
165 -442.91656494 -7.14381556
166 -442.91693115 -7.14382147
167 -442.91693115 -7.14382147
168 -442.91680908 -7.14381950
169 -442.91668701 -7.14381753
170 -442.91735840 -7.14382836
171 -442.91711426 -7.14382442
172 -442.91680908 -7.14381950
173 -442.91729736 -7.14382738
174 -442.91723633 -7.14382639
175 -442.91741943 -7.14382935
176 -442.91754150 -7.14383131
177 -442.91796875 -7.14383821
178 -442.91723633 -7.14382639
179 -442.91851807 -7.14384707
180 -442.91876221 -7.14385100
181 -442.91900635 -7.14385494
182 -442.91845703 -7.14384608
183 -442.91870117 -7.14385002
184 -442.91870117 -7.14385002
185 -442.91845703 -7.14384608
186 -442.91864014 -7.14384903
187 -442.91845703 -7.14384608
188 -442.91796875 -7.14383821
189 -442.91815186 -7.14384116
190 -442.91827393 -7.14384313
191 -442.91821289 -7.14384214
192 -442.91894531 -7.14385396
193 -442.91912842 -7.14385691
194 -442.91949463 -7.14386282
195 -442.91925049 -7.14385888
196 -442.91925049 -7.14385888
197 -442.91949463 -7.14386282
198 -442.91986084 -7.14386872
199 -442.92010498 -7.14387266
200 -442.92004395 -7.14387168
201 -442.92016602 -7.14387365
202 -442.92010498 -7.14387266
203 -442.92034912 -7.14387660
204 -442.92059326 -7.14388054
205 -442.92004395 -7.14387168
206 -442.92047119 -7.14387857
207 -442.92034912 -7.14387660
208 -442.92095947 -7.14388644
209 -442.92102051 -7.14388743
210 -442.92126465 -7.14389137
211 -442.92102051 -7.14388743
212 -442.92077637 -7.14388349
213 -442.92095947 -7.14388644
214 -442.92065430 -7.14388152
215 -442.92108154 -7.14388841
216 -442.92089844 -7.14388546
217 -442.92071533 -7.14388251
218 -442.92114258 -7.14388940
219 -442.92126465 -7.14389137
220 -442.92102051 -7.14388743
221 -442.92150879 -7.14389530
222 -442.92181396 -7.14390023
223 -442.92211914 -7.14390515
224 -442.92224121 -7.14390712
225 -442.92169189 -7.14389826
226 -442.92132568 -7.14389235
227 -442.92144775 -7.14389432
228 -442.92144775 -7.14389432
229 -442.92150879 -7.14389530
230 -442.92114258 -7.14388940
231 -442.92218018 -7.14390613
232 -442.92193604 -7.14390219
233 -442.92236328 -7.14390909
234 -442.92242432 -7.14391007
235 -442.92199707 -7.14390318
236 -442.92218018 -7.14390613
237 -442.92272949 -7.14391499
238 -442.92205811 -7.14390416
239 -442.92205811 -7.14390416
240 -442.92297363 -7.14391893
241 -442.92260742 -7.14391302
242 -442.92272949 -7.14391499
243 -442.92327881 -7.14392385
244 -442.92333984 -7.14392484
245 -442.92248535 -7.14391105
246 -442.92321777 -7.14392287
247 -442.92327881 -7.14392385
248 -442.92315674 -7.14392188
249 -442.92242432 -7.14391007
250 -442.92291260 -7.14391795
251 -442.92254639 -7.14391204
252 -442.92254639 -7.14391204
253 -442.92303467 -7.14391991
254 -442.92321777 -7.14392287
255 -442.92297363 -7.14391893
256 -442.92279053 -7.14391598
257 -442.92309570 -7.14392090
258 -442.92327881 -7.14392385
259 -442.92321777 -7.14392287
260 -442.92395020 -7.14393468
261 -442.92388916 -7.14393370
262 -442.92327881 -7.14392385
263 -442.92352295 -7.14392779
264 -442.92376709 -7.14393173
265 -442.92352295 -7.14392779
266 -442.92388916 -7.14393370
267 -442.92376709 -7.14393173
268 -442.92376709 -7.14393173
269 -442.92395020 -7.14393468
270 -442.92333984 -7.14392484
271 -442.92382812 -7.14393271
272 -442.92327881 -7.14392385
273 -442.92370605 -7.14393074
274 -442.92370605 -7.14393074
275 -442.92425537 -7.14393960
276 -442.92419434 -7.14393862
277 -442.92486572 -7.14394945
278 -442.92462158 -7.14394551
279 -442.92498779 -7.14395142
280 -442.92456055 -7.14394452
281 -442.92364502 -7.14392976
282 -442.92419434 -7.14393862
283 -442.92419434 -7.14393862
284 -442.92474365 -7.14394748
285 -442.92419434 -7.14393862
286 -442.92480469 -7.14394846
287 -442.92510986 -7.14395338
288 -442.92523193 -7.14395535
289 -442.92510986 -7.14395338
290 -442.92486572 -7.14394945
291 -442.92480469 -7.14394846
292 -442.92462158 -7.14394551
293 -442.92565918 -7.14396224
294 -442.92596436 -7.14396717
295 -442.92614746 -7.14397012
296 -442.92694092 -7.14398292
297 -442.92736816 -7.14398981
298 -442.92706299 -7.14398489
299 -442.92712402 -7.14398587
300 -442.92687988 -7.14398193
301 -442.92639160 -7.14397406
302 -442.92535400 -7.14395732
303 -442.92596436 -7.14396717
304 -442.92584229 -7.14396520
305 -442.92645264 -7.14397504
306 -442.92663574 -7.14397800
307 -442.92669678 -7.14397898
308 -442.92700195 -7.14398390
309 -442.92718506 -7.14398686
310 -442.92669678 -7.14397898
311 -442.92718506 -7.14398686
312 -442.92718506 -7.14398686
313 -442.92742920 -7.14399079
314 -442.92712402 -7.14398587
315 -442.92742920 -7.14399079
316 -442.92694092 -7.14398292
317 -442.92700195 -7.14398390
318 -442.92742920 -7.14399079
319 -442.92730713 -7.14398882
320 -442.92767334 -7.14399473
321 -442.92730713 -7.14398882
322 -442.92749023 -7.14399178
323 -442.92730713 -7.14398882
324 -442.92700195 -7.14398390
325 -442.92736816 -7.14398981
326 -442.92718506 -7.14398686
327 -442.92724609 -7.14398784
328 -442.92755127 -7.14399276
329 -442.92700195 -7.14398390
330 -442.92724609 -7.14398784
331 -442.92681885 -7.14398095
332 -442.92724609 -7.14398784
333 -442.92779541 -7.14399670
334 -442.92730713 -7.14398882
335 -442.92736816 -7.14398981
336 -442.92767334 -7.14399473
337 -442.92767334 -7.14399473
338 -442.92742920 -7.14399079
339 -442.92749023 -7.14399178
340 -442.92755127 -7.14399276
341 -442.92822266 -7.14400359
342 -442.92852783 -7.14400851
343 -442.92803955 -7.14400064
344 -442.92840576 -7.14400654
345 -442.92797852 -7.14399965
346 -442.92785645 -7.14399768
347 -442.92895508 -7.14401540
348 -442.92846680 -7.14400753
349 -442.92877197 -7.14401245
350 -442.92852783 -7.14400851
351 -442.92907715 -7.14401737
352 -442.92864990 -7.14401048
353 -442.92907715 -7.14401737
354 -442.92932129 -7.14402131
355 -442.92926025 -7.14402033
356 -442.92883301 -7.14401344
357 -442.92901611 -7.14401639
358 -442.92950439 -7.14402426
359 -442.93005371 -7.14403312
360 -442.92987061 -7.14403017
361 -442.93017578 -7.14403509
362 -442.93023682 -7.14403608
363 -442.92980957 -7.14402919
364 -442.93017578 -7.14403509
365 -442.93017578 -7.14403509
366 -442.93035889 -7.14403805
367 -442.92999268 -7.14403214
368 -442.93048096 -7.14404002
369 -442.93023682 -7.14403608
370 -442.93066406 -7.14404297
371 -442.93084717 -7.14404592
372 -442.93041992 -7.14403903
373 -442.93072510 -7.14404395
374 -442.93060303 -7.14404198
375 -442.93060303 -7.14404198
376 -442.93029785 -7.14403706
377 -442.93096924 -7.14404789
378 -442.93164062 -7.14405872
379 -442.93139648 -7.14405478
380 -442.93066406 -7.14404297
381 -442.93115234 -7.14405084
382 -442.93115234 -7.14405084
383 -442.93084717 -7.14404592
384 -442.93090820 -7.14404691
385 -442.93109131 -7.14404986
386 -442.93127441 -7.14405281
387 -442.93164062 -7.14405872
388 -442.93188477 -7.14406266
389 -442.93225098 -7.14406856
390 -442.93200684 -7.14406463
391 -442.93109131 -7.14404986
392 -442.93170166 -7.14405970
393 -442.93133545 -7.14405380
394 -442.93176270 -7.14406069
395 -442.93103027 -7.14404888
396 -442.93194580 -7.14406364
397 -442.93182373 -7.14406167
398 -442.93188477 -7.14406266
399 -442.93206787 -7.14406561
400 -442.93255615 -7.14407349
401 -442.93249512 -7.14407250
402 -442.93273926 -7.14407644
403 -442.93218994 -7.14406758
404 -442.93249512 -7.14407250
405 -442.93261719 -7.14407447
406 -442.93298340 -7.14408038
407 -442.93365479 -7.14409121
408 -442.93328857 -7.14408530
409 -442.93341064 -7.14408727
410 -442.93389893 -7.14409514
411 -442.93365479 -7.14409121
412 -442.93347168 -7.14408825
413 -442.93328857 -7.14408530
414 -442.93420410 -7.14410007
415 -442.93432617 -7.14410204
416 -442.93420410 -7.14410007
417 -442.93438721 -7.14410302
418 -442.93518066 -7.14411582
419 -442.93524170 -7.14411680
420 -442.93475342 -7.14410893
421 -442.93481445 -7.14410991
422 -442.93487549 -7.14411089
423 -442.93505859 -7.14411385
424 -442.93518066 -7.14411582
425 -442.93554688 -7.14412172
426 -442.93554688 -7.14412172
427 -442.93548584 -7.14412074
428 -442.93609619 -7.14413058
429 -442.93591309 -7.14412763
430 -442.93566895 -7.14412369
431 -442.93518066 -7.14411582
432 -442.93566895 -7.14412369
433 -442.93505859 -7.14411385
434 -442.93487549 -7.14411089
435 -442.93572998 -7.14412468
436 -442.93615723 -7.14413157
437 -442.93615723 -7.14413157
438 -442.93585205 -7.14412665
439 -442.93621826 -7.14413255
440 -442.93609619 -7.14413058
441 -442.93658447 -7.14413846
442 -442.93609619 -7.14413058
443 -442.93670654 -7.14414043
444 -442.93664551 -7.14413944
445 -442.93676758 -7.14414141
446 -442.93707275 -7.14414633
447 -442.93658447 -7.14413846
448 -442.93664551 -7.14413944
449 -442.93676758 -7.14414141
450 -442.93756104 -7.14415421
451 -442.93762207 -7.14415519
452 -442.93725586 -7.14414929
453 -442.93792725 -7.14416012
454 -442.93768311 -7.14415618
455 -442.93756104 -7.14415421
456 -442.93811035 -7.14416307
457 -442.93762207 -7.14415519
458 -442.93713379 -7.14414732
459 -442.93750000 -7.14415323
460 -442.93756104 -7.14415421
461 -442.93682861 -7.14414240
462 -442.93676758 -7.14414141
463 -442.93688965 -7.14414338
464 -442.93634033 -7.14413452
465 -442.93670654 -7.14414043
466 -442.93701172 -7.14414535
467 -442.93658447 -7.14413846
468 -442.93713379 -7.14414732
469 -442.93756104 -7.14415421
470 -442.93750000 -7.14415323
471 -442.93737793 -7.14415126
472 -442.93731689 -7.14415027
473 -442.93768311 -7.14415618
474 -442.93762207 -7.14415519
475 -442.93725586 -7.14414929
476 -442.93713379 -7.14414732
477 -442.93707275 -7.14414633
478 -442.93731689 -7.14415027
479 -442.93768311 -7.14415618
480 -442.93762207 -7.14415519
481 -442.93768311 -7.14415618
482 -442.93713379 -7.14414732
483 -442.93695068 -7.14414437
484 -442.93646240 -7.14413649
485 -442.93688965 -7.14414338
486 -442.93725586 -7.14414929
487 -442.93658447 -7.14413846
488 -442.93676758 -7.14414141
489 -442.93609619 -7.14413058
490 -442.93688965 -7.14414338
491 -442.93658447 -7.14413846
492 -442.93646240 -7.14413649
493 -442.93670654 -7.14414043
494 -442.93646240 -7.14413649
495 -442.93609619 -7.14413058
496 -442.93585205 -7.14412665
497 -442.93585205 -7.14412665
498 -442.93572998 -7.14412468
499 -442.93603516 -7.14412960
500 -442.93609619 -7.14413058
501 -442.93652344 -7.14413747
502 -442.93591309 -7.14412763
503 -442.93597412 -7.14412861
504 -442.93621826 -7.14413255
505 -442.93640137 -7.14413551
506 -442.93640137 -7.14413551
507 -442.93634033 -7.14413452
508 -442.93536377 -7.14411877
509 -442.93566895 -7.14412369
510 -442.93621826 -7.14413255
511 -442.93585205 -7.14412665
512 -442.93621826 -7.14413255
513 -442.93609619 -7.14413058
514 -442.93572998 -7.14412468
515 -442.93646240 -7.14413649
516 -442.93591309 -7.14412763
517 -442.93652344 -7.14413747
518 -442.93682861 -7.14414240
519 -442.93658447 -7.14413846
520 -442.93658447 -7.14413846
521 -442.93640137 -7.14413551
522 -442.93682861 -7.14414240
523 -442.93640137 -7.14413551
524 -442.93597412 -7.14412861
525 -442.93591309 -7.14412763
526 -442.93597412 -7.14412861
527 -442.93560791 -7.14412271
528 -442.93566895 -7.14412369
529 -442.93597412 -7.14412861
530 -442.93627930 -7.14413354
531 -442.93597412 -7.14412861
532 -442.93579102 -7.14412566
533 -442.93646240 -7.14413649
534 -442.93585205 -7.14412665
535 -442.93652344 -7.14413747
536 -442.93652344 -7.14413747
537 -442.93664551 -7.14413944
538 -442.93658447 -7.14413846
539 -442.93701172 -7.14414535
540 -442.93725586 -7.14414929
541 -442.93750000 -7.14415323
542 -442.93731689 -7.14415027
543 -442.93756104 -7.14415421
544 -442.93756104 -7.14415421
545 -442.93652344 -7.14413747
546 -442.93627930 -7.14413354
547 -442.93701172 -7.14414535
548 -442.93707275 -7.14414633
549 -442.93743896 -7.14415224
550 -442.93725586 -7.14414929
551 -442.93731689 -7.14415027
552 -442.93737793 -7.14415126
553 -442.93725586 -7.14414929
554 -442.93750000 -7.14415323
555 -442.93750000 -7.14415323
556 -442.93756104 -7.14415421
557 -442.93670654 -7.14414043
558 -442.93774414 -7.14415716
559 -442.93725586 -7.14414929
560 -442.93713379 -7.14414732
561 -442.93676758 -7.14414141
562 -442.93664551 -7.14413944
563 -442.93609619 -7.14413058
564 -442.93664551 -7.14413944
565 -442.93670654 -7.14414043
566 -442.93676758 -7.14414141
567 -442.93670654 -7.14414043
568 -442.93603516 -7.14412960
569 -442.93646240 -7.14413649
570 -442.93609619 -7.14413058
571 -442.93652344 -7.14413747
572 -442.93615723 -7.14413157
573 -442.93640137 -7.14413551
574 -442.93585205 -7.14412665
575 -442.93646240 -7.14413649
576 -442.93554688 -7.14412172
577 -442.93579102 -7.14412566
578 -442.93658447 -7.14413846
579 -442.93688965 -7.14414338
580 -442.93676758 -7.14414141
581 -442.93640137 -7.14413551
582 -442.93652344 -7.14413747
583 -442.93646240 -7.14413649
584 -442.93664551 -7.14413944
585 -442.93615723 -7.14413157
586 -442.93634033 -7.14413452
587 -442.93658447 -7.14413846
588 -442.93627930 -7.14413354
589 -442.93664551 -7.14413944
590 -442.93688965 -7.14414338
591 -442.93676758 -7.14414141
592 -442.93682861 -7.14414240
593 -442.93725586 -7.14414929
594 -442.93707275 -7.14414633
595 -442.93719482 -7.14414830
596 -442.93786621 -7.14415913
597 -442.93786621 -7.14415913
598 -442.93811035 -7.14416307
599 -442.93737793 -7.14415126
600 -442.93756104 -7.14415421
601 -442.93737793 -7.14415126
602 -442.93756104 -7.14415421
603 -442.93719482 -7.14414830
604 -442.93762207 -7.14415519
605 -442.93798828 -7.14416110
606 -442.93872070 -7.14417291
607 -442.93829346 -7.14416602
608 -442.93853760 -7.14416996
609 -442.93798828 -7.14416110
610 -442.93804932 -7.14416209
611 -442.93798828 -7.14416110
612 -442.93792725 -7.14416012
613 -442.93792725 -7.14416012
614 -442.93780518 -7.14415815
615 -442.93768311 -7.14415618
616 -442.93731689 -7.14415027
617 -442.93774414 -7.14415716
618 -442.93719482 -7.14414830
619 -442.93682861 -7.14414240
620 -442.93682861 -7.14414240
621 -442.93676758 -7.14414141
622 -442.93658447 -7.14413846
623 -442.93609619 -7.14413058
624 -442.93658447 -7.14413846
625 -442.93682861 -7.14414240
626 -442.93731689 -7.14415027
627 -442.93676758 -7.14414141
628 -442.93627930 -7.14413354
629 -442.93554688 -7.14412172
630 -442.93566895 -7.14412369
631 -442.93597412 -7.14412861
632 -442.93554688 -7.14412172
633 -442.93518066 -7.14411582
634 -442.93609619 -7.14413058
635 -442.93597412 -7.14412861
636 -442.93536377 -7.14411877
637 -442.93548584 -7.14412074
638 -442.93621826 -7.14413255
639 -442.93658447 -7.14413846
640 -442.93603516 -7.14412960
641 -442.93640137 -7.14413551
642 -442.93621826 -7.14413255
643 -442.93597412 -7.14412861
644 -442.93627930 -7.14413354
645 -442.93664551 -7.14413944
646 -442.93591309 -7.14412763
647 -442.93670654 -7.14414043
648 -442.93627930 -7.14413354
649 -442.93560791 -7.14412271
650 -442.93572998 -7.14412468
651 -442.93548584 -7.14412074
652 -442.93615723 -7.14413157
653 -442.93609619 -7.14413058
654 -442.93646240 -7.14413649
655 -442.93609619 -7.14413058
656 -442.93597412 -7.14412861
657 -442.93542480 -7.14411975
658 -442.93603516 -7.14412960
659 -442.93615723 -7.14413157
660 -442.93646240 -7.14413649
661 -442.93615723 -7.14413157
662 -442.93658447 -7.14413846
663 -442.93560791 -7.14412271
664 -442.93634033 -7.14413452
665 -442.93591309 -7.14412763
666 -442.93615723 -7.14413157
667 -442.93658447 -7.14413846
668 -442.93579102 -7.14412566
669 -442.93597412 -7.14412861
670 -442.93652344 -7.14413747
671 -442.93682861 -7.14414240
672 -442.93701172 -7.14414535
673 -442.93719482 -7.14414830
674 -442.93737793 -7.14415126
675 -442.93786621 -7.14415913
676 -442.93762207 -7.14415519
677 -442.93701172 -7.14414535
678 -442.93762207 -7.14415519
679 -442.93695068 -7.14414437
680 -442.93737793 -7.14415126
681 -442.93737793 -7.14415126
682 -442.93701172 -7.14414535
683 -442.93640137 -7.14413551
684 -442.93743896 -7.14415224
685 -442.93701172 -7.14414535
686 -442.93664551 -7.14413944
687 -442.93652344 -7.14413747
688 -442.93652344 -7.14413747
689 -442.93750000 -7.14415323
690 -442.93768311 -7.14415618
691 -442.93780518 -7.14415815
692 -442.93695068 -7.14414437
693 -442.93609619 -7.14413058
694 -442.93743896 -7.14415224
695 -442.93762207 -7.14415519
696 -442.93762207 -7.14415519
697 -442.93817139 -7.14416405
698 -442.93798828 -7.14416110
699 -442.93835449 -7.14416701
700 -442.93841553 -7.14416799
701 -442.93768311 -7.14415618
702 -442.93823242 -7.14416504
703 -442.93823242 -7.14416504
704 -442.93884277 -7.14417488
705 -442.93841553 -7.14416799
706 -442.93847656 -7.14416898
707 -442.93859863 -7.14417095
708 -442.93798828 -7.14416110
709 -442.93780518 -7.14415815
710 -442.93829346 -7.14416602
711 -442.93817139 -7.14416405
712 -442.93835449 -7.14416701
713 -442.93798828 -7.14416110
714 -442.93847656 -7.14416898
715 -442.93829346 -7.14416602
716 -442.93774414 -7.14415716
717 -442.93859863 -7.14417095
718 -442.93853760 -7.14416996
719 -442.93817139 -7.14416405
720 -442.93859863 -7.14417095
721 -442.93865967 -7.14417193
722 -442.93884277 -7.14417488
723 -442.93835449 -7.14416701
724 -442.93908691 -7.14417882
725 -442.93804932 -7.14416209
726 -442.93835449 -7.14416701
727 -442.93792725 -7.14416012
728 -442.93841553 -7.14416799
729 -442.93878174 -7.14417390
730 -442.93823242 -7.14416504
731 -442.93804932 -7.14416209
732 -442.93817139 -7.14416405
733 -442.93743896 -7.14415224
734 -442.93878174 -7.14417390
735 -442.93786621 -7.14415913
736 -442.93847656 -7.14416898
737 -442.93829346 -7.14416602
738 -442.93792725 -7.14416012
739 -442.93817139 -7.14416405
740 -442.93762207 -7.14415519
741 -442.93804932 -7.14416209
742 -442.93823242 -7.14416504
743 -442.93780518 -7.14415815
744 -442.93792725 -7.14416012
745 -442.93811035 -7.14416307
746 -442.93756104 -7.14415421
747 -442.93811035 -7.14416307
748 -442.93798828 -7.14416110
749 -442.93768311 -7.14415618
750 -442.93859863 -7.14417095
751 -442.93896484 -7.14417685
752 -442.93902588 -7.14417784
753 -442.93914795 -7.14417981
754 -442.93902588 -7.14417784
755 -442.93884277 -7.14417488
756 -442.93890381 -7.14417587
757 -442.93878174 -7.14417390
758 -442.93878174 -7.14417390
759 -442.93920898 -7.14418079
760 -442.93920898 -7.14418079
761 -442.93902588 -7.14417784
762 -442.93902588 -7.14417784
763 -442.93884277 -7.14417488
764 -442.93829346 -7.14416602
765 -442.93798828 -7.14416110
766 -442.93878174 -7.14417390
767 -442.93823242 -7.14416504
768 -442.93835449 -7.14416701
769 -442.93859863 -7.14417095
770 -442.93908691 -7.14417882
771 -442.93890381 -7.14417587
772 -442.93920898 -7.14418079
773 -442.93829346 -7.14416602
774 -442.93872070 -7.14417291
775 -442.93719482 -7.14414830
776 -442.93798828 -7.14416110
777 -442.93756104 -7.14415421
778 -442.93743896 -7.14415224
779 -442.93798828 -7.14416110
780 -442.93872070 -7.14417291
781 -442.93853760 -7.14416996
782 -442.93792725 -7.14416012
783 -442.93817139 -7.14416405
784 -442.93811035 -7.14416307
785 -442.93762207 -7.14415519
786 -442.93737793 -7.14415126
787 -442.93719482 -7.14414830
788 -442.93701172 -7.14414535
789 -442.93695068 -7.14414437
790 -442.93713379 -7.14414732
791 -442.93688965 -7.14414338
792 -442.93731689 -7.14415027
793 -442.93780518 -7.14415815
794 -442.93756104 -7.14415421
795 -442.93780518 -7.14415815
796 -442.93768311 -7.14415618
797 -442.93670654 -7.14414043
798 -442.93658447 -7.14413846
799 -442.93646240 -7.14413649
800 -442.93688965 -7.14414338
801 -442.93719482 -7.14414830
802 -442.93603516 -7.14412960
803 -442.93731689 -7.14415027
804 -442.93707275 -7.14414633
805 -442.93725586 -7.14414929
806 -442.93737793 -7.14415126
807 -442.93707275 -7.14414633
808 -442.93688965 -7.14414338
809 -442.93695068 -7.14414437
810 -442.93731689 -7.14415027
811 -442.93676758 -7.14414141
812 -442.93597412 -7.14412861
813 -442.93750000 -7.14415323
814 -442.93743896 -7.14415224
815 -442.93707275 -7.14414633
816 -442.93786621 -7.14415913
817 -442.93695068 -7.14414437
818 -442.93695068 -7.14414437
819 -442.93646240 -7.14413649
820 -442.93756104 -7.14415421
821 -442.93743896 -7.14415224
822 -442.93762207 -7.14415519
823 -442.93762207 -7.14415519
824 -442.93695068 -7.14414437
825 -442.93627930 -7.14413354
826 -442.93695068 -7.14414437
827 -442.93731689 -7.14415027
828 -442.93713379 -7.14414732
829 -442.93701172 -7.14414535
830 -442.93762207 -7.14415519
831 -442.93701172 -7.14414535
832 -442.93774414 -7.14415716
833 -442.93762207 -7.14415519
834 -442.93750000 -7.14415323
835 -442.93774414 -7.14415716
836 -442.93804932 -7.14416209
837 -442.93756104 -7.14415421
838 -442.93780518 -7.14415815
839 -442.93792725 -7.14416012
840 -442.93841553 -7.14416799
841 -442.93823242 -7.14416504
842 -442.93762207 -7.14415519
843 -442.93780518 -7.14415815
844 -442.93750000 -7.14415323
845 -442.93786621 -7.14415913
846 -442.93817139 -7.14416405
847 -442.93841553 -7.14416799
848 -442.93829346 -7.14416602
849 -442.93835449 -7.14416701
850 -442.93768311 -7.14415618
851 -442.93792725 -7.14416012
852 -442.93756104 -7.14415421
853 -442.93762207 -7.14415519
854 -442.93756104 -7.14415421
855 -442.93811035 -7.14416307
856 -442.93786621 -7.14415913
857 -442.93780518 -7.14415815
858 -442.93829346 -7.14416602
859 -442.93872070 -7.14417291
860 -442.93872070 -7.14417291
861 -442.93884277 -7.14417488
862 -442.93945312 -7.14418473
863 -442.93890381 -7.14417587
864 -442.93933105 -7.14418276
865 -442.93914795 -7.14417981
866 -442.93853760 -7.14416996
867 -442.93969727 -7.14418867
868 -442.94030762 -7.14419851
869 -442.94012451 -7.14419556
870 -442.93939209 -7.14418374
871 -442.93939209 -7.14418374
872 -442.93884277 -7.14417488
873 -442.93884277 -7.14417488
874 -442.93939209 -7.14418374
875 -442.93920898 -7.14418079
876 -442.93939209 -7.14418374
877 -442.93865967 -7.14417193
878 -442.93896484 -7.14417685
879 -442.93878174 -7.14417390
880 -442.93859863 -7.14417095
881 -442.93945312 -7.14418473
882 -442.93963623 -7.14418768
883 -442.93908691 -7.14417882
884 -442.93927002 -7.14418177
885 -442.93988037 -7.14419162
886 -442.94024658 -7.14419753
887 -442.94012451 -7.14419556
888 -442.94018555 -7.14419654
889 -442.93988037 -7.14419162
890 -442.93945312 -7.14418473
891 -442.94061279 -7.14420343
892 -442.94073486 -7.14420540
893 -442.93994141 -7.14419260
894 -442.93975830 -7.14418965
895 -442.94012451 -7.14419556
896 -442.94067383 -7.14420442
897 -442.94073486 -7.14420540
898 -442.94079590 -7.14420639
899 -442.94024658 -7.14419753
900 -442.94097900 -7.14420934
901 -442.94079590 -7.14420639
902 -442.94104004 -7.14421032
903 -442.94061279 -7.14420343
904 -442.94079590 -7.14420639
905 -442.94049072 -7.14420146
906 -442.94140625 -7.14421623
907 -442.94116211 -7.14421229
908 -442.94097900 -7.14420934
909 -442.94158936 -7.14421918
910 -442.94177246 -7.14422214
911 -442.94152832 -7.14421820
912 -442.94183350 -7.14422312
913 -442.94177246 -7.14422214
914 -442.94177246 -7.14422214
915 -442.94195557 -7.14422509
916 -442.94219971 -7.14422903
917 -442.94195557 -7.14422509
918 -442.94250488 -7.14423395
919 -442.94274902 -7.14423789
920 -442.94329834 -7.14424675
921 -442.94299316 -7.14424183
922 -442.94305420 -7.14424281
923 -442.94299316 -7.14424183
924 -442.94274902 -7.14423789
925 -442.94311523 -7.14424379
926 -442.94329834 -7.14424675
927 -442.94360352 -7.14425167
928 -442.94360352 -7.14425167
929 -442.94329834 -7.14424675
930 -442.94342041 -7.14424872
931 -442.94305420 -7.14424281
932 -442.94323730 -7.14424576
933 -442.94348145 -7.14424970
934 -442.94348145 -7.14424970
935 -442.94329834 -7.14424675
936 -442.94299316 -7.14424183
937 -442.94244385 -7.14423297
938 -442.94274902 -7.14423789
939 -442.94329834 -7.14424675
940 -442.94281006 -7.14423887
941 -442.94281006 -7.14423887
942 -442.94262695 -7.14423592
943 -442.94213867 -7.14422804
944 -442.94226074 -7.14423001
945 -442.94219971 -7.14422903
946 -442.94232178 -7.14423100
947 -442.94268799 -7.14423690
948 -442.94232178 -7.14423100
949 -442.94207764 -7.14422706
950 -442.94152832 -7.14421820
951 -442.94177246 -7.14422214
952 -442.94165039 -7.14422017
953 -442.94171143 -7.14422115
954 -442.94183350 -7.14422312
955 -442.94201660 -7.14422607
956 -442.94183350 -7.14422312
957 -442.94226074 -7.14423001
958 -442.94165039 -7.14422017
959 -442.94250488 -7.14423395
960 -442.94256592 -7.14423493
961 -442.94177246 -7.14422214
962 -442.94201660 -7.14422607
963 -442.94268799 -7.14423690
964 -442.94244385 -7.14423297
965 -442.94244385 -7.14423297
966 -442.94207764 -7.14422706
967 -442.94262695 -7.14423592
968 -442.94287109 -7.14423986
969 -442.94256592 -7.14423493
970 -442.94287109 -7.14423986
971 -442.94311523 -7.14424379
972 -442.94311523 -7.14424379
973 -442.94305420 -7.14424281
974 -442.94281006 -7.14423887
975 -442.94287109 -7.14423986
976 -442.94305420 -7.14424281
977 -442.94323730 -7.14424576
978 -442.94305420 -7.14424281
979 -442.94366455 -7.14425265
980 -442.94323730 -7.14424576
981 -442.94329834 -7.14424675
982 -442.94317627 -7.14424478
983 -442.94329834 -7.14424675
984 -442.94329834 -7.14424675
985 -442.94311523 -7.14424379
986 -442.94250488 -7.14423395
987 -442.94238281 -7.14423198
988 -442.94287109 -7.14423986
989 -442.94268799 -7.14423690
990 -442.94250488 -7.14423395
991 -442.94262695 -7.14423592
992 -442.94268799 -7.14423690
993 -442.94219971 -7.14422903
994 -442.94305420 -7.14424281
995 -442.94335938 -7.14424773
996 -442.94293213 -7.14424084
997 -442.94293213 -7.14424084
998 -442.94323730 -7.14424576
999 -442.94348145 -7.14424970
