0 -611.97485352 -6.95425970
1 -611.93499756 -6.95380679
2 -611.87890625 -6.95316939
3 -611.83709717 -6.95269429
4 -611.79882812 -6.95225941
5 -611.75732422 -6.95178778
6 -611.71459961 -6.95130227
7 -611.65618896 -6.95063851
8 -611.62548828 -6.95028964
9 -611.57232666 -6.94968553
10 -611.53363037 -6.94924580
11 -611.55517578 -6.94949063
12 -611.54095459 -6.94932903
13 -611.48547363 -6.94869856
14 -611.42651367 -6.94802856
15 -611.43231201 -6.94809445
16 -611.35870361 -6.94725800
17 -611.35412598 -6.94720598
18 -611.32586670 -6.94688485
19 -611.34069824 -6.94705339
20 -611.22119141 -6.94569536
21 -611.21563721 -6.94563224
22 -611.15948486 -6.94499415
23 -611.07366943 -6.94401897
24 -610.97875977 -6.94294045
25 -610.86352539 -6.94163097
26 -610.79333496 -6.94083335
27 -610.78735352 -6.94076538
28 -610.82171631 -6.94115587
29 -610.72882080 -6.94010024
30 -610.68322754 -6.93958213
31 -610.67095947 -6.93944272
32 -610.58740234 -6.93849321
33 -610.57086182 -6.93830525
34 -610.46203613 -6.93706859
35 -610.49322510 -6.93742301
36 -610.41815186 -6.93656991
37 -610.37896729 -6.93612463
38 -610.36602783 -6.93597759
39 -610.34490967 -6.93573761
40 -610.30224609 -6.93525280
41 -610.18670654 -6.93393985
42 -610.23095703 -6.93444269
43 -610.24218750 -6.93457031
44 -610.23760986 -6.93451829
45 -610.20861816 -6.93418884
46 -610.23376465 -6.93447460
47 -610.06793213 -6.93259014
48 -610.05078125 -6.93239524
49 -610.02661133 -6.93212058
50 -609.97772217 -6.93156502
51 -609.90521240 -6.93074105
52 -609.88305664 -6.93048928
53 -609.74328613 -6.92890098
54 -609.63250732 -6.92764213
55 -609.59552002 -6.92722182
56 -609.41601562 -6.92518200
57 -609.45275879 -6.92559953
58 -609.28735352 -6.92371993
59 -609.22076416 -6.92296323
60 -609.14630127 -6.92211706
61 -609.14123535 -6.92205949
62 -609.11578369 -6.92177027
63 -609.14886475 -6.92214619
64 -609.22845459 -6.92305062
65 -609.22747803 -6.92303952
66 -609.24517822 -6.92324066
67 -609.18811035 -6.92259216
68 -609.24676514 -6.92325869
69 -609.09912109 -6.92158092
70 -608.89874268 -6.91930389
71 -608.79656982 -6.91814284
72 -608.66125488 -6.91660517
73 -608.53820801 -6.91520691
74 -608.62097168 -6.91614741
75 -608.58770752 -6.91576940
76 -608.49645996 -6.91473250
77 -608.52862549 -6.91509802
78 -608.63403320 -6.91629583
79 -608.41992188 -6.91386275
80 -608.40588379 -6.91370322
81 -608.32226562 -6.91275302
82 -608.40405273 -6.91368242
83 -608.36242676 -6.91320939
84 -608.39306641 -6.91355757
85 -608.32989502 -6.91283972
86 -608.29272461 -6.91241733
87 -608.03497314 -6.90948833
88 -608.02825928 -6.90941204
89 -607.90704346 -6.90803458
90 -607.85827637 -6.90748041
91 -607.78186035 -6.90661205
92 -607.56616211 -6.90416093
93 -607.49255371 -6.90332447
94 -607.38574219 -6.90211071
95 -607.41595459 -6.90245403
96 -607.40270996 -6.90230352
97 -607.34899902 -6.90169317
98 -607.40716553 -6.90235415
99 -607.31896973 -6.90135193
100 -607.28619385 -6.90097948
101 -607.06890869 -6.89851033
102 -607.03851318 -6.89816492
103 -606.94915771 -6.89714952
104 -606.94836426 -6.89714050
105 -606.63916016 -6.89362682
106 -606.63024902 -6.89352556
107 -606.50225830 -6.89207112
108 -606.48022461 -6.89182073
109 -606.49255371 -6.89196084
110 -606.16131592 -6.88819677
111 -606.15032959 -6.88807193
112 -606.16052246 -6.88818776
113 -605.91217041 -6.88536557
114 -605.74975586 -6.88351995
115 -605.55163574 -6.88126859
116 -605.49603271 -6.88063674
117 -605.16583252 -6.87688446
118 -604.95605469 -6.87450062
119 -604.91406250 -6.87402344
120 -604.51660156 -6.86950684
121 -604.63873291 -6.87089469
122 -604.53204346 -6.86968231
123 -604.55895996 -6.86998818
124 -604.55548096 -6.86994865
125 -604.47863770 -6.86907543
126 -604.51361084 -6.86947285
127 -604.45166016 -6.86876887
128 -604.63592529 -6.87086279
129 -604.62835693 -6.87077678
130 -604.63537598 -6.87085655
131 -604.75885010 -6.87225966
132 -604.48333740 -6.86912883
133 -604.43530273 -6.86858299
134 -604.25836182 -6.86657229
135 -604.09338379 -6.86469754
136 -603.92053223 -6.86273332
137 -603.76782227 -6.86099798
138 -603.84161377 -6.86183652
139 -603.81250000 -6.86150568
140 -603.60638428 -6.85916346
141 -603.59484863 -6.85903237
142 -603.50628662 -6.85802598
143 -603.58306885 -6.85889851
144 -603.68505859 -6.86005748
145 -603.25531006 -6.85517398
146 -603.19458008 -6.85448386
147 -603.05535889 -6.85290181
148 -602.90875244 -6.85123582
149 -602.99676514 -6.85223597
150 -602.69061279 -6.84875696
151 -602.79119873 -6.84989999
152 -602.99993896 -6.85227203
153 -602.68713379 -6.84871743
154 -602.88873291 -6.85100833
155 -602.30761719 -6.84440474
156 -602.21234131 -6.84332206
157 -602.13305664 -6.84242110
158 -601.80230713 -6.83866258
159 -601.46899414 -6.83487493
160 -601.75238037 -6.83809523
161 -601.72540283 -6.83778867
162 -601.74499512 -6.83801131
163 -601.61145020 -6.83649375
164 -601.37731934 -6.83383317
165 -601.57220459 -6.83604778
166 -601.69403076 -6.83743217
167 -601.52502441 -6.83551164
168 -601.19281006 -6.83173648
169 -601.18499756 -6.83164770
170 -600.91979980 -6.82863409
171 -600.90386963 -6.82845306
172 -600.46484375 -6.82346413
173 -600.25115967 -6.82103591
174 -600.08825684 -6.81918474
175 -599.90905762 -6.81714838
176 -599.86590576 -6.81665802
177 -599.87017822 -6.81670657
178 -599.99407959 -6.81811454
179 -599.93542480 -6.81744801
180 -599.50976562 -6.81261097
181 -599.40435791 -6.81141316
182 -599.12213135 -6.80820604
183 -599.07043457 -6.80761857
184 -599.14544678 -6.80847099
185 -598.72790527 -6.80372620
186 -598.64062500 -6.80273438
187 -598.58154297 -6.80206299
188 -598.30969238 -6.79897378
189 -598.57324219 -6.80196866
190 -598.65997314 -6.80295424
191 -598.30072021 -6.79887182
192 -597.97863770 -6.79521179
193 -597.43896484 -6.78907915
194 -597.53430176 -6.79016252
195 -597.25433350 -6.78698106
196 -597.15002441 -6.78579573
197 -596.54669189 -6.77893968
198 -595.86199951 -6.77115909
199 -595.33404541 -6.76515961
200 -595.03833008 -6.76179921
201 -594.41040039 -6.75466364
202 -594.04724121 -6.75053683
203 -594.28247070 -6.75320989
204 -594.68328857 -6.75776464
205 -595.14221191 -6.76297968
206 -595.55114746 -6.76762668
207 -595.37683105 -6.76564581
208 -595.58349609 -6.76799427
209 -595.59881592 -6.76816836
210 -595.58325195 -6.76799150
211 -595.46246338 -6.76661890
212 -595.37994385 -6.76568118
213 -595.36712646 -6.76553553
214 -595.28063965 -6.76455272
215 -595.28942871 -6.76465260
216 -595.36718750 -6.76553622
217 -594.79492188 -6.75903320
218 -594.82507324 -6.75937583
219 -594.65216064 -6.75741092
220 -594.53973389 -6.75613334
221 -594.57067871 -6.75648499
222 -593.89434814 -6.74879941
223 -594.21295166 -6.75241991
224 -594.22845459 -6.75259607
225 -593.51257324 -6.74446106
226 -594.04150391 -6.75047164
227 -593.78070068 -6.74750796
228 -593.85620117 -6.74836592
229 -593.50482178 -6.74437297
230 -593.76269531 -6.74730336
231 -593.76202393 -6.74729573
232 -593.94189453 -6.74933971
233 -593.63110352 -6.74580799
234 -593.59472656 -6.74539462
235 -593.15093994 -6.74035159
236 -593.56481934 -6.74505477
237 -593.52526855 -6.74460532
238 -594.19506836 -6.75221669
239 -594.58007812 -6.75659180
240 -594.38598633 -6.75438621
241 -594.41601562 -6.75472745
242 -594.30065918 -6.75341658
243 -593.52740479 -6.74462960
244 -593.25000000 -6.74147727
245 -593.15710449 -6.74042164
246 -593.11022949 -6.73988897
247 -593.02465820 -6.73891657
248 -592.46008301 -6.73250094
249 -591.93572998 -6.72654239
250 -591.82751465 -6.72531267
251 -591.61486816 -6.72289623
252 -591.11608887 -6.71722828
253 -591.08886719 -6.71691895
254 -590.94378662 -6.71527030
255 -590.89862061 -6.71475705
256 -590.93395996 -6.71515864
257 -590.35394287 -6.70856753
258 -589.96887207 -6.70419173
259 -589.74371338 -6.70163311
260 -589.18872070 -6.69532637
261 -589.12042236 -6.69455025
262 -589.13928223 -6.69476457
263 -588.54034424 -6.68795846
264 -588.17175293 -6.68376992
265 -588.26318359 -6.68480890
266 -588.12512207 -6.68324002
267 -588.32794189 -6.68554479
268 -588.59020996 -6.68852511
269 -588.23107910 -6.68444408
270 -587.37426758 -6.67470759
271 -587.46520996 -6.67574102
272 -588.45465088 -6.68698467
273 -588.00097656 -6.68182928
274 -588.03002930 -6.68215942
275 -588.47717285 -6.68724060
276 -588.16876221 -6.68373593
277 -587.40972900 -6.67511056
278 -586.96423340 -6.67004811
279 -586.41656494 -6.66382460
280 -585.66571045 -6.65529216
281 -585.04577637 -6.64824746
282 -584.47094727 -6.64171531
283 -584.20819092 -6.63872944
284 -584.46301270 -6.64162514
285 -583.81341553 -6.63424336
286 -583.85656738 -6.63473372
287 -583.74090576 -6.63341938
288 -584.59283447 -6.64310039
289 -584.50262451 -6.64207528
290 -584.17254639 -6.63832439
291 -583.78247070 -6.63389171
292 -584.50085449 -6.64205516
293 -583.33654785 -6.62882441
294 -583.67199707 -6.63263633
295 -584.21490479 -6.63880574
296 -583.91369629 -6.63538291
297 -584.15490723 -6.63812395
298 -583.73565674 -6.63335974
299 -584.21173096 -6.63876967
300 -584.71575928 -6.64449726
301 -584.59411621 -6.64311496
302 -583.80743408 -6.63417539
303 -583.80902100 -6.63419342
304 -584.73455811 -6.64471089
305 -584.26922607 -6.63942302
306 -584.62164307 -6.64342776
307 -584.69702148 -6.64428434
308 -583.75909424 -6.63362607
309 -583.84710693 -6.63462622
310 -584.16473389 -6.63823561
311 -584.10382080 -6.63754342
312 -584.69079590 -6.64421359
313 -585.32232666 -6.65139008
314 -585.11975098 -6.64908808
315 -585.30920410 -6.65124096
316 -584.16125488 -6.63819608
317 -583.76654053 -6.63371069
318 -583.68438721 -6.63277713
319 -583.31610107 -6.62859206
320 -582.75067139 -6.62216672
321 -581.79217529 -6.61127472
322 -581.57189941 -6.60877158
323 -582.17327881 -6.61560544
324 -582.24163818 -6.61638225
325 -581.18109131 -6.60433058
326 -581.44885254 -6.60737332
327 -581.10876465 -6.60350869
328 -580.44964600 -6.59601870
329 -580.41766357 -6.59565527
330 -579.68719482 -6.58735449
331 -579.47271729 -6.58491724
332 -578.64843750 -6.57555043
333 -578.33203125 -6.57195490
334 -577.17553711 -6.55881292
335 -576.31127930 -6.54899181
336 -576.00634766 -6.54552668
337 -575.33142090 -6.53785706
338 -575.48620605 -6.53961598
339 -575.50311279 -6.53980810
340 -574.68212891 -6.53047874
341 -574.25494385 -6.52562436
342 -573.38513184 -6.51574013
343 -573.97369385 -6.52242834
344 -574.16107178 -6.52455763
345 -574.35028076 -6.52670774
346 -574.23474121 -6.52539479
347 -573.50604248 -6.51711412
348 -572.66491699 -6.50755587
349 -573.26953125 -6.51442649
350 -574.49377441 -6.52833835
351 -573.56072998 -6.51773557
352 -573.40551758 -6.51597179
353 -572.39160156 -6.50445002
354 -573.75543213 -6.51994809
355 -572.89947510 -6.51022131
356 -572.86590576 -6.50983984
357 -572.35540771 -6.50403872
358 -572.34240723 -6.50389099
359 -571.92071533 -6.49909904
360 -571.31408691 -6.49220553
361 -570.67242432 -6.48491391
362 -571.09527588 -6.48971904
363 -570.39959717 -6.48181360
364 -571.31982422 -6.49227073
365 -572.08813477 -6.50100153
366 -572.51379395 -6.50583857
367 -572.59991455 -6.50681721
368 -573.79235840 -6.52036771
369 -572.87469482 -6.50993971
370 -574.05023193 -6.52329809
371 -573.77978516 -6.52022483
372 -573.05615234 -6.51200173
373 -571.87536621 -6.49858371
374 -571.72174072 -6.49683796
375 -572.94061279 -6.51068878
376 -572.74792480 -6.50849915
377 -573.25830078 -6.51429887
378 -573.11499023 -6.51267034
379 -573.07897949 -6.51226113
380 -574.07635498 -6.52359494
381 -574.05279541 -6.52332722
382 -574.46435547 -6.52800404
383 -574.63684082 -6.52996410
384 -573.65124512 -6.51876415
385 -572.27020264 -6.50307048
386 -571.83837891 -6.49816340
387 -571.36376953 -6.49277011
388 -569.35284424 -6.46991868
389 -569.83843994 -6.47543682
390 -570.47369385 -6.48265561
391 -570.11437988 -6.47857250
392 -570.15252686 -6.47900599
393 -571.11260986 -6.48991602
394 -571.82855225 -6.49805173
395 -571.71362305 -6.49674572
396 -572.08703613 -6.50098905
397 -571.74169922 -6.49706476
398 -572.86004639 -6.50977325
399 -573.11004639 -6.51261416
400 -571.84326172 -6.49821888
401 -571.74664307 -6.49712094
402 -572.73779297 -6.50838401
403 -572.34381104 -6.50390694
404 -572.57757568 -6.50656336
405 -571.51080322 -6.49444095
406 -569.99993896 -6.47727203
407 -569.18597412 -6.46802243
408 -569.99023438 -6.47716175
409 -569.88085938 -6.47591886
410 -569.32324219 -6.46958230
411 -570.04748535 -6.47781233
412 -568.71563721 -6.46267770
413 -568.18078613 -6.45659984
414 -567.77069092 -6.45193967
415 -568.67285156 -6.46219150
416 -568.59466553 -6.46130302
417 -568.08337402 -6.45549289
418 -567.09429932 -6.44425340
419 -566.08166504 -6.43274619
420 -567.63171387 -6.45036038
421 -567.96832275 -6.45418549
422 -566.46868896 -6.43714419
423 -566.45159912 -6.43694999
424 -566.01489258 -6.43198742
425 -565.62762451 -6.42758664
426 -565.51507568 -6.42630768
427 -565.60638428 -6.42734528
428 -565.25262451 -6.42332528
429 -563.52307129 -6.40367126
430 -563.20709229 -6.40008059
431 -564.02459717 -6.40937042
432 -563.57257080 -6.40423376
433 -562.31152344 -6.38990368
434 -562.47521973 -6.39176386
435 -562.60888672 -6.39328280
436 -562.54040527 -6.39250461
437 -561.98382568 -6.38617984
438 -562.40777588 -6.39099745
439 -563.15570068 -6.39949660
440 -563.04614258 -6.39825162
441 -564.06286621 -6.40980530
442 -564.35021973 -6.41307068
443 -563.35736084 -6.40178819
444 -561.07525635 -6.37585519
445 -561.66198730 -6.38252258
446 -562.64172363 -6.39365595
447 -563.43859863 -6.40271135
448 -564.44812012 -6.41418318
449 -564.44573975 -6.41415613
450 -564.11779785 -6.41042952
451 -562.32421875 -6.39004794
452 -562.87622070 -6.39632069
453 -562.66613770 -6.39393338
454 -561.71203613 -6.38309132
455 -561.14019775 -6.37659316
456 -560.02996826 -6.36397691
457 -560.73284912 -6.37196419
458 -560.54675293 -6.36984947
459 -560.40148926 -6.36819874
460 -560.77807617 -6.37247814
461 -561.00061035 -6.37500694
462 -560.49578857 -6.36927032
463 -560.94177246 -6.37433832
464 -561.55755615 -6.38133587
465 -562.57220459 -6.39286596
466 -563.46606445 -6.40302346
467 -561.77960205 -6.38385911
468 -561.45843506 -6.38020949
469 -563.00640869 -6.39780010
470 -562.65631104 -6.39382172
471 -562.16864014 -6.38828000
472 -561.17675781 -6.37700861
473 -559.94030762 -6.36295804
474 -560.50274658 -6.36934939
475 -560.31286621 -6.36719166
476 -560.72149658 -6.37183519
477 -559.38995361 -6.35670402
478 -558.54235840 -6.34707225
479 -559.42755127 -6.35713126
480 -559.60742188 -6.35917525
481 -559.21478271 -6.35471344
482 -560.32104492 -6.36728460
483 -559.63378906 -6.35947488
484 -556.75915527 -6.32680858
485 -555.10510254 -6.30801253
486 -554.77166748 -6.30422349
487 -553.43200684 -6.28900008
488 -553.19879150 -6.28634990
489 -553.82592773 -6.29347645
490 -553.41186523 -6.28877120
491 -555.04882812 -6.30737305
492 -555.82476807 -6.31619055
493 -555.18444824 -6.30891418
494 -555.03143311 -6.30717538
495 -554.83172607 -6.30490598
496 -553.92468262 -6.29459867
497 -553.26922607 -6.28715030
498 -553.33251953 -6.28786954
499 -552.84045410 -6.28227789
500 -550.57598877 -6.25654533
501 -549.24645996 -6.24143705
502 -549.99377441 -6.24992925
503 -549.86987305 -6.24852128
504 -551.27929688 -6.26453746
505 -550.72552490 -6.25824460
506 -551.03259277 -6.26173401
507 -551.40393066 -6.26595376
508 -551.17272949 -6.26332647
509 -552.34332275 -6.27662867
510 -551.45104980 -6.26648920
511 -551.25537109 -6.26426558
512 -551.14709473 -6.26303517
513 -550.64324951 -6.25730965
514 -550.45776367 -6.25520186
515 -549.39691162 -6.24314672
516 -548.88061523 -6.23727972
517 -549.54656982 -6.24484738
518 -549.47564697 -6.24404144
519 -550.11578369 -6.25131572
520 -549.90734863 -6.24894714
521 -549.38635254 -6.24302673
522 -549.61120605 -6.24558189
523 -550.99774170 -6.26133797
524 -550.02990723 -6.25033985
525 -549.53509521 -6.24471699
526 -550.51416016 -6.25584273
527 -550.72039795 -6.25818634
528 -549.42749023 -6.24349421
529 -550.17755127 -6.25201763
530 -549.91369629 -6.24901928
531 -549.07995605 -6.23954496
532 -549.27374268 -6.24174708
533 -548.28063965 -6.23046181
534 -548.41479492 -6.23198631
535 -548.29364014 -6.23060955
536 -548.01062012 -6.22739341
537 -549.01031494 -6.23875358
538 -549.91864014 -6.24907546
539 -550.98315430 -6.26117221
540 -550.18127441 -6.25205994
541 -551.27056885 -6.26443828
542 -550.20581055 -6.25233876
543 -550.42614746 -6.25484258
544 -551.71075439 -6.26944039
545 -552.69769287 -6.28065560
546 -552.69128418 -6.28058277
547 -554.03668213 -6.29587139
548 -553.93103027 -6.29467080
549 -554.79547119 -6.30449399
550 -555.67724609 -6.31451416
551 -554.29046631 -6.29875530
552 -553.25177002 -6.28695193
553 -550.99426270 -6.26129844
554 -550.79101562 -6.25898881
555 -549.87933350 -6.24862879
556 -550.80963135 -6.25920036
557 -549.79998779 -6.24772713
558 -548.28729248 -6.23053741
559 -546.85864258 -6.21430276
560 -546.66833496 -6.21214017
561 -545.76446533 -6.20186892
562 -545.38964844 -6.19760964
563 -546.17248535 -6.20650552
564 -544.81842041 -6.19111841
565 -542.04608154 -6.15961456
566 -541.90447998 -6.15800545
567 -539.77520752 -6.13380918
568 -538.56835938 -6.12009499
569 -537.45825195 -6.10748014
570 -536.56280518 -6.09730460
