0 -780.68237305 -6.73002046
1 -780.22314453 -6.72606159
2 -778.33947754 -6.70982308
3 -776.05041504 -6.69008978
4 -775.23229980 -6.68303707
5 -774.07434082 -6.67305466
6 -773.31799316 -6.66653442
7 -773.89721680 -6.67152773
8 -773.25708008 -6.66600931
9 -772.42553711 -6.65884084
10 -773.38287354 -6.66709374
11 -772.56115723 -6.66000998
12 -771.63500977 -6.65202595
13 -771.51171875 -6.65096309
14 -770.44403076 -6.64175889
15 -770.48547363 -6.64211615
16 -769.91796875 -6.63722387
17 -770.12426758 -6.63900231
18 -769.19207764 -6.63096619
19 -769.31994629 -6.63206850
20 -769.33587646 -6.63220583
21 -768.07025146 -6.62129527
22 -766.17523193 -6.60495890
23 -764.28039551 -6.58862410
24 -763.35339355 -6.58063270
25 -762.73065186 -6.57526424
26 -762.53186035 -6.57355052
27 -762.48144531 -6.57311591
28 -762.99487305 -6.57754201
29 -762.74523926 -6.57538999
30 -762.27972412 -6.57137693
31 -761.94317627 -6.56847566
32 -761.55895996 -6.56516345
33 -759.88616943 -6.55074284
34 -759.03247070 -6.54338337
35 -757.73980713 -6.53223972
36 -756.97076416 -6.52561004
37 -756.68530273 -6.52314916
38 -757.05139160 -6.52630510
39 -756.45373535 -6.52115289
40 -754.18981934 -6.50163637
41 -754.46936035 -6.50404621
42 -754.44702148 -6.50385363
43 -754.09179688 -6.50079135
44 -752.54199219 -6.48743097
45 -751.60247803 -6.47933171
46 -749.39880371 -6.46033451
47 -748.65930176 -6.45395950
48 -748.81188965 -6.45527491
49 -747.04443359 -6.44003822
50 -745.74310303 -6.42881985
51 -744.86547852 -6.42125413
52 -745.17980957 -6.42396388
53 -744.51733398 -6.41825288
54 -743.13848877 -6.40636628
55 -741.55590820 -6.39272335
56 -740.51733398 -6.38377012
57 -738.28594971 -6.36453405
58 -738.82397461 -6.36917219
59 -738.51538086 -6.36651190
60 -737.87207031 -6.36096612
61 -736.82476807 -6.35193766
62 -735.38208008 -6.33950069
63 -734.92797852 -6.33558602
64 -733.37707520 -6.32221617
65 -734.41015625 -6.33112204
66 -731.51348877 -6.30615077
67 -731.25836182 -6.30395139
68 -731.58850098 -6.30679742
69 -730.94061279 -6.30121218
70 -731.07507324 -6.30237132
71 -729.68414307 -6.29038054
72 -727.73687744 -6.27359377
73 -728.13244629 -6.27700385
74 -727.41546631 -6.27082299
75 -726.03759766 -6.25894481
76 -727.04034424 -6.26758917
77 -726.88079834 -6.26621378
78 -725.26538086 -6.25228777
