0 -741.62115479 -7.13097264
1 -739.90100098 -7.11443270
2 -737.79821777 -7.09421363
3 -735.74621582 -7.07448284
4 -733.77795410 -7.05555725
5 -733.55236816 -7.05338816
6 -731.99511719 -7.03841459
7 -730.17285156 -7.02089280
8 -728.45147705 -7.00434113
9 -727.97570801 -6.99976642
10 -723.82897949 -6.95989403
11 -720.90014648 -6.93173218
12 -719.05963135 -6.91403492
13 -716.78283691 -6.89214266
14 -714.61730957 -6.87132028
15 -715.18695068 -6.87679760
16 -714.21466064 -6.86744866
17 -713.10070801 -6.85673758
18 -713.74383545 -6.86292149
19 -713.72088623 -6.86270083
20 -712.55200195 -6.85146156
21 -709.40252686 -6.82117814
22 -707.60748291 -6.80391810
23 -705.57971191 -6.78442031
24 -701.63903809 -6.74652921
25 -701.57824707 -6.74594468
26 -698.16906738 -6.71316411
27 -692.80639648 -6.66159997
28 -690.13659668 -6.63592881
29 -687.63293457 -6.61185514
30 -686.25024414 -6.59856004
31 -682.41210938 -6.56165490
32 -685.57635498 -6.59208034
33 -681.83502197 -6.55610598
34 -681.21258545 -6.55012101
35 -675.56793213 -6.49584550
36 -671.99694824 -6.46150912
37 -668.13977051 -6.42442087
38 -665.05133057 -6.39472433
39 -666.19586182 -6.40572944
40 -660.62268066 -6.35214116
41 -659.61236572 -6.34242659
42 -661.38415527 -6.35946303
43 -657.08483887 -6.31812345
44 -656.93701172 -6.31670204
45 -653.63781738 -6.28497901
46 -651.82885742 -6.26758517
47 -650.68060303 -6.25654426
48 -650.68164062 -6.25655424
49 -648.76458740 -6.23812103
50 -647.07684326 -6.22189272
51 -646.98065186 -6.22096781
52 -647.93090820 -6.23010489
53 -648.72723389 -6.23776186
54 -643.86798096 -6.19103828
55 -641.44427490 -6.16773341
56 -641.03662109 -6.16381366
57 -638.28161621 -6.13732323
58 -634.12530518 -6.09735870
59 -629.33117676 -6.05126131
60 -628.56835938 -6.04392653
61 -629.02203369 -6.04828879
62 -628.54455566 -6.04369765
63 -624.54162598 -6.00520794
64 -620.11572266 -5.96265118
65 -616.33935547 -5.92633996
66 -615.62225342 -5.91944474
67 -621.27355957 -5.97378423
68 -621.28845215 -5.97392742
69 -620.14996338 -5.96298042
70 -623.48138428 -5.99501331
71 -620.52783203 -5.96661377
72 -618.73571777 -5.94938190
73 -619.23016357 -5.95413619
74 -619.34796143 -5.95526886
75 -619.14904785 -5.95335623
76 -616.08673096 -5.92391087
77 -611.54077148 -5.88019973
78 -609.66748047 -5.86218731
79 -608.56237793 -5.85156133
80 -611.51428223 -5.87994502
81 -604.98321533 -5.81714630
82 -599.49511719 -5.76437613
83 -597.23565674 -5.74265055
84 -595.29284668 -5.72396968
85 -587.93298340 -5.65320176
86 -585.12548828 -5.62620662
87 -578.22656250 -5.55987079
88 -578.05828857 -5.55825277
89 -575.40045166 -5.53269665
90 -572.04144287 -5.50039849
91 -568.96148682 -5.47078353
92 -569.73913574 -5.47826092
93 -556.99200439 -5.35569235
94 -547.01434326 -5.25975330
95 -538.65216064 -5.17934770
96 -532.57238770 -5.12088834
97 -523.97192383 -5.03819158
98 -510.38757324 -4.90757282
99 -512.64660645 -4.92929429
100 -506.07025146 -4.86606011
101 -495.13189697 -4.76088362
102 -494.59191895 -4.75569153
103 -485.06024170 -4.66404079
104 -488.20874023 -4.69431481
105 -491.54608154 -4.72640463
106 -493.05755615 -4.74093804
107 -485.30169678 -4.66636247
108 -487.12408447 -4.68388543
109 -492.67315674 -4.73724189
110 -497.80981445 -4.78663283
111 -505.24456787 -4.85812084
112 -509.71875000 -4.90114183
113 -511.26361084 -4.91599626
114 -512.24786377 -4.92546023
115 -516.40319824 -4.96541537
116 -511.39688110 -4.91727770
117 -510.06265259 -4.90444858
118 -508.48471069 -4.88927606
119 -503.64489746 -4.84273940
120 -487.26989746 -4.68528748
121 -493.43859863 -4.74460191
122 -499.71142578 -4.80491756
123 -503.73065186 -4.84356396
124 -507.78625488 -4.88256014
125 -507.63906860 -4.88114489
126 -508.73049927 -4.89163942
127 -510.67230225 -4.91031060
128 -516.74182129 -4.96867136
129 -513.99182129 -4.94222905
130 -502.24768066 -4.82930462
131 -495.76678467 -4.76698831
132 -494.77481079 -4.75745010
133 -492.03198242 -4.73107675
134 -495.58898926 -4.76527874
135 -487.75323486 -4.68993495
136 -488.45562744 -4.69668873
137 -478.28625488 -4.59890630
138 -466.19540405 -4.48264812
139 -453.48199463 -4.36040379
140 -428.28472900 -4.11812239
141 -430.38534546 -4.13832063
142 -448.34933472 -4.31105130
143 -439.84371948 -4.22926653
144 -450.16870117 -4.32854520
145 -421.95758057 -4.05728443
146 -423.57641602 -4.07285015
147 -409.43072510 -3.93683390
148 -402.67871094 -3.87191068
149 -423.81692505 -4.07516274
150 -395.45159912 -3.80241922
151 -401.85049438 -3.86394706
152 -404.65222168 -3.89088675
153 -375.91522217 -3.61456944
154 -374.84240723 -3.60425392
155 -386.03704834 -3.71189470
156 -396.38449097 -3.81138934
157 -394.77496338 -3.79591311
158 -393.33123779 -3.78203113
159 -401.73394775 -3.86282642
160 -394.41876221 -3.79248810
161 -390.12747192 -3.75122569
162 -380.84338379 -3.66195561
163 -365.40228271 -3.51348349
164 -373.85745239 -3.59478320
165 -394.60580444 -3.79428658
166 -362.23263550 -3.48300611
167 -303.26275635 -2.91598804
168 -339.38214111 -3.26328982
169 -228.59637451 -2.19804206
