0 -391.38891602 -6.11545181
1 -391.42636108 -6.11603689
2 -391.45550537 -6.11649227
3 -391.47912598 -6.11686134
4 -391.49700928 -6.11714077
5 -391.51138306 -6.11736536
6 -391.52319336 -6.11754990
7 -391.53390503 -6.11771727
8 -391.54379272 -6.11787176
9 -391.55361938 -6.11802530
10 -391.56277466 -6.11816835
11 -391.57235718 -6.11831808
12 -391.58221436 -6.11847210
13 -391.59179688 -6.11862183
14 -391.60021973 -6.11875343
15 -391.60897827 -6.11889029
16 -391.61791992 -6.11903000
17 -391.62680054 -6.11916876
18 -391.63439941 -6.11928749
19 -391.64303589 -6.11942244
20 -391.65182495 -6.11955976
21 -391.65951538 -6.11967993
22 -391.66702271 -6.11979723
23 -391.67453003 -6.11991453
24 -391.68215942 -6.12003374
25 -391.68957520 -6.12014961
26 -391.69717407 -6.12026834
27 -391.70468140 -6.12038565
28 -391.71102905 -6.12048483
29 -391.71862793 -6.12060356
30 -391.72573853 -6.12071466
31 -391.73220825 -6.12081575
32 -391.73831177 -6.12091112
33 -391.74322510 -6.12098789
34 -391.74945068 -6.12108517
35 -391.75585938 -6.12118530
36 -391.76205444 -6.12128210
37 -391.76766968 -6.12136984
38 -391.77349854 -6.12146091
39 -391.77975464 -6.12155867
40 -391.78445435 -6.12163210
41 -391.78985596 -6.12171650
42 -391.79492188 -6.12179565
43 -391.80032349 -6.12188005
44 -391.80487061 -6.12195110
45 -391.80957031 -6.12202454
46 -391.81378174 -6.12209034
47 -391.81811523 -6.12215805
48 -391.82162476 -6.12221289
49 -391.82531738 -6.12227058
50 -391.82858276 -6.12232161
51 -391.83203125 -6.12237549
52 -391.83599854 -6.12243748
53 -391.83959961 -6.12249374
54 -391.84204102 -6.12253189
55 -391.84576416 -6.12259007
56 -391.84844971 -6.12263203
57 -391.85247803 -6.12269497
58 -391.85577393 -6.12274647
59 -391.85900879 -6.12279701
60 -391.86148071 -6.12283564
61 -391.86325073 -6.12286329
62 -391.86639404 -6.12291241
63 -391.86920166 -6.12295628
64 -391.87112427 -6.12298632
65 -391.87374878 -6.12302732
66 -391.87551880 -6.12305498
67 -391.87802124 -6.12309408
68 -391.87966919 -6.12311983
69 -391.88226318 -6.12316036
70 -391.88455200 -6.12319613
71 -391.88601685 -6.12321901
72 -391.88830566 -6.12325478
73 -391.89028931 -6.12328577
74 -391.89208984 -6.12331390
75 -391.89370728 -6.12333918
76 -391.89547729 -6.12336683
77 -391.89752197 -6.12339878
78 -391.89944458 -6.12342882
79 -391.90115356 -6.12345552
80 -391.90301514 -6.12348461
81 -391.90411377 -6.12350178
82 -391.90579224 -6.12352800
83 -391.90713501 -6.12354898
84 -391.90835571 -6.12356806
85 -391.90994263 -6.12359285
86 -391.91116333 -6.12361193
87 -391.91333008 -6.12364578
88 -391.91381836 -6.12365341
89 -391.91622925 -6.12369108
90 -391.91748047 -6.12371063
91 -391.91885376 -6.12373209
92 -391.92053223 -6.12375832
93 -391.92236328 -6.12378693
94 -391.92385864 -6.12381029
95 -391.92483521 -6.12382555
96 -391.92639160 -6.12384987
97 -391.92745972 -6.12386656
98 -391.92752075 -6.12386751
99 -391.92904663 -6.12389135
100 -391.93029785 -6.12391090
101 -391.93121338 -6.12392521
102 -391.93218994 -6.12394047
103 -391.93328857 -6.12395763
104 -391.93441772 -6.12397528
105 -391.93576050 -6.12399626
106 -391.93679810 -6.12401247
107 -391.93814087 -6.12403345
108 -391.93893433 -6.12404585
109 -391.93984985 -6.12406015
110 -391.94094849 -6.12407732
111 -391.94198608 -6.12409353
112 -391.94351196 -6.12411737
113 -391.94436646 -6.12413073
114 -391.94570923 -6.12415171
115 -391.94705200 -6.12417269
116 -391.94815063 -6.12418985
117 -391.94903564 -6.12420368
118 -391.94961548 -6.12421274
119 -391.95043945 -6.12422562
120 -391.95114136 -6.12423658
121 -391.95236206 -6.12425566
122 -391.95297241 -6.12426519
123 -391.95379639 -6.12427807
124 -391.95483398 -6.12429428
125 -391.95574951 -6.12430859
126 -391.95611572 -6.12431431
127 -391.95690918 -6.12432671
128 -391.95758057 -6.12433720
129 -391.95831299 -6.12434864
130 -391.95959473 -6.12436867
131 -391.96014404 -6.12437725
132 -391.96121216 -6.12439394
133 -391.96188354 -6.12440443
134 -391.96255493 -6.12441492
135 -391.96386719 -6.12443542
136 -391.96447754 -6.12444496
137 -391.96557617 -6.12446213
138 -391.96640015 -6.12447500
139 -391.96685791 -6.12448215
140 -391.96759033 -6.12449360
141 -391.96856689 -6.12450886
142 -391.96960449 -6.12452507
143 -391.97027588 -6.12453556
144 -391.97122192 -6.12455034
145 -391.97167969 -6.12455750
146 -391.97277832 -6.12457466
147 -391.97341919 -6.12458467
148 -391.97427368 -6.12459803
149 -391.97506714 -6.12461042
150 -391.97552490 -6.12461758
151 -391.97640991 -6.12463140
152 -391.97756958 -6.12464952
153 -391.97821045 -6.12465954
154 -391.97854614 -6.12466478
155 -391.97933960 -6.12467718
156 -391.97946167 -6.12467909
157 -391.98065186 -6.12469769
158 -391.98184204 -6.12471628
159 -391.98229980 -6.12472343
160 -391.98348999 -6.12474203
161 -391.98388672 -6.12474823
162 -391.98501587 -6.12476587
163 -391.98532104 -6.12477064
164 -391.98629761 -6.12478590
165 -391.98736572 -6.12480259
166 -391.98840332 -6.12481880
167 -391.98883057 -6.12482548
168 -391.98983765 -6.12484121
169 -391.99044800 -6.12485075
170 -391.99130249 -6.12486410
