0 -808.07910156 -6.84812798
1 -806.86425781 -6.83783269
2 -804.65771484 -6.81913318
3 -802.08105469 -6.79729707
4 -800.07446289 -6.78029206
5 -798.19543457 -6.76436809
6 -796.31475830 -6.74843016
7 -794.81451416 -6.73571622
8 -793.83135986 -6.72738441
9 -792.17578125 -6.71335408
10 -790.59210205 -6.69993307
11 -789.57299805 -6.69129659
12 -788.19677734 -6.67963371
13 -786.11962891 -6.66203075
14 -785.97015381 -6.66076402
15 -783.99444580 -6.64402073
16 -782.87847900 -6.63456338
17 -779.39831543 -6.60507047
18 -779.35919189 -6.60473891
19 -776.45843506 -6.58015623
20 -777.31970215 -6.58745510
21 -773.76086426 -6.55729546
22 -770.57775879 -6.53031999
23 -767.73223877 -6.50620541
24 -766.62036133 -6.49678272
25 -768.85546875 -6.51572431
26 -767.91113281 -6.50772146
27 -767.27655029 -6.50234365
28 -766.54229736 -6.49612116
29 -765.76379395 -6.48952368
30 -762.91491699 -6.46538065
31 -757.06994629 -6.41584700
32 -756.53021240 -6.41127299
33 -753.61828613 -6.38659565
34 -752.44409180 -6.37664485
35 -752.01696777 -6.37302515
36 -752.08575439 -6.37360809
37 -750.32519531 -6.35868810
38 -747.30383301 -6.33308333
39 -745.84698486 -6.32073716
40 -745.41839600 -6.31710505
41 -742.10644531 -6.28903767
42 -742.35186768 -6.29111752
43 -740.04443359 -6.27156300
44 -738.17718506 -6.25573886
45 -737.85693359 -6.25302486
46 -734.05291748 -6.22078744
47 -731.43035889 -6.19856236
48 -727.28106689 -6.16339887
49 -724.66345215 -6.14121570
50 -722.14990234 -6.11991443
51 -718.58172607 -6.08967564
52 -724.46215820 -6.13950982
53 -720.33746338 -6.10455477
54 -719.13854980 -6.09439449
55 -718.13946533 -6.08592767
56 -715.13366699 -6.06045481
57 -712.04772949 -6.03430279
58 -709.40423584 -6.01190030
59 -704.51281738 -5.97044760
60 -701.35748291 -5.94370748
61 -700.23748779 -5.93421600
62 -692.18798828 -5.86599990
63 -686.44598389 -5.81733885
64 -677.46850586 -5.74125852
65 -680.84588623 -5.76988039
66 -681.46893311 -5.77516045
67 -686.01007080 -5.81364467
68 -681.79998779 -5.77796600
69 -678.99987793 -5.75423625
70 -675.56842041 -5.72515611
71 -676.08685303 -5.72954960
72 -676.69299316 -5.73468638
73 -675.78656006 -5.72700475
74 -674.43237305 -5.71552859
75 -675.18389893 -5.72189745
76 -673.18823242 -5.70498502
77 -670.52532959 -5.68241805
78 -672.06939697 -5.69550336
79 -667.53430176 -5.65707035
80 -662.81982422 -5.61711715
81 -654.89416504 -5.54995055
82 -660.85656738 -5.60047938
83 -656.80261230 -5.56612383
84 -649.62597656 -5.50530489
85 -646.07897949 -5.47524559
86 -642.48919678 -5.44482370
87 -641.31689453 -5.43488894
88 -632.64703369 -5.36141554
89 -631.06616211 -5.34801832
90 -625.04333496 -5.29697741
91 -624.22784424 -5.29006648
92 -631.08074951 -5.34814195
93 -632.80767822 -5.36277693
94 -627.80017090 -5.32034043
95 -618.20501709 -5.23902557
96 -619.81579590 -5.25267624
97 -611.66955566 -5.18364030
98 -612.75360107 -5.19282713
99 -615.97094727 -5.22009277
100 -612.28320312 -5.18884070
101 -610.34698486 -5.17243208
102 -608.05749512 -5.15302962
103 -605.26519775 -5.12936608
104 -601.26721191 -5.09548485
105 -597.00616455 -5.05937428
106 -601.59863281 -5.09829350
107 -594.98059082 -5.04220840
108 -591.87249756 -5.01586862
109 -600.06726074 -5.08531577
110 -602.29760742 -5.10421701
111 -595.64459229 -5.04783553
112 -600.17144775 -5.08619871
113 -605.62542725 -5.13241887
114 -610.87567139 -5.17691247
115 -601.40887451 -5.09668538
116 -607.45471191 -5.14792129
117 -607.50408936 -5.14833974
118 -606.40979004 -5.13906602
119 -611.86096191 -5.18526239
120 -617.42218018 -5.23239136
121 -622.88458252 -5.27868290
122 -617.58526611 -5.23377344
123 -619.22894287 -5.24770291
124 -617.67956543 -5.23457259
125 -614.57684326 -5.20827833
126 -612.11346436 -5.18740224
127 -599.91601562 -5.08403403
128 -603.41442871 -5.11368160
129 -599.59478760 -5.08131176
130 -596.04211426 -5.05120436
131 -596.10607910 -5.05174643
132 -594.00372314 -5.03392986
133 -596.92034912 -5.05864703
134 -607.21783447 -5.14591385
135 -603.58459473 -5.11512368
136 -592.83911133 -5.02406027
137 -589.24584961 -4.99360889
138 -587.50903320 -4.97889011
139 -590.95764160 -5.00811561
140 -589.26208496 -4.99374648
141 -581.07836914 -4.92439296
142 -578.51873779 -4.90270117
143 -580.27563477 -4.91759013
144 -576.19635010 -4.88301992
145 -578.80761719 -4.90514930
146 -575.84838867 -4.88007109
147 -575.81323242 -4.87977316
148 -579.60791016 -4.91193144
149 -580.39202881 -4.91857652
150 -574.74713135 -4.87073840
151 -570.74377441 -4.83681165
152 -570.94482422 -4.83851546
153 -568.35583496 -4.81657487
154 -572.93377686 -4.85537099
155 -565.65539551 -4.79368979
156 -565.44451904 -4.79190270
157 -565.15838623 -4.78947785
158 -566.62994385 -4.80194868
159 -569.26000977 -4.82423737
160 -560.43304443 -4.74943258
161 -551.07983398 -4.67016808
162 -553.51269531 -4.69078555
163 -537.46667480 -4.55480233
164 -533.81701660 -4.52387302
165 -548.86547852 -4.65140236
166 -545.96514893 -4.62682330
167 -532.16870117 -4.50990425
168 -513.75244141 -4.35383425
169 -516.73223877 -4.37908677
170 -516.75805664 -4.37930556
171 -510.79132080 -4.32874001
172 -521.32482910 -4.41800703
173 -521.06060791 -4.41576786
174 -516.25445557 -4.37503776
175 -510.92376709 -4.32986243
176 -512.33862305 -4.34185274
177 -509.12045288 -4.31458011
178 -508.84033203 -4.31220620
179 -501.06719971 -4.24633220
180 -492.02325439 -4.16968860
181 -484.68902588 -4.10753412
182 -493.89675903 -4.18556575
183 -506.05126953 -4.28857008
184 -511.64788818 -4.33599905
185 -519.07006836 -4.39889888
186 -523.21069336 -4.43398893
187 -511.87371826 -4.33791287
188 -506.89862061 -4.29575102
189 -505.61938477 -4.28491004
190 -494.98797607 -4.19481336
191 -496.46710205 -4.20734832
192 -481.00769043 -4.07633636
193 -484.50335693 -4.10596065
194 -488.18676758 -4.13717600
195 -490.18530273 -4.15411274
196 -485.05831909 -4.11066372
197 -481.68194580 -4.08205039
198 -487.92984009 -4.13499864
199 -503.26672363 -4.26497223
200 -508.99206543 -4.31349208
201 -511.36492920 -4.33360109
202 -510.96722412 -4.33023071
203 -514.37329102 -4.35909569
204 -513.37109375 -4.35060249
205 -510.71484375 -4.32809190
206 -504.91058350 -4.27890325
207 -501.44287109 -4.24951586
208 -490.16680908 -4.15395601
209 -477.73712158 -4.04861967
210 -476.54272461 -4.03849767
211 -478.28649902 -4.05327542
212 -478.91290283 -4.05858392
213 -473.47546387 -4.01250393
214 -475.07077026 -4.02602348
215 -456.02557373 -3.86462351
216 -467.15924072 -3.95897662
217 -487.86669922 -4.13446355
218 -484.66656494 -4.10734377
219 -490.22640991 -4.15446110
220 -486.28167725 -4.12103116
221 -499.23022461 -4.23076462
222 -505.65313721 -4.28519608
223 -503.07781982 -4.26337135
224 -498.93591309 -4.22827045
225 -496.11541748 -4.20436794
226 -498.96154785 -4.22848769
227 -492.81372070 -4.17638746
228 -498.79315186 -4.22706061
229 -496.49072266 -4.20754850
230 -491.11172485 -4.16196377
231 -481.11248779 -4.07722447
232 -487.87179565 -4.13450674
233 -488.80075073 -4.14237924
234 -490.44219971 -4.15628983
235 -484.76263428 -4.10815792
236 -490.44549561 -4.15631776
237 -480.50317383 -4.07206080
238 -480.84777832 -4.07498117
239 -470.59808350 -3.98811935
240 -476.49365234 -4.03808180
241 -474.03109741 -4.01721269
242 -473.26251221 -4.01069926
243 -481.76562500 -4.08275953
244 -484.97967529 -4.10999725
245 -476.47772217 -4.03794680
246 -476.05145264 -4.03433434
247 -479.74188232 -4.06560917
248 -484.32290649 -4.10443141
249 -477.89984131 -4.04999866
250 -482.14691162 -4.08599078
251 -475.11303711 -4.02638167
252 -471.28216553 -3.99391666
253 -470.75689697 -3.98946523
254 -470.51751709 -3.98743659
255 -481.31597900 -4.07894897
256 -487.20422363 -4.12884935
257 -497.81872559 -4.21880276
258 -480.70275879 -4.07375219
259 -482.39605713 -4.08810218
260 -478.20227051 -4.05256161
261 -491.01696777 -4.16116074
262 -497.81079102 -4.21873552
263 -498.63891602 -4.22575353
264 -499.65155029 -4.23433517
265 -500.49426270 -4.24147680
266 -491.90875244 -4.16871824
267 -480.36999512 -4.07093216
268 -474.39636230 -4.02030816
269 -479.26403809 -4.06155964
270 -489.89862061 -4.15168323
271 -499.30947876 -4.23143626
272 -502.18676758 -4.25582006
273 -501.72009277 -4.25186519
274 -506.93957520 -4.29609809
275 -506.92559814 -4.29597965
276 -499.09506226 -4.22961917
277 -495.67471313 -4.20063316
278 -496.65582275 -4.20894765
279 -494.37457275 -4.18961502
280 -495.93157959 -4.20281000
281 -507.76696777 -4.30310990
282 -519.30847168 -4.40091925
283 -521.99591064 -4.42369416
284 -525.33123779 -4.45195964
285 -513.87316895 -4.35485736
286 -521.32775879 -4.41803185
287 -531.52136230 -4.50441832
288 -536.56469727 -4.54715845
289 -535.01074219 -4.53398934
290 -542.91760254 -4.60099663
291 -547.67730713 -4.64133311
292 -553.68652344 -4.69225867
293 -557.90777588 -4.72803200
294 -563.42767334 -4.77481079
295 -559.79333496 -4.74401131
296 -567.86938477 -4.81245241
297 -566.96746826 -4.80480905
298 -555.35620117 -4.70640848
299 -553.38140869 -4.68967296
300 -549.66955566 -4.65821657
