0 -765.31738281 -6.59756364
1 -760.86535645 -6.55918411
2 -758.32849121 -6.53731458
3 -754.37548828 -6.50323697
4 -750.55230713 -6.47027851
5 -747.33721924 -6.44256223
6 -743.95159912 -6.41337585
7 -740.91394043 -6.38718914
8 -738.79705811 -6.36894016
9 -733.28411865 -6.32141482
10 -728.14996338 -6.27715486
11 -725.06347656 -6.25054721
12 -720.45898438 -6.21085331
13 -713.34686279 -6.14954192
14 -709.76892090 -6.11869759
15 -702.41363525 -6.05528996
16 -700.86901855 -6.04197430
17 -691.31036377 -5.95957210
18 -682.02496338 -5.87952555
