0 -572.66125488 -5.96522141
1 -570.88256836 -5.94669342
2 -567.01037598 -5.90635808
3 -561.23669434 -5.84621557
4 -552.97918701 -5.76019986
5 -542.40979004 -5.65010198
6 -529.37731934 -5.51434708
7 -514.17498779 -5.35598946
8 -497.03466797 -5.17744446
9 -479.66027832 -4.99646123
10 -461.88580322 -4.81131045
11 -443.34136963 -4.61813927
12 -428.09667969 -4.45934041
13 -408.94146729 -4.25980695
14 -392.31927490 -4.08665911
15 -379.09912109 -3.94894918
16 -366.72918701 -3.82009570
17 -353.80249023 -3.68544261
18 -336.56237793 -3.50585810
19 -320.55993652 -3.33916601
20 -305.36505127 -3.18088595
21 -292.60491943 -3.04796791
22 -286.61181641 -2.98553975
23 -277.20715332 -2.88757451
24 -271.00311279 -2.82294909
25 -263.36968994 -2.74343427
26 -261.66918945 -2.72572072
27 -254.90365601 -2.65524642
28 -246.12753296 -2.56382847
29 -243.07183838 -2.53199832
30 -230.79727173 -2.40413825
31 -230.74584961 -2.40360260
32 -218.67135620 -2.27782663
33 -230.69534302 -2.40307649
34 -218.61843872 -2.27727540
35 -219.97441101 -2.29140011
36 -216.80578613 -2.25839361
37 -224.32894897 -2.33675989
38 -216.79626465 -2.25829442
39 -226.23556519 -2.35662047
40 -215.41094971 -2.24386406
41 -218.96578979 -2.28089364
42 -181.02886963 -1.88571739
43 -192.36039734 -2.00375414
44 -216.19018555 -2.25198110
45 -190.03768921 -1.97955926
46 -177.44001770 -1.84833352
47 -136.01969910 -1.41687187
48 -159.04550171 -1.65672398
49 -170.99536133 -1.78120168
50 -184.55119324 -1.92240826
51 -146.50207520 -1.52606328
52 -124.29822540 -1.29477318
53 -126.08097076 -1.31334345
54 -201.48979187 -2.09885200
55 -134.32504272 -1.39921920
56 -192.74662781 -2.00777737
57 -204.80328369 -2.13336754
58 -172.95571899 -1.80162207
59 -180.49700928 -1.88017718
60 -190.94306946 -1.98899031
61 -174.77326965 -1.82055489
62 -170.19662476 -1.77288151
63 -220.35565186 -2.29537137
64 -210.15042114 -2.18906689
65 -223.36575317 -2.32672660
66 -244.98843384 -2.55196285
67 -243.99578857 -2.54162280
68 -251.91067505 -2.62406953
69 -245.64125061 -2.55876303
70 -244.24255371 -2.54419327
71 -241.69685364 -2.51767556
72 -222.71145630 -2.31991100
73 -229.46546936 -2.39026531
74 -226.02056885 -2.35438093
75 -182.25997925 -1.89854145
76 -196.67823792 -2.04873164
77 -154.75750732 -1.61205737
78 -114.92347717 -1.19711955
79 -146.98814392 -1.53112650
80 -156.03263855 -1.62533998
81 -149.28518677 -1.55505403
82 -191.26788330 -1.99237378
83 -182.01119995 -1.89595000
84 -172.45004272 -1.79635461
85 -199.49243164 -2.07804616
86 -211.17626953 -2.19975281
87 -210.76583862 -2.19547749
88 -221.23695374 -2.30455160
89 -221.01858521 -2.30227693
90 -221.11676025 -2.30329959
91 -222.81454468 -2.32098484
92 -232.83818054 -2.42539771
93 -237.41183472 -2.47303994
94 -246.85125732 -2.57136726
95 -253.33569336 -2.63891347
96 -261.73834229 -2.72644107
97 -260.56256104 -2.71419334
98 -262.33038330 -2.73260816
99 -257.57516479 -2.68307463
100 -258.43728638 -2.69205507
101 -258.41397095 -2.69181220
102 -264.39355469 -2.75409953
103 -254.55619812 -2.65162706
104 -247.71411133 -2.58035533
105 -241.62205505 -2.51689641
106 -230.42572021 -2.40026792
107 -233.63314819 -2.43367863
108 -232.79684448 -2.42496713
109 -241.56130981 -2.51626364
110 -228.71109009 -2.38240719
111 -230.32693481 -2.39923890
112 -224.87548828 -2.34245300
113 -222.56259155 -2.31836033
114 -222.89503479 -2.32182328
