0 -637.64074707 -6.37640747
1 -637.61450195 -6.37614502
2 -637.57556152 -6.37575562
3 -637.55761719 -6.37557617
4 -637.51025391 -6.37510254
5 -637.47723389 -6.37477234
6 -637.43298340 -6.37432983
7 -637.39538574 -6.37395386
8 -637.36206055 -6.37362061
9 -637.32855225 -6.37328552
10 -637.30047607 -6.37300476
11 -637.26251221 -6.37262512
12 -637.22406006 -6.37224060
13 -637.15820312 -6.37158203
14 -637.10388184 -6.37103882
15 -637.06311035 -6.37063110
16 -637.00329590 -6.37003296
17 -636.94598389 -6.36945984
18 -636.95697021 -6.36956970
19 -636.94244385 -6.36942444
20 -636.95422363 -6.36954224
21 -636.92187500 -6.36921875
22 -636.89050293 -6.36890503
23 -636.82397461 -6.36823975
24 -636.76147461 -6.36761475
25 -636.69378662 -6.36693787
26 -636.60247803 -6.36602478
27 -636.61486816 -6.36614868
28 -636.53509521 -6.36535095
29 -636.50549316 -6.36505493
30 -636.51696777 -6.36516968
31 -636.39532471 -6.36395325
32 -636.34338379 -6.36343384
33 -636.34674072 -6.36346741
34 -636.25018311 -6.36250183
35 -636.09643555 -6.36096436
36 -636.06567383 -6.36065674
37 -636.00183105 -6.36001831
38 -636.03991699 -6.36039917
39 -636.03851318 -6.36038513
40 -636.03240967 -6.36032410
41 -635.95367432 -6.35953674
42 -635.84436035 -6.35844360
43 -635.63330078 -6.35633301
44 -635.57684326 -6.35576843
45 -635.46636963 -6.35466370
46 -635.47961426 -6.35479614
47 -635.35559082 -6.35355591
48 -635.27343750 -6.35273437
49 -635.18859863 -6.35188599
50 -635.16845703 -6.35168457
51 -635.02044678 -6.35020447
52 -635.06066895 -6.35060669
53 -635.03540039 -6.35035400
54 -635.01000977 -6.35010010
55 -634.97381592 -6.34973816
56 -634.99224854 -6.34992249
57 -634.80047607 -6.34800476
58 -634.66253662 -6.34662537
59 -634.44354248 -6.34443542
60 -634.31213379 -6.34312134
61 -634.18371582 -6.34183716
62 -634.06652832 -6.34066528
63 -633.94653320 -6.33946533
64 -633.98767090 -6.33987671
65 -633.92492676 -6.33924927
66 -633.80981445 -6.33809814
67 -633.71429443 -6.33714294
68 -633.58813477 -6.33588135
69 -633.62426758 -6.33624268
70 -633.51367188 -6.33513672
71 -633.19683838 -6.33196838
72 -632.89404297 -6.32894043
73 -632.79693604 -6.32796936
74 -632.72729492 -6.32727295
75 -632.67901611 -6.32679016
76 -632.70776367 -6.32707764
77 -633.08654785 -6.33086548
78 -633.05883789 -6.33058838
79 -633.10449219 -6.33104492
80 -632.99322510 -6.32993225
81 -632.91009521 -6.32910095
82 -632.73278809 -6.32732788
83 -632.82836914 -6.32828369
84 -632.79675293 -6.32796753
85 -632.79650879 -6.32796509
86 -632.63159180 -6.32631592
87 -632.62829590 -6.32628296
88 -632.65515137 -6.32655151
89 -632.57556152 -6.32575562
90 -632.50543213 -6.32505432
91 -632.74249268 -6.32742493
92 -632.75500488 -6.32755005
93 -632.78063965 -6.32780640
94 -632.67565918 -6.32675659
95 -632.37744141 -6.32377441
96 -632.39715576 -6.32397156
97 -632.45642090 -6.32456421
98 -632.34338379 -6.32343384
99 -632.17773438 -6.32177734
100 -632.05676270 -6.32056763
101 -631.97735596 -6.31977356
102 -631.80358887 -6.31803589
103 -631.75488281 -6.31754883
104 -631.63464355 -6.31634644
105 -631.54821777 -6.31548218
106 -631.38153076 -6.31381531
107 -631.23480225 -6.31234802
108 -631.25866699 -6.31258667
109 -631.20239258 -6.31202393
110 -631.01538086 -6.31015381
111 -630.98980713 -6.30989807
112 -631.00421143 -6.31004211
113 -630.94555664 -6.30945557
114 -630.78826904 -6.30788269
115 -630.78662109 -6.30786621
116 -630.75097656 -6.30750977
117 -630.70312500 -6.30703125
118 -630.68811035 -6.30688110
119 -630.66223145 -6.30662231
120 -630.53485107 -6.30534851
121 -630.48480225 -6.30484802
122 -630.41241455 -6.30412415
123 -630.23303223 -6.30233032
124 -630.24658203 -6.30246582
125 -630.22454834 -6.30224548
126 -629.97631836 -6.29976318
127 -629.74591064 -6.29745911
128 -629.66558838 -6.29665588
129 -629.37756348 -6.29377563
130 -629.15917969 -6.29159180
131 -628.91308594 -6.28913086
132 -628.87634277 -6.28876343
133 -628.74475098 -6.28744751
134 -628.64849854 -6.28648499
135 -628.64813232 -6.28648132
136 -628.26354980 -6.28263550
137 -628.40820312 -6.28408203
138 -628.05169678 -6.28051697
139 -627.73364258 -6.27733643
140 -627.45489502 -6.27454895
141 -627.41009521 -6.27410095
142 -627.34533691 -6.27345337
143 -627.02441406 -6.27024414
144 -627.30017090 -6.27300171
145 -627.36090088 -6.27360901
146 -627.25677490 -6.27256775
147 -627.29583740 -6.27295837
148 -627.31359863 -6.27313599
149 -627.25085449 -6.27250854
150 -627.22698975 -6.27226990
151 -627.00201416 -6.27002014
152 -626.81182861 -6.26811829
153 -626.56359863 -6.26563599
154 -626.33941650 -6.26339417
155 -626.17919922 -6.26179199
156 -626.46209717 -6.26462097
157 -626.39385986 -6.26393860
158 -626.24768066 -6.26247681
159 -626.08221436 -6.26082214
160 -626.31121826 -6.26311218
161 -626.29766846 -6.26297668
162 -625.82910156 -6.25829102
163 -625.79089355 -6.25790894
164 -625.91949463 -6.25919495
165 -625.73284912 -6.25732849
166 -625.31756592 -6.25317566
167 -625.21160889 -6.25211609
168 -625.06170654 -6.25061707
169 -625.21466064 -6.25214661
170 -624.79504395 -6.24795044
171 -624.96093750 -6.24960938
172 -624.69934082 -6.24699341
173 -624.85089111 -6.24850891
174 -625.13745117 -6.25137451
175 -624.68347168 -6.24683472
176 -624.38415527 -6.24384155
177 -623.97875977 -6.23978760
178 -623.84692383 -6.23846924
179 -623.54528809 -6.23545288
180 -623.78430176 -6.23784302
181 -623.53265381 -6.23532654
182 -623.45233154 -6.23452332
183 -623.39422607 -6.23394226
184 -623.55358887 -6.23553589
185 -623.68078613 -6.23680786
186 -623.41436768 -6.23414368
187 -623.36480713 -6.23364807
188 -622.87072754 -6.22870728
189 -622.83117676 -6.22831177
190 -622.48718262 -6.22487183
191 -622.85198975 -6.22851990
192 -623.11120605 -6.23111206
193 -622.75939941 -6.22759399
194 -622.53698730 -6.22536987
195 -622.45831299 -6.22458313
196 -622.05297852 -6.22052979
197 -622.18658447 -6.22186584
198 -622.00067139 -6.22000671
199 -621.56610107 -6.21566101
200 -621.90667725 -6.21906677
201 -622.00311279 -6.22003113
202 -621.90899658 -6.21908997
203 -621.82513428 -6.21825134
204 -621.34478760 -6.21344788
205 -621.47198486 -6.21471985
206 -621.35791016 -6.21357910
207 -621.40429688 -6.21404297
208 -620.93011475 -6.20930115
209 -620.56542969 -6.20565430
210 -620.03747559 -6.20037476
211 -619.26849365 -6.19268494
212 -618.82263184 -6.18822632
213 -618.72924805 -6.18729248
214 -618.84863281 -6.18848633
215 -618.90295410 -6.18902954
216 -619.21575928 -6.19215759
217 -618.44842529 -6.18448425
218 -618.17956543 -6.18179565
219 -618.11053467 -6.18110535
220 -618.38903809 -6.18389038
221 -618.44409180 -6.18444092
222 -618.97717285 -6.18977173
223 -618.01611328 -6.18016113
224 -618.71716309 -6.18717163
225 -618.25677490 -6.18256775
226 -618.06512451 -6.18065125
227 -617.52850342 -6.17528503
228 -617.13995361 -6.17139954
229 -617.03204346 -6.17032043
230 -616.26745605 -6.16267456
231 -616.31072998 -6.16310730
232 -616.36462402 -6.16364624
233 -616.64190674 -6.16641907
234 -616.96954346 -6.16969543
235 -616.12591553 -6.16125916
236 -615.85919189 -6.15859192
237 -616.21752930 -6.16217529
238 -615.81982422 -6.15819824
239 -615.87561035 -6.15875610
240 -615.58020020 -6.15580200
241 -616.01660156 -6.16016602
242 -615.80206299 -6.15802063
243 -616.14764404 -6.16147644
244 -616.01123047 -6.16011230
245 -616.06896973 -6.16068970
246 -615.85571289 -6.15855713
247 -615.65368652 -6.15653687
248 -615.24102783 -6.15241028
249 -614.96533203 -6.14965332
250 -614.20947266 -6.14209473
251 -614.15032959 -6.14150330
252 -613.48718262 -6.13487183
253 -612.83898926 -6.12838989
254 -611.74029541 -6.11740295
255 -611.75189209 -6.11751892
256 -611.75756836 -6.11757568
257 -611.82403564 -6.11824036
258 -612.07641602 -6.12076416
259 -611.56536865 -6.11565369
260 -610.52661133 -6.10526611
261 -610.50646973 -6.10506470
262 -609.78540039 -6.09785400
263 -608.95989990 -6.08959900
264 -608.95245361 -6.08952454
265 -609.41833496 -6.09418335
266 -609.35333252 -6.09353333
267 -608.32818604 -6.08328186
268 -607.20709229 -6.07207092
269 -606.34277344 -6.06342773
270 -605.60455322 -6.05604553
271 -605.72595215 -6.05725952
272 -606.67150879 -6.06671509
273 -606.08966064 -6.06089661
274 -606.90460205 -6.06904602
275 -606.87963867 -6.06879639
276 -606.54748535 -6.06547485
277 -606.57122803 -6.06571228
278 -606.12170410 -6.06121704
279 -605.98858643 -6.05988586
280 -605.83880615 -6.05838806
281 -604.30505371 -6.04305054
282 -604.02685547 -6.04026855
283 -604.01202393 -6.04012024
284 -603.40283203 -6.03402832
285 -604.14044189 -6.04140442
286 -604.41558838 -6.04415588
287 -603.98065186 -6.03980652
288 -605.16748047 -6.05167480
289 -605.91271973 -6.05912720
290 -605.23651123 -6.05236511
291 -604.74853516 -6.04748535
292 -605.63256836 -6.05632568
293 -605.99273682 -6.05992737
294 -605.10833740 -6.05108337
295 -604.86041260 -6.04860413
296 -602.43908691 -6.02439087
297 -601.37371826 -6.01373718
298 -601.34594727 -6.01345947
299 -602.00933838 -6.02009338
300 -600.81970215 -6.00819702
301 -599.80133057 -5.99801331
302 -599.38433838 -5.99384338
303 -598.00738525 -5.98007385
304 -598.42071533 -5.98420715
305 -598.25848389 -5.98258484
306 -597.04199219 -5.97041992
307 -595.87854004 -5.95878540
308 -595.24194336 -5.95241943
309 -595.16821289 -5.95168213
310 -595.13116455 -5.95131165
311 -596.71319580 -5.96713196
312 -596.23461914 -5.96234619
313 -596.06549072 -5.96065491
314 -595.86419678 -5.95864197
315 -594.70086670 -5.94700867
316 -594.31475830 -5.94314758
317 -594.02996826 -5.94029968
318 -592.86944580 -5.92869446
319 -592.10644531 -5.92106445
320 -592.10528564 -5.92105286
321 -590.78393555 -5.90783936
322 -590.49609375 -5.90496094
323 -591.39508057 -5.91395081
324 -590.13323975 -5.90133240
325 -589.08715820 -5.89087158
326 -588.74005127 -5.88740051
327 -588.32983398 -5.88329834
328 -587.68292236 -5.87682922
329 -587.42926025 -5.87429260
330 -585.09875488 -5.85098755
331 -585.46490479 -5.85464905
332 -585.09771729 -5.85097717
333 -585.27447510 -5.85274475
334 -584.44305420 -5.84443054
335 -585.14025879 -5.85140259
336 -582.78161621 -5.82781616
337 -583.14916992 -5.83149170
338 -582.88317871 -5.82883179
339 -583.07897949 -5.83078979
340 -583.33062744 -5.83330627
341 -584.89764404 -5.84897644
342 -585.03881836 -5.85038818
343 -585.07336426 -5.85073364
344 -584.73638916 -5.84736389
345 -585.83728027 -5.85837280
346 -585.85906982 -5.85859070
347 -585.46307373 -5.85463074
348 -584.27001953 -5.84270020
349 -583.36791992 -5.83367920
350 -582.03070068 -5.82030701
351 -582.53729248 -5.82537292
352 -583.05371094 -5.83053711
353 -581.22662354 -5.81226624
354 -581.55377197 -5.81553772
355 -581.38861084 -5.81388611
356 -581.07409668 -5.81074097
