0 -417.55426025 -6.32657970
1 -417.57373047 -6.32687470
2 -417.59014893 -6.32712347
3 -417.60375977 -6.32732969
4 -417.61560059 -6.32750910
5 -417.62670898 -6.32767741
6 -417.63574219 -6.32781428
7 -417.64318848 -6.32792710
8 -417.65191650 -6.32805934
9 -417.66003418 -6.32818234
10 -417.66699219 -6.32828776
11 -417.67321777 -6.32838209
12 -417.67901611 -6.32846994
13 -417.68493652 -6.32855964
14 -417.69030762 -6.32864102
15 -417.69573975 -6.32872333
16 -417.70098877 -6.32880286
17 -417.70581055 -6.32887592
18 -417.71020508 -6.32894250
19 -417.71511841 -6.32901695
20 -417.71929932 -6.32908029
21 -417.72320557 -6.32913948
22 -417.72760010 -6.32920606
23 -417.73101807 -6.32925785
24 -417.73437500 -6.32930871
25 -417.73840332 -6.32936975
26 -417.74176025 -6.32942061
27 -417.74511719 -6.32947147
28 -417.74859619 -6.32952418
29 -417.75164795 -6.32957042
30 -417.75488281 -6.32961944
