0 -507.70559692 -6.50904611
1 -504.51599121 -6.46815373
2 -499.19192505 -6.39989647
3 -492.96426392 -6.32005467
4 -485.89251709 -6.22939124
5 -480.53076172 -6.16065079
6 -473.42245483 -6.06951865
7 -469.26541138 -6.01622322
8 -465.28100586 -5.96514110
9 -458.88311768 -5.88311689
10 -451.84103394 -5.79283377
11 -447.93368530 -5.74273956
12 -441.50796509 -5.66035853
13 -435.26635742 -5.58033792
14 -429.67938232 -5.50871003
15 -426.04412842 -5.46210421
16 -420.75155640 -5.39425072
17 -417.09497070 -5.34737142
18 -412.48318481 -5.28824596
19 -408.64880371 -5.23908723
20 -405.09860229 -5.19357182
21 -401.79562378 -5.15122595
22 -398.10772705 -5.10394522
23 -395.61672974 -5.07200936
24 -393.13064575 -5.04013648
25 -390.36770630 -5.00471418
26 -389.60260010 -4.99490513
27 -387.13604736 -4.96328266
28 -385.25189209 -4.93912682
29 -384.20303345 -4.92567992
30 -381.74462891 -4.89416191
31 -379.41510010 -4.86429616
32 -378.55368042 -4.85325231
33 -377.19906616 -4.83588546
34 -375.98040771 -4.82026164
35 -374.42437744 -4.80031253
36 -373.14447021 -4.78390346
37 -370.35787964 -4.74817794
38 -369.17782593 -4.73304905
39 -367.69720459 -4.71406673
40 -366.37774658 -4.69715060
41 -364.98773193 -4.67932990
42 -364.17419434 -4.66889993
43 -362.81277466 -4.65144583
44 -360.89312744 -4.62683497
45 -358.07489014 -4.59070372
46 -357.42868042 -4.58241898
47 -355.57492065 -4.55865283
48 -353.69494629 -4.53455059
49 -352.17703247 -4.51509016
50 -349.77474976 -4.48429166
51 -347.99673462 -4.46149660
