0 -507.78970337 -5.51945330
1 -507.83117676 -5.51990410
2 -507.86117554 -5.52023017
3 -507.88549805 -5.52049454
4 -507.90692139 -5.52072741
5 -507.92581177 -5.52093274
6 -507.94332886 -5.52112314
7 -507.95980835 -5.52130226
8 -507.97357178 -5.52145187
9 -507.98681641 -5.52159583
10 -507.99841309 -5.52172188
11 -508.00796509 -5.52182571
12 -508.01824951 -5.52193749
13 -508.02679443 -5.52203037
14 -508.03536987 -5.52212359
15 -508.04180908 -5.52219358
16 -508.04779053 -5.52225859
17 -508.05450439 -5.52233157
18 -508.05993652 -5.52239061
19 -508.06597900 -5.52245629
20 -508.07077026 -5.52250837
21 -508.07537842 -5.52255846
22 -508.08023071 -5.52261120
23 -508.08459473 -5.52265864
24 -508.08877563 -5.52270408
25 -508.09301758 -5.52275019
26 -508.09710693 -5.52279464
27 -508.10079956 -5.52283478
28 -508.10461426 -5.52287624
29 -508.10800171 -5.52291306
30 -508.11126709 -5.52294856
31 -508.11444092 -5.52298305
32 -508.11749268 -5.52301622
33 -508.12115479 -5.52305603
34 -508.12429810 -5.52309020
35 -508.12753296 -5.52312536
