0 -519.66296387 -6.18646386
1 -519.67773438 -6.18663969
2 -519.68676758 -6.18674723
3 -519.69348145 -6.18682716
4 -519.69866943 -6.18688892
5 -519.70324707 -6.18694342
6 -519.70764160 -6.18699573
7 -519.71166992 -6.18704369
8 -519.71508789 -6.18708438
9 -519.71917725 -6.18713306
10 -519.72192383 -6.18716576
11 -519.72552490 -6.18720863
12 -519.72814941 -6.18723987
13 -519.73083496 -6.18727184
14 -519.73431396 -6.18731326
15 -519.73675537 -6.18734233
16 -519.73931885 -6.18737284
17 -519.74151611 -6.18739900
18 -519.74365234 -6.18742443
19 -519.74694824 -6.18746367
20 -519.75024414 -6.18750291
21 -519.75164795 -6.18751962
22 -519.75402832 -6.18754796
23 -519.75744629 -6.18758865
24 -519.75897217 -6.18760681
25 -519.76245117 -6.18764823
26 -519.76434326 -6.18767075
27 -519.76660156 -6.18769764
28 -519.76892090 -6.18772525
29 -519.77075195 -6.18774705
30 -519.77215576 -6.18776376
31 -519.77429199 -6.18778919
32 -519.77539062 -6.18780227
33 -519.77661133 -6.18781680
34 -519.77734375 -6.18782552
35 -519.77929688 -6.18784877
36 -519.78033447 -6.18786112
37 -519.78295898 -6.18789237
38 -519.78375244 -6.18790181
39 -519.78491211 -6.18791562
40 -519.78747559 -6.18794614
41 -519.78894043 -6.18796358
42 -519.78991699 -6.18797520
43 -519.79083252 -6.18798610
44 -519.79248047 -6.18800572
45 -519.79364014 -6.18801953
46 -519.79510498 -6.18803696
47 -519.79577637 -6.18804496
48 -519.79748535 -6.18806530
49 -519.79833984 -6.18807547
50 -519.80029297 -6.18809873
51 -519.80053711 -6.18810163
52 -519.80175781 -6.18811616
53 -519.80297852 -6.18813070
54 -519.80456543 -6.18814959
55 -519.80554199 -6.18816121
56 -519.80664062 -6.18817429
57 -519.80816650 -6.18819246
58 -519.80944824 -6.18820772
59 -519.80957031 -6.18820917
60 -519.81085205 -6.18822443
61 -519.81195068 -6.18823751
62 -519.81274414 -6.18824695
63 -519.81396484 -6.18826149
64 -519.81427002 -6.18826512
65 -519.81591797 -6.18828474
66 -519.81707764 -6.18829854
67 -519.81768799 -6.18830581
68 -519.81884766 -6.18831961
69 -519.82031250 -6.18833705
70 -519.82147217 -6.18835086
71 -519.82232666 -6.18836103
72 -519.82263184 -6.18836466
73 -519.82324219 -6.18837193
74 -519.82458496 -6.18838792
75 -519.82592773 -6.18840390
76 -519.82629395 -6.18840826
77 -519.82653809 -6.18841117
78 -519.82769775 -6.18842497
79 -519.82958984 -6.18844750
80 -519.83068848 -6.18846058
81 -519.83099365 -6.18846421
82 -519.83117676 -6.18846639
83 -519.83068848 -6.18846058
84 -519.83203125 -6.18847656
85 -519.83282471 -6.18848601
86 -519.83386230 -6.18849836
87 -519.83453369 -6.18850635
88 -519.83599854 -6.18852379
89 -519.83618164 -6.18852597
90 -519.83728027 -6.18853905
91 -519.83752441 -6.18854196
92 -519.83850098 -6.18855358
93 -519.83898926 -6.18855940
94 -519.83990479 -6.18857030
95 -519.84057617 -6.18857829
96 -519.84179688 -6.18859282
97 -519.84204102 -6.18859573
98 -519.84338379 -6.18861171
99 -519.84460449 -6.18862624
100 -519.84521484 -6.18863351
101 -519.84533691 -6.18863496
102 -519.84625244 -6.18864586
103 -519.84692383 -6.18865386
104 -519.84796143 -6.18866621
105 -519.84844971 -6.18867202
106 -519.84948730 -6.18868437
107 -519.85009766 -6.18869164
108 -519.85058594 -6.18869745
109 -519.85144043 -6.18870762
110 -519.85198975 -6.18871416
111 -519.85278320 -6.18872361
112 -519.85272217 -6.18872288
113 -519.85461426 -6.18874541
114 -519.85467529 -6.18874613
115 -519.85473633 -6.18874686
116 -519.85644531 -6.18876721
117 -519.85656738 -6.18876866
118 -519.85766602 -6.18878174
119 -519.85742188 -6.18877883
120 -519.85876465 -6.18879482
121 -519.85900879 -6.18879772
122 -519.86004639 -6.18881008
123 -519.85943604 -6.18880281
124 -519.86102295 -6.18882170
125 -519.86181641 -6.18883115
126 -519.86279297 -6.18884277
127 -519.86279297 -6.18884277
128 -519.86376953 -6.18885440
129 -519.86364746 -6.18885295
130 -519.86376953 -6.18885440
131 -519.86444092 -6.18886239
132 -519.86468506 -6.18886530
133 -519.86645508 -6.18888637
134 -519.86614990 -6.18888274
135 -519.86645508 -6.18888637
136 -519.86682129 -6.18889073
137 -519.86718750 -6.18889509
138 -519.86688232 -6.18889146
139 -519.86779785 -6.18890236
140 -519.86767578 -6.18890090
141 -519.86755371 -6.18889945
142 -519.86834717 -6.18890889
143 -519.86816406 -6.18890672
144 -519.86840820 -6.18890962
145 -519.86889648 -6.18891543
146 -519.86846924 -6.18891035
147 -519.86950684 -6.18892270
148 -519.86987305 -6.18892706
149 -519.87011719 -6.18892997
150 -519.87084961 -6.18893869
151 -519.87121582 -6.18894305
152 -519.87145996 -6.18894595
153 -519.87268066 -6.18896048
154 -519.87329102 -6.18896775
155 -519.87341309 -6.18896920
156 -519.87371826 -6.18897284
157 -519.87377930 -6.18897356
158 -519.87451172 -6.18898228
159 -519.87438965 -6.18898083
160 -519.87481689 -6.18898592
161 -519.87536621 -6.18899245
162 -519.87524414 -6.18899100
163 -519.87469482 -6.18898446
164 -519.87591553 -6.18899899
165 -519.87664795 -6.18900771
166 -519.87762451 -6.18901934
167 -519.87768555 -6.18902007
168 -519.87774658 -6.18902079
169 -519.87927246 -6.18903896
170 -519.87945557 -6.18904114
171 -519.87927246 -6.18903896
172 -519.87951660 -6.18904186
173 -519.88067627 -6.18905567
174 -519.88098145 -6.18905930
175 -519.88049316 -6.18905349
176 -519.88146973 -6.18906512
177 -519.88159180 -6.18906657
178 -519.88256836 -6.18907819
179 -519.88317871 -6.18908546
180 -519.88281250 -6.18908110
181 -519.88354492 -6.18908982
182 -519.88366699 -6.18909127
183 -519.88403320 -6.18909563
184 -519.88458252 -6.18910217
185 -519.88433838 -6.18909927
186 -519.88507080 -6.18910799
187 -519.88537598 -6.18911162
188 -519.88598633 -6.18911888
189 -519.88568115 -6.18911525
190 -519.88641357 -6.18912397
191 -519.88708496 -6.18913196
192 -519.88751221 -6.18913705
193 -519.88739014 -6.18913560
194 -519.88818359 -6.18914504
195 -519.88806152 -6.18914359
196 -519.88806152 -6.18914359
197 -519.88916016 -6.18915667
198 -519.89025879 -6.18916975
199 -519.88977051 -6.18916393
200 -519.89074707 -6.18917556
201 -519.89135742 -6.18918283
202 -519.89117432 -6.18918065
203 -519.89105225 -6.18917919
204 -519.89184570 -6.18918864
205 -519.89208984 -6.18919155
206 -519.89227295 -6.18919373
207 -519.89257812 -6.18919736
208 -519.89257812 -6.18919736
209 -519.89355469 -6.18920898
210 -519.89392090 -6.18921334
211 -519.89428711 -6.18921770
212 -519.89495850 -6.18922570
213 -519.89489746 -6.18922497
214 -519.89556885 -6.18923296
215 -519.89562988 -6.18923369
216 -519.89575195 -6.18923514
217 -519.89599609 -6.18923805
218 -519.89587402 -6.18923660
219 -519.89624023 -6.18924096
220 -519.89678955 -6.18924749
221 -519.89703369 -6.18925040
222 -519.89819336 -6.18926421
223 -519.89782715 -6.18925985
224 -519.89892578 -6.18927293
225 -519.89892578 -6.18927293
226 -519.89941406 -6.18927874
227 -519.89978027 -6.18928310
228 -519.89996338 -6.18928528
229 -519.90087891 -6.18929618
230 -519.90118408 -6.18929981
231 -519.90136719 -6.18930199
232 -519.90197754 -6.18930926
233 -519.90234375 -6.18931362
234 -519.90295410 -6.18932088
235 -519.90399170 -6.18933323
236 -519.90374756 -6.18933033
237 -519.90393066 -6.18933251
238 -519.90368652 -6.18932960
239 -519.90429688 -6.18933687
240 -519.90441895 -6.18933832
241 -519.90527344 -6.18934849
242 -519.90521240 -6.18934777
243 -519.90570068 -6.18935358
244 -519.90612793 -6.18935867
245 -519.90618896 -6.18935939
246 -519.90588379 -6.18935576
247 -519.90618896 -6.18935939
248 -519.90661621 -6.18936448
249 -519.90722656 -6.18937174
250 -519.90759277 -6.18937610
251 -519.90802002 -6.18938119
252 -519.90814209 -6.18938264
253 -519.90777588 -6.18937828
254 -519.90820312 -6.18938337
255 -519.90826416 -6.18938410
256 -519.90789795 -6.18937974
257 -519.90814209 -6.18938264
258 -519.90802002 -6.18938119
259 -519.90869141 -6.18938918
260 -519.90936279 -6.18939718
261 -519.90905762 -6.18939354
262 -519.90869141 -6.18938918
263 -519.90954590 -6.18939936
264 -519.90979004 -6.18940226
265 -519.91040039 -6.18940953
266 -519.91088867 -6.18941534
267 -519.91113281 -6.18941825
268 -519.91088867 -6.18941534
269 -519.91162109 -6.18942406
270 -519.91271973 -6.18943714
271 -519.91247559 -6.18943423
272 -519.91351318 -6.18944659
273 -519.91381836 -6.18945022
274 -519.91369629 -6.18944877
275 -519.91326904 -6.18944368
276 -519.91369629 -6.18944877
277 -519.91381836 -6.18945022
278 -519.91448975 -6.18945821
279 -519.91442871 -6.18945748
280 -519.91528320 -6.18946766
281 -519.91491699 -6.18946330
282 -519.91491699 -6.18946330
283 -519.91503906 -6.18946475
284 -519.91442871 -6.18945748
285 -519.91491699 -6.18946330
286 -519.91540527 -6.18946911
287 -519.91528320 -6.18946766
288 -519.91540527 -6.18946911
289 -519.91613770 -6.18947783
290 -519.91656494 -6.18948292
291 -519.91632080 -6.18948001
292 -519.91699219 -6.18948800
293 -519.91729736 -6.18949164
294 -519.91632080 -6.18948001
295 -519.91662598 -6.18948364
296 -519.91693115 -6.18948728
297 -519.91680908 -6.18948582
298 -519.91699219 -6.18948800
299 -519.91748047 -6.18949382
300 -519.91760254 -6.18949527
301 -519.91870117 -6.18950835
302 -519.91882324 -6.18950980
303 -519.91894531 -6.18951125
304 -519.91955566 -6.18951852
305 -519.91973877 -6.18952070
306 -519.91937256 -6.18951634
307 -519.91943359 -6.18951707
308 -519.91967773 -6.18951997
309 -519.91949463 -6.18951779
310 -519.91918945 -6.18951416
311 -519.91937256 -6.18951634
312 -519.91955566 -6.18951852
313 -519.91918945 -6.18951416
314 -519.91918945 -6.18951416
315 -519.91906738 -6.18951271
316 -519.91967773 -6.18951997
317 -519.91992188 -6.18952288
318 -519.92071533 -6.18953233
319 -519.92108154 -6.18953669
320 -519.92089844 -6.18953451
321 -519.92083740 -6.18953378
322 -519.92187500 -6.18954613
323 -519.92199707 -6.18954758
324 -519.92260742 -6.18955485
325 -519.92407227 -6.18957229
326 -519.92401123 -6.18957156
327 -519.92492676 -6.18958246
328 -519.92382812 -6.18956938
329 -519.92401123 -6.18957156
330 -519.92413330 -6.18957302
331 -519.92535400 -6.18958755
332 -519.92572021 -6.18959191
333 -519.92590332 -6.18959409
334 -519.92639160 -6.18959990
335 -519.92651367 -6.18960135
336 -519.92590332 -6.18959409
337 -519.92651367 -6.18960135
338 -519.92749023 -6.18961298
339 -519.92773438 -6.18961589
340 -519.92791748 -6.18961807
341 -519.92822266 -6.18962170
342 -519.92797852 -6.18961879
343 -519.92907715 -6.18963187
344 -519.92932129 -6.18963478
345 -519.92968750 -6.18963914
346 -519.93041992 -6.18964786
347 -519.93109131 -6.18965585
348 -519.93206787 -6.18966747
349 -519.93249512 -6.18967256
350 -519.93267822 -6.18967474
351 -519.93334961 -6.18968273
352 -519.93395996 -6.18969000
353 -519.93341064 -6.18968346
354 -519.93359375 -6.18968564
355 -519.93469238 -6.18969872
356 -519.93457031 -6.18969727
357 -519.93450928 -6.18969654
358 -519.93450928 -6.18969654
359 -519.93383789 -6.18968855
360 -519.93463135 -6.18969799
361 -519.93530273 -6.18970598
362 -519.93481445 -6.18970017
363 -519.93518066 -6.18970453
364 -519.93469238 -6.18969872
365 -519.93457031 -6.18969727
366 -519.93463135 -6.18969799
367 -519.93499756 -6.18970235
368 -519.93560791 -6.18970962
369 -519.93560791 -6.18970962
370 -519.93701172 -6.18972633
371 -519.93798828 -6.18973796
372 -519.93811035 -6.18973941
373 -519.93829346 -6.18974159
374 -519.93853760 -6.18974450
375 -519.93853760 -6.18974450
376 -519.93945312 -6.18975539
377 -519.93957520 -6.18975685
378 -519.93975830 -6.18975903
379 -519.94006348 -6.18976266
380 -519.94024658 -6.18976484
381 -519.94079590 -6.18977138
382 -519.94165039 -6.18978155
383 -519.94128418 -6.18977719
384 -519.94116211 -6.18977574
385 -519.94128418 -6.18977719
386 -519.94213867 -6.18978737
387 -519.94238281 -6.18979027
388 -519.94274902 -6.18979463
389 -519.94238281 -6.18979027
390 -519.94201660 -6.18978591
391 -519.94305420 -6.18979826
392 -519.94274902 -6.18979463
393 -519.94342041 -6.18980262
394 -519.94262695 -6.18979318
395 -519.94335938 -6.18980190
396 -519.94354248 -6.18980408
397 -519.94305420 -6.18979826
398 -519.94366455 -6.18980553
399 -519.94366455 -6.18980553
400 -519.94439697 -6.18981425
401 -519.94384766 -6.18980771
402 -519.94458008 -6.18981643
403 -519.94500732 -6.18982152
404 -519.94512939 -6.18982297
405 -519.94482422 -6.18981934
406 -519.94519043 -6.18982370
407 -519.94567871 -6.18982951
408 -519.94628906 -6.18983677
409 -519.94616699 -6.18983532
410 -519.94702148 -6.18984549
411 -519.94653320 -6.18983968
412 -519.94744873 -6.18985058
413 -519.94732666 -6.18984913
414 -519.94708252 -6.18984622
415 -519.94744873 -6.18985058
416 -519.94750977 -6.18985131
417 -519.94763184 -6.18985276
418 -519.94775391 -6.18985421
419 -519.94793701 -6.18985639
420 -519.94763184 -6.18985276
421 -519.94787598 -6.18985567
422 -519.94763184 -6.18985276
423 -519.94781494 -6.18985494
424 -519.94799805 -6.18985712
425 -519.94744873 -6.18985058
426 -519.94818115 -6.18985930
427 -519.94818115 -6.18985930
428 -519.94775391 -6.18985421
429 -519.94854736 -6.18986366
430 -519.94854736 -6.18986366
431 -519.94866943 -6.18986511
432 -519.94921875 -6.18987165
433 -519.94934082 -6.18987311
434 -519.94891357 -6.18986802
435 -519.94976807 -6.18987819
436 -519.94982910 -6.18987892
437 -519.94982910 -6.18987892
438 -519.94964600 -6.18987674
439 -519.94927979 -6.18987238
440 -519.94897461 -6.18986875
441 -519.94891357 -6.18986802
442 -519.94927979 -6.18987238
443 -519.94897461 -6.18986875
444 -519.94885254 -6.18986729
445 -519.94909668 -6.18987020
446 -519.94897461 -6.18986875
447 -519.94909668 -6.18987020
448 -519.94934082 -6.18987311
449 -519.94934082 -6.18987311
450 -519.94842529 -6.18986221
451 -519.94866943 -6.18986511
452 -519.94873047 -6.18986584
453 -519.94873047 -6.18986584
454 -519.94995117 -6.18988037
455 -519.95037842 -6.18988546
456 -519.94934082 -6.18987311
457 -519.94970703 -6.18987746
458 -519.95001221 -6.18988110
459 -519.95043945 -6.18988618
460 -519.95001221 -6.18988110
461 -519.95025635 -6.18988400
462 -519.95080566 -6.18989054
463 -519.95117188 -6.18989490
464 -519.95104980 -6.18989345
465 -519.95153809 -6.18989926
466 -519.95147705 -6.18989854
467 -519.95172119 -6.18990144
468 -519.95141602 -6.18989781
469 -519.95269775 -6.18991307
470 -519.95324707 -6.18991961
471 -519.95324707 -6.18991961
472 -519.95373535 -6.18992542
473 -519.95385742 -6.18992687
474 -519.95410156 -6.18992978
475 -519.95422363 -6.18993123
476 -519.95422363 -6.18993123
477 -519.95410156 -6.18992978
478 -519.95465088 -6.18993632
479 -519.95520020 -6.18994286
480 -519.95581055 -6.18995013
481 -519.95605469 -6.18995303
482 -519.95611572 -6.18995376
483 -519.95642090 -6.18995739
484 -519.95654297 -6.18995884
485 -519.95703125 -6.18996466
486 -519.95709229 -6.18996538
487 -519.95806885 -6.18997701
488 -519.95788574 -6.18997483
489 -519.95812988 -6.18997774
490 -519.95855713 -6.18998282
491 -519.95812988 -6.18997774
492 -519.95812988 -6.18997774
493 -519.95892334 -6.18998718
494 -519.95916748 -6.18999009
495 -519.95935059 -6.18999227
496 -519.95983887 -6.18999808
497 -519.96020508 -6.19000244
498 -519.95996094 -6.18999953
499 -519.96020508 -6.19000244
500 -519.96069336 -6.19000825
501 -519.95971680 -6.18999663
502 -519.96032715 -6.19000389
503 -519.96087646 -6.19001043
504 -519.96118164 -6.19001407
505 -519.96124268 -6.19001479
506 -519.96148682 -6.19001770
507 -519.96234131 -6.19002787
508 -519.96166992 -6.19001988
509 -519.96252441 -6.19003005
510 -519.96234131 -6.19002787
511 -519.96191406 -6.19002279
512 -519.96246338 -6.19002933
513 -519.96240234 -6.19002860
514 -519.96276855 -6.19003296
515 -519.96276855 -6.19003296
516 -519.96386719 -6.19004604
517 -519.96374512 -6.19004458
518 -519.96405029 -6.19004822
519 -519.96441650 -6.19005258
520 -519.96423340 -6.19005040
521 -519.96411133 -6.19004894
522 -519.96466064 -6.19005548
523 -519.96520996 -6.19006202
524 -519.96484375 -6.19005766
525 -519.96514893 -6.19006130
526 -519.96539307 -6.19006420
527 -519.96569824 -6.19006784
528 -519.96557617 -6.19006638
529 -519.96563721 -6.19006711
530 -519.96588135 -6.19007002
531 -519.96606445 -6.19007220
532 -519.96551514 -6.19006566
533 -519.96575928 -6.19006856
534 -519.96551514 -6.19006566
535 -519.96624756 -6.19007438
536 -519.96563721 -6.19006711
537 -519.96514893 -6.19006130
538 -519.96588135 -6.19007002
539 -519.96606445 -6.19007220
540 -519.96551514 -6.19006566
541 -519.96594238 -6.19007074
542 -519.96630859 -6.19007510
543 -519.96612549 -6.19007292
544 -519.96594238 -6.19007074
545 -519.96643066 -6.19007656
546 -519.96691895 -6.19008237
547 -519.96667480 -6.19007946
548 -519.96697998 -6.19008310
549 -519.96740723 -6.19008818
550 -519.96765137 -6.19009109
551 -519.96771240 -6.19009181
552 -519.96691895 -6.19008237
553 -519.96722412 -6.19008600
554 -519.96765137 -6.19009109
555 -519.96795654 -6.19009472
556 -519.96795654 -6.19009472
557 -519.96795654 -6.19009472
558 -519.96868896 -6.19010344
559 -519.96862793 -6.19010271
560 -519.96899414 -6.19010707
561 -519.96923828 -6.19010998
562 -519.96929932 -6.19011071
563 -519.96887207 -6.19010562
564 -519.96936035 -6.19011143
565 -519.96942139 -6.19011216
566 -519.96954346 -6.19011361
567 -519.96954346 -6.19011361
568 -519.96875000 -6.19010417
569 -519.97033691 -6.19012306
570 -519.97009277 -6.19012015
571 -519.97003174 -6.19011943
572 -519.97009277 -6.19012015
573 -519.96936035 -6.19011143
574 -519.96942139 -6.19011216
575 -519.97003174 -6.19011943
576 -519.96984863 -6.19011725
577 -519.97009277 -6.19012015
578 -519.97015381 -6.19012088
579 -519.97033691 -6.19012306
580 -519.96960449 -6.19011434
581 -519.96917725 -6.19010925
582 -519.96997070 -6.19011870
583 -519.96923828 -6.19010998
584 -519.96960449 -6.19011434
585 -519.96911621 -6.19010853
586 -519.96954346 -6.19011361
587 -519.96978760 -6.19011652
588 -519.96942139 -6.19011216
589 -519.96948242 -6.19011289
590 -519.96966553 -6.19011507
591 -519.96893311 -6.19010635
592 -519.96868896 -6.19010344
593 -519.96917725 -6.19010925
594 -519.96978760 -6.19011652
595 -519.96893311 -6.19010635
596 -519.96948242 -6.19011289
597 -519.97009277 -6.19012015
598 -519.96966553 -6.19011507
599 -519.96972656 -6.19011579
600 -519.96972656 -6.19011579
601 -519.96960449 -6.19011434
602 -519.96972656 -6.19011579
603 -519.96966553 -6.19011507
604 -519.96960449 -6.19011434
605 -519.96960449 -6.19011434
606 -519.96990967 -6.19011797
607 -519.97009277 -6.19012015
608 -519.96984863 -6.19011725
609 -519.96954346 -6.19011361
610 -519.97015381 -6.19012088
611 -519.97015381 -6.19012088
612 -519.96960449 -6.19011434
613 -519.96911621 -6.19010853
614 -519.96881104 -6.19010489
615 -519.96942139 -6.19011216
616 -519.97003174 -6.19011943
617 -519.96984863 -6.19011725
618 -519.97015381 -6.19012088
619 -519.97033691 -6.19012306
620 -519.97052002 -6.19012524
621 -519.97058105 -6.19012596
622 -519.97125244 -6.19013396
623 -519.97131348 -6.19013468
624 -519.97143555 -6.19013614
625 -519.97204590 -6.19014340
626 -519.97192383 -6.19014195
627 -519.97241211 -6.19014776
628 -519.97229004 -6.19014631
629 -519.97192383 -6.19014195
630 -519.97222900 -6.19014558
631 -519.97265625 -6.19015067
632 -519.97265625 -6.19015067
633 -519.97338867 -6.19015939
634 -519.97326660 -6.19015794
635 -519.97320557 -6.19015721
636 -519.97436523 -6.19017101
637 -519.97479248 -6.19017610
638 -519.97454834 -6.19017319
639 -519.97509766 -6.19017973
640 -519.97509766 -6.19017973
641 -519.97509766 -6.19017973
642 -519.97515869 -6.19018046
643 -519.97601318 -6.19019063
644 -519.97546387 -6.19018409
645 -519.97631836 -6.19019427
646 -519.97674561 -6.19019935
647 -519.97625732 -6.19019354
648 -519.97619629 -6.19019281
649 -519.97692871 -6.19020153
650 -519.97705078 -6.19020299
651 -519.97772217 -6.19021098
652 -519.97705078 -6.19020299
653 -519.97680664 -6.19020008
654 -519.97760010 -6.19020952
655 -519.97790527 -6.19021316
656 -519.97790527 -6.19021316
657 -519.97839355 -6.19021897
658 -519.97857666 -6.19022115
659 -519.97814941 -6.19021606
660 -519.97851562 -6.19022042
661 -519.97888184 -6.19022478
662 -519.97851562 -6.19022042
663 -519.97833252 -6.19021824
664 -519.97888184 -6.19022478
665 -519.97784424 -6.19021243
666 -519.97900391 -6.19022624
667 -519.97906494 -6.19022696
668 -519.97961426 -6.19023350
669 -519.97955322 -6.19023278
670 -519.97967529 -6.19023423
671 -519.97961426 -6.19023350
672 -519.97985840 -6.19023641
673 -519.97930908 -6.19022987
674 -519.97937012 -6.19023060
675 -519.97930908 -6.19022987
676 -519.97930908 -6.19022987
677 -519.98022461 -6.19024077
678 -519.97998047 -6.19023786
679 -519.98022461 -6.19024077
680 -519.98059082 -6.19024513
681 -519.98010254 -6.19023932
682 -519.97979736 -6.19023568
683 -519.98010254 -6.19023932
684 -519.98046875 -6.19024368
685 -519.98059082 -6.19024513
686 -519.98101807 -6.19025022
687 -519.98065186 -6.19024586
688 -519.98059082 -6.19024513
689 -519.98010254 -6.19023932
